n,p,m_total,m_count,m_mean,m_min,m_max,time_total,time_count,time_mean,time_min,time_max,calls_total,calls_count,calls_mean,calls_min,calls_max
18,80,125,1,125,125,125,11.5673,1,11.5673,11.5673,11.5673,23511,1,23511,23511,23511
18,80,122,1,122,122,122,24.4089,1,24.4089,24.4089,24.4089,34464,1,34464,34464,34464
18,80,130,1,130,130,130,79.4226,1,79.4226,79.4226,79.4226,65309,1,65309,65309,65309
18,80,125,1,125,125,125,62.8353,1,62.8353,62.8353,62.8353,53402,1,53402,53402,53402
18,80,122,1,122,122,122,4.95756,1,4.95756,4.95756,4.95756,14527,1,14527,14527,14527
18,80,122,1,122,122,122,44.2744,1,44.2744,44.2744,44.2744,40997,1,40997,40997,40997
18,80,123,1,123,123,123,34.2227,1,34.2227,34.2227,34.2227,36504,1,36504,36504,36504
18,80,130,1,130,130,130,47.2539,1,47.2539,47.2539,47.2539,47247,1,47247,47247,47247
18,80,112,1,112,112,112,41.8571,1,41.8571,41.8571,41.8571,38780,1,38780,38780,38780
18,80,127,1,127,127,127,17.4062,1,17.4062,17.4062,17.4062,28258,1,28258,28258,28258
18,80,115,1,115,115,115,7.25422,1,7.25422,7.25422,7.25422,16846,1,16846,16846,16846
18,80,113,1,113,113,113,4.35823,1,4.35823,4.35823,4.35823,12355,1,12355,12355,12355
18,80,121,1,121,121,121,130.534,1,130.534,130.534,130.534,77644,1,77644,77644,77644
18,80,121,1,121,121,121,180.721,1,180.721,180.721,180.721,92484,1,92484,92484,92484
18,80,127,1,127,127,127,26.0541,1,26.0541,26.0541,26.0541,33529,1,33529,33529,33529
18,80,118,1,118,118,118,4.7947,1,4.7947,4.7947,4.7947,15541,1,15541,15541,15541
18,80,119,1,119,119,119,8.58662,1,8.58662,8.58662,8.58662,20450,1,20450,20450,20450
18,80,118,1,118,118,118,32.6852,1,32.6852,32.6852,32.6852,36091,1,36091,36091,36091
18,80,119,1,119,119,119,77.1229,1,77.1229,77.1229,77.1229,58385,1,58385,58385,58385
18,80,125,1,125,125,125,12.4571,1,12.4571,12.4571,12.4571,23478,1,23478,23478,23478
18,80,127,1,127,127,127,139.487,1,139.487,139.487,139.487,83247,1,83247,83247,83247
18,80,117,1,117,117,117,30.4069,1,30.4069,30.4069,30.4069,38119,1,38119,38119,38119
18,80,125,1,125,125,125,425.542,1,425.542,425.542,425.542,135224,1,135224,135224,135224
18,80,128,1,128,128,128,55.2011,1,55.2011,55.2011,55.2011,52078,1,52078,52078,52078
18,80,120,1,120,120,120,62.5792,1,62.5792,62.5792,62.5792,55754,1,55754,55754,55754
18,80,122,1,122,122,122,24.5067,1,24.5067,24.5067,24.5067,34894,1,34894,34894,34894
18,80,120,1,120,120,120,28.0607,1,28.0607,28.0607,28.0607,37051,1,37051,37051,37051
18,80,128,1,128,128,128,49.9678,1,49.9678,49.9678,49.9678,51594,1,51594,51594,51594
18,80,121,1,121,121,121,12.524,1,12.524,12.524,12.524,21462,1,21462,21462,21462
18,80,122,1,122,122,122,21.1602,1,21.1602,21.1602,21.1602,31874,1,31874,31874,31874
18,80,118,1,118,118,118,4.20263,1,4.20263,4.20263,4.20263,12923,1,12923,12923,12923
18,80,121,1,121,121,121,13.1687,1,13.1687,13.1687,13.1687,23646,1,23646,23646,23646
18,80,121,1,121,121,121,7.58948,1,7.58948,7.58948,7.58948,17952,1,17952,17952,17952
18,80,122,1,122,122,122,15.0394,1,15.0394,15.0394,15.0394,24076,1,24076,24076,24076
18,80,114,1,114,114,114,10.2653,1,10.2653,10.2653,10.2653,20703,1,20703,20703,20703
18,80,121,1,121,121,121,56.6219,1,56.6219,56.6219,56.6219,49944,1,49944,49944,49944
18,80,114,1,114,114,114,8.08779,1,8.08779,8.08779,8.08779,19716,1,19716,19716,19716
18,80,130,1,130,130,130,7.76341,1,7.76341,7.76341,7.76341,17867,1,17867,17867,17867
18,80,123,1,123,123,123,87.8406,1,87.8406,87.8406,87.8406,65068,1,65068,65068,65068
18,80,120,1,120,120,120,30.9331,1,30.9331,30.9331,30.9331,35342,1,35342,35342,35342
18,80,126,1,126,126,126,22.8678,1,22.8678,22.8678,22.8678,31601,1,31601,31601,31601
18,80,124,1,124,124,124,8.86074,1,8.86074,8.86074,8.86074,18958,1,18958,18958,18958
18,80,121,1,121,121,121,9.21464,1,9.21464,9.21464,9.21464,20680,1,20680,20680,20680
18,80,118,1,118,118,118,30.5394,1,30.5394,30.5394,30.5394,41025,1,41025,41025,41025
18,80,119,1,119,119,119,144.32,1,144.32,144.32,144.32,82478,1,82478,82478,82478
18,80,127,1,127,127,127,15.8857,1,15.8857,15.8857,15.8857,27268,1,27268,27268,27268
18,80,126,1,126,126,126,55.7562,1,55.7562,55.7562,55.7562,55064,1,55064,55064,55064
18,80,120,1,120,120,120,59.1383,1,59.1383,59.1383,59.1383,49971,1,49971,49971,49971
18,80,121,1,121,121,121,15.9291,1,15.9291,15.9291,15.9291,30013,1,30013,30013,30013
18,80,127,1,127,127,127,8.39635,1,8.39635,8.39635,8.39635,18933,1,18933,18933,18933
18,80,121,1,121,121,121,17.4651,1,17.4651,17.4651,17.4651,23745,1,23745,23745,23745
18,80,119,1,119,119,119,21.4372,1,21.4372,21.4372,21.4372,33175,1,33175,33175,33175
18,80,124,1,124,124,124,43.8947,1,43.8947,43.8947,43.8947,37750,1,37750,37750,37750
18,80,123,1,123,123,123,3.57799,1,3.57799,3.57799,3.57799,12034,1,12034,12034,12034
18,80,123,1,123,123,123,30.6897,1,30.6897,30.6897,30.6897,37276,1,37276,37276,37276
18,80,114,1,114,114,114,4.84326,1,4.84326,4.84326,4.84326,13335,1,13335,13335,13335
18,80,119,1,119,119,119,40.8352,1,40.8352,40.8352,40.8352,44949,1,44949,44949,44949
18,80,128,1,128,128,128,4.51545,1,4.51545,4.51545,4.51545,14368,1,14368,14368,14368
18,80,117,1,117,117,117,16.1785,1,16.1785,16.1785,16.1785,27790,1,27790,27790,27790
18,80,127,1,127,127,127,20.0785,1,20.0785,20.0785,20.0785,30676,1,30676,30676,30676
18,80,120,1,120,120,120,14.7979,1,14.7979,14.7979,14.7979,25714,1,25714,25714,25714
18,80,119,1,119,119,119,12.7332,1,12.7332,12.7332,12.7332,23217,1,23217,23217,23217
18,80,120,1,120,120,120,36.4892,1,36.4892,36.4892,36.4892,39355,1,39355,39355,39355
18,80,118,1,118,118,118,8.13585,1,8.13585,8.13585,8.13585,18993,1,18993,18993,18993
18,80,123,1,123,123,123,13.8523,1,13.8523,13.8523,13.8523,23848,1,23848,23848,23848
18,80,124,1,124,124,124,11.4871,1,11.4871,11.4871,11.4871,23484,1,23484,23484,23484
18,80,122,1,122,122,122,7.53341,1,7.53341,7.53341,7.53341,17574,1,17574,17574,17574
18,80,119,1,119,119,119,19.998,1,19.998,19.998,19.998,27299,1,27299,27299,27299
18,80,125,1,125,125,125,3.40118,1,3.40118,3.40118,3.40118,13283,1,13283,13283,13283
18,80,116,1,116,116,116,37.9972,1,37.9972,37.9972,37.9972,45918,1,45918,45918,45918
18,80,127,1,127,127,127,11.6325,1,11.6325,11.6325,11.6325,22648,1,22648,22648,22648
18,80,131,1,131,131,131,17.0078,1,17.0078,17.0078,17.0078,29046,1,29046,29046,29046
18,80,127,1,127,127,127,15.0518,1,15.0518,15.0518,15.0518,25949,1,25949,25949,25949
18,80,121,1,121,121,121,4.49034,1,4.49034,4.49034,4.49034,12428,1,12428,12428,12428
18,80,126,1,126,126,126,62.5589,1,62.5589,62.5589,62.5589,57754,1,57754,57754,57754
18,80,126,1,126,126,126,17.3911,1,17.3911,17.3911,17.3911,28391,1,28391,28391,28391
18,80,123,1,123,123,123,29.2336,1,29.2336,29.2336,29.2336,39587,1,39587,39587,39587
18,80,129,1,129,129,129,229.966,1,229.966,229.966,229.966,95056,1,95056,95056,95056
18,80,120,1,120,120,120,9.50077,1,9.50077,9.50077,9.50077,20286,1,20286,20286,20286
18,80,115,1,115,115,115,20.4498,1,20.4498,20.4498,20.4498,33827,1,33827,33827,33827
18,80,126,1,126,126,126,49.9958,1,49.9958,49.9958,49.9958,47405,1,47405,47405,47405
18,80,118,1,118,118,118,102.921,1,102.921,102.921,102.921,71933,1,71933,71933,71933
18,80,134,1,134,134,134,38.909,1,38.909,38.909,38.909,46762,1,46762,46762,46762
18,80,122,1,122,122,122,8.90699,1,8.90699,8.90699,8.90699,20830,1,20830,20830,20830
18,80,127,1,127,127,127,5.54333,1,5.54333,5.54333,5.54333,15564,1,15564,15564,15564
18,80,124,1,124,124,124,16.3184,1,16.3184,16.3184,16.3184,27822,1,27822,27822,27822
18,80,122,1,122,122,122,8.01594,1,8.01594,8.01594,8.01594,19437,1,19437,19437,19437
18,80,132,1,132,132,132,59.7946,1,59.7946,59.7946,59.7946,54482,1,54482,54482,54482
18,80,112,1,112,112,112,44.4746,1,44.4746,44.4746,44.4746,38143,1,38143,38143,38143
18,80,114,1,114,114,114,60.4995,1,60.4995,60.4995,60.4995,47291,1,47291,47291,47291
18,80,124,1,124,124,124,8.26114,1,8.26114,8.26114,8.26114,17751,1,17751,17751,17751
18,80,115,1,115,115,115,81.0666,1,81.0666,81.0666,81.0666,56225,1,56225,56225,56225
18,80,127,1,127,127,127,9.68832,1,9.68832,9.68832,9.68832,21951,1,21951,21951,21951
18,80,123,1,123,123,123,27.3735,1,27.3735,27.3735,27.3735,38087,1,38087,38087,38087
18,80,121,1,121,121,121,4.17225,1,4.17225,4.17225,4.17225,11541,1,11541,11541,11541
18,80,130,1,130,130,130,115.728,1,115.728,115.728,115.728,76705,1,76705,76705,76705
18,80,125,1,125,125,125,9.66621,1,9.66621,9.66621,9.66621,23281,1,23281,23281,23281
18,80,121,1,121,121,121,15.1904,1,15.1904,15.1904,15.1904,26043,1,26043,26043,26043
18,80,126,1,126,126,126,21.3902,1,21.3902,21.3902,21.3902,29477,1,29477,29477,29477
18,80,122,1,122,122,122,38.7811,1,38.7811,38.7811,38.7811,41706,1,41706,41706,41706
18,80,121,1,121,121,121,18.8186,1,18.8186,18.8186,18.8186,31400,1,31400,31400,31400
18,80,119,1,119,119,119,4.70721,1,4.70721,4.70721,4.70721,14677,1,14677,14677,14677
18,80,132,1,132,132,132,11.3029,1,11.3029,11.3029,11.3029,24012,1,24012,24012,24012
18,80,126,1,126,126,126,7.34376,1,7.34376,7.34376,7.34376,18534,1,18534,18534,18534
18,80,126,1,126,126,126,27.7426,1,27.7426,27.7426,27.7426,33706,1,33706,33706,33706
18,80,128,1,128,128,128,36.5918,1,36.5918,36.5918,36.5918,40070,1,40070,40070,40070
18,80,123,1,123,123,123,83.5619,1,83.5619,83.5619,83.5619,61442,1,61442,61442,61442
18,80,134,1,134,134,134,27.7853,1,27.7853,27.7853,27.7853,37058,1,37058,37058,37058
18,80,122,1,122,122,122,9.59624,1,9.59624,9.59624,9.59624,20659,1,20659,20659,20659
18,80,126,1,126,126,126,0.354899,1,0.354899,0.354899,0.354899,3330,1,3330,3330,3330
18,80,129,1,129,129,129,8.21719,1,8.21719,8.21719,8.21719,20456,1,20456,20456,20456
18,80,125,1,125,125,125,17.1121,1,17.1121,17.1121,17.1121,28870,1,28870,28870,28870
18,80,132,1,132,132,132,24.1972,1,24.1972,24.1972,24.1972,33743,1,33743,33743,33743
18,80,123,1,123,123,123,66.4063,1,66.4063,66.4063,66.4063,57534,1,57534,57534,57534
18,80,123,1,123,123,123,7.5417,1,7.5417,7.5417,7.5417,16589,1,16589,16589,16589
18,80,127,1,127,127,127,160.472,1,160.472,160.472,160.472,87732,1,87732,87732,87732
18,80,134,1,134,134,134,32.4531,1,32.4531,32.4531,32.4531,39674,1,39674,39674,39674
18,80,124,1,124,124,124,16.2427,1,16.2427,16.2427,16.2427,26856,1,26856,26856,26856
18,80,113,1,113,113,113,17.5287,1,17.5287,17.5287,17.5287,27669,1,27669,27669,27669
18,80,129,1,129,129,129,8.60349,1,8.60349,8.60349,8.60349,20603,1,20603,20603,20603
18,80,127,1,127,127,127,9.92021,1,9.92021,9.92021,9.92021,20892,1,20892,20892,20892
18,80,128,1,128,128,128,54.6935,1,54.6935,54.6935,54.6935,55957,1,55957,55957,55957
18,80,105,1,105,105,105,15.6237,1,15.6237,15.6237,15.6237,25875,1,25875,25875,25875
18,80,107,1,107,107,107,37.0456,1,37.0456,37.0456,37.0456,35544,1,35544,35544,35544
18,80,126,1,126,126,126,77.1271,1,77.1271,77.1271,77.1271,62201,1,62201,62201,62201
18,80,116,1,116,116,116,29.0775,1,29.0775,29.0775,29.0775,33711,1,33711,33711,33711
18,80,129,1,129,129,129,19.0209,1,19.0209,19.0209,19.0209,29850,1,29850,29850,29850
18,80,121,1,121,121,121,31.5228,1,31.5228,31.5228,31.5228,39246,1,39246,39246,39246
18,80,119,1,119,119,119,18.1326,1,18.1326,18.1326,18.1326,28756,1,28756,28756,28756
18,80,118,1,118,118,118,3.61314,1,3.61314,3.61314,3.61314,11582,1,11582,11582,11582
18,80,120,1,120,120,120,33.2728,1,33.2728,33.2728,33.2728,39093,1,39093,39093,39093
18,80,128,1,128,128,128,6.02817,1,6.02817,6.02817,6.02817,16300,1,16300,16300,16300
18,80,123,1,123,123,123,10.0588,1,10.0588,10.0588,10.0588,19411,1,19411,19411,19411
18,80,121,1,121,121,121,15.5465,1,15.5465,15.5465,15.5465,28293,1,28293,28293,28293
18,80,123,1,123,123,123,14.9814,1,14.9814,14.9814,14.9814,25577,1,25577,25577,25577
18,80,130,1,130,130,130,18.567,1,18.567,18.567,18.567,31058,1,31058,31058,31058
18,80,119,1,119,119,119,25.0804,1,25.0804,25.0804,25.0804,33417,1,33417,33417,33417
18,80,114,1,114,114,114,6.73757,1,6.73757,6.73757,6.73757,16328,1,16328,16328,16328
18,80,118,1,118,118,118,10.059,1,10.059,10.059,10.059,20877,1,20877,20877,20877
18,80,123,1,123,123,123,39.315,1,39.315,39.315,39.315,41160,1,41160,41160,41160
18,80,131,1,131,131,131,80.8725,1,80.8725,80.8725,80.8725,63127,1,63127,63127,63127
18,80,123,1,123,123,123,12.6362,1,12.6362,12.6362,12.6362,27614,1,27614,27614,27614
18,80,121,1,121,121,121,6.58682,1,6.58682,6.58682,6.58682,17155,1,17155,17155,17155
18,80,121,1,121,121,121,10.0014,1,10.0014,10.0014,10.0014,20729,1,20729,20729,20729
18,80,126,1,126,126,126,4.17138,1,4.17138,4.17138,4.17138,13297,1,13297,13297,13297
18,80,121,1,121,121,121,25.0784,1,25.0784,25.0784,25.0784,34892,1,34892,34892,34892
18,80,121,1,121,121,121,12.8662,1,12.8662,12.8662,12.8662,22433,1,22433,22433,22433
18,80,119,1,119,119,119,19.0649,1,19.0649,19.0649,19.0649,29104,1,29104,29104,29104
18,80,119,1,119,119,119,12.1395,1,12.1395,12.1395,12.1395,23790,1,23790,23790,23790
18,80,117,1,117,117,117,13.0345,1,13.0345,13.0345,13.0345,27269,1,27269,27269,27269
18,80,124,1,124,124,124,5.72343,1,5.72343,5.72343,5.72343,15457,1,15457,15457,15457
18,80,123,1,123,123,123,29.9715,1,29.9715,29.9715,29.9715,37147,1,37147,37147,37147
18,80,121,1,121,121,121,10.6618,1,10.6618,10.6618,10.6618,19875,1,19875,19875,19875
18,80,124,1,124,124,124,15.6245,1,15.6245,15.6245,15.6245,27235,1,27235,27235,27235
18,80,115,1,115,115,115,24.2363,1,24.2363,24.2363,24.2363,32541,1,32541,32541,32541
18,80,118,1,118,118,118,17.9369,1,17.9369,17.9369,17.9369,24808,1,24808,24808,24808
18,80,130,1,130,130,130,26.1008,1,26.1008,26.1008,26.1008,34799,1,34799,34799,34799
18,80,126,1,126,126,126,12.7785,1,12.7785,12.7785,12.7785,23659,1,23659,23659,23659
18,80,126,1,126,126,126,112.062,1,112.062,112.062,112.062,65626,1,65626,65626,65626
18,80,119,1,119,119,119,36.6161,1,36.6161,36.6161,36.6161,41334,1,41334,41334,41334
18,80,128,1,128,128,128,24.9542,1,24.9542,24.9542,24.9542,37274,1,37274,37274,37274
18,80,127,1,127,127,127,9.49435,1,9.49435,9.49435,9.49435,22885,1,22885,22885,22885
18,80,120,1,120,120,120,30.9543,1,30.9543,30.9543,30.9543,35722,1,35722,35722,35722
18,80,122,1,122,122,122,17.8735,1,17.8735,17.8735,17.8735,27602,1,27602,27602,27602
18,80,116,1,116,116,116,44.9494,1,44.9494,44.9494,44.9494,40039,1,40039,40039,40039
18,80,125,1,125,125,125,161.409,1,161.409,161.409,161.409,93292,1,93292,93292,93292
18,80,121,1,121,121,121,39.4057,1,39.4057,39.4057,39.4057,43479,1,43479,43479,43479
18,80,127,1,127,127,127,17.9771,1,17.9771,17.9771,17.9771,27927,1,27927,27927,27927
18,80,121,1,121,121,121,150.392,1,150.392,150.392,150.392,85535,1,85535,85535,85535
18,80,120,1,120,120,120,6.33864,1,6.33864,6.33864,6.33864,14383,1,14383,14383,14383
18,80,134,1,134,134,134,38.5532,1,38.5532,38.5532,38.5532,44398,1,44398,44398,44398
18,80,123,1,123,123,123,30.201,1,30.201,30.201,30.201,36732,1,36732,36732,36732
18,80,124,1,124,124,124,3.86083,1,3.86083,3.86083,3.86083,12157,1,12157,12157,12157
18,80,131,1,131,131,131,2.02439,1,2.02439,2.02439,2.02439,8925,1,8925,8925,8925
18,80,120,1,120,120,120,9.9343,1,9.9343,9.9343,9.9343,19930,1,19930,19930,19930
18,80,115,1,115,115,115,33.3978,1,33.3978,33.3978,33.3978,37087,1,37087,37087,37087
18,80,122,1,122,122,122,22.5343,1,22.5343,22.5343,22.5343,28181,1,28181,28181,28181
18,80,119,1,119,119,119,4.98846,1,4.98846,4.98846,4.98846,13899,1,13899,13899,13899
18,80,125,1,125,125,125,87.819,1,87.819,87.819,87.819,65349,1,65349,65349,65349
18,80,118,1,118,118,118,15.5142,1,15.5142,15.5142,15.5142,26643,1,26643,26643,26643
18,80,116,1,116,116,116,108.226,1,108.226,108.226,108.226,68642,1,68642,68642,68642
18,80,127,1,127,127,127,18.5371,1,18.5371,18.5371,18.5371,28758,1,28758,28758,28758
18,80,119,1,119,119,119,13.3765,1,13.3765,13.3765,13.3765,25959,1,25959,25959,25959
18,80,121,1,121,121,121,37.4566,1,37.4566,37.4566,37.4566,41389,1,41389,41389,41389
18,80,123,1,123,123,123,4.75845,1,4.75845,4.75845,4.75845,14556,1,14556,14556,14556
18,80,122,1,122,122,122,87.6819,1,87.6819,87.6819,87.6819,65986,1,65986,65986,65986
18,80,133,1,133,133,133,20.7891,1,20.7891,20.7891,20.7891,33941,1,33941,33941,33941
18,80,123,1,123,123,123,30.4721,1,30.4721,30.4721,30.4721,37955,1,37955,37955,37955
18,80,121,1,121,121,121,113.467,1,113.467,113.467,113.467,67111,1,67111,67111,67111
18,80,118,1,118,118,118,18.0593,1,18.0593,18.0593,18.0593,29389,1,29389,29389,29389
18,80,129,1,129,129,129,49.9197,1,49.9197,49.9197,49.9197,46665,1,46665,46665,46665
18,80,123,1,123,123,123,33.571,1,33.571,33.571,33.571,39495,1,39495,39495,39495
18,80,123,1,123,123,123,36.5173,1,36.5173,36.5173,36.5173,42822,1,42822,42822,42822
18,80,126,1,126,126,126,17.7062,1,17.7062,17.7062,17.7062,28404,1,28404,28404,28404
18,80,125,1,125,125,125,123.492,1,123.492,123.492,123.492,70856,1,70856,70856,70856
18,80,125,1,125,125,125,421.568,1,421.568,421.568,421.568,141639,1,141639,141639,141639
18,80,122,1,122,122,122,72.3488,1,72.3488,72.3488,72.3488,55582,1,55582,55582,55582
18,80,125,1,125,125,125,21.8132,1,21.8132,21.8132,21.8132,31590,1,31590,31590,31590
18,80,123,1,123,123,123,44.3783,1,44.3783,44.3783,44.3783,49912,1,49912,49912,49912
18,80,124,1,124,124,124,22.0957,1,22.0957,22.0957,22.0957,30432,1,30432,30432,30432
18,80,124,1,124,124,124,32.047,1,32.047,32.047,32.047,43506,1,43506,43506,43506
18,80,127,1,127,127,127,12.369,1,12.369,12.369,12.369,21979,1,21979,21979,21979
18,80,121,1,121,121,121,69.3873,1,69.3873,69.3873,69.3873,64135,1,64135,64135,64135
18,80,130,1,130,130,130,8.00509,1,8.00509,8.00509,8.00509,17909,1,17909,17909,17909
18,80,126,1,126,126,126,17.6184,1,17.6184,17.6184,17.6184,30351,1,30351,30351,30351
18,80,129,1,129,129,129,23.6131,1,23.6131,23.6131,23.6131,33148,1,33148,33148,33148
18,80,126,1,126,126,126,57.2749,1,57.2749,57.2749,57.2749,51680,1,51680,51680,51680
18,80,124,1,124,124,124,22.9159,1,22.9159,22.9159,22.9159,34185,1,34185,34185,34185
18,80,121,1,121,121,121,28.6993,1,28.6993,28.6993,28.6993,38141,1,38141,38141,38141
18,80,123,1,123,123,123,2.97537,1,2.97537,2.97537,2.97537,11935,1,11935,11935,11935
18,80,116,1,116,116,116,19.4145,1,19.4145,19.4145,19.4145,27192,1,27192,27192,27192
18,80,123,1,123,123,123,5.57714,1,5.57714,5.57714,5.57714,16058,1,16058,16058,16058
18,80,121,1,121,121,121,17.5078,1,17.5078,17.5078,17.5078,29405,1,29405,29405,29405
18,80,120,1,120,120,120,22.1544,1,22.1544,22.1544,22.1544,33803,1,33803,33803,33803
18,80,124,1,124,124,124,17.669,1,17.669,17.669,17.669,28927,1,28927,28927,28927
18,80,118,1,118,118,118,61.6801,1,61.6801,61.6801,61.6801,52686,1,52686,52686,52686
18,80,116,1,116,116,116,15.1807,1,15.1807,15.1807,15.1807,24495,1,24495,24495,24495
18,80,127,1,127,127,127,10.2397,1,10.2397,10.2397,10.2397,19717,1,19717,19717,19717
18,80,124,1,124,124,124,125.267,1,125.267,125.267,125.267,69120,1,69120,69120,69120
18,80,126,1,126,126,126,25.703,1,25.703,25.703,25.703,36392,1,36392,36392,36392
18,80,116,1,116,116,116,16.3505,1,16.3505,16.3505,16.3505,25750,1,25750,25750,25750
18,80,126,1,126,126,126,66.2773,1,66.2773,66.2773,66.2773,62933,1,62933,62933,62933
18,80,130,1,130,130,130,18.8674,1,18.8674,18.8674,18.8674,27971,1,27971,27971,27971
18,80,129,1,129,129,129,61.4428,1,61.4428,61.4428,61.4428,59747,1,59747,59747,59747
18,80,117,1,117,117,117,28.527,1,28.527,28.527,28.527,34242,1,34242,34242,34242
18,80,129,1,129,129,129,11.9376,1,11.9376,11.9376,11.9376,22833,1,22833,22833,22833
18,80,128,1,128,128,128,14.7008,1,14.7008,14.7008,14.7008,25564,1,25564,25564,25564
18,80,133,1,133,133,133,29.358,1,29.358,29.358,29.358,36542,1,36542,36542,36542
18,80,118,1,118,118,118,11.674,1,11.674,11.674,11.674,26465,1,26465,26465,26465
18,80,122,1,122,122,122,22.6459,1,22.6459,22.6459,22.6459,34358,1,34358,34358,34358
18,80,124,1,124,124,124,19.9724,1,19.9724,19.9724,19.9724,29952,1,29952,29952,29952
18,80,119,1,119,119,119,45.3392,1,45.3392,45.3392,45.3392,43958,1,43958,43958,43958
18,80,122,1,122,122,122,5.39163,1,5.39163,5.39163,5.39163,15446,1,15446,15446,15446
18,80,120,1,120,120,120,17.5106,1,17.5106,17.5106,17.5106,31824,1,31824,31824,31824
18,80,128,1,128,128,128,17.8574,1,17.8574,17.8574,17.8574,28862,1,28862,28862,28862
18,80,124,1,124,124,124,45.9294,1,45.9294,45.9294,45.9294,44997,1,44997,44997,44997
18,80,127,1,127,127,127,8.26493,1,8.26493,8.26493,8.26493,21145,1,21145,21145,21145
18,80,119,1,119,119,119,12.1598,1,12.1598,12.1598,12.1598,22948,1,22948,22948,22948
18,80,121,1,121,121,121,122.747,1,122.747,122.747,122.747,73380,1,73380,73380,73380
18,80,115,1,115,115,115,9.55862,1,9.55862,9.55862,9.55862,19411,1,19411,19411,19411
18,80,124,1,124,124,124,8.32857,1,8.32857,8.32857,8.32857,20271,1,20271,20271,20271
18,80,127,1,127,127,127,21.2989,1,21.2989,21.2989,21.2989,32766,1,32766,32766,32766
18,80,122,1,122,122,122,29.7595,1,29.7595,29.7595,29.7595,36023,1,36023,36023,36023
18,80,124,1,124,124,124,21.4004,1,21.4004,21.4004,21.4004,29532,1,29532,29532,29532
18,80,124,1,124,124,124,20.9991,1,20.9991,20.9991,20.9991,31823,1,31823,31823,31823
18,80,127,1,127,127,127,8.84383,1,8.84383,8.84383,8.84383,19379,1,19379,19379,19379
18,80,114,1,114,114,114,11.6461,1,11.6461,11.6461,11.6461,20234,1,20234,20234,20234
18,80,127,1,127,127,127,21.9444,1,21.9444,21.9444,21.9444,32257,1,32257,32257,32257
18,80,122,1,122,122,122,6.66997,1,6.66997,6.66997,6.66997,16428,1,16428,16428,16428
18,80,119,1,119,119,119,68.1617,1,68.1617,68.1617,68.1617,54558,1,54558,54558,54558
18,80,120,1,120,120,120,17.7358,1,17.7358,17.7358,17.7358,26660,1,26660,26660,26660
18,80,125,1,125,125,125,10.2924,1,10.2924,10.2924,10.2924,21818,1,21818,21818,21818
18,80,127,1,127,127,127,92.4573,1,92.4573,92.4573,92.4573,67166,1,67166,67166,67166
18,80,122,1,122,122,122,5.53513,1,5.53513,5.53513,5.53513,15681,1,15681,15681,15681
18,80,120,1,120,120,120,5.51024,1,5.51024,5.51024,5.51024,15466,1,15466,15466,15466
18,80,123,1,123,123,123,11.4908,1,11.4908,11.4908,11.4908,21176,1,21176,21176,21176
18,80,115,1,115,115,115,2.829,1,2.829,2.829,2.829,10918,1,10918,10918,10918
18,80,129,1,129,129,129,46.9421,1,46.9421,46.9421,46.9421,47323,1,47323,47323,47323
18,80,132,1,132,132,132,12.9546,1,12.9546,12.9546,12.9546,24954,1,24954,24954,24954
18,80,120,1,120,120,120,12.5078,1,12.5078,12.5078,12.5078,21768,1,21768,21768,21768
18,80,121,1,121,121,121,6.43756,1,6.43756,6.43756,6.43756,17943,1,17943,17943,17943
18,80,118,1,118,118,118,129.589,1,129.589,129.589,129.589,70131,1,70131,70131,70131
18,80,131,1,131,131,131,15.8799,1,15.8799,15.8799,15.8799,27571,1,27571,27571,27571
18,80,120,1,120,120,120,10.0194,1,10.0194,10.0194,10.0194,20412,1,20412,20412,20412
18,80,127,1,127,127,127,13.0891,1,13.0891,13.0891,13.0891,21698,1,21698,21698,21698
18,80,121,1,121,121,121,15.8406,1,15.8406,15.8406,15.8406,26977,1,26977,26977,26977
18,80,118,1,118,118,118,29.9187,1,29.9187,29.9187,29.9187,37865,1,37865,37865,37865
18,80,120,1,120,120,120,9.49123,1,9.49123,9.49123,9.49123,21063,1,21063,21063,21063
18,80,110,1,110,110,110,31.9436,1,31.9436,31.9436,31.9436,36312,1,36312,36312,36312
18,80,121,1,121,121,121,41.3134,1,41.3134,41.3134,41.3134,41757,1,41757,41757,41757
18,80,120,1,120,120,120,12.7859,1,12.7859,12.7859,12.7859,23146,1,23146,23146,23146
18,80,121,1,121,121,121,3.69566,1,3.69566,3.69566,3.69566,13394,1,13394,13394,13394
18,80,125,1,125,125,125,13.5689,1,13.5689,13.5689,13.5689,25735,1,25735,25735,25735
18,80,120,1,120,120,120,19.7005,1,19.7005,19.7005,19.7005,30717,1,30717,30717,30717
18,80,122,1,122,122,122,6.88476,1,6.88476,6.88476,6.88476,17243,1,17243,17243,17243
18,80,119,1,119,119,119,16.2282,1,16.2282,16.2282,16.2282,28043,1,28043,28043,28043
18,80,128,1,128,128,128,57.8143,1,57.8143,57.8143,57.8143,54586,1,54586,54586,54586
18,80,126,1,126,126,126,9.56837,1,9.56837,9.56837,9.56837,19999,1,19999,19999,19999
18,80,121,1,121,121,121,50.4038,1,50.4038,50.4038,50.4038,47189,1,47189,47189,47189
18,80,122,1,122,122,122,74.9688,1,74.9688,74.9688,74.9688,64611,1,64611,64611,64611
18,80,120,1,120,120,120,14.7154,1,14.7154,14.7154,14.7154,26205,1,26205,26205,26205
18,80,112,1,112,112,112,7.53614,1,7.53614,7.53614,7.53614,16984,1,16984,16984,16984
18,80,127,1,127,127,127,10.8598,1,10.8598,10.8598,10.8598,20594,1,20594,20594,20594
18,80,128,1,128,128,128,27.3238,1,27.3238,27.3238,27.3238,33699,1,33699,33699,33699
18,80,112,1,112,112,112,23.2232,1,23.2232,23.2232,23.2232,30743,1,30743,30743,30743
18,80,118,1,118,118,118,32.925,1,32.925,32.925,32.925,38985,1,38985,38985,38985
18,80,127,1,127,127,127,10.9562,1,10.9562,10.9562,10.9562,21920,1,21920,21920,21920
18,80,129,1,129,129,129,20.8387,1,20.8387,20.8387,20.8387,30415,1,30415,30415,30415
18,80,127,1,127,127,127,3.17957,1,3.17957,3.17957,3.17957,11109,1,11109,11109,11109
18,80,129,1,129,129,129,9.318,1,9.318,9.318,9.318,20724,1,20724,20724,20724
18,80,117,1,117,117,117,10.7765,1,10.7765,10.7765,10.7765,22846,1,22846,22846,22846
18,80,119,1,119,119,119,11.3331,1,11.3331,11.3331,11.3331,20667,1,20667,20667,20667
18,80,125,1,125,125,125,9.07271,1,9.07271,9.07271,9.07271,20270,1,20270,20270,20270
18,80,123,1,123,123,123,24.9922,1,24.9922,24.9922,24.9922,30593,1,30593,30593,30593
18,80,130,1,130,130,130,38.3578,1,38.3578,38.3578,38.3578,41525,1,41525,41525,41525
18,80,117,1,117,117,117,17.3715,1,17.3715,17.3715,17.3715,27253,1,27253,27253,27253
18,80,121,1,121,121,121,18.7824,1,18.7824,18.7824,18.7824,27709,1,27709,27709,27709
18,80,117,1,117,117,117,16.8392,1,16.8392,16.8392,16.8392,29429,1,29429,29429,29429
18,80,118,1,118,118,118,8.59379,1,8.59379,8.59379,8.59379,20512,1,20512,20512,20512
18,80,119,1,119,119,119,4.95997,1,4.95997,4.95997,4.95997,14743,1,14743,14743,14743
18,80,120,1,120,120,120,1.59027,1,1.59027,1.59027,1.59027,6943,1,6943,6943,6943
18,80,122,1,122,122,122,167.08,1,167.08,167.08,167.08,88894,1,88894,88894,88894
18,80,122,1,122,122,122,12.3652,1,12.3652,12.3652,12.3652,26335,1,26335,26335,26335
18,80,123,1,123,123,123,10.8097,1,10.8097,10.8097,10.8097,20730,1,20730,20730,20730
18,80,118,1,118,118,118,9.98675,1,9.98675,9.98675,9.98675,21767,1,21767,21767,21767
18,80,117,1,117,117,117,886.806,1,886.806,886.806,886.806,206384,1,206384,206384,206384
18,80,129,1,129,129,129,14.5727,1,14.5727,14.5727,14.5727,23866,1,23866,23866,23866
18,80,119,1,119,119,119,25.9315,1,25.9315,25.9315,25.9315,37351,1,37351,37351,37351
18,80,126,1,126,126,126,6.61899,1,6.61899,6.61899,6.61899,16622,1,16622,16622,16622
18,80,124,1,124,124,124,6.45548,1,6.45548,6.45548,6.45548,15434,1,15434,15434,15434
18,80,119,1,119,119,119,41.9147,1,41.9147,41.9147,41.9147,44245,1,44245,44245,44245
18,80,123,1,123,123,123,24.4642,1,24.4642,24.4642,24.4642,38109,1,38109,38109,38109
18,80,129,1,129,129,129,71.2007,1,71.2007,71.2007,71.2007,64951,1,64951,64951,64951
18,80,124,1,124,124,124,16.7005,1,16.7005,16.7005,16.7005,28412,1,28412,28412,28412
18,80,121,1,121,121,121,62.5343,1,62.5343,62.5343,62.5343,57451,1,57451,57451,57451
18,80,129,1,129,129,129,17.2939,1,17.2939,17.2939,17.2939,31849,1,31849,31849,31849
18,80,126,1,126,126,126,15.4623,1,15.4623,15.4623,15.4623,25936,1,25936,25936,25936
18,80,123,1,123,123,123,15.9625,1,15.9625,15.9625,15.9625,28118,1,28118,28118,28118
18,80,123,1,123,123,123,36.7715,1,36.7715,36.7715,36.7715,42405,1,42405,42405,42405
18,80,123,1,123,123,123,17.1655,1,17.1655,17.1655,17.1655,26427,1,26427,26427,26427
18,80,131,1,131,131,131,4.5067,1,4.5067,4.5067,4.5067,12983,1,12983,12983,12983
18,80,118,1,118,118,118,16.6477,1,16.6477,16.6477,16.6477,27485,1,27485,27485,27485
18,80,122,1,122,122,122,8.37331,1,8.37331,8.37331,8.37331,17517,1,17517,17517,17517
18,80,129,1,129,129,129,121.522,1,121.522,121.522,121.522,88686,1,88686,88686,88686
18,80,122,1,122,122,122,6.36879,1,6.36879,6.36879,6.36879,17867,1,17867,17867,17867
18,80,125,1,125,125,125,249.76,1,249.76,249.76,249.76,109310,1,109310,109310,109310
18,80,119,1,119,119,119,27.9815,1,27.9815,27.9815,27.9815,43268,1,43268,43268,43268
18,80,118,1,118,118,118,27.5024,1,27.5024,27.5024,27.5024,36617,1,36617,36617,36617
18,80,120,1,120,120,120,34.4715,1,34.4715,34.4715,34.4715,37262,1,37262,37262,37262
18,80,131,1,131,131,131,14.4601,1,14.4601,14.4601,14.4601,25994,1,25994,25994,25994
18,80,124,1,124,124,124,4.79618,1,4.79618,4.79618,4.79618,12978,1,12978,12978,12978
18,80,123,1,123,123,123,7.02819,1,7.02819,7.02819,7.02819,14529,1,14529,14529,14529
18,80,132,1,132,132,132,5.69783,1,5.69783,5.69783,5.69783,15761,1,15761,15761,15761
18,80,128,1,128,128,128,102.059,1,102.059,102.059,102.059,74318,1,74318,74318,74318
18,80,123,1,123,123,123,12.8035,1,12.8035,12.8035,12.8035,21489,1,21489,21489,21489
18,80,122,1,122,122,122,4.94385,1,4.94385,4.94385,4.94385,14712,1,14712,14712,14712
18,80,120,1,120,120,120,19.8261,1,19.8261,19.8261,19.8261,34282,1,34282,34282,34282
18,80,122,1,122,122,122,21.5111,1,21.5111,21.5111,21.5111,33539,1,33539,33539,33539
18,80,122,1,122,122,122,7.0266,1,7.0266,7.0266,7.0266,16370,1,16370,16370,16370
18,80,136,1,136,136,136,101.547,1,101.547,101.547,101.547,75028,1,75028,75028,75028
18,80,125,1,125,125,125,29.3127,1,29.3127,29.3127,29.3127,38499,1,38499,38499,38499
18,80,119,1,119,119,119,16.2532,1,16.2532,16.2532,16.2532,29213,1,29213,29213,29213
18,80,127,1,127,127,127,16.3705,1,16.3705,16.3705,16.3705,28042,1,28042,28042,28042
18,80,126,1,126,126,126,24.2635,1,24.2635,24.2635,24.2635,34734,1,34734,34734,34734
18,80,117,1,117,117,117,2.75726,1,2.75726,2.75726,2.75726,9867,1,9867,9867,9867
18,80,117,1,117,117,117,3.92753,1,3.92753,3.92753,3.92753,14760,1,14760,14760,14760
18,80,129,1,129,129,129,27.8603,1,27.8603,27.8603,27.8603,35173,1,35173,35173,35173
18,80,122,1,122,122,122,60.257,1,60.257,60.257,60.257,56932,1,56932,56932,56932
18,80,125,1,125,125,125,40.5544,1,40.5544,40.5544,40.5544,44928,1,44928,44928,44928
18,80,128,1,128,128,128,8.26749,1,8.26749,8.26749,8.26749,20988,1,20988,20988,20988
18,80,126,1,126,126,126,29.7744,1,29.7744,29.7744,29.7744,38538,1,38538,38538,38538
18,80,121,1,121,121,121,14.2117,1,14.2117,14.2117,14.2117,25809,1,25809,25809,25809
18,80,128,1,128,128,128,28.2323,1,28.2323,28.2323,28.2323,33298,1,33298,33298,33298
18,80,126,1,126,126,126,3.3933,1,3.3933,3.3933,3.3933,10721,1,10721,10721,10721
18,80,125,1,125,125,125,35.9513,1,35.9513,35.9513,35.9513,41326,1,41326,41326,41326
18,80,121,1,121,121,121,24.21,1,24.21,24.21,24.21,27652,1,27652,27652,27652
18,80,121,1,121,121,121,22.2384,1,22.2384,22.2384,22.2384,29176,1,29176,29176,29176
18,80,120,1,120,120,120,8.2783,1,8.2783,8.2783,8.2783,19376,1,19376,19376,19376
18,80,129,1,129,129,129,15.1041,1,15.1041,15.1041,15.1041,27066,1,27066,27066,27066
18,80,125,1,125,125,125,17.6714,1,17.6714,17.6714,17.6714,32705,1,32705,32705,32705
18,80,122,1,122,122,122,35.2214,1,35.2214,35.2214,35.2214,47530,1,47530,47530,47530
18,80,130,1,130,130,130,184.472,1,184.472,184.472,184.472,92940,1,92940,92940,92940
18,80,132,1,132,132,132,9.76933,1,9.76933,9.76933,9.76933,19323,1,19323,19323,19323
18,80,122,1,122,122,122,13.874,1,13.874,13.874,13.874,23487,1,23487,23487,23487
18,80,131,1,131,131,131,5.57849,1,5.57849,5.57849,5.57849,17722,1,17722,17722,17722
18,80,122,1,122,122,122,9.66795,1,9.66795,9.66795,9.66795,21932,1,21932,21932,21932
18,80,134,1,134,134,134,16.1268,1,16.1268,16.1268,16.1268,29147,1,29147,29147,29147
18,80,125,1,125,125,125,246.848,1,246.848,246.848,246.848,111040,1,111040,111040,111040
18,80,124,1,124,124,124,2.7021,1,2.7021,2.7021,2.7021,11510,1,11510,11510,11510
18,80,112,1,112,112,112,14.6727,1,14.6727,14.6727,14.6727,22255,1,22255,22255,22255
18,80,124,1,124,124,124,19.4233,1,19.4233,19.4233,19.4233,28763,1,28763,28763,28763
18,80,125,1,125,125,125,43.9806,1,43.9806,43.9806,43.9806,46105,1,46105,46105,46105
18,80,126,1,126,126,126,12.5477,1,12.5477,12.5477,12.5477,24228,1,24228,24228,24228
18,80,124,1,124,124,124,32.4457,1,32.4457,32.4457,32.4457,38798,1,38798,38798,38798
18,80,121,1,121,121,121,42.3843,1,42.3843,42.3843,42.3843,46968,1,46968,46968,46968
18,80,127,1,127,127,127,21.4612,1,21.4612,21.4612,21.4612,29838,1,29838,29838,29838
18,80,117,1,117,117,117,29.2164,1,29.2164,29.2164,29.2164,37573,1,37573,37573,37573
18,80,116,1,116,116,116,10.67,1,10.67,10.67,10.67,18777,1,18777,18777,18777
18,80,112,1,112,112,112,9.5317,1,9.5317,9.5317,9.5317,19038,1,19038,19038,19038
18,80,129,1,129,129,129,18.0093,1,18.0093,18.0093,18.0093,28013,1,28013,28013,28013
18,80,127,1,127,127,127,16.8225,1,16.8225,16.8225,16.8225,29863,1,29863,29863,29863
18,80,131,1,131,131,131,30.6005,1,30.6005,30.6005,30.6005,39608,1,39608,39608,39608
18,80,117,1,117,117,117,32.4853,1,32.4853,32.4853,32.4853,34552,1,34552,34552,34552
18,80,121,1,121,121,121,87.8975,1,87.8975,87.8975,87.8975,65808,1,65808,65808,65808
18,80,121,1,121,121,121,11.361,1,11.361,11.361,11.361,22040,1,22040,22040,22040
18,80,126,1,126,126,126,20.7016,1,20.7016,20.7016,20.7016,30904,1,30904,30904,30904
18,80,130,1,130,130,130,39.2842,1,39.2842,39.2842,39.2842,37859,1,37859,37859,37859
18,80,112,1,112,112,112,3.49054,1,3.49054,3.49054,3.49054,10739,1,10739,10739,10739
18,80,126,1,126,126,126,626.049,1,626.049,626.049,626.049,170338,1,170338,170338,170338
18,80,133,1,133,133,133,8.66067,1,8.66067,8.66067,8.66067,18386,1,18386,18386,18386
18,80,129,1,129,129,129,12.7033,1,12.7033,12.7033,12.7033,24063,1,24063,24063,24063
18,80,125,1,125,125,125,61.9113,1,61.9113,61.9113,61.9113,58403,1,58403,58403,58403
18,80,126,1,126,126,126,15.0822,1,15.0822,15.0822,15.0822,26500,1,26500,26500,26500
18,80,119,1,119,119,119,44.1436,1,44.1436,44.1436,44.1436,43637,1,43637,43637,43637
18,80,125,1,125,125,125,19.852,1,19.852,19.852,19.852,30289,1,30289,30289,30289
18,80,128,1,128,128,128,11.7716,1,11.7716,11.7716,11.7716,24727,1,24727,24727,24727
18,80,117,1,117,117,117,2.31606,1,2.31606,2.31606,2.31606,9084,1,9084,9084,9084
18,80,129,1,129,129,129,33.0388,1,33.0388,33.0388,33.0388,43088,1,43088,43088,43088
18,80,117,1,117,117,117,19.0677,1,19.0677,19.0677,19.0677,31283,1,31283,31283,31283
18,80,126,1,126,126,126,25.4372,1,25.4372,25.4372,25.4372,33209,1,33209,33209,33209
18,80,124,1,124,124,124,7.80684,1,7.80684,7.80684,7.80684,18348,1,18348,18348,18348
18,80,137,1,137,137,137,31.7757,1,31.7757,31.7757,31.7757,37474,1,37474,37474,37474
18,80,122,1,122,122,122,43.235,1,43.235,43.235,43.235,48663,1,48663,48663,48663
18,80,128,1,128,128,128,127.439,1,127.439,127.439,127.439,77643,1,77643,77643,77643
18,80,124,1,124,124,124,52.1752,1,52.1752,52.1752,52.1752,44423,1,44423,44423,44423
18,80,131,1,131,131,131,14.0154,1,14.0154,14.0154,14.0154,24797,1,24797,24797,24797
18,80,123,1,123,123,123,23.3301,1,23.3301,23.3301,23.3301,28951,1,28951,28951,28951
18,80,120,1,120,120,120,34.0995,1,34.0995,34.0995,34.0995,42332,1,42332,42332,42332
18,80,125,1,125,125,125,10.6396,1,10.6396,10.6396,10.6396,21641,1,21641,21641,21641
18,80,127,1,127,127,127,56.8144,1,56.8144,56.8144,56.8144,49333,1,49333,49333,49333
18,80,120,1,120,120,120,7.51434,1,7.51434,7.51434,7.51434,17472,1,17472,17472,17472
18,80,118,1,118,118,118,40.8193,1,40.8193,40.8193,40.8193,48660,1,48660,48660,48660
18,80,124,1,124,124,124,5.60591,1,5.60591,5.60591,5.60591,13692,1,13692,13692,13692
18,80,116,1,116,116,116,3.04314,1,3.04314,3.04314,3.04314,10922,1,10922,10922,10922
18,80,131,1,131,131,131,5.43171,1,5.43171,5.43171,5.43171,14369,1,14369,14369,14369
18,80,122,1,122,122,122,25.8631,1,25.8631,25.8631,25.8631,34460,1,34460,34460,34460
18,80,123,1,123,123,123,8.34334,1,8.34334,8.34334,8.34334,20408,1,20408,20408,20408
18,80,132,1,132,132,132,3.06164,1,3.06164,3.06164,3.06164,10554,1,10554,10554,10554
18,80,123,1,123,123,123,2.71749,1,2.71749,2.71749,2.71749,10212,1,10212,10212,10212
18,80,119,1,119,119,119,80.655,1,80.655,80.655,80.655,63443,1,63443,63443,63443
18,80,126,1,126,126,126,74.2172,1,74.2172,74.2172,74.2172,62809,1,62809,62809,62809
18,80,128,1,128,128,128,27.2394,1,27.2394,27.2394,27.2394,34482,1,34482,34482,34482
18,80,124,1,124,124,124,32.3589,1,32.3589,32.3589,32.3589,39036,1,39036,39036,39036
18,80,119,1,119,119,119,12.8358,1,12.8358,12.8358,12.8358,25455,1,25455,25455,25455
18,80,126,1,126,126,126,5.27789,1,5.27789,5.27789,5.27789,15016,1,15016,15016,15016
18,80,124,1,124,124,124,77.441,1,77.441,77.441,77.441,60263,1,60263,60263,60263
18,80,119,1,119,119,119,23.7844,1,23.7844,23.7844,23.7844,36622,1,36622,36622,36622
18,80,117,1,117,117,117,12.4143,1,12.4143,12.4143,12.4143,20924,1,20924,20924,20924
18,80,124,1,124,124,124,17.6782,1,17.6782,17.6782,17.6782,29136,1,29136,29136,29136
18,80,123,1,123,123,123,6.78179,1,6.78179,6.78179,6.78179,18502,1,18502,18502,18502
18,80,124,1,124,124,124,3.87568,1,3.87568,3.87568,3.87568,13893,1,13893,13893,13893
18,80,124,1,124,124,124,24.9567,1,24.9567,24.9567,24.9567,31341,1,31341,31341,31341
18,80,113,1,113,113,113,30.5921,1,30.5921,30.5921,30.5921,36097,1,36097,36097,36097
18,80,128,1,128,128,128,2.47268,1,2.47268,2.47268,2.47268,10133,1,10133,10133,10133
18,80,115,1,115,115,115,5.61041,1,5.61041,5.61041,5.61041,14783,1,14783,14783,14783
18,80,120,1,120,120,120,12.6533,1,12.6533,12.6533,12.6533,24685,1,24685,24685,24685
18,80,129,1,129,129,129,74.7821,1,74.7821,74.7821,74.7821,57620,1,57620,57620,57620
18,80,126,1,126,126,126,11.9806,1,11.9806,11.9806,11.9806,23254,1,23254,23254,23254
18,80,121,1,121,121,121,9.53621,1,9.53621,9.53621,9.53621,19058,1,19058,19058,19058
18,80,129,1,129,129,129,105.655,1,105.655,105.655,105.655,68028,1,68028,68028,68028
18,80,121,1,121,121,121,70.0386,1,70.0386,70.0386,70.0386,58286,1,58286,58286,58286
18,80,109,1,109,109,109,15.2247,1,15.2247,15.2247,15.2247,24184,1,24184,24184,24184
18,80,113,1,113,113,113,9.26534,1,9.26534,9.26534,9.26534,21215,1,21215,21215,21215
18,80,120,1,120,120,120,69.9281,1,69.9281,69.9281,69.9281,60344,1,60344,60344,60344
18,80,123,1,123,123,123,5.54453,1,5.54453,5.54453,5.54453,14281,1,14281,14281,14281
18,80,115,1,115,115,115,124.505,1,124.505,124.505,124.505,70827,1,70827,70827,70827
18,80,132,1,132,132,132,26.2719,1,26.2719,26.2719,26.2719,37141,1,37141,37141,37141
18,80,120,1,120,120,120,38.3377,1,38.3377,38.3377,38.3377,40058,1,40058,40058,40058
18,80,120,1,120,120,120,13.261,1,13.261,13.261,13.261,25730,1,25730,25730,25730
18,80,128,1,128,128,128,16.1344,1,16.1344,16.1344,16.1344,27080,1,27080,27080,27080
18,80,119,1,119,119,119,26.4479,1,26.4479,26.4479,26.4479,30728,1,30728,30728,30728
18,80,132,1,132,132,132,14.9346,1,14.9346,14.9346,14.9346,26373,1,26373,26373,26373
18,80,117,1,117,117,117,19.0506,1,19.0506,19.0506,19.0506,31516,1,31516,31516,31516
18,80,114,1,114,114,114,21.8516,1,21.8516,21.8516,21.8516,32745,1,32745,32745,32745
18,80,126,1,126,126,126,79.1271,1,79.1271,79.1271,79.1271,61662,1,61662,61662,61662
18,80,127,1,127,127,127,11.2327,1,11.2327,11.2327,11.2327,22318,1,22318,22318,22318
18,80,131,1,131,131,131,227.944,1,227.944,227.944,227.944,107611,1,107611,107611,107611
18,80,122,1,122,122,122,74.6946,1,74.6946,74.6946,74.6946,59772,1,59772,59772,59772
18,80,122,1,122,122,122,25.7299,1,25.7299,25.7299,25.7299,29997,1,29997,29997,29997
18,80,118,1,118,118,118,39.4192,1,39.4192,39.4192,39.4192,43079,1,43079,43079,43079
18,80,122,1,122,122,122,16.4534,1,16.4534,16.4534,16.4534,25804,1,25804,25804,25804
18,80,125,1,125,125,125,9.13855,1,9.13855,9.13855,9.13855,21282,1,21282,21282,21282
18,80,115,1,115,115,115,4.1646,1,4.1646,4.1646,4.1646,13536,1,13536,13536,13536
18,80,122,1,122,122,122,34.8279,1,34.8279,34.8279,34.8279,38424,1,38424,38424,38424
18,80,108,1,108,108,108,15.2462,1,15.2462,15.2462,15.2462,23501,1,23501,23501,23501
18,80,114,1,114,114,114,22.8728,1,22.8728,22.8728,22.8728,30104,1,30104,30104,30104
18,80,119,1,119,119,119,9.91089,1,9.91089,9.91089,9.91089,19869,1,19869,19869,19869
18,80,124,1,124,124,124,13.1537,1,13.1537,13.1537,13.1537,24286,1,24286,24286,24286
18,80,123,1,123,123,123,6.31115,1,6.31115,6.31115,6.31115,15310,1,15310,15310,15310
18,80,130,1,130,130,130,30.1916,1,30.1916,30.1916,30.1916,35444,1,35444,35444,35444
18,80,122,1,122,122,122,11.5992,1,11.5992,11.5992,11.5992,18756,1,18756,18756,18756
18,80,126,1,126,126,126,3.71029,1,3.71029,3.71029,3.71029,11719,1,11719,11719,11719
18,80,128,1,128,128,128,80.6084,1,80.6084,80.6084,80.6084,62730,1,62730,62730,62730
18,80,133,1,133,133,133,22.1666,1,22.1666,22.1666,22.1666,30332,1,30332,30332,30332
18,80,123,1,123,123,123,13.3984,1,13.3984,13.3984,13.3984,23795,1,23795,23795,23795
18,80,118,1,118,118,118,24.8881,1,24.8881,24.8881,24.8881,34822,1,34822,34822,34822
18,80,118,1,118,118,118,36.0509,1,36.0509,36.0509,36.0509,38119,1,38119,38119,38119
18,80,113,1,113,113,113,9.89436,1,9.89436,9.89436,9.89436,19407,1,19407,19407,19407
18,80,127,1,127,127,127,13.4102,1,13.4102,13.4102,13.4102,26835,1,26835,26835,26835
18,80,128,1,128,128,128,244.382,1,244.382,244.382,244.382,110743,1,110743,110743,110743
18,80,114,1,114,114,114,16.24,1,16.24,16.24,16.24,25513,1,25513,25513,25513
18,80,119,1,119,119,119,3.96664,1,3.96664,3.96664,3.96664,12018,1,12018,12018,12018
18,80,115,1,115,115,115,82.7027,1,82.7027,82.7027,82.7027,60847,1,60847,60847,60847
18,80,121,1,121,121,121,4.73631,1,4.73631,4.73631,4.73631,15207,1,15207,15207,15207
18,80,128,1,128,128,128,85.8217,1,85.8217,85.8217,85.8217,70836,1,70836,70836,70836
18,80,123,1,123,123,123,15.9889,1,15.9889,15.9889,15.9889,25843,1,25843,25843,25843
18,80,113,1,113,113,113,10.8903,1,10.8903,10.8903,10.8903,23144,1,23144,23144,23144
18,80,124,1,124,124,124,5.30734,1,5.30734,5.30734,5.30734,13522,1,13522,13522,13522
18,80,118,1,118,118,118,58.2069,1,58.2069,58.2069,58.2069,55782,1,55782,55782,55782
18,80,124,1,124,124,124,31.9009,1,31.9009,31.9009,31.9009,38053,1,38053,38053,38053
18,80,127,1,127,127,127,17.0201,1,17.0201,17.0201,17.0201,29341,1,29341,29341,29341
18,80,123,1,123,123,123,36.2067,1,36.2067,36.2067,36.2067,42892,1,42892,42892,42892
18,80,123,1,123,123,123,18.4771,1,18.4771,18.4771,18.4771,28320,1,28320,28320,28320
18,80,119,1,119,119,119,11.4661,1,11.4661,11.4661,11.4661,23422,1,23422,23422,23422
18,80,123,1,123,123,123,24.191,1,24.191,24.191,24.191,33070,1,33070,33070,33070
18,80,122,1,122,122,122,11.0594,1,11.0594,11.0594,11.0594,24068,1,24068,24068,24068
18,80,116,1,116,116,116,6.65083,1,6.65083,6.65083,6.65083,15894,1,15894,15894,15894
18,80,122,1,122,122,122,8.67575,1,8.67575,8.67575,8.67575,18601,1,18601,18601,18601
18,80,116,1,116,116,116,24.2621,1,24.2621,24.2621,24.2621,35796,1,35796,35796,35796
18,80,118,1,118,118,118,1.94065,1,1.94065,1.94065,1.94065,8979,1,8979,8979,8979
18,80,125,1,125,125,125,27.1264,1,27.1264,27.1264,27.1264,35483,1,35483,35483,35483
18,80,124,1,124,124,124,19.5031,1,19.5031,19.5031,19.5031,29804,1,29804,29804,29804
18,80,130,1,130,130,130,32.7348,1,32.7348,32.7348,32.7348,39318,1,39318,39318,39318
18,80,127,1,127,127,127,29.0775,1,29.0775,29.0775,29.0775,37610,1,37610,37610,37610
18,80,125,1,125,125,125,113.297,1,113.297,113.297,113.297,71636,1,71636,71636,71636
18,80,126,1,126,126,126,14.0008,1,14.0008,14.0008,14.0008,25762,1,25762,25762,25762
18,80,126,1,126,126,126,10.3359,1,10.3359,10.3359,10.3359,21507,1,21507,21507,21507
18,80,118,1,118,118,118,13.7759,1,13.7759,13.7759,13.7759,24361,1,24361,24361,24361
18,80,122,1,122,122,122,51.7588,1,51.7588,51.7588,51.7588,45380,1,45380,45380,45380
18,80,123,1,123,123,123,23.0476,1,23.0476,23.0476,23.0476,31466,1,31466,31466,31466
18,80,124,1,124,124,124,4.65554,1,4.65554,4.65554,4.65554,14215,1,14215,14215,14215
18,80,126,1,126,126,126,20.604,1,20.604,20.604,20.604,30091,1,30091,30091,30091
18,80,113,1,113,113,113,20.084,1,20.084,20.084,20.084,28908,1,28908,28908,28908
18,80,117,1,117,117,117,21.0297,1,21.0297,21.0297,21.0297,31900,1,31900,31900,31900
18,80,122,1,122,122,122,44.0252,1,44.0252,44.0252,44.0252,43585,1,43585,43585,43585
18,80,118,1,118,118,118,1.68841,1,1.68841,1.68841,1.68841,6553,1,6553,6553,6553
18,80,123,1,123,123,123,27.4888,1,27.4888,27.4888,27.4888,39749,1,39749,39749,39749
18,80,129,1,129,129,129,64.9139,1,64.9139,64.9139,64.9139,57229,1,57229,57229,57229
18,80,124,1,124,124,124,64.3637,1,64.3637,64.3637,64.3637,55942,1,55942,55942,55942
18,80,123,1,123,123,123,11.2566,1,11.2566,11.2566,11.2566,24843,1,24843,24843,24843
18,80,112,1,112,112,112,73.4941,1,73.4941,73.4941,73.4941,56752,1,56752,56752,56752
18,80,126,1,126,126,126,3.45252,1,3.45252,3.45252,3.45252,12769,1,12769,12769,12769
18,80,134,1,134,134,134,46.8846,1,46.8846,46.8846,46.8846,46818,1,46818,46818,46818
18,80,116,1,116,116,116,5.99551,1,5.99551,5.99551,5.99551,16341,1,16341,16341,16341
18,80,117,1,117,117,117,59.8849,1,59.8849,59.8849,59.8849,50016,1,50016,50016,50016
18,80,114,1,114,114,114,39.2058,1,39.2058,39.2058,39.2058,40334,1,40334,40334,40334
18,80,127,1,127,127,127,34.5721,1,34.5721,34.5721,34.5721,41863,1,41863,41863,41863
18,80,125,1,125,125,125,17.0329,1,17.0329,17.0329,17.0329,31251,1,31251,31251,31251
18,80,111,1,111,111,111,147.396,1,147.396,147.396,147.396,85377,1,85377,85377,85377
18,80,124,1,124,124,124,151.25,1,151.25,151.25,151.25,78500,1,78500,78500,78500
18,80,130,1,130,130,130,29.9969,1,29.9969,29.9969,29.9969,36343,1,36343,36343,36343
18,80,116,1,116,116,116,18.7763,1,18.7763,18.7763,18.7763,32534,1,32534,32534,32534
18,80,127,1,127,127,127,11.3038,1,11.3038,11.3038,11.3038,24626,1,24626,24626,24626
18,80,119,1,119,119,119,6.57309,1,6.57309,6.57309,6.57309,18196,1,18196,18196,18196
18,80,114,1,114,114,114,11.9767,1,11.9767,11.9767,11.9767,22164,1,22164,22164,22164
18,80,117,1,117,117,117,30.0064,1,30.0064,30.0064,30.0064,33948,1,33948,33948,33948
18,80,121,1,121,121,121,60.7316,1,60.7316,60.7316,60.7316,52185,1,52185,52185,52185
18,80,122,1,122,122,122,44.4966,1,44.4966,44.4966,44.4966,43465,1,43465,43465,43465
18,80,121,1,121,121,121,10.1522,1,10.1522,10.1522,10.1522,22074,1,22074,22074,22074
18,80,113,1,113,113,113,56.8296,1,56.8296,56.8296,56.8296,51626,1,51626,51626,51626
18,80,120,1,120,120,120,36.0296,1,36.0296,36.0296,36.0296,38364,1,38364,38364,38364
18,80,119,1,119,119,119,5.47206,1,5.47206,5.47206,5.47206,15075,1,15075,15075,15075
18,80,124,1,124,124,124,12.1092,1,12.1092,12.1092,12.1092,24045,1,24045,24045,24045
18,80,123,1,123,123,123,56.4651,1,56.4651,56.4651,56.4651,56959,1,56959,56959,56959
18,80,122,1,122,122,122,19.2882,1,19.2882,19.2882,19.2882,29528,1,29528,29528,29528
18,80,131,1,131,131,131,95.8587,1,95.8587,95.8587,95.8587,74343,1,74343,74343,74343
18,80,126,1,126,126,126,63.8626,1,63.8626,63.8626,63.8626,51021,1,51021,51021,51021
18,80,112,1,112,112,112,17.8691,1,17.8691,17.8691,17.8691,26123,1,26123,26123,26123
18,80,127,1,127,127,127,16.4087,1,16.4087,16.4087,16.4087,26362,1,26362,26362,26362
18,80,111,1,111,111,111,10.7478,1,10.7478,10.7478,10.7478,24977,1,24977,24977,24977
18,80,124,1,124,124,124,29.6663,1,29.6663,29.6663,29.6663,37759,1,37759,37759,37759
18,80,118,1,118,118,118,6.64821,1,6.64821,6.64821,6.64821,15844,1,15844,15844,15844
18,80,123,1,123,123,123,41.4377,1,41.4377,41.4377,41.4377,43461,1,43461,43461,43461
18,80,120,1,120,120,120,91.9047,1,91.9047,91.9047,91.9047,62870,1,62870,62870,62870
18,80,117,1,117,117,117,6.19008,1,6.19008,6.19008,6.19008,15769,1,15769,15769,15769
18,80,118,1,118,118,118,9.86797,1,9.86797,9.86797,9.86797,20516,1,20516,20516,20516
18,80,120,1,120,120,120,13.5391,1,13.5391,13.5391,13.5391,26196,1,26196,26196,26196
18,80,125,1,125,125,125,12.7148,1,12.7148,12.7148,12.7148,24435,1,24435,24435,24435
18,80,123,1,123,123,123,36.9192,1,36.9192,36.9192,36.9192,43992,1,43992,43992,43992
18,80,125,1,125,125,125,4.66099,1,4.66099,4.66099,4.66099,13989,1,13989,13989,13989
18,80,125,1,125,125,125,94.061,1,94.061,94.061,94.061,66036,1,66036,66036,66036
18,80,128,1,128,128,128,11.0742,1,11.0742,11.0742,11.0742,21813,1,21813,21813,21813
18,80,117,1,117,117,117,16.108,1,16.108,16.108,16.108,26795,1,26795,26795,26795
18,80,129,1,129,129,129,2.27472,1,2.27472,2.27472,2.27472,9553,1,9553,9553,9553
18,80,128,1,128,128,128,59.5877,1,59.5877,59.5877,59.5877,54832,1,54832,54832,54832
18,80,123,1,123,123,123,88.7542,1,88.7542,88.7542,88.7542,64654,1,64654,64654,64654
18,80,119,1,119,119,119,6.27553,1,6.27553,6.27553,6.27553,16750,1,16750,16750,16750
18,80,125,1,125,125,125,36.3907,1,36.3907,36.3907,36.3907,39827,1,39827,39827,39827
18,80,126,1,126,126,126,37.0848,1,37.0848,37.0848,37.0848,42574,1,42574,42574,42574
18,80,123,1,123,123,123,8.47637,1,8.47637,8.47637,8.47637,19985,1,19985,19985,19985
18,80,123,1,123,123,123,21.6185,1,21.6185,21.6185,21.6185,31175,1,31175,31175,31175
18,80,121,1,121,121,121,154.497,1,154.497,154.497,154.497,88281,1,88281,88281,88281
18,80,124,1,124,124,124,160.58,1,160.58,160.58,160.58,78749,1,78749,78749,78749
18,80,123,1,123,123,123,9.67492,1,9.67492,9.67492,9.67492,22217,1,22217,22217,22217
18,80,116,1,116,116,116,8.43753,1,8.43753,8.43753,8.43753,18524,1,18524,18524,18524
18,80,131,1,131,131,131,114.557,1,114.557,114.557,114.557,74837,1,74837,74837,74837
18,80,122,1,122,122,122,71.7993,1,71.7993,71.7993,71.7993,60498,1,60498,60498,60498
18,80,126,1,126,126,126,94.4085,1,94.4085,94.4085,94.4085,64863,1,64863,64863,64863
18,80,122,1,122,122,122,89.2026,1,89.2026,89.2026,89.2026,62368,1,62368,62368,62368
18,80,123,1,123,123,123,86.7219,1,86.7219,86.7219,86.7219,61992,1,61992,61992,61992
18,80,129,1,129,129,129,25.4004,1,25.4004,25.4004,25.4004,35963,1,35963,35963,35963
18,80,125,1,125,125,125,30.1154,1,30.1154,30.1154,30.1154,37819,1,37819,37819,37819
18,80,120,1,120,120,120,29.8913,1,29.8913,29.8913,29.8913,39561,1,39561,39561,39561
18,80,125,1,125,125,125,27.0412,1,27.0412,27.0412,27.0412,33790,1,33790,33790,33790
18,80,119,1,119,119,119,14.8368,1,14.8368,14.8368,14.8368,23955,1,23955,23955,23955
18,80,123,1,123,123,123,45.1274,1,45.1274,45.1274,45.1274,44612,1,44612,44612,44612
18,80,123,1,123,123,123,31.5104,1,31.5104,31.5104,31.5104,37559,1,37559,37559,37559
18,80,129,1,129,129,129,282.958,1,282.958,282.958,282.958,114238,1,114238,114238,114238
18,80,113,1,113,113,113,59.5229,1,59.5229,59.5229,59.5229,58762,1,58762,58762,58762
18,80,114,1,114,114,114,4.3854,1,4.3854,4.3854,4.3854,12591,1,12591,12591,12591
18,80,127,1,127,127,127,59.5389,1,59.5389,59.5389,59.5389,53269,1,53269,53269,53269
18,80,127,1,127,127,127,14.8668,1,14.8668,14.8668,14.8668,25989,1,25989,25989,25989
18,80,124,1,124,124,124,7.48307,1,7.48307,7.48307,7.48307,19419,1,19419,19419,19419
18,80,118,1,118,118,118,10.6172,1,10.6172,10.6172,10.6172,23389,1,23389,23389,23389
18,80,122,1,122,122,122,22.537,1,22.537,22.537,22.537,34444,1,34444,34444,34444
18,80,127,1,127,127,127,7.62338,1,7.62338,7.62338,7.62338,19264,1,19264,19264,19264
18,80,118,1,118,118,118,10.077,1,10.077,10.077,10.077,19939,1,19939,19939,19939
18,80,133,1,133,133,133,60.5609,1,60.5609,60.5609,60.5609,55930,1,55930,55930,55930
18,80,126,1,126,126,126,3.744,1,3.744,3.744,3.744,13446,1,13446,13446,13446
18,80,125,1,125,125,125,23.4814,1,23.4814,23.4814,23.4814,36825,1,36825,36825,36825
18,80,130,1,130,130,130,28.8693,1,28.8693,28.8693,28.8693,36049,1,36049,36049,36049
18,80,125,1,125,125,125,30.0452,1,30.0452,30.0452,30.0452,35317,1,35317,35317,35317
18,80,122,1,122,122,122,16.9213,1,16.9213,16.9213,16.9213,27299,1,27299,27299,27299
18,80,118,1,118,118,118,44.2366,1,44.2366,44.2366,44.2366,40473,1,40473,40473,40473
18,80,128,1,128,128,128,11.4043,1,11.4043,11.4043,11.4043,21694,1,21694,21694,21694
18,80,123,1,123,123,123,14.7752,1,14.7752,14.7752,14.7752,24726,1,24726,24726,24726
18,80,124,1,124,124,124,15.4919,1,15.4919,15.4919,15.4919,25991,1,25991,25991,25991
18,80,123,1,123,123,123,7.13156,1,7.13156,7.13156,7.13156,18079,1,18079,18079,18079
18,80,122,1,122,122,122,13.7102,1,13.7102,13.7102,13.7102,26266,1,26266,26266,26266
18,80,129,1,129,129,129,43.6966,1,43.6966,43.6966,43.6966,47293,1,47293,47293,47293
18,80,126,1,126,126,126,45.2669,1,45.2669,45.2669,45.2669,46233,1,46233,46233,46233
18,80,119,1,119,119,119,20.8177,1,20.8177,20.8177,20.8177,31661,1,31661,31661,31661
18,80,118,1,118,118,118,58.926,1,58.926,58.926,58.926,53494,1,53494,53494,53494
18,80,114,1,114,114,114,2.25951,1,2.25951,2.25951,2.25951,9722,1,9722,9722,9722
18,80,124,1,124,124,124,8.08292,1,8.08292,8.08292,8.08292,17083,1,17083,17083,17083
18,80,122,1,122,122,122,12.2075,1,12.2075,12.2075,12.2075,24284,1,24284,24284,24284
18,80,121,1,121,121,121,20.3225,1,20.3225,20.3225,20.3225,31400,1,31400,31400,31400
18,80,122,1,122,122,122,32.8381,1,32.8381,32.8381,32.8381,37753,1,37753,37753,37753
18,80,131,1,131,131,131,21.9858,1,21.9858,21.9858,21.9858,33358,1,33358,33358,33358
18,80,120,1,120,120,120,5.33282,1,5.33282,5.33282,5.33282,14696,1,14696,14696,14696
18,80,125,1,125,125,125,27.1998,1,27.1998,27.1998,27.1998,37901,1,37901,37901,37901
18,80,120,1,120,120,120,10.619,1,10.619,10.619,10.619,23853,1,23853,23853,23853
18,80,125,1,125,125,125,88.6132,1,88.6132,88.6132,88.6132,67098,1,67098,67098,67098
18,80,123,1,123,123,123,7.43002,1,7.43002,7.43002,7.43002,17191,1,17191,17191,17191
18,80,118,1,118,118,118,87.6531,1,87.6531,87.6531,87.6531,62520,1,62520,62520,62520
18,80,116,1,116,116,116,9.92198,1,9.92198,9.92198,9.92198,19969,1,19969,19969,19969
18,80,126,1,126,126,126,3.39399,1,3.39399,3.39399,3.39399,10656,1,10656,10656,10656
18,80,125,1,125,125,125,31.7442,1,31.7442,31.7442,31.7442,39834,1,39834,39834,39834
18,80,119,1,119,119,119,2.47143,1,2.47143,2.47143,2.47143,9562,1,9562,9562,9562
18,80,114,1,114,114,114,25.3493,1,25.3493,25.3493,25.3493,34133,1,34133,34133,34133
18,80,122,1,122,122,122,18.8919,1,18.8919,18.8919,18.8919,31934,1,31934,31934,31934
18,80,121,1,121,121,121,17.3272,1,17.3272,17.3272,17.3272,27443,1,27443,27443,27443
18,80,121,1,121,121,121,34.2267,1,34.2267,34.2267,34.2267,40569,1,40569,40569,40569
18,80,129,1,129,129,129,32.4748,1,32.4748,32.4748,32.4748,38616,1,38616,38616,38616
18,80,131,1,131,131,131,70.3665,1,70.3665,70.3665,70.3665,60431,1,60431,60431,60431
18,80,116,1,116,116,116,18.6755,1,18.6755,18.6755,18.6755,27295,1,27295,27295,27295
18,80,117,1,117,117,117,3.14133,1,3.14133,3.14133,3.14133,11243,1,11243,11243,11243
18,80,123,1,123,123,123,89.6959,1,89.6959,89.6959,89.6959,71895,1,71895,71895,71895
18,80,118,1,118,118,118,12.857,1,12.857,12.857,12.857,21047,1,21047,21047,21047
18,80,122,1,122,122,122,32.2222,1,32.2222,32.2222,32.2222,40056,1,40056,40056,40056
18,80,119,1,119,119,119,28.1014,1,28.1014,28.1014,28.1014,34987,1,34987,34987,34987
18,80,110,1,110,110,110,14.7003,1,14.7003,14.7003,14.7003,23697,1,23697,23697,23697
18,80,117,1,117,117,117,7.115,1,7.115,7.115,7.115,15689,1,15689,15689,15689
18,80,114,1,114,114,114,19.1464,1,19.1464,19.1464,19.1464,31976,1,31976,31976,31976
18,80,126,1,126,126,126,58.6451,1,58.6451,58.6451,58.6451,44898,1,44898,44898,44898
18,80,113,1,113,113,113,3.1056,1,3.1056,3.1056,3.1056,12558,1,12558,12558,12558
18,80,129,1,129,129,129,226.288,1,226.288,226.288,226.288,108780,1,108780,108780,108780
18,80,123,1,123,123,123,91.3174,1,91.3174,91.3174,91.3174,66028,1,66028,66028,66028
18,80,131,1,131,131,131,32.2611,1,32.2611,32.2611,32.2611,39407,1,39407,39407,39407
18,80,127,1,127,127,127,11.3745,1,11.3745,11.3745,11.3745,21287,1,21287,21287,21287
18,80,132,1,132,132,132,5.0655,1,5.0655,5.0655,5.0655,14393,1,14393,14393,14393
18,80,128,1,128,128,128,7.14877,1,7.14877,7.14877,7.14877,17420,1,17420,17420,17420
18,80,120,1,120,120,120,24.0833,1,24.0833,24.0833,24.0833,33313,1,33313,33313,33313
18,80,124,1,124,124,124,11.9298,1,11.9298,11.9298,11.9298,22368,1,22368,22368,22368
18,80,124,1,124,124,124,95.7133,1,95.7133,95.7133,95.7133,70555,1,70555,70555,70555
18,80,119,1,119,119,119,23.846,1,23.846,23.846,23.846,32570,1,32570,32570,32570
18,80,118,1,118,118,118,11.4435,1,11.4435,11.4435,11.4435,20533,1,20533,20533,20533
18,80,119,1,119,119,119,47.0502,1,47.0502,47.0502,47.0502,46749,1,46749,46749,46749
18,80,120,1,120,120,120,17.0911,1,17.0911,17.0911,17.0911,27406,1,27406,27406,27406
18,80,130,1,130,130,130,87.8291,1,87.8291,87.8291,87.8291,65849,1,65849,65849,65849
18,80,131,1,131,131,131,16.681,1,16.681,16.681,16.681,26299,1,26299,26299,26299
18,80,129,1,129,129,129,20.7887,1,20.7887,20.7887,20.7887,30793,1,30793,30793,30793
18,80,118,1,118,118,118,3.58461,1,3.58461,3.58461,3.58461,11430,1,11430,11430,11430
18,80,125,1,125,125,125,117.918,1,117.918,117.918,117.918,77466,1,77466,77466,77466
18,80,111,1,111,111,111,8.6522,1,8.6522,8.6522,8.6522,22821,1,22821,22821,22821
18,80,127,1,127,127,127,22.3602,1,22.3602,22.3602,22.3602,33851,1,33851,33851,33851
18,80,115,1,115,115,115,7.36819,1,7.36819,7.36819,7.36819,16083,1,16083,16083,16083
18,80,117,1,117,117,117,4.37789,1,4.37789,4.37789,4.37789,14751,1,14751,14751,14751
18,80,122,1,122,122,122,29.3928,1,29.3928,29.3928,29.3928,35781,1,35781,35781,35781
18,80,123,1,123,123,123,89.0589,1,89.0589,89.0589,89.0589,63640,1,63640,63640,63640
18,80,128,1,128,128,128,47.7388,1,47.7388,47.7388,47.7388,48582,1,48582,48582,48582
18,80,127,1,127,127,127,28.2106,1,28.2106,28.2106,28.2106,39299,1,39299,39299,39299
18,80,119,1,119,119,119,44.6974,1,44.6974,44.6974,44.6974,43187,1,43187,43187,43187
18,80,124,1,124,124,124,236.275,1,236.275,236.275,236.275,102921,1,102921,102921,102921
18,80,122,1,122,122,122,15.0902,1,15.0902,15.0902,15.0902,29791,1,29791,29791,29791
18,80,127,1,127,127,127,67.0803,1,67.0803,67.0803,67.0803,53993,1,53993,53993,53993
18,80,122,1,122,122,122,7.5783,1,7.5783,7.5783,7.5783,17684,1,17684,17684,17684
18,80,114,1,114,114,114,7.79813,1,7.79813,7.79813,7.79813,17046,1,17046,17046,17046
18,80,123,1,123,123,123,23.3083,1,23.3083,23.3083,23.3083,32769,1,32769,32769,32769
18,80,121,1,121,121,121,7.11305,1,7.11305,7.11305,7.11305,16463,1,16463,16463,16463
18,80,125,1,125,125,125,19.0571,1,19.0571,19.0571,19.0571,27873,1,27873,27873,27873
18,80,124,1,124,124,124,17.6052,1,17.6052,17.6052,17.6052,27374,1,27374,27374,27374
18,80,125,1,125,125,125,3.7791,1,3.7791,3.7791,3.7791,13361,1,13361,13361,13361
18,80,127,1,127,127,127,14.1213,1,14.1213,14.1213,14.1213,22973,1,22973,22973,22973
18,80,128,1,128,128,128,47.0012,1,47.0012,47.0012,47.0012,46565,1,46565,46565,46565
18,80,122,1,122,122,122,19.4802,1,19.4802,19.4802,19.4802,34220,1,34220,34220,34220
18,80,118,1,118,118,118,16.4785,1,16.4785,16.4785,16.4785,25606,1,25606,25606,25606
18,80,122,1,122,122,122,55.2478,1,55.2478,55.2478,55.2478,50615,1,50615,50615,50615
18,80,120,1,120,120,120,53.5926,1,53.5926,53.5926,53.5926,56454,1,56454,56454,56454
18,80,119,1,119,119,119,19.9032,1,19.9032,19.9032,19.9032,27064,1,27064,27064,27064
18,80,125,1,125,125,125,4.32511,1,4.32511,4.32511,4.32511,12950,1,12950,12950,12950
18,80,126,1,126,126,126,16.363,1,16.363,16.363,16.363,26180,1,26180,26180,26180
18,80,131,1,131,131,131,97.6172,1,97.6172,97.6172,97.6172,74846,1,74846,74846,74846
18,80,127,1,127,127,127,6.41914,1,6.41914,6.41914,6.41914,17138,1,17138,17138,17138
18,80,127,1,127,127,127,18.7434,1,18.7434,18.7434,18.7434,26481,1,26481,26481,26481
18,80,114,1,114,114,114,18.5753,1,18.5753,18.5753,18.5753,32137,1,32137,32137,32137
18,80,121,1,121,121,121,3.80759,1,3.80759,3.80759,3.80759,12578,1,12578,12578,12578
18,80,133,1,133,133,133,84.3137,1,84.3137,84.3137,84.3137,64168,1,64168,64168,64168
18,80,125,1,125,125,125,86.9123,1,86.9123,86.9123,86.9123,57846,1,57846,57846,57846
18,80,120,1,120,120,120,83.0069,1,83.0069,83.0069,83.0069,58999,1,58999,58999,58999
18,80,118,1,118,118,118,26.6346,1,26.6346,26.6346,26.6346,40003,1,40003,40003,40003
18,80,121,1,121,121,121,189.69,1,189.69,189.69,189.69,87671,1,87671,87671,87671
18,80,134,1,134,134,134,46.5665,1,46.5665,46.5665,46.5665,48798,1,48798,48798,48798
18,80,118,1,118,118,118,68.7189,1,68.7189,68.7189,68.7189,56374,1,56374,56374,56374
18,80,116,1,116,116,116,16.9309,1,16.9309,16.9309,16.9309,24689,1,24689,24689,24689
18,80,125,1,125,125,125,31.6815,1,31.6815,31.6815,31.6815,37277,1,37277,37277,37277
18,80,120,1,120,120,120,9.88642,1,9.88642,9.88642,9.88642,20138,1,20138,20138,20138
18,80,133,1,133,133,133,39.2833,1,39.2833,39.2833,39.2833,47306,1,47306,47306,47306
18,80,135,1,135,135,135,5.36992,1,5.36992,5.36992,5.36992,15981,1,15981,15981,15981
18,80,124,1,124,124,124,32.1737,1,32.1737,32.1737,32.1737,41031,1,41031,41031,41031
18,80,121,1,121,121,121,2.74191,1,2.74191,2.74191,2.74191,10856,1,10856,10856,10856
18,80,116,1,116,116,116,14.3261,1,14.3261,14.3261,14.3261,25718,1,25718,25718,25718
18,80,124,1,124,124,124,90.4488,1,90.4488,90.4488,90.4488,58537,1,58537,58537,58537
18,80,115,1,115,115,115,50.8491,1,50.8491,50.8491,50.8491,42699,1,42699,42699,42699
18,80,122,1,122,122,122,15.0345,1,15.0345,15.0345,15.0345,31723,1,31723,31723,31723
18,80,132,1,132,132,132,108.736,1,108.736,108.736,108.736,67670,1,67670,67670,67670
18,80,125,1,125,125,125,26.8435,1,26.8435,26.8435,26.8435,35652,1,35652,35652,35652
18,80,117,1,117,117,117,94.8833,1,94.8833,94.8833,94.8833,64245,1,64245,64245,64245
18,80,121,1,121,121,121,35.8125,1,35.8125,35.8125,35.8125,40468,1,40468,40468,40468
18,80,116,1,116,116,116,22.2344,1,22.2344,22.2344,22.2344,29988,1,29988,29988,29988
18,80,123,1,123,123,123,40.6987,1,40.6987,40.6987,40.6987,43146,1,43146,43146,43146
18,80,120,1,120,120,120,44.7012,1,44.7012,44.7012,44.7012,50776,1,50776,50776,50776
18,80,136,1,136,136,136,48.518,1,48.518,48.518,48.518,46577,1,46577,46577,46577
18,80,120,1,120,120,120,11.5036,1,11.5036,11.5036,11.5036,21105,1,21105,21105,21105
18,80,121,1,121,121,121,20.21,1,20.21,20.21,20.21,30700,1,30700,30700,30700
18,80,125,1,125,125,125,9.34775,1,9.34775,9.34775,9.34775,22186,1,22186,22186,22186
18,80,119,1,119,119,119,75.9401,1,75.9401,75.9401,75.9401,60373,1,60373,60373,60373
18,80,114,1,114,114,114,55.6931,1,55.6931,55.6931,55.6931,51874,1,51874,51874,51874
18,80,123,1,123,123,123,7.90344,1,7.90344,7.90344,7.90344,19105,1,19105,19105,19105
18,80,125,1,125,125,125,42.6033,1,42.6033,42.6033,42.6033,45856,1,45856,45856,45856
18,80,121,1,121,121,121,14.4699,1,14.4699,14.4699,14.4699,28216,1,28216,28216,28216
18,80,112,1,112,112,112,19.5774,1,19.5774,19.5774,19.5774,28526,1,28526,28526,28526
18,80,122,1,122,122,122,170.739,1,170.739,170.739,170.739,87766,1,87766,87766,87766
18,80,131,1,131,131,131,33.9934,1,33.9934,33.9934,33.9934,39349,1,39349,39349,39349
18,80,118,1,118,118,118,5.22726,1,5.22726,5.22726,5.22726,13039,1,13039,13039,13039
18,80,122,1,122,122,122,56.754,1,56.754,56.754,56.754,46664,1,46664,46664,46664
18,80,121,1,121,121,121,6.44112,1,6.44112,6.44112,6.44112,16001,1,16001,16001,16001
18,80,123,1,123,123,123,36.8763,1,36.8763,36.8763,36.8763,39255,1,39255,39255,39255
18,80,127,1,127,127,127,17.338,1,17.338,17.338,17.338,29038,1,29038,29038,29038
18,80,120,1,120,120,120,11.8174,1,11.8174,11.8174,11.8174,22633,1,22633,22633,22633
18,80,121,1,121,121,121,22.6677,1,22.6677,22.6677,22.6677,32766,1,32766,32766,32766
18,80,132,1,132,132,132,99.7603,1,99.7603,99.7603,99.7603,74370,1,74370,74370,74370
18,80,120,1,120,120,120,5.53523,1,5.53523,5.53523,5.53523,16434,1,16434,16434,16434
18,80,120,1,120,120,120,8.47866,1,8.47866,8.47866,8.47866,19212,1,19212,19212,19212
18,80,125,1,125,125,125,102.419,1,102.419,102.419,102.419,69959,1,69959,69959,69959
18,80,120,1,120,120,120,27.9231,1,27.9231,27.9231,27.9231,39669,1,39669,39669,39669
18,80,114,1,114,114,114,8.38911,1,8.38911,8.38911,8.38911,18592,1,18592,18592,18592
18,80,124,1,124,124,124,30.4917,1,30.4917,30.4917,30.4917,39946,1,39946,39946,39946
18,80,124,1,124,124,124,88.0664,1,88.0664,88.0664,88.0664,68312,1,68312,68312,68312
18,80,125,1,125,125,125,16.8297,1,16.8297,16.8297,16.8297,27831,1,27831,27831,27831
18,80,127,1,127,127,127,23.8263,1,23.8263,23.8263,23.8263,34442,1,34442,34442,34442
18,80,125,1,125,125,125,11.6378,1,11.6378,11.6378,11.6378,23805,1,23805,23805,23805
18,80,128,1,128,128,128,23.808,1,23.808,23.808,23.808,36275,1,36275,36275,36275
18,80,127,1,127,127,127,4.49194,1,4.49194,4.49194,4.49194,13609,1,13609,13609,13609
18,80,116,1,116,116,116,5.4483,1,5.4483,5.4483,5.4483,15055,1,15055,15055,15055
18,80,113,1,113,113,113,8.29394,1,8.29394,8.29394,8.29394,17400,1,17400,17400,17400
18,80,129,1,129,129,129,80.0948,1,80.0948,80.0948,80.0948,72928,1,72928,72928,72928
18,80,121,1,121,121,121,28.4433,1,28.4433,28.4433,28.4433,36522,1,36522,36522,36522
18,80,123,1,123,123,123,13.7523,1,13.7523,13.7523,13.7523,25882,1,25882,25882,25882
18,80,118,1,118,118,118,13.734,1,13.734,13.734,13.734,26223,1,26223,26223,26223
18,80,117,1,117,117,117,105.043,1,105.043,105.043,105.043,66271,1,66271,66271,66271
18,80,125,1,125,125,125,100.199,1,100.199,100.199,100.199,69680,1,69680,69680,69680
18,80,121,1,121,121,121,16.4866,1,16.4866,16.4866,16.4866,28614,1,28614,28614,28614
18,80,119,1,119,119,119,1.17895,1,1.17895,1.17895,1.17895,6853,1,6853,6853,6853
18,80,120,1,120,120,120,99.6824,1,99.6824,99.6824,99.6824,70514,1,70514,70514,70514
18,80,121,1,121,121,121,27.1555,1,27.1555,27.1555,27.1555,36471,1,36471,36471,36471
18,80,124,1,124,124,124,36.5279,1,36.5279,36.5279,36.5279,39755,1,39755,39755,39755
18,80,122,1,122,122,122,19.6006,1,19.6006,19.6006,19.6006,31801,1,31801,31801,31801
18,80,122,1,122,122,122,6.49793,1,6.49793,6.49793,6.49793,15978,1,15978,15978,15978
18,80,122,1,122,122,122,9.18236,1,9.18236,9.18236,9.18236,19783,1,19783,19783,19783
18,80,121,1,121,121,121,7.27015,1,7.27015,7.27015,7.27015,17585,1,17585,17585,17585
18,80,137,1,137,137,137,30.9114,1,30.9114,30.9114,30.9114,38209,1,38209,38209,38209
18,80,127,1,127,127,127,31.1555,1,31.1555,31.1555,31.1555,36217,1,36217,36217,36217
18,80,122,1,122,122,122,28.2587,1,28.2587,28.2587,28.2587,35347,1,35347,35347,35347
18,80,127,1,127,127,127,17.7525,1,17.7525,17.7525,17.7525,30444,1,30444,30444,30444
18,80,130,1,130,130,130,16.9627,1,16.9627,16.9627,16.9627,29153,1,29153,29153,29153
18,80,123,1,123,123,123,119.147,1,119.147,119.147,119.147,71473,1,71473,71473,71473
18,80,120,1,120,120,120,27.1719,1,27.1719,27.1719,27.1719,35659,1,35659,35659,35659
18,80,117,1,117,117,117,113.273,1,113.273,113.273,113.273,72320,1,72320,72320,72320
18,80,134,1,134,134,134,6.72142,1,6.72142,6.72142,6.72142,18151,1,18151,18151,18151
18,80,114,1,114,114,114,24.5378,1,24.5378,24.5378,24.5378,33668,1,33668,33668,33668
18,80,121,1,121,121,121,14.7657,1,14.7657,14.7657,14.7657,22498,1,22498,22498,22498
18,80,121,1,121,121,121,15.842,1,15.842,15.842,15.842,23747,1,23747,23747,23747
18,80,117,1,117,117,117,15.5353,1,15.5353,15.5353,15.5353,24950,1,24950,24950,24950
18,80,127,1,127,127,127,41.3948,1,41.3948,41.3948,41.3948,42178,1,42178,42178,42178
18,80,116,1,116,116,116,84.2047,1,84.2047,84.2047,84.2047,55130,1,55130,55130,55130
18,80,117,1,117,117,117,32.938,1,32.938,32.938,32.938,40384,1,40384,40384,40384
18,80,122,1,122,122,122,40.8952,1,40.8952,40.8952,40.8952,47024,1,47024,47024,47024
18,80,118,1,118,118,118,29.9061,1,29.9061,29.9061,29.9061,35195,1,35195,35195,35195
18,80,122,1,122,122,122,3.12013,1,3.12013,3.12013,3.12013,11234,1,11234,11234,11234
18,80,122,1,122,122,122,273.657,1,273.657,273.657,273.657,124611,1,124611,124611,124611
18,80,126,1,126,126,126,17.1523,1,17.1523,17.1523,17.1523,28770,1,28770,28770,28770
18,80,121,1,121,121,121,26.5147,1,26.5147,26.5147,26.5147,29686,1,29686,29686,29686
18,80,124,1,124,124,124,46.8639,1,46.8639,46.8639,46.8639,51097,1,51097,51097,51097
18,80,125,1,125,125,125,33.57,1,33.57,33.57,33.57,41307,1,41307,41307,41307
18,80,127,1,127,127,127,22.7644,1,22.7644,22.7644,22.7644,34236,1,34236,34236,34236
18,80,124,1,124,124,124,56.0954,1,56.0954,56.0954,56.0954,47339,1,47339,47339,47339
18,80,126,1,126,126,126,30.338,1,30.338,30.338,30.338,39961,1,39961,39961,39961
18,80,118,1,118,118,118,5.40408,1,5.40408,5.40408,5.40408,15293,1,15293,15293,15293
18,80,119,1,119,119,119,12.696,1,12.696,12.696,12.696,24588,1,24588,24588,24588
18,80,125,1,125,125,125,24.1621,1,24.1621,24.1621,24.1621,31520,1,31520,31520,31520
18,80,126,1,126,126,126,39.5068,1,39.5068,39.5068,39.5068,45097,1,45097,45097,45097
18,80,121,1,121,121,121,13.933,1,13.933,13.933,13.933,27429,1,27429,27429,27429
18,80,127,1,127,127,127,94.9237,1,94.9237,94.9237,94.9237,62410,1,62410,62410,62410
18,80,132,1,132,132,132,47.9416,1,47.9416,47.9416,47.9416,49852,1,49852,49852,49852
18,80,118,1,118,118,118,13.1307,1,13.1307,13.1307,13.1307,25446,1,25446,25446,25446
18,80,120,1,120,120,120,31.3739,1,31.3739,31.3739,31.3739,36530,1,36530,36530,36530
18,80,129,1,129,129,129,9.47205,1,9.47205,9.47205,9.47205,20543,1,20543,20543,20543
18,80,125,1,125,125,125,44.8431,1,44.8431,44.8431,44.8431,47284,1,47284,47284,47284
18,80,124,1,124,124,124,86.4692,1,86.4692,86.4692,86.4692,73694,1,73694,73694,73694
18,80,118,1,118,118,118,9.53872,1,9.53872,9.53872,9.53872,19948,1,19948,19948,19948
18,80,131,1,131,131,131,19.451,1,19.451,19.451,19.451,30212,1,30212,30212,30212
18,80,123,1,123,123,123,11.1791,1,11.1791,11.1791,11.1791,21473,1,21473,21473,21473
18,80,119,1,119,119,119,2.61096,1,2.61096,2.61096,2.61096,10582,1,10582,10582,10582
18,80,119,1,119,119,119,4.91298,1,4.91298,4.91298,4.91298,14758,1,14758,14758,14758
18,80,123,1,123,123,123,1.78156,1,1.78156,1.78156,1.78156,7845,1,7845,7845,7845
18,80,126,1,126,126,126,21.1538,1,21.1538,21.1538,21.1538,31704,1,31704,31704,31704
18,80,122,1,122,122,122,5.68975,1,5.68975,5.68975,5.68975,15439,1,15439,15439,15439
18,80,127,1,127,127,127,46.9031,1,46.9031,46.9031,46.9031,50292,1,50292,50292,50292
18,80,124,1,124,124,124,31.7946,1,31.7946,31.7946,31.7946,41274,1,41274,41274,41274
18,80,119,1,119,119,119,8.56153,1,8.56153,8.56153,8.56153,17166,1,17166,17166,17166
18,80,123,1,123,123,123,47.8997,1,47.8997,47.8997,47.8997,43125,1,43125,43125,43125
18,80,127,1,127,127,127,85.8136,1,85.8136,85.8136,85.8136,67642,1,67642,67642,67642
18,80,126,1,126,126,126,24.2321,1,24.2321,24.2321,24.2321,36076,1,36076,36076,36076
18,80,130,1,130,130,130,16.2959,1,16.2959,16.2959,16.2959,27756,1,27756,27756,27756
18,80,113,1,113,113,113,3.22346,1,3.22346,3.22346,3.22346,11395,1,11395,11395,11395
18,80,123,1,123,123,123,66.4674,1,66.4674,66.4674,66.4674,57622,1,57622,57622,57622
18,80,112,1,112,112,112,11.6692,1,11.6692,11.6692,11.6692,22373,1,22373,22373,22373
18,80,123,1,123,123,123,32.1172,1,32.1172,32.1172,32.1172,34360,1,34360,34360,34360
18,80,125,1,125,125,125,10.4712,1,10.4712,10.4712,10.4712,21574,1,21574,21574,21574
18,80,124,1,124,124,124,27.0273,1,27.0273,27.0273,27.0273,39411,1,39411,39411,39411
18,80,123,1,123,123,123,57.9857,1,57.9857,57.9857,57.9857,51694,1,51694,51694,51694
18,80,119,1,119,119,119,8.14013,1,8.14013,8.14013,8.14013,20541,1,20541,20541,20541
18,80,120,1,120,120,120,93.3,1,93.3,93.3,93.3,62754,1,62754,62754,62754
18,80,121,1,121,121,121,11.2701,1,11.2701,11.2701,11.2701,21852,1,21852,21852,21852
18,80,112,1,112,112,112,12.0206,1,12.0206,12.0206,12.0206,23691,1,23691,23691,23691
18,80,121,1,121,121,121,54.7374,1,54.7374,54.7374,54.7374,50551,1,50551,50551,50551
18,80,127,1,127,127,127,39.6948,1,39.6948,39.6948,39.6948,43965,1,43965,43965,43965
18,80,124,1,124,124,124,34.5306,1,34.5306,34.5306,34.5306,39413,1,39413,39413,39413
18,80,132,1,132,132,132,130.83,1,130.83,130.83,130.83,88942,1,88942,88942,88942
18,80,128,1,128,128,128,15.5482,1,15.5482,15.5482,15.5482,26611,1,26611,26611,26611
18,80,114,1,114,114,114,10.8112,1,10.8112,10.8112,10.8112,21124,1,21124,21124,21124
18,80,112,1,112,112,112,5.81685,1,5.81685,5.81685,5.81685,14935,1,14935,14935,14935
18,80,124,1,124,124,124,17.8403,1,17.8403,17.8403,17.8403,27831,1,27831,27831,27831
18,80,122,1,122,122,122,7.5679,1,7.5679,7.5679,7.5679,17226,1,17226,17226,17226
18,80,115,1,115,115,115,19.282,1,19.282,19.282,19.282,29032,1,29032,29032,29032
18,80,115,1,115,115,115,2.63869,1,2.63869,2.63869,2.63869,10758,1,10758,10758,10758
18,80,129,1,129,129,129,5.32443,1,5.32443,5.32443,5.32443,14645,1,14645,14645,14645
18,80,116,1,116,116,116,7.86855,1,7.86855,7.86855,7.86855,20447,1,20447,20447,20447
18,80,120,1,120,120,120,40.9261,1,40.9261,40.9261,40.9261,37007,1,37007,37007,37007
18,80,123,1,123,123,123,19.2118,1,19.2118,19.2118,19.2118,29720,1,29720,29720,29720
18,80,123,1,123,123,123,11.143,1,11.143,11.143,11.143,20071,1,20071,20071,20071
18,80,112,1,112,112,112,8.13056,1,8.13056,8.13056,8.13056,18539,1,18539,18539,18539
18,80,129,1,129,129,129,7.27327,1,7.27327,7.27327,7.27327,18581,1,18581,18581,18581
18,80,125,1,125,125,125,82.95,1,82.95,82.95,82.95,70015,1,70015,70015,70015
18,80,125,1,125,125,125,18.9054,1,18.9054,18.9054,18.9054,28729,1,28729,28729,28729
18,80,120,1,120,120,120,17.7719,1,17.7719,17.7719,17.7719,28986,1,28986,28986,28986
18,80,123,1,123,123,123,138.201,1,138.201,138.201,138.201,77659,1,77659,77659,77659
18,80,119,1,119,119,119,42.3899,1,42.3899,42.3899,42.3899,45205,1,45205,45205,45205
18,80,123,1,123,123,123,16.2841,1,16.2841,16.2841,16.2841,26153,1,26153,26153,26153
18,80,124,1,124,124,124,14.7938,1,14.7938,14.7938,14.7938,27549,1,27549,27549,27549
18,80,122,1,122,122,122,5.68827,1,5.68827,5.68827,5.68827,14891,1,14891,14891,14891
18,80,114,1,114,114,114,25.8626,1,25.8626,25.8626,25.8626,35739,1,35739,35739,35739
18,80,118,1,118,118,118,67.3391,1,67.3391,67.3391,67.3391,48397,1,48397,48397,48397
18,80,128,1,128,128,128,9.30597,1,9.30597,9.30597,9.30597,20024,1,20024,20024,20024
18,80,120,1,120,120,120,4.30635,1,4.30635,4.30635,4.30635,13456,1,13456,13456,13456
18,80,119,1,119,119,119,15.699,1,15.699,15.699,15.699,24778,1,24778,24778,24778
18,80,127,1,127,127,127,27.3133,1,27.3133,27.3133,27.3133,38222,1,38222,38222,38222
18,80,122,1,122,122,122,42.726,1,42.726,42.726,42.726,39998,1,39998,39998,39998
18,80,127,1,127,127,127,41.0473,1,41.0473,41.0473,41.0473,45201,1,45201,45201,45201
18,80,119,1,119,119,119,35.8694,1,35.8694,35.8694,35.8694,36764,1,36764,36764,36764
18,80,114,1,114,114,114,41.6568,1,41.6568,41.6568,41.6568,44426,1,44426,44426,44426
18,80,123,1,123,123,123,82.6481,1,82.6481,82.6481,82.6481,62495,1,62495,62495,62495
18,80,119,1,119,119,119,9.52216,1,9.52216,9.52216,9.52216,20319,1,20319,20319,20319
18,80,124,1,124,124,124,48.8175,1,48.8175,48.8175,48.8175,49104,1,49104,49104,49104
18,80,121,1,121,121,121,19.6284,1,19.6284,19.6284,19.6284,28785,1,28785,28785,28785
18,80,119,1,119,119,119,3.89171,1,3.89171,3.89171,3.89171,12771,1,12771,12771,12771
18,80,128,1,128,128,128,41.4654,1,41.4654,41.4654,41.4654,47301,1,47301,47301,47301
18,80,120,1,120,120,120,7.88589,1,7.88589,7.88589,7.88589,19131,1,19131,19131,19131
18,80,123,1,123,123,123,30.0708,1,30.0708,30.0708,30.0708,38496,1,38496,38496,38496
18,80,117,1,117,117,117,14.4262,1,14.4262,14.4262,14.4262,23565,1,23565,23565,23565
18,80,116,1,116,116,116,54.8617,1,54.8617,54.8617,54.8617,54704,1,54704,54704,54704
18,80,119,1,119,119,119,30.1288,1,30.1288,30.1288,30.1288,35324,1,35324,35324,35324
18,80,130,1,130,130,130,60.3091,1,60.3091,60.3091,60.3091,57339,1,57339,57339,57339
18,80,126,1,126,126,126,22.1431,1,22.1431,22.1431,22.1431,30864,1,30864,30864,30864
18,80,128,1,128,128,128,47.9684,1,47.9684,47.9684,47.9684,46033,1,46033,46033,46033
18,80,127,1,127,127,127,112.32,1,112.32,112.32,112.32,76506,1,76506,76506,76506
18,80,125,1,125,125,125,16.4301,1,16.4301,16.4301,16.4301,25098,1,25098,25098,25098
18,80,122,1,122,122,122,8.32849,1,8.32849,8.32849,8.32849,18030,1,18030,18030,18030
18,80,124,1,124,124,124,11.1941,1,11.1941,11.1941,11.1941,23437,1,23437,23437,23437
18,80,116,1,116,116,116,9.75117,1,9.75117,9.75117,9.75117,21400,1,21400,21400,21400
18,80,125,1,125,125,125,11.3828,1,11.3828,11.3828,11.3828,23035,1,23035,23035,23035
18,80,122,1,122,122,122,16.0084,1,16.0084,16.0084,16.0084,29706,1,29706,29706,29706
18,80,123,1,123,123,123,104.221,1,104.221,104.221,104.221,69753,1,69753,69753,69753
18,80,125,1,125,125,125,126.354,1,126.354,126.354,126.354,70020,1,70020,70020,70020
18,80,120,1,120,120,120,27.5242,1,27.5242,27.5242,27.5242,34260,1,34260,34260,34260
18,80,124,1,124,124,124,177.356,1,177.356,177.356,177.356,85515,1,85515,85515,85515
18,80,122,1,122,122,122,5.83342,1,5.83342,5.83342,5.83342,14576,1,14576,14576,14576
18,80,125,1,125,125,125,33.1136,1,33.1136,33.1136,33.1136,37518,1,37518,37518,37518
18,80,130,1,130,130,130,8.0458,1,8.0458,8.0458,8.0458,17652,1,17652,17652,17652
18,80,124,1,124,124,124,28.8146,1,28.8146,28.8146,28.8146,38101,1,38101,38101,38101
18,80,117,1,117,117,117,3.77488,1,3.77488,3.77488,3.77488,12065,1,12065,12065,12065
18,80,109,1,109,109,109,24.631,1,24.631,24.631,24.631,31894,1,31894,31894,31894
18,80,127,1,127,127,127,56.2987,1,56.2987,56.2987,56.2987,56192,1,56192,56192,56192
18,80,123,1,123,123,123,6.04,1,6.04,6.04,6.04,14959,1,14959,14959,14959
18,80,131,1,131,131,131,59.1957,1,59.1957,59.1957,59.1957,50856,1,50856,50856,50856
18,80,126,1,126,126,126,38.1882,1,38.1882,38.1882,38.1882,41243,1,41243,41243,41243
18,80,123,1,123,123,123,191.756,1,191.756,191.756,191.756,97871,1,97871,97871,97871
18,80,120,1,120,120,120,45.067,1,45.067,45.067,45.067,45354,1,45354,45354,45354
18,80,132,1,132,132,132,28.1646,1,28.1646,28.1646,28.1646,35752,1,35752,35752,35752
18,80,131,1,131,131,131,3.67936,1,3.67936,3.67936,3.67936,12915,1,12915,12915,12915
18,80,124,1,124,124,124,9.20465,1,9.20465,9.20465,9.20465,17786,1,17786,17786,17786
18,80,131,1,131,131,131,30.181,1,30.181,30.181,30.181,41960,1,41960,41960,41960
18,80,118,1,118,118,118,6.90116,1,6.90116,6.90116,6.90116,16545,1,16545,16545,16545
18,80,124,1,124,124,124,32.9085,1,32.9085,32.9085,32.9085,37337,1,37337,37337,37337
18,80,116,1,116,116,116,3.34634,1,3.34634,3.34634,3.34634,10542,1,10542,10542,10542
18,80,119,1,119,119,119,16.919,1,16.919,16.919,16.919,25790,1,25790,25790,25790
18,80,121,1,121,121,121,3.89266,1,3.89266,3.89266,3.89266,12243,1,12243,12243,12243
18,80,127,1,127,127,127,2.67138,1,2.67138,2.67138,2.67138,9604,1,9604,9604,9604
18,80,121,1,121,121,121,33.3084,1,33.3084,33.3084,33.3084,39696,1,39696,39696,39696
18,80,132,1,132,132,132,7.36685,1,7.36685,7.36685,7.36685,19322,1,19322,19322,19322
18,80,116,1,116,116,116,14.4665,1,14.4665,14.4665,14.4665,26291,1,26291,26291,26291
18,80,132,1,132,132,132,5.0386,1,5.0386,5.0386,5.0386,15428,1,15428,15428,15428
18,80,120,1,120,120,120,153.406,1,153.406,153.406,153.406,78165,1,78165,78165,78165
18,80,123,1,123,123,123,25.5994,1,25.5994,25.5994,25.5994,36125,1,36125,36125,36125
18,80,122,1,122,122,122,19.1907,1,19.1907,19.1907,19.1907,28240,1,28240,28240,28240
18,80,122,1,122,122,122,21.9921,1,21.9921,21.9921,21.9921,36109,1,36109,36109,36109
18,80,126,1,126,126,126,18.4668,1,18.4668,18.4668,18.4668,31829,1,31829,31829,31829
18,80,116,1,116,116,116,34.7702,1,34.7702,34.7702,34.7702,43707,1,43707,43707,43707
18,80,119,1,119,119,119,130.37,1,130.37,130.37,130.37,77423,1,77423,77423,77423
18,80,128,1,128,128,128,21.4538,1,21.4538,21.4538,21.4538,33972,1,33972,33972,33972
18,80,129,1,129,129,129,55.5887,1,55.5887,55.5887,55.5887,57795,1,57795,57795,57795
18,80,127,1,127,127,127,42.2736,1,42.2736,42.2736,42.2736,45837,1,45837,45837,45837
18,80,115,1,115,115,115,18.2544,1,18.2544,18.2544,18.2544,29784,1,29784,29784,29784
18,80,122,1,122,122,122,50.4163,1,50.4163,50.4163,50.4163,51048,1,51048,51048,51048
18,80,117,1,117,117,117,13.3377,1,13.3377,13.3377,13.3377,24889,1,24889,24889,24889
18,80,121,1,121,121,121,15.3539,1,15.3539,15.3539,15.3539,25108,1,25108,25108,25108
18,80,118,1,118,118,118,22.5468,1,22.5468,22.5468,22.5468,32340,1,32340,32340,32340
18,80,121,1,121,121,121,27.5092,1,27.5092,27.5092,27.5092,33548,1,33548,33548,33548
18,80,120,1,120,120,120,6.51302,1,6.51302,6.51302,6.51302,17576,1,17576,17576,17576
18,80,113,1,113,113,113,7.9802,1,7.9802,7.9802,7.9802,16965,1,16965,16965,16965
18,80,125,1,125,125,125,14.8388,1,14.8388,14.8388,14.8388,25779,1,25779,25779,25779
18,80,117,1,117,117,117,6.24198,1,6.24198,6.24198,6.24198,15787,1,15787,15787,15787
18,80,119,1,119,119,119,80.508,1,80.508,80.508,80.508,63394,1,63394,63394,63394
18,80,130,1,130,130,130,12.8153,1,12.8153,12.8153,12.8153,22976,1,22976,22976,22976
18,80,125,1,125,125,125,11.7246,1,11.7246,11.7246,11.7246,22834,1,22834,22834,22834
18,80,127,1,127,127,127,24.3083,1,24.3083,24.3083,24.3083,32636,1,32636,32636,32636
18,80,112,1,112,112,112,9.93117,1,9.93117,9.93117,9.93117,21941,1,21941,21941,21941
18,80,115,1,115,115,115,15.6913,1,15.6913,15.6913,15.6913,24547,1,24547,24547,24547
18,80,112,1,112,112,112,142.038,1,142.038,142.038,142.038,75441,1,75441,75441,75441
18,80,117,1,117,117,117,8.96839,1,8.96839,8.96839,8.96839,17898,1,17898,17898,17898
18,80,120,1,120,120,120,114.062,1,114.062,114.062,114.062,69516,1,69516,69516,69516
18,80,115,1,115,115,115,6.87727,1,6.87727,6.87727,6.87727,15916,1,15916,15916,15916
18,80,120,1,120,120,120,126.917,1,126.917,126.917,126.917,77031,1,77031,77031,77031
18,80,128,1,128,128,128,71.6735,1,71.6735,71.6735,71.6735,59718,1,59718,59718,59718
18,80,124,1,124,124,124,80.7225,1,80.7225,80.7225,80.7225,58927,1,58927,58927,58927
18,80,114,1,114,114,114,183.394,1,183.394,183.394,183.394,90520,1,90520,90520,90520
18,80,120,1,120,120,120,21.3031,1,21.3031,21.3031,21.3031,31981,1,31981,31981,31981
18,80,114,1,114,114,114,10.5624,1,10.5624,10.5624,10.5624,19998,1,19998,19998,19998
18,80,115,1,115,115,115,14.6282,1,14.6282,14.6282,14.6282,24742,1,24742,24742,24742
18,80,119,1,119,119,119,8.54825,1,8.54825,8.54825,8.54825,17593,1,17593,17593,17593
18,80,122,1,122,122,122,115.176,1,115.176,115.176,115.176,64678,1,64678,64678,64678
18,80,121,1,121,121,121,3.79239,1,3.79239,3.79239,3.79239,14052,1,14052,14052,14052
18,80,120,1,120,120,120,2.59576,1,2.59576,2.59576,2.59576,11197,1,11197,11197,11197
18,80,131,1,131,131,131,1.91567,1,1.91567,1.91567,1.91567,8729,1,8729,8729,8729
18,80,119,1,119,119,119,41.1847,1,41.1847,41.1847,41.1847,41520,1,41520,41520,41520
18,80,125,1,125,125,125,12.0275,1,12.0275,12.0275,12.0275,24844,1,24844,24844,24844
18,80,126,1,126,126,126,33.7154,1,33.7154,33.7154,33.7154,44683,1,44683,44683,44683
18,80,119,1,119,119,119,44.9151,1,44.9151,44.9151,44.9151,40978,1,40978,40978,40978
18,80,125,1,125,125,125,10.2119,1,10.2119,10.2119,10.2119,18746,1,18746,18746,18746
18,80,123,1,123,123,123,25.8669,1,25.8669,25.8669,25.8669,32776,1,32776,32776,32776
18,80,116,1,116,116,116,8.21994,1,8.21994,8.21994,8.21994,19643,1,19643,19643,19643
18,80,118,1,118,118,118,3.80044,1,3.80044,3.80044,3.80044,11405,1,11405,11405,11405
18,80,124,1,124,124,124,18.5327,1,18.5327,18.5327,18.5327,29154,1,29154,29154,29154
18,80,121,1,121,121,121,5.69532,1,5.69532,5.69532,5.69532,13992,1,13992,13992,13992
18,80,116,1,116,116,116,18.933,1,18.933,18.933,18.933,29595,1,29595,29595,29595
18,80,123,1,123,123,123,9.07584,1,9.07584,9.07584,9.07584,18406,1,18406,18406,18406
18,80,124,1,124,124,124,151.759,1,151.759,151.759,151.759,80832,1,80832,80832,80832
18,80,122,1,122,122,122,9.63367,1,9.63367,9.63367,9.63367,21905,1,21905,21905,21905
18,80,127,1,127,127,127,17.4224,1,17.4224,17.4224,17.4224,30794,1,30794,30794,30794
18,80,125,1,125,125,125,37.8213,1,37.8213,37.8213,37.8213,36623,1,36623,36623,36623
18,80,123,1,123,123,123,28.6889,1,28.6889,28.6889,28.6889,37439,1,37439,37439,37439
18,80,115,1,115,115,115,26.0255,1,26.0255,26.0255,26.0255,33955,1,33955,33955,33955
18,80,118,1,118,118,118,28.1829,1,28.1829,28.1829,28.1829,32477,1,32477,32477,32477
18,80,109,1,109,109,109,25.8228,1,25.8228,25.8228,25.8228,28407,1,28407,28407,28407
18,80,124,1,124,124,124,125.959,1,125.959,125.959,125.959,78820,1,78820,78820,78820
18,80,125,1,125,125,125,48.9005,1,48.9005,48.9005,48.9005,49210,1,49210,49210,49210
18,80,116,1,116,116,116,84.993,1,84.993,84.993,84.993,61143,1,61143,61143,61143
18,80,111,1,111,111,111,33.1677,1,33.1677,33.1677,33.1677,40627,1,40627,40627,40627
18,80,116,1,116,116,116,3.8099,1,3.8099,3.8099,3.8099,10728,1,10728,10728,10728
18,80,131,1,131,131,131,17.3408,1,17.3408,17.3408,17.3408,29737,1,29737,29737,29737
18,80,121,1,121,121,121,58.669,1,58.669,58.669,58.669,51865,1,51865,51865,51865
18,80,112,1,112,112,112,33.2091,1,33.2091,33.2091,33.2091,37524,1,37524,37524,37524
18,80,124,1,124,124,124,8.10919,1,8.10919,8.10919,8.10919,18565,1,18565,18565,18565
18,80,116,1,116,116,116,7.24622,1,7.24622,7.24622,7.24622,16993,1,16993,16993,16993
18,80,129,1,129,129,129,99.8082,1,99.8082,99.8082,99.8082,66803,1,66803,66803,66803
18,80,119,1,119,119,119,30.5948,1,30.5948,30.5948,30.5948,36456,1,36456,36456,36456
18,80,121,1,121,121,121,19.1943,1,19.1943,19.1943,19.1943,26836,1,26836,26836,26836
18,80,119,1,119,119,119,2.70022,1,2.70022,2.70022,2.70022,10979,1,10979,10979,10979
18,80,118,1,118,118,118,11.9677,1,11.9677,11.9677,11.9677,25239,1,25239,25239,25239
