n,p,m_total,m_count,m_mean,m_min,m_max,time_total,time_count,time_mean,time_min,time_max,calls_total,calls_count,calls_mean,calls_min,calls_max
19,30,57,1,57,57,57,2.07209,1,2.07209,2.07209,2.07209,7344,1,7344,7344,7344
19,30,65,1,65,65,65,5.81543,1,5.81543,5.81543,5.81543,14751,1,14751,14751,14751
19,30,50,1,50,50,50,0.971164,1,0.971164,0.971164,0.971164,4296,1,4296,4296,4296
19,30,44,1,44,44,44,0.644088,1,0.644088,0.644088,0.644088,4227,1,4227,4227,4227
19,30,52,1,52,52,52,0.868582,1,0.868582,0.868582,0.868582,4450,1,4450,4450,4450
19,30,49,1,49,49,49,0.497756,1,0.497756,0.497756,0.497756,3447,1,3447,3447,3447
19,30,50,1,50,50,50,0.434009,1,0.434009,0.434009,0.434009,2958,1,2958,2958,2958
19,30,51,1,51,51,51,1.98238,1,1.98238,1.98238,1.98238,8649,1,8649,8649,8649
19,30,51,1,51,51,51,0.44844,1,0.44844,0.44844,0.44844,3494,1,3494,3494,3494
19,30,55,1,55,55,55,0.614466,1,0.614466,0.614466,0.614466,4019,1,4019,4019,4019
19,30,52,1,52,52,52,1.30206,1,1.30206,1.30206,1.30206,5018,1,5018,5018,5018
19,30,54,1,54,54,54,0.537276,1,0.537276,0.537276,0.537276,4029,1,4029,4029,4029
19,30,51,1,51,51,51,1.29461,1,1.29461,1.29461,1.29461,7592,1,7592,7592,7592
19,30,50,1,50,50,50,0.705061,1,0.705061,0.705061,0.705061,4502,1,4502,4502,4502
19,30,59,1,59,59,59,0.698907,1,0.698907,0.698907,0.698907,4690,1,4690,4690,4690
19,30,49,1,49,49,49,0.396388,1,0.396388,0.396388,0.396388,2624,1,2624,2624,2624
19,30,52,1,52,52,52,2.05668,1,2.05668,2.05668,2.05668,8456,1,8456,8456,8456
19,30,55,1,55,55,55,3.10052,1,3.10052,3.10052,3.10052,10460,1,10460,10460,10460
19,30,54,1,54,54,54,0.121979,1,0.121979,0.121979,0.121979,1489,1,1489,1489,1489
19,30,45,1,45,45,45,0.248167,1,0.248167,0.248167,0.248167,2349,1,2349,2349,2349
19,30,51,1,51,51,51,0.666591,1,0.666591,0.666591,0.666591,3380,1,3380,3380,3380
19,30,47,1,47,47,47,0.555379,1,0.555379,0.555379,0.555379,4239,1,4239,4239,4239
19,30,54,1,54,54,54,4.36059,1,4.36059,4.36059,4.36059,9888,1,9888,9888,9888
19,30,46,1,46,46,46,0.652436,1,0.652436,0.652436,0.652436,3916,1,3916,3916,3916
19,30,53,1,53,53,53,0.290001,1,0.290001,0.290001,0.290001,2327,1,2327,2327,2327
19,30,41,1,41,41,41,0.635995,1,0.635995,0.635995,0.635995,2255,1,2255,2255,2255
19,30,47,1,47,47,47,0.499311,1,0.499311,0.499311,0.499311,3360,1,3360,3360,3360
19,30,47,1,47,47,47,0.748077,1,0.748077,0.748077,0.748077,4769,1,4769,4769,4769
19,30,46,1,46,46,46,0.341983,1,0.341983,0.341983,0.341983,2923,1,2923,2923,2923
19,30,57,1,57,57,57,1.01695,1,1.01695,1.01695,1.01695,4024,1,4024,4024,4024
19,30,62,1,62,62,62,1.64594,1,1.64594,1.64594,1.64594,6690,1,6690,6690,6690
19,30,68,1,68,68,68,2.56768,1,2.56768,2.56768,2.56768,8515,1,8515,8515,8515
19,30,47,1,47,47,47,0.387335,1,0.387335,0.387335,0.387335,3404,1,3404,3404,3404
19,30,48,1,48,48,48,0.485989,1,0.485989,0.485989,0.485989,3273,1,3273,3273,3273
19,30,52,1,52,52,52,1.45048,1,1.45048,1.45048,1.45048,7604,1,7604,7604,7604
19,30,54,1,54,54,54,1.45604,1,1.45604,1.45604,1.45604,5654,1,5654,5654,5654
19,30,40,1,40,40,40,1.14855,1,1.14855,1.14855,1.14855,3830,1,3830,3830,3830
19,30,51,1,51,51,51,0.892332,1,0.892332,0.892332,0.892332,5028,1,5028,5028,5028
19,30,51,1,51,51,51,0.30686,1,0.30686,0.30686,0.30686,2702,1,2702,2702,2702
19,30,45,1,45,45,45,0.381096,1,0.381096,0.381096,0.381096,2897,1,2897,2897,2897
19,30,58,1,58,58,58,0.314452,1,0.314452,0.314452,0.314452,3208,1,3208,3208,3208
19,30,53,1,53,53,53,0.968207,1,0.968207,0.968207,0.968207,6536,1,6536,6536,6536
19,30,50,1,50,50,50,0.336416,1,0.336416,0.336416,0.336416,3055,1,3055,3055,3055
19,30,51,1,51,51,51,0.612042,1,0.612042,0.612042,0.612042,3541,1,3541,3541,3541
19,30,60,1,60,60,60,2.54395,1,2.54395,2.54395,2.54395,7025,1,7025,7025,7025
19,30,57,1,57,57,57,0.805703,1,0.805703,0.805703,0.805703,4590,1,4590,4590,4590
19,30,64,1,64,64,64,0.588248,1,0.588248,0.588248,0.588248,3513,1,3513,3513,3513
19,30,58,1,58,58,58,1.7628,1,1.7628,1.7628,1.7628,7453,1,7453,7453,7453
19,30,48,1,48,48,48,0.723005,1,0.723005,0.723005,0.723005,4836,1,4836,4836,4836
19,30,50,1,50,50,50,1.25489,1,1.25489,1.25489,1.25489,6108,1,6108,6108,6108
19,30,52,1,52,52,52,0.446367,1,0.446367,0.446367,0.446367,3261,1,3261,3261,3261
19,30,52,1,52,52,52,0.219704,1,0.219704,0.219704,0.219704,1768,1,1768,1768,1768
19,30,44,1,44,44,44,0.130275,1,0.130275,0.130275,0.130275,1730,1,1730,1730,1730
19,30,45,1,45,45,45,0.186013,1,0.186013,0.186013,0.186013,1618,1,1618,1618,1618
19,30,47,1,47,47,47,1.20518,1,1.20518,1.20518,1.20518,6588,1,6588,6588,6588
19,30,48,1,48,48,48,0.324689,1,0.324689,0.324689,0.324689,2630,1,2630,2630,2630
19,30,42,1,42,42,42,0.772546,1,0.772546,0.772546,0.772546,4187,1,4187,4187,4187
19,30,59,1,59,59,59,0.705369,1,0.705369,0.705369,0.705369,5167,1,5167,5167,5167
19,30,53,1,53,53,53,1.37146,1,1.37146,1.37146,1.37146,5618,1,5618,5618,5618
19,30,58,1,58,58,58,0.552255,1,0.552255,0.552255,0.552255,3845,1,3845,3845,3845
19,30,45,1,45,45,45,0.420122,1,0.420122,0.420122,0.420122,3219,1,3219,3219,3219
19,30,44,1,44,44,44,0.196149,1,0.196149,0.196149,0.196149,1187,1,1187,1187,1187
19,30,46,1,46,46,46,0.622557,1,0.622557,0.622557,0.622557,3392,1,3392,3392,3392
19,30,53,1,53,53,53,0.445108,1,0.445108,0.445108,0.445108,3528,1,3528,3528,3528
19,30,48,1,48,48,48,0.218004,1,0.218004,0.218004,0.218004,2091,1,2091,2091,2091
19,30,52,1,52,52,52,0.981524,1,0.981524,0.981524,0.981524,5852,1,5852,5852,5852
19,30,50,1,50,50,50,0.459784,1,0.459784,0.459784,0.459784,3338,1,3338,3338,3338
19,30,48,1,48,48,48,0.819109,1,0.819109,0.819109,0.819109,5035,1,5035,5035,5035
19,30,44,1,44,44,44,0.341373,1,0.341373,0.341373,0.341373,2624,1,2624,2624,2624
19,30,62,1,62,62,62,1.59044,1,1.59044,1.59044,1.59044,6527,1,6527,6527,6527
19,30,49,1,49,49,49,0.691202,1,0.691202,0.691202,0.691202,3460,1,3460,3460,3460
19,30,57,1,57,57,57,2.68533,1,2.68533,2.68533,2.68533,7574,1,7574,7574,7574
19,30,56,1,56,56,56,0.898707,1,0.898707,0.898707,0.898707,5154,1,5154,5154,5154
19,30,52,1,52,52,52,0.69343,1,0.69343,0.69343,0.69343,5153,1,5153,5153,5153
19,30,52,1,52,52,52,0.549148,1,0.549148,0.549148,0.549148,3528,1,3528,3528,3528
19,30,50,1,50,50,50,0.0765331,1,0.0765331,0.0765331,0.0765331,1034,1,1034,1034,1034
19,30,55,1,55,55,55,0.426555,1,0.426555,0.426555,0.426555,2919,1,2919,2919,2919
19,30,46,1,46,46,46,0.247791,1,0.247791,0.247791,0.247791,2149,1,2149,2149,2149
19,30,49,1,49,49,49,0.504006,1,0.504006,0.504006,0.504006,3831,1,3831,3831,3831
19,30,47,1,47,47,47,1.01434,1,1.01434,1.01434,1.01434,5052,1,5052,5052,5052
19,30,47,1,47,47,47,0.462202,1,0.462202,0.462202,0.462202,4027,1,4027,4027,4027
19,30,52,1,52,52,52,0.518894,1,0.518894,0.518894,0.518894,3492,1,3492,3492,3492
19,30,53,1,53,53,53,3.03091,1,3.03091,3.03091,3.03091,7755,1,7755,7755,7755
19,30,51,1,51,51,51,0.389887,1,0.389887,0.389887,0.389887,2906,1,2906,2906,2906
19,30,43,1,43,43,43,0.23318,1,0.23318,0.23318,0.23318,2261,1,2261,2261,2261
19,30,51,1,51,51,51,0.450836,1,0.450836,0.450836,0.450836,3195,1,3195,3195,3195
19,30,46,1,46,46,46,0.324611,1,0.324611,0.324611,0.324611,2689,1,2689,2689,2689
19,30,57,1,57,57,57,2.88621,1,2.88621,2.88621,2.88621,8912,1,8912,8912,8912
19,30,49,1,49,49,49,0.363606,1,0.363606,0.363606,0.363606,3986,1,3986,3986,3986
19,30,47,1,47,47,47,0.229583,1,0.229583,0.229583,0.229583,2369,1,2369,2369,2369
19,30,57,1,57,57,57,1.37753,1,1.37753,1.37753,1.37753,6406,1,6406,6406,6406
19,30,44,1,44,44,44,2.45228,1,2.45228,2.45228,2.45228,9846,1,9846,9846,9846
19,30,58,1,58,58,58,0.748491,1,0.748491,0.748491,0.748491,4202,1,4202,4202,4202
19,30,55,1,55,55,55,0.513012,1,0.513012,0.513012,0.513012,3560,1,3560,3560,3560
19,30,58,1,58,58,58,0.381421,1,0.381421,0.381421,0.381421,2512,1,2512,2512,2512
19,30,51,1,51,51,51,1.307,1,1.307,1.307,1.307,6845,1,6845,6845,6845
19,30,60,1,60,60,60,1.3006,1,1.3006,1.3006,1.3006,6567,1,6567,6567,6567
19,30,53,1,53,53,53,0.743826,1,0.743826,0.743826,0.743826,3708,1,3708,3708,3708
19,30,51,1,51,51,51,1.29622,1,1.29622,1.29622,1.29622,5541,1,5541,5541,5541
19,30,50,1,50,50,50,1.27537,1,1.27537,1.27537,1.27537,5584,1,5584,5584,5584
19,30,55,1,55,55,55,0.826767,1,0.826767,0.826767,0.826767,4168,1,4168,4168,4168
19,30,47,1,47,47,47,0.157471,1,0.157471,0.157471,0.157471,1564,1,1564,1564,1564
19,30,57,1,57,57,57,0.87752,1,0.87752,0.87752,0.87752,5465,1,5465,5465,5465
19,30,48,1,48,48,48,0.18685,1,0.18685,0.18685,0.18685,1906,1,1906,1906,1906
19,30,55,1,55,55,55,2.30907,1,2.30907,2.30907,2.30907,8393,1,8393,8393,8393
19,30,53,1,53,53,53,1.14517,1,1.14517,1.14517,1.14517,6457,1,6457,6457,6457
19,30,47,1,47,47,47,1.74976,1,1.74976,1.74976,1.74976,6757,1,6757,6757,6757
19,30,56,1,56,56,56,0.613502,1,0.613502,0.613502,0.613502,5082,1,5082,5082,5082
19,30,47,1,47,47,47,0.279612,1,0.279612,0.279612,0.279612,2245,1,2245,2245,2245
19,30,41,1,41,41,41,0.091792,1,0.091792,0.091792,0.091792,1173,1,1173,1173,1173
19,30,62,1,62,62,62,0.456835,1,0.456835,0.456835,0.456835,3794,1,3794,3794,3794
19,30,66,1,66,66,66,2.86981,1,2.86981,2.86981,2.86981,12732,1,12732,12732,12732
19,30,52,1,52,52,52,0.161104,1,0.161104,0.161104,0.161104,1671,1,1671,1671,1671
19,30,50,1,50,50,50,1.97529,1,1.97529,1.97529,1.97529,7210,1,7210,7210,7210
19,30,54,1,54,54,54,0.868865,1,0.868865,0.868865,0.868865,5303,1,5303,5303,5303
19,30,41,1,41,41,41,0.2206,1,0.2206,0.2206,0.2206,1818,1,1818,1818,1818
19,30,52,1,52,52,52,0.375734,1,0.375734,0.375734,0.375734,3079,1,3079,3079,3079
19,30,48,1,48,48,48,0.692114,1,0.692114,0.692114,0.692114,4289,1,4289,4289,4289
19,30,55,1,55,55,55,5.33905,1,5.33905,5.33905,5.33905,11594,1,11594,11594,11594
19,30,50,1,50,50,50,0.929817,1,0.929817,0.929817,0.929817,4486,1,4486,4486,4486
19,30,49,1,49,49,49,0.471469,1,0.471469,0.471469,0.471469,3423,1,3423,3423,3423
19,30,59,1,59,59,59,0.511989,1,0.511989,0.511989,0.511989,4148,1,4148,4148,4148
19,30,47,1,47,47,47,0.668332,1,0.668332,0.668332,0.668332,4481,1,4481,4481,4481
19,30,51,1,51,51,51,0.360763,1,0.360763,0.360763,0.360763,2527,1,2527,2527,2527
19,30,57,1,57,57,57,0.215089,1,0.215089,0.215089,0.215089,2267,1,2267,2267,2267
19,30,61,1,61,61,61,2.06008,1,2.06008,2.06008,2.06008,7781,1,7781,7781,7781
19,30,50,1,50,50,50,0.299503,1,0.299503,0.299503,0.299503,2553,1,2553,2553,2553
19,30,51,1,51,51,51,0.456009,1,0.456009,0.456009,0.456009,3754,1,3754,3754,3754
19,30,54,1,54,54,54,0.556164,1,0.556164,0.556164,0.556164,3447,1,3447,3447,3447
19,30,45,1,45,45,45,0.14963,1,0.14963,0.14963,0.14963,1699,1,1699,1699,1699
19,30,58,1,58,58,58,3.0985,1,3.0985,3.0985,3.0985,8988,1,8988,8988,8988
19,30,46,1,46,46,46,0.194551,1,0.194551,0.194551,0.194551,2218,1,2218,2218,2218
19,30,58,1,58,58,58,2.10445,1,2.10445,2.10445,2.10445,9610,1,9610,9610,9610
19,30,54,1,54,54,54,0.668305,1,0.668305,0.668305,0.668305,3743,1,3743,3743,3743
19,30,51,1,51,51,51,0.906074,1,0.906074,0.906074,0.906074,5421,1,5421,5421,5421
19,30,52,1,52,52,52,1.13117,1,1.13117,1.13117,1.13117,4702,1,4702,4702,4702
19,30,52,1,52,52,52,0.763777,1,0.763777,0.763777,0.763777,4666,1,4666,4666,4666
19,30,44,1,44,44,44,0.149057,1,0.149057,0.149057,0.149057,2037,1,2037,2037,2037
19,30,46,1,46,46,46,1.06194,1,1.06194,1.06194,1.06194,5446,1,5446,5446,5446
19,30,52,1,52,52,52,2.64873,1,2.64873,2.64873,2.64873,8659,1,8659,8659,8659
19,30,53,1,53,53,53,0.52816,1,0.52816,0.52816,0.52816,3440,1,3440,3440,3440
19,30,49,1,49,49,49,0.200099,1,0.200099,0.200099,0.200099,2059,1,2059,2059,2059
19,30,41,1,41,41,41,0.12658,1,0.12658,0.12658,0.12658,1396,1,1396,1396,1396
19,30,57,1,57,57,57,0.302927,1,0.302927,0.302927,0.302927,2555,1,2555,2555,2555
19,30,44,1,44,44,44,1.29033,1,1.29033,1.29033,1.29033,6525,1,6525,6525,6525
19,30,53,1,53,53,53,1.68176,1,1.68176,1.68176,1.68176,5489,1,5489,5489,5489
19,30,56,1,56,56,56,0.610149,1,0.610149,0.610149,0.610149,4611,1,4611,4611,4611
19,30,56,1,56,56,56,1.75642,1,1.75642,1.75642,1.75642,8251,1,8251,8251,8251
19,30,46,1,46,46,46,1.17026,1,1.17026,1.17026,1.17026,3966,1,3966,3966,3966
19,30,58,1,58,58,58,4.3392,1,4.3392,4.3392,4.3392,8355,1,8355,8355,8355
19,30,50,1,50,50,50,0.331959,1,0.331959,0.331959,0.331959,2520,1,2520,2520,2520
19,30,49,1,49,49,49,0.551746,1,0.551746,0.551746,0.551746,3990,1,3990,3990,3990
19,30,48,1,48,48,48,0.626432,1,0.626432,0.626432,0.626432,4074,1,4074,4074,4074
19,30,53,1,53,53,53,0.26901,1,0.26901,0.26901,0.26901,2349,1,2349,2349,2349
19,30,52,1,52,52,52,0.388008,1,0.388008,0.388008,0.388008,3135,1,3135,3135,3135
19,30,49,1,49,49,49,0.711068,1,0.711068,0.711068,0.711068,4743,1,4743,4743,4743
19,30,59,1,59,59,59,0.256735,1,0.256735,0.256735,0.256735,2167,1,2167,2167,2167
19,30,57,1,57,57,57,1.38191,1,1.38191,1.38191,1.38191,5527,1,5527,5527,5527
19,30,48,1,48,48,48,0.398091,1,0.398091,0.398091,0.398091,3273,1,3273,3273,3273
19,30,51,1,51,51,51,0.703208,1,0.703208,0.703208,0.703208,5142,1,5142,5142,5142
19,30,47,1,47,47,47,0.174832,1,0.174832,0.174832,0.174832,1910,1,1910,1910,1910
19,30,62,1,62,62,62,1.49456,1,1.49456,1.49456,1.49456,5730,1,5730,5730,5730
19,30,55,1,55,55,55,2.53757,1,2.53757,2.53757,2.53757,9361,1,9361,9361,9361
19,30,51,1,51,51,51,0.279565,1,0.279565,0.279565,0.279565,2380,1,2380,2380,2380
19,30,47,1,47,47,47,0.579156,1,0.579156,0.579156,0.579156,3888,1,3888,3888,3888
19,30,60,1,60,60,60,0.54266,1,0.54266,0.54266,0.54266,3456,1,3456,3456,3456
19,30,54,1,54,54,54,0.982704,1,0.982704,0.982704,0.982704,5267,1,5267,5267,5267
19,30,50,1,50,50,50,0.283502,1,0.283502,0.283502,0.283502,2294,1,2294,2294,2294
19,30,43,1,43,43,43,0.483431,1,0.483431,0.483431,0.483431,3448,1,3448,3448,3448
19,30,57,1,57,57,57,3.28664,1,3.28664,3.28664,3.28664,9579,1,9579,9579,9579
19,30,50,1,50,50,50,0.957501,1,0.957501,0.957501,0.957501,5377,1,5377,5377,5377
19,30,47,1,47,47,47,0.356412,1,0.356412,0.356412,0.356412,2889,1,2889,2889,2889
19,30,54,1,54,54,54,0.27635,1,0.27635,0.27635,0.27635,2629,1,2629,2629,2629
19,30,46,1,46,46,46,1.6278,1,1.6278,1.6278,1.6278,6907,1,6907,6907,6907
19,30,51,1,51,51,51,0.813252,1,0.813252,0.813252,0.813252,6089,1,6089,6089,6089
19,30,64,1,64,64,64,0.219202,1,0.219202,0.219202,0.219202,2282,1,2282,2282,2282
19,30,49,1,49,49,49,0.464412,1,0.464412,0.464412,0.464412,3881,1,3881,3881,3881
19,30,45,1,45,45,45,0.593933,1,0.593933,0.593933,0.593933,3707,1,3707,3707,3707
19,30,55,1,55,55,55,0.685499,1,0.685499,0.685499,0.685499,4104,1,4104,4104,4104
19,30,41,1,41,41,41,0.25711,1,0.25711,0.25711,0.25711,1592,1,1592,1592,1592
19,30,50,1,50,50,50,0.924041,1,0.924041,0.924041,0.924041,5085,1,5085,5085,5085
19,30,45,1,45,45,45,0.315228,1,0.315228,0.315228,0.315228,2011,1,2011,2011,2011
19,30,48,1,48,48,48,0.634469,1,0.634469,0.634469,0.634469,4305,1,4305,4305,4305
19,30,54,1,54,54,54,0.255187,1,0.255187,0.255187,0.255187,2713,1,2713,2713,2713
19,30,50,1,50,50,50,1.1058,1,1.1058,1.1058,1.1058,5689,1,5689,5689,5689
19,30,57,1,57,57,57,4.66852,1,4.66852,4.66852,4.66852,12349,1,12349,12349,12349
19,30,50,1,50,50,50,3.17844,1,3.17844,3.17844,3.17844,10132,1,10132,10132,10132
19,30,55,1,55,55,55,1.77047,1,1.77047,1.77047,1.77047,6602,1,6602,6602,6602
19,30,52,1,52,52,52,0.544098,1,0.544098,0.544098,0.544098,3627,1,3627,3627,3627
19,30,49,1,49,49,49,1.24624,1,1.24624,1.24624,1.24624,5339,1,5339,5339,5339
19,30,51,1,51,51,51,0.111237,1,0.111237,0.111237,0.111237,1634,1,1634,1634,1634
19,30,57,1,57,57,57,1.74511,1,1.74511,1.74511,1.74511,7021,1,7021,7021,7021
19,30,52,1,52,52,52,0.917853,1,0.917853,0.917853,0.917853,4155,1,4155,4155,4155
19,30,43,1,43,43,43,0.162843,1,0.162843,0.162843,0.162843,1704,1,1704,1704,1704
19,30,51,1,51,51,51,0.320234,1,0.320234,0.320234,0.320234,3422,1,3422,3422,3422
19,30,51,1,51,51,51,0.864396,1,0.864396,0.864396,0.864396,5489,1,5489,5489,5489
19,30,54,1,54,54,54,0.448883,1,0.448883,0.448883,0.448883,3214,1,3214,3214,3214
19,30,54,1,54,54,54,0.396802,1,0.396802,0.396802,0.396802,2803,1,2803,2803,2803
19,30,34,1,34,34,34,0.0618095,1,0.0618095,0.0618095,0.0618095,686,1,686,686,686
19,30,52,1,52,52,52,1.01696,1,1.01696,1.01696,1.01696,5676,1,5676,5676,5676
19,30,55,1,55,55,55,1.76385,1,1.76385,1.76385,1.76385,7868,1,7868,7868,7868
19,30,51,1,51,51,51,0.2702,1,0.2702,0.2702,0.2702,2584,1,2584,2584,2584
19,30,36,1,36,36,36,0.514046,1,0.514046,0.514046,0.514046,3257,1,3257,3257,3257
19,30,43,1,43,43,43,0.0625463,1,0.0625463,0.0625463,0.0625463,742,1,742,742,742
19,30,54,1,54,54,54,0.847401,1,0.847401,0.847401,0.847401,4616,1,4616,4616,4616
19,30,49,1,49,49,49,0.326844,1,0.326844,0.326844,0.326844,2816,1,2816,2816,2816
19,30,62,1,62,62,62,7.98302,1,7.98302,7.98302,7.98302,13535,1,13535,13535,13535
19,30,50,1,50,50,50,0.791604,1,0.791604,0.791604,0.791604,5212,1,5212,5212,5212
19,30,60,1,60,60,60,4.31327,1,4.31327,4.31327,4.31327,12744,1,12744,12744,12744
19,30,50,1,50,50,50,0.64982,1,0.64982,0.64982,0.64982,4442,1,4442,4442,4442
19,30,55,1,55,55,55,0.948469,1,0.948469,0.948469,0.948469,4196,1,4196,4196,4196
19,30,53,1,53,53,53,0.6799,1,0.6799,0.6799,0.6799,4186,1,4186,4186,4186
19,30,47,1,47,47,47,0.809121,1,0.809121,0.809121,0.809121,4485,1,4485,4485,4485
19,30,51,1,51,51,51,0.679766,1,0.679766,0.679766,0.679766,4074,1,4074,4074,4074
19,30,50,1,50,50,50,0.459141,1,0.459141,0.459141,0.459141,3586,1,3586,3586,3586
19,30,45,1,45,45,45,0.456264,1,0.456264,0.456264,0.456264,3158,1,3158,3158,3158
19,30,51,1,51,51,51,0.410966,1,0.410966,0.410966,0.410966,4044,1,4044,4044,4044
19,30,47,1,47,47,47,0.902875,1,0.902875,0.902875,0.902875,4540,1,4540,4540,4540
19,30,56,1,56,56,56,1.12621,1,1.12621,1.12621,1.12621,5136,1,5136,5136,5136
19,30,50,1,50,50,50,0.606003,1,0.606003,0.606003,0.606003,3426,1,3426,3426,3426
19,30,55,1,55,55,55,0.521049,1,0.521049,0.521049,0.521049,2954,1,2954,2954,2954
19,30,54,1,54,54,54,1.7354,1,1.7354,1.7354,1.7354,6228,1,6228,6228,6228
19,30,61,1,61,61,61,6.03158,1,6.03158,6.03158,6.03158,14659,1,14659,14659,14659
19,30,50,1,50,50,50,0.713175,1,0.713175,0.713175,0.713175,4725,1,4725,4725,4725
19,30,55,1,55,55,55,0.373275,1,0.373275,0.373275,0.373275,2481,1,2481,2481,2481
19,30,57,1,57,57,57,1.38074,1,1.38074,1.38074,1.38074,6196,1,6196,6196,6196
19,30,43,1,43,43,43,0.29966,1,0.29966,0.29966,0.29966,2606,1,2606,2606,2606
19,30,64,1,64,64,64,4.65469,1,4.65469,4.65469,4.65469,11882,1,11882,11882,11882
19,30,57,1,57,57,57,0.541257,1,0.541257,0.541257,0.541257,3533,1,3533,3533,3533
19,30,50,1,50,50,50,0.220199,1,0.220199,0.220199,0.220199,2293,1,2293,2293,2293
19,30,50,1,50,50,50,0.473653,1,0.473653,0.473653,0.473653,2897,1,2897,2897,2897
19,30,47,1,47,47,47,0.198137,1,0.198137,0.198137,0.198137,1886,1,1886,1886,1886
19,30,47,1,47,47,47,1.2731,1,1.2731,1.2731,1.2731,6330,1,6330,6330,6330
19,30,54,1,54,54,54,1.49755,1,1.49755,1.49755,1.49755,7063,1,7063,7063,7063
19,30,53,1,53,53,53,1.05753,1,1.05753,1.05753,1.05753,4632,1,4632,4632,4632
19,30,47,1,47,47,47,0.74863,1,0.74863,0.74863,0.74863,4475,1,4475,4475,4475
19,30,46,1,46,46,46,0.390122,1,0.390122,0.390122,0.390122,2642,1,2642,2642,2642
19,30,56,1,56,56,56,1.17685,1,1.17685,1.17685,1.17685,4672,1,4672,4672,4672
19,30,57,1,57,57,57,0.379874,1,0.379874,0.379874,0.379874,2656,1,2656,2656,2656
19,30,47,1,47,47,47,0.332676,1,0.332676,0.332676,0.332676,2688,1,2688,2688,2688
19,30,58,1,58,58,58,0.761566,1,0.761566,0.761566,0.761566,4556,1,4556,4556,4556
19,30,57,1,57,57,57,0.701622,1,0.701622,0.701622,0.701622,4528,1,4528,4528,4528
19,30,46,1,46,46,46,0.975195,1,0.975195,0.975195,0.975195,4802,1,4802,4802,4802
19,30,44,1,44,44,44,0.206085,1,0.206085,0.206085,0.206085,1874,1,1874,1874,1874
19,30,51,1,51,51,51,0.165682,1,0.165682,0.165682,0.165682,1577,1,1577,1577,1577
19,30,46,1,46,46,46,0.523982,1,0.523982,0.523982,0.523982,3470,1,3470,3470,3470
19,30,52,1,52,52,52,0.186633,1,0.186633,0.186633,0.186633,2115,1,2115,2115,2115
19,30,50,1,50,50,50,0.385526,1,0.385526,0.385526,0.385526,2767,1,2767,2767,2767
19,30,58,1,58,58,58,0.74146,1,0.74146,0.74146,0.74146,4197,1,4197,4197,4197
19,30,51,1,51,51,51,0.432947,1,0.432947,0.432947,0.432947,3472,1,3472,3472,3472
19,30,51,1,51,51,51,0.450542,1,0.450542,0.450542,0.450542,2955,1,2955,2955,2955
19,30,50,1,50,50,50,0.717893,1,0.717893,0.717893,0.717893,4178,1,4178,4178,4178
19,30,62,1,62,62,62,1.1862,1,1.1862,1.1862,1.1862,6384,1,6384,6384,6384
19,30,55,1,55,55,55,0.891089,1,0.891089,0.891089,0.891089,4514,1,4514,4514,4514
19,30,64,1,64,64,64,2.26818,1,2.26818,2.26818,2.26818,8374,1,8374,8374,8374
19,30,54,1,54,54,54,1.79226,1,1.79226,1.79226,1.79226,7684,1,7684,7684,7684
19,30,49,1,49,49,49,0.887951,1,0.887951,0.887951,0.887951,5171,1,5171,5171,5171
19,30,58,1,58,58,58,0.692333,1,0.692333,0.692333,0.692333,3911,1,3911,3911,3911
19,30,45,1,45,45,45,0.484482,1,0.484482,0.484482,0.484482,3471,1,3471,3471,3471
19,30,50,1,50,50,50,0.570864,1,0.570864,0.570864,0.570864,3747,1,3747,3747,3747
19,30,54,1,54,54,54,0.745753,1,0.745753,0.745753,0.745753,4063,1,4063,4063,4063
19,30,49,1,49,49,49,0.286999,1,0.286999,0.286999,0.286999,2662,1,2662,2662,2662
19,30,59,1,59,59,59,1.69282,1,1.69282,1.69282,1.69282,6928,1,6928,6928,6928
19,30,40,1,40,40,40,0.513215,1,0.513215,0.513215,0.513215,3127,1,3127,3127,3127
19,30,50,1,50,50,50,0.850873,1,0.850873,0.850873,0.850873,4939,1,4939,4939,4939
19,30,51,1,51,51,51,1.35325,1,1.35325,1.35325,1.35325,6033,1,6033,6033,6033
19,30,47,1,47,47,47,0.424498,1,0.424498,0.424498,0.424498,2960,1,2960,2960,2960
19,30,49,1,49,49,49,0.313854,1,0.313854,0.313854,0.313854,2471,1,2471,2471,2471
19,30,48,1,48,48,48,0.393009,1,0.393009,0.393009,0.393009,2574,1,2574,2574,2574
19,30,56,1,56,56,56,1.60665,1,1.60665,1.60665,1.60665,7358,1,7358,7358,7358
19,30,49,1,49,49,49,0.706608,1,0.706608,0.706608,0.706608,4103,1,4103,4103,4103
19,30,59,1,59,59,59,1.22696,1,1.22696,1.22696,1.22696,4905,1,4905,4905,4905
19,30,53,1,53,53,53,0.384858,1,0.384858,0.384858,0.384858,2809,1,2809,2809,2809
19,30,49,1,49,49,49,0.283079,1,0.283079,0.283079,0.283079,2385,1,2385,2385,2385
19,30,57,1,57,57,57,0.860372,1,0.860372,0.860372,0.860372,4629,1,4629,4629,4629
19,30,46,1,46,46,46,1.11686,1,1.11686,1.11686,1.11686,5120,1,5120,5120,5120
19,30,50,1,50,50,50,1.08945,1,1.08945,1.08945,1.08945,7421,1,7421,7421,7421
19,30,51,1,51,51,51,0.73241,1,0.73241,0.73241,0.73241,4420,1,4420,4420,4420
19,30,65,1,65,65,65,0.967562,1,0.967562,0.967562,0.967562,5603,1,5603,5603,5603
19,30,54,1,54,54,54,0.968164,1,0.968164,0.968164,0.968164,5067,1,5067,5067,5067
19,30,53,1,53,53,53,0.389911,1,0.389911,0.389911,0.389911,3459,1,3459,3459,3459
19,30,35,1,35,35,35,0.108581,1,0.108581,0.108581,0.108581,1113,1,1113,1113,1113
19,30,46,1,46,46,46,0.47506,1,0.47506,0.47506,0.47506,3731,1,3731,3731,3731
19,30,46,1,46,46,46,0.218298,1,0.218298,0.218298,0.218298,2246,1,2246,2246,2246
19,30,54,1,54,54,54,0.303987,1,0.303987,0.303987,0.303987,2780,1,2780,2780,2780
19,30,49,1,49,49,49,0.276744,1,0.276744,0.276744,0.276744,2610,1,2610,2610,2610
19,30,41,1,41,41,41,0.118956,1,0.118956,0.118956,0.118956,1138,1,1138,1138,1138
19,30,50,1,50,50,50,0.16598,1,0.16598,0.16598,0.16598,1729,1,1729,1729,1729
19,30,51,1,51,51,51,0.23204,1,0.23204,0.23204,0.23204,2400,1,2400,2400,2400
19,30,52,1,52,52,52,1.30979,1,1.30979,1.30979,1.30979,5930,1,5930,5930,5930
19,30,51,1,51,51,51,2.63734,1,2.63734,2.63734,2.63734,11896,1,11896,11896,11896
19,30,48,1,48,48,48,0.708571,1,0.708571,0.708571,0.708571,4463,1,4463,4463,4463
19,30,54,1,54,54,54,0.565483,1,0.565483,0.565483,0.565483,4202,1,4202,4202,4202
19,30,62,1,62,62,62,3.90828,1,3.90828,3.90828,3.90828,9632,1,9632,9632,9632
19,30,54,1,54,54,54,0.542333,1,0.542333,0.542333,0.542333,4760,1,4760,4760,4760
19,30,37,1,37,37,37,0.0898588,1,0.0898588,0.0898588,0.0898588,991,1,991,991,991
19,30,40,1,40,40,40,0.491476,1,0.491476,0.491476,0.491476,3585,1,3585,3585,3585
19,30,44,1,44,44,44,1.00018,1,1.00018,1.00018,1.00018,5216,1,5216,5216,5216
19,30,43,1,43,43,43,0.444127,1,0.444127,0.444127,0.444127,2088,1,2088,2088,2088
19,30,52,1,52,52,52,0.331473,1,0.331473,0.331473,0.331473,2156,1,2156,2156,2156
19,30,49,1,49,49,49,0.758413,1,0.758413,0.758413,0.758413,4535,1,4535,4535,4535
19,30,49,1,49,49,49,0.437916,1,0.437916,0.437916,0.437916,3279,1,3279,3279,3279
19,30,42,1,42,42,42,0.153952,1,0.153952,0.153952,0.153952,1477,1,1477,1477,1477
19,30,55,1,55,55,55,0.718843,1,0.718843,0.718843,0.718843,4295,1,4295,4295,4295
19,30,40,1,40,40,40,0.226494,1,0.226494,0.226494,0.226494,1921,1,1921,1921,1921
19,30,51,1,51,51,51,0.478441,1,0.478441,0.478441,0.478441,3224,1,3224,3224,3224
19,30,49,1,49,49,49,0.255519,1,0.255519,0.255519,0.255519,2617,1,2617,2617,2617
19,30,55,1,55,55,55,0.823486,1,0.823486,0.823486,0.823486,4610,1,4610,4610,4610
19,30,50,1,50,50,50,0.316584,1,0.316584,0.316584,0.316584,2247,1,2247,2247,2247
19,30,49,1,49,49,49,1.04769,1,1.04769,1.04769,1.04769,6230,1,6230,6230,6230
19,30,53,1,53,53,53,1.05844,1,1.05844,1.05844,1.05844,5547,1,5547,5547,5547
19,30,48,1,48,48,48,0.374529,1,0.374529,0.374529,0.374529,3111,1,3111,3111,3111
19,30,53,1,53,53,53,0.539255,1,0.539255,0.539255,0.539255,3901,1,3901,3901,3901
19,30,47,1,47,47,47,0.481466,1,0.481466,0.481466,0.481466,2998,1,2998,2998,2998
19,30,48,1,48,48,48,1.74696,1,1.74696,1.74696,1.74696,8549,1,8549,8549,8549
19,30,62,1,62,62,62,2.38879,1,2.38879,2.38879,2.38879,7406,1,7406,7406,7406
19,30,63,1,63,63,63,7.45388,1,7.45388,7.45388,7.45388,11153,1,11153,11153,11153
19,30,50,1,50,50,50,0.563983,1,0.563983,0.563983,0.563983,4051,1,4051,4051,4051
19,30,64,1,64,64,64,5.26485,1,5.26485,5.26485,5.26485,11433,1,11433,11433,11433
19,30,44,1,44,44,44,0.185649,1,0.185649,0.185649,0.185649,1685,1,1685,1685,1685
19,30,52,1,52,52,52,1.52738,1,1.52738,1.52738,1.52738,6473,1,6473,6473,6473
19,30,50,1,50,50,50,0.12918,1,0.12918,0.12918,0.12918,1544,1,1544,1544,1544
19,30,55,1,55,55,55,0.71371,1,0.71371,0.71371,0.71371,4681,1,4681,4681,4681
19,30,51,1,51,51,51,0.633043,1,0.633043,0.633043,0.633043,4712,1,4712,4712,4712
19,30,55,1,55,55,55,1.54981,1,1.54981,1.54981,1.54981,5334,1,5334,5334,5334
19,30,47,1,47,47,47,0.4368,1,0.4368,0.4368,0.4368,2938,1,2938,2938,2938
19,30,42,1,42,42,42,0.0863092,1,0.0863092,0.0863092,0.0863092,1103,1,1103,1103,1103
19,30,63,1,63,63,63,1.21055,1,1.21055,1.21055,1.21055,5681,1,5681,5681,5681
19,30,58,1,58,58,58,0.785559,1,0.785559,0.785559,0.785559,4524,1,4524,4524,4524
19,30,49,1,49,49,49,0.73723,1,0.73723,0.73723,0.73723,4601,1,4601,4601,4601
19,30,61,1,61,61,61,2.68114,1,2.68114,2.68114,2.68114,9318,1,9318,9318,9318
19,30,52,1,52,52,52,1.2583,1,1.2583,1.2583,1.2583,4882,1,4882,4882,4882
19,30,48,1,48,48,48,1.78385,1,1.78385,1.78385,1.78385,9389,1,9389,9389,9389
19,30,54,1,54,54,54,0.249922,1,0.249922,0.249922,0.249922,2386,1,2386,2386,2386
19,30,51,1,51,51,51,0.544182,1,0.544182,0.544182,0.544182,4224,1,4224,4224,4224
19,30,52,1,52,52,52,1.06229,1,1.06229,1.06229,1.06229,5406,1,5406,5406,5406
19,30,50,1,50,50,50,0.440513,1,0.440513,0.440513,0.440513,2953,1,2953,2953,2953
19,30,45,1,45,45,45,0.634123,1,0.634123,0.634123,0.634123,4096,1,4096,4096,4096
19,30,53,1,53,53,53,0.183463,1,0.183463,0.183463,0.183463,1944,1,1944,1944,1944
19,30,53,1,53,53,53,0.626842,1,0.626842,0.626842,0.626842,4172,1,4172,4172,4172
19,30,48,1,48,48,48,1.16786,1,1.16786,1.16786,1.16786,5873,1,5873,5873,5873
19,30,51,1,51,51,51,0.350651,1,0.350651,0.350651,0.350651,2925,1,2925,2925,2925
19,30,51,1,51,51,51,0.260292,1,0.260292,0.260292,0.260292,2036,1,2036,2036,2036
19,30,59,1,59,59,59,0.964069,1,0.964069,0.964069,0.964069,4691,1,4691,4691,4691
19,30,56,1,56,56,56,1.11075,1,1.11075,1.11075,1.11075,5234,1,5234,5234,5234
19,30,57,1,57,57,57,3.96688,1,3.96688,3.96688,3.96688,11196,1,11196,11196,11196
19,30,56,1,56,56,56,1.93122,1,1.93122,1.93122,1.93122,7201,1,7201,7201,7201
19,30,57,1,57,57,57,1.87792,1,1.87792,1.87792,1.87792,6661,1,6661,6661,6661
19,30,41,1,41,41,41,0.0925247,1,0.0925247,0.0925247,0.0925247,1161,1,1161,1161,1161
19,30,48,1,48,48,48,0.774872,1,0.774872,0.774872,0.774872,4630,1,4630,4630,4630
19,30,61,1,61,61,61,0.543511,1,0.543511,0.543511,0.543511,3747,1,3747,3747,3747
19,30,37,1,37,37,37,0.142921,1,0.142921,0.142921,0.142921,1526,1,1526,1526,1526
19,30,54,1,54,54,54,0.195907,1,0.195907,0.195907,0.195907,2146,1,2146,2146,2146
19,30,53,1,53,53,53,1.08648,1,1.08648,1.08648,1.08648,6608,1,6608,6608,6608
19,30,57,1,57,57,57,1.21775,1,1.21775,1.21775,1.21775,5429,1,5429,5429,5429
19,30,46,1,46,46,46,0.219965,1,0.219965,0.219965,0.219965,2290,1,2290,2290,2290
19,30,50,1,50,50,50,0.336505,1,0.336505,0.336505,0.336505,3169,1,3169,3169,3169
19,30,62,1,62,62,62,1.64316,1,1.64316,1.64316,1.64316,11301,1,11301,11301,11301
19,30,46,1,46,46,46,0.339804,1,0.339804,0.339804,0.339804,2448,1,2448,2448,2448
19,30,47,1,47,47,47,0.170439,1,0.170439,0.170439,0.170439,2001,1,2001,2001,2001
19,30,48,1,48,48,48,0.503299,1,0.503299,0.503299,0.503299,3190,1,3190,3190,3190
19,30,53,1,53,53,53,2.55222,1,2.55222,2.55222,2.55222,9785,1,9785,9785,9785
19,30,54,1,54,54,54,1.07298,1,1.07298,1.07298,1.07298,4140,1,4140,4140,4140
19,30,50,1,50,50,50,0.424076,1,0.424076,0.424076,0.424076,3002,1,3002,3002,3002
19,30,56,1,56,56,56,1.62914,1,1.62914,1.62914,1.62914,6216,1,6216,6216,6216
19,30,37,1,37,37,37,0.351707,1,0.351707,0.351707,0.351707,2036,1,2036,2036,2036
19,30,54,1,54,54,54,0.782668,1,0.782668,0.782668,0.782668,4969,1,4969,4969,4969
19,30,55,1,55,55,55,0.42694,1,0.42694,0.42694,0.42694,3176,1,3176,3176,3176
19,30,47,1,47,47,47,0.392121,1,0.392121,0.392121,0.392121,3047,1,3047,3047,3047
19,30,49,1,49,49,49,0.288304,1,0.288304,0.288304,0.288304,2974,1,2974,2974,2974
19,30,63,1,63,63,63,3.67876,1,3.67876,3.67876,3.67876,8334,1,8334,8334,8334
19,30,46,1,46,46,46,0.375299,1,0.375299,0.375299,0.375299,2714,1,2714,2714,2714
19,30,52,1,52,52,52,0.289868,1,0.289868,0.289868,0.289868,2637,1,2637,2637,2637
19,30,48,1,48,48,48,0.430559,1,0.430559,0.430559,0.430559,3340,1,3340,3340,3340
19,30,44,1,44,44,44,0.5044,1,0.5044,0.5044,0.5044,3798,1,3798,3798,3798
19,30,41,1,41,41,41,0.126956,1,0.126956,0.126956,0.126956,937,1,937,937,937
19,30,47,1,47,47,47,0.265885,1,0.265885,0.265885,0.265885,2197,1,2197,2197,2197
19,30,56,1,56,56,56,1.34573,1,1.34573,1.34573,1.34573,6596,1,6596,6596,6596
19,30,52,1,52,52,52,0.34742,1,0.34742,0.34742,0.34742,2859,1,2859,2859,2859
19,30,54,1,54,54,54,1.55279,1,1.55279,1.55279,1.55279,6369,1,6369,6369,6369
19,30,53,1,53,53,53,1.79517,1,1.79517,1.79517,1.79517,8600,1,8600,8600,8600
19,30,50,1,50,50,50,1.03579,1,1.03579,1.03579,1.03579,5555,1,5555,5555,5555
19,30,54,1,54,54,54,0.284728,1,0.284728,0.284728,0.284728,2415,1,2415,2415,2415
19,30,53,1,53,53,53,0.814229,1,0.814229,0.814229,0.814229,4407,1,4407,4407,4407
19,30,57,1,57,57,57,0.350219,1,0.350219,0.350219,0.350219,3551,1,3551,3551,3551
19,30,55,1,55,55,55,1.15418,1,1.15418,1.15418,1.15418,6750,1,6750,6750,6750
19,30,47,1,47,47,47,0.25818,1,0.25818,0.25818,0.25818,2177,1,2177,2177,2177
19,30,46,1,46,46,46,0.335556,1,0.335556,0.335556,0.335556,3037,1,3037,3037,3037
19,30,51,1,51,51,51,1.91174,1,1.91174,1.91174,1.91174,8175,1,8175,8175,8175
19,30,62,1,62,62,62,2.16322,1,2.16322,2.16322,2.16322,7395,1,7395,7395,7395
19,30,59,1,59,59,59,1.16709,1,1.16709,1.16709,1.16709,5604,1,5604,5604,5604
19,30,51,1,51,51,51,0.904754,1,0.904754,0.904754,0.904754,4729,1,4729,4729,4729
19,30,59,1,59,59,59,1.0013,1,1.0013,1.0013,1.0013,5181,1,5181,5181,5181
19,30,46,1,46,46,46,0.321168,1,0.321168,0.321168,0.321168,3045,1,3045,3045,3045
19,30,53,1,53,53,53,0.277861,1,0.277861,0.277861,0.277861,2655,1,2655,2655,2655
19,30,56,1,56,56,56,3.05235,1,3.05235,3.05235,3.05235,8926,1,8926,8926,8926
19,30,51,1,51,51,51,0.924572,1,0.924572,0.924572,0.924572,4782,1,4782,4782,4782
19,30,50,1,50,50,50,0.209409,1,0.209409,0.209409,0.209409,2233,1,2233,2233,2233
19,30,58,1,58,58,58,2.51119,1,2.51119,2.51119,2.51119,8236,1,8236,8236,8236
19,30,62,1,62,62,62,0.488558,1,0.488558,0.488558,0.488558,3891,1,3891,3891,3891
19,30,54,1,54,54,54,0.755104,1,0.755104,0.755104,0.755104,4969,1,4969,4969,4969
19,30,50,1,50,50,50,0.4726,1,0.4726,0.4726,0.4726,3433,1,3433,3433,3433
19,30,43,1,43,43,43,0.766875,1,0.766875,0.766875,0.766875,4328,1,4328,4328,4328
19,30,49,1,49,49,49,0.461467,1,0.461467,0.461467,0.461467,3710,1,3710,3710,3710
19,30,56,1,56,56,56,0.624016,1,0.624016,0.624016,0.624016,3785,1,3785,3785,3785
19,30,54,1,54,54,54,1.83261,1,1.83261,1.83261,1.83261,7845,1,7845,7845,7845
19,30,55,1,55,55,55,1.59272,1,1.59272,1.59272,1.59272,6370,1,6370,6370,6370
19,30,58,1,58,58,58,0.929359,1,0.929359,0.929359,0.929359,4706,1,4706,4706,4706
19,30,46,1,46,46,46,0.632966,1,0.632966,0.632966,0.632966,4196,1,4196,4196,4196
19,30,57,1,57,57,57,1.32881,1,1.32881,1.32881,1.32881,5494,1,5494,5494,5494
19,30,61,1,61,61,61,2.31565,1,2.31565,2.31565,2.31565,8376,1,8376,8376,8376
19,30,53,1,53,53,53,0.696052,1,0.696052,0.696052,0.696052,3701,1,3701,3701,3701
19,30,40,1,40,40,40,0.772606,1,0.772606,0.772606,0.772606,3878,1,3878,3878,3878
19,30,54,1,54,54,54,0.34656,1,0.34656,0.34656,0.34656,2961,1,2961,2961,2961
19,30,54,1,54,54,54,0.400639,1,0.400639,0.400639,0.400639,2941,1,2941,2941,2941
19,30,50,1,50,50,50,0.429698,1,0.429698,0.429698,0.429698,2917,1,2917,2917,2917
19,30,51,1,51,51,51,0.489209,1,0.489209,0.489209,0.489209,3507,1,3507,3507,3507
19,30,50,1,50,50,50,0.314855,1,0.314855,0.314855,0.314855,2416,1,2416,2416,2416
19,30,53,1,53,53,53,1.74387,1,1.74387,1.74387,1.74387,7506,1,7506,7506,7506
19,30,52,1,52,52,52,1.39359,1,1.39359,1.39359,1.39359,6135,1,6135,6135,6135
19,30,50,1,50,50,50,1.10745,1,1.10745,1.10745,1.10745,5894,1,5894,5894,5894
19,30,48,1,48,48,48,0.181277,1,0.181277,0.181277,0.181277,1829,1,1829,1829,1829
19,30,56,1,56,56,56,2.66054,1,2.66054,2.66054,2.66054,8199,1,8199,8199,8199
19,30,46,1,46,46,46,0.240477,1,0.240477,0.240477,0.240477,2080,1,2080,2080,2080
19,30,52,1,52,52,52,0.482328,1,0.482328,0.482328,0.482328,3737,1,3737,3737,3737
19,30,59,1,59,59,59,0.842031,1,0.842031,0.842031,0.842031,4732,1,4732,4732,4732
19,30,52,1,52,52,52,1.03569,1,1.03569,1.03569,1.03569,6217,1,6217,6217,6217
19,30,58,1,58,58,58,1.71273,1,1.71273,1.71273,1.71273,6231,1,6231,6231,6231
19,30,59,1,59,59,59,2.07955,1,2.07955,2.07955,2.07955,7259,1,7259,7259,7259
19,30,54,1,54,54,54,0.155386,1,0.155386,0.155386,0.155386,1699,1,1699,1699,1699
19,30,43,1,43,43,43,0.253773,1,0.253773,0.253773,0.253773,2651,1,2651,2651,2651
19,30,57,1,57,57,57,0.489049,1,0.489049,0.489049,0.489049,4223,1,4223,4223,4223
19,30,45,1,45,45,45,0.359057,1,0.359057,0.359057,0.359057,2870,1,2870,2870,2870
19,30,68,1,68,68,68,12.0841,1,12.0841,12.0841,12.0841,17809,1,17809,17809,17809
19,30,48,1,48,48,48,0.998204,1,0.998204,0.998204,0.998204,5141,1,5141,5141,5141
19,30,43,1,43,43,43,0.314028,1,0.314028,0.314028,0.314028,2761,1,2761,2761,2761
19,30,56,1,56,56,56,0.506222,1,0.506222,0.506222,0.506222,3186,1,3186,3186,3186
19,30,53,1,53,53,53,3.84396,1,3.84396,3.84396,3.84396,10300,1,10300,10300,10300
19,30,51,1,51,51,51,1.06452,1,1.06452,1.06452,1.06452,5818,1,5818,5818,5818
19,30,62,1,62,62,62,1.80803,1,1.80803,1.80803,1.80803,8063,1,8063,8063,8063
19,30,52,1,52,52,52,1.36525,1,1.36525,1.36525,1.36525,6358,1,6358,6358,6358
19,30,49,1,49,49,49,0.499199,1,0.499199,0.499199,0.499199,3180,1,3180,3180,3180
19,30,44,1,44,44,44,0.320522,1,0.320522,0.320522,0.320522,2636,1,2636,2636,2636
19,30,47,1,47,47,47,1.37368,1,1.37368,1.37368,1.37368,5924,1,5924,5924,5924
19,30,58,1,58,58,58,0.844526,1,0.844526,0.844526,0.844526,5678,1,5678,5678,5678
19,30,53,1,53,53,53,0.323953,1,0.323953,0.323953,0.323953,3119,1,3119,3119,3119
19,30,54,1,54,54,54,1.19666,1,1.19666,1.19666,1.19666,5464,1,5464,5464,5464
19,30,52,1,52,52,52,0.260752,1,0.260752,0.260752,0.260752,2643,1,2643,2643,2643
19,30,44,1,44,44,44,0.110261,1,0.110261,0.110261,0.110261,1489,1,1489,1489,1489
19,30,51,1,51,51,51,1.73342,1,1.73342,1.73342,1.73342,6651,1,6651,6651,6651
19,30,52,1,52,52,52,0.617503,1,0.617503,0.617503,0.617503,4442,1,4442,4442,4442
19,30,45,1,45,45,45,0.586885,1,0.586885,0.586885,0.586885,3287,1,3287,3287,3287
19,30,63,1,63,63,63,2.22987,1,2.22987,2.22987,2.22987,7882,1,7882,7882,7882
19,30,56,1,56,56,56,2.71649,1,2.71649,2.71649,2.71649,9301,1,9301,9301,9301
19,30,52,1,52,52,52,2.50565,1,2.50565,2.50565,2.50565,10282,1,10282,10282,10282
19,30,43,1,43,43,43,0.519334,1,0.519334,0.519334,0.519334,3140,1,3140,3140,3140
19,30,61,1,61,61,61,2.97696,1,2.97696,2.97696,2.97696,9639,1,9639,9639,9639
19,30,50,1,50,50,50,1.06247,1,1.06247,1.06247,1.06247,4573,1,4573,4573,4573
19,30,34,1,34,34,34,0.133512,1,0.133512,0.133512,0.133512,1217,1,1217,1217,1217
19,30,43,1,43,43,43,0.606052,1,0.606052,0.606052,0.606052,3444,1,3444,3444,3444
19,30,53,1,53,53,53,1.33195,1,1.33195,1.33195,1.33195,5703,1,5703,5703,5703
19,30,53,1,53,53,53,2.92109,1,2.92109,2.92109,2.92109,11498,1,11498,11498,11498
19,30,54,1,54,54,54,0.346688,1,0.346688,0.346688,0.346688,2367,1,2367,2367,2367
19,30,47,1,47,47,47,0.595756,1,0.595756,0.595756,0.595756,4053,1,4053,4053,4053
19,30,53,1,53,53,53,1.59855,1,1.59855,1.59855,1.59855,7360,1,7360,7360,7360
19,30,53,1,53,53,53,1.29554,1,1.29554,1.29554,1.29554,6957,1,6957,6957,6957
19,30,48,1,48,48,48,0.330947,1,0.330947,0.330947,0.330947,2672,1,2672,2672,2672
19,30,49,1,49,49,49,0.730025,1,0.730025,0.730025,0.730025,4424,1,4424,4424,4424
19,30,44,1,44,44,44,0.292558,1,0.292558,0.292558,0.292558,2343,1,2343,2343,2343
19,30,42,1,42,42,42,0.554565,1,0.554565,0.554565,0.554565,3501,1,3501,3501,3501
19,30,48,1,48,48,48,0.205156,1,0.205156,0.205156,0.205156,1425,1,1425,1425,1425
19,30,56,1,56,56,56,1.35695,1,1.35695,1.35695,1.35695,5979,1,5979,5979,5979
19,30,58,1,58,58,58,1.07408,1,1.07408,1.07408,1.07408,4904,1,4904,4904,4904
19,30,45,1,45,45,45,0.191057,1,0.191057,0.191057,0.191057,1855,1,1855,1855,1855
19,30,45,1,45,45,45,0.112068,1,0.112068,0.112068,0.112068,1440,1,1440,1440,1440
19,30,50,1,50,50,50,0.165741,1,0.165741,0.165741,0.165741,1645,1,1645,1645,1645
19,30,61,1,61,61,61,4.15692,1,4.15692,4.15692,4.15692,12237,1,12237,12237,12237
19,30,43,1,43,43,43,0.410343,1,0.410343,0.410343,0.410343,2807,1,2807,2807,2807
19,30,56,1,56,56,56,0.878224,1,0.878224,0.878224,0.878224,5836,1,5836,5836,5836
19,30,39,1,39,39,39,0.278888,1,0.278888,0.278888,0.278888,2603,1,2603,2603,2603
19,30,62,1,62,62,62,4.54141,1,4.54141,4.54141,4.54141,12103,1,12103,12103,12103
19,30,53,1,53,53,53,0.125305,1,0.125305,0.125305,0.125305,1472,1,1472,1472,1472
19,30,54,1,54,54,54,0.504546,1,0.504546,0.504546,0.504546,3173,1,3173,3173,3173
19,30,57,1,57,57,57,0.381326,1,0.381326,0.381326,0.381326,2551,1,2551,2551,2551
19,30,44,1,44,44,44,0.728513,1,0.728513,0.728513,0.728513,4057,1,4057,4057,4057
19,30,57,1,57,57,57,1.81878,1,1.81878,1.81878,1.81878,7420,1,7420,7420,7420
19,30,59,1,59,59,59,1.91791,1,1.91791,1.91791,1.91791,8916,1,8916,8916,8916
19,30,54,1,54,54,54,0.975711,1,0.975711,0.975711,0.975711,5568,1,5568,5568,5568
19,30,61,1,61,61,61,1.39341,1,1.39341,1.39341,1.39341,7242,1,7242,7242,7242
19,30,52,1,52,52,52,0.520535,1,0.520535,0.520535,0.520535,2828,1,2828,2828,2828
19,30,51,1,51,51,51,3.42496,1,3.42496,3.42496,3.42496,10352,1,10352,10352,10352
19,30,54,1,54,54,54,0.216404,1,0.216404,0.216404,0.216404,2112,1,2112,2112,2112
19,30,53,1,53,53,53,0.401834,1,0.401834,0.401834,0.401834,3426,1,3426,3426,3426
19,30,55,1,55,55,55,1.02418,1,1.02418,1.02418,1.02418,5073,1,5073,5073,5073
19,30,59,1,59,59,59,0.986226,1,0.986226,0.986226,0.986226,4718,1,4718,4718,4718
19,30,47,1,47,47,47,0.365148,1,0.365148,0.365148,0.365148,3286,1,3286,3286,3286
19,30,58,1,58,58,58,0.462433,1,0.462433,0.462433,0.462433,2987,1,2987,2987,2987
19,30,46,1,46,46,46,0.681473,1,0.681473,0.681473,0.681473,3776,1,3776,3776,3776
19,30,44,1,44,44,44,2.1357,1,2.1357,2.1357,2.1357,8425,1,8425,8425,8425
19,30,44,1,44,44,44,0.40635,1,0.40635,0.40635,0.40635,3484,1,3484,3484,3484
19,30,43,1,43,43,43,0.489437,1,0.489437,0.489437,0.489437,2931,1,2931,2931,2931
19,30,50,1,50,50,50,0.358528,1,0.358528,0.358528,0.358528,3260,1,3260,3260,3260
19,30,59,1,59,59,59,0.994079,1,0.994079,0.994079,0.994079,4471,1,4471,4471,4471
19,30,46,1,46,46,46,0.903261,1,0.903261,0.903261,0.903261,4780,1,4780,4780,4780
19,30,46,1,46,46,46,0.428216,1,0.428216,0.428216,0.428216,2997,1,2997,2997,2997
19,30,50,1,50,50,50,0.551945,1,0.551945,0.551945,0.551945,4265,1,4265,4265,4265
19,30,50,1,50,50,50,0.916225,1,0.916225,0.916225,0.916225,5415,1,5415,5415,5415
19,30,59,1,59,59,59,0.345687,1,0.345687,0.345687,0.345687,2718,1,2718,2718,2718
19,30,56,1,56,56,56,0.573692,1,0.573692,0.573692,0.573692,3716,1,3716,3716,3716
19,30,54,1,54,54,54,0.605701,1,0.605701,0.605701,0.605701,3571,1,3571,3571,3571
19,30,59,1,59,59,59,0.379442,1,0.379442,0.379442,0.379442,2888,1,2888,2888,2888
19,30,51,1,51,51,51,0.334123,1,0.334123,0.334123,0.334123,3106,1,3106,3106,3106
19,30,52,1,52,52,52,0.398101,1,0.398101,0.398101,0.398101,3153,1,3153,3153,3153
19,30,51,1,51,51,51,0.630973,1,0.630973,0.630973,0.630973,4081,1,4081,4081,4081
19,30,55,1,55,55,55,0.273963,1,0.273963,0.273963,0.273963,2304,1,2304,2304,2304
19,30,49,1,49,49,49,0.256799,1,0.256799,0.256799,0.256799,2247,1,2247,2247,2247
19,30,49,1,49,49,49,1.10908,1,1.10908,1.10908,1.10908,5344,1,5344,5344,5344
19,30,51,1,51,51,51,0.361259,1,0.361259,0.361259,0.361259,3501,1,3501,3501,3501
19,30,46,1,46,46,46,1.63979,1,1.63979,1.63979,1.63979,6487,1,6487,6487,6487
19,30,55,1,55,55,55,0.660554,1,0.660554,0.660554,0.660554,4358,1,4358,4358,4358
19,30,44,1,44,44,44,0.69874,1,0.69874,0.69874,0.69874,3945,1,3945,3945,3945
19,30,47,1,47,47,47,0.421021,1,0.421021,0.421021,0.421021,3200,1,3200,3200,3200
19,30,47,1,47,47,47,0.467256,1,0.467256,0.467256,0.467256,3825,1,3825,3825,3825
19,30,43,1,43,43,43,1.04589,1,1.04589,1.04589,1.04589,5293,1,5293,5293,5293
19,30,54,1,54,54,54,1.46652,1,1.46652,1.46652,1.46652,7434,1,7434,7434,7434
19,30,53,1,53,53,53,1.01934,1,1.01934,1.01934,1.01934,4719,1,4719,4719,4719
19,30,56,1,56,56,56,0.951634,1,0.951634,0.951634,0.951634,4215,1,4215,4215,4215
19,30,55,1,55,55,55,0.875754,1,0.875754,0.875754,0.875754,5784,1,5784,5784,5784
19,30,56,1,56,56,56,0.49062,1,0.49062,0.49062,0.49062,3579,1,3579,3579,3579
19,30,45,1,45,45,45,1.0637,1,1.0637,1.0637,1.0637,5043,1,5043,5043,5043
19,30,59,1,59,59,59,0.642655,1,0.642655,0.642655,0.642655,3796,1,3796,3796,3796
19,30,45,1,45,45,45,0.515963,1,0.515963,0.515963,0.515963,3299,1,3299,3299,3299
19,30,49,1,49,49,49,0.612155,1,0.612155,0.612155,0.612155,4022,1,4022,4022,4022
19,30,49,1,49,49,49,0.165779,1,0.165779,0.165779,0.165779,1564,1,1564,1564,1564
19,30,55,1,55,55,55,0.530733,1,0.530733,0.530733,0.530733,3527,1,3527,3527,3527
19,30,50,1,50,50,50,0.729839,1,0.729839,0.729839,0.729839,3955,1,3955,3955,3955
19,30,52,1,52,52,52,1.14774,1,1.14774,1.14774,1.14774,6067,1,6067,6067,6067
19,30,55,1,55,55,55,0.65334,1,0.65334,0.65334,0.65334,4697,1,4697,4697,4697
19,30,50,1,50,50,50,0.415956,1,0.415956,0.415956,0.415956,3690,1,3690,3690,3690
19,30,54,1,54,54,54,0.452932,1,0.452932,0.452932,0.452932,3406,1,3406,3406,3406
19,30,66,1,66,66,66,2.76821,1,2.76821,2.76821,2.76821,9924,1,9924,9924,9924
19,30,56,1,56,56,56,3.653,1,3.653,3.653,3.653,9336,1,9336,9336,9336
19,30,46,1,46,46,46,0.171474,1,0.171474,0.171474,0.171474,1908,1,1908,1908,1908
19,30,44,1,44,44,44,1.32791,1,1.32791,1.32791,1.32791,5699,1,5699,5699,5699
19,30,41,1,41,41,41,0.963849,1,0.963849,0.963849,0.963849,5206,1,5206,5206,5206
19,30,52,1,52,52,52,0.345381,1,0.345381,0.345381,0.345381,2751,1,2751,2751,2751
19,30,59,1,59,59,59,1.39835,1,1.39835,1.39835,1.39835,8025,1,8025,8025,8025
19,30,50,1,50,50,50,0.42147,1,0.42147,0.42147,0.42147,3064,1,3064,3064,3064
19,30,54,1,54,54,54,1.33475,1,1.33475,1.33475,1.33475,5759,1,5759,5759,5759
19,30,43,1,43,43,43,0.359033,1,0.359033,0.359033,0.359033,2281,1,2281,2281,2281
19,30,42,1,42,42,42,0.396458,1,0.396458,0.396458,0.396458,2579,1,2579,2579,2579
19,30,45,1,45,45,45,0.441884,1,0.441884,0.441884,0.441884,2960,1,2960,2960,2960
19,30,59,1,59,59,59,3.28899,1,3.28899,3.28899,3.28899,8747,1,8747,8747,8747
19,30,58,1,58,58,58,1.88236,1,1.88236,1.88236,1.88236,7778,1,7778,7778,7778
19,30,42,1,42,42,42,0.0918005,1,0.0918005,0.0918005,0.0918005,1160,1,1160,1160,1160
19,30,47,1,47,47,47,0.461069,1,0.461069,0.461069,0.461069,3412,1,3412,3412,3412
19,30,52,1,52,52,52,0.257461,1,0.257461,0.257461,0.257461,2375,1,2375,2375,2375
19,30,52,1,52,52,52,1.55096,1,1.55096,1.55096,1.55096,5345,1,5345,5345,5345
19,30,52,1,52,52,52,0.296574,1,0.296574,0.296574,0.296574,2717,1,2717,2717,2717
19,30,56,1,56,56,56,1.52423,1,1.52423,1.52423,1.52423,6101,1,6101,6101,6101
19,30,51,1,51,51,51,1.47742,1,1.47742,1.47742,1.47742,6253,1,6253,6253,6253
19,30,52,1,52,52,52,1.06275,1,1.06275,1.06275,1.06275,5531,1,5531,5531,5531
19,30,55,1,55,55,55,0.345137,1,0.345137,0.345137,0.345137,2466,1,2466,2466,2466
19,30,51,1,51,51,51,1.72115,1,1.72115,1.72115,1.72115,6850,1,6850,6850,6850
19,30,51,1,51,51,51,0.996902,1,0.996902,0.996902,0.996902,6088,1,6088,6088,6088
19,30,50,1,50,50,50,0.558486,1,0.558486,0.558486,0.558486,3481,1,3481,3481,3481
19,30,49,1,49,49,49,1.39564,1,1.39564,1.39564,1.39564,6450,1,6450,6450,6450
19,30,56,1,56,56,56,2.24278,1,2.24278,2.24278,2.24278,8699,1,8699,8699,8699
19,30,54,1,54,54,54,0.316429,1,0.316429,0.316429,0.316429,2678,1,2678,2678,2678
19,30,57,1,57,57,57,1.10475,1,1.10475,1.10475,1.10475,5962,1,5962,5962,5962
19,30,52,1,52,52,52,2.11023,1,2.11023,2.11023,2.11023,6471,1,6471,6471,6471
19,30,54,1,54,54,54,0.358247,1,0.358247,0.358247,0.358247,2456,1,2456,2456,2456
19,30,53,1,53,53,53,1.15436,1,1.15436,1.15436,1.15436,5875,1,5875,5875,5875
19,30,50,1,50,50,50,0.347204,1,0.347204,0.347204,0.347204,2793,1,2793,2793,2793
19,30,41,1,41,41,41,0.169755,1,0.169755,0.169755,0.169755,1793,1,1793,1793,1793
19,30,56,1,56,56,56,0.528721,1,0.528721,0.528721,0.528721,3221,1,3221,3221,3221
19,30,57,1,57,57,57,0.726496,1,0.726496,0.726496,0.726496,3816,1,3816,3816,3816
19,30,50,1,50,50,50,0.879107,1,0.879107,0.879107,0.879107,5159,1,5159,5159,5159
19,30,54,1,54,54,54,1.7161,1,1.7161,1.7161,1.7161,5200,1,5200,5200,5200
19,30,57,1,57,57,57,1.4289,1,1.4289,1.4289,1.4289,6031,1,6031,6031,6031
19,30,43,1,43,43,43,0.47486,1,0.47486,0.47486,0.47486,3001,1,3001,3001,3001
19,30,54,1,54,54,54,0.336497,1,0.336497,0.336497,0.336497,2494,1,2494,2494,2494
19,30,57,1,57,57,57,1.021,1,1.021,1.021,1.021,5189,1,5189,5189,5189
19,30,50,1,50,50,50,0.327498,1,0.327498,0.327498,0.327498,2868,1,2868,2868,2868
19,30,55,1,55,55,55,0.840696,1,0.840696,0.840696,0.840696,5097,1,5097,5097,5097
19,30,52,1,52,52,52,0.242934,1,0.242934,0.242934,0.242934,1905,1,1905,1905,1905
19,30,62,1,62,62,62,10.3975,1,10.3975,10.3975,10.3975,13263,1,13263,13263,13263
19,30,50,1,50,50,50,2.41897,1,2.41897,2.41897,2.41897,9070,1,9070,9070,9070
19,30,51,1,51,51,51,0.307082,1,0.307082,0.307082,0.307082,2441,1,2441,2441,2441
19,30,51,1,51,51,51,1.0482,1,1.0482,1.0482,1.0482,4602,1,4602,4602,4602
19,30,64,1,64,64,64,1.59666,1,1.59666,1.59666,1.59666,7710,1,7710,7710,7710
19,30,49,1,49,49,49,0.401625,1,0.401625,0.401625,0.401625,3008,1,3008,3008,3008
19,30,51,1,51,51,51,1.35314,1,1.35314,1.35314,1.35314,6743,1,6743,6743,6743
19,30,50,1,50,50,50,0.937035,1,0.937035,0.937035,0.937035,5312,1,5312,5312,5312
19,30,40,1,40,40,40,0.931286,1,0.931286,0.931286,0.931286,2794,1,2794,2794,2794
19,30,48,1,48,48,48,0.387621,1,0.387621,0.387621,0.387621,2674,1,2674,2674,2674
19,30,48,1,48,48,48,0.187267,1,0.187267,0.187267,0.187267,1839,1,1839,1839,1839
19,30,49,1,49,49,49,0.514111,1,0.514111,0.514111,0.514111,3440,1,3440,3440,3440
19,30,45,1,45,45,45,0.280159,1,0.280159,0.280159,0.280159,2036,1,2036,2036,2036
19,30,56,1,56,56,56,1.51403,1,1.51403,1.51403,1.51403,6304,1,6304,6304,6304
19,30,55,1,55,55,55,0.505069,1,0.505069,0.505069,0.505069,3687,1,3687,3687,3687
19,30,43,1,43,43,43,0.144225,1,0.144225,0.144225,0.144225,1516,1,1516,1516,1516
19,30,53,1,53,53,53,0.566183,1,0.566183,0.566183,0.566183,4360,1,4360,4360,4360
19,30,47,1,47,47,47,0.706561,1,0.706561,0.706561,0.706561,3828,1,3828,3828,3828
19,30,57,1,57,57,57,1.69113,1,1.69113,1.69113,1.69113,7588,1,7588,7588,7588
19,30,44,1,44,44,44,0.166439,1,0.166439,0.166439,0.166439,1376,1,1376,1376,1376
19,30,42,1,42,42,42,0.2182,1,0.2182,0.2182,0.2182,1832,1,1832,1832,1832
19,30,54,1,54,54,54,0.789378,1,0.789378,0.789378,0.789378,4682,1,4682,4682,4682
19,30,48,1,48,48,48,0.895392,1,0.895392,0.895392,0.895392,5210,1,5210,5210,5210
19,30,50,1,50,50,50,1.43854,1,1.43854,1.43854,1.43854,7305,1,7305,7305,7305
19,30,55,1,55,55,55,0.187272,1,0.187272,0.187272,0.187272,1653,1,1653,1653,1653
19,30,51,1,51,51,51,0.224246,1,0.224246,0.224246,0.224246,1963,1,1963,1963,1963
19,30,52,1,52,52,52,0.462632,1,0.462632,0.462632,0.462632,4540,1,4540,4540,4540
19,30,52,1,52,52,52,0.338389,1,0.338389,0.338389,0.338389,2904,1,2904,2904,2904
19,30,45,1,45,45,45,1.06448,1,1.06448,1.06448,1.06448,6360,1,6360,6360,6360
19,30,52,1,52,52,52,1.43967,1,1.43967,1.43967,1.43967,5779,1,5779,5779,5779
19,30,55,1,55,55,55,0.739835,1,0.739835,0.739835,0.739835,3948,1,3948,3948,3948
19,30,55,1,55,55,55,2.7652,1,2.7652,2.7652,2.7652,7226,1,7226,7226,7226
19,30,49,1,49,49,49,0.54596,1,0.54596,0.54596,0.54596,4149,1,4149,4149,4149
19,30,53,1,53,53,53,0.128594,1,0.128594,0.128594,0.128594,1529,1,1529,1529,1529
19,30,55,1,55,55,55,0.830695,1,0.830695,0.830695,0.830695,4802,1,4802,4802,4802
19,30,43,1,43,43,43,0.0713914,1,0.0713914,0.0713914,0.0713914,982,1,982,982,982
19,30,57,1,57,57,57,1.16245,1,1.16245,1.16245,1.16245,5695,1,5695,5695,5695
19,30,41,1,41,41,41,0.415771,1,0.415771,0.415771,0.415771,3086,1,3086,3086,3086
19,30,44,1,44,44,44,0.267421,1,0.267421,0.267421,0.267421,2136,1,2136,2136,2136
19,30,53,1,53,53,53,0.312796,1,0.312796,0.312796,0.312796,2417,1,2417,2417,2417
19,30,47,1,47,47,47,0.503011,1,0.503011,0.503011,0.503011,2812,1,2812,2812,2812
19,30,55,1,55,55,55,1.26783,1,1.26783,1.26783,1.26783,6196,1,6196,6196,6196
19,30,52,1,52,52,52,0.43072,1,0.43072,0.43072,0.43072,3164,1,3164,3164,3164
19,30,51,1,51,51,51,0.181033,1,0.181033,0.181033,0.181033,2062,1,2062,2062,2062
19,30,52,1,52,52,52,2.28712,1,2.28712,2.28712,2.28712,8006,1,8006,8006,8006
19,30,43,1,43,43,43,0.49703,1,0.49703,0.49703,0.49703,3273,1,3273,3273,3273
19,30,54,1,54,54,54,0.359336,1,0.359336,0.359336,0.359336,2438,1,2438,2438,2438
19,30,55,1,55,55,55,0.828439,1,0.828439,0.828439,0.828439,4038,1,4038,4038,4038
19,30,49,1,49,49,49,0.623061,1,0.623061,0.623061,0.623061,4237,1,4237,4237,4237
19,30,58,1,58,58,58,1.52481,1,1.52481,1.52481,1.52481,7404,1,7404,7404,7404
19,30,33,1,33,33,33,0.217159,1,0.217159,0.217159,0.217159,1325,1,1325,1325,1325
19,30,61,1,61,61,61,1.17969,1,1.17969,1.17969,1.17969,8461,1,8461,8461,8461
19,30,51,1,51,51,51,0.162379,1,0.162379,0.162379,0.162379,1780,1,1780,1780,1780
19,30,50,1,50,50,50,0.196758,1,0.196758,0.196758,0.196758,1957,1,1957,1957,1957
19,30,49,1,49,49,49,0.80165,1,0.80165,0.80165,0.80165,4277,1,4277,4277,4277
19,30,41,1,41,41,41,0.382501,1,0.382501,0.382501,0.382501,2700,1,2700,2700,2700
19,30,52,1,52,52,52,0.608898,1,0.608898,0.608898,0.608898,3477,1,3477,3477,3477
19,30,70,1,70,70,70,0.738428,1,0.738428,0.738428,0.738428,4756,1,4756,4756,4756
19,30,69,1,69,69,69,1.94462,1,1.94462,1.94462,1.94462,6670,1,6670,6670,6670
19,30,41,1,41,41,41,0.111234,1,0.111234,0.111234,0.111234,1323,1,1323,1323,1323
19,30,51,1,51,51,51,0.288074,1,0.288074,0.288074,0.288074,2262,1,2262,2262,2262
19,30,50,1,50,50,50,0.216425,1,0.216425,0.216425,0.216425,1689,1,1689,1689,1689
19,30,58,1,58,58,58,3.66881,1,3.66881,3.66881,3.66881,9295,1,9295,9295,9295
19,30,46,1,46,46,46,0.636406,1,0.636406,0.636406,0.636406,4089,1,4089,4089,4089
19,30,55,1,55,55,55,0.762112,1,0.762112,0.762112,0.762112,4334,1,4334,4334,4334
19,30,52,1,52,52,52,0.464878,1,0.464878,0.464878,0.464878,3334,1,3334,3334,3334
19,30,48,1,48,48,48,0.967623,1,0.967623,0.967623,0.967623,4800,1,4800,4800,4800
19,30,55,1,55,55,55,0.442945,1,0.442945,0.442945,0.442945,3767,1,3767,3767,3767
19,30,50,1,50,50,50,0.0665687,1,0.0665687,0.0665687,0.0665687,981,1,981,981,981
19,30,59,1,59,59,59,0.653425,1,0.653425,0.653425,0.653425,3866,1,3866,3866,3866
19,30,58,1,58,58,58,1.30449,1,1.30449,1.30449,1.30449,6222,1,6222,6222,6222
19,30,57,1,57,57,57,0.56513,1,0.56513,0.56513,0.56513,3005,1,3005,3005,3005
19,30,43,1,43,43,43,0.249982,1,0.249982,0.249982,0.249982,2218,1,2218,2218,2218
19,30,49,1,49,49,49,1.31836,1,1.31836,1.31836,1.31836,5567,1,5567,5567,5567
19,30,55,1,55,55,55,1.95901,1,1.95901,1.95901,1.95901,7686,1,7686,7686,7686
19,30,50,1,50,50,50,2.8524,1,2.8524,2.8524,2.8524,10335,1,10335,10335,10335
19,30,49,1,49,49,49,0.231048,1,0.231048,0.231048,0.231048,2219,1,2219,2219,2219
19,30,54,1,54,54,54,0.28593,1,0.28593,0.28593,0.28593,2617,1,2617,2617,2617
19,30,53,1,53,53,53,0.493174,1,0.493174,0.493174,0.493174,3157,1,3157,3157,3157
19,30,55,1,55,55,55,0.791915,1,0.791915,0.791915,0.791915,4046,1,4046,4046,4046
19,30,56,1,56,56,56,1.3568,1,1.3568,1.3568,1.3568,6331,1,6331,6331,6331
19,30,62,1,62,62,62,2.11779,1,2.11779,2.11779,2.11779,7095,1,7095,7095,7095
19,30,56,1,56,56,56,0.168196,1,0.168196,0.168196,0.168196,2226,1,2226,2226,2226
19,30,49,1,49,49,49,1.79446,1,1.79446,1.79446,1.79446,6520,1,6520,6520,6520
19,30,43,1,43,43,43,0.212393,1,0.212393,0.212393,0.212393,2700,1,2700,2700,2700
19,30,42,1,42,42,42,0.167665,1,0.167665,0.167665,0.167665,1626,1,1626,1626,1626
19,30,58,1,58,58,58,1.145,1,1.145,1.145,1.145,5132,1,5132,5132,5132
19,30,52,1,52,52,52,0.923071,1,0.923071,0.923071,0.923071,4797,1,4797,4797,4797
19,30,57,1,57,57,57,0.267675,1,0.267675,0.267675,0.267675,2255,1,2255,2255,2255
19,30,58,1,58,58,58,0.898564,1,0.898564,0.898564,0.898564,4810,1,4810,4810,4810
19,30,42,1,42,42,42,1.11612,1,1.11612,1.11612,1.11612,4095,1,4095,4095,4095
19,30,54,1,54,54,54,0.518684,1,0.518684,0.518684,0.518684,3897,1,3897,3897,3897
19,30,40,1,40,40,40,0.802494,1,0.802494,0.802494,0.802494,4086,1,4086,4086,4086
19,30,56,1,56,56,56,0.391905,1,0.391905,0.391905,0.391905,3226,1,3226,3226,3226
19,30,44,1,44,44,44,0.234943,1,0.234943,0.234943,0.234943,1801,1,1801,1801,1801
19,30,42,1,42,42,42,0.29692,1,0.29692,0.29692,0.29692,2303,1,2303,2303,2303
19,30,46,1,46,46,46,0.265112,1,0.265112,0.265112,0.265112,2675,1,2675,2675,2675
19,30,51,1,51,51,51,2.01542,1,2.01542,2.01542,2.01542,8317,1,8317,8317,8317
19,30,53,1,53,53,53,0.843781,1,0.843781,0.843781,0.843781,5317,1,5317,5317,5317
19,30,56,1,56,56,56,1.87605,1,1.87605,1.87605,1.87605,5830,1,5830,5830,5830
19,30,50,1,50,50,50,0.373389,1,0.373389,0.373389,0.373389,3225,1,3225,3225,3225
19,30,60,1,60,60,60,0.697654,1,0.697654,0.697654,0.697654,3326,1,3326,3326,3326
19,30,45,1,45,45,45,0.432168,1,0.432168,0.432168,0.432168,2792,1,2792,2792,2792
19,30,55,1,55,55,55,0.827151,1,0.827151,0.827151,0.827151,4338,1,4338,4338,4338
19,30,57,1,57,57,57,0.42493,1,0.42493,0.42493,0.42493,3695,1,3695,3695,3695
19,30,42,1,42,42,42,0.426007,1,0.426007,0.426007,0.426007,3046,1,3046,3046,3046
19,30,38,1,38,38,38,0.210251,1,0.210251,0.210251,0.210251,1458,1,1458,1458,1458
19,30,51,1,51,51,51,0.893941,1,0.893941,0.893941,0.893941,5543,1,5543,5543,5543
19,30,51,1,51,51,51,0.266091,1,0.266091,0.266091,0.266091,2758,1,2758,2758,2758
19,30,48,1,48,48,48,0.615542,1,0.615542,0.615542,0.615542,4302,1,4302,4302,4302
19,30,58,1,58,58,58,0.653259,1,0.653259,0.653259,0.653259,5445,1,5445,5445,5445
19,30,48,1,48,48,48,1.47425,1,1.47425,1.47425,1.47425,8272,1,8272,8272,8272
19,30,43,1,43,43,43,0.216184,1,0.216184,0.216184,0.216184,1501,1,1501,1501,1501
19,30,51,1,51,51,51,0.810338,1,0.810338,0.810338,0.810338,4820,1,4820,4820,4820
19,30,46,1,46,46,46,0.933215,1,0.933215,0.933215,0.933215,5636,1,5636,5636,5636
19,30,50,1,50,50,50,0.403639,1,0.403639,0.403639,0.403639,3288,1,3288,3288,3288
19,30,47,1,47,47,47,0.589791,1,0.589791,0.589791,0.589791,3976,1,3976,3976,3976
19,30,56,1,56,56,56,1.68529,1,1.68529,1.68529,1.68529,8260,1,8260,8260,8260
19,30,57,1,57,57,57,2.22826,1,2.22826,2.22826,2.22826,8189,1,8189,8189,8189
19,30,42,1,42,42,42,0.681497,1,0.681497,0.681497,0.681497,3372,1,3372,3372,3372
19,30,49,1,49,49,49,0.289286,1,0.289286,0.289286,0.289286,2320,1,2320,2320,2320
19,30,48,1,48,48,48,0.381571,1,0.381571,0.381571,0.381571,3014,1,3014,3014,3014
19,30,39,1,39,39,39,0.0577763,1,0.0577763,0.0577763,0.0577763,640,1,640,640,640
19,30,49,1,49,49,49,0.469504,1,0.469504,0.469504,0.469504,3766,1,3766,3766,3766
19,30,57,1,57,57,57,5.5571,1,5.5571,5.5571,5.5571,16615,1,16615,16615,16615
19,30,52,1,52,52,52,0.386267,1,0.386267,0.386267,0.386267,2998,1,2998,2998,2998
19,30,45,1,45,45,45,0.215559,1,0.215559,0.215559,0.215559,1769,1,1769,1769,1769
19,30,53,1,53,53,53,0.300986,1,0.300986,0.300986,0.300986,2342,1,2342,2342,2342
19,30,58,1,58,58,58,1.31366,1,1.31366,1.31366,1.31366,6254,1,6254,6254,6254
19,30,45,1,45,45,45,0.238858,1,0.238858,0.238858,0.238858,2109,1,2109,2109,2109
19,30,51,1,51,51,51,0.567428,1,0.567428,0.567428,0.567428,4004,1,4004,4004,4004
19,30,46,1,46,46,46,0.26026,1,0.26026,0.26026,0.26026,1969,1,1969,1969,1969
19,30,52,1,52,52,52,1.36491,1,1.36491,1.36491,1.36491,6316,1,6316,6316,6316
19,30,54,1,54,54,54,0.295713,1,0.295713,0.295713,0.295713,3241,1,3241,3241,3241
19,30,56,1,56,56,56,1.22878,1,1.22878,1.22878,1.22878,5032,1,5032,5032,5032
19,30,55,1,55,55,55,1.2067,1,1.2067,1.2067,1.2067,5754,1,5754,5754,5754
19,30,48,1,48,48,48,2.38974,1,2.38974,2.38974,2.38974,9247,1,9247,9247,9247
19,30,54,1,54,54,54,0.277426,1,0.277426,0.277426,0.277426,2830,1,2830,2830,2830
19,30,49,1,49,49,49,0.653719,1,0.653719,0.653719,0.653719,4151,1,4151,4151,4151
19,30,48,1,48,48,48,0.62644,1,0.62644,0.62644,0.62644,3856,1,3856,3856,3856
19,30,51,1,51,51,51,0.698562,1,0.698562,0.698562,0.698562,4992,1,4992,4992,4992
19,30,55,1,55,55,55,2.67956,1,2.67956,2.67956,2.67956,9020,1,9020,9020,9020
19,30,52,1,52,52,52,0.713819,1,0.713819,0.713819,0.713819,4416,1,4416,4416,4416
19,30,53,1,53,53,53,0.641348,1,0.641348,0.641348,0.641348,3974,1,3974,3974,3974
19,30,65,1,65,65,65,2.20574,1,2.20574,2.20574,2.20574,6868,1,6868,6868,6868
19,30,53,1,53,53,53,0.459174,1,0.459174,0.459174,0.459174,3236,1,3236,3236,3236
19,30,49,1,49,49,49,1.12913,1,1.12913,1.12913,1.12913,6100,1,6100,6100,6100
19,30,50,1,50,50,50,0.297426,1,0.297426,0.297426,0.297426,2564,1,2564,2564,2564
19,30,51,1,51,51,51,0.718213,1,0.718213,0.718213,0.718213,4200,1,4200,4200,4200
19,30,50,1,50,50,50,0.437102,1,0.437102,0.437102,0.437102,3436,1,3436,3436,3436
19,30,59,1,59,59,59,1.25057,1,1.25057,1.25057,1.25057,6742,1,6742,6742,6742
19,30,56,1,56,56,56,1.22426,1,1.22426,1.22426,1.22426,6350,1,6350,6350,6350
19,30,57,1,57,57,57,2.50275,1,2.50275,2.50275,2.50275,7868,1,7868,7868,7868
19,30,53,1,53,53,53,1.39809,1,1.39809,1.39809,1.39809,7584,1,7584,7584,7584
19,30,48,1,48,48,48,0.284034,1,0.284034,0.284034,0.284034,2660,1,2660,2660,2660
19,30,55,1,55,55,55,1.51838,1,1.51838,1.51838,1.51838,5940,1,5940,5940,5940
19,30,50,1,50,50,50,2.65561,1,2.65561,2.65561,2.65561,8362,1,8362,8362,8362
19,30,57,1,57,57,57,1.24758,1,1.24758,1.24758,1.24758,5444,1,5444,5444,5444
19,30,53,1,53,53,53,0.493559,1,0.493559,0.493559,0.493559,3116,1,3116,3116,3116
19,30,51,1,51,51,51,0.238745,1,0.238745,0.238745,0.238745,2180,1,2180,2180,2180
19,30,50,1,50,50,50,1.5066,1,1.5066,1.5066,1.5066,7582,1,7582,7582,7582
19,30,50,1,50,50,50,0.535812,1,0.535812,0.535812,0.535812,3939,1,3939,3939,3939
19,30,53,1,53,53,53,0.260577,1,0.260577,0.260577,0.260577,2841,1,2841,2841,2841
19,30,51,1,51,51,51,2.08915,1,2.08915,2.08915,2.08915,7321,1,7321,7321,7321
19,30,55,1,55,55,55,0.656268,1,0.656268,0.656268,0.656268,3583,1,3583,3583,3583
19,30,48,1,48,48,48,0.670261,1,0.670261,0.670261,0.670261,4633,1,4633,4633,4633
19,30,54,1,54,54,54,0.843899,1,0.843899,0.843899,0.843899,5222,1,5222,5222,5222
19,30,44,1,44,44,44,0.207585,1,0.207585,0.207585,0.207585,2004,1,2004,2004,2004
19,30,51,1,51,51,51,0.273462,1,0.273462,0.273462,0.273462,2353,1,2353,2353,2353
19,30,52,1,52,52,52,0.751379,1,0.751379,0.751379,0.751379,3965,1,3965,3965,3965
19,30,61,1,61,61,61,1.11078,1,1.11078,1.11078,1.11078,5185,1,5185,5185,5185
19,30,46,1,46,46,46,1.82087,1,1.82087,1.82087,1.82087,8986,1,8986,8986,8986
19,30,50,1,50,50,50,0.429275,1,0.429275,0.429275,0.429275,3172,1,3172,3172,3172
19,30,39,1,39,39,39,0.646309,1,0.646309,0.646309,0.646309,2660,1,2660,2660,2660
19,30,46,1,46,46,46,0.681043,1,0.681043,0.681043,0.681043,4272,1,4272,4272,4272
19,30,58,1,58,58,58,0.177306,1,0.177306,0.177306,0.177306,2083,1,2083,2083,2083
19,30,56,1,56,56,56,1.16346,1,1.16346,1.16346,1.16346,5176,1,5176,5176,5176
19,30,50,1,50,50,50,0.512403,1,0.512403,0.512403,0.512403,3420,1,3420,3420,3420
19,30,51,1,51,51,51,0.905178,1,0.905178,0.905178,0.905178,5058,1,5058,5058,5058
19,30,54,1,54,54,54,1.0685,1,1.0685,1.0685,1.0685,6783,1,6783,6783,6783
19,30,54,1,54,54,54,1.52509,1,1.52509,1.52509,1.52509,5651,1,5651,5651,5651
19,30,61,1,61,61,61,1.77967,1,1.77967,1.77967,1.77967,6237,1,6237,6237,6237
19,30,48,1,48,48,48,0.684117,1,0.684117,0.684117,0.684117,3427,1,3427,3427,3427
19,30,64,1,64,64,64,1.3247,1,1.3247,1.3247,1.3247,6909,1,6909,6909,6909
19,30,54,1,54,54,54,2.98134,1,2.98134,2.98134,2.98134,9896,1,9896,9896,9896
19,30,54,1,54,54,54,0.623926,1,0.623926,0.623926,0.623926,5246,1,5246,5246,5246
19,30,60,1,60,60,60,2.45445,1,2.45445,2.45445,2.45445,8083,1,8083,8083,8083
19,30,45,1,45,45,45,0.321528,1,0.321528,0.321528,0.321528,3078,1,3078,3078,3078
19,30,42,1,42,42,42,0.177614,1,0.177614,0.177614,0.177614,1486,1,1486,1486,1486
19,30,51,1,51,51,51,1.51041,1,1.51041,1.51041,1.51041,7231,1,7231,7231,7231
19,30,54,1,54,54,54,2.36708,1,2.36708,2.36708,2.36708,8979,1,8979,8979,8979
19,30,51,1,51,51,51,2.62642,1,2.62642,2.62642,2.62642,7738,1,7738,7738,7738
19,30,53,1,53,53,53,0.378815,1,0.378815,0.378815,0.378815,2860,1,2860,2860,2860
19,30,49,1,49,49,49,0.434172,1,0.434172,0.434172,0.434172,3241,1,3241,3241,3241
19,30,49,1,49,49,49,0.781517,1,0.781517,0.781517,0.781517,3815,1,3815,3815,3815
19,30,59,1,59,59,59,1.22251,1,1.22251,1.22251,1.22251,6214,1,6214,6214,6214
19,30,53,1,53,53,53,1.32216,1,1.32216,1.32216,1.32216,7216,1,7216,7216,7216
19,30,39,1,39,39,39,0.355484,1,0.355484,0.355484,0.355484,2253,1,2253,2253,2253
19,30,52,1,52,52,52,0.506239,1,0.506239,0.506239,0.506239,3859,1,3859,3859,3859
19,30,47,1,47,47,47,0.654238,1,0.654238,0.654238,0.654238,4400,1,4400,4400,4400
19,30,54,1,54,54,54,0.52768,1,0.52768,0.52768,0.52768,3994,1,3994,3994,3994
19,30,52,1,52,52,52,2.39564,1,2.39564,2.39564,2.39564,6929,1,6929,6929,6929
19,30,45,1,45,45,45,0.384713,1,0.384713,0.384713,0.384713,2646,1,2646,2646,2646
19,30,56,1,56,56,56,0.531342,1,0.531342,0.531342,0.531342,4141,1,4141,4141,4141
19,30,45,1,45,45,45,0.32798,1,0.32798,0.32798,0.32798,2966,1,2966,2966,2966
19,30,52,1,52,52,52,1.4534,1,1.4534,1.4534,1.4534,6343,1,6343,6343,6343
19,30,48,1,48,48,48,0.738167,1,0.738167,0.738167,0.738167,4991,1,4991,4991,4991
19,30,52,1,52,52,52,0.946311,1,0.946311,0.946311,0.946311,4972,1,4972,4972,4972
19,30,50,1,50,50,50,0.367123,1,0.367123,0.367123,0.367123,2701,1,2701,2701,2701
19,30,49,1,49,49,49,0.483533,1,0.483533,0.483533,0.483533,3413,1,3413,3413,3413
19,30,59,1,59,59,59,0.724387,1,0.724387,0.724387,0.724387,4357,1,4357,4357,4357
19,30,45,1,45,45,45,0.392058,1,0.392058,0.392058,0.392058,2809,1,2809,2809,2809
19,30,53,1,53,53,53,0.172855,1,0.172855,0.172855,0.172855,1878,1,1878,1878,1878
19,30,56,1,56,56,56,0.948813,1,0.948813,0.948813,0.948813,5527,1,5527,5527,5527
19,30,55,1,55,55,55,0.906254,1,0.906254,0.906254,0.906254,4802,1,4802,4802,4802
19,30,55,1,55,55,55,0.571052,1,0.571052,0.571052,0.571052,3586,1,3586,3586,3586
19,30,46,1,46,46,46,0.157407,1,0.157407,0.157407,0.157407,1562,1,1562,1562,1562
19,30,50,1,50,50,50,1.14194,1,1.14194,1.14194,1.14194,6115,1,6115,6115,6115
19,30,50,1,50,50,50,0.189331,1,0.189331,0.189331,0.189331,1945,1,1945,1945,1945
19,30,62,1,62,62,62,0.407769,1,0.407769,0.407769,0.407769,3328,1,3328,3328,3328
19,30,52,1,52,52,52,0.603291,1,0.603291,0.603291,0.603291,3895,1,3895,3895,3895
19,30,42,1,42,42,42,0.0565086,1,0.0565086,0.0565086,0.0565086,1028,1,1028,1028,1028
19,30,48,1,48,48,48,0.827644,1,0.827644,0.827644,0.827644,4966,1,4966,4966,4966
19,30,45,1,45,45,45,0.314517,1,0.314517,0.314517,0.314517,2381,1,2381,2381,2381
19,30,53,1,53,53,53,0.661688,1,0.661688,0.661688,0.661688,3921,1,3921,3921,3921
19,30,56,1,56,56,56,2.80506,1,2.80506,2.80506,2.80506,8249,1,8249,8249,8249
19,30,48,1,48,48,48,0.713531,1,0.713531,0.713531,0.713531,4809,1,4809,4809,4809
19,30,53,1,53,53,53,1.49504,1,1.49504,1.49504,1.49504,6357,1,6357,6357,6357
19,30,56,1,56,56,56,1.20322,1,1.20322,1.20322,1.20322,5742,1,5742,5742,5742
19,30,57,1,57,57,57,0.646761,1,0.646761,0.646761,0.646761,4710,1,4710,4710,4710
19,30,63,1,63,63,63,0.832318,1,0.832318,0.832318,0.832318,4227,1,4227,4227,4227
19,30,55,1,55,55,55,1.2722,1,1.2722,1.2722,1.2722,6537,1,6537,6537,6537
19,30,50,1,50,50,50,1.48576,1,1.48576,1.48576,1.48576,6071,1,6071,6071,6071
19,30,55,1,55,55,55,0.788861,1,0.788861,0.788861,0.788861,4287,1,4287,4287,4287
19,30,49,1,49,49,49,0.692556,1,0.692556,0.692556,0.692556,4522,1,4522,4522,4522
19,30,57,1,57,57,57,0.777635,1,0.777635,0.777635,0.777635,5184,1,5184,5184,5184
19,30,48,1,48,48,48,0.929732,1,0.929732,0.929732,0.929732,5119,1,5119,5119,5119
19,30,54,1,54,54,54,0.46307,1,0.46307,0.46307,0.46307,3900,1,3900,3900,3900
19,30,62,1,62,62,62,1.13976,1,1.13976,1.13976,1.13976,5818,1,5818,5818,5818
19,30,54,1,54,54,54,0.436916,1,0.436916,0.436916,0.436916,3215,1,3215,3215,3215
19,30,57,1,57,57,57,0.846822,1,0.846822,0.846822,0.846822,4694,1,4694,4694,4694
19,30,43,1,43,43,43,0.319757,1,0.319757,0.319757,0.319757,2631,1,2631,2631,2631
19,30,53,1,53,53,53,0.260579,1,0.260579,0.260579,0.260579,2587,1,2587,2587,2587
19,30,53,1,53,53,53,0.777403,1,0.777403,0.777403,0.777403,4665,1,4665,4665,4665
19,30,37,1,37,37,37,0.417926,1,0.417926,0.417926,0.417926,3162,1,3162,3162,3162
19,30,55,1,55,55,55,0.491591,1,0.491591,0.491591,0.491591,3662,1,3662,3662,3662
19,30,57,1,57,57,57,3.80568,1,3.80568,3.80568,3.80568,11034,1,11034,11034,11034
19,30,70,1,70,70,70,1.31569,1,1.31569,1.31569,1.31569,5903,1,5903,5903,5903
19,30,51,1,51,51,51,0.624339,1,0.624339,0.624339,0.624339,4295,1,4295,4295,4295
19,30,48,1,48,48,48,0.592623,1,0.592623,0.592623,0.592623,4069,1,4069,4069,4069
19,30,50,1,50,50,50,0.569696,1,0.569696,0.569696,0.569696,3384,1,3384,3384,3384
19,30,53,1,53,53,53,0.629101,1,0.629101,0.629101,0.629101,3660,1,3660,3660,3660
19,30,58,1,58,58,58,1.01915,1,1.01915,1.01915,1.01915,5776,1,5776,5776,5776
19,30,49,1,49,49,49,1.22745,1,1.22745,1.22745,1.22745,5165,1,5165,5165,5165
19,30,63,1,63,63,63,1.26014,1,1.26014,1.26014,1.26014,5489,1,5489,5489,5489
19,30,56,1,56,56,56,0.68857,1,0.68857,0.68857,0.68857,4236,1,4236,4236,4236
19,30,58,1,58,58,58,0.957321,1,0.957321,0.957321,0.957321,5179,1,5179,5179,5179
19,30,53,1,53,53,53,0.477801,1,0.477801,0.477801,0.477801,3400,1,3400,3400,3400
19,30,45,1,45,45,45,0.561216,1,0.561216,0.561216,0.561216,3506,1,3506,3506,3506
19,30,48,1,48,48,48,0.357968,1,0.357968,0.357968,0.357968,3499,1,3499,3499,3499
19,30,52,1,52,52,52,0.704039,1,0.704039,0.704039,0.704039,4230,1,4230,4230,4230
19,30,52,1,52,52,52,3.31975,1,3.31975,3.31975,3.31975,11385,1,11385,11385,11385
19,30,50,1,50,50,50,0.567795,1,0.567795,0.567795,0.567795,3703,1,3703,3703,3703
19,30,51,1,51,51,51,0.622329,1,0.622329,0.622329,0.622329,4141,1,4141,4141,4141
19,30,50,1,50,50,50,0.251478,1,0.251478,0.251478,0.251478,2370,1,2370,2370,2370
19,30,46,1,46,46,46,0.354481,1,0.354481,0.354481,0.354481,3055,1,3055,3055,3055
19,30,57,1,57,57,57,1.0412,1,1.0412,1.0412,1.0412,5412,1,5412,5412,5412
19,30,47,1,47,47,47,0.15732,1,0.15732,0.15732,0.15732,1640,1,1640,1640,1640
19,30,48,1,48,48,48,0.736865,1,0.736865,0.736865,0.736865,4265,1,4265,4265,4265
19,30,40,1,40,40,40,0.0797736,1,0.0797736,0.0797736,0.0797736,1050,1,1050,1050,1050
19,30,45,1,45,45,45,0.454257,1,0.454257,0.454257,0.454257,2805,1,2805,2805,2805
19,30,54,1,54,54,54,1.83891,1,1.83891,1.83891,1.83891,9030,1,9030,9030,9030
19,30,50,1,50,50,50,0.139757,1,0.139757,0.139757,0.139757,1814,1,1814,1814,1814
19,30,49,1,49,49,49,1.08671,1,1.08671,1.08671,1.08671,4424,1,4424,4424,4424
19,30,64,1,64,64,64,5.63278,1,5.63278,5.63278,5.63278,11066,1,11066,11066,11066
19,30,43,1,43,43,43,0.851934,1,0.851934,0.851934,0.851934,4662,1,4662,4662,4662
19,30,48,1,48,48,48,0.468145,1,0.468145,0.468145,0.468145,3528,1,3528,3528,3528
19,30,59,1,59,59,59,1.27441,1,1.27441,1.27441,1.27441,6642,1,6642,6642,6642
19,30,55,1,55,55,55,0.335746,1,0.335746,0.335746,0.335746,2536,1,2536,2536,2536
19,30,50,1,50,50,50,2.07518,1,2.07518,2.07518,2.07518,8183,1,8183,8183,8183
19,30,47,1,47,47,47,0.679337,1,0.679337,0.679337,0.679337,4417,1,4417,4417,4417
19,30,42,1,42,42,42,0.824705,1,0.824705,0.824705,0.824705,4725,1,4725,4725,4725
19,30,71,1,71,71,71,14.4686,1,14.4686,14.4686,14.4686,19749,1,19749,19749,19749
19,30,55,1,55,55,55,0.719522,1,0.719522,0.719522,0.719522,4309,1,4309,4309,4309
19,30,59,1,59,59,59,2.5825,1,2.5825,2.5825,2.5825,7797,1,7797,7797,7797
19,30,48,1,48,48,48,0.358132,1,0.358132,0.358132,0.358132,2631,1,2631,2631,2631
19,30,69,1,69,69,69,6.68891,1,6.68891,6.68891,6.68891,15594,1,15594,15594,15594
19,30,54,1,54,54,54,0.965718,1,0.965718,0.965718,0.965718,6422,1,6422,6422,6422
19,30,42,1,42,42,42,0.29879,1,0.29879,0.29879,0.29879,1714,1,1714,1714,1714
19,30,60,1,60,60,60,0.430597,1,0.430597,0.430597,0.430597,3177,1,3177,3177,3177
19,30,48,1,48,48,48,0.0862302,1,0.0862302,0.0862302,0.0862302,1454,1,1454,1454,1454
19,30,55,1,55,55,55,0.5401,1,0.5401,0.5401,0.5401,3552,1,3552,3552,3552
19,30,54,1,54,54,54,0.714158,1,0.714158,0.714158,0.714158,3614,1,3614,3614,3614
19,30,50,1,50,50,50,0.738298,1,0.738298,0.738298,0.738298,4479,1,4479,4479,4479
19,30,56,1,56,56,56,0.841546,1,0.841546,0.841546,0.841546,5502,1,5502,5502,5502
19,30,64,1,64,64,64,2.46567,1,2.46567,2.46567,2.46567,8481,1,8481,8481,8481
19,30,53,1,53,53,53,1.7812,1,1.7812,1.7812,1.7812,6562,1,6562,6562,6562
19,30,51,1,51,51,51,1.84489,1,1.84489,1.84489,1.84489,8952,1,8952,8952,8952
19,30,52,1,52,52,52,0.300065,1,0.300065,0.300065,0.300065,2548,1,2548,2548,2548
19,30,55,1,55,55,55,6.96578,1,6.96578,6.96578,6.96578,17847,1,17847,17847,17847
19,30,45,1,45,45,45,0.335863,1,0.335863,0.335863,0.335863,2539,1,2539,2539,2539
19,30,43,1,43,43,43,0.159611,1,0.159611,0.159611,0.159611,1673,1,1673,1673,1673
19,30,48,1,48,48,48,0.289482,1,0.289482,0.289482,0.289482,2920,1,2920,2920,2920
19,30,50,1,50,50,50,1.62561,1,1.62561,1.62561,1.62561,6010,1,6010,6010,6010
19,30,47,1,47,47,47,0.512538,1,0.512538,0.512538,0.512538,3664,1,3664,3664,3664
19,30,49,1,49,49,49,0.282114,1,0.282114,0.282114,0.282114,2344,1,2344,2344,2344
19,30,47,1,47,47,47,0.175013,1,0.175013,0.175013,0.175013,1716,1,1716,1716,1716
19,30,55,1,55,55,55,0.314947,1,0.314947,0.314947,0.314947,2524,1,2524,2524,2524
19,30,44,1,44,44,44,0.231488,1,0.231488,0.231488,0.231488,1913,1,1913,1913,1913
19,30,41,1,41,41,41,0.200574,1,0.200574,0.200574,0.200574,1885,1,1885,1885,1885
19,30,62,1,62,62,62,3.67898,1,3.67898,3.67898,3.67898,9122,1,9122,9122,9122
19,30,41,1,41,41,41,0.217072,1,0.217072,0.217072,0.217072,2367,1,2367,2367,2367
19,30,53,1,53,53,53,0.966434,1,0.966434,0.966434,0.966434,4827,1,4827,4827,4827
19,30,61,1,61,61,61,1.44951,1,1.44951,1.44951,1.44951,6345,1,6345,6345,6345
19,30,48,1,48,48,48,0.276282,1,0.276282,0.276282,0.276282,2452,1,2452,2452,2452
19,30,48,1,48,48,48,0.692716,1,0.692716,0.692716,0.692716,4135,1,4135,4135,4135
19,30,48,1,48,48,48,0.503565,1,0.503565,0.503565,0.503565,3790,1,3790,3790,3790
19,30,51,1,51,51,51,1.85237,1,1.85237,1.85237,1.85237,7390,1,7390,7390,7390
19,30,57,1,57,57,57,0.324523,1,0.324523,0.324523,0.324523,2594,1,2594,2594,2594
19,30,52,1,52,52,52,4.34743,1,4.34743,4.34743,4.34743,11733,1,11733,11733,11733
19,30,52,1,52,52,52,0.188356,1,0.188356,0.188356,0.188356,1954,1,1954,1954,1954
19,30,55,1,55,55,55,0.225422,1,0.225422,0.225422,0.225422,2344,1,2344,2344,2344
19,30,54,1,54,54,54,0.659581,1,0.659581,0.659581,0.659581,4337,1,4337,4337,4337
19,30,52,1,52,52,52,0.400604,1,0.400604,0.400604,0.400604,3071,1,3071,3071,3071
19,30,58,1,58,58,58,0.721332,1,0.721332,0.721332,0.721332,3926,1,3926,3926,3926
19,30,53,1,53,53,53,1.58671,1,1.58671,1.58671,1.58671,7149,1,7149,7149,7149
19,30,54,1,54,54,54,0.334125,1,0.334125,0.334125,0.334125,2663,1,2663,2663,2663
19,30,57,1,57,57,57,0.951825,1,0.951825,0.951825,0.951825,5590,1,5590,5590,5590
19,30,59,1,59,59,59,1.18113,1,1.18113,1.18113,1.18113,6145,1,6145,6145,6145
19,30,49,1,49,49,49,0.309445,1,0.309445,0.309445,0.309445,2315,1,2315,2315,2315
19,30,47,1,47,47,47,2.95899,1,2.95899,2.95899,2.95899,8737,1,8737,8737,8737
19,30,57,1,57,57,57,0.780699,1,0.780699,0.780699,0.780699,4900,1,4900,4900,4900
19,30,52,1,52,52,52,0.430311,1,0.430311,0.430311,0.430311,3347,1,3347,3347,3347
19,30,50,1,50,50,50,0.937909,1,0.937909,0.937909,0.937909,5375,1,5375,5375,5375
19,30,56,1,56,56,56,0.564969,1,0.564969,0.564969,0.564969,4058,1,4058,4058,4058
19,30,43,1,43,43,43,0.298976,1,0.298976,0.298976,0.298976,2841,1,2841,2841,2841
19,30,63,1,63,63,63,2.68148,1,2.68148,2.68148,2.68148,6786,1,6786,6786,6786
19,30,58,1,58,58,58,3.40914,1,3.40914,3.40914,3.40914,7606,1,7606,7606,7606
19,30,59,1,59,59,59,1.75707,1,1.75707,1.75707,1.75707,6634,1,6634,6634,6634
19,30,51,1,51,51,51,0.40673,1,0.40673,0.40673,0.40673,3058,1,3058,3058,3058
19,30,57,1,57,57,57,0.545569,1,0.545569,0.545569,0.545569,3353,1,3353,3353,3353
19,30,47,1,47,47,47,1.05887,1,1.05887,1.05887,1.05887,2601,1,2601,2601,2601
19,30,51,1,51,51,51,0.39952,1,0.39952,0.39952,0.39952,3603,1,3603,3603,3603
19,30,48,1,48,48,48,0.69842,1,0.69842,0.69842,0.69842,5104,1,5104,5104,5104
19,30,44,1,44,44,44,0.914519,1,0.914519,0.914519,0.914519,4322,1,4322,4322,4322
19,30,44,1,44,44,44,0.0712773,1,0.0712773,0.0712773,0.0712773,864,1,864,864,864
19,30,53,1,53,53,53,1.33005,1,1.33005,1.33005,1.33005,5424,1,5424,5424,5424
19,30,54,1,54,54,54,0.479023,1,0.479023,0.479023,0.479023,3147,1,3147,3147,3147
19,30,52,1,52,52,52,0.951472,1,0.951472,0.951472,0.951472,6381,1,6381,6381,6381
19,30,56,1,56,56,56,0.603772,1,0.603772,0.603772,0.603772,3908,1,3908,3908,3908
19,30,47,1,47,47,47,0.582996,1,0.582996,0.582996,0.582996,4143,1,4143,4143,4143
19,30,53,1,53,53,53,4.08662,1,4.08662,4.08662,4.08662,10090,1,10090,10090,10090
19,30,48,1,48,48,48,0.292635,1,0.292635,0.292635,0.292635,2455,1,2455,2455,2455
19,30,48,1,48,48,48,0.161195,1,0.161195,0.161195,0.161195,1689,1,1689,1689,1689
19,30,57,1,57,57,57,0.362159,1,0.362159,0.362159,0.362159,2571,1,2571,2571,2571
19,30,54,1,54,54,54,0.345734,1,0.345734,0.345734,0.345734,2636,1,2636,2636,2636
19,30,55,1,55,55,55,0.406681,1,0.406681,0.406681,0.406681,3232,1,3232,3232,3232
19,30,46,1,46,46,46,0.305141,1,0.305141,0.305141,0.305141,2686,1,2686,2686,2686
19,30,47,1,47,47,47,0.474303,1,0.474303,0.474303,0.474303,2778,1,2778,2778,2778
19,30,41,1,41,41,41,0.13286,1,0.13286,0.13286,0.13286,1417,1,1417,1417,1417
19,30,60,1,60,60,60,0.750653,1,0.750653,0.750653,0.750653,5096,1,5096,5096,5096
19,30,59,1,59,59,59,0.488388,1,0.488388,0.488388,0.488388,3949,1,3949,3949,3949
19,30,34,1,34,34,34,0.18707,1,0.18707,0.18707,0.18707,1107,1,1107,1107,1107
19,30,59,1,59,59,59,0.424907,1,0.424907,0.424907,0.424907,2690,1,2690,2690,2690
19,30,52,1,52,52,52,0.414968,1,0.414968,0.414968,0.414968,3727,1,3727,3727,3727
19,30,57,1,57,57,57,2.12207,1,2.12207,2.12207,2.12207,9882,1,9882,9882,9882
19,30,49,1,49,49,49,2.07229,1,2.07229,2.07229,2.07229,8277,1,8277,8277,8277
19,30,51,1,51,51,51,0.878047,1,0.878047,0.878047,0.878047,5217,1,5217,5217,5217
19,30,55,1,55,55,55,2.87121,1,2.87121,2.87121,2.87121,10256,1,10256,10256,10256
19,30,56,1,56,56,56,1.00523,1,1.00523,1.00523,1.00523,5434,1,5434,5434,5434
19,30,54,1,54,54,54,0.820146,1,0.820146,0.820146,0.820146,5302,1,5302,5302,5302
19,30,53,1,53,53,53,1.85551,1,1.85551,1.85551,1.85551,7290,1,7290,7290,7290
19,30,56,1,56,56,56,0.980958,1,0.980958,0.980958,0.980958,5919,1,5919,5919,5919
19,30,56,1,56,56,56,0.431437,1,0.431437,0.431437,0.431437,3688,1,3688,3688,3688
19,30,51,1,51,51,51,1.26011,1,1.26011,1.26011,1.26011,5576,1,5576,5576,5576
19,30,67,1,67,67,67,0.888324,1,0.888324,0.888324,0.888324,3832,1,3832,3832,3832
19,30,60,1,60,60,60,0.746634,1,0.746634,0.746634,0.746634,4088,1,4088,4088,4088
19,30,54,1,54,54,54,1.10267,1,1.10267,1.10267,1.10267,6021,1,6021,6021,6021
19,30,44,1,44,44,44,0.515895,1,0.515895,0.515895,0.515895,3150,1,3150,3150,3150
19,30,58,1,58,58,58,7.04401,1,7.04401,7.04401,7.04401,12217,1,12217,12217,12217
19,30,41,1,41,41,41,0.949439,1,0.949439,0.949439,0.949439,5083,1,5083,5083,5083
19,30,58,1,58,58,58,5.12404,1,5.12404,5.12404,5.12404,10349,1,10349,10349,10349
19,30,57,1,57,57,57,1.55213,1,1.55213,1.55213,1.55213,7978,1,7978,7978,7978
19,30,52,1,52,52,52,0.428221,1,0.428221,0.428221,0.428221,3299,1,3299,3299,3299
19,30,46,1,46,46,46,0.414169,1,0.414169,0.414169,0.414169,3508,1,3508,3508,3508
19,30,54,1,54,54,54,3.15173,1,3.15173,3.15173,3.15173,7868,1,7868,7868,7868
19,30,51,1,51,51,51,0.137551,1,0.137551,0.137551,0.137551,1521,1,1521,1521,1521
19,30,60,1,60,60,60,1.72166,1,1.72166,1.72166,1.72166,7651,1,7651,7651,7651
19,30,61,1,61,61,61,1.29172,1,1.29172,1.29172,1.29172,5226,1,5226,5226,5226
19,30,54,1,54,54,54,0.267837,1,0.267837,0.267837,0.267837,2486,1,2486,2486,2486
19,30,50,1,50,50,50,0.510693,1,0.510693,0.510693,0.510693,4039,1,4039,4039,4039
19,30,58,1,58,58,58,0.517488,1,0.517488,0.517488,0.517488,4253,1,4253,4253,4253
19,30,57,1,57,57,57,1.62873,1,1.62873,1.62873,1.62873,5572,1,5572,5572,5572
19,30,52,1,52,52,52,0.430926,1,0.430926,0.430926,0.430926,3399,1,3399,3399,3399
19,30,44,1,44,44,44,0.237676,1,0.237676,0.237676,0.237676,2914,1,2914,2914,2914
19,30,55,1,55,55,55,0.878217,1,0.878217,0.878217,0.878217,4789,1,4789,4789,4789
19,30,57,1,57,57,57,0.525704,1,0.525704,0.525704,0.525704,4521,1,4521,4521,4521
19,30,54,1,54,54,54,1.66385,1,1.66385,1.66385,1.66385,7000,1,7000,7000,7000
19,30,43,1,43,43,43,0.128402,1,0.128402,0.128402,0.128402,1035,1,1035,1035,1035
19,30,51,1,51,51,51,0.861842,1,0.861842,0.861842,0.861842,4833,1,4833,4833,4833
19,30,51,1,51,51,51,1.44306,1,1.44306,1.44306,1.44306,7561,1,7561,7561,7561
19,30,46,1,46,46,46,0.374941,1,0.374941,0.374941,0.374941,3163,1,3163,3163,3163
19,30,47,1,47,47,47,0.969463,1,0.969463,0.969463,0.969463,5303,1,5303,5303,5303
19,30,52,1,52,52,52,1.49164,1,1.49164,1.49164,1.49164,7429,1,7429,7429,7429
19,30,54,1,54,54,54,2.85441,1,2.85441,2.85441,2.85441,9379,1,9379,9379,9379
19,30,49,1,49,49,49,0.477979,1,0.477979,0.477979,0.477979,3412,1,3412,3412,3412
19,30,59,1,59,59,59,2.24451,1,2.24451,2.24451,2.24451,9533,1,9533,9533,9533
19,30,51,1,51,51,51,0.510251,1,0.510251,0.510251,0.510251,3564,1,3564,3564,3564
19,30,47,1,47,47,47,0.14092,1,0.14092,0.14092,0.14092,1507,1,1507,1507,1507
19,30,49,1,49,49,49,0.754447,1,0.754447,0.754447,0.754447,5150,1,5150,5150,5150
19,30,48,1,48,48,48,0.439317,1,0.439317,0.439317,0.439317,3125,1,3125,3125,3125
19,30,55,1,55,55,55,3.90456,1,3.90456,3.90456,3.90456,9312,1,9312,9312,9312
19,30,49,1,49,49,49,0.534786,1,0.534786,0.534786,0.534786,3907,1,3907,3907,3907
19,30,58,1,58,58,58,0.587604,1,0.587604,0.587604,0.587604,3265,1,3265,3265,3265
