n,p,m_total,m_count,m_mean,m_min,m_max,time_total,time_count,time_mean,time_min,time_max,calls_total,calls_count,calls_mean,calls_min,calls_max
5,20,1,1,1,1,1,6.4909e-05,1,6.4909e-05,6.4909e-05,6.4909e-05,3,1,3,3,3
5,20,3,1,3,3,3,7.9329e-05,1,7.9329e-05,7.9329e-05,7.9329e-05,4,1,4,4,4
5,20,1,1,1,1,1,6.2047e-05,1,6.2047e-05,6.2047e-05,6.2047e-05,3,1,3,3,3
5,20,5,1,5,5,5,0.000108135,1,0.000108135,0.000108135,0.000108135,10,1,10,10,10
5,20,1,1,1,1,1,6.2513e-05,1,6.2513e-05,6.2513e-05,6.2513e-05,3,1,3,3,3
5,20,1,1,1,1,1,6.2023e-05,1,6.2023e-05,6.2023e-05,6.2023e-05,3,1,3,3,3
5,20,1,1,1,1,1,6.1927e-05,1,6.1927e-05,6.1927e-05,6.1927e-05,3,1,3,3,3
5,20,0,1,0,0,0,5.0468e-05,1,5.0468e-05,5.0468e-05,5.0468e-05,1,1,1,1,1
5,20,2,1,2,2,2,5.7419e-05,1,5.7419e-05,5.7419e-05,5.7419e-05,3,1,3,3,3
5,20,1,1,1,1,1,6.1372e-05,1,6.1372e-05,6.1372e-05,6.1372e-05,3,1,3,3,3
5,20,0,1,0,0,0,5.0363e-05,1,5.0363e-05,5.0363e-05,5.0363e-05,1,1,1,1,1
5,20,1,1,1,1,1,6.1633e-05,1,6.1633e-05,6.1633e-05,6.1633e-05,3,1,3,3,3
5,20,2,1,2,2,2,5.6972e-05,1,5.6972e-05,5.6972e-05,5.6972e-05,3,1,3,3,3
5,20,3,1,3,3,3,0.000102082,1,0.000102082,0.000102082,0.000102082,10,1,10,10,10
5,20,3,1,3,3,3,5.4308e-05,1,5.4308e-05,5.4308e-05,5.4308e-05,3,1,3,3,3
5,20,1,1,1,1,1,6.148e-05,1,6.148e-05,6.148e-05,6.148e-05,3,1,3,3,3
5,20,0,1,0,0,0,7.2241e-05,1,7.2241e-05,7.2241e-05,7.2241e-05,1,1,1,1,1
5,20,2,1,2,2,2,6.8927e-05,1,6.8927e-05,6.8927e-05,6.8927e-05,5,1,5,5,5
5,20,0,1,0,0,0,5.0439e-05,1,5.0439e-05,5.0439e-05,5.0439e-05,1,1,1,1,1
5,20,1,1,1,1,1,6.189e-05,1,6.189e-05,6.189e-05,6.189e-05,3,1,3,3,3
5,20,2,1,2,2,2,5.6698e-05,1,5.6698e-05,5.6698e-05,5.6698e-05,3,1,3,3,3
5,20,3,1,3,3,3,7.6211e-05,1,7.6211e-05,7.6211e-05,7.6211e-05,6,1,6,6,6
5,20,0,1,0,0,0,5.0383e-05,1,5.0383e-05,5.0383e-05,5.0383e-05,1,1,1,1,1
5,20,2,1,2,2,2,5.6965e-05,1,5.6965e-05,5.6965e-05,5.6965e-05,3,1,3,3,3
5,20,1,1,1,1,1,6.1721e-05,1,6.1721e-05,6.1721e-05,6.1721e-05,3,1,3,3,3
5,20,2,1,2,2,2,5.6955e-05,1,5.6955e-05,5.6955e-05,5.6955e-05,3,1,3,3,3
5,20,0,1,0,0,0,5.0219e-05,1,5.0219e-05,5.0219e-05,5.0219e-05,1,1,1,1,1
5,20,1,1,1,1,1,6.179e-05,1,6.179e-05,6.179e-05,6.179e-05,3,1,3,3,3
5,20,1,1,1,1,1,6.1448e-05,1,6.1448e-05,6.1448e-05,6.1448e-05,3,1,3,3,3
5,20,0,1,0,0,0,5.029e-05,1,5.029e-05,5.029e-05,5.029e-05,1,1,1,1,1
5,20,1,1,1,1,1,6.1883e-05,1,6.1883e-05,6.1883e-05,6.1883e-05,3,1,3,3,3
5,20,1,1,1,1,1,6.1007e-05,1,6.1007e-05,6.1007e-05,6.1007e-05,3,1,3,3,3
5,20,1,1,1,1,1,6.1217e-05,1,6.1217e-05,6.1217e-05,6.1217e-05,3,1,3,3,3
5,20,2,1,2,2,2,6.8496e-05,1,6.8496e-05,6.8496e-05,6.8496e-05,5,1,5,5,5
5,20,2,1,2,2,2,5.6984e-05,1,5.6984e-05,5.6984e-05,5.6984e-05,3,1,3,3,3
5,20,2,1,2,2,2,5.692e-05,1,5.692e-05,5.692e-05,5.692e-05,3,1,3,3,3
5,20,2,1,2,2,2,6.8371e-05,1,6.8371e-05,6.8371e-05,6.8371e-05,5,1,5,5,5
5,20,2,1,2,2,2,5.6767e-05,1,5.6767e-05,5.6767e-05,5.6767e-05,3,1,3,3,3
5,20,3,1,3,3,3,6.1824e-05,1,6.1824e-05,6.1824e-05,6.1824e-05,4,1,4,4,4
5,20,4,1,4,4,4,5.6298e-05,1,5.6298e-05,5.6298e-05,5.6298e-05,3,1,3,3,3
5,20,1,1,1,1,1,6.202e-05,1,6.202e-05,6.202e-05,6.202e-05,3,1,3,3,3
5,20,3,1,3,3,3,5.4382e-05,1,5.4382e-05,5.4382e-05,5.4382e-05,3,1,3,3,3
5,20,0,1,0,0,0,5.0384e-05,1,5.0384e-05,5.0384e-05,5.0384e-05,1,1,1,1,1
5,20,1,1,1,1,1,6.1884e-05,1,6.1884e-05,6.1884e-05,6.1884e-05,3,1,3,3,3
5,20,2,1,2,2,2,5.7251e-05,1,5.7251e-05,5.7251e-05,5.7251e-05,3,1,3,3,3
5,20,1,1,1,1,1,6.1564e-05,1,6.1564e-05,6.1564e-05,6.1564e-05,3,1,3,3,3
5,20,3,1,3,3,3,0.00010194,1,0.00010194,0.00010194,0.00010194,10,1,10,10,10
5,20,2,1,2,2,2,5.7123e-05,1,5.7123e-05,5.7123e-05,5.7123e-05,3,1,3,3,3
5,20,3,1,3,3,3,6.1575e-05,1,6.1575e-05,6.1575e-05,6.1575e-05,4,1,4,4,4
5,20,1,1,1,1,1,6.1931e-05,1,6.1931e-05,6.1931e-05,6.1931e-05,3,1,3,3,3
5,20,2,1,2,2,2,6.8095e-05,1,6.8095e-05,6.8095e-05,6.8095e-05,5,1,5,5,5
5,20,3,1,3,3,3,8.1811e-05,1,8.1811e-05,8.1811e-05,8.1811e-05,5,1,5,5,5
5,20,2,1,2,2,2,0.000102475,1,0.000102475,0.000102475,0.000102475,3,1,3,3,3
5,20,4,1,4,4,4,8.2213e-05,1,8.2213e-05,8.2213e-05,8.2213e-05,4,1,4,4,4
5,20,3,1,3,3,3,7.1116e-05,1,7.1116e-05,7.1116e-05,7.1116e-05,5,1,5,5,5
5,20,2,1,2,2,2,0.000106086,1,0.000106086,0.000106086,0.000106086,3,1,3,3,3
5,20,0,1,0,0,0,5.3159e-05,1,5.3159e-05,5.3159e-05,5.3159e-05,1,1,1,1,1
5,20,0,1,0,0,0,9.6834e-05,1,9.6834e-05,9.6834e-05,9.6834e-05,1,1,1,1,1
5,20,2,1,2,2,2,5.9865e-05,1,5.9865e-05,5.9865e-05,5.9865e-05,3,1,3,3,3
5,20,1,1,1,1,1,0.000113654,1,0.000113654,0.000113654,0.000113654,3,1,3,3,3
5,20,2,1,2,2,2,0.000100822,1,0.000100822,0.000100822,0.000100822,3,1,3,3,3
5,20,3,1,3,3,3,5.5996e-05,1,5.5996e-05,5.5996e-05,5.5996e-05,3,1,3,3,3
5,20,2,1,2,2,2,5.8948e-05,1,5.8948e-05,5.8948e-05,5.8948e-05,3,1,3,3,3
5,20,0,1,0,0,0,6.7027e-05,1,6.7027e-05,6.7027e-05,6.7027e-05,1,1,1,1,1
5,20,1,1,1,1,1,6.216e-05,1,6.216e-05,6.216e-05,6.216e-05,3,1,3,3,3
5,20,1,1,1,1,1,6.1866e-05,1,6.1866e-05,6.1866e-05,6.1866e-05,3,1,3,3,3
5,20,3,1,3,3,3,0.00010157,1,0.00010157,0.00010157,0.00010157,10,1,10,10,10
5,20,0,1,0,0,0,5.0757e-05,1,5.0757e-05,5.0757e-05,5.0757e-05,1,1,1,1,1
5,20,1,1,1,1,1,6.2088e-05,1,6.2088e-05,6.2088e-05,6.2088e-05,3,1,3,3,3
5,20,1,1,1,1,1,6.1675e-05,1,6.1675e-05,6.1675e-05,6.1675e-05,3,1,3,3,3
5,20,3,1,3,3,3,6.1968e-05,1,6.1968e-05,6.1968e-05,6.1968e-05,4,1,4,4,4
5,20,1,1,1,1,1,6.1279e-05,1,6.1279e-05,6.1279e-05,6.1279e-05,3,1,3,3,3
5,20,1,1,1,1,1,6.1653e-05,1,6.1653e-05,6.1653e-05,6.1653e-05,3,1,3,3,3
5,20,0,1,0,0,0,5.0504e-05,1,5.0504e-05,5.0504e-05,5.0504e-05,1,1,1,1,1
5,20,1,1,1,1,1,6.1614e-05,1,6.1614e-05,6.1614e-05,6.1614e-05,3,1,3,3,3
5,20,2,1,2,2,2,8.6424e-05,1,8.6424e-05,8.6424e-05,8.6424e-05,5,1,5,5,5
5,20,0,1,0,0,0,5.0331e-05,1,5.0331e-05,5.0331e-05,5.0331e-05,1,1,1,1,1
5,20,4,1,4,4,4,7.4005e-05,1,7.4005e-05,7.4005e-05,7.4005e-05,6,1,6,6,6
5,20,0,1,0,0,0,5.0123e-05,1,5.0123e-05,5.0123e-05,5.0123e-05,1,1,1,1,1
5,20,4,1,4,4,4,7.9732e-05,1,7.9732e-05,7.9732e-05,7.9732e-05,6,1,6,6,6
5,20,1,1,1,1,1,6.1646e-05,1,6.1646e-05,6.1646e-05,6.1646e-05,3,1,3,3,3
5,20,3,1,3,3,3,6.1833e-05,1,6.1833e-05,6.1833e-05,6.1833e-05,4,1,4,4,4
5,20,3,1,3,3,3,6.1415e-05,1,6.1415e-05,6.1415e-05,6.1415e-05,4,1,4,4,4
5,20,2,1,2,2,2,5.7112e-05,1,5.7112e-05,5.7112e-05,5.7112e-05,3,1,3,3,3
5,20,2,1,2,2,2,5.6918e-05,1,5.6918e-05,5.6918e-05,5.6918e-05,3,1,3,3,3
5,20,1,1,1,1,1,6.178e-05,1,6.178e-05,6.178e-05,6.178e-05,3,1,3,3,3
5,20,2,1,2,2,2,5.679e-05,1,5.679e-05,5.679e-05,5.679e-05,3,1,3,3,3
5,20,1,1,1,1,1,6.1961e-05,1,6.1961e-05,6.1961e-05,6.1961e-05,3,1,3,3,3
5,20,1,1,1,1,1,6.1491e-05,1,6.1491e-05,6.1491e-05,6.1491e-05,3,1,3,3,3
5,20,2,1,2,2,2,5.6705e-05,1,5.6705e-05,5.6705e-05,5.6705e-05,3,1,3,3,3
5,20,3,1,3,3,3,6.2228e-05,1,6.2228e-05,6.2228e-05,6.2228e-05,4,1,4,4,4
5,20,4,1,4,4,4,7.3158e-05,1,7.3158e-05,7.3158e-05,7.3158e-05,6,1,6,6,6
5,20,1,1,1,1,1,6.1663e-05,1,6.1663e-05,6.1663e-05,6.1663e-05,3,1,3,3,3
5,20,0,1,0,0,0,5.0648e-05,1,5.0648e-05,5.0648e-05,5.0648e-05,1,1,1,1,1
5,20,1,1,1,1,1,6.1717e-05,1,6.1717e-05,6.1717e-05,6.1717e-05,3,1,3,3,3
5,20,3,1,3,3,3,5.4568e-05,1,5.4568e-05,5.4568e-05,5.4568e-05,3,1,3,3,3
5,20,2,1,2,2,2,5.7016e-05,1,5.7016e-05,5.7016e-05,5.7016e-05,3,1,3,3,3
5,20,1,1,1,1,1,6.1495e-05,1,6.1495e-05,6.1495e-05,6.1495e-05,3,1,3,3,3
5,20,2,1,2,2,2,6.8479e-05,1,6.8479e-05,6.8479e-05,6.8479e-05,5,1,5,5,5
5,20,0,1,0,0,0,5.0292e-05,1,5.0292e-05,5.0292e-05,5.0292e-05,1,1,1,1,1
5,20,3,1,3,3,3,5.4282e-05,1,5.4282e-05,5.4282e-05,5.4282e-05,3,1,3,3,3
5,20,1,1,1,1,1,6.1229e-05,1,6.1229e-05,6.1229e-05,6.1229e-05,3,1,3,3,3
5,20,2,1,2,2,2,5.7036e-05,1,5.7036e-05,5.7036e-05,5.7036e-05,3,1,3,3,3
5,20,2,1,2,2,2,5.6742e-05,1,5.6742e-05,5.6742e-05,5.6742e-05,3,1,3,3,3
5,20,1,1,1,1,1,6.1382e-05,1,6.1382e-05,6.1382e-05,6.1382e-05,3,1,3,3,3
5,20,0,1,0,0,0,5.0189e-05,1,5.0189e-05,5.0189e-05,5.0189e-05,1,1,1,1,1
5,20,3,1,3,3,3,6.6205e-05,1,6.6205e-05,6.6205e-05,6.6205e-05,5,1,5,5,5
5,20,3,1,3,3,3,6.5004e-05,1,6.5004e-05,6.5004e-05,6.5004e-05,5,1,5,5,5
5,20,3,1,3,3,3,5.396e-05,1,5.396e-05,5.396e-05,5.396e-05,3,1,3,3,3
5,20,1,1,1,1,1,9.9008e-05,1,9.9008e-05,9.9008e-05,9.9008e-05,3,1,3,3,3
5,20,1,1,1,1,1,6.2218e-05,1,6.2218e-05,6.2218e-05,6.2218e-05,3,1,3,3,3
5,20,4,1,4,4,4,5.636e-05,1,5.636e-05,5.636e-05,5.636e-05,3,1,3,3,3
5,20,3,1,3,3,3,7.7194e-05,1,7.7194e-05,7.7194e-05,7.7194e-05,6,1,6,6,6
5,20,2,1,2,2,2,5.75e-05,1,5.75e-05,5.75e-05,5.75e-05,3,1,3,3,3
5,20,3,1,3,3,3,6.2231e-05,1,6.2231e-05,6.2231e-05,6.2231e-05,4,1,4,4,4
5,20,2,1,2,2,2,5.6966e-05,1,5.6966e-05,5.6966e-05,5.6966e-05,3,1,3,3,3
5,20,1,1,1,1,1,6.1743e-05,1,6.1743e-05,6.1743e-05,6.1743e-05,3,1,3,3,3
5,20,2,1,2,2,2,6.8532e-05,1,6.8532e-05,6.8532e-05,6.8532e-05,5,1,5,5,5
5,20,1,1,1,1,1,6.2099e-05,1,6.2099e-05,6.2099e-05,6.2099e-05,3,1,3,3,3
5,20,4,1,4,4,4,0.000103488,1,0.000103488,0.000103488,0.000103488,10,1,10,10,10
5,20,3,1,3,3,3,7.6993e-05,1,7.6993e-05,7.6993e-05,7.6993e-05,6,1,6,6,6
5,20,3,1,3,3,3,6.5746e-05,1,6.5746e-05,6.5746e-05,6.5746e-05,5,1,5,5,5
5,20,2,1,2,2,2,6.7728e-05,1,6.7728e-05,6.7728e-05,6.7728e-05,5,1,5,5,5
5,20,4,1,4,4,4,7.963e-05,1,7.963e-05,7.963e-05,7.963e-05,6,1,6,6,6
5,20,1,1,1,1,1,6.2061e-05,1,6.2061e-05,6.2061e-05,6.2061e-05,3,1,3,3,3
5,20,1,1,1,1,1,6.1998e-05,1,6.1998e-05,6.1998e-05,6.1998e-05,3,1,3,3,3
5,20,1,1,1,1,1,6.1461e-05,1,6.1461e-05,6.1461e-05,6.1461e-05,3,1,3,3,3
5,20,4,1,4,4,4,0.000103889,1,0.000103889,0.000103889,0.000103889,10,1,10,10,10
5,20,2,1,2,2,2,5.6947e-05,1,5.6947e-05,5.6947e-05,5.6947e-05,3,1,3,3,3
5,20,0,1,0,0,0,5.0324e-05,1,5.0324e-05,5.0324e-05,5.0324e-05,1,1,1,1,1
5,20,2,1,2,2,2,5.6833e-05,1,5.6833e-05,5.6833e-05,5.6833e-05,3,1,3,3,3
5,20,1,1,1,1,1,6.1652e-05,1,6.1652e-05,6.1652e-05,6.1652e-05,3,1,3,3,3
5,20,1,1,1,1,1,6.1756e-05,1,6.1756e-05,6.1756e-05,6.1756e-05,3,1,3,3,3
5,20,0,1,0,0,0,5.0261e-05,1,5.0261e-05,5.0261e-05,5.0261e-05,1,1,1,1,1
5,20,1,1,1,1,1,6.167e-05,1,6.167e-05,6.167e-05,6.167e-05,3,1,3,3,3
5,20,1,1,1,1,1,6.1278e-05,1,6.1278e-05,6.1278e-05,6.1278e-05,3,1,3,3,3
5,20,2,1,2,2,2,5.6893e-05,1,5.6893e-05,5.6893e-05,5.6893e-05,3,1,3,3,3
5,20,2,1,2,2,2,5.6574e-05,1,5.6574e-05,5.6574e-05,5.6574e-05,3,1,3,3,3
5,20,1,1,1,1,1,6.1237e-05,1,6.1237e-05,6.1237e-05,6.1237e-05,3,1,3,3,3
5,20,1,1,1,1,1,6.1391e-05,1,6.1391e-05,6.1391e-05,6.1391e-05,3,1,3,3,3
5,20,1,1,1,1,1,6.1113e-05,1,6.1113e-05,6.1113e-05,6.1113e-05,3,1,3,3,3
5,20,1,1,1,1,1,6.0987e-05,1,6.0987e-05,6.0987e-05,6.0987e-05,3,1,3,3,3
5,20,2,1,2,2,2,6.8363e-05,1,6.8363e-05,6.8363e-05,6.8363e-05,5,1,5,5,5
5,20,2,1,2,2,2,6.7794e-05,1,6.7794e-05,6.7794e-05,6.7794e-05,5,1,5,5,5
5,20,5,1,5,5,5,0.000106751,1,0.000106751,0.000106751,0.000106751,10,1,10,10,10
5,20,4,1,4,4,4,0.000103381,1,0.000103381,0.000103381,0.000103381,10,1,10,10,10
5,20,1,1,1,1,1,6.2264e-05,1,6.2264e-05,6.2264e-05,6.2264e-05,3,1,3,3,3
5,20,1,1,1,1,1,6.1758e-05,1,6.1758e-05,6.1758e-05,6.1758e-05,3,1,3,3,3
5,20,2,1,2,2,2,5.6974e-05,1,5.6974e-05,5.6974e-05,5.6974e-05,3,1,3,3,3
5,20,1,1,1,1,1,6.1553e-05,1,6.1553e-05,6.1553e-05,6.1553e-05,3,1,3,3,3
5,20,3,1,3,3,3,6.5693e-05,1,6.5693e-05,6.5693e-05,6.5693e-05,5,1,5,5,5
5,20,3,1,3,3,3,5.3858e-05,1,5.3858e-05,5.3858e-05,5.3858e-05,3,1,3,3,3
5,20,2,1,2,2,2,5.6898e-05,1,5.6898e-05,5.6898e-05,5.6898e-05,3,1,3,3,3
5,20,2,1,2,2,2,5.6614e-05,1,5.6614e-05,5.6614e-05,5.6614e-05,3,1,3,3,3
5,20,3,1,3,3,3,5.3666e-05,1,5.3666e-05,5.3666e-05,5.3666e-05,3,1,3,3,3
5,20,3,1,3,3,3,9.8301e-05,1,9.8301e-05,9.8301e-05,9.8301e-05,6,1,6,6,6
5,20,1,1,1,1,1,6.2173e-05,1,6.2173e-05,6.2173e-05,6.2173e-05,3,1,3,3,3
5,20,1,1,1,1,1,6.1477e-05,1,6.1477e-05,6.1477e-05,6.1477e-05,3,1,3,3,3
5,20,0,1,0,0,0,5.0404e-05,1,5.0404e-05,5.0404e-05,5.0404e-05,1,1,1,1,1
5,20,2,1,2,2,2,5.7274e-05,1,5.7274e-05,5.7274e-05,5.7274e-05,3,1,3,3,3
5,20,0,1,0,0,0,5.0081e-05,1,5.0081e-05,5.0081e-05,5.0081e-05,1,1,1,1,1
5,20,2,1,2,2,2,6.8641e-05,1,6.8641e-05,6.8641e-05,6.8641e-05,5,1,5,5,5
5,20,2,1,2,2,2,5.7039e-05,1,5.7039e-05,5.7039e-05,5.7039e-05,3,1,3,3,3
5,20,1,1,1,1,1,6.1675e-05,1,6.1675e-05,6.1675e-05,6.1675e-05,3,1,3,3,3
5,20,6,1,6,6,6,0.000157607,1,0.000157607,0.000157607,0.000157607,18,1,18,18,18
5,20,4,1,4,4,4,6.1163e-05,1,6.1163e-05,6.1163e-05,6.1163e-05,5,1,5,5,5
5,20,1,1,1,1,1,6.2031e-05,1,6.2031e-05,6.2031e-05,6.2031e-05,3,1,3,3,3
5,20,1,1,1,1,1,6.1792e-05,1,6.1792e-05,6.1792e-05,6.1792e-05,3,1,3,3,3
5,20,2,1,2,2,2,5.7378e-05,1,5.7378e-05,5.7378e-05,5.7378e-05,3,1,3,3,3
5,20,2,1,2,2,2,6.8256e-05,1,6.8256e-05,6.8256e-05,6.8256e-05,5,1,5,5,5
5,20,2,1,2,2,2,6.8287e-05,1,6.8287e-05,6.8287e-05,6.8287e-05,5,1,5,5,5
5,20,1,1,1,1,1,6.2488e-05,1,6.2488e-05,6.2488e-05,6.2488e-05,3,1,3,3,3
5,20,1,1,1,1,1,6.1619e-05,1,6.1619e-05,6.1619e-05,6.1619e-05,3,1,3,3,3
5,20,2,1,2,2,2,5.698e-05,1,5.698e-05,5.698e-05,5.698e-05,3,1,3,3,3
5,20,3,1,3,3,3,6.1446e-05,1,6.1446e-05,6.1446e-05,6.1446e-05,4,1,4,4,4
5,20,2,1,2,2,2,6.8195e-05,1,6.8195e-05,6.8195e-05,6.8195e-05,5,1,5,5,5
5,20,3,1,3,3,3,6.1428e-05,1,6.1428e-05,6.1428e-05,6.1428e-05,4,1,4,4,4
5,20,2,1,2,2,2,5.6944e-05,1,5.6944e-05,5.6944e-05,5.6944e-05,3,1,3,3,3
5,20,2,1,2,2,2,5.7139e-05,1,5.7139e-05,5.7139e-05,5.7139e-05,3,1,3,3,3
5,20,3,1,3,3,3,5.4117e-05,1,5.4117e-05,5.4117e-05,5.4117e-05,3,1,3,3,3
5,20,2,1,2,2,2,6.8393e-05,1,6.8393e-05,6.8393e-05,6.8393e-05,5,1,5,5,5
5,20,4,1,4,4,4,6.0857e-05,1,6.0857e-05,6.0857e-05,6.0857e-05,5,1,5,5,5
5,20,1,1,1,1,1,6.1881e-05,1,6.1881e-05,6.1881e-05,6.1881e-05,3,1,3,3,3
5,20,1,1,1,1,1,6.196e-05,1,6.196e-05,6.196e-05,6.196e-05,3,1,3,3,3
5,20,0,1,0,0,0,5.048e-05,1,5.048e-05,5.048e-05,5.048e-05,1,1,1,1,1
5,20,1,1,1,1,1,6.1644e-05,1,6.1644e-05,6.1644e-05,6.1644e-05,3,1,3,3,3
5,20,2,1,2,2,2,5.7399e-05,1,5.7399e-05,5.7399e-05,5.7399e-05,3,1,3,3,3
5,20,5,1,5,5,5,0.000164009,1,0.000164009,0.000164009,0.000164009,16,1,16,16,16
5,20,3,1,3,3,3,7.6561e-05,1,7.6561e-05,7.6561e-05,7.6561e-05,6,1,6,6,6
5,20,1,1,1,1,1,6.1908e-05,1,6.1908e-05,6.1908e-05,6.1908e-05,3,1,3,3,3
5,20,1,1,1,1,1,6.1968e-05,1,6.1968e-05,6.1968e-05,6.1968e-05,3,1,3,3,3
5,20,3,1,3,3,3,7.6098e-05,1,7.6098e-05,7.6098e-05,7.6098e-05,6,1,6,6,6
5,20,0,1,0,0,0,5.036e-05,1,5.036e-05,5.036e-05,5.036e-05,1,1,1,1,1
5,20,4,1,4,4,4,0.000103726,1,0.000103726,0.000103726,0.000103726,10,1,10,10,10
5,20,1,1,1,1,1,6.2146e-05,1,6.2146e-05,6.2146e-05,6.2146e-05,3,1,3,3,3
5,20,1,1,1,1,1,6.1566e-05,1,6.1566e-05,6.1566e-05,6.1566e-05,3,1,3,3,3
5,20,1,1,1,1,1,6.2171e-05,1,6.2171e-05,6.2171e-05,6.2171e-05,3,1,3,3,3
5,20,1,1,1,1,1,6.1835e-05,1,6.1835e-05,6.1835e-05,6.1835e-05,3,1,3,3,3
5,20,1,1,1,1,1,6.1446e-05,1,6.1446e-05,6.1446e-05,6.1446e-05,3,1,3,3,3
5,20,3,1,3,3,3,5.4205e-05,1,5.4205e-05,5.4205e-05,5.4205e-05,3,1,3,3,3
5,20,1,1,1,1,1,6.128e-05,1,6.128e-05,6.128e-05,6.128e-05,3,1,3,3,3
5,20,1,1,1,1,1,9.7124e-05,1,9.7124e-05,9.7124e-05,9.7124e-05,3,1,3,3,3
5,20,0,1,0,0,0,5.0501e-05,1,5.0501e-05,5.0501e-05,5.0501e-05,1,1,1,1,1
5,20,2,1,2,2,2,5.7127e-05,1,5.7127e-05,5.7127e-05,5.7127e-05,3,1,3,3,3
5,20,1,1,1,1,1,6.1362e-05,1,6.1362e-05,6.1362e-05,6.1362e-05,3,1,3,3,3
5,20,3,1,3,3,3,6.2637e-05,1,6.2637e-05,6.2637e-05,6.2637e-05,4,1,4,4,4
5,20,2,1,2,2,2,5.6863e-05,1,5.6863e-05,5.6863e-05,5.6863e-05,3,1,3,3,3
5,20,3,1,3,3,3,7.6898e-05,1,7.6898e-05,7.6898e-05,7.6898e-05,6,1,6,6,6
5,20,1,1,1,1,1,6.1617e-05,1,6.1617e-05,6.1617e-05,6.1617e-05,3,1,3,3,3
5,20,2,1,2,2,2,6.8563e-05,1,6.8563e-05,6.8563e-05,6.8563e-05,5,1,5,5,5
5,20,2,1,2,2,2,5.6598e-05,1,5.6598e-05,5.6598e-05,5.6598e-05,3,1,3,3,3
5,20,3,1,3,3,3,0.000101744,1,0.000101744,0.000101744,0.000101744,10,1,10,10,10
5,20,3,1,3,3,3,6.2168e-05,1,6.2168e-05,6.2168e-05,6.2168e-05,4,1,4,4,4
5,20,3,1,3,3,3,7.6165e-05,1,7.6165e-05,7.6165e-05,7.6165e-05,6,1,6,6,6
5,20,3,1,3,3,3,0.000100668,1,0.000100668,0.000100668,0.000100668,10,1,10,10,10
5,20,3,1,3,3,3,6.6049e-05,1,6.6049e-05,6.6049e-05,6.6049e-05,5,1,5,5,5
5,20,3,1,3,3,3,5.4417e-05,1,5.4417e-05,5.4417e-05,5.4417e-05,3,1,3,3,3
5,20,1,1,1,1,1,6.1831e-05,1,6.1831e-05,6.1831e-05,6.1831e-05,3,1,3,3,3
5,20,2,1,2,2,2,6.8364e-05,1,6.8364e-05,6.8364e-05,6.8364e-05,5,1,5,5,5
5,20,3,1,3,3,3,5.4117e-05,1,5.4117e-05,5.4117e-05,5.4117e-05,3,1,3,3,3
5,20,0,1,0,0,0,5.0401e-05,1,5.0401e-05,5.0401e-05,5.0401e-05,1,1,1,1,1
5,20,2,1,2,2,2,6.8524e-05,1,6.8524e-05,6.8524e-05,6.8524e-05,5,1,5,5,5
5,20,0,1,0,0,0,5.039e-05,1,5.039e-05,5.039e-05,5.039e-05,1,1,1,1,1
5,20,0,1,0,0,0,5.0495e-05,1,5.0495e-05,5.0495e-05,5.0495e-05,1,1,1,1,1
5,20,0,1,0,0,0,5.0361e-05,1,5.0361e-05,5.0361e-05,5.0361e-05,1,1,1,1,1
5,20,3,1,3,3,3,7.6192e-05,1,7.6192e-05,7.6192e-05,7.6192e-05,6,1,6,6,6
5,20,4,1,4,4,4,6.1183e-05,1,6.1183e-05,6.1183e-05,6.1183e-05,5,1,5,5,5
5,20,0,1,0,0,0,5.0594e-05,1,5.0594e-05,5.0594e-05,5.0594e-05,1,1,1,1,1
5,20,1,1,1,1,1,6.2153e-05,1,6.2153e-05,6.2153e-05,6.2153e-05,3,1,3,3,3
5,20,4,1,4,4,4,5.9388e-05,1,5.9388e-05,5.9388e-05,5.9388e-05,4,1,4,4,4
5,20,2,1,2,2,2,5.7363e-05,1,5.7363e-05,5.7363e-05,5.7363e-05,3,1,3,3,3
5,20,1,1,1,1,1,6.1762e-05,1,6.1762e-05,6.1762e-05,6.1762e-05,3,1,3,3,3
5,20,1,1,1,1,1,6.1878e-05,1,6.1878e-05,6.1878e-05,6.1878e-05,3,1,3,3,3
5,20,3,1,3,3,3,6.1481e-05,1,6.1481e-05,6.1481e-05,6.1481e-05,4,1,4,4,4
5,20,2,1,2,2,2,5.7067e-05,1,5.7067e-05,5.7067e-05,5.7067e-05,3,1,3,3,3
5,20,1,1,1,1,1,6.1576e-05,1,6.1576e-05,6.1576e-05,6.1576e-05,3,1,3,3,3
5,20,3,1,3,3,3,7.722e-05,1,7.722e-05,7.722e-05,7.722e-05,6,1,6,6,6
5,20,2,1,2,2,2,5.6921e-05,1,5.6921e-05,5.6921e-05,5.6921e-05,3,1,3,3,3
5,20,0,1,0,0,0,5.0338e-05,1,5.0338e-05,5.0338e-05,5.0338e-05,1,1,1,1,1
5,20,0,1,0,0,0,5.0438e-05,1,5.0438e-05,5.0438e-05,5.0438e-05,1,1,1,1,1
5,20,2,1,2,2,2,5.729e-05,1,5.729e-05,5.729e-05,5.729e-05,3,1,3,3,3
5,20,3,1,3,3,3,6.1747e-05,1,6.1747e-05,6.1747e-05,6.1747e-05,4,1,4,4,4
5,20,2,1,2,2,2,6.7984e-05,1,6.7984e-05,6.7984e-05,6.7984e-05,5,1,5,5,5
5,20,2,1,2,2,2,6.7697e-05,1,6.7697e-05,6.7697e-05,6.7697e-05,5,1,5,5,5
5,20,2,1,2,2,2,5.7164e-05,1,5.7164e-05,5.7164e-05,5.7164e-05,3,1,3,3,3
5,20,1,1,1,1,1,6.1739e-05,1,6.1739e-05,6.1739e-05,6.1739e-05,3,1,3,3,3
5,20,4,1,4,4,4,0.000103679,1,0.000103679,0.000103679,0.000103679,10,1,10,10,10
5,20,0,1,0,0,0,5.0686e-05,1,5.0686e-05,5.0686e-05,5.0686e-05,1,1,1,1,1
5,20,3,1,3,3,3,7.0398e-05,1,7.0398e-05,7.0398e-05,7.0398e-05,4,1,4,4,4
5,20,1,1,1,1,1,6.2146e-05,1,6.2146e-05,6.2146e-05,6.2146e-05,3,1,3,3,3
5,20,0,1,0,0,0,5.0445e-05,1,5.0445e-05,5.0445e-05,5.0445e-05,1,1,1,1,1
5,20,1,1,1,1,1,6.1874e-05,1,6.1874e-05,6.1874e-05,6.1874e-05,3,1,3,3,3
5,20,1,1,1,1,1,6.1613e-05,1,6.1613e-05,6.1613e-05,6.1613e-05,3,1,3,3,3
5,20,3,1,3,3,3,6.2098e-05,1,6.2098e-05,6.2098e-05,6.2098e-05,4,1,4,4,4
5,20,1,1,1,1,1,6.1621e-05,1,6.1621e-05,6.1621e-05,6.1621e-05,3,1,3,3,3
5,20,1,1,1,1,1,6.1737e-05,1,6.1737e-05,6.1737e-05,6.1737e-05,3,1,3,3,3
5,20,2,1,2,2,2,6.8358e-05,1,6.8358e-05,6.8358e-05,6.8358e-05,5,1,5,5,5
5,20,3,1,3,3,3,5.4561e-05,1,5.4561e-05,5.4561e-05,5.4561e-05,3,1,3,3,3
5,20,1,1,1,1,1,6.1794e-05,1,6.1794e-05,6.1794e-05,6.1794e-05,3,1,3,3,3
5,20,2,1,2,2,2,5.7109e-05,1,5.7109e-05,5.7109e-05,5.7109e-05,3,1,3,3,3
5,20,1,1,1,1,1,6.1536e-05,1,6.1536e-05,6.1536e-05,6.1536e-05,3,1,3,3,3
5,20,5,1,5,5,5,0.000107143,1,0.000107143,0.000107143,0.000107143,10,1,10,10,10
5,20,1,1,1,1,1,6.173e-05,1,6.173e-05,6.173e-05,6.173e-05,3,1,3,3,3
5,20,0,1,0,0,0,5.0352e-05,1,5.0352e-05,5.0352e-05,5.0352e-05,1,1,1,1,1
5,20,4,1,4,4,4,5.9119e-05,1,5.9119e-05,5.9119e-05,5.9119e-05,4,1,4,4,4
5,20,4,1,4,4,4,6.1116e-05,1,6.1116e-05,6.1116e-05,6.1116e-05,5,1,5,5,5
5,20,2,1,2,2,2,5.7298e-05,1,5.7298e-05,5.7298e-05,5.7298e-05,3,1,3,3,3
5,20,0,1,0,0,0,5.0273e-05,1,5.0273e-05,5.0273e-05,5.0273e-05,1,1,1,1,1
5,20,2,1,2,2,2,5.731e-05,1,5.731e-05,5.731e-05,5.731e-05,3,1,3,3,3
5,20,1,1,1,1,1,6.1647e-05,1,6.1647e-05,6.1647e-05,6.1647e-05,3,1,3,3,3
5,20,2,1,2,2,2,5.6995e-05,1,5.6995e-05,5.6995e-05,5.6995e-05,3,1,3,3,3
5,20,2,1,2,2,2,5.6857e-05,1,5.6857e-05,5.6857e-05,5.6857e-05,3,1,3,3,3
5,20,2,1,2,2,2,6.8334e-05,1,6.8334e-05,6.8334e-05,6.8334e-05,5,1,5,5,5
5,20,3,1,3,3,3,6.1491e-05,1,6.1491e-05,6.1491e-05,6.1491e-05,4,1,4,4,4
5,20,1,1,1,1,1,6.1877e-05,1,6.1877e-05,6.1877e-05,6.1877e-05,3,1,3,3,3
5,20,2,1,2,2,2,5.6952e-05,1,5.6952e-05,5.6952e-05,5.6952e-05,3,1,3,3,3
5,20,3,1,3,3,3,7.6465e-05,1,7.6465e-05,7.6465e-05,7.6465e-05,6,1,6,6,6
5,20,1,1,1,1,1,6.1751e-05,1,6.1751e-05,6.1751e-05,6.1751e-05,3,1,3,3,3
5,20,1,1,1,1,1,6.1629e-05,1,6.1629e-05,6.1629e-05,6.1629e-05,3,1,3,3,3
5,20,1,1,1,1,1,6.1615e-05,1,6.1615e-05,6.1615e-05,6.1615e-05,3,1,3,3,3
5,20,2,1,2,2,2,5.6764e-05,1,5.6764e-05,5.6764e-05,5.6764e-05,3,1,3,3,3
5,20,1,1,1,1,1,6.1519e-05,1,6.1519e-05,6.1519e-05,6.1519e-05,3,1,3,3,3
5,20,1,1,1,1,1,6.1303e-05,1,6.1303e-05,6.1303e-05,6.1303e-05,3,1,3,3,3
5,20,3,1,3,3,3,0.000101392,1,0.000101392,0.000101392,0.000101392,10,1,10,10,10
5,20,1,1,1,1,1,6.1578e-05,1,6.1578e-05,6.1578e-05,6.1578e-05,3,1,3,3,3
5,20,3,1,3,3,3,6.4503e-05,1,6.4503e-05,6.4503e-05,6.4503e-05,5,1,5,5,5
5,20,3,1,3,3,3,7.642e-05,1,7.642e-05,7.642e-05,7.642e-05,6,1,6,6,6
5,20,1,1,1,1,1,6.1871e-05,1,6.1871e-05,6.1871e-05,6.1871e-05,3,1,3,3,3
5,20,2,1,2,2,2,6.8204e-05,1,6.8204e-05,6.8204e-05,6.8204e-05,5,1,5,5,5
5,20,2,1,2,2,2,6.7974e-05,1,6.7974e-05,6.7974e-05,6.7974e-05,5,1,5,5,5
5,20,2,1,2,2,2,5.6925e-05,1,5.6925e-05,5.6925e-05,5.6925e-05,3,1,3,3,3
5,20,1,1,1,1,1,6.1431e-05,1,6.1431e-05,6.1431e-05,6.1431e-05,3,1,3,3,3
5,20,2,1,2,2,2,5.7011e-05,1,5.7011e-05,5.7011e-05,5.7011e-05,3,1,3,3,3
5,20,3,1,3,3,3,7.6393e-05,1,7.6393e-05,7.6393e-05,7.6393e-05,6,1,6,6,6
5,20,2,1,2,2,2,5.7107e-05,1,5.7107e-05,5.7107e-05,5.7107e-05,3,1,3,3,3
5,20,2,1,2,2,2,5.6831e-05,1,5.6831e-05,5.6831e-05,5.6831e-05,3,1,3,3,3
5,20,0,1,0,0,0,5.4027e-05,1,5.4027e-05,5.4027e-05,5.4027e-05,1,1,1,1,1
5,20,3,1,3,3,3,0.000117799,1,0.000117799,0.000117799,0.000117799,10,1,10,10,10
5,20,1,1,1,1,1,6.177e-05,1,6.177e-05,6.177e-05,6.177e-05,3,1,3,3,3
5,20,2,1,2,2,2,5.6649e-05,1,5.6649e-05,5.6649e-05,5.6649e-05,3,1,3,3,3
5,20,3,1,3,3,3,6.177e-05,1,6.177e-05,6.177e-05,6.177e-05,4,1,4,4,4
5,20,2,1,2,2,2,5.6722e-05,1,5.6722e-05,5.6722e-05,5.6722e-05,3,1,3,3,3
5,20,1,1,1,1,1,6.14e-05,1,6.14e-05,6.14e-05,6.14e-05,3,1,3,3,3
5,20,1,1,1,1,1,6.1612e-05,1,6.1612e-05,6.1612e-05,6.1612e-05,3,1,3,3,3
5,20,1,1,1,1,1,6.1645e-05,1,6.1645e-05,6.1645e-05,6.1645e-05,3,1,3,3,3
5,20,3,1,3,3,3,6.4881e-05,1,6.4881e-05,6.4881e-05,6.4881e-05,5,1,5,5,5
5,20,4,1,4,4,4,7.9193e-05,1,7.9193e-05,7.9193e-05,7.9193e-05,6,1,6,6,6
5,20,2,1,2,2,2,6.8112e-05,1,6.8112e-05,6.8112e-05,6.8112e-05,5,1,5,5,5
5,20,2,1,2,2,2,5.7117e-05,1,5.7117e-05,5.7117e-05,5.7117e-05,3,1,3,3,3
5,20,1,1,1,1,1,6.1356e-05,1,6.1356e-05,6.1356e-05,6.1356e-05,3,1,3,3,3
5,20,4,1,4,4,4,0.000103831,1,0.000103831,0.000103831,0.000103831,10,1,10,10,10
5,20,2,1,2,2,2,5.6946e-05,1,5.6946e-05,5.6946e-05,5.6946e-05,3,1,3,3,3
5,20,2,1,2,2,2,6.8137e-05,1,6.8137e-05,6.8137e-05,6.8137e-05,5,1,5,5,5
5,20,4,1,4,4,4,0.000103832,1,0.000103832,0.000103832,0.000103832,10,1,10,10,10
5,20,4,1,4,4,4,0.000103465,1,0.000103465,0.000103465,0.000103465,10,1,10,10,10
5,20,4,1,4,4,4,7.3394e-05,1,7.3394e-05,7.3394e-05,7.3394e-05,6,1,6,6,6
5,20,2,1,2,2,2,5.7041e-05,1,5.7041e-05,5.7041e-05,5.7041e-05,3,1,3,3,3
5,20,3,1,3,3,3,7.6777e-05,1,7.6777e-05,7.6777e-05,7.6777e-05,6,1,6,6,6
5,20,4,1,4,4,4,6.1759e-05,1,6.1759e-05,6.1759e-05,6.1759e-05,5,1,5,5,5
5,20,2,1,2,2,2,6.7742e-05,1,6.7742e-05,6.7742e-05,6.7742e-05,5,1,5,5,5
5,20,0,1,0,0,0,5.062e-05,1,5.062e-05,5.062e-05,5.062e-05,1,1,1,1,1
5,20,4,1,4,4,4,5.8288e-05,1,5.8288e-05,5.8288e-05,5.8288e-05,4,1,4,4,4
5,20,2,1,2,2,2,5.7057e-05,1,5.7057e-05,5.7057e-05,5.7057e-05,3,1,3,3,3
5,20,5,1,5,5,5,0.000152148,1,0.000152148,0.000152148,0.000152148,16,1,16,16,16
5,20,1,1,1,1,1,6.1767e-05,1,6.1767e-05,6.1767e-05,6.1767e-05,3,1,3,3,3
5,20,1,1,1,1,1,6.1759e-05,1,6.1759e-05,6.1759e-05,6.1759e-05,3,1,3,3,3
5,20,1,1,1,1,1,6.1703e-05,1,6.1703e-05,6.1703e-05,6.1703e-05,3,1,3,3,3
5,20,2,1,2,2,2,5.725e-05,1,5.725e-05,5.725e-05,5.725e-05,3,1,3,3,3
5,20,2,1,2,2,2,6.8199e-05,1,6.8199e-05,6.8199e-05,6.8199e-05,5,1,5,5,5
5,20,0,1,0,0,0,5.0405e-05,1,5.0405e-05,5.0405e-05,5.0405e-05,1,1,1,1,1
5,20,3,1,3,3,3,5.4514e-05,1,5.4514e-05,5.4514e-05,5.4514e-05,3,1,3,3,3
5,20,0,1,0,0,0,5.0273e-05,1,5.0273e-05,5.0273e-05,5.0273e-05,1,1,1,1,1
5,20,2,1,2,2,2,5.7297e-05,1,5.7297e-05,5.7297e-05,5.7297e-05,3,1,3,3,3
5,20,0,1,0,0,0,5.0155e-05,1,5.0155e-05,5.0155e-05,5.0155e-05,1,1,1,1,1
5,20,3,1,3,3,3,6.1911e-05,1,6.1911e-05,6.1911e-05,6.1911e-05,4,1,4,4,4
5,20,3,1,3,3,3,0.00010223,1,0.00010223,0.00010223,0.00010223,10,1,10,10,10
5,20,3,1,3,3,3,0.000100453,1,0.000100453,0.000100453,0.000100453,10,1,10,10,10
5,20,5,1,5,5,5,0.000163693,1,0.000163693,0.000163693,0.000163693,16,1,16,16,16
5,20,2,1,2,2,2,5.7536e-05,1,5.7536e-05,5.7536e-05,5.7536e-05,3,1,3,3,3
5,20,1,1,1,1,1,6.2364e-05,1,6.2364e-05,6.2364e-05,6.2364e-05,3,1,3,3,3
5,20,2,1,2,2,2,5.8218e-05,1,5.8218e-05,5.8218e-05,5.8218e-05,3,1,3,3,3
5,20,0,1,0,0,0,5.0568e-05,1,5.0568e-05,5.0568e-05,5.0568e-05,1,1,1,1,1
5,20,1,1,1,1,1,6.2158e-05,1,6.2158e-05,6.2158e-05,6.2158e-05,3,1,3,3,3
5,20,1,1,1,1,1,6.1782e-05,1,6.1782e-05,6.1782e-05,6.1782e-05,3,1,3,3,3
5,20,1,1,1,1,1,6.2164e-05,1,6.2164e-05,6.2164e-05,6.2164e-05,3,1,3,3,3
5,20,3,1,3,3,3,7.7273e-05,1,7.7273e-05,7.7273e-05,7.7273e-05,6,1,6,6,6
5,20,0,1,0,0,0,5.0429e-05,1,5.0429e-05,5.0429e-05,5.0429e-05,1,1,1,1,1
5,20,2,1,2,2,2,6.8815e-05,1,6.8815e-05,6.8815e-05,6.8815e-05,5,1,5,5,5
5,20,1,1,1,1,1,6.2023e-05,1,6.2023e-05,6.2023e-05,6.2023e-05,3,1,3,3,3
5,20,1,1,1,1,1,6.1831e-05,1,6.1831e-05,6.1831e-05,6.1831e-05,3,1,3,3,3
5,20,2,1,2,2,2,6.7949e-05,1,6.7949e-05,6.7949e-05,6.7949e-05,5,1,5,5,5
5,20,2,1,2,2,2,5.7271e-05,1,5.7271e-05,5.7271e-05,5.7271e-05,3,1,3,3,3
5,20,0,1,0,0,0,5.0335e-05,1,5.0335e-05,5.0335e-05,5.0335e-05,1,1,1,1,1
5,20,2,1,2,2,2,6.8141e-05,1,6.8141e-05,6.8141e-05,6.8141e-05,5,1,5,5,5
5,20,4,1,4,4,4,0.000103434,1,0.000103434,0.000103434,0.000103434,10,1,10,10,10
5,20,2,1,2,2,2,6.7689e-05,1,6.7689e-05,6.7689e-05,6.7689e-05,5,1,5,5,5
5,20,3,1,3,3,3,6.4462e-05,1,6.4462e-05,6.4462e-05,6.4462e-05,5,1,5,5,5
5,20,4,1,4,4,4,0.000103343,1,0.000103343,0.000103343,0.000103343,10,1,10,10,10
5,20,3,1,3,3,3,0.000101475,1,0.000101475,0.000101475,0.000101475,10,1,10,10,10
5,20,4,1,4,4,4,6.1737e-05,1,6.1737e-05,6.1737e-05,6.1737e-05,5,1,5,5,5
5,20,1,1,1,1,1,6.2228e-05,1,6.2228e-05,6.2228e-05,6.2228e-05,3,1,3,3,3
5,20,1,1,1,1,1,6.2151e-05,1,6.2151e-05,6.2151e-05,6.2151e-05,3,1,3,3,3
5,20,3,1,3,3,3,6.1577e-05,1,6.1577e-05,6.1577e-05,6.1577e-05,4,1,4,4,4
5,20,1,1,1,1,1,6.1717e-05,1,6.1717e-05,6.1717e-05,6.1717e-05,3,1,3,3,3
5,20,0,1,0,0,0,5.0321e-05,1,5.0321e-05,5.0321e-05,5.0321e-05,1,1,1,1,1
5,20,0,1,0,0,0,5.0309e-05,1,5.0309e-05,5.0309e-05,5.0309e-05,1,1,1,1,1
5,20,1,1,1,1,1,6.2054e-05,1,6.2054e-05,6.2054e-05,6.2054e-05,3,1,3,3,3
5,20,2,1,2,2,2,6.8483e-05,1,6.8483e-05,6.8483e-05,6.8483e-05,5,1,5,5,5
5,20,3,1,3,3,3,7.649e-05,1,7.649e-05,7.649e-05,7.649e-05,6,1,6,6,6
5,20,2,1,2,2,2,5.703e-05,1,5.703e-05,5.703e-05,5.703e-05,3,1,3,3,3
5,20,2,1,2,2,2,6.8315e-05,1,6.8315e-05,6.8315e-05,6.8315e-05,5,1,5,5,5
5,20,3,1,3,3,3,5.4033e-05,1,5.4033e-05,5.4033e-05,5.4033e-05,3,1,3,3,3
5,20,3,1,3,3,3,6.1604e-05,1,6.1604e-05,6.1604e-05,6.1604e-05,4,1,4,4,4
5,20,1,1,1,1,1,6.1872e-05,1,6.1872e-05,6.1872e-05,6.1872e-05,3,1,3,3,3
5,20,0,1,0,0,0,5.0194e-05,1,5.0194e-05,5.0194e-05,5.0194e-05,1,1,1,1,1
5,20,3,1,3,3,3,7.6149e-05,1,7.6149e-05,7.6149e-05,7.6149e-05,6,1,6,6,6
5,20,3,1,3,3,3,6.4355e-05,1,6.4355e-05,6.4355e-05,6.4355e-05,5,1,5,5,5
5,20,2,1,2,2,2,5.7332e-05,1,5.7332e-05,5.7332e-05,5.7332e-05,3,1,3,3,3
5,20,2,1,2,2,2,6.7853e-05,1,6.7853e-05,6.7853e-05,6.7853e-05,5,1,5,5,5
5,20,1,1,1,1,1,6.2024e-05,1,6.2024e-05,6.2024e-05,6.2024e-05,3,1,3,3,3
5,20,1,1,1,1,1,6.1792e-05,1,6.1792e-05,6.1792e-05,6.1792e-05,3,1,3,3,3
5,20,3,1,3,3,3,6.188e-05,1,6.188e-05,6.188e-05,6.188e-05,4,1,4,4,4
5,20,1,1,1,1,1,6.137e-05,1,6.137e-05,6.137e-05,6.137e-05,3,1,3,3,3
5,20,1,1,1,1,1,6.1815e-05,1,6.1815e-05,6.1815e-05,6.1815e-05,3,1,3,3,3
5,20,3,1,3,3,3,5.4535e-05,1,5.4535e-05,5.4535e-05,5.4535e-05,3,1,3,3,3
5,20,3,1,3,3,3,5.4064e-05,1,5.4064e-05,5.4064e-05,5.4064e-05,3,1,3,3,3
5,20,2,1,2,2,2,5.6805e-05,1,5.6805e-05,5.6805e-05,5.6805e-05,3,1,3,3,3
5,20,0,1,0,0,0,7.2168e-05,1,7.2168e-05,7.2168e-05,7.2168e-05,1,1,1,1,1
5,20,2,1,2,2,2,6.8465e-05,1,6.8465e-05,6.8465e-05,6.8465e-05,5,1,5,5,5
5,20,2,1,2,2,2,6.8106e-05,1,6.8106e-05,6.8106e-05,6.8106e-05,5,1,5,5,5
5,20,3,1,3,3,3,5.4438e-05,1,5.4438e-05,5.4438e-05,5.4438e-05,3,1,3,3,3
5,20,4,1,4,4,4,0.000104476,1,0.000104476,0.000104476,0.000104476,10,1,10,10,10
5,20,2,1,2,2,2,5.737e-05,1,5.737e-05,5.737e-05,5.737e-05,3,1,3,3,3
5,20,2,1,2,2,2,6.7858e-05,1,6.7858e-05,6.7858e-05,6.7858e-05,5,1,5,5,5
5,20,1,1,1,1,1,6.182e-05,1,6.182e-05,6.182e-05,6.182e-05,3,1,3,3,3
5,20,2,1,2,2,2,6.7994e-05,1,6.7994e-05,6.7994e-05,6.7994e-05,5,1,5,5,5
5,20,2,1,2,2,2,5.6783e-05,1,5.6783e-05,5.6783e-05,5.6783e-05,3,1,3,3,3
5,20,5,1,5,5,5,0.000107394,1,0.000107394,0.000107394,0.000107394,10,1,10,10,10
5,20,3,1,3,3,3,5.4426e-05,1,5.4426e-05,5.4426e-05,5.4426e-05,3,1,3,3,3
5,20,4,1,4,4,4,0.000183817,1,0.000183817,0.000183817,0.000183817,19,1,19,19,19
5,20,3,1,3,3,3,6.5975e-05,1,6.5975e-05,6.5975e-05,6.5975e-05,5,1,5,5,5
5,20,1,1,1,1,1,6.2758e-05,1,6.2758e-05,6.2758e-05,6.2758e-05,3,1,3,3,3
5,20,1,1,1,1,1,6.2117e-05,1,6.2117e-05,6.2117e-05,6.2117e-05,3,1,3,3,3
5,20,2,1,2,2,2,5.738e-05,1,5.738e-05,5.738e-05,5.738e-05,3,1,3,3,3
5,20,3,1,3,3,3,5.397e-05,1,5.397e-05,5.397e-05,5.397e-05,3,1,3,3,3
5,20,3,1,3,3,3,6.5392e-05,1,6.5392e-05,6.5392e-05,6.5392e-05,5,1,5,5,5
5,20,1,1,1,1,1,6.1989e-05,1,6.1989e-05,6.1989e-05,6.1989e-05,3,1,3,3,3
5,20,1,1,1,1,1,6.1693e-05,1,6.1693e-05,6.1693e-05,6.1693e-05,3,1,3,3,3
5,20,2,1,2,2,2,5.7029e-05,1,5.7029e-05,5.7029e-05,5.7029e-05,3,1,3,3,3
5,20,0,1,0,0,0,5.0531e-05,1,5.0531e-05,5.0531e-05,5.0531e-05,1,1,1,1,1
5,20,0,1,0,0,0,5.0288e-05,1,5.0288e-05,5.0288e-05,5.0288e-05,1,1,1,1,1
5,20,1,1,1,1,1,6.1601e-05,1,6.1601e-05,6.1601e-05,6.1601e-05,3,1,3,3,3
5,20,4,1,4,4,4,6.1793e-05,1,6.1793e-05,6.1793e-05,6.1793e-05,5,1,5,5,5
5,20,2,1,2,2,2,5.6699e-05,1,5.6699e-05,5.6699e-05,5.6699e-05,3,1,3,3,3
5,20,3,1,3,3,3,6.2073e-05,1,6.2073e-05,6.2073e-05,6.2073e-05,4,1,4,4,4
5,20,2,1,2,2,2,5.6837e-05,1,5.6837e-05,5.6837e-05,5.6837e-05,3,1,3,3,3
5,20,2,1,2,2,2,5.6823e-05,1,5.6823e-05,5.6823e-05,5.6823e-05,3,1,3,3,3
5,20,3,1,3,3,3,7.6173e-05,1,7.6173e-05,7.6173e-05,7.6173e-05,6,1,6,6,6
5,20,1,1,1,1,1,6.1841e-05,1,6.1841e-05,6.1841e-05,6.1841e-05,3,1,3,3,3
5,20,1,1,1,1,1,6.1244e-05,1,6.1244e-05,6.1244e-05,6.1244e-05,3,1,3,3,3
5,20,3,1,3,3,3,6.1161e-05,1,6.1161e-05,6.1161e-05,6.1161e-05,4,1,4,4,4
5,20,2,1,2,2,2,6.741e-05,1,6.741e-05,6.741e-05,6.741e-05,5,1,5,5,5
5,20,2,1,2,2,2,5.6788e-05,1,5.6788e-05,5.6788e-05,5.6788e-05,3,1,3,3,3
5,20,1,1,1,1,1,6.1771e-05,1,6.1771e-05,6.1771e-05,6.1771e-05,3,1,3,3,3
5,20,1,1,1,1,1,6.1231e-05,1,6.1231e-05,6.1231e-05,6.1231e-05,3,1,3,3,3
5,20,2,1,2,2,2,5.6959e-05,1,5.6959e-05,5.6959e-05,5.6959e-05,3,1,3,3,3
5,20,3,1,3,3,3,7.6536e-05,1,7.6536e-05,7.6536e-05,7.6536e-05,6,1,6,6,6
5,20,3,1,3,3,3,6.1529e-05,1,6.1529e-05,6.1529e-05,6.1529e-05,4,1,4,4,4
5,20,2,1,2,2,2,5.7013e-05,1,5.7013e-05,5.7013e-05,5.7013e-05,3,1,3,3,3
5,20,5,1,5,5,5,5.5823e-05,1,5.5823e-05,5.5823e-05,5.5823e-05,4,1,4,4,4
5,20,1,1,1,1,1,6.1724e-05,1,6.1724e-05,6.1724e-05,6.1724e-05,3,1,3,3,3
5,20,2,1,2,2,2,5.7084e-05,1,5.7084e-05,5.7084e-05,5.7084e-05,3,1,3,3,3
5,20,3,1,3,3,3,6.4688e-05,1,6.4688e-05,6.4688e-05,6.4688e-05,5,1,5,5,5
5,20,1,1,1,1,1,7.6485e-05,1,7.6485e-05,7.6485e-05,7.6485e-05,3,1,3,3,3
5,20,1,1,1,1,1,6.2377e-05,1,6.2377e-05,6.2377e-05,6.2377e-05,3,1,3,3,3
5,20,2,1,2,2,2,5.7082e-05,1,5.7082e-05,5.7082e-05,5.7082e-05,3,1,3,3,3
5,20,1,1,1,1,1,6.1286e-05,1,6.1286e-05,6.1286e-05,6.1286e-05,3,1,3,3,3
5,20,2,1,2,2,2,5.6744e-05,1,5.6744e-05,5.6744e-05,5.6744e-05,3,1,3,3,3
5,20,2,1,2,2,2,6.8251e-05,1,6.8251e-05,6.8251e-05,6.8251e-05,5,1,5,5,5
5,20,2,1,2,2,2,6.8198e-05,1,6.8198e-05,6.8198e-05,6.8198e-05,5,1,5,5,5
5,20,1,1,1,1,1,6.2257e-05,1,6.2257e-05,6.2257e-05,6.2257e-05,3,1,3,3,3
5,20,3,1,3,3,3,6.1582e-05,1,6.1582e-05,6.1582e-05,6.1582e-05,4,1,4,4,4
5,20,3,1,3,3,3,5.396e-05,1,5.396e-05,5.396e-05,5.396e-05,3,1,3,3,3
5,20,2,1,2,2,2,6.7992e-05,1,6.7992e-05,6.7992e-05,6.7992e-05,5,1,5,5,5
5,20,2,1,2,2,2,5.7405e-05,1,5.7405e-05,5.7405e-05,5.7405e-05,3,1,3,3,3
5,20,4,1,4,4,4,5.5873e-05,1,5.5873e-05,5.5873e-05,5.5873e-05,3,1,3,3,3
5,20,1,1,1,1,1,6.1674e-05,1,6.1674e-05,6.1674e-05,6.1674e-05,3,1,3,3,3
5,20,1,1,1,1,1,6.1634e-05,1,6.1634e-05,6.1634e-05,6.1634e-05,3,1,3,3,3
5,20,1,1,1,1,1,6.1478e-05,1,6.1478e-05,6.1478e-05,6.1478e-05,3,1,3,3,3
5,20,2,1,2,2,2,5.7033e-05,1,5.7033e-05,5.7033e-05,5.7033e-05,3,1,3,3,3
5,20,5,1,5,5,5,0.00010641,1,0.00010641,0.00010641,0.00010641,10,1,10,10,10
5,20,3,1,3,3,3,5.3663e-05,1,5.3663e-05,5.3663e-05,5.3663e-05,3,1,3,3,3
5,20,0,1,0,0,0,5.0488e-05,1,5.0488e-05,5.0488e-05,5.0488e-05,1,1,1,1,1
5,20,3,1,3,3,3,5.4388e-05,1,5.4388e-05,5.4388e-05,5.4388e-05,3,1,3,3,3
5,20,3,1,3,3,3,6.5596e-05,1,6.5596e-05,6.5596e-05,6.5596e-05,5,1,5,5,5
5,20,0,1,0,0,0,5.0467e-05,1,5.0467e-05,5.0467e-05,5.0467e-05,1,1,1,1,1
5,20,2,1,2,2,2,5.692e-05,1,5.692e-05,5.692e-05,5.692e-05,3,1,3,3,3
5,20,1,1,1,1,1,6.1577e-05,1,6.1577e-05,6.1577e-05,6.1577e-05,3,1,3,3,3
5,20,4,1,4,4,4,7.3991e-05,1,7.3991e-05,7.3991e-05,7.3991e-05,6,1,6,6,6
5,20,3,1,3,3,3,6.4878e-05,1,6.4878e-05,6.4878e-05,6.4878e-05,5,1,5,5,5
5,20,4,1,4,4,4,0.000104202,1,0.000104202,0.000104202,0.000104202,10,1,10,10,10
5,20,4,1,4,4,4,6.1642e-05,1,6.1642e-05,6.1642e-05,6.1642e-05,5,1,5,5,5
5,20,1,1,1,1,1,6.202e-05,1,6.202e-05,6.202e-05,6.202e-05,3,1,3,3,3
5,20,3,1,3,3,3,5.4151e-05,1,5.4151e-05,5.4151e-05,5.4151e-05,3,1,3,3,3
5,20,4,1,4,4,4,7.326e-05,1,7.326e-05,7.326e-05,7.326e-05,6,1,6,6,6
5,20,1,1,1,1,1,6.2004e-05,1,6.2004e-05,6.2004e-05,6.2004e-05,3,1,3,3,3
5,20,3,1,3,3,3,6.5784e-05,1,6.5784e-05,6.5784e-05,6.5784e-05,5,1,5,5,5
5,20,4,1,4,4,4,0.000104604,1,0.000104604,0.000104604,0.000104604,10,1,10,10,10
5,20,1,1,1,1,1,6.2061e-05,1,6.2061e-05,6.2061e-05,6.2061e-05,3,1,3,3,3
5,20,1,1,1,1,1,6.1705e-05,1,6.1705e-05,6.1705e-05,6.1705e-05,3,1,3,3,3
5,20,2,1,2,2,2,5.6861e-05,1,5.6861e-05,5.6861e-05,5.6861e-05,3,1,3,3,3
5,20,2,1,2,2,2,5.6684e-05,1,5.6684e-05,5.6684e-05,5.6684e-05,3,1,3,3,3
5,20,1,1,1,1,1,6.1481e-05,1,6.1481e-05,6.1481e-05,6.1481e-05,3,1,3,3,3
5,20,3,1,3,3,3,5.4106e-05,1,5.4106e-05,5.4106e-05,5.4106e-05,3,1,3,3,3
5,20,1,1,1,1,1,6.1662e-05,1,6.1662e-05,6.1662e-05,6.1662e-05,3,1,3,3,3
5,20,1,1,1,1,1,6.1553e-05,1,6.1553e-05,6.1553e-05,6.1553e-05,3,1,3,3,3
5,20,0,1,0,0,0,5.0417e-05,1,5.0417e-05,5.0417e-05,5.0417e-05,1,1,1,1,1
5,20,3,1,3,3,3,7.6702e-05,1,7.6702e-05,7.6702e-05,7.6702e-05,6,1,6,6,6
5,20,5,1,5,5,5,0.00010573,1,0.00010573,0.00010573,0.00010573,10,1,10,10,10
5,20,3,1,3,3,3,5.4007e-05,1,5.4007e-05,5.4007e-05,5.4007e-05,3,1,3,3,3
5,20,2,1,2,2,2,7.8649e-05,1,7.8649e-05,7.8649e-05,7.8649e-05,3,1,3,3,3
5,20,1,1,1,1,1,7.8464e-05,1,7.8464e-05,7.8464e-05,7.8464e-05,3,1,3,3,3
5,20,2,1,2,2,2,5.7024e-05,1,5.7024e-05,5.7024e-05,5.7024e-05,3,1,3,3,3
5,20,1,1,1,1,1,6.1252e-05,1,6.1252e-05,6.1252e-05,6.1252e-05,3,1,3,3,3
5,20,4,1,4,4,4,6.1473e-05,1,6.1473e-05,6.1473e-05,6.1473e-05,5,1,5,5,5
5,20,0,1,0,0,0,5.0235e-05,1,5.0235e-05,5.0235e-05,5.0235e-05,1,1,1,1,1
5,20,1,1,1,1,1,6.2225e-05,1,6.2225e-05,6.2225e-05,6.2225e-05,3,1,3,3,3
5,20,1,1,1,1,1,6.1363e-05,1,6.1363e-05,6.1363e-05,6.1363e-05,3,1,3,3,3
5,20,4,1,4,4,4,5.8565e-05,1,5.8565e-05,5.8565e-05,5.8565e-05,4,1,4,4,4
5,20,2,1,2,2,2,6.8233e-05,1,6.8233e-05,6.8233e-05,6.8233e-05,5,1,5,5,5
5,20,2,1,2,2,2,6.8076e-05,1,6.8076e-05,6.8076e-05,6.8076e-05,5,1,5,5,5
5,20,4,1,4,4,4,0.000103844,1,0.000103844,0.000103844,0.000103844,10,1,10,10,10
5,20,2,1,2,2,2,5.7272e-05,1,5.7272e-05,5.7272e-05,5.7272e-05,3,1,3,3,3
5,20,2,1,2,2,2,6.7681e-05,1,6.7681e-05,6.7681e-05,6.7681e-05,5,1,5,5,5
5,20,3,1,3,3,3,5.3907e-05,1,5.3907e-05,5.3907e-05,5.3907e-05,3,1,3,3,3
5,20,1,1,1,1,1,6.1575e-05,1,6.1575e-05,6.1575e-05,6.1575e-05,3,1,3,3,3
5,20,3,1,3,3,3,6.1228e-05,1,6.1228e-05,6.1228e-05,6.1228e-05,4,1,4,4,4
5,20,4,1,4,4,4,5.5929e-05,1,5.5929e-05,5.5929e-05,5.5929e-05,3,1,3,3,3
5,20,2,1,2,2,2,6.7338e-05,1,6.7338e-05,6.7338e-05,6.7338e-05,5,1,5,5,5
5,20,1,1,1,1,1,6.2098e-05,1,6.2098e-05,6.2098e-05,6.2098e-05,3,1,3,3,3
5,20,3,1,3,3,3,6.5686e-05,1,6.5686e-05,6.5686e-05,6.5686e-05,5,1,5,5,5
5,20,1,1,1,1,1,6.163e-05,1,6.163e-05,6.163e-05,6.163e-05,3,1,3,3,3
5,20,4,1,4,4,4,0.000104225,1,0.000104225,0.000104225,0.000104225,10,1,10,10,10
5,20,1,1,1,1,1,6.1882e-05,1,6.1882e-05,6.1882e-05,6.1882e-05,3,1,3,3,3
5,20,0,1,0,0,0,5.0333e-05,1,5.0333e-05,5.0333e-05,5.0333e-05,1,1,1,1,1
5,20,1,1,1,1,1,6.1955e-05,1,6.1955e-05,6.1955e-05,6.1955e-05,3,1,3,3,3
5,20,0,1,0,0,0,5.0197e-05,1,5.0197e-05,5.0197e-05,5.0197e-05,1,1,1,1,1
5,20,3,1,3,3,3,6.1643e-05,1,6.1643e-05,6.1643e-05,6.1643e-05,4,1,4,4,4
5,20,4,1,4,4,4,5.6293e-05,1,5.6293e-05,5.6293e-05,5.6293e-05,3,1,3,3,3
5,20,2,1,2,2,2,6.7706e-05,1,6.7706e-05,6.7706e-05,6.7706e-05,5,1,5,5,5
5,20,1,1,1,1,1,6.1905e-05,1,6.1905e-05,6.1905e-05,6.1905e-05,3,1,3,3,3
5,20,1,1,1,1,1,6.2002e-05,1,6.2002e-05,6.2002e-05,6.2002e-05,3,1,3,3,3
5,20,2,1,2,2,2,5.6865e-05,1,5.6865e-05,5.6865e-05,5.6865e-05,3,1,3,3,3
5,20,0,1,0,0,0,4.9931e-05,1,4.9931e-05,4.9931e-05,4.9931e-05,1,1,1,1,1
5,20,1,1,1,1,1,6.1841e-05,1,6.1841e-05,6.1841e-05,6.1841e-05,3,1,3,3,3
5,20,6,1,6,6,6,0.000103842,1,0.000103842,0.000103842,0.000103842,10,1,10,10,10
5,20,1,1,1,1,1,6.2206e-05,1,6.2206e-05,6.2206e-05,6.2206e-05,3,1,3,3,3
5,20,3,1,3,3,3,0.000101523,1,0.000101523,0.000101523,0.000101523,10,1,10,10,10
5,20,2,1,2,2,2,5.7325e-05,1,5.7325e-05,5.7325e-05,5.7325e-05,3,1,3,3,3
5,20,2,1,2,2,2,5.6746e-05,1,5.6746e-05,5.6746e-05,5.6746e-05,3,1,3,3,3
5,20,2,1,2,2,2,6.7859e-05,1,6.7859e-05,6.7859e-05,6.7859e-05,5,1,5,5,5
5,20,3,1,3,3,3,6.143e-05,1,6.143e-05,6.143e-05,6.143e-05,4,1,4,4,4
5,20,1,1,1,1,1,6.167e-05,1,6.167e-05,6.167e-05,6.167e-05,3,1,3,3,3
5,20,3,1,3,3,3,0.000100779,1,0.000100779,0.000100779,0.000100779,10,1,10,10,10
5,20,4,1,4,4,4,5.6538e-05,1,5.6538e-05,5.6538e-05,5.6538e-05,3,1,3,3,3
5,20,5,1,5,5,5,5.5821e-05,1,5.5821e-05,5.5821e-05,5.5821e-05,4,1,4,4,4
5,20,3,1,3,3,3,6.0965e-05,1,6.0965e-05,6.0965e-05,6.0965e-05,4,1,4,4,4
5,20,3,1,3,3,3,0.000118554,1,0.000118554,0.000118554,0.000118554,10,1,10,10,10
5,20,2,1,2,2,2,5.7372e-05,1,5.7372e-05,5.7372e-05,5.7372e-05,3,1,3,3,3
5,20,2,1,2,2,2,6.7707e-05,1,6.7707e-05,6.7707e-05,6.7707e-05,5,1,5,5,5
5,20,2,1,2,2,2,5.7025e-05,1,5.7025e-05,5.7025e-05,5.7025e-05,3,1,3,3,3
5,20,2,1,2,2,2,5.7022e-05,1,5.7022e-05,5.7022e-05,5.7022e-05,3,1,3,3,3
5,20,2,1,2,2,2,5.7077e-05,1,5.7077e-05,5.7077e-05,5.7077e-05,3,1,3,3,3
5,20,2,1,2,2,2,5.7135e-05,1,5.7135e-05,5.7135e-05,5.7135e-05,3,1,3,3,3
5,20,2,1,2,2,2,5.626e-05,1,5.626e-05,5.626e-05,5.626e-05,3,1,3,3,3
5,20,3,1,3,3,3,0.000101709,1,0.000101709,0.000101709,0.000101709,10,1,10,10,10
5,20,0,1,0,0,0,5.075e-05,1,5.075e-05,5.075e-05,5.075e-05,1,1,1,1,1
5,20,2,1,2,2,2,5.7298e-05,1,5.7298e-05,5.7298e-05,5.7298e-05,3,1,3,3,3
5,20,0,1,0,0,0,5.0178e-05,1,5.0178e-05,5.0178e-05,5.0178e-05,1,1,1,1,1
5,20,1,1,1,1,1,6.1657e-05,1,6.1657e-05,6.1657e-05,6.1657e-05,3,1,3,3,3
5,20,1,1,1,1,1,6.1465e-05,1,6.1465e-05,6.1465e-05,6.1465e-05,3,1,3,3,3
5,20,1,1,1,1,1,6.1749e-05,1,6.1749e-05,6.1749e-05,6.1749e-05,3,1,3,3,3
5,20,3,1,3,3,3,7.6381e-05,1,7.6381e-05,7.6381e-05,7.6381e-05,6,1,6,6,6
5,20,1,1,1,1,1,6.2013e-05,1,6.2013e-05,6.2013e-05,6.2013e-05,3,1,3,3,3
5,20,2,1,2,2,2,5.6574e-05,1,5.6574e-05,5.6574e-05,5.6574e-05,3,1,3,3,3
5,20,2,1,2,2,2,5.6795e-05,1,5.6795e-05,5.6795e-05,5.6795e-05,3,1,3,3,3
5,20,1,1,1,1,1,6.1291e-05,1,6.1291e-05,6.1291e-05,6.1291e-05,3,1,3,3,3
5,20,2,1,2,2,2,5.657e-05,1,5.657e-05,5.657e-05,5.657e-05,3,1,3,3,3
5,20,2,1,2,2,2,5.6785e-05,1,5.6785e-05,5.6785e-05,5.6785e-05,3,1,3,3,3
5,20,4,1,4,4,4,0.000182649,1,0.000182649,0.000182649,0.000182649,19,1,19,19,19
5,20,2,1,2,2,2,5.7353e-05,1,5.7353e-05,5.7353e-05,5.7353e-05,3,1,3,3,3
5,20,2,1,2,2,2,5.7087e-05,1,5.7087e-05,5.7087e-05,5.7087e-05,3,1,3,3,3
5,20,2,1,2,2,2,5.7238e-05,1,5.7238e-05,5.7238e-05,5.7238e-05,3,1,3,3,3
5,20,3,1,3,3,3,6.1995e-05,1,6.1995e-05,6.1995e-05,6.1995e-05,4,1,4,4,4
5,20,3,1,3,3,3,6.4143e-05,1,6.4143e-05,6.4143e-05,6.4143e-05,5,1,5,5,5
5,20,0,1,0,0,0,5.0485e-05,1,5.0485e-05,5.0485e-05,5.0485e-05,1,1,1,1,1
5,20,3,1,3,3,3,5.4436e-05,1,5.4436e-05,5.4436e-05,5.4436e-05,3,1,3,3,3
5,20,1,1,1,1,1,6.1681e-05,1,6.1681e-05,6.1681e-05,6.1681e-05,3,1,3,3,3
5,20,1,1,1,1,1,6.1197e-05,1,6.1197e-05,6.1197e-05,6.1197e-05,3,1,3,3,3
5,20,3,1,3,3,3,6.4338e-05,1,6.4338e-05,6.4338e-05,6.4338e-05,5,1,5,5,5
5,20,2,1,2,2,2,5.6993e-05,1,5.6993e-05,5.6993e-05,5.6993e-05,3,1,3,3,3
5,20,3,1,3,3,3,5.4221e-05,1,5.4221e-05,5.4221e-05,5.4221e-05,3,1,3,3,3
5,20,2,1,2,2,2,5.6734e-05,1,5.6734e-05,5.6734e-05,5.6734e-05,3,1,3,3,3
5,20,2,1,2,2,2,6.8124e-05,1,6.8124e-05,6.8124e-05,6.8124e-05,5,1,5,5,5
5,20,1,1,1,1,1,6.1524e-05,1,6.1524e-05,6.1524e-05,6.1524e-05,3,1,3,3,3
5,20,3,1,3,3,3,5.3921e-05,1,5.3921e-05,5.3921e-05,5.3921e-05,3,1,3,3,3
5,20,2,1,2,2,2,5.6728e-05,1,5.6728e-05,5.6728e-05,5.6728e-05,3,1,3,3,3
5,20,0,1,0,0,0,5.0196e-05,1,5.0196e-05,5.0196e-05,5.0196e-05,1,1,1,1,1
5,20,2,1,2,2,2,5.681e-05,1,5.681e-05,5.681e-05,5.681e-05,3,1,3,3,3
5,20,5,1,5,5,5,0.000153335,1,0.000153335,0.000153335,0.000153335,16,1,16,16,16
5,20,2,1,2,2,2,5.7549e-05,1,5.7549e-05,5.7549e-05,5.7549e-05,3,1,3,3,3
5,20,2,1,2,2,2,5.7032e-05,1,5.7032e-05,5.7032e-05,5.7032e-05,3,1,3,3,3
5,20,2,1,2,2,2,5.6847e-05,1,5.6847e-05,5.6847e-05,5.6847e-05,3,1,3,3,3
5,20,3,1,3,3,3,6.987e-05,1,6.987e-05,6.987e-05,6.987e-05,5,1,5,5,5
5,20,1,1,1,1,1,7.8909e-05,1,7.8909e-05,7.8909e-05,7.8909e-05,3,1,3,3,3
5,20,2,1,2,2,2,6.815e-05,1,6.815e-05,6.815e-05,6.815e-05,5,1,5,5,5
5,20,1,1,1,1,1,6.1895e-05,1,6.1895e-05,6.1895e-05,6.1895e-05,3,1,3,3,3
5,20,2,1,2,2,2,5.6494e-05,1,5.6494e-05,5.6494e-05,5.6494e-05,3,1,3,3,3
5,20,5,1,5,5,5,0.000108256,1,0.000108256,0.000108256,0.000108256,10,1,10,10,10
5,20,1,1,1,1,1,6.1869e-05,1,6.1869e-05,6.1869e-05,6.1869e-05,3,1,3,3,3
5,20,1,1,1,1,1,6.198e-05,1,6.198e-05,6.198e-05,6.198e-05,3,1,3,3,3
5,20,1,1,1,1,1,6.1428e-05,1,6.1428e-05,6.1428e-05,6.1428e-05,3,1,3,3,3
5,20,2,1,2,2,2,6.7911e-05,1,6.7911e-05,6.7911e-05,6.7911e-05,5,1,5,5,5
5,20,3,1,3,3,3,6.1562e-05,1,6.1562e-05,6.1562e-05,6.1562e-05,4,1,4,4,4
5,20,3,1,3,3,3,6.1582e-05,1,6.1582e-05,6.1582e-05,6.1582e-05,4,1,4,4,4
5,20,3,1,3,3,3,6.1222e-05,1,6.1222e-05,6.1222e-05,6.1222e-05,4,1,4,4,4
5,20,1,1,1,1,1,6.235e-05,1,6.235e-05,6.235e-05,6.235e-05,3,1,3,3,3
5,20,3,1,3,3,3,6.4509e-05,1,6.4509e-05,6.4509e-05,6.4509e-05,5,1,5,5,5
5,20,4,1,4,4,4,0.000104212,1,0.000104212,0.000104212,0.000104212,10,1,10,10,10
5,20,1,1,1,1,1,6.2258e-05,1,6.2258e-05,6.2258e-05,6.2258e-05,3,1,3,3,3
5,20,2,1,2,2,2,6.7803e-05,1,6.7803e-05,6.7803e-05,6.7803e-05,5,1,5,5,5
5,20,4,1,4,4,4,0.000103468,1,0.000103468,0.000103468,0.000103468,10,1,10,10,10
5,20,2,1,2,2,2,5.6922e-05,1,5.6922e-05,5.6922e-05,5.6922e-05,3,1,3,3,3
5,20,1,1,1,1,1,6.2205e-05,1,6.2205e-05,6.2205e-05,6.2205e-05,3,1,3,3,3
5,20,2,1,2,2,2,6.8142e-05,1,6.8142e-05,6.8142e-05,6.8142e-05,5,1,5,5,5
5,20,2,1,2,2,2,5.6809e-05,1,5.6809e-05,5.6809e-05,5.6809e-05,3,1,3,3,3
5,20,2,1,2,2,2,6.7662e-05,1,6.7662e-05,6.7662e-05,6.7662e-05,5,1,5,5,5
5,20,5,1,5,5,5,0.000163489,1,0.000163489,0.000163489,0.000163489,16,1,16,16,16
5,20,1,1,1,1,1,6.2316e-05,1,6.2316e-05,6.2316e-05,6.2316e-05,3,1,3,3,3
5,20,1,1,1,1,1,6.1378e-05,1,6.1378e-05,6.1378e-05,6.1378e-05,3,1,3,3,3
5,20,3,1,3,3,3,6.5444e-05,1,6.5444e-05,6.5444e-05,6.5444e-05,5,1,5,5,5
5,20,3,1,3,3,3,6.1365e-05,1,6.1365e-05,6.1365e-05,6.1365e-05,4,1,4,4,4
5,20,2,1,2,2,2,6.8097e-05,1,6.8097e-05,6.8097e-05,6.8097e-05,5,1,5,5,5
5,20,3,1,3,3,3,5.4452e-05,1,5.4452e-05,5.4452e-05,5.4452e-05,3,1,3,3,3
5,20,0,1,0,0,0,5.0294e-05,1,5.0294e-05,5.0294e-05,5.0294e-05,1,1,1,1,1
5,20,1,1,1,1,1,6.1985e-05,1,6.1985e-05,6.1985e-05,6.1985e-05,3,1,3,3,3
5,20,3,1,3,3,3,7.6761e-05,1,7.6761e-05,7.6761e-05,7.6761e-05,6,1,6,6,6
5,20,1,1,1,1,1,6.1647e-05,1,6.1647e-05,6.1647e-05,6.1647e-05,3,1,3,3,3
5,20,1,1,1,1,1,6.1573e-05,1,6.1573e-05,6.1573e-05,6.1573e-05,3,1,3,3,3
5,20,2,1,2,2,2,6.7833e-05,1,6.7833e-05,6.7833e-05,6.7833e-05,5,1,5,5,5
5,20,1,1,1,1,1,6.1466e-05,1,6.1466e-05,6.1466e-05,6.1466e-05,3,1,3,3,3
5,20,3,1,3,3,3,6.531e-05,1,6.531e-05,6.531e-05,6.531e-05,5,1,5,5,5
5,20,1,1,1,1,1,6.2272e-05,1,6.2272e-05,6.2272e-05,6.2272e-05,3,1,3,3,3
5,20,1,1,1,1,1,6.1691e-05,1,6.1691e-05,6.1691e-05,6.1691e-05,3,1,3,3,3
5,20,2,1,2,2,2,6.8155e-05,1,6.8155e-05,6.8155e-05,6.8155e-05,5,1,5,5,5
5,20,0,1,0,0,0,5.049e-05,1,5.049e-05,5.049e-05,5.049e-05,1,1,1,1,1
5,20,1,1,1,1,1,6.1482e-05,1,6.1482e-05,6.1482e-05,6.1482e-05,3,1,3,3,3
5,20,2,1,2,2,2,5.6995e-05,1,5.6995e-05,5.6995e-05,5.6995e-05,3,1,3,3,3
5,20,1,1,1,1,1,6.1324e-05,1,6.1324e-05,6.1324e-05,6.1324e-05,3,1,3,3,3
5,20,2,1,2,2,2,6.9145e-05,1,6.9145e-05,6.9145e-05,6.9145e-05,5,1,5,5,5
5,20,1,1,1,1,1,6.175e-05,1,6.175e-05,6.175e-05,6.175e-05,3,1,3,3,3
5,20,4,1,4,4,4,6.1658e-05,1,6.1658e-05,6.1658e-05,6.1658e-05,5,1,5,5,5
5,20,2,1,2,2,2,6.8141e-05,1,6.8141e-05,6.8141e-05,6.8141e-05,5,1,5,5,5
5,20,3,1,3,3,3,6.1251e-05,1,6.1251e-05,6.1251e-05,6.1251e-05,4,1,4,4,4
5,20,4,1,4,4,4,6.109e-05,1,6.109e-05,6.109e-05,6.109e-05,5,1,5,5,5
5,20,2,1,2,2,2,6.7351e-05,1,6.7351e-05,6.7351e-05,6.7351e-05,5,1,5,5,5
5,20,1,1,1,1,1,6.2009e-05,1,6.2009e-05,6.2009e-05,6.2009e-05,3,1,3,3,3
5,20,2,1,2,2,2,6.7943e-05,1,6.7943e-05,6.7943e-05,6.7943e-05,5,1,5,5,5
5,20,2,1,2,2,2,5.7222e-05,1,5.7222e-05,5.7222e-05,5.7222e-05,3,1,3,3,3
5,20,2,1,2,2,2,6.7543e-05,1,6.7543e-05,6.7543e-05,6.7543e-05,5,1,5,5,5
5,20,4,1,4,4,4,6.0992e-05,1,6.0992e-05,6.0992e-05,6.0992e-05,5,1,5,5,5
5,20,1,1,1,1,1,6.234e-05,1,6.234e-05,6.234e-05,6.234e-05,3,1,3,3,3
5,20,2,1,2,2,2,6.8224e-05,1,6.8224e-05,6.8224e-05,6.8224e-05,5,1,5,5,5
5,20,2,1,2,2,2,6.7615e-05,1,6.7615e-05,6.7615e-05,6.7615e-05,5,1,5,5,5
5,20,3,1,3,3,3,6.5801e-05,1,6.5801e-05,6.5801e-05,6.5801e-05,5,1,5,5,5
5,20,5,1,5,5,5,0.000154039,1,0.000154039,0.000154039,0.000154039,16,1,16,16,16
5,20,2,1,2,2,2,6.7965e-05,1,6.7965e-05,6.7965e-05,6.7965e-05,5,1,5,5,5
5,20,4,1,4,4,4,5.8906e-05,1,5.8906e-05,5.8906e-05,5.8906e-05,4,1,4,4,4
5,20,3,1,3,3,3,6.1446e-05,1,6.1446e-05,6.1446e-05,6.1446e-05,4,1,4,4,4
5,20,0,1,0,0,0,5.0417e-05,1,5.0417e-05,5.0417e-05,5.0417e-05,1,1,1,1,1
5,20,3,1,3,3,3,6.4626e-05,1,6.4626e-05,6.4626e-05,6.4626e-05,5,1,5,5,5
5,20,1,1,1,1,1,6.1988e-05,1,6.1988e-05,6.1988e-05,6.1988e-05,3,1,3,3,3
5,20,5,1,5,5,5,0.000105954,1,0.000105954,0.000105954,0.000105954,10,1,10,10,10
5,20,4,1,4,4,4,0.000103321,1,0.000103321,0.000103321,0.000103321,10,1,10,10,10
5,20,5,1,5,5,5,5.603e-05,1,5.603e-05,5.603e-05,5.603e-05,4,1,4,4,4
5,20,2,1,2,2,2,5.6959e-05,1,5.6959e-05,5.6959e-05,5.6959e-05,3,1,3,3,3
5,20,4,1,4,4,4,5.8435e-05,1,5.8435e-05,5.8435e-05,5.8435e-05,4,1,4,4,4
5,20,2,1,2,2,2,5.6893e-05,1,5.6893e-05,5.6893e-05,5.6893e-05,3,1,3,3,3
5,20,1,1,1,1,1,6.208e-05,1,6.208e-05,6.208e-05,6.208e-05,3,1,3,3,3
5,20,2,1,2,2,2,6.8551e-05,1,6.8551e-05,6.8551e-05,6.8551e-05,5,1,5,5,5
5,20,3,1,3,3,3,7.5588e-05,1,7.5588e-05,7.5588e-05,7.5588e-05,6,1,6,6,6
5,20,2,1,2,2,2,5.729e-05,1,5.729e-05,5.729e-05,5.729e-05,3,1,3,3,3
5,20,4,1,4,4,4,6.0978e-05,1,6.0978e-05,6.0978e-05,6.0978e-05,5,1,5,5,5
5,20,1,1,1,1,1,6.1655e-05,1,6.1655e-05,6.1655e-05,6.1655e-05,3,1,3,3,3
5,20,1,1,1,1,1,6.1868e-05,1,6.1868e-05,6.1868e-05,6.1868e-05,3,1,3,3,3
5,20,3,1,3,3,3,0.000100887,1,0.000100887,0.000100887,0.000100887,10,1,10,10,10
5,20,2,1,2,2,2,6.7896e-05,1,6.7896e-05,6.7896e-05,6.7896e-05,5,1,5,5,5
5,20,2,1,2,2,2,6.8201e-05,1,6.8201e-05,6.8201e-05,6.8201e-05,5,1,5,5,5
5,20,2,1,2,2,2,5.741e-05,1,5.741e-05,5.741e-05,5.741e-05,3,1,3,3,3
5,20,3,1,3,3,3,7.655e-05,1,7.655e-05,7.655e-05,7.655e-05,6,1,6,6,6
5,20,2,1,2,2,2,5.7139e-05,1,5.7139e-05,5.7139e-05,5.7139e-05,3,1,3,3,3
5,20,2,1,2,2,2,5.6804e-05,1,5.6804e-05,5.6804e-05,5.6804e-05,3,1,3,3,3
5,20,3,1,3,3,3,0.000101122,1,0.000101122,0.000101122,0.000101122,10,1,10,10,10
5,20,2,1,2,2,2,6.1551e-05,1,6.1551e-05,6.1551e-05,6.1551e-05,3,1,3,3,3
5,20,1,1,1,1,1,7.8553e-05,1,7.8553e-05,7.8553e-05,7.8553e-05,3,1,3,3,3
5,20,3,1,3,3,3,6.138e-05,1,6.138e-05,6.138e-05,6.138e-05,4,1,4,4,4
5,20,1,1,1,1,1,6.1657e-05,1,6.1657e-05,6.1657e-05,6.1657e-05,3,1,3,3,3
5,20,2,1,2,2,2,6.7879e-05,1,6.7879e-05,6.7879e-05,6.7879e-05,5,1,5,5,5
5,20,2,1,2,2,2,6.7753e-05,1,6.7753e-05,6.7753e-05,6.7753e-05,5,1,5,5,5
5,20,2,1,2,2,2,6.7897e-05,1,6.7897e-05,6.7897e-05,6.7897e-05,5,1,5,5,5
5,20,0,1,0,0,0,5.0473e-05,1,5.0473e-05,5.0473e-05,5.0473e-05,1,1,1,1,1
5,20,2,1,2,2,2,5.7229e-05,1,5.7229e-05,5.7229e-05,5.7229e-05,3,1,3,3,3
5,20,2,1,2,2,2,5.6912e-05,1,5.6912e-05,5.6912e-05,5.6912e-05,3,1,3,3,3
5,20,1,1,1,1,1,6.2049e-05,1,6.2049e-05,6.2049e-05,6.2049e-05,3,1,3,3,3
5,20,2,1,2,2,2,5.6849e-05,1,5.6849e-05,5.6849e-05,5.6849e-05,3,1,3,3,3
5,20,1,1,1,1,1,6.1527e-05,1,6.1527e-05,6.1527e-05,6.1527e-05,3,1,3,3,3
5,20,1,1,1,1,1,6.1394e-05,1,6.1394e-05,6.1394e-05,6.1394e-05,3,1,3,3,3
5,20,3,1,3,3,3,6.5529e-05,1,6.5529e-05,6.5529e-05,6.5529e-05,5,1,5,5,5
5,20,1,1,1,1,1,6.1926e-05,1,6.1926e-05,6.1926e-05,6.1926e-05,3,1,3,3,3
5,20,2,1,2,2,2,5.687e-05,1,5.687e-05,5.687e-05,5.687e-05,3,1,3,3,3
5,20,1,1,1,1,1,6.1495e-05,1,6.1495e-05,6.1495e-05,6.1495e-05,3,1,3,3,3
5,20,2,1,2,2,2,6.7984e-05,1,6.7984e-05,6.7984e-05,6.7984e-05,5,1,5,5,5
5,20,3,1,3,3,3,6.3774e-05,1,6.3774e-05,6.3774e-05,6.3774e-05,5,1,5,5,5
5,20,2,1,2,2,2,5.6748e-05,1,5.6748e-05,5.6748e-05,5.6748e-05,3,1,3,3,3
5,20,1,1,1,1,1,6.1777e-05,1,6.1777e-05,6.1777e-05,6.1777e-05,3,1,3,3,3
5,20,3,1,3,3,3,6.4297e-05,1,6.4297e-05,6.4297e-05,6.4297e-05,5,1,5,5,5
5,20,1,1,1,1,1,6.1512e-05,1,6.1512e-05,6.1512e-05,6.1512e-05,3,1,3,3,3
5,20,1,1,1,1,1,6.1526e-05,1,6.1526e-05,6.1526e-05,6.1526e-05,3,1,3,3,3
5,20,3,1,3,3,3,7.7409e-05,1,7.7409e-05,7.7409e-05,7.7409e-05,6,1,6,6,6
5,20,1,1,1,1,1,6.2049e-05,1,6.2049e-05,6.2049e-05,6.2049e-05,3,1,3,3,3
5,20,4,1,4,4,4,6.147e-05,1,6.147e-05,6.147e-05,6.147e-05,5,1,5,5,5
5,20,2,1,2,2,2,5.715e-05,1,5.715e-05,5.715e-05,5.715e-05,3,1,3,3,3
5,20,4,1,4,4,4,5.8568e-05,1,5.8568e-05,5.8568e-05,5.8568e-05,4,1,4,4,4
5,20,2,1,2,2,2,5.6867e-05,1,5.6867e-05,5.6867e-05,5.6867e-05,3,1,3,3,3
5,20,2,1,2,2,2,5.6642e-05,1,5.6642e-05,5.6642e-05,5.6642e-05,3,1,3,3,3
5,20,1,1,1,1,1,6.1639e-05,1,6.1639e-05,6.1639e-05,6.1639e-05,3,1,3,3,3
5,20,2,1,2,2,2,5.6863e-05,1,5.6863e-05,5.6863e-05,5.6863e-05,3,1,3,3,3
5,20,1,1,1,1,1,6.1602e-05,1,6.1602e-05,6.1602e-05,6.1602e-05,3,1,3,3,3
5,20,4,1,4,4,4,6.1745e-05,1,6.1745e-05,6.1745e-05,6.1745e-05,5,1,5,5,5
5,20,2,1,2,2,2,5.6971e-05,1,5.6971e-05,5.6971e-05,5.6971e-05,3,1,3,3,3
5,20,2,1,2,2,2,5.7219e-05,1,5.7219e-05,5.7219e-05,5.7219e-05,3,1,3,3,3
5,20,3,1,3,3,3,9.977e-05,1,9.977e-05,9.977e-05,9.977e-05,10,1,10,10,10
5,20,3,1,3,3,3,7.6897e-05,1,7.6897e-05,7.6897e-05,7.6897e-05,6,1,6,6,6
5,20,2,1,2,2,2,6.7922e-05,1,6.7922e-05,6.7922e-05,6.7922e-05,5,1,5,5,5
5,20,1,1,1,1,1,6.1752e-05,1,6.1752e-05,6.1752e-05,6.1752e-05,3,1,3,3,3
5,20,1,1,1,1,1,6.1823e-05,1,6.1823e-05,6.1823e-05,6.1823e-05,3,1,3,3,3
5,20,0,1,0,0,0,5.0409e-05,1,5.0409e-05,5.0409e-05,5.0409e-05,1,1,1,1,1
5,20,3,1,3,3,3,6.4342e-05,1,6.4342e-05,6.4342e-05,6.4342e-05,5,1,5,5,5
5,20,3,1,3,3,3,5.3928e-05,1,5.3928e-05,5.3928e-05,5.3928e-05,3,1,3,3,3
5,20,3,1,3,3,3,7.6142e-05,1,7.6142e-05,7.6142e-05,7.6142e-05,6,1,6,6,6
5,20,3,1,3,3,3,5.447e-05,1,5.447e-05,5.447e-05,5.447e-05,3,1,3,3,3
5,20,2,1,2,2,2,7.1144e-05,1,7.1144e-05,7.1144e-05,7.1144e-05,3,1,3,3,3
5,20,4,1,4,4,4,0.000105324,1,0.000105324,0.000105324,0.000105324,10,1,10,10,10
5,20,1,1,1,1,1,6.1931e-05,1,6.1931e-05,6.1931e-05,6.1931e-05,3,1,3,3,3
5,20,2,1,2,2,2,5.7219e-05,1,5.7219e-05,5.7219e-05,5.7219e-05,3,1,3,3,3
5,20,2,1,2,2,2,5.6629e-05,1,5.6629e-05,5.6629e-05,5.6629e-05,3,1,3,3,3
5,20,0,1,0,0,0,5.0358e-05,1,5.0358e-05,5.0358e-05,5.0358e-05,1,1,1,1,1
5,20,1,1,1,1,1,6.1543e-05,1,6.1543e-05,6.1543e-05,6.1543e-05,3,1,3,3,3
5,20,3,1,3,3,3,6.4e-05,1,6.4e-05,6.4e-05,6.4e-05,5,1,5,5,5
5,20,3,1,3,3,3,7.5907e-05,1,7.5907e-05,7.5907e-05,7.5907e-05,6,1,6,6,6
5,20,4,1,4,4,4,6.1523e-05,1,6.1523e-05,6.1523e-05,6.1523e-05,5,1,5,5,5
5,20,1,1,1,1,1,6.1618e-05,1,6.1618e-05,6.1618e-05,6.1618e-05,3,1,3,3,3
5,20,0,1,0,0,0,5.0319e-05,1,5.0319e-05,5.0319e-05,5.0319e-05,1,1,1,1,1
5,20,3,1,3,3,3,6.6056e-05,1,6.6056e-05,6.6056e-05,6.6056e-05,5,1,5,5,5
5,20,3,1,3,3,3,0.000101842,1,0.000101842,0.000101842,0.000101842,10,1,10,10,10
5,20,1,1,1,1,1,6.1884e-05,1,6.1884e-05,6.1884e-05,6.1884e-05,3,1,3,3,3
5,20,0,1,0,0,0,5.014e-05,1,5.014e-05,5.014e-05,5.014e-05,1,1,1,1,1
5,20,0,1,0,0,0,5.0216e-05,1,5.0216e-05,5.0216e-05,5.0216e-05,1,1,1,1,1
5,20,4,1,4,4,4,0.000104492,1,0.000104492,0.000104492,0.000104492,10,1,10,10,10
5,20,1,1,1,1,1,6.1896e-05,1,6.1896e-05,6.1896e-05,6.1896e-05,3,1,3,3,3
5,20,1,1,1,1,1,6.1549e-05,1,6.1549e-05,6.1549e-05,6.1549e-05,3,1,3,3,3
5,20,2,1,2,2,2,5.6754e-05,1,5.6754e-05,5.6754e-05,5.6754e-05,3,1,3,3,3
5,20,2,1,2,2,2,6.7686e-05,1,6.7686e-05,6.7686e-05,6.7686e-05,5,1,5,5,5
5,20,3,1,3,3,3,6.1332e-05,1,6.1332e-05,6.1332e-05,6.1332e-05,4,1,4,4,4
5,20,1,1,1,1,1,6.1668e-05,1,6.1668e-05,6.1668e-05,6.1668e-05,3,1,3,3,3
5,20,1,1,1,1,1,6.13e-05,1,6.13e-05,6.13e-05,6.13e-05,3,1,3,3,3
5,20,4,1,4,4,4,0.000102729,1,0.000102729,0.000102729,0.000102729,10,1,10,10,10
5,20,1,1,1,1,1,6.18e-05,1,6.18e-05,6.18e-05,6.18e-05,3,1,3,3,3
5,20,3,1,3,3,3,6.6483e-05,1,6.6483e-05,6.6483e-05,6.6483e-05,5,1,5,5,5
5,20,0,1,0,0,0,5.031e-05,1,5.031e-05,5.031e-05,5.031e-05,1,1,1,1,1
5,20,7,1,7,7,7,0.00010136,1,0.00010136,0.00010136,0.00010136,10,1,10,10,10
5,20,1,1,1,1,1,6.1742e-05,1,6.1742e-05,6.1742e-05,6.1742e-05,3,1,3,3,3
5,20,2,1,2,2,2,6.8377e-05,1,6.8377e-05,6.8377e-05,6.8377e-05,5,1,5,5,5
5,20,2,1,2,2,2,5.6871e-05,1,5.6871e-05,5.6871e-05,5.6871e-05,3,1,3,3,3
5,20,2,1,2,2,2,6.7848e-05,1,6.7848e-05,6.7848e-05,6.7848e-05,5,1,5,5,5
5,20,2,1,2,2,2,6.7258e-05,1,6.7258e-05,6.7258e-05,6.7258e-05,5,1,5,5,5
5,20,3,1,3,3,3,6.1378e-05,1,6.1378e-05,6.1378e-05,6.1378e-05,4,1,4,4,4
5,20,1,1,1,1,1,6.2475e-05,1,6.2475e-05,6.2475e-05,6.2475e-05,3,1,3,3,3
5,20,4,1,4,4,4,6.1652e-05,1,6.1652e-05,6.1652e-05,6.1652e-05,5,1,5,5,5
5,20,2,1,2,2,2,6.7926e-05,1,6.7926e-05,6.7926e-05,6.7926e-05,5,1,5,5,5
5,20,1,1,1,1,1,6.2276e-05,1,6.2276e-05,6.2276e-05,6.2276e-05,3,1,3,3,3
5,20,3,1,3,3,3,6.1775e-05,1,6.1775e-05,6.1775e-05,6.1775e-05,4,1,4,4,4
5,20,2,1,2,2,2,5.6786e-05,1,5.6786e-05,5.6786e-05,5.6786e-05,3,1,3,3,3
5,20,3,1,3,3,3,5.4234e-05,1,5.4234e-05,5.4234e-05,5.4234e-05,3,1,3,3,3
5,20,2,1,2,2,2,6.7422e-05,1,6.7422e-05,6.7422e-05,6.7422e-05,5,1,5,5,5
5,20,1,1,1,1,1,6.2171e-05,1,6.2171e-05,6.2171e-05,6.2171e-05,3,1,3,3,3
5,20,0,1,0,0,0,5.0389e-05,1,5.0389e-05,5.0389e-05,5.0389e-05,1,1,1,1,1
5,20,2,1,2,2,2,5.7123e-05,1,5.7123e-05,5.7123e-05,5.7123e-05,3,1,3,3,3
5,20,0,1,0,0,0,7.2085e-05,1,7.2085e-05,7.2085e-05,7.2085e-05,1,1,1,1,1
5,20,6,1,6,6,6,0.000105034,1,0.000105034,0.000105034,0.000105034,10,1,10,10,10
5,20,3,1,3,3,3,6.5554e-05,1,6.5554e-05,6.5554e-05,6.5554e-05,5,1,5,5,5
5,20,4,1,4,4,4,6.1217e-05,1,6.1217e-05,6.1217e-05,6.1217e-05,5,1,5,5,5
5,20,3,1,3,3,3,5.419e-05,1,5.419e-05,5.419e-05,5.419e-05,3,1,3,3,3
5,20,0,1,0,0,0,5.0389e-05,1,5.0389e-05,5.0389e-05,5.0389e-05,1,1,1,1,1
5,20,1,1,1,1,1,6.2258e-05,1,6.2258e-05,6.2258e-05,6.2258e-05,3,1,3,3,3
5,20,1,1,1,1,1,6.1913e-05,1,6.1913e-05,6.1913e-05,6.1913e-05,3,1,3,3,3
5,20,0,1,0,0,0,5.0333e-05,1,5.0333e-05,5.0333e-05,5.0333e-05,1,1,1,1,1
5,20,4,1,4,4,4,0.000104488,1,0.000104488,0.000104488,0.000104488,10,1,10,10,10
5,20,0,1,0,0,0,5.0472e-05,1,5.0472e-05,5.0472e-05,5.0472e-05,1,1,1,1,1
5,20,1,1,1,1,1,6.1933e-05,1,6.1933e-05,6.1933e-05,6.1933e-05,3,1,3,3,3
5,20,3,1,3,3,3,6.1992e-05,1,6.1992e-05,6.1992e-05,6.1992e-05,4,1,4,4,4
5,20,1,1,1,1,1,6.1565e-05,1,6.1565e-05,6.1565e-05,6.1565e-05,3,1,3,3,3
5,20,1,1,1,1,1,6.1666e-05,1,6.1666e-05,6.1666e-05,6.1666e-05,3,1,3,3,3
5,20,2,1,2,2,2,5.7027e-05,1,5.7027e-05,5.7027e-05,5.7027e-05,3,1,3,3,3
5,20,1,1,1,1,1,6.1268e-05,1,6.1268e-05,6.1268e-05,6.1268e-05,3,1,3,3,3
5,20,2,1,2,2,2,6.8663e-05,1,6.8663e-05,6.8663e-05,6.8663e-05,5,1,5,5,5
5,20,3,1,3,3,3,7.6082e-05,1,7.6082e-05,7.6082e-05,7.6082e-05,6,1,6,6,6
5,20,0,1,0,0,0,5.0182e-05,1,5.0182e-05,5.0182e-05,5.0182e-05,1,1,1,1,1
5,20,1,1,1,1,1,6.1765e-05,1,6.1765e-05,6.1765e-05,6.1765e-05,3,1,3,3,3
5,20,2,1,2,2,2,5.7075e-05,1,5.7075e-05,5.7075e-05,5.7075e-05,3,1,3,3,3
5,20,2,1,2,2,2,5.6804e-05,1,5.6804e-05,5.6804e-05,5.6804e-05,3,1,3,3,3
5,20,3,1,3,3,3,5.3923e-05,1,5.3923e-05,5.3923e-05,5.3923e-05,3,1,3,3,3
5,20,1,1,1,1,1,6.1602e-05,1,6.1602e-05,6.1602e-05,6.1602e-05,3,1,3,3,3
5,20,2,1,2,2,2,6.8406e-05,1,6.8406e-05,6.8406e-05,6.8406e-05,5,1,5,5,5
5,20,2,1,2,2,2,5.6994e-05,1,5.6994e-05,5.6994e-05,5.6994e-05,3,1,3,3,3
5,20,1,1,1,1,1,6.1266e-05,1,6.1266e-05,6.1266e-05,6.1266e-05,3,1,3,3,3
5,20,4,1,4,4,4,5.6189e-05,1,5.6189e-05,5.6189e-05,5.6189e-05,3,1,3,3,3
5,20,1,1,1,1,1,6.1635e-05,1,6.1635e-05,6.1635e-05,6.1635e-05,3,1,3,3,3
5,20,4,1,4,4,4,6.1339e-05,1,6.1339e-05,6.1339e-05,6.1339e-05,5,1,5,5,5
5,20,2,1,2,2,2,5.6702e-05,1,5.6702e-05,5.6702e-05,5.6702e-05,3,1,3,3,3
5,20,3,1,3,3,3,6.5927e-05,1,6.5927e-05,6.5927e-05,6.5927e-05,5,1,5,5,5
5,20,1,1,1,1,1,6.167e-05,1,6.167e-05,6.167e-05,6.167e-05,3,1,3,3,3
5,20,0,1,0,0,0,5.0015e-05,1,5.0015e-05,5.0015e-05,5.0015e-05,1,1,1,1,1
5,20,3,1,3,3,3,6.4736e-05,1,6.4736e-05,6.4736e-05,6.4736e-05,5,1,5,5,5
5,20,1,1,1,1,1,6.1795e-05,1,6.1795e-05,6.1795e-05,6.1795e-05,3,1,3,3,3
5,20,3,1,3,3,3,6.5476e-05,1,6.5476e-05,6.5476e-05,6.5476e-05,5,1,5,5,5
5,20,0,1,0,0,0,5.0129e-05,1,5.0129e-05,5.0129e-05,5.0129e-05,1,1,1,1,1
5,20,2,1,2,2,2,6.7929e-05,1,6.7929e-05,6.7929e-05,6.7929e-05,5,1,5,5,5
5,20,3,1,3,3,3,7.6749e-05,1,7.6749e-05,7.6749e-05,7.6749e-05,6,1,6,6,6
5,20,3,1,3,3,3,7.6514e-05,1,7.6514e-05,7.6514e-05,7.6514e-05,6,1,6,6,6
5,20,2,1,2,2,2,6.7722e-05,1,6.7722e-05,6.7722e-05,6.7722e-05,5,1,5,5,5
5,20,2,1,2,2,2,5.7118e-05,1,5.7118e-05,5.7118e-05,5.7118e-05,3,1,3,3,3
5,20,3,1,3,3,3,6.0983e-05,1,6.0983e-05,6.0983e-05,6.0983e-05,4,1,4,4,4
5,20,1,1,1,1,1,6.1903e-05,1,6.1903e-05,6.1903e-05,6.1903e-05,3,1,3,3,3
5,20,2,1,2,2,2,5.7461e-05,1,5.7461e-05,5.7461e-05,5.7461e-05,3,1,3,3,3
5,20,0,1,0,0,0,5.0142e-05,1,5.0142e-05,5.0142e-05,5.0142e-05,1,1,1,1,1
5,20,1,1,1,1,1,7.0409e-05,1,7.0409e-05,7.0409e-05,7.0409e-05,3,1,3,3,3
5,20,1,1,1,1,1,6.1711e-05,1,6.1711e-05,6.1711e-05,6.1711e-05,3,1,3,3,3
5,20,3,1,3,3,3,5.3886e-05,1,5.3886e-05,5.3886e-05,5.3886e-05,3,1,3,3,3
5,20,2,1,2,2,2,5.6826e-05,1,5.6826e-05,5.6826e-05,5.6826e-05,3,1,3,3,3
5,20,2,1,2,2,2,5.6344e-05,1,5.6344e-05,5.6344e-05,5.6344e-05,3,1,3,3,3
5,20,3,1,3,3,3,7.6989e-05,1,7.6989e-05,7.6989e-05,7.6989e-05,6,1,6,6,6
5,20,1,1,1,1,1,6.1514e-05,1,6.1514e-05,6.1514e-05,6.1514e-05,3,1,3,3,3
5,20,2,1,2,2,2,5.6549e-05,1,5.6549e-05,5.6549e-05,5.6549e-05,3,1,3,3,3
5,20,3,1,3,3,3,7.6736e-05,1,7.6736e-05,7.6736e-05,7.6736e-05,6,1,6,6,6
5,20,1,1,1,1,1,6.1774e-05,1,6.1774e-05,6.1774e-05,6.1774e-05,3,1,3,3,3
5,20,2,1,2,2,2,6.7823e-05,1,6.7823e-05,6.7823e-05,6.7823e-05,5,1,5,5,5
5,20,2,1,2,2,2,5.6822e-05,1,5.6822e-05,5.6822e-05,5.6822e-05,3,1,3,3,3
5,20,3,1,3,3,3,6.5255e-05,1,6.5255e-05,6.5255e-05,6.5255e-05,5,1,5,5,5
5,20,3,1,3,3,3,7.5796e-05,1,7.5796e-05,7.5796e-05,7.5796e-05,6,1,6,6,6
5,20,0,1,0,0,0,5.0313e-05,1,5.0313e-05,5.0313e-05,5.0313e-05,1,1,1,1,1
5,20,0,1,0,0,0,5.0188e-05,1,5.0188e-05,5.0188e-05,5.0188e-05,1,1,1,1,1
5,20,2,1,2,2,2,6.8629e-05,1,6.8629e-05,6.8629e-05,6.8629e-05,5,1,5,5,5
5,20,3,1,3,3,3,6.1296e-05,1,6.1296e-05,6.1296e-05,6.1296e-05,4,1,4,4,4
5,20,2,1,2,2,2,5.6497e-05,1,5.6497e-05,5.6497e-05,5.6497e-05,3,1,3,3,3
5,20,2,1,2,2,2,6.7937e-05,1,6.7937e-05,6.7937e-05,6.7937e-05,5,1,5,5,5
5,20,2,1,2,2,2,6.7444e-05,1,6.7444e-05,6.7444e-05,6.7444e-05,5,1,5,5,5
5,20,1,1,1,1,1,6.209e-05,1,6.209e-05,6.209e-05,6.209e-05,3,1,3,3,3
5,20,1,1,1,1,1,6.189e-05,1,6.189e-05,6.189e-05,6.189e-05,3,1,3,3,3
5,20,2,1,2,2,2,6.7803e-05,1,6.7803e-05,6.7803e-05,6.7803e-05,5,1,5,5,5
5,20,1,1,1,1,1,6.1426e-05,1,6.1426e-05,6.1426e-05,6.1426e-05,3,1,3,3,3
5,20,1,1,1,1,1,6.1907e-05,1,6.1907e-05,6.1907e-05,6.1907e-05,3,1,3,3,3
5,20,5,1,5,5,5,5.5459e-05,1,5.5459e-05,5.5459e-05,5.5459e-05,4,1,4,4,4
5,20,0,1,0,0,0,5.0233e-05,1,5.0233e-05,5.0233e-05,5.0233e-05,1,1,1,1,1
5,20,3,1,3,3,3,6.1589e-05,1,6.1589e-05,6.1589e-05,6.1589e-05,4,1,4,4,4
5,20,4,1,4,4,4,0.00010466,1,0.00010466,0.00010466,0.00010466,10,1,10,10,10
5,20,1,1,1,1,1,6.2282e-05,1,6.2282e-05,6.2282e-05,6.2282e-05,3,1,3,3,3
5,20,2,1,2,2,2,5.7206e-05,1,5.7206e-05,5.7206e-05,5.7206e-05,3,1,3,3,3
5,20,1,1,1,1,1,6.1382e-05,1,6.1382e-05,6.1382e-05,6.1382e-05,3,1,3,3,3
5,20,1,1,1,1,1,6.1612e-05,1,6.1612e-05,6.1612e-05,6.1612e-05,3,1,3,3,3
5,20,0,1,0,0,0,5.0377e-05,1,5.0377e-05,5.0377e-05,5.0377e-05,1,1,1,1,1
5,20,1,1,1,1,1,6.1393e-05,1,6.1393e-05,6.1393e-05,6.1393e-05,3,1,3,3,3
5,20,3,1,3,3,3,5.3839e-05,1,5.3839e-05,5.3839e-05,5.3839e-05,3,1,3,3,3
5,20,1,1,1,1,1,6.1404e-05,1,6.1404e-05,6.1404e-05,6.1404e-05,3,1,3,3,3
5,20,2,1,2,2,2,5.6624e-05,1,5.6624e-05,5.6624e-05,5.6624e-05,3,1,3,3,3
5,20,3,1,3,3,3,6.5354e-05,1,6.5354e-05,6.5354e-05,6.5354e-05,5,1,5,5,5
5,20,1,1,1,1,1,6.1484e-05,1,6.1484e-05,6.1484e-05,6.1484e-05,3,1,3,3,3
5,20,2,1,2,2,2,5.6673e-05,1,5.6673e-05,5.6673e-05,5.6673e-05,3,1,3,3,3
5,20,2,1,2,2,2,6.8277e-05,1,6.8277e-05,6.8277e-05,6.8277e-05,5,1,5,5,5
5,20,0,1,0,0,0,5.0271e-05,1,5.0271e-05,5.0271e-05,5.0271e-05,1,1,1,1,1
5,20,2,1,2,2,2,6.806e-05,1,6.806e-05,6.806e-05,6.806e-05,5,1,5,5,5
5,20,4,1,4,4,4,6.143e-05,1,6.143e-05,6.143e-05,6.143e-05,5,1,5,5,5
5,20,5,1,5,5,5,0.000106493,1,0.000106493,0.000106493,0.000106493,10,1,10,10,10
5,20,3,1,3,3,3,6.1417e-05,1,6.1417e-05,6.1417e-05,6.1417e-05,4,1,4,4,4
5,20,4,1,4,4,4,0.000223046,1,0.000223046,0.000223046,0.000223046,19,1,19,19,19
5,20,3,1,3,3,3,5.4943e-05,1,5.4943e-05,5.4943e-05,5.4943e-05,3,1,3,3,3
5,20,0,1,0,0,0,5.0619e-05,1,5.0619e-05,5.0619e-05,5.0619e-05,1,1,1,1,1
5,20,2,1,2,2,2,5.7514e-05,1,5.7514e-05,5.7514e-05,5.7514e-05,3,1,3,3,3
5,20,1,1,1,1,1,6.2004e-05,1,6.2004e-05,6.2004e-05,6.2004e-05,3,1,3,3,3
5,20,2,1,2,2,2,5.6919e-05,1,5.6919e-05,5.6919e-05,5.6919e-05,3,1,3,3,3
5,20,2,1,2,2,2,6.8327e-05,1,6.8327e-05,6.8327e-05,6.8327e-05,5,1,5,5,5
5,20,4,1,4,4,4,6.1449e-05,1,6.1449e-05,6.1449e-05,6.1449e-05,5,1,5,5,5
5,20,0,1,0,0,0,5.1141e-05,1,5.1141e-05,5.1141e-05,5.1141e-05,1,1,1,1,1
5,20,1,1,1,1,1,6.209e-05,1,6.209e-05,6.209e-05,6.209e-05,3,1,3,3,3
5,20,2,1,2,2,2,5.7066e-05,1,5.7066e-05,5.7066e-05,5.7066e-05,3,1,3,3,3
5,20,1,1,1,1,1,6.1498e-05,1,6.1498e-05,6.1498e-05,6.1498e-05,3,1,3,3,3
5,20,4,1,4,4,4,0.000103539,1,0.000103539,0.000103539,0.000103539,10,1,10,10,10
5,20,0,1,0,0,0,5.0481e-05,1,5.0481e-05,5.0481e-05,5.0481e-05,1,1,1,1,1
5,20,7,1,7,7,7,0.000127226,1,0.000127226,0.000127226,0.000127226,15,1,15,15,15
5,20,3,1,3,3,3,6.2194e-05,1,6.2194e-05,6.2194e-05,6.2194e-05,4,1,4,4,4
5,20,2,1,2,2,2,5.745e-05,1,5.745e-05,5.745e-05,5.745e-05,3,1,3,3,3
5,20,2,1,2,2,2,5.663e-05,1,5.663e-05,5.663e-05,5.663e-05,3,1,3,3,3
5,20,2,1,2,2,2,6.8424e-05,1,6.8424e-05,6.8424e-05,6.8424e-05,5,1,5,5,5
5,20,2,1,2,2,2,5.6784e-05,1,5.6784e-05,5.6784e-05,5.6784e-05,3,1,3,3,3
5,20,2,1,2,2,2,6.8043e-05,1,6.8043e-05,6.8043e-05,6.8043e-05,5,1,5,5,5
5,20,4,1,4,4,4,0.000183442,1,0.000183442,0.000183442,0.000183442,19,1,19,19,19
5,20,4,1,4,4,4,6.1728e-05,1,6.1728e-05,6.1728e-05,6.1728e-05,5,1,5,5,5
5,20,2,1,2,2,2,5.702e-05,1,5.702e-05,5.702e-05,5.702e-05,3,1,3,3,3
5,20,4,1,4,4,4,6.1431e-05,1,6.1431e-05,6.1431e-05,6.1431e-05,5,1,5,5,5
5,20,2,1,2,2,2,5.7341e-05,1,5.7341e-05,5.7341e-05,5.7341e-05,3,1,3,3,3
5,20,0,1,0,0,0,5.0464e-05,1,5.0464e-05,5.0464e-05,5.0464e-05,1,1,1,1,1
5,20,2,1,2,2,2,6.8314e-05,1,6.8314e-05,6.8314e-05,6.8314e-05,5,1,5,5,5
5,20,1,1,1,1,1,6.2003e-05,1,6.2003e-05,6.2003e-05,6.2003e-05,3,1,3,3,3
5,20,3,1,3,3,3,6.5359e-05,1,6.5359e-05,6.5359e-05,6.5359e-05,5,1,5,5,5
5,20,2,1,2,2,2,5.7014e-05,1,5.7014e-05,5.7014e-05,5.7014e-05,3,1,3,3,3
5,20,2,1,2,2,2,6.8076e-05,1,6.8076e-05,6.8076e-05,6.8076e-05,5,1,5,5,5
5,20,1,1,1,1,1,6.2049e-05,1,6.2049e-05,6.2049e-05,6.2049e-05,3,1,3,3,3
5,20,3,1,3,3,3,6.5885e-05,1,6.5885e-05,6.5885e-05,6.5885e-05,5,1,5,5,5
5,20,3,1,3,3,3,6.1659e-05,1,6.1659e-05,6.1659e-05,6.1659e-05,4,1,4,4,4
5,20,5,1,5,5,5,0.000106214,1,0.000106214,0.000106214,0.000106214,10,1,10,10,10
5,20,2,1,2,2,2,5.685e-05,1,5.685e-05,5.685e-05,5.685e-05,3,1,3,3,3
5,20,1,1,1,1,1,6.1922e-05,1,6.1922e-05,6.1922e-05,6.1922e-05,3,1,3,3,3
5,20,4,1,4,4,4,5.9004e-05,1,5.9004e-05,5.9004e-05,5.9004e-05,4,1,4,4,4
5,20,6,1,6,6,6,0.000124784,1,0.000124784,0.000124784,0.000124784,14,1,14,14,14
5,20,1,1,1,1,1,6.2298e-05,1,6.2298e-05,6.2298e-05,6.2298e-05,3,1,3,3,3
5,20,4,1,4,4,4,8.0005e-05,1,8.0005e-05,8.0005e-05,8.0005e-05,6,1,6,6,6
5,20,4,1,4,4,4,0.000109714,1,0.000109714,0.000109714,0.000109714,10,1,10,10,10
5,20,1,1,1,1,1,6.2954e-05,1,6.2954e-05,6.2954e-05,6.2954e-05,3,1,3,3,3
5,20,1,1,1,1,1,6.17e-05,1,6.17e-05,6.17e-05,6.17e-05,3,1,3,3,3
5,20,3,1,3,3,3,6.1861e-05,1,6.1861e-05,6.1861e-05,6.1861e-05,4,1,4,4,4
5,20,0,1,0,0,0,5.0333e-05,1,5.0333e-05,5.0333e-05,5.0333e-05,1,1,1,1,1
5,20,4,1,4,4,4,6.1266e-05,1,6.1266e-05,6.1266e-05,6.1266e-05,5,1,5,5,5
5,20,2,1,2,2,2,5.6847e-05,1,5.6847e-05,5.6847e-05,5.6847e-05,3,1,3,3,3
5,20,1,1,1,1,1,6.1688e-05,1,6.1688e-05,6.1688e-05,6.1688e-05,3,1,3,3,3
5,20,3,1,3,3,3,5.4129e-05,1,5.4129e-05,5.4129e-05,5.4129e-05,3,1,3,3,3
5,20,1,1,1,1,1,6.1293e-05,1,6.1293e-05,6.1293e-05,6.1293e-05,3,1,3,3,3
5,20,2,1,2,2,2,6.8286e-05,1,6.8286e-05,6.8286e-05,6.8286e-05,5,1,5,5,5
5,20,2,1,2,2,2,5.6898e-05,1,5.6898e-05,5.6898e-05,5.6898e-05,3,1,3,3,3
5,20,3,1,3,3,3,5.4005e-05,1,5.4005e-05,5.4005e-05,5.4005e-05,3,1,3,3,3
5,20,2,1,2,2,2,6.7693e-05,1,6.7693e-05,6.7693e-05,6.7693e-05,5,1,5,5,5
5,20,0,1,0,0,0,5.0065e-05,1,5.0065e-05,5.0065e-05,5.0065e-05,1,1,1,1,1
5,20,1,1,1,1,1,6.191e-05,1,6.191e-05,6.191e-05,6.191e-05,3,1,3,3,3
5,20,3,1,3,3,3,5.4172e-05,1,5.4172e-05,5.4172e-05,5.4172e-05,3,1,3,3,3
5,20,0,1,0,0,0,5.0073e-05,1,5.0073e-05,5.0073e-05,5.0073e-05,1,1,1,1,1
5,20,2,1,2,2,2,6.8218e-05,1,6.8218e-05,6.8218e-05,6.8218e-05,5,1,5,5,5
5,20,2,1,2,2,2,5.6785e-05,1,5.6785e-05,5.6785e-05,5.6785e-05,3,1,3,3,3
5,20,2,1,2,2,2,5.7017e-05,1,5.7017e-05,5.7017e-05,5.7017e-05,3,1,3,3,3
5,20,0,1,0,0,0,5.0094e-05,1,5.0094e-05,5.0094e-05,5.0094e-05,1,1,1,1,1
5,20,0,1,0,0,0,5.0261e-05,1,5.0261e-05,5.0261e-05,5.0261e-05,1,1,1,1,1
5,20,1,1,1,1,1,6.2298e-05,1,6.2298e-05,6.2298e-05,6.2298e-05,3,1,3,3,3
5,20,2,1,2,2,2,5.7037e-05,1,5.7037e-05,5.7037e-05,5.7037e-05,3,1,3,3,3
5,20,1,1,1,1,1,6.1878e-05,1,6.1878e-05,6.1878e-05,6.1878e-05,3,1,3,3,3
5,20,3,1,3,3,3,6.1868e-05,1,6.1868e-05,6.1868e-05,6.1868e-05,4,1,4,4,4
5,20,1,1,1,1,1,6.1505e-05,1,6.1505e-05,6.1505e-05,6.1505e-05,3,1,3,3,3
5,20,3,1,3,3,3,7.7512e-05,1,7.7512e-05,7.7512e-05,7.7512e-05,6,1,6,6,6
5,20,1,1,1,1,1,6.1556e-05,1,6.1556e-05,6.1556e-05,6.1556e-05,3,1,3,3,3
5,20,0,1,0,0,0,5.0153e-05,1,5.0153e-05,5.0153e-05,5.0153e-05,1,1,1,1,1
5,20,1,1,1,1,1,6.1943e-05,1,6.1943e-05,6.1943e-05,6.1943e-05,3,1,3,3,3
5,20,3,1,3,3,3,7.6957e-05,1,7.6957e-05,7.6957e-05,7.6957e-05,6,1,6,6,6
5,20,0,1,0,0,0,5.0082e-05,1,5.0082e-05,5.0082e-05,5.0082e-05,1,1,1,1,1
5,20,3,1,3,3,3,6.193e-05,1,6.193e-05,6.193e-05,6.193e-05,4,1,4,4,4
5,20,1,1,1,1,1,6.1602e-05,1,6.1602e-05,6.1602e-05,6.1602e-05,3,1,3,3,3
5,20,2,1,2,2,2,6.8377e-05,1,6.8377e-05,6.8377e-05,6.8377e-05,5,1,5,5,5
5,20,3,1,3,3,3,6.4544e-05,1,6.4544e-05,6.4544e-05,6.4544e-05,5,1,5,5,5
5,20,1,1,1,1,1,6.1944e-05,1,6.1944e-05,6.1944e-05,6.1944e-05,3,1,3,3,3
5,20,4,1,4,4,4,0.00018456,1,0.00018456,0.00018456,0.00018456,19,1,19,19,19
5,20,1,1,1,1,1,6.2379e-05,1,6.2379e-05,6.2379e-05,6.2379e-05,3,1,3,3,3
5,20,4,1,4,4,4,6.1777e-05,1,6.1777e-05,6.1777e-05,6.1777e-05,5,1,5,5,5
5,20,4,1,4,4,4,7.3391e-05,1,7.3391e-05,7.3391e-05,7.3391e-05,6,1,6,6,6
5,20,1,1,1,1,1,6.2102e-05,1,6.2102e-05,6.2102e-05,6.2102e-05,3,1,3,3,3
5,20,2,1,2,2,2,5.7178e-05,1,5.7178e-05,5.7178e-05,5.7178e-05,3,1,3,3,3
5,20,0,1,0,0,0,5.049e-05,1,5.049e-05,5.049e-05,5.049e-05,1,1,1,1,1
5,20,2,1,2,2,2,5.7014e-05,1,5.7014e-05,5.7014e-05,5.7014e-05,3,1,3,3,3
5,20,4,1,4,4,4,0.000104027,1,0.000104027,0.000104027,0.000104027,10,1,10,10,10
5,20,2,1,2,2,2,7.8903e-05,1,7.8903e-05,7.8903e-05,7.8903e-05,3,1,3,3,3
5,20,0,1,0,0,0,5.0708e-05,1,5.0708e-05,5.0708e-05,5.0708e-05,1,1,1,1,1
5,20,0,1,0,0,0,5.0263e-05,1,5.0263e-05,5.0263e-05,5.0263e-05,1,1,1,1,1
5,20,2,1,2,2,2,6.818e-05,1,6.818e-05,6.818e-05,6.818e-05,5,1,5,5,5
5,20,2,1,2,2,2,5.6537e-05,1,5.6537e-05,5.6537e-05,5.6537e-05,3,1,3,3,3
5,20,4,1,4,4,4,7.3233e-05,1,7.3233e-05,7.3233e-05,7.3233e-05,6,1,6,6,6
5,20,1,1,1,1,1,6.2139e-05,1,6.2139e-05,6.2139e-05,6.2139e-05,3,1,3,3,3
5,20,1,1,1,1,1,6.1716e-05,1,6.1716e-05,6.1716e-05,6.1716e-05,3,1,3,3,3
5,20,0,1,0,0,0,5.0269e-05,1,5.0269e-05,5.0269e-05,5.0269e-05,1,1,1,1,1
5,20,4,1,4,4,4,6.1809e-05,1,6.1809e-05,6.1809e-05,6.1809e-05,5,1,5,5,5
5,20,3,1,3,3,3,5.4162e-05,1,5.4162e-05,5.4162e-05,5.4162e-05,3,1,3,3,3
5,20,5,1,5,5,5,0.000106894,1,0.000106894,0.000106894,0.000106894,10,1,10,10,10
5,20,4,1,4,4,4,6.0779e-05,1,6.0779e-05,6.0779e-05,6.0779e-05,5,1,5,5,5
5,20,2,1,2,2,2,5.6821e-05,1,5.6821e-05,5.6821e-05,5.6821e-05,3,1,3,3,3
5,20,1,1,1,1,1,6.174e-05,1,6.174e-05,6.174e-05,6.174e-05,3,1,3,3,3
5,20,1,1,1,1,1,6.1865e-05,1,6.1865e-05,6.1865e-05,6.1865e-05,3,1,3,3,3
5,20,3,1,3,3,3,7.7236e-05,1,7.7236e-05,7.7236e-05,7.7236e-05,6,1,6,6,6
5,20,3,1,3,3,3,0.000102177,1,0.000102177,0.000102177,0.000102177,10,1,10,10,10
5,20,2,1,2,2,2,5.7347e-05,1,5.7347e-05,5.7347e-05,5.7347e-05,3,1,3,3,3
5,20,2,1,2,2,2,6.8008e-05,1,6.8008e-05,6.8008e-05,6.8008e-05,5,1,5,5,5
5,20,3,1,3,3,3,6.1506e-05,1,6.1506e-05,6.1506e-05,6.1506e-05,4,1,4,4,4
5,20,2,1,2,2,2,6.7547e-05,1,6.7547e-05,6.7547e-05,6.7547e-05,5,1,5,5,5
5,20,3,1,3,3,3,6.143e-05,1,6.143e-05,6.143e-05,6.143e-05,4,1,4,4,4
5,20,2,1,2,2,2,5.6417e-05,1,5.6417e-05,5.6417e-05,5.6417e-05,3,1,3,3,3
5,20,2,1,2,2,2,6.774e-05,1,6.774e-05,6.774e-05,6.774e-05,5,1,5,5,5
5,20,0,1,0,0,0,5.0159e-05,1,5.0159e-05,5.0159e-05,5.0159e-05,1,1,1,1,1
5,20,1,1,1,1,1,6.203e-05,1,6.203e-05,6.203e-05,6.203e-05,3,1,3,3,3
5,20,3,1,3,3,3,9.9718e-05,1,9.9718e-05,9.9718e-05,9.9718e-05,10,1,10,10,10
5,20,1,1,1,1,1,6.1589e-05,1,6.1589e-05,6.1589e-05,6.1589e-05,3,1,3,3,3
5,20,1,1,1,1,1,6.1995e-05,1,6.1995e-05,6.1995e-05,6.1995e-05,3,1,3,3,3
5,20,2,1,2,2,2,5.7054e-05,1,5.7054e-05,5.7054e-05,5.7054e-05,3,1,3,3,3
5,20,2,1,2,2,2,5.6514e-05,1,5.6514e-05,5.6514e-05,5.6514e-05,3,1,3,3,3
5,20,3,1,3,3,3,6.1644e-05,1,6.1644e-05,6.1644e-05,6.1644e-05,4,1,4,4,4
5,20,3,1,3,3,3,6.2005e-05,1,6.2005e-05,6.2005e-05,6.2005e-05,4,1,4,4,4
5,20,4,1,4,4,4,0.000103093,1,0.000103093,0.000103093,0.000103093,10,1,10,10,10
5,20,3,1,3,3,3,6.1598e-05,1,6.1598e-05,6.1598e-05,6.1598e-05,4,1,4,4,4
5,20,4,1,4,4,4,5.1659e-05,1,5.1659e-05,5.1659e-05,5.1659e-05,3,1,3,3,3
5,20,2,1,2,2,2,5.6939e-05,1,5.6939e-05,5.6939e-05,5.6939e-05,3,1,3,3,3
5,20,3,1,3,3,3,6.5691e-05,1,6.5691e-05,6.5691e-05,6.5691e-05,5,1,5,5,5
5,20,2,1,2,2,2,5.6522e-05,1,5.6522e-05,5.6522e-05,5.6522e-05,3,1,3,3,3
5,20,4,1,4,4,4,0.000102688,1,0.000102688,0.000102688,0.000102688,10,1,10,10,10
5,20,3,1,3,3,3,5.4334e-05,1,5.4334e-05,5.4334e-05,5.4334e-05,3,1,3,3,3
5,20,2,1,2,2,2,5.6609e-05,1,5.6609e-05,5.6609e-05,5.6609e-05,3,1,3,3,3
5,20,4,1,4,4,4,5.802e-05,1,5.802e-05,5.802e-05,5.802e-05,4,1,4,4,4
5,20,1,1,1,1,1,6.1628e-05,1,6.1628e-05,6.1628e-05,6.1628e-05,3,1,3,3,3
5,20,1,1,1,1,1,6.2043e-05,1,6.2043e-05,6.2043e-05,6.2043e-05,3,1,3,3,3
5,20,2,1,2,2,2,6.8225e-05,1,6.8225e-05,6.8225e-05,6.8225e-05,5,1,5,5,5
5,20,3,1,3,3,3,6.9816e-05,1,6.9816e-05,6.9816e-05,6.9816e-05,5,1,5,5,5
5,20,3,1,3,3,3,6.4712e-05,1,6.4712e-05,6.4712e-05,6.4712e-05,5,1,5,5,5
5,20,4,1,4,4,4,0.000183975,1,0.000183975,0.000183975,0.000183975,19,1,19,19,19
5,20,5,1,5,5,5,0.000102288,1,0.000102288,0.000102288,0.000102288,10,1,10,10,10
5,20,3,1,3,3,3,6.211e-05,1,6.211e-05,6.211e-05,6.211e-05,4,1,4,4,4
5,20,1,1,1,1,1,6.2398e-05,1,6.2398e-05,6.2398e-05,6.2398e-05,3,1,3,3,3
5,20,2,1,2,2,2,6.8293e-05,1,6.8293e-05,6.8293e-05,6.8293e-05,5,1,5,5,5
5,20,1,1,1,1,1,6.2495e-05,1,6.2495e-05,6.2495e-05,6.2495e-05,3,1,3,3,3
5,20,0,1,0,0,0,5.0389e-05,1,5.0389e-05,5.0389e-05,5.0389e-05,1,1,1,1,1
