n,p,time_total,time_count,time_mean,time_min,time_max,calls_total,calls_count,calls_mean,calls_min,calls_max
11,50,0.00914442,1,0.00914442,0.00914442,0.00914442,354,1,354,354,354
11,50,0.0043211,1,0.0043211,0.0043211,0.0043211,195,1,195,195,195
11,50,0.00263741,1,0.00263741,0.00263741,0.00263741,130,1,130,130,130
11,50,0.0111158,1,0.0111158,0.0111158,0.0111158,412,1,412,412,412
11,50,0.00229869,1,0.00229869,0.00229869,0.00229869,98,1,98,98,98
11,50,0.00220874,1,0.00220874,0.00220874,0.00220874,106,1,106,106,106
11,50,0.00405855,1,0.00405855,0.00405855,0.00405855,168,1,168,168,168
11,50,0.00263063,1,0.00263063,0.00263063,0.00263063,148,1,148,148,148
11,50,0.00355521,1,0.00355521,0.00355521,0.00355521,165,1,165,165,165
11,50,0.005538,1,0.005538,0.005538,0.005538,238,1,238,238,238
11,50,0.00412644,1,0.00412644,0.00412644,0.00412644,180,1,180,180,180
11,50,0.00280005,1,0.00280005,0.00280005,0.00280005,137,1,137,137,137
11,50,0.00435917,1,0.00435917,0.00435917,0.00435917,195,1,195,195,195
11,50,0.00384403,1,0.00384403,0.00384403,0.00384403,191,1,191,191,191
11,50,0.00237321,1,0.00237321,0.00237321,0.00237321,100,1,100,100,100
11,50,0.00760752,1,0.00760752,0.00760752,0.00760752,315,1,315,315,315
11,50,0.0096233,1,0.0096233,0.0096233,0.0096233,369,1,369,369,369
11,50,0.00490575,1,0.00490575,0.00490575,0.00490575,224,1,224,224,224
11,50,0.00143218,1,0.00143218,0.00143218,0.00143218,73,1,73,73,73
11,50,0.0034186,1,0.0034186,0.0034186,0.0034186,171,1,171,171,171
11,50,0.00571054,1,0.00571054,0.00571054,0.00571054,243,1,243,243,243
11,50,0.00540215,1,0.00540215,0.00540215,0.00540215,259,1,259,259,259
11,50,0.0090893,1,0.0090893,0.0090893,0.0090893,338,1,338,338,338
11,50,0.00330936,1,0.00330936,0.00330936,0.00330936,152,1,152,152,152
11,50,0.00538501,1,0.00538501,0.00538501,0.00538501,254,1,254,254,254
11,50,0.00842405,1,0.00842405,0.00842405,0.00842405,345,1,345,345,345
11,50,0.00335952,1,0.00335952,0.00335952,0.00335952,155,1,155,155,155
11,50,0.00319566,1,0.00319566,0.00319566,0.00319566,155,1,155,155,155
11,50,0.00393097,1,0.00393097,0.00393097,0.00393097,192,1,192,192,192
11,50,0.00596393,1,0.00596393,0.00596393,0.00596393,248,1,248,248,248
11,50,0.00277621,1,0.00277621,0.00277621,0.00277621,147,1,147,147,147
11,50,0.00275059,1,0.00275059,0.00275059,0.00275059,147,1,147,147,147
11,50,0.0119019,1,0.0119019,0.0119019,0.0119019,397,1,397,397,397
11,50,0.00893644,1,0.00893644,0.00893644,0.00893644,337,1,337,337,337
11,50,0.00414755,1,0.00414755,0.00414755,0.00414755,185,1,185,185,185
11,50,0.00128768,1,0.00128768,0.00128768,0.00128768,69,1,69,69,69
11,50,0.0041527,1,0.0041527,0.0041527,0.0041527,174,1,174,174,174
11,50,0.0087777,1,0.0087777,0.0087777,0.0087777,376,1,376,376,376
11,50,0.00852321,1,0.00852321,0.00852321,0.00852321,336,1,336,336,336
11,50,0.00563189,1,0.00563189,0.00563189,0.00563189,266,1,266,266,266
11,50,0.0027724,1,0.0027724,0.0027724,0.0027724,131,1,131,131,131
11,50,0.0059385,1,0.0059385,0.0059385,0.0059385,266,1,266,266,266
11,50,0.00839627,1,0.00839627,0.00839627,0.00839627,333,1,333,333,333
11,50,0.00425545,1,0.00425545,0.00425545,0.00425545,182,1,182,182,182
11,50,0.011705,1,0.011705,0.011705,0.011705,357,1,357,357,357
11,50,0.00773798,1,0.00773798,0.00773798,0.00773798,256,1,256,256,256
11,50,0.00760759,1,0.00760759,0.00760759,0.00760759,322,1,322,322,322
11,50,0.00642109,1,0.00642109,0.00642109,0.00642109,254,1,254,254,254
11,50,0.00224824,1,0.00224824,0.00224824,0.00224824,112,1,112,112,112
11,50,0.00414089,1,0.00414089,0.00414089,0.00414089,199,1,199,199,199
11,50,0.0272595,1,0.0272595,0.0272595,0.0272595,767,1,767,767,767
11,50,0.00530083,1,0.00530083,0.00530083,0.00530083,232,1,232,232,232
11,50,0.00246107,1,0.00246107,0.00246107,0.00246107,115,1,115,115,115
11,50,0.00473726,1,0.00473726,0.00473726,0.00473726,198,1,198,198,198
11,50,0.0057413,1,0.0057413,0.0057413,0.0057413,262,1,262,262,262
11,50,0.00131536,1,0.00131536,0.00131536,0.00131536,68,1,68,68,68
11,50,0.00618763,1,0.00618763,0.00618763,0.00618763,295,1,295,295,295
11,50,0.00415714,1,0.00415714,0.00415714,0.00415714,178,1,178,178,178
11,50,0.00733934,1,0.00733934,0.00733934,0.00733934,330,1,330,330,330
11,50,0.00734379,1,0.00734379,0.00734379,0.00734379,354,1,354,354,354
11,50,0.00429499,1,0.00429499,0.00429499,0.00429499,183,1,183,183,183
11,50,0.00287722,1,0.00287722,0.00287722,0.00287722,132,1,132,132,132
11,50,0.00650029,1,0.00650029,0.00650029,0.00650029,255,1,255,255,255
11,50,0.00652197,1,0.00652197,0.00652197,0.00652197,270,1,270,270,270
11,50,0.000989634,1,0.000989634,0.000989634,0.000989634,45,1,45,45,45
11,50,0.00556823,1,0.00556823,0.00556823,0.00556823,239,1,239,239,239
11,50,0.00674641,1,0.00674641,0.00674641,0.00674641,269,1,269,269,269
11,50,0.00511519,1,0.00511519,0.00511519,0.00511519,273,1,273,273,273
11,50,0.0046216,1,0.0046216,0.0046216,0.0046216,208,1,208,208,208
11,50,0.00941114,1,0.00941114,0.00941114,0.00941114,376,1,376,376,376
11,50,0.00300856,1,0.00300856,0.00300856,0.00300856,156,1,156,156,156
11,50,0.00206514,1,0.00206514,0.00206514,0.00206514,110,1,110,110,110
11,50,0.00226923,1,0.00226923,0.00226923,0.00226923,107,1,107,107,107
11,50,0.00523274,1,0.00523274,0.00523274,0.00523274,224,1,224,224,224
11,50,0.00333909,1,0.00333909,0.00333909,0.00333909,165,1,165,165,165
11,50,0.00234497,1,0.00234497,0.00234497,0.00234497,116,1,116,116,116
11,50,0.003313,1,0.003313,0.003313,0.003313,145,1,145,145,145
11,50,0.0123238,1,0.0123238,0.0123238,0.0123238,420,1,420,420,420
11,50,0.00382234,1,0.00382234,0.00382234,0.00382234,163,1,163,163,163
11,50,0.00205875,1,0.00205875,0.00205875,0.00205875,95,1,95,95,95
11,50,0.00453844,1,0.00453844,0.00453844,0.00453844,185,1,185,185,185
11,50,0.00427695,1,0.00427695,0.00427695,0.00427695,218,1,218,218,218
11,50,0.0146906,1,0.0146906,0.0146906,0.0146906,529,1,529,529,529
11,50,0.00471758,1,0.00471758,0.00471758,0.00471758,202,1,202,202,202
11,50,0.00332618,1,0.00332618,0.00332618,0.00332618,134,1,134,134,134
11,50,0.00132799,1,0.00132799,0.00132799,0.00132799,66,1,66,66,66
11,50,0.00282501,1,0.00282501,0.00282501,0.00282501,142,1,142,142,142
11,50,0.00908065,1,0.00908065,0.00908065,0.00908065,314,1,314,314,314
11,50,0.00583902,1,0.00583902,0.00583902,0.00583902,247,1,247,247,247
11,50,0.00925244,1,0.00925244,0.00925244,0.00925244,396,1,396,396,396
11,50,0.00378334,1,0.00378334,0.00378334,0.00378334,173,1,173,173,173
11,50,0.00437421,1,0.00437421,0.00437421,0.00437421,203,1,203,203,203
11,50,0.00376454,1,0.00376454,0.00376454,0.00376454,166,1,166,166,166
11,50,0.00749466,1,0.00749466,0.00749466,0.00749466,314,1,314,314,314
11,50,0.00473779,1,0.00473779,0.00473779,0.00473779,235,1,235,235,235
11,50,0.00409802,1,0.00409802,0.00409802,0.00409802,189,1,189,189,189
11,50,0.00350626,1,0.00350626,0.00350626,0.00350626,168,1,168,168,168
11,50,0.011607,1,0.011607,0.011607,0.011607,386,1,386,386,386
11,50,0.0050583,1,0.0050583,0.0050583,0.0050583,248,1,248,248,248
11,50,0.00609821,1,0.00609821,0.00609821,0.00609821,262,1,262,262,262
11,50,0.00560297,1,0.00560297,0.00560297,0.00560297,265,1,265,265,265
11,50,0.00350967,1,0.00350967,0.00350967,0.00350967,167,1,167,167,167
11,50,0.00528455,1,0.00528455,0.00528455,0.00528455,231,1,231,231,231
11,50,0.00342197,1,0.00342197,0.00342197,0.00342197,146,1,146,146,146
11,50,0.00251866,1,0.00251866,0.00251866,0.00251866,128,1,128,128,128
11,50,0.00515067,1,0.00515067,0.00515067,0.00515067,256,1,256,256,256
11,50,0.00818606,1,0.00818606,0.00818606,0.00818606,337,1,337,337,337
11,50,0.00393725,1,0.00393725,0.00393725,0.00393725,193,1,193,193,193
11,50,0.00599113,1,0.00599113,0.00599113,0.00599113,253,1,253,253,253
11,50,0.0091489,1,0.0091489,0.0091489,0.0091489,378,1,378,378,378
11,50,0.00208489,1,0.00208489,0.00208489,0.00208489,107,1,107,107,107
11,50,0.00423983,1,0.00423983,0.00423983,0.00423983,194,1,194,194,194
11,50,0.00669947,1,0.00669947,0.00669947,0.00669947,250,1,250,250,250
11,50,0.00552928,1,0.00552928,0.00552928,0.00552928,237,1,237,237,237
11,50,0.00874789,1,0.00874789,0.00874789,0.00874789,395,1,395,395,395
11,50,0.00601221,1,0.00601221,0.00601221,0.00601221,270,1,270,270,270
11,50,0.0025448,1,0.0025448,0.0025448,0.0025448,108,1,108,108,108
11,50,0.00545136,1,0.00545136,0.00545136,0.00545136,237,1,237,237,237
11,50,0.00278254,1,0.00278254,0.00278254,0.00278254,131,1,131,131,131
11,50,0.00690645,1,0.00690645,0.00690645,0.00690645,296,1,296,296,296
11,50,0.00270559,1,0.00270559,0.00270559,0.00270559,125,1,125,125,125
11,50,0.00943642,1,0.00943642,0.00943642,0.00943642,367,1,367,367,367
11,50,0.00616413,1,0.00616413,0.00616413,0.00616413,269,1,269,269,269
11,50,0.00374753,1,0.00374753,0.00374753,0.00374753,183,1,183,183,183
11,50,0.0101584,1,0.0101584,0.0101584,0.0101584,379,1,379,379,379
11,50,0.0115025,1,0.0115025,0.0115025,0.0115025,425,1,425,425,425
11,50,0.00216892,1,0.00216892,0.00216892,0.00216892,101,1,101,101,101
11,50,0.00202802,1,0.00202802,0.00202802,0.00202802,102,1,102,102,102
11,50,0.00430317,1,0.00430317,0.00430317,0.00430317,199,1,199,199,199
11,50,0.00634497,1,0.00634497,0.00634497,0.00634497,237,1,237,237,237
11,50,0.00240302,1,0.00240302,0.00240302,0.00240302,128,1,128,128,128
11,50,0.00648724,1,0.00648724,0.00648724,0.00648724,261,1,261,261,261
11,50,0.00303461,1,0.00303461,0.00303461,0.00303461,158,1,158,158,158
11,50,0.00559673,1,0.00559673,0.00559673,0.00559673,225,1,225,225,225
11,50,0.00582768,1,0.00582768,0.00582768,0.00582768,289,1,289,289,289
11,50,0.0109525,1,0.0109525,0.0109525,0.0109525,365,1,365,365,365
11,50,0.00543433,1,0.00543433,0.00543433,0.00543433,239,1,239,239,239
11,50,0.00463951,1,0.00463951,0.00463951,0.00463951,214,1,214,214,214
11,50,0.0072681,1,0.0072681,0.0072681,0.0072681,272,1,272,272,272
11,50,0.00369887,1,0.00369887,0.00369887,0.00369887,168,1,168,168,168
11,50,0.0128879,1,0.0128879,0.0128879,0.0128879,368,1,368,368,368
11,50,0.00632126,1,0.00632126,0.00632126,0.00632126,256,1,256,256,256
11,50,0.0014934,1,0.0014934,0.0014934,0.0014934,75,1,75,75,75
11,50,0.00297562,1,0.00297562,0.00297562,0.00297562,150,1,150,150,150
11,50,0.00329747,1,0.00329747,0.00329747,0.00329747,159,1,159,159,159
11,50,0.00586954,1,0.00586954,0.00586954,0.00586954,238,1,238,238,238
11,50,0.0106338,1,0.0106338,0.0106338,0.0106338,363,1,363,363,363
11,50,0.00682904,1,0.00682904,0.00682904,0.00682904,265,1,265,265,265
11,50,0.00959115,1,0.00959115,0.00959115,0.00959115,374,1,374,374,374
11,50,0.00267555,1,0.00267555,0.00267555,0.00267555,131,1,131,131,131
11,50,0.00296527,1,0.00296527,0.00296527,0.00296527,148,1,148,148,148
11,50,0.00291458,1,0.00291458,0.00291458,0.00291458,146,1,146,146,146
11,50,0.0055726,1,0.0055726,0.0055726,0.0055726,290,1,290,290,290
11,50,0.00250865,1,0.00250865,0.00250865,0.00250865,107,1,107,107,107
11,50,0.00401464,1,0.00401464,0.00401464,0.00401464,180,1,180,180,180
11,50,0.00502829,1,0.00502829,0.00502829,0.00502829,225,1,225,225,225
11,50,0.00532535,1,0.00532535,0.00532535,0.00532535,255,1,255,255,255
11,50,0.00542747,1,0.00542747,0.00542747,0.00542747,245,1,245,245,245
11,50,0.00441957,1,0.00441957,0.00441957,0.00441957,214,1,214,214,214
11,50,0.00275234,1,0.00275234,0.00275234,0.00275234,128,1,128,128,128
11,50,0.00967895,1,0.00967895,0.00967895,0.00967895,346,1,346,346,346
11,50,0.0030575,1,0.0030575,0.0030575,0.0030575,156,1,156,156,156
11,50,0.00334189,1,0.00334189,0.00334189,0.00334189,154,1,154,154,154
11,50,0.00338097,1,0.00338097,0.00338097,0.00338097,161,1,161,161,161
11,50,0.00848139,1,0.00848139,0.00848139,0.00848139,322,1,322,322,322
11,50,0.00382088,1,0.00382088,0.00382088,0.00382088,171,1,171,171,171
11,50,0.00373944,1,0.00373944,0.00373944,0.00373944,182,1,182,182,182
11,50,0.00560296,1,0.00560296,0.00560296,0.00560296,201,1,201,201,201
11,50,0.00246008,1,0.00246008,0.00246008,0.00246008,119,1,119,119,119
11,50,0.00250562,1,0.00250562,0.00250562,0.00250562,123,1,123,123,123
11,50,0.00866117,1,0.00866117,0.00866117,0.00866117,319,1,319,319,319
11,50,0.00156427,1,0.00156427,0.00156427,0.00156427,69,1,69,69,69
11,50,0.00593776,1,0.00593776,0.00593776,0.00593776,230,1,230,230,230
11,50,0.00188252,1,0.00188252,0.00188252,0.00188252,87,1,87,87,87
11,50,0.0134427,1,0.0134427,0.0134427,0.0134427,412,1,412,412,412
11,50,0.00305892,1,0.00305892,0.00305892,0.00305892,157,1,157,157,157
11,50,0.00199843,1,0.00199843,0.00199843,0.00199843,101,1,101,101,101
11,50,0.00193785,1,0.00193785,0.00193785,0.00193785,84,1,84,84,84
11,50,0.00279657,1,0.00279657,0.00279657,0.00279657,142,1,142,142,142
11,50,0.00352241,1,0.00352241,0.00352241,0.00352241,166,1,166,166,166
11,50,0.0038987,1,0.0038987,0.0038987,0.0038987,176,1,176,176,176
11,50,0.00446754,1,0.00446754,0.00446754,0.00446754,201,1,201,201,201
11,50,0.00367399,1,0.00367399,0.00367399,0.00367399,184,1,184,184,184
11,50,0.00783896,1,0.00783896,0.00783896,0.00783896,332,1,332,332,332
11,50,0.00189078,1,0.00189078,0.00189078,0.00189078,81,1,81,81,81
11,50,0.00403449,1,0.00403449,0.00403449,0.00403449,176,1,176,176,176
11,50,0.00265914,1,0.00265914,0.00265914,0.00265914,129,1,129,129,129
11,50,0.00544029,1,0.00544029,0.00544029,0.00544029,245,1,245,245,245
11,50,0.00509527,1,0.00509527,0.00509527,0.00509527,196,1,196,196,196
11,50,0.00386545,1,0.00386545,0.00386545,0.00386545,160,1,160,160,160
11,50,0.00453173,1,0.00453173,0.00453173,0.00453173,206,1,206,206,206
11,50,0.00866032,1,0.00866032,0.00866032,0.00866032,394,1,394,394,394
11,50,0.00619447,1,0.00619447,0.00619447,0.00619447,270,1,270,270,270
11,50,0.0129184,1,0.0129184,0.0129184,0.0129184,407,1,407,407,407
11,50,0.0395071,1,0.0395071,0.0395071,0.0395071,963,1,963,963,963
11,50,0.00420245,1,0.00420245,0.00420245,0.00420245,198,1,198,198,198
11,50,0.00677877,1,0.00677877,0.00677877,0.00677877,284,1,284,284,284
11,50,0.00352931,1,0.00352931,0.00352931,0.00352931,161,1,161,161,161
11,50,0.00367188,1,0.00367188,0.00367188,0.00367188,167,1,167,167,167
11,50,0.00418738,1,0.00418738,0.00418738,0.00418738,184,1,184,184,184
11,50,0.0139026,1,0.0139026,0.0139026,0.0139026,418,1,418,418,418
11,50,0.00360996,1,0.00360996,0.00360996,0.00360996,162,1,162,162,162
11,50,0.00341716,1,0.00341716,0.00341716,0.00341716,155,1,155,155,155
11,50,0.00499537,1,0.00499537,0.00499537,0.00499537,214,1,214,214,214
11,50,0.00617459,1,0.00617459,0.00617459,0.00617459,259,1,259,259,259
11,50,0.00562739,1,0.00562739,0.00562739,0.00562739,223,1,223,223,223
11,50,0.00856612,1,0.00856612,0.00856612,0.00856612,311,1,311,311,311
11,50,0.0035373,1,0.0035373,0.0035373,0.0035373,178,1,178,178,178
11,50,0.00610179,1,0.00610179,0.00610179,0.00610179,274,1,274,274,274
11,50,0.0068367,1,0.0068367,0.0068367,0.0068367,271,1,271,271,271
11,50,0.00206365,1,0.00206365,0.00206365,0.00206365,104,1,104,104,104
11,50,0.00325301,1,0.00325301,0.00325301,0.00325301,162,1,162,162,162
11,50,0.00297204,1,0.00297204,0.00297204,0.00297204,144,1,144,144,144
11,50,0.00226166,1,0.00226166,0.00226166,0.00226166,105,1,105,105,105
11,50,0.00358101,1,0.00358101,0.00358101,0.00358101,176,1,176,176,176
11,50,0.00670299,1,0.00670299,0.00670299,0.00670299,300,1,300,300,300
11,50,0.0107533,1,0.0107533,0.0107533,0.0107533,374,1,374,374,374
11,50,0.00139801,1,0.00139801,0.00139801,0.00139801,62,1,62,62,62
11,50,0.00546792,1,0.00546792,0.00546792,0.00546792,262,1,262,262,262
11,50,0.00338429,1,0.00338429,0.00338429,0.00338429,158,1,158,158,158
11,50,0.00505263,1,0.00505263,0.00505263,0.00505263,235,1,235,235,235
11,50,0.00221539,1,0.00221539,0.00221539,0.00221539,115,1,115,115,115
11,50,0.00496293,1,0.00496293,0.00496293,0.00496293,237,1,237,237,237
11,50,0.00865828,1,0.00865828,0.00865828,0.00865828,354,1,354,354,354
11,50,0.00182637,1,0.00182637,0.00182637,0.00182637,93,1,93,93,93
11,50,0.0108802,1,0.0108802,0.0108802,0.0108802,389,1,389,389,389
11,50,0.00342771,1,0.00342771,0.00342771,0.00342771,162,1,162,162,162
11,50,0.00503333,1,0.00503333,0.00503333,0.00503333,214,1,214,214,214
11,50,0.00822635,1,0.00822635,0.00822635,0.00822635,400,1,400,400,400
11,50,0.00550996,1,0.00550996,0.00550996,0.00550996,262,1,262,262,262
11,50,0.00405854,1,0.00405854,0.00405854,0.00405854,216,1,216,216,216
11,50,0.00444131,1,0.00444131,0.00444131,0.00444131,219,1,219,219,219
11,50,0.00847313,1,0.00847313,0.00847313,0.00847313,316,1,316,316,316
11,50,0.00479408,1,0.00479408,0.00479408,0.00479408,227,1,227,227,227
11,50,0.00306378,1,0.00306378,0.00306378,0.00306378,170,1,170,170,170
11,50,0.00415701,1,0.00415701,0.00415701,0.00415701,180,1,180,180,180
11,50,0.00650227,1,0.00650227,0.00650227,0.00650227,286,1,286,286,286
11,50,0.00362541,1,0.00362541,0.00362541,0.00362541,177,1,177,177,177
11,50,0.0258629,1,0.0258629,0.0258629,0.0258629,692,1,692,692,692
11,50,0.00340613,1,0.00340613,0.00340613,0.00340613,162,1,162,162,162
11,50,0.0030899,1,0.0030899,0.0030899,0.0030899,152,1,152,152,152
11,50,0.00506006,1,0.00506006,0.00506006,0.00506006,216,1,216,216,216
11,50,0.0058336,1,0.0058336,0.0058336,0.0058336,262,1,262,262,262
11,50,0.0130718,1,0.0130718,0.0130718,0.0130718,495,1,495,495,495
11,50,0.00496766,1,0.00496766,0.00496766,0.00496766,214,1,214,214,214
11,50,0.00596913,1,0.00596913,0.00596913,0.00596913,245,1,245,245,245
11,50,0.0054559,1,0.0054559,0.0054559,0.0054559,236,1,236,236,236
11,50,0.0034109,1,0.0034109,0.0034109,0.0034109,159,1,159,159,159
11,50,0.0077223,1,0.0077223,0.0077223,0.0077223,312,1,312,312,312
11,50,0.00225838,1,0.00225838,0.00225838,0.00225838,107,1,107,107,107
11,50,0.0074719,1,0.0074719,0.0074719,0.0074719,314,1,314,314,314
11,50,0.00521048,1,0.00521048,0.00521048,0.00521048,215,1,215,215,215
11,50,0.00686651,1,0.00686651,0.00686651,0.00686651,283,1,283,283,283
11,50,0.0100501,1,0.0100501,0.0100501,0.0100501,414,1,414,414,414
11,50,0.0101163,1,0.0101163,0.0101163,0.0101163,374,1,374,374,374
11,50,0.00267181,1,0.00267181,0.00267181,0.00267181,140,1,140,140,140
11,50,0.00753805,1,0.00753805,0.00753805,0.00753805,328,1,328,328,328
11,50,0.00943246,1,0.00943246,0.00943246,0.00943246,328,1,328,328,328
11,50,0.00876643,1,0.00876643,0.00876643,0.00876643,414,1,414,414,414
11,50,0.0022832,1,0.0022832,0.0022832,0.0022832,118,1,118,118,118
11,50,0.00256955,1,0.00256955,0.00256955,0.00256955,129,1,129,129,129
11,50,0.00283183,1,0.00283183,0.00283183,0.00283183,139,1,139,139,139
11,50,0.00694481,1,0.00694481,0.00694481,0.00694481,287,1,287,287,287
11,50,0.00292386,1,0.00292386,0.00292386,0.00292386,144,1,144,144,144
11,50,0.00357366,1,0.00357366,0.00357366,0.00357366,158,1,158,158,158
11,50,0.0111994,1,0.0111994,0.0111994,0.0111994,412,1,412,412,412
11,50,0.00429727,1,0.00429727,0.00429727,0.00429727,213,1,213,213,213
11,50,0.00550242,1,0.00550242,0.00550242,0.00550242,252,1,252,252,252
11,50,0.00296422,1,0.00296422,0.00296422,0.00296422,141,1,141,141,141
11,50,0.00151333,1,0.00151333,0.00151333,0.00151333,71,1,71,71,71
11,50,0.00458334,1,0.00458334,0.00458334,0.00458334,213,1,213,213,213
11,50,0.00766676,1,0.00766676,0.00766676,0.00766676,303,1,303,303,303
11,50,0.005195,1,0.005195,0.005195,0.005195,223,1,223,223,223
11,50,0.00279013,1,0.00279013,0.00279013,0.00279013,120,1,120,120,120
11,50,0.00915855,1,0.00915855,0.00915855,0.00915855,371,1,371,371,371
11,50,0.00213592,1,0.00213592,0.00213592,0.00213592,91,1,91,91,91
11,50,0.00199724,1,0.00199724,0.00199724,0.00199724,81,1,81,81,81
11,50,0.010336,1,0.010336,0.010336,0.010336,368,1,368,368,368
11,50,0.00414706,1,0.00414706,0.00414706,0.00414706,187,1,187,187,187
11,50,0.00505501,1,0.00505501,0.00505501,0.00505501,226,1,226,226,226
11,50,0.00317684,1,0.00317684,0.00317684,0.00317684,148,1,148,148,148
11,50,0.00548436,1,0.00548436,0.00548436,0.00548436,268,1,268,268,268
11,50,0.00328006,1,0.00328006,0.00328006,0.00328006,156,1,156,156,156
11,50,0.00369037,1,0.00369037,0.00369037,0.00369037,199,1,199,199,199
11,50,0.00218015,1,0.00218015,0.00218015,0.00218015,109,1,109,109,109
11,50,0.00140476,1,0.00140476,0.00140476,0.00140476,70,1,70,70,70
11,50,0.00230441,1,0.00230441,0.00230441,0.00230441,103,1,103,103,103
11,50,0.00113935,1,0.00113935,0.00113935,0.00113935,54,1,54,54,54
11,50,0.00578055,1,0.00578055,0.00578055,0.00578055,244,1,244,244,244
11,50,0.00735449,1,0.00735449,0.00735449,0.00735449,283,1,283,283,283
11,50,0.00683557,1,0.00683557,0.00683557,0.00683557,273,1,273,273,273
11,50,0.0393323,1,0.0393323,0.0393323,0.0393323,1022,1,1022,1022,1022
11,50,0.00356741,1,0.00356741,0.00356741,0.00356741,164,1,164,164,164
11,50,0.0050613,1,0.0050613,0.0050613,0.0050613,205,1,205,205,205
11,50,0.00310692,1,0.00310692,0.00310692,0.00310692,154,1,154,154,154
11,50,0.00828978,1,0.00828978,0.00828978,0.00828978,332,1,332,332,332
11,50,0.00400221,1,0.00400221,0.00400221,0.00400221,196,1,196,196,196
11,50,0.00289509,1,0.00289509,0.00289509,0.00289509,152,1,152,152,152
11,50,0.00498591,1,0.00498591,0.00498591,0.00498591,228,1,228,228,228
11,50,0.00721456,1,0.00721456,0.00721456,0.00721456,326,1,326,326,326
11,50,0.0053128,1,0.0053128,0.0053128,0.0053128,242,1,242,242,242
11,50,0.00465288,1,0.00465288,0.00465288,0.00465288,212,1,212,212,212
11,50,0.00162751,1,0.00162751,0.00162751,0.00162751,78,1,78,78,78
11,50,0.00584136,1,0.00584136,0.00584136,0.00584136,272,1,272,272,272
11,50,0.00806982,1,0.00806982,0.00806982,0.00806982,291,1,291,291,291
11,50,0.00277494,1,0.00277494,0.00277494,0.00277494,136,1,136,136,136
11,50,0.0294573,1,0.0294573,0.0294573,0.0294573,772,1,772,772,772
11,50,0.00423608,1,0.00423608,0.00423608,0.00423608,196,1,196,196,196
11,50,0.00204575,1,0.00204575,0.00204575,0.00204575,116,1,116,116,116
11,50,0.00402116,1,0.00402116,0.00402116,0.00402116,192,1,192,192,192
11,50,0.0133865,1,0.0133865,0.0133865,0.0133865,475,1,475,475,475
11,50,0.00361955,1,0.00361955,0.00361955,0.00361955,185,1,185,185,185
11,50,0.00339813,1,0.00339813,0.00339813,0.00339813,155,1,155,155,155
11,50,0.00447097,1,0.00447097,0.00447097,0.00447097,205,1,205,205,205
11,50,0.00298654,1,0.00298654,0.00298654,0.00298654,153,1,153,153,153
11,50,0.00549098,1,0.00549098,0.00549098,0.00549098,257,1,257,257,257
11,50,0.00223511,1,0.00223511,0.00223511,0.00223511,118,1,118,118,118
11,50,0.00333696,1,0.00333696,0.00333696,0.00333696,155,1,155,155,155
11,50,0.00440072,1,0.00440072,0.00440072,0.00440072,213,1,213,213,213
11,50,0.0027392,1,0.0027392,0.0027392,0.0027392,139,1,139,139,139
11,50,0.00280245,1,0.00280245,0.00280245,0.00280245,153,1,153,153,153
11,50,0.0109071,1,0.0109071,0.0109071,0.0109071,373,1,373,373,373
11,50,0.00335555,1,0.00335555,0.00335555,0.00335555,123,1,123,123,123
11,50,0.00328949,1,0.00328949,0.00328949,0.00328949,146,1,146,146,146
11,50,0.0105567,1,0.0105567,0.0105567,0.0105567,422,1,422,422,422
11,50,0.0098834,1,0.0098834,0.0098834,0.0098834,403,1,403,403,403
11,50,0.00207012,1,0.00207012,0.00207012,0.00207012,105,1,105,105,105
11,50,0.00383543,1,0.00383543,0.00383543,0.00383543,163,1,163,163,163
11,50,0.00862139,1,0.00862139,0.00862139,0.00862139,337,1,337,337,337
11,50,0.00995734,1,0.00995734,0.00995734,0.00995734,392,1,392,392,392
11,50,0.00505592,1,0.00505592,0.00505592,0.00505592,205,1,205,205,205
11,50,0.00529053,1,0.00529053,0.00529053,0.00529053,247,1,247,247,247
11,50,0.00124416,1,0.00124416,0.00124416,0.00124416,60,1,60,60,60
11,50,0.00473367,1,0.00473367,0.00473367,0.00473367,215,1,215,215,215
11,50,0.00296889,1,0.00296889,0.00296889,0.00296889,144,1,144,144,144
11,50,0.0140828,1,0.0140828,0.0140828,0.0140828,493,1,493,493,493
11,50,0.00239201,1,0.00239201,0.00239201,0.00239201,110,1,110,110,110
11,50,0.00231202,1,0.00231202,0.00231202,0.00231202,107,1,107,107,107
11,50,0.00541786,1,0.00541786,0.00541786,0.00541786,219,1,219,219,219
11,50,0.0031377,1,0.0031377,0.0031377,0.0031377,154,1,154,154,154
11,50,0.00565033,1,0.00565033,0.00565033,0.00565033,268,1,268,268,268
11,50,0.00374433,1,0.00374433,0.00374433,0.00374433,175,1,175,175,175
11,50,0.013903,1,0.013903,0.013903,0.013903,430,1,430,430,430
11,50,0.00677523,1,0.00677523,0.00677523,0.00677523,263,1,263,263,263
11,50,0.00635697,1,0.00635697,0.00635697,0.00635697,288,1,288,288,288
11,50,0.00245715,1,0.00245715,0.00245715,0.00245715,94,1,94,94,94
11,50,0.00546633,1,0.00546633,0.00546633,0.00546633,244,1,244,244,244
11,50,0.00909736,1,0.00909736,0.00909736,0.00909736,347,1,347,347,347
11,50,0.00391349,1,0.00391349,0.00391349,0.00391349,170,1,170,170,170
11,50,0.00278634,1,0.00278634,0.00278634,0.00278634,117,1,117,117,117
11,50,0.00741213,1,0.00741213,0.00741213,0.00741213,316,1,316,316,316
11,50,0.00732483,1,0.00732483,0.00732483,0.00732483,306,1,306,306,306
11,50,0.0128365,1,0.0128365,0.0128365,0.0128365,441,1,441,441,441
11,50,0.00981048,1,0.00981048,0.00981048,0.00981048,372,1,372,372,372
11,50,0.00526724,1,0.00526724,0.00526724,0.00526724,231,1,231,231,231
11,50,0.0129915,1,0.0129915,0.0129915,0.0129915,486,1,486,486,486
11,50,0.0103583,1,0.0103583,0.0103583,0.0103583,345,1,345,345,345
11,50,0.00383871,1,0.00383871,0.00383871,0.00383871,171,1,171,171,171
11,50,0.00153989,1,0.00153989,0.00153989,0.00153989,67,1,67,67,67
11,50,0.0114966,1,0.0114966,0.0114966,0.0114966,446,1,446,446,446
11,50,0.00376369,1,0.00376369,0.00376369,0.00376369,173,1,173,173,173
11,50,0.00542369,1,0.00542369,0.00542369,0.00542369,266,1,266,266,266
11,50,0.00358517,1,0.00358517,0.00358517,0.00358517,172,1,172,172,172
11,50,0.00609404,1,0.00609404,0.00609404,0.00609404,272,1,272,272,272
11,50,0.00527536,1,0.00527536,0.00527536,0.00527536,233,1,233,233,233
11,50,0.00182493,1,0.00182493,0.00182493,0.00182493,101,1,101,101,101
11,50,0.00273804,1,0.00273804,0.00273804,0.00273804,111,1,111,111,111
11,50,0.00384288,1,0.00384288,0.00384288,0.00384288,188,1,188,188,188
11,50,0.00246501,1,0.00246501,0.00246501,0.00246501,115,1,115,115,115
11,50,0.00565686,1,0.00565686,0.00565686,0.00565686,243,1,243,243,243
11,50,0.00554494,1,0.00554494,0.00554494,0.00554494,221,1,221,221,221
11,50,0.00878585,1,0.00878585,0.00878585,0.00878585,350,1,350,350,350
11,50,0.00826398,1,0.00826398,0.00826398,0.00826398,325,1,325,325,325
11,50,0.00280986,1,0.00280986,0.00280986,0.00280986,134,1,134,134,134
11,50,0.00851152,1,0.00851152,0.00851152,0.00851152,351,1,351,351,351
11,50,0.00362477,1,0.00362477,0.00362477,0.00362477,160,1,160,160,160
11,50,0.00508915,1,0.00508915,0.00508915,0.00508915,269,1,269,269,269
11,50,0.00636827,1,0.00636827,0.00636827,0.00636827,238,1,238,238,238
11,50,0.00218874,1,0.00218874,0.00218874,0.00218874,111,1,111,111,111
11,50,0.00425972,1,0.00425972,0.00425972,0.00425972,216,1,216,216,216
11,50,0.00207797,1,0.00207797,0.00207797,0.00207797,112,1,112,112,112
11,50,0.0033785,1,0.0033785,0.0033785,0.0033785,160,1,160,160,160
11,50,0.00232101,1,0.00232101,0.00232101,0.00232101,118,1,118,118,118
11,50,0.00492449,1,0.00492449,0.00492449,0.00492449,222,1,222,222,222
11,50,0.00861199,1,0.00861199,0.00861199,0.00861199,330,1,330,330,330
11,50,0.0113438,1,0.0113438,0.0113438,0.0113438,433,1,433,433,433
11,50,0.0188335,1,0.0188335,0.0188335,0.0188335,576,1,576,576,576
11,50,0.00152028,1,0.00152028,0.00152028,0.00152028,79,1,79,79,79
11,50,0.00622532,1,0.00622532,0.00622532,0.00622532,265,1,265,265,265
11,50,0.0141438,1,0.0141438,0.0141438,0.0141438,483,1,483,483,483
11,50,0.00920061,1,0.00920061,0.00920061,0.00920061,371,1,371,371,371
11,50,0.0044402,1,0.0044402,0.0044402,0.0044402,235,1,235,235,235
11,50,0.00326228,1,0.00326228,0.00326228,0.00326228,153,1,153,153,153
11,50,0.00568347,1,0.00568347,0.00568347,0.00568347,225,1,225,225,225
11,50,0.00492847,1,0.00492847,0.00492847,0.00492847,203,1,203,203,203
11,50,0.00316713,1,0.00316713,0.00316713,0.00316713,156,1,156,156,156
11,50,0.00880596,1,0.00880596,0.00880596,0.00880596,341,1,341,341,341
11,50,0.00412851,1,0.00412851,0.00412851,0.00412851,206,1,206,206,206
11,50,0.0115251,1,0.0115251,0.0115251,0.0115251,371,1,371,371,371
11,50,0.00260519,1,0.00260519,0.00260519,0.00260519,123,1,123,123,123
11,50,0.00201064,1,0.00201064,0.00201064,0.00201064,102,1,102,102,102
11,50,0.00526818,1,0.00526818,0.00526818,0.00526818,239,1,239,239,239
11,50,0.00631901,1,0.00631901,0.00631901,0.00631901,286,1,286,286,286
11,50,0.00114885,1,0.00114885,0.00114885,0.00114885,54,1,54,54,54
11,50,0.00415509,1,0.00415509,0.00415509,0.00415509,192,1,192,192,192
11,50,0.00243454,1,0.00243454,0.00243454,0.00243454,107,1,107,107,107
11,50,0.00624736,1,0.00624736,0.00624736,0.00624736,235,1,235,235,235
11,50,0.00549999,1,0.00549999,0.00549999,0.00549999,243,1,243,243,243
11,50,0.00278136,1,0.00278136,0.00278136,0.00278136,128,1,128,128,128
11,50,0.00664233,1,0.00664233,0.00664233,0.00664233,274,1,274,274,274
11,50,0.00773408,1,0.00773408,0.00773408,0.00773408,345,1,345,345,345
11,50,0.00717437,1,0.00717437,0.00717437,0.00717437,301,1,301,301,301
11,50,0.00121356,1,0.00121356,0.00121356,0.00121356,51,1,51,51,51
11,50,0.0082383,1,0.0082383,0.0082383,0.0082383,282,1,282,282,282
11,50,0.00710187,1,0.00710187,0.00710187,0.00710187,292,1,292,292,292
11,50,0.00138994,1,0.00138994,0.00138994,0.00138994,60,1,60,60,60
11,50,0.00565782,1,0.00565782,0.00565782,0.00565782,239,1,239,239,239
11,50,0.00580758,1,0.00580758,0.00580758,0.00580758,244,1,244,244,244
11,50,0.00331319,1,0.00331319,0.00331319,0.00331319,148,1,148,148,148
11,50,0.0043872,1,0.0043872,0.0043872,0.0043872,244,1,244,244,244
11,50,0.00333702,1,0.00333702,0.00333702,0.00333702,146,1,146,146,146
11,50,0.00450735,1,0.00450735,0.00450735,0.00450735,199,1,199,199,199
11,50,0.0070242,1,0.0070242,0.0070242,0.0070242,299,1,299,299,299
11,50,0.0307843,1,0.0307843,0.0307843,0.0307843,757,1,757,757,757
11,50,0.0127975,1,0.0127975,0.0127975,0.0127975,503,1,503,503,503
11,50,0.00465737,1,0.00465737,0.00465737,0.00465737,223,1,223,223,223
11,50,0.00732268,1,0.00732268,0.00732268,0.00732268,294,1,294,294,294
11,50,0.00366742,1,0.00366742,0.00366742,0.00366742,179,1,179,179,179
11,50,0.0123688,1,0.0123688,0.0123688,0.0123688,425,1,425,425,425
11,50,0.00497945,1,0.00497945,0.00497945,0.00497945,206,1,206,206,206
11,50,0.0043239,1,0.0043239,0.0043239,0.0043239,210,1,210,210,210
11,50,0.00183048,1,0.00183048,0.00183048,0.00183048,82,1,82,82,82
11,50,0.00415599,1,0.00415599,0.00415599,0.00415599,199,1,199,199,199
11,50,0.0141575,1,0.0141575,0.0141575,0.0141575,537,1,537,537,537
11,50,0.00317943,1,0.00317943,0.00317943,0.00317943,143,1,143,143,143
11,50,0.00224669,1,0.00224669,0.00224669,0.00224669,113,1,113,113,113
11,50,0.00512282,1,0.00512282,0.00512282,0.00512282,223,1,223,223,223
11,50,0.0036863,1,0.0036863,0.0036863,0.0036863,194,1,194,194,194
11,50,0.00202531,1,0.00202531,0.00202531,0.00202531,96,1,96,96,96
11,50,0.0379203,1,0.0379203,0.0379203,0.0379203,972,1,972,972,972
11,50,0.00214149,1,0.00214149,0.00214149,0.00214149,123,1,123,123,123
11,50,0.00774524,1,0.00774524,0.00774524,0.00774524,306,1,306,306,306
11,50,0.00346738,1,0.00346738,0.00346738,0.00346738,149,1,149,149,149
11,50,0.00458909,1,0.00458909,0.00458909,0.00458909,220,1,220,220,220
11,50,0.00407676,1,0.00407676,0.00407676,0.00407676,199,1,199,199,199
11,50,0.00239826,1,0.00239826,0.00239826,0.00239826,91,1,91,91,91
11,50,0.00667234,1,0.00667234,0.00667234,0.00667234,270,1,270,270,270
11,50,0.0149807,1,0.0149807,0.0149807,0.0149807,469,1,469,469,469
11,50,0.00688491,1,0.00688491,0.00688491,0.00688491,284,1,284,284,284
11,50,0.00122213,1,0.00122213,0.00122213,0.00122213,50,1,50,50,50
11,50,0.00393095,1,0.00393095,0.00393095,0.00393095,200,1,200,200,200
11,50,0.00430457,1,0.00430457,0.00430457,0.00430457,215,1,215,215,215
11,50,0.00790313,1,0.00790313,0.00790313,0.00790313,314,1,314,314,314
11,50,0.00460038,1,0.00460038,0.00460038,0.00460038,214,1,214,214,214
11,50,0.00494823,1,0.00494823,0.00494823,0.00494823,249,1,249,249,249
11,50,0.00341274,1,0.00341274,0.00341274,0.00341274,162,1,162,162,162
11,50,0.0104229,1,0.0104229,0.0104229,0.0104229,367,1,367,367,367
11,50,0.00267926,1,0.00267926,0.00267926,0.00267926,136,1,136,136,136
11,50,0.00851807,1,0.00851807,0.00851807,0.00851807,391,1,391,391,391
11,50,0.00569059,1,0.00569059,0.00569059,0.00569059,237,1,237,237,237
11,50,0.00551216,1,0.00551216,0.00551216,0.00551216,229,1,229,229,229
11,50,0.0179518,1,0.0179518,0.0179518,0.0179518,533,1,533,533,533
11,50,0.011769,1,0.011769,0.011769,0.011769,431,1,431,431,431
11,50,0.00190278,1,0.00190278,0.00190278,0.00190278,95,1,95,95,95
11,50,0.00413875,1,0.00413875,0.00413875,0.00413875,203,1,203,203,203
11,50,0.00327728,1,0.00327728,0.00327728,0.00327728,150,1,150,150,150
11,50,0.0153038,1,0.0153038,0.0153038,0.0153038,558,1,558,558,558
11,50,0.00189344,1,0.00189344,0.00189344,0.00189344,95,1,95,95,95
11,50,0.0118585,1,0.0118585,0.0118585,0.0118585,470,1,470,470,470
11,50,0.00379057,1,0.00379057,0.00379057,0.00379057,184,1,184,184,184
11,50,0.006117,1,0.006117,0.006117,0.006117,280,1,280,280,280
11,50,0.00339726,1,0.00339726,0.00339726,0.00339726,159,1,159,159,159
11,50,0.00367815,1,0.00367815,0.00367815,0.00367815,189,1,189,189,189
11,50,0.00217805,1,0.00217805,0.00217805,0.00217805,123,1,123,123,123
11,50,0.00154523,1,0.00154523,0.00154523,0.00154523,75,1,75,75,75
11,50,0.00404222,1,0.00404222,0.00404222,0.00404222,210,1,210,210,210
11,50,0.00468367,1,0.00468367,0.00468367,0.00468367,196,1,196,196,196
11,50,0.00702938,1,0.00702938,0.00702938,0.00702938,288,1,288,288,288
11,50,0.00887851,1,0.00887851,0.00887851,0.00887851,381,1,381,381,381
11,50,0.00862913,1,0.00862913,0.00862913,0.00862913,347,1,347,347,347
11,50,0.00168059,1,0.00168059,0.00168059,0.00168059,76,1,76,76,76
11,50,0.00248937,1,0.00248937,0.00248937,0.00248937,116,1,116,116,116
11,50,0.00652038,1,0.00652038,0.00652038,0.00652038,293,1,293,293,293
11,50,0.00552655,1,0.00552655,0.00552655,0.00552655,202,1,202,202,202
11,50,0.00980035,1,0.00980035,0.00980035,0.00980035,361,1,361,361,361
11,50,0.00457336,1,0.00457336,0.00457336,0.00457336,224,1,224,224,224
11,50,0.00420731,1,0.00420731,0.00420731,0.00420731,196,1,196,196,196
11,50,0.00246384,1,0.00246384,0.00246384,0.00246384,128,1,128,128,128
11,50,0.0107319,1,0.0107319,0.0107319,0.0107319,435,1,435,435,435
11,50,0.0016697,1,0.0016697,0.0016697,0.0016697,84,1,84,84,84
11,50,0.00544987,1,0.00544987,0.00544987,0.00544987,245,1,245,245,245
11,50,0.00249831,1,0.00249831,0.00249831,0.00249831,111,1,111,111,111
11,50,0.0326941,1,0.0326941,0.0326941,0.0326941,773,1,773,773,773
11,50,0.0123811,1,0.0123811,0.0123811,0.0123811,479,1,479,479,479
11,50,0.0023904,1,0.0023904,0.0023904,0.0023904,115,1,115,115,115
11,50,0.00465624,1,0.00465624,0.00465624,0.00465624,214,1,214,214,214
11,50,0.00164549,1,0.00164549,0.00164549,0.00164549,79,1,79,79,79
11,50,0.00461497,1,0.00461497,0.00461497,0.00461497,207,1,207,207,207
11,50,0.00202411,1,0.00202411,0.00202411,0.00202411,102,1,102,102,102
11,50,0.0177468,1,0.0177468,0.0177468,0.0177468,624,1,624,624,624
11,50,0.00404056,1,0.00404056,0.00404056,0.00404056,155,1,155,155,155
11,50,0.00813989,1,0.00813989,0.00813989,0.00813989,336,1,336,336,336
11,50,0.0122456,1,0.0122456,0.0122456,0.0122456,455,1,455,455,455
11,50,0.00419526,1,0.00419526,0.00419526,0.00419526,203,1,203,203,203
11,50,0.00531704,1,0.00531704,0.00531704,0.00531704,215,1,215,215,215
11,50,0.00313652,1,0.00313652,0.00313652,0.00313652,126,1,126,126,126
11,50,0.00349097,1,0.00349097,0.00349097,0.00349097,159,1,159,159,159
11,50,0.00688121,1,0.00688121,0.00688121,0.00688121,316,1,316,316,316
11,50,0.00485137,1,0.00485137,0.00485137,0.00485137,204,1,204,204,204
11,50,0.00318029,1,0.00318029,0.00318029,0.00318029,145,1,145,145,145
11,50,0.00644796,1,0.00644796,0.00644796,0.00644796,258,1,258,258,258
11,50,0.00297501,1,0.00297501,0.00297501,0.00297501,155,1,155,155,155
11,50,0.00665266,1,0.00665266,0.00665266,0.00665266,377,1,377,377,377
11,50,0.00342482,1,0.00342482,0.00342482,0.00342482,165,1,165,165,165
11,50,0.00348251,1,0.00348251,0.00348251,0.00348251,177,1,177,177,177
11,50,0.00409152,1,0.00409152,0.00409152,0.00409152,212,1,212,212,212
11,50,0.00422883,1,0.00422883,0.00422883,0.00422883,181,1,181,181,181
11,50,0.00939265,1,0.00939265,0.00939265,0.00939265,308,1,308,308,308
11,50,0.00964946,1,0.00964946,0.00964946,0.00964946,324,1,324,324,324
11,50,0.00260633,1,0.00260633,0.00260633,0.00260633,118,1,118,118,118
11,50,0.00629823,1,0.00629823,0.00629823,0.00629823,270,1,270,270,270
11,50,0.00411369,1,0.00411369,0.00411369,0.00411369,207,1,207,207,207
11,50,0.00686284,1,0.00686284,0.00686284,0.00686284,275,1,275,275,275
11,50,0.0081799,1,0.0081799,0.0081799,0.0081799,297,1,297,297,297
11,50,0.00199592,1,0.00199592,0.00199592,0.00199592,96,1,96,96,96
11,50,0.00538381,1,0.00538381,0.00538381,0.00538381,186,1,186,186,186
11,50,0.00386072,1,0.00386072,0.00386072,0.00386072,184,1,184,184,184
11,50,0.00229859,1,0.00229859,0.00229859,0.00229859,124,1,124,124,124
11,50,0.00181706,1,0.00181706,0.00181706,0.00181706,90,1,90,90,90
11,50,0.00363899,1,0.00363899,0.00363899,0.00363899,131,1,131,131,131
11,50,0.00677823,1,0.00677823,0.00677823,0.00677823,282,1,282,282,282
11,50,0.00335807,1,0.00335807,0.00335807,0.00335807,150,1,150,150,150
11,50,0.00326818,1,0.00326818,0.00326818,0.00326818,140,1,140,140,140
11,50,0.0035387,1,0.0035387,0.0035387,0.0035387,186,1,186,186,186
11,50,0.00221801,1,0.00221801,0.00221801,0.00221801,116,1,116,116,116
11,50,0.00606801,1,0.00606801,0.00606801,0.00606801,238,1,238,238,238
11,50,0.00214555,1,0.00214555,0.00214555,0.00214555,96,1,96,96,96
11,50,0.0132963,1,0.0132963,0.0132963,0.0132963,492,1,492,492,492
11,50,0.00257242,1,0.00257242,0.00257242,0.00257242,127,1,127,127,127
11,50,0.00387252,1,0.00387252,0.00387252,0.00387252,200,1,200,200,200
11,50,0.00718853,1,0.00718853,0.00718853,0.00718853,296,1,296,296,296
11,50,0.00368465,1,0.00368465,0.00368465,0.00368465,187,1,187,187,187
11,50,0.00372449,1,0.00372449,0.00372449,0.00372449,188,1,188,188,188
11,50,0.00535086,1,0.00535086,0.00535086,0.00535086,257,1,257,257,257
11,50,0.00169511,1,0.00169511,0.00169511,0.00169511,82,1,82,82,82
11,50,0.00811249,1,0.00811249,0.00811249,0.00811249,308,1,308,308,308
11,50,0.00721971,1,0.00721971,0.00721971,0.00721971,308,1,308,308,308
11,50,0.0040145,1,0.0040145,0.0040145,0.0040145,174,1,174,174,174
11,50,0.00308988,1,0.00308988,0.00308988,0.00308988,144,1,144,144,144
11,50,0.0163029,1,0.0163029,0.0163029,0.0163029,590,1,590,590,590
11,50,0.00504892,1,0.00504892,0.00504892,0.00504892,238,1,238,238,238
11,50,0.00522564,1,0.00522564,0.00522564,0.00522564,250,1,250,250,250
11,50,0.00407357,1,0.00407357,0.00407357,0.00407357,207,1,207,207,207
11,50,0.0116959,1,0.0116959,0.0116959,0.0116959,406,1,406,406,406
11,50,0.00607289,1,0.00607289,0.00607289,0.00607289,249,1,249,249,249
11,50,0.00517189,1,0.00517189,0.00517189,0.00517189,220,1,220,220,220
11,50,0.00701321,1,0.00701321,0.00701321,0.00701321,335,1,335,335,335
11,50,0.00657848,1,0.00657848,0.00657848,0.00657848,309,1,309,309,309
11,50,0.00919052,1,0.00919052,0.00919052,0.00919052,372,1,372,372,372
11,50,0.00767325,1,0.00767325,0.00767325,0.00767325,364,1,364,364,364
11,50,0.00304975,1,0.00304975,0.00304975,0.00304975,152,1,152,152,152
11,50,0.00473793,1,0.00473793,0.00473793,0.00473793,225,1,225,225,225
11,50,0.00363311,1,0.00363311,0.00363311,0.00363311,164,1,164,164,164
11,50,0.00478365,1,0.00478365,0.00478365,0.00478365,229,1,229,229,229
11,50,0.00691392,1,0.00691392,0.00691392,0.00691392,303,1,303,303,303
11,50,0.00240638,1,0.00240638,0.00240638,0.00240638,101,1,101,101,101
11,50,0.00599417,1,0.00599417,0.00599417,0.00599417,231,1,231,231,231
11,50,0.0130393,1,0.0130393,0.0130393,0.0130393,476,1,476,476,476
11,50,0.00267601,1,0.00267601,0.00267601,0.00267601,141,1,141,141,141
11,50,0.00281106,1,0.00281106,0.00281106,0.00281106,135,1,135,135,135
11,50,0.0053589,1,0.0053589,0.0053589,0.0053589,238,1,238,238,238
11,50,0.00553656,1,0.00553656,0.00553656,0.00553656,238,1,238,238,238
11,50,0.00393433,1,0.00393433,0.00393433,0.00393433,189,1,189,189,189
11,50,0.00562342,1,0.00562342,0.00562342,0.00562342,255,1,255,255,255
11,50,0.00175158,1,0.00175158,0.00175158,0.00175158,73,1,73,73,73
11,50,0.00417175,1,0.00417175,0.00417175,0.00417175,209,1,209,209,209
11,50,0.0087026,1,0.0087026,0.0087026,0.0087026,334,1,334,334,334
11,50,0.0278609,1,0.0278609,0.0278609,0.0278609,827,1,827,827,827
11,50,0.00530407,1,0.00530407,0.00530407,0.00530407,257,1,257,257,257
11,50,0.00599809,1,0.00599809,0.00599809,0.00599809,259,1,259,259,259
11,50,0.00286054,1,0.00286054,0.00286054,0.00286054,139,1,139,139,139
11,50,0.00410515,1,0.00410515,0.00410515,0.00410515,187,1,187,187,187
11,50,0.0113729,1,0.0113729,0.0113729,0.0113729,418,1,418,418,418
11,50,0.00603862,1,0.00603862,0.00603862,0.00603862,250,1,250,250,250
11,50,0.00263462,1,0.00263462,0.00263462,0.00263462,126,1,126,126,126
11,50,0.00643324,1,0.00643324,0.00643324,0.00643324,257,1,257,257,257
11,50,0.00515152,1,0.00515152,0.00515152,0.00515152,232,1,232,232,232
11,50,0.0110032,1,0.0110032,0.0110032,0.0110032,383,1,383,383,383
11,50,0.00672862,1,0.00672862,0.00672862,0.00672862,285,1,285,285,285
11,50,0.00448349,1,0.00448349,0.00448349,0.00448349,202,1,202,202,202
11,50,0.00381723,1,0.00381723,0.00381723,0.00381723,126,1,126,126,126
11,50,0.0058396,1,0.0058396,0.0058396,0.0058396,278,1,278,278,278
11,50,0.00525282,1,0.00525282,0.00525282,0.00525282,249,1,249,249,249
11,50,0.00196754,1,0.00196754,0.00196754,0.00196754,98,1,98,98,98
11,50,0.00214379,1,0.00214379,0.00214379,0.00214379,116,1,116,116,116
11,50,0.00425943,1,0.00425943,0.00425943,0.00425943,221,1,221,221,221
11,50,0.0028377,1,0.0028377,0.0028377,0.0028377,133,1,133,133,133
11,50,0.00526468,1,0.00526468,0.00526468,0.00526468,240,1,240,240,240
11,50,0.00223132,1,0.00223132,0.00223132,0.00223132,110,1,110,110,110
11,50,0.0139279,1,0.0139279,0.0139279,0.0139279,495,1,495,495,495
11,50,0.00812071,1,0.00812071,0.00812071,0.00812071,360,1,360,360,360
11,50,0.0113918,1,0.0113918,0.0113918,0.0113918,448,1,448,448,448
11,50,0.00680688,1,0.00680688,0.00680688,0.00680688,325,1,325,325,325
11,50,0.00260966,1,0.00260966,0.00260966,0.00260966,142,1,142,142,142
11,50,0.00968602,1,0.00968602,0.00968602,0.00968602,402,1,402,402,402
11,50,0.00871214,1,0.00871214,0.00871214,0.00871214,341,1,341,341,341
11,50,0.00265862,1,0.00265862,0.00265862,0.00265862,134,1,134,134,134
11,50,0.00723514,1,0.00723514,0.00723514,0.00723514,290,1,290,290,290
11,50,0.00877845,1,0.00877845,0.00877845,0.00877845,358,1,358,358,358
11,50,0.0110166,1,0.0110166,0.0110166,0.0110166,361,1,361,361,361
11,50,0.00228485,1,0.00228485,0.00228485,0.00228485,124,1,124,124,124
11,50,0.00670143,1,0.00670143,0.00670143,0.00670143,302,1,302,302,302
11,50,0.00428586,1,0.00428586,0.00428586,0.00428586,200,1,200,200,200
11,50,0.00260127,1,0.00260127,0.00260127,0.00260127,123,1,123,123,123
11,50,0.00302705,1,0.00302705,0.00302705,0.00302705,139,1,139,139,139
11,50,0.00427956,1,0.00427956,0.00427956,0.00427956,211,1,211,211,211
11,50,0.00247168,1,0.00247168,0.00247168,0.00247168,128,1,128,128,128
11,50,0.00478686,1,0.00478686,0.00478686,0.00478686,231,1,231,231,231
11,50,0.00488286,1,0.00488286,0.00488286,0.00488286,233,1,233,233,233
11,50,0.00301852,1,0.00301852,0.00301852,0.00301852,138,1,138,138,138
11,50,0.00326631,1,0.00326631,0.00326631,0.00326631,168,1,168,168,168
11,50,0.00593029,1,0.00593029,0.00593029,0.00593029,278,1,278,278,278
11,50,0.00376774,1,0.00376774,0.00376774,0.00376774,180,1,180,180,180
11,50,0.00286237,1,0.00286237,0.00286237,0.00286237,157,1,157,157,157
11,50,0.0030456,1,0.0030456,0.0030456,0.0030456,146,1,146,146,146
11,50,0.0118127,1,0.0118127,0.0118127,0.0118127,398,1,398,398,398
11,50,0.00692131,1,0.00692131,0.00692131,0.00692131,284,1,284,284,284
11,50,0.0063062,1,0.0063062,0.0063062,0.0063062,269,1,269,269,269
11,50,0.0125507,1,0.0125507,0.0125507,0.0125507,435,1,435,435,435
11,50,0.00393476,1,0.00393476,0.00393476,0.00393476,193,1,193,193,193
11,50,0.0033371,1,0.0033371,0.0033371,0.0033371,161,1,161,161,161
11,50,0.012648,1,0.012648,0.012648,0.012648,476,1,476,476,476
11,50,0.00339431,1,0.00339431,0.00339431,0.00339431,173,1,173,173,173
11,50,0.00238099,1,0.00238099,0.00238099,0.00238099,106,1,106,106,106
11,50,0.00597448,1,0.00597448,0.00597448,0.00597448,259,1,259,259,259
11,50,0.0042829,1,0.0042829,0.0042829,0.0042829,187,1,187,187,187
11,50,0.00203486,1,0.00203486,0.00203486,0.00203486,94,1,94,94,94
11,50,0.00190636,1,0.00190636,0.00190636,0.00190636,96,1,96,96,96
11,50,0.0114878,1,0.0114878,0.0114878,0.0114878,375,1,375,375,375
11,50,0.00543372,1,0.00543372,0.00543372,0.00543372,225,1,225,225,225
11,50,0.00318577,1,0.00318577,0.00318577,0.00318577,146,1,146,146,146
11,50,0.00316738,1,0.00316738,0.00316738,0.00316738,148,1,148,148,148
11,50,0.0134998,1,0.0134998,0.0134998,0.0134998,496,1,496,496,496
11,50,0.00381252,1,0.00381252,0.00381252,0.00381252,176,1,176,176,176
11,50,0.00441072,1,0.00441072,0.00441072,0.00441072,194,1,194,194,194
11,50,0.00208947,1,0.00208947,0.00208947,0.00208947,100,1,100,100,100
11,50,0.00586643,1,0.00586643,0.00586643,0.00586643,255,1,255,255,255
11,50,0.0118778,1,0.0118778,0.0118778,0.0118778,398,1,398,398,398
11,50,0.00664799,1,0.00664799,0.00664799,0.00664799,279,1,279,279,279
11,50,0.00306816,1,0.00306816,0.00306816,0.00306816,120,1,120,120,120
11,50,0.0101341,1,0.0101341,0.0101341,0.0101341,408,1,408,408,408
11,50,0.00726015,1,0.00726015,0.00726015,0.00726015,302,1,302,302,302
11,50,0.0047932,1,0.0047932,0.0047932,0.0047932,210,1,210,210,210
11,50,0.00492991,1,0.00492991,0.00492991,0.00492991,224,1,224,224,224
11,50,0.00272039,1,0.00272039,0.00272039,0.00272039,130,1,130,130,130
11,50,0.0028297,1,0.0028297,0.0028297,0.0028297,146,1,146,146,146
11,50,0.00577567,1,0.00577567,0.00577567,0.00577567,263,1,263,263,263
11,50,0.00323414,1,0.00323414,0.00323414,0.00323414,160,1,160,160,160
11,50,0.00266319,1,0.00266319,0.00266319,0.00266319,123,1,123,123,123
11,50,0.00236257,1,0.00236257,0.00236257,0.00236257,123,1,123,123,123
11,50,0.00186672,1,0.00186672,0.00186672,0.00186672,85,1,85,85,85
11,50,0.00420463,1,0.00420463,0.00420463,0.00420463,191,1,191,191,191
11,50,0.00150091,1,0.00150091,0.00150091,0.00150091,76,1,76,76,76
11,50,0.00141878,1,0.00141878,0.00141878,0.00141878,66,1,66,66,66
11,50,0.00323131,1,0.00323131,0.00323131,0.00323131,149,1,149,149,149
11,50,0.00792179,1,0.00792179,0.00792179,0.00792179,290,1,290,290,290
11,50,0.00591836,1,0.00591836,0.00591836,0.00591836,271,1,271,271,271
11,50,0.00139534,1,0.00139534,0.00139534,0.00139534,66,1,66,66,66
11,50,0.00923706,1,0.00923706,0.00923706,0.00923706,377,1,377,377,377
11,50,0.00420973,1,0.00420973,0.00420973,0.00420973,194,1,194,194,194
11,50,0.00173275,1,0.00173275,0.00173275,0.00173275,77,1,77,77,77
11,50,0.00198398,1,0.00198398,0.00198398,0.00198398,90,1,90,90,90
11,50,0.00451732,1,0.00451732,0.00451732,0.00451732,201,1,201,201,201
11,50,0.00241672,1,0.00241672,0.00241672,0.00241672,119,1,119,119,119
11,50,0.00181161,1,0.00181161,0.00181161,0.00181161,83,1,83,83,83
11,50,0.00264712,1,0.00264712,0.00264712,0.00264712,130,1,130,130,130
11,50,0.006203,1,0.006203,0.006203,0.006203,271,1,271,271,271
11,50,0.00474151,1,0.00474151,0.00474151,0.00474151,206,1,206,206,206
11,50,0.00883313,1,0.00883313,0.00883313,0.00883313,362,1,362,362,362
11,50,0.0161457,1,0.0161457,0.0161457,0.0161457,494,1,494,494,494
11,50,0.00322956,1,0.00322956,0.00322956,0.00322956,159,1,159,159,159
11,50,0.0143041,1,0.0143041,0.0143041,0.0143041,482,1,482,482,482
11,50,0.00381283,1,0.00381283,0.00381283,0.00381283,171,1,171,171,171
11,50,0.00240386,1,0.00240386,0.00240386,0.00240386,113,1,113,113,113
11,50,0.00459118,1,0.00459118,0.00459118,0.00459118,181,1,181,181,181
11,50,0.0153735,1,0.0153735,0.0153735,0.0153735,525,1,525,525,525
11,50,0.00447461,1,0.00447461,0.00447461,0.00447461,219,1,219,219,219
11,50,0.00958492,1,0.00958492,0.00958492,0.00958492,348,1,348,348,348
11,50,0.00824858,1,0.00824858,0.00824858,0.00824858,340,1,340,340,340
11,50,0.00935789,1,0.00935789,0.00935789,0.00935789,334,1,334,334,334
11,50,0.00249337,1,0.00249337,0.00249337,0.00249337,118,1,118,118,118
11,50,0.00822655,1,0.00822655,0.00822655,0.00822655,363,1,363,363,363
11,50,0.00566329,1,0.00566329,0.00566329,0.00566329,271,1,271,271,271
11,50,0.004553,1,0.004553,0.004553,0.004553,215,1,215,215,215
11,50,0.00627162,1,0.00627162,0.00627162,0.00627162,259,1,259,259,259
11,50,0.00871619,1,0.00871619,0.00871619,0.00871619,327,1,327,327,327
11,50,0.00864616,1,0.00864616,0.00864616,0.00864616,383,1,383,383,383
11,50,0.00271472,1,0.00271472,0.00271472,0.00271472,128,1,128,128,128
11,50,0.00509574,1,0.00509574,0.00509574,0.00509574,230,1,230,230,230
11,50,0.00420837,1,0.00420837,0.00420837,0.00420837,178,1,178,178,178
11,50,0.00263966,1,0.00263966,0.00263966,0.00263966,122,1,122,122,122
11,50,0.00361877,1,0.00361877,0.00361877,0.00361877,163,1,163,163,163
11,50,0.00461315,1,0.00461315,0.00461315,0.00461315,208,1,208,208,208
11,50,0.00376598,1,0.00376598,0.00376598,0.00376598,199,1,199,199,199
11,50,0.00891687,1,0.00891687,0.00891687,0.00891687,360,1,360,360,360
11,50,0.00194424,1,0.00194424,0.00194424,0.00194424,90,1,90,90,90
11,50,0.00408146,1,0.00408146,0.00408146,0.00408146,201,1,201,201,201
11,50,0.00858134,1,0.00858134,0.00858134,0.00858134,358,1,358,358,358
11,50,0.0199285,1,0.0199285,0.0199285,0.0199285,617,1,617,617,617
11,50,0.00415562,1,0.00415562,0.00415562,0.00415562,177,1,177,177,177
11,50,0.00790327,1,0.00790327,0.00790327,0.00790327,336,1,336,336,336
11,50,0.00305584,1,0.00305584,0.00305584,0.00305584,140,1,140,140,140
11,50,0.00655079,1,0.00655079,0.00655079,0.00655079,285,1,285,285,285
11,50,0.0035145,1,0.0035145,0.0035145,0.0035145,150,1,150,150,150
11,50,0.00394406,1,0.00394406,0.00394406,0.00394406,179,1,179,179,179
11,50,0.00244419,1,0.00244419,0.00244419,0.00244419,100,1,100,100,100
11,50,0.00272104,1,0.00272104,0.00272104,0.00272104,120,1,120,120,120
11,50,0.00348425,1,0.00348425,0.00348425,0.00348425,188,1,188,188,188
11,50,0.00427799,1,0.00427799,0.00427799,0.00427799,209,1,209,209,209
11,50,0.00396029,1,0.00396029,0.00396029,0.00396029,174,1,174,174,174
11,50,0.00184011,1,0.00184011,0.00184011,0.00184011,92,1,92,92,92
11,50,0.0092395,1,0.0092395,0.0092395,0.0092395,354,1,354,354,354
11,50,0.0106738,1,0.0106738,0.0106738,0.0106738,424,1,424,424,424
11,50,0.00439128,1,0.00439128,0.00439128,0.00439128,209,1,209,209,209
11,50,0.00583202,1,0.00583202,0.00583202,0.00583202,290,1,290,290,290
11,50,0.00538079,1,0.00538079,0.00538079,0.00538079,255,1,255,255,255
11,50,0.00384514,1,0.00384514,0.00384514,0.00384514,175,1,175,175,175
11,50,0.0041576,1,0.0041576,0.0041576,0.0041576,226,1,226,226,226
11,50,0.00869941,1,0.00869941,0.00869941,0.00869941,346,1,346,346,346
11,50,0.00557837,1,0.00557837,0.00557837,0.00557837,257,1,257,257,257
11,50,0.00280652,1,0.00280652,0.00280652,0.00280652,127,1,127,127,127
11,50,0.00114226,1,0.00114226,0.00114226,0.00114226,46,1,46,46,46
11,50,0.00587475,1,0.00587475,0.00587475,0.00587475,234,1,234,234,234
11,50,0.00986503,1,0.00986503,0.00986503,0.00986503,412,1,412,412,412
11,50,0.0100589,1,0.0100589,0.0100589,0.0100589,399,1,399,399,399
11,50,0.0165336,1,0.0165336,0.0165336,0.0165336,534,1,534,534,534
11,50,0.00325118,1,0.00325118,0.00325118,0.00325118,155,1,155,155,155
11,50,0.00324817,1,0.00324817,0.00324817,0.00324817,155,1,155,155,155
11,50,0.00302641,1,0.00302641,0.00302641,0.00302641,139,1,139,139,139
11,50,0.00477355,1,0.00477355,0.00477355,0.00477355,221,1,221,221,221
11,50,0.00244682,1,0.00244682,0.00244682,0.00244682,116,1,116,116,116
11,50,0.00766856,1,0.00766856,0.00766856,0.00766856,328,1,328,328,328
11,50,0.00962317,1,0.00962317,0.00962317,0.00962317,334,1,334,334,334
11,50,0.00255384,1,0.00255384,0.00255384,0.00255384,121,1,121,121,121
11,50,0.00218042,1,0.00218042,0.00218042,0.00218042,115,1,115,115,115
11,50,0.00633309,1,0.00633309,0.00633309,0.00633309,286,1,286,286,286
11,50,0.0042339,1,0.0042339,0.0042339,0.0042339,213,1,213,213,213
11,50,0.00676277,1,0.00676277,0.00676277,0.00676277,261,1,261,261,261
11,50,0.00485286,1,0.00485286,0.00485286,0.00485286,242,1,242,242,242
11,50,0.00764302,1,0.00764302,0.00764302,0.00764302,285,1,285,285,285
11,50,0.00614164,1,0.00614164,0.00614164,0.00614164,287,1,287,287,287
11,50,0.0190236,1,0.0190236,0.0190236,0.0190236,505,1,505,505,505
11,50,0.00389863,1,0.00389863,0.00389863,0.00389863,180,1,180,180,180
11,50,0.0045676,1,0.0045676,0.0045676,0.0045676,193,1,193,193,193
11,50,0.0124408,1,0.0124408,0.0124408,0.0124408,447,1,447,447,447
11,50,0.00869148,1,0.00869148,0.00869148,0.00869148,337,1,337,337,337
11,50,0.00364406,1,0.00364406,0.00364406,0.00364406,199,1,199,199,199
11,50,0.00288714,1,0.00288714,0.00288714,0.00288714,135,1,135,135,135
11,50,0.00414836,1,0.00414836,0.00414836,0.00414836,211,1,211,211,211
11,50,0.00528251,1,0.00528251,0.00528251,0.00528251,248,1,248,248,248
11,50,0.00465926,1,0.00465926,0.00465926,0.00465926,207,1,207,207,207
11,50,0.00575668,1,0.00575668,0.00575668,0.00575668,246,1,246,246,246
11,50,0.00404102,1,0.00404102,0.00404102,0.00404102,188,1,188,188,188
11,50,0.00353471,1,0.00353471,0.00353471,0.00353471,165,1,165,165,165
11,50,0.00919877,1,0.00919877,0.00919877,0.00919877,340,1,340,340,340
11,50,0.00603444,1,0.00603444,0.00603444,0.00603444,257,1,257,257,257
11,50,0.00253735,1,0.00253735,0.00253735,0.00253735,132,1,132,132,132
11,50,0.0149571,1,0.0149571,0.0149571,0.0149571,492,1,492,492,492
11,50,0.00642321,1,0.00642321,0.00642321,0.00642321,331,1,331,331,331
11,50,0.010435,1,0.010435,0.010435,0.010435,417,1,417,417,417
11,50,0.0125448,1,0.0125448,0.0125448,0.0125448,475,1,475,475,475
11,50,0.001496,1,0.001496,0.001496,0.001496,74,1,74,74,74
11,50,0.00963922,1,0.00963922,0.00963922,0.00963922,343,1,343,343,343
11,50,0.00237936,1,0.00237936,0.00237936,0.00237936,123,1,123,123,123
11,50,0.00660696,1,0.00660696,0.00660696,0.00660696,297,1,297,297,297
11,50,0.00680114,1,0.00680114,0.00680114,0.00680114,301,1,301,301,301
11,50,0.00277665,1,0.00277665,0.00277665,0.00277665,118,1,118,118,118
11,50,0.00467083,1,0.00467083,0.00467083,0.00467083,208,1,208,208,208
11,50,0.00266785,1,0.00266785,0.00266785,0.00266785,129,1,129,129,129
11,50,0.00393999,1,0.00393999,0.00393999,0.00393999,178,1,178,178,178
11,50,0.00822448,1,0.00822448,0.00822448,0.00822448,315,1,315,315,315
11,50,0.00343257,1,0.00343257,0.00343257,0.00343257,168,1,168,168,168
11,50,0.00962067,1,0.00962067,0.00962067,0.00962067,331,1,331,331,331
11,50,0.00926283,1,0.00926283,0.00926283,0.00926283,402,1,402,402,402
11,50,0.00706959,1,0.00706959,0.00706959,0.00706959,327,1,327,327,327
11,50,0.00307687,1,0.00307687,0.00307687,0.00307687,149,1,149,149,149
11,50,0.00225505,1,0.00225505,0.00225505,0.00225505,104,1,104,104,104
11,50,0.00195491,1,0.00195491,0.00195491,0.00195491,86,1,86,86,86
11,50,0.00509912,1,0.00509912,0.00509912,0.00509912,251,1,251,251,251
11,50,0.00323905,1,0.00323905,0.00323905,0.00323905,150,1,150,150,150
11,50,0.00167336,1,0.00167336,0.00167336,0.00167336,91,1,91,91,91
11,50,0.00797326,1,0.00797326,0.00797326,0.00797326,297,1,297,297,297
11,50,0.00690826,1,0.00690826,0.00690826,0.00690826,296,1,296,296,296
11,50,0.0171359,1,0.0171359,0.0171359,0.0171359,558,1,558,558,558
11,50,0.00617338,1,0.00617338,0.00617338,0.00617338,251,1,251,251,251
11,50,0.00301652,1,0.00301652,0.00301652,0.00301652,148,1,148,148,148
11,50,0.00113079,1,0.00113079,0.00113079,0.00113079,49,1,49,49,49
11,50,0.00454947,1,0.00454947,0.00454947,0.00454947,207,1,207,207,207
11,50,0.00467778,1,0.00467778,0.00467778,0.00467778,213,1,213,213,213
11,50,0.00484409,1,0.00484409,0.00484409,0.00484409,204,1,204,204,204
11,50,0.00697668,1,0.00697668,0.00697668,0.00697668,300,1,300,300,300
11,50,0.00619951,1,0.00619951,0.00619951,0.00619951,279,1,279,279,279
11,50,0.00601353,1,0.00601353,0.00601353,0.00601353,265,1,265,265,265
11,50,0.00318526,1,0.00318526,0.00318526,0.00318526,144,1,144,144,144
11,50,0.00189492,1,0.00189492,0.00189492,0.00189492,87,1,87,87,87
11,50,0.00524759,1,0.00524759,0.00524759,0.00524759,235,1,235,235,235
11,50,0.0047403,1,0.0047403,0.0047403,0.0047403,211,1,211,211,211
11,50,0.00815401,1,0.00815401,0.00815401,0.00815401,326,1,326,326,326
11,50,0.00530661,1,0.00530661,0.00530661,0.00530661,253,1,253,253,253
11,50,0.00476369,1,0.00476369,0.00476369,0.00476369,211,1,211,211,211
11,50,0.00221356,1,0.00221356,0.00221356,0.00221356,99,1,99,99,99
11,50,0.00432316,1,0.00432316,0.00432316,0.00432316,192,1,192,192,192
11,50,0.00240606,1,0.00240606,0.00240606,0.00240606,123,1,123,123,123
11,50,0.00349638,1,0.00349638,0.00349638,0.00349638,152,1,152,152,152
11,50,0.00512516,1,0.00512516,0.00512516,0.00512516,211,1,211,211,211
11,50,0.00294085,1,0.00294085,0.00294085,0.00294085,145,1,145,145,145
11,50,0.00514261,1,0.00514261,0.00514261,0.00514261,207,1,207,207,207
11,50,0.0029697,1,0.0029697,0.0029697,0.0029697,148,1,148,148,148
11,50,0.00271973,1,0.00271973,0.00271973,0.00271973,128,1,128,128,128
11,50,0.00309485,1,0.00309485,0.00309485,0.00309485,150,1,150,150,150
11,50,0.00135535,1,0.00135535,0.00135535,0.00135535,69,1,69,69,69
11,50,0.0079286,1,0.0079286,0.0079286,0.0079286,302,1,302,302,302
11,50,0.00742946,1,0.00742946,0.00742946,0.00742946,353,1,353,353,353
11,50,0.00903516,1,0.00903516,0.00903516,0.00903516,389,1,389,389,389
11,50,0.00931234,1,0.00931234,0.00931234,0.00931234,353,1,353,353,353
11,50,0.00253173,1,0.00253173,0.00253173,0.00253173,103,1,103,103,103
11,50,0.00441448,1,0.00441448,0.00441448,0.00441448,204,1,204,204,204
11,50,0.00421157,1,0.00421157,0.00421157,0.00421157,181,1,181,181,181
11,50,0.00729343,1,0.00729343,0.00729343,0.00729343,301,1,301,301,301
11,50,0.00287861,1,0.00287861,0.00287861,0.00287861,136,1,136,136,136
11,50,0.00603305,1,0.00603305,0.00603305,0.00603305,286,1,286,286,286
11,50,0.0100839,1,0.0100839,0.0100839,0.0100839,407,1,407,407,407
11,50,0.0113408,1,0.0113408,0.0113408,0.0113408,389,1,389,389,389
11,50,0.00483743,1,0.00483743,0.00483743,0.00483743,214,1,214,214,214
11,50,0.0031447,1,0.0031447,0.0031447,0.0031447,157,1,157,157,157
11,50,0.0112654,1,0.0112654,0.0112654,0.0112654,443,1,443,443,443
11,50,0.00307395,1,0.00307395,0.00307395,0.00307395,135,1,135,135,135
11,50,0.00886462,1,0.00886462,0.00886462,0.00886462,369,1,369,369,369
11,50,0.00200034,1,0.00200034,0.00200034,0.00200034,89,1,89,89,89
11,50,0.00512702,1,0.00512702,0.00512702,0.00512702,217,1,217,217,217
11,50,0.00217594,1,0.00217594,0.00217594,0.00217594,105,1,105,105,105
11,50,0.00301299,1,0.00301299,0.00301299,0.00301299,126,1,126,126,126
11,50,0.009333,1,0.009333,0.009333,0.009333,350,1,350,350,350
11,50,0.0102841,1,0.0102841,0.0102841,0.0102841,396,1,396,396,396
11,50,0.00106697,1,0.00106697,0.00106697,0.00106697,52,1,52,52,52
11,50,0.00523006,1,0.00523006,0.00523006,0.00523006,226,1,226,226,226
11,50,0.00265793,1,0.00265793,0.00265793,0.00265793,122,1,122,122,122
11,50,0.00901538,1,0.00901538,0.00901538,0.00901538,355,1,355,355,355
11,50,0.00674955,1,0.00674955,0.00674955,0.00674955,254,1,254,254,254
11,50,0.00279808,1,0.00279808,0.00279808,0.00279808,109,1,109,109,109
11,50,0.00302746,1,0.00302746,0.00302746,0.00302746,163,1,163,163,163
11,50,0.00637437,1,0.00637437,0.00637437,0.00637437,286,1,286,286,286
11,50,0.0064745,1,0.0064745,0.0064745,0.0064745,258,1,258,258,258
11,50,0.00613761,1,0.00613761,0.00613761,0.00613761,253,1,253,253,253
11,50,0.00301854,1,0.00301854,0.00301854,0.00301854,137,1,137,137,137
11,50,0.00282278,1,0.00282278,0.00282278,0.00282278,160,1,160,160,160
11,50,0.00651707,1,0.00651707,0.00651707,0.00651707,290,1,290,290,290
11,50,0.00648137,1,0.00648137,0.00648137,0.00648137,287,1,287,287,287
11,50,0.00613539,1,0.00613539,0.00613539,0.00613539,244,1,244,244,244
11,50,0.00206978,1,0.00206978,0.00206978,0.00206978,94,1,94,94,94
11,50,0.00659678,1,0.00659678,0.00659678,0.00659678,276,1,276,276,276
11,50,0.0124558,1,0.0124558,0.0124558,0.0124558,459,1,459,459,459
11,50,0.00208755,1,0.00208755,0.00208755,0.00208755,104,1,104,104,104
11,50,0.00322597,1,0.00322597,0.00322597,0.00322597,158,1,158,158,158
11,50,0.0110739,1,0.0110739,0.0110739,0.0110739,436,1,436,436,436
11,50,0.00205476,1,0.00205476,0.00205476,0.00205476,93,1,93,93,93
11,50,0.00376685,1,0.00376685,0.00376685,0.00376685,179,1,179,179,179
11,50,0.00318095,1,0.00318095,0.00318095,0.00318095,150,1,150,150,150
11,50,0.00880571,1,0.00880571,0.00880571,0.00880571,359,1,359,359,359
11,50,0.0093807,1,0.0093807,0.0093807,0.0093807,360,1,360,360,360
11,50,0.00954874,1,0.00954874,0.00954874,0.00954874,314,1,314,314,314
11,50,0.00464985,1,0.00464985,0.00464985,0.00464985,227,1,227,227,227
11,50,0.00188477,1,0.00188477,0.00188477,0.00188477,96,1,96,96,96
11,50,0.00488218,1,0.00488218,0.00488218,0.00488218,215,1,215,215,215
11,50,0.0041855,1,0.0041855,0.0041855,0.0041855,190,1,190,190,190
11,50,0.00320569,1,0.00320569,0.00320569,0.00320569,157,1,157,157,157
11,50,0.0063978,1,0.0063978,0.0063978,0.0063978,262,1,262,262,262
11,50,0.0050259,1,0.0050259,0.0050259,0.0050259,231,1,231,231,231
11,50,0.00462703,1,0.00462703,0.00462703,0.00462703,242,1,242,242,242
11,50,0.00435819,1,0.00435819,0.00435819,0.00435819,226,1,226,226,226
11,50,0.00729885,1,0.00729885,0.00729885,0.00729885,299,1,299,299,299
11,50,0.0110487,1,0.0110487,0.0110487,0.0110487,362,1,362,362,362
11,50,0.0103417,1,0.0103417,0.0103417,0.0103417,384,1,384,384,384
11,50,0.00258792,1,0.00258792,0.00258792,0.00258792,134,1,134,134,134
11,50,0.00354017,1,0.00354017,0.00354017,0.00354017,169,1,169,169,169
11,50,0.00301678,1,0.00301678,0.00301678,0.00301678,149,1,149,149,149
11,50,0.0022851,1,0.0022851,0.0022851,0.0022851,98,1,98,98,98
11,50,0.00503431,1,0.00503431,0.00503431,0.00503431,220,1,220,220,220
11,50,0.0044789,1,0.0044789,0.0044789,0.0044789,188,1,188,188,188
11,50,0.00388247,1,0.00388247,0.00388247,0.00388247,153,1,153,153,153
11,50,0.0062278,1,0.0062278,0.0062278,0.0062278,283,1,283,283,283
11,50,0.00800332,1,0.00800332,0.00800332,0.00800332,290,1,290,290,290
11,50,0.00625524,1,0.00625524,0.00625524,0.00625524,289,1,289,289,289
11,50,0.00380104,1,0.00380104,0.00380104,0.00380104,162,1,162,162,162
11,50,0.01149,1,0.01149,0.01149,0.01149,436,1,436,436,436
11,50,0.00703613,1,0.00703613,0.00703613,0.00703613,291,1,291,291,291
11,50,0.00934368,1,0.00934368,0.00934368,0.00934368,406,1,406,406,406
11,50,0.0183246,1,0.0183246,0.0183246,0.0183246,527,1,527,527,527
11,50,0.00322505,1,0.00322505,0.00322505,0.00322505,144,1,144,144,144
11,50,0.0028471,1,0.0028471,0.0028471,0.0028471,148,1,148,148,148
11,50,0.00154407,1,0.00154407,0.00154407,0.00154407,67,1,67,67,67
11,50,0.00942667,1,0.00942667,0.00942667,0.00942667,347,1,347,347,347
11,50,0.00274666,1,0.00274666,0.00274666,0.00274666,112,1,112,112,112
11,50,0.00116073,1,0.00116073,0.00116073,0.00116073,59,1,59,59,59
11,50,0.0110284,1,0.0110284,0.0110284,0.0110284,379,1,379,379,379
11,50,0.00261104,1,0.00261104,0.00261104,0.00261104,127,1,127,127,127
11,50,0.00415264,1,0.00415264,0.00415264,0.00415264,179,1,179,179,179
11,50,0.00227674,1,0.00227674,0.00227674,0.00227674,117,1,117,117,117
11,50,0.00188923,1,0.00188923,0.00188923,0.00188923,87,1,87,87,87
11,50,0.0181853,1,0.0181853,0.0181853,0.0181853,586,1,586,586,586
11,50,0.00718871,1,0.00718871,0.00718871,0.00718871,298,1,298,298,298
11,50,0.00392217,1,0.00392217,0.00392217,0.00392217,185,1,185,185,185
11,50,0.0104561,1,0.0104561,0.0104561,0.0104561,394,1,394,394,394
11,50,0.00442501,1,0.00442501,0.00442501,0.00442501,199,1,199,199,199
11,50,0.00873924,1,0.00873924,0.00873924,0.00873924,346,1,346,346,346
11,50,0.00236352,1,0.00236352,0.00236352,0.00236352,128,1,128,128,128
11,50,0.00450729,1,0.00450729,0.00450729,0.00450729,220,1,220,220,220
11,50,0.00315125,1,0.00315125,0.00315125,0.00315125,152,1,152,152,152
11,50,0.00699683,1,0.00699683,0.00699683,0.00699683,245,1,245,245,245
11,50,0.00177426,1,0.00177426,0.00177426,0.00177426,88,1,88,88,88
11,50,0.0124181,1,0.0124181,0.0124181,0.0124181,458,1,458,458,458
11,50,0.00965718,1,0.00965718,0.00965718,0.00965718,399,1,399,399,399
11,50,0.00202451,1,0.00202451,0.00202451,0.00202451,102,1,102,102,102
11,50,0.0059969,1,0.0059969,0.0059969,0.0059969,256,1,256,256,256
11,50,0.0128279,1,0.0128279,0.0128279,0.0128279,421,1,421,421,421
11,50,0.00228986,1,0.00228986,0.00228986,0.00228986,104,1,104,104,104
11,50,0.00467757,1,0.00467757,0.00467757,0.00467757,193,1,193,193,193
11,50,0.00263422,1,0.00263422,0.00263422,0.00263422,106,1,106,106,106
11,50,0.00135184,1,0.00135184,0.00135184,0.00135184,64,1,64,64,64
11,50,0.00324235,1,0.00324235,0.00324235,0.00324235,160,1,160,160,160
11,50,0.00371471,1,0.00371471,0.00371471,0.00371471,165,1,165,165,165
11,50,0.00699597,1,0.00699597,0.00699597,0.00699597,263,1,263,263,263
11,50,0.00380333,1,0.00380333,0.00380333,0.00380333,181,1,181,181,181
11,50,0.00421632,1,0.00421632,0.00421632,0.00421632,190,1,190,190,190
11,50,0.00738925,1,0.00738925,0.00738925,0.00738925,274,1,274,274,274
11,50,0.0119972,1,0.0119972,0.0119972,0.0119972,462,1,462,462,462
11,50,0.00816369,1,0.00816369,0.00816369,0.00816369,351,1,351,351,351
11,50,0.00618308,1,0.00618308,0.00618308,0.00618308,229,1,229,229,229
11,50,0.00944418,1,0.00944418,0.00944418,0.00944418,352,1,352,352,352
11,50,0.0070782,1,0.0070782,0.0070782,0.0070782,273,1,273,273,273
11,50,0.012416,1,0.012416,0.012416,0.012416,377,1,377,377,377
11,50,0.00571745,1,0.00571745,0.00571745,0.00571745,251,1,251,251,251
11,50,0.0033002,1,0.0033002,0.0033002,0.0033002,164,1,164,164,164
11,50,0.00349677,1,0.00349677,0.00349677,0.00349677,166,1,166,166,166
11,50,0.00604417,1,0.00604417,0.00604417,0.00604417,249,1,249,249,249
11,50,0.002094,1,0.002094,0.002094,0.002094,105,1,105,105,105
11,50,0.00341759,1,0.00341759,0.00341759,0.00341759,149,1,149,149,149
11,50,0.0117306,1,0.0117306,0.0117306,0.0117306,460,1,460,460,460
11,50,0.00141002,1,0.00141002,0.00141002,0.00141002,73,1,73,73,73
11,50,0.00248819,1,0.00248819,0.00248819,0.00248819,124,1,124,124,124
11,50,0.0038407,1,0.0038407,0.0038407,0.0038407,164,1,164,164,164
11,50,0.0135125,1,0.0135125,0.0135125,0.0135125,552,1,552,552,552
11,50,0.00790647,1,0.00790647,0.00790647,0.00790647,352,1,352,352,352
11,50,0.0149409,1,0.0149409,0.0149409,0.0149409,412,1,412,412,412
11,50,0.0056334,1,0.0056334,0.0056334,0.0056334,260,1,260,260,260
11,50,0.00373507,1,0.00373507,0.00373507,0.00373507,168,1,168,168,168
11,50,0.00591468,1,0.00591468,0.00591468,0.00591468,251,1,251,251,251
11,50,0.00569754,1,0.00569754,0.00569754,0.00569754,272,1,272,272,272
11,50,0.00198583,1,0.00198583,0.00198583,0.00198583,112,1,112,112,112
11,50,0.00260094,1,0.00260094,0.00260094,0.00260094,141,1,141,141,141
11,50,0.00296657,1,0.00296657,0.00296657,0.00296657,139,1,139,139,139
11,50,0.00219833,1,0.00219833,0.00219833,0.00219833,96,1,96,96,96
11,50,0.00491804,1,0.00491804,0.00491804,0.00491804,222,1,222,222,222
11,50,0.00853854,1,0.00853854,0.00853854,0.00853854,357,1,357,357,357
11,50,0.00783568,1,0.00783568,0.00783568,0.00783568,298,1,298,298,298
11,50,0.000859858,1,0.000859858,0.000859858,0.000859858,35,1,35,35,35
11,50,0.0111215,1,0.0111215,0.0111215,0.0111215,415,1,415,415,415
11,50,0.0141362,1,0.0141362,0.0141362,0.0141362,488,1,488,488,488
11,50,0.00138008,1,0.00138008,0.00138008,0.00138008,67,1,67,67,67
11,50,0.0112448,1,0.0112448,0.0112448,0.0112448,374,1,374,374,374
11,50,0.00769439,1,0.00769439,0.00769439,0.00769439,336,1,336,336,336
11,50,0.00261059,1,0.00261059,0.00261059,0.00261059,128,1,128,128,128
11,50,0.00581019,1,0.00581019,0.00581019,0.00581019,219,1,219,219,219
11,50,0.00451242,1,0.00451242,0.00451242,0.00451242,208,1,208,208,208
11,50,0.00641188,1,0.00641188,0.00641188,0.00641188,269,1,269,269,269
11,50,0.00331221,1,0.00331221,0.00331221,0.00331221,149,1,149,149,149
11,50,0.00360327,1,0.00360327,0.00360327,0.00360327,173,1,173,173,173
11,50,0.0127746,1,0.0127746,0.0127746,0.0127746,543,1,543,543,543
11,50,0.0038022,1,0.0038022,0.0038022,0.0038022,158,1,158,158,158
11,50,0.00214129,1,0.00214129,0.00214129,0.00214129,107,1,107,107,107
11,50,0.00546049,1,0.00546049,0.00546049,0.00546049,229,1,229,229,229
11,50,0.00322138,1,0.00322138,0.00322138,0.00322138,142,1,142,142,142
11,50,0.00109391,1,0.00109391,0.00109391,0.00109391,45,1,45,45,45
11,50,0.00220616,1,0.00220616,0.00220616,0.00220616,101,1,101,101,101
11,50,0.00576339,1,0.00576339,0.00576339,0.00576339,243,1,243,243,243
11,50,0.0169499,1,0.0169499,0.0169499,0.0169499,568,1,568,568,568
11,50,0.0127145,1,0.0127145,0.0127145,0.0127145,448,1,448,448,448
11,50,0.00485943,1,0.00485943,0.00485943,0.00485943,237,1,237,237,237
11,50,0.00262527,1,0.00262527,0.00262527,0.00262527,123,1,123,123,123
11,50,0.00180117,1,0.00180117,0.00180117,0.00180117,76,1,76,76,76
11,50,0.00694809,1,0.00694809,0.00694809,0.00694809,330,1,330,330,330
11,50,0.00676306,1,0.00676306,0.00676306,0.00676306,271,1,271,271,271
11,50,0.00131129,1,0.00131129,0.00131129,0.00131129,63,1,63,63,63
11,50,0.003957,1,0.003957,0.003957,0.003957,163,1,163,163,163
11,50,0.00294494,1,0.00294494,0.00294494,0.00294494,125,1,125,125,125
11,50,0.00554344,1,0.00554344,0.00554344,0.00554344,265,1,265,265,265
11,50,0.0125331,1,0.0125331,0.0125331,0.0125331,467,1,467,467,467
11,50,0.00347475,1,0.00347475,0.00347475,0.00347475,146,1,146,146,146
11,50,0.00324757,1,0.00324757,0.00324757,0.00324757,156,1,156,156,156
11,50,0.00668814,1,0.00668814,0.00668814,0.00668814,300,1,300,300,300
