n,p,m_total,m_count,m_mean,m_min,m_max,time_total,time_count,time_mean,time_min,time_max,calls_total,calls_count,calls_mean,calls_min,calls_max
18,10,15235,1000,15.235,5,29,10.4888,1000,0.0104888,0.000676481,0.102389,216004,1000,216.004,7,1484
18,20,30866,1000,30.866,16,48,111.284,1000,0.111284,0.00439438,1.34441,1065051,1000,1065.05,114,5948
18,30,46016,1000,46.016,29,67,391.39,1000,0.39139,0.0209739,8.29696,2770121,1000,2770.12,434,16816
18,40,61030,1000,61.03,43,82,1242.2,1000,1.2422,0.0576473,10.0627,5445195,1000,5445.19,999,17865
18,50,76864,1000,76.864,60,96,3399.93,1000,3.39993,0.195597,37.9508,9582316,1000,9582.32,2143,39772
18,60,91491,1000,91.491,70,109,7097.43,1000,7.09743,0.317442,61.5141,14770100,1000,14770.1,2837,49403
18,70,106817,1000,106.817,88,123,18573.1,1000,18.5731,0.848228,582.61,24067659,1000,24067.7,5175,151434
18,80,122506,1000,122.506,105,137,35917.7,1000,35.9177,0.354899,886.806,35370263,1000,35370.3,3330,206384
18,90,137766,1000,137.766,126,148,64904.3,1000,64.9043,1.09507,1410.3,50602812,1000,50602.8,6852,311282
