n,p,m_total,m_count,m_mean,m_min,m_max,time_total,time_count,time_mean,time_min,time_max,steps_total,steps_count,steps_mean,steps_min,steps_max,calls_total,calls_count,calls_mean,calls_min,calls_max,depth_total,depth_count,depth_mean,depth_min,depth_max,lower_bound_total,lower_bound_count,lower_bound_mean,lower_bound_min,lower_bound_max,upper_bound_total,upper_bound_count,upper_bound_mean,upper_bound_min,upper_bound_max,number_total,number_count,number_mean,number_min,number_max,match_tries,match_hits,match_pct,bounding_tries,bounding_hits,bounding_pct,edge_threshold_tries,edge_threshold_hits,edge_threshold_pct,small_degree_tries,small_degree_hits,small_degree_pct,neighborhood_subset_tries,neighborhood_subset_hits,neighborhood_subset_pct,common_neighbors_tries,common_neighbors_hits,common_neighbors_pct
24,90,255,1,255,255,255,0.00360967,1,0.00360967,0.00360967,0.00360967,3,1,3,3,3,0,1,0,0,0,0,1,0,0,0,14,1,14,14,14,14,1,14,14,14,14,1,14,14,14,1,1,100,0,0,0,0,0,0,0,0,0,0,0,0,0,0,0
24,90,248,1,248,248,248,0.003078,1,0.003078,0.003078,0.003078,3,1,3,3,3,0,1,0,0,0,0,1,0,0,0,13,1,13,13,13,13,1,13,13,13,13,1,13,13,13,1,1,100,0,0,0,0,0,0,0,0,0,0,0,0,0,0,0
24,90,253,1,253,253,253,0.00255291,1,0.00255291,0.00255291,0.00255291,3,1,3,3,3,0,1,0,0,0,0,1,0,0,0,15,1,15,15,15,15,1,15,15,15,15,1,15,15,15,1,1,100,0,0,0,0,0,0,0,0,0,0,0,0,0,0,0
24,90,249,1,249,249,249,0.00985182,1,0.00985182,0.00985182,0.00985182,105,1,105,105,105,3,1,3,3,3,2,1,2,2,2,12,1,12,12,12,13,1,13,13,13,13,1,13,13,13,1,0,0,11,2,18.2,11,0,0,11,0,0,9,8,88.9,1,0,0
24,90,250,1,250,250,250,0.00278787,1,0.00278787,0.00278787,0.00278787,3,1,3,3,3,0,1,0,0,0,0,1,0,0,0,14,1,14,14,14,14,1,14,14,14,14,1,14,14,14,1,1,100,0,0,0,0,0,0,0,0,0,0,0,0,0,0,0
24,90,251,1,251,251,251,0.0027278,1,0.0027278,0.0027278,0.0027278,3,1,3,3,3,0,1,0,0,0,0,1,0,0,0,15,1,15,15,15,15,1,15,15,15,15,1,15,15,15,1,1,100,0,0,0,0,0,0,0,0,0,0,0,0,0,0,0
24,90,254,1,254,254,254,0.00337142,1,0.00337142,0.00337142,0.00337142,3,1,3,3,3,0,1,0,0,0,0,1,0,0,0,14,1,14,14,14,14,1,14,14,14,14,1,14,14,14,1,1,100,0,0,0,0,0,0,0,0,0,0,0,0,0,0,0
24,90,251,1,251,251,251,0.00256538,1,0.00256538,0.00256538,0.00256538,3,1,3,3,3,0,1,0,0,0,0,1,0,0,0,15,1,15,15,15,15,1,15,15,15,15,1,15,15,15,1,1,100,0,0,0,0,0,0,0,0,0,0,0,0,0,0,0
24,90,259,1,259,259,259,0.00290395,1,0.00290395,0.00290395,0.00290395,3,1,3,3,3,0,1,0,0,0,0,1,0,0,0,15,1,15,15,15,15,1,15,15,15,15,1,15,15,15,1,1,100,0,0,0,0,0,0,0,0,0,0,0,0,0,0,0
24,90,248,1,248,248,248,0.00278582,1,0.00278582,0.00278582,0.00278582,3,1,3,3,3,0,1,0,0,0,0,1,0,0,0,14,1,14,14,14,14,1,14,14,14,14,1,14,14,14,1,1,100,0,0,0,0,0,0,0,0,0,0,0,0,0,0,0
24,90,253,1,253,253,253,0.00269863,1,0.00269863,0.00269863,0.00269863,3,1,3,3,3,0,1,0,0,0,0,1,0,0,0,15,1,15,15,15,15,1,15,15,15,15,1,15,15,15,1,1,100,0,0,0,0,0,0,0,0,0,0,0,0,0,0,0
24,90,253,1,253,253,253,0.0121726,1,0.0121726,0.0121726,0.0121726,127,1,127,127,127,5,1,5,5,5,3,1,3,3,3,13,1,13,13,13,14,1,14,14,14,14,1,14,14,14,1,0,0,13,3,23.1,13,0,0,13,0,0,10,8,80,2,0,0
24,90,251,1,251,251,251,0.00258935,1,0.00258935,0.00258935,0.00258935,3,1,3,3,3,0,1,0,0,0,0,1,0,0,0,14,1,14,14,14,14,1,14,14,14,14,1,14,14,14,1,1,100,0,0,0,0,0,0,0,0,0,0,0,0,0,0,0
24,90,249,1,249,249,249,0.00276521,1,0.00276521,0.00276521,0.00276521,3,1,3,3,3,0,1,0,0,0,0,1,0,0,0,13,1,13,13,13,13,1,13,13,13,13,1,13,13,13,1,1,100,0,0,0,0,0,0,0,0,0,0,0,0,0,0,0
24,90,253,1,253,253,253,0.00325019,1,0.00325019,0.00325019,0.00325019,3,1,3,3,3,0,1,0,0,0,0,1,0,0,0,17,1,17,17,17,17,1,17,17,17,17,1,17,17,17,1,1,100,0,0,0,0,0,0,0,0,0,0,0,0,0,0,0
24,90,253,1,253,253,253,0.00259398,1,0.00259398,0.00259398,0.00259398,3,1,3,3,3,0,1,0,0,0,0,1,0,0,0,15,1,15,15,15,15,1,15,15,15,15,1,15,15,15,1,1,100,0,0,0,0,0,0,0,0,0,0,0,0,0,0,0
24,90,245,1,245,245,245,0.0110102,1,0.0110102,0.0110102,0.0110102,99,1,99,99,99,1,1,1,1,1,1,1,1,1,1,12,1,12,12,12,13,1,13,13,13,12,1,12,12,12,1,0,0,10,0,0,11,0,0,11,1,9.1,10,10,100,0,0,0
24,90,254,1,254,254,254,0.00256945,1,0.00256945,0.00256945,0.00256945,3,1,3,3,3,0,1,0,0,0,0,1,0,0,0,15,1,15,15,15,15,1,15,15,15,15,1,15,15,15,1,1,100,0,0,0,0,0,0,0,0,0,0,0,0,0,0,0
24,90,249,1,249,249,249,0.00297068,1,0.00297068,0.00297068,0.00297068,3,1,3,3,3,0,1,0,0,0,0,1,0,0,0,13,1,13,13,13,13,1,13,13,13,13,1,13,13,13,1,1,100,0,0,0,0,0,0,0,0,0,0,0,0,0,0,0
24,90,255,1,255,255,255,0.00269959,1,0.00269959,0.00269959,0.00269959,3,1,3,3,3,0,1,0,0,0,0,1,0,0,0,15,1,15,15,15,15,1,15,15,15,15,1,15,15,15,1,1,100,0,0,0,0,0,0,0,0,0,0,0,0,0,0,0
24,90,252,1,252,252,252,0.00260573,1,0.00260573,0.00260573,0.00260573,3,1,3,3,3,0,1,0,0,0,0,1,0,0,0,15,1,15,15,15,15,1,15,15,15,15,1,15,15,15,1,1,100,0,0,0,0,0,0,0,0,0,0,0,0,0,0,0
24,90,246,1,246,246,246,0.00281159,1,0.00281159,0.00281159,0.00281159,3,1,3,3,3,0,1,0,0,0,0,1,0,0,0,13,1,13,13,13,13,1,13,13,13,13,1,13,13,13,1,1,100,0,0,0,0,0,0,0,0,0,0,0,0,0,0,0
24,90,254,1,254,254,254,0.0030675,1,0.0030675,0.0030675,0.0030675,3,1,3,3,3,0,1,0,0,0,0,1,0,0,0,15,1,15,15,15,15,1,15,15,15,15,1,15,15,15,1,1,100,0,0,0,0,0,0,0,0,0,0,0,0,0,0,0
24,90,243,1,243,243,243,0.00250788,1,0.00250788,0.00250788,0.00250788,3,1,3,3,3,0,1,0,0,0,0,1,0,0,0,13,1,13,13,13,13,1,13,13,13,13,1,13,13,13,1,1,100,0,0,0,0,0,0,0,0,0,0,0,0,0,0,0
24,90,250,1,250,250,250,0.00284418,1,0.00284418,0.00284418,0.00284418,3,1,3,3,3,0,1,0,0,0,0,1,0,0,0,14,1,14,14,14,14,1,14,14,14,14,1,14,14,14,1,1,100,0,0,0,0,0,0,0,0,0,0,0,0,0,0,0
24,90,247,1,247,247,247,0.00258504,1,0.00258504,0.00258504,0.00258504,3,1,3,3,3,0,1,0,0,0,0,1,0,0,0,16,1,16,16,16,16,1,16,16,16,16,1,16,16,16,1,1,100,0,0,0,0,0,0,0,0,0,0,0,0,0,0,0
24,90,249,1,249,249,249,0.0024661,1,0.0024661,0.0024661,0.0024661,3,1,3,3,3,0,1,0,0,0,0,1,0,0,0,15,1,15,15,15,15,1,15,15,15,15,1,15,15,15,1,1,100,0,0,0,0,0,0,0,0,0,0,0,0,0,0,0
24,90,245,1,245,245,245,0.00255404,1,0.00255404,0.00255404,0.00255404,3,1,3,3,3,0,1,0,0,0,0,1,0,0,0,12,1,12,12,12,12,1,12,12,12,12,1,12,12,12,1,1,100,0,0,0,0,0,0,0,0,0,0,0,0,0,0,0
24,90,251,1,251,251,251,0.00259155,1,0.00259155,0.00259155,0.00259155,3,1,3,3,3,0,1,0,0,0,0,1,0,0,0,15,1,15,15,15,15,1,15,15,15,15,1,15,15,15,1,1,100,0,0,0,0,0,0,0,0,0,0,0,0,0,0,0
24,90,245,1,245,245,245,0.0105259,1,0.0105259,0.0105259,0.0105259,95,1,95,95,95,1,1,1,1,1,1,1,1,1,1,12,1,12,12,12,13,1,13,13,13,12,1,12,12,12,1,0,0,9,0,0,11,0,0,11,2,18.2,9,9,100,0,0,0
24,90,248,1,248,248,248,0.00245825,1,0.00245825,0.00245825,0.00245825,3,1,3,3,3,0,1,0,0,0,0,1,0,0,0,14,1,14,14,14,14,1,14,14,14,14,1,14,14,14,1,1,100,0,0,0,0,0,0,0,0,0,0,0,0,0,0,0
24,90,248,1,248,248,248,0.0024873,1,0.0024873,0.0024873,0.0024873,3,1,3,3,3,0,1,0,0,0,0,1,0,0,0,14,1,14,14,14,14,1,14,14,14,14,1,14,14,14,1,1,100,0,0,0,0,0,0,0,0,0,0,0,0,0,0,0
24,90,244,1,244,244,244,0.00237752,1,0.00237752,0.00237752,0.00237752,3,1,3,3,3,0,1,0,0,0,0,1,0,0,0,14,1,14,14,14,14,1,14,14,14,14,1,14,14,14,1,1,100,0,0,0,0,0,0,0,0,0,0,0,0,0,0,0
24,90,242,1,242,242,242,0.00267353,1,0.00267353,0.00267353,0.00267353,3,1,3,3,3,0,1,0,0,0,0,1,0,0,0,12,1,12,12,12,12,1,12,12,12,12,1,12,12,12,1,1,100,0,0,0,0,0,0,0,0,0,0,0,0,0,0,0
24,90,253,1,253,253,253,0.00285778,1,0.00285778,0.00285778,0.00285778,3,1,3,3,3,0,1,0,0,0,0,1,0,0,0,14,1,14,14,14,14,1,14,14,14,14,1,14,14,14,1,1,100,0,0,0,0,0,0,0,0,0,0,0,0,0,0,0
24,90,243,1,243,243,243,0.00220706,1,0.00220706,0.00220706,0.00220706,3,1,3,3,3,0,1,0,0,0,0,1,0,0,0,13,1,13,13,13,13,1,13,13,13,13,1,13,13,13,1,1,100,0,0,0,0,0,0,0,0,0,0,0,0,0,0,0
24,90,255,1,255,255,255,0.00282007,1,0.00282007,0.00282007,0.00282007,3,1,3,3,3,0,1,0,0,0,0,1,0,0,0,15,1,15,15,15,15,1,15,15,15,15,1,15,15,15,1,1,100,0,0,0,0,0,0,0,0,0,0,0,0,0,0,0
24,90,247,1,247,247,247,0.00274727,1,0.00274727,0.00274727,0.00274727,3,1,3,3,3,0,1,0,0,0,0,1,0,0,0,13,1,13,13,13,13,1,13,13,13,13,1,13,13,13,1,1,100,0,0,0,0,0,0,0,0,0,0,0,0,0,0,0
24,90,252,1,252,252,252,0.00342663,1,0.00342663,0.00342663,0.00342663,3,1,3,3,3,0,1,0,0,0,0,1,0,0,0,13,1,13,13,13,13,1,13,13,13,13,1,13,13,13,1,1,100,0,0,0,0,0,0,0,0,0,0,0,0,0,0,0
24,90,247,1,247,247,247,0.00264143,1,0.00264143,0.00264143,0.00264143,3,1,3,3,3,0,1,0,0,0,0,1,0,0,0,12,1,12,12,12,12,1,12,12,12,12,1,12,12,12,1,1,100,0,0,0,0,0,0,0,0,0,0,0,0,0,0,0
24,90,251,1,251,251,251,0.00258496,1,0.00258496,0.00258496,0.00258496,3,1,3,3,3,0,1,0,0,0,0,1,0,0,0,16,1,16,16,16,16,1,16,16,16,16,1,16,16,16,1,1,100,0,0,0,0,0,0,0,0,0,0,0,0,0,0,0
24,90,255,1,255,255,255,0.00263334,1,0.00263334,0.00263334,0.00263334,3,1,3,3,3,0,1,0,0,0,0,1,0,0,0,15,1,15,15,15,15,1,15,15,15,15,1,15,15,15,1,1,100,0,0,0,0,0,0,0,0,0,0,0,0,0,0,0
24,90,250,1,250,250,250,0.0027545,1,0.0027545,0.0027545,0.0027545,3,1,3,3,3,0,1,0,0,0,0,1,0,0,0,13,1,13,13,13,13,1,13,13,13,13,1,13,13,13,1,1,100,0,0,0,0,0,0,0,0,0,0,0,0,0,0,0
24,90,250,1,250,250,250,0.00256517,1,0.00256517,0.00256517,0.00256517,3,1,3,3,3,0,1,0,0,0,0,1,0,0,0,14,1,14,14,14,14,1,14,14,14,14,1,14,14,14,1,1,100,0,0,0,0,0,0,0,0,0,0,0,0,0,0,0
24,90,260,1,260,260,260,0.00294986,1,0.00294986,0.00294986,0.00294986,3,1,3,3,3,0,1,0,0,0,0,1,0,0,0,16,1,16,16,16,16,1,16,16,16,16,1,16,16,16,1,1,100,0,0,0,0,0,0,0,0,0,0,0,0,0,0,0
24,90,245,1,245,245,245,0.00949922,1,0.00949922,0.00949922,0.00949922,99,1,99,99,99,1,1,1,1,1,1,1,1,1,1,13,1,13,13,13,14,1,14,14,14,13,1,13,13,13,1,0,0,10,0,0,11,0,0,11,1,9.1,10,10,100,0,0,0
24,90,250,1,250,250,250,0.00983834,1,0.00983834,0.00983834,0.00983834,99,1,99,99,99,1,1,1,1,1,1,1,1,1,1,13,1,13,13,13,14,1,14,14,14,13,1,13,13,13,1,0,0,10,0,0,11,0,0,11,1,9.1,10,10,100,0,0,0
24,90,253,1,253,253,253,0.00962899,1,0.00962899,0.00962899,0.00962899,90,1,90,90,90,1,1,1,1,1,1,1,1,1,1,13,1,13,13,13,14,1,14,14,14,13,1,13,13,13,1,0,0,9,0,0,10,0,0,10,1,10,9,9,100,0,0,0
24,90,251,1,251,251,251,0.00270198,1,0.00270198,0.00270198,0.00270198,3,1,3,3,3,0,1,0,0,0,0,1,0,0,0,14,1,14,14,14,14,1,14,14,14,14,1,14,14,14,1,1,100,0,0,0,0,0,0,0,0,0,0,0,0,0,0,0
24,90,254,1,254,254,254,0.00289755,1,0.00289755,0.00289755,0.00289755,3,1,3,3,3,0,1,0,0,0,0,1,0,0,0,14,1,14,14,14,14,1,14,14,14,14,1,14,14,14,1,1,100,0,0,0,0,0,0,0,0,0,0,0,0,0,0,0
24,90,248,1,248,248,248,0.00668288,1,0.00668288,0.00668288,0.00668288,64,1,64,64,64,1,1,1,1,1,1,1,1,1,1,15,1,15,15,15,16,1,16,16,16,15,1,15,15,15,1,0,0,5,0,0,8,0,0,8,3,37.5,5,5,100,0,0,0
24,90,248,1,248,248,248,0.00273499,1,0.00273499,0.00273499,0.00273499,3,1,3,3,3,0,1,0,0,0,0,1,0,0,0,16,1,16,16,16,16,1,16,16,16,16,1,16,16,16,1,1,100,0,0,0,0,0,0,0,0,0,0,0,0,0,0,0
24,90,251,1,251,251,251,0.00259543,1,0.00259543,0.00259543,0.00259543,3,1,3,3,3,0,1,0,0,0,0,1,0,0,0,16,1,16,16,16,16,1,16,16,16,16,1,16,16,16,1,1,100,0,0,0,0,0,0,0,0,0,0,0,0,0,0,0
24,90,251,1,251,251,251,0.00247776,1,0.00247776,0.00247776,0.00247776,3,1,3,3,3,0,1,0,0,0,0,1,0,0,0,15,1,15,15,15,15,1,15,15,15,15,1,15,15,15,1,1,100,0,0,0,0,0,0,0,0,0,0,0,0,0,0,0
24,90,247,1,247,247,247,0.00907227,1,0.00907227,0.00907227,0.00907227,86,1,86,86,86,1,1,1,1,1,1,1,1,1,1,13,1,13,13,13,14,1,14,14,14,13,1,13,13,13,1,0,0,8,0,0,10,0,0,10,2,20,8,8,100,0,0,0
24,90,237,1,237,237,237,0.00875844,1,0.00875844,0.00875844,0.00875844,91,1,91,91,91,1,1,1,1,1,1,1,1,1,1,13,1,13,13,13,14,1,14,14,14,13,1,13,13,13,1,0,0,8,0,0,11,0,0,11,3,27.3,8,8,100,0,0,0
24,90,242,1,242,242,242,0.00287449,1,0.00287449,0.00287449,0.00287449,3,1,3,3,3,0,1,0,0,0,0,1,0,0,0,13,1,13,13,13,13,1,13,13,13,13,1,13,13,13,1,1,100,0,0,0,0,0,0,0,0,0,0,0,0,0,0,0
24,90,235,1,235,235,235,0.00227405,1,0.00227405,0.00227405,0.00227405,3,1,3,3,3,0,1,0,0,0,0,1,0,0,0,12,1,12,12,12,12,1,12,12,12,12,1,12,12,12,1,1,100,0,0,0,0,0,0,0,0,0,0,0,0,0,0,0
24,90,248,1,248,248,248,0.0125184,1,0.0125184,0.0125184,0.0125184,140,1,140,140,140,7,1,7,7,7,4,1,4,4,4,12,1,12,12,12,13,1,13,13,13,13,1,13,13,13,1,0,0,14,4,28.6,14,0,0,14,0,0,10,7,70,3,0,0
24,90,244,1,244,244,244,0.00257225,1,0.00257225,0.00257225,0.00257225,3,1,3,3,3,0,1,0,0,0,0,1,0,0,0,14,1,14,14,14,14,1,14,14,14,14,1,14,14,14,1,1,100,0,0,0,0,0,0,0,0,0,0,0,0,0,0,0
24,90,250,1,250,250,250,0.00291237,1,0.00291237,0.00291237,0.00291237,3,1,3,3,3,0,1,0,0,0,0,1,0,0,0,13,1,13,13,13,13,1,13,13,13,13,1,13,13,13,1,1,100,0,0,0,0,0,0,0,0,0,0,0,0,0,0,0
24,90,248,1,248,248,248,0.00284073,1,0.00284073,0.00284073,0.00284073,3,1,3,3,3,0,1,0,0,0,0,1,0,0,0,13,1,13,13,13,13,1,13,13,13,13,1,13,13,13,1,1,100,0,0,0,0,0,0,0,0,0,0,0,0,0,0,0
24,90,248,1,248,248,248,0.0106545,1,0.0106545,0.0106545,0.0106545,95,1,95,95,95,1,1,1,1,1,1,1,1,1,1,12,1,12,12,12,13,1,13,13,13,12,1,12,12,12,1,0,0,9,0,0,11,0,0,11,2,18.2,9,9,100,0,0,0
24,90,248,1,248,248,248,0.00271221,1,0.00271221,0.00271221,0.00271221,3,1,3,3,3,0,1,0,0,0,0,1,0,0,0,14,1,14,14,14,14,1,14,14,14,14,1,14,14,14,1,1,100,0,0,0,0,0,0,0,0,0,0,0,0,0,0,0
24,90,252,1,252,252,252,0.00281855,1,0.00281855,0.00281855,0.00281855,3,1,3,3,3,0,1,0,0,0,0,1,0,0,0,15,1,15,15,15,15,1,15,15,15,15,1,15,15,15,1,1,100,0,0,0,0,0,0,0,0,0,0,0,0,0,0,0
24,90,245,1,245,245,245,0.00913602,1,0.00913602,0.00913602,0.00913602,82,1,82,82,82,1,1,1,1,1,1,1,1,1,1,13,1,13,13,13,14,1,14,14,14,13,1,13,13,13,1,0,0,7,0,0,10,0,0,10,3,30,7,7,100,0,0,0
24,90,247,1,247,247,247,0.0091857,1,0.0091857,0.0091857,0.0091857,99,1,99,99,99,1,1,1,1,1,1,1,1,1,1,13,1,13,13,13,14,1,14,14,14,13,1,13,13,13,1,0,0,10,0,0,11,0,0,11,1,9.1,10,10,100,0,0,0
24,90,254,1,254,254,254,0.00290747,1,0.00290747,0.00290747,0.00290747,3,1,3,3,3,0,1,0,0,0,0,1,0,0,0,15,1,15,15,15,15,1,15,15,15,15,1,15,15,15,1,1,100,0,0,0,0,0,0,0,0,0,0,0,0,0,0,0
24,90,258,1,258,258,258,0.00300267,1,0.00300267,0.00300267,0.00300267,3,1,3,3,3,0,1,0,0,0,0,1,0,0,0,17,1,17,17,17,17,1,17,17,17,17,1,17,17,17,1,1,100,0,0,0,0,0,0,0,0,0,0,0,0,0,0,0
24,90,247,1,247,247,247,0.00248747,1,0.00248747,0.00248747,0.00248747,3,1,3,3,3,0,1,0,0,0,0,1,0,0,0,15,1,15,15,15,15,1,15,15,15,15,1,15,15,15,1,1,100,0,0,0,0,0,0,0,0,0,0,0,0,0,0,0
24,90,255,1,255,255,255,0.00319291,1,0.00319291,0.00319291,0.00319291,3,1,3,3,3,0,1,0,0,0,0,1,0,0,0,13,1,13,13,13,13,1,13,13,13,13,1,13,13,13,1,1,100,0,0,0,0,0,0,0,0,0,0,0,0,0,0,0
24,90,247,1,247,247,247,0.00906827,1,0.00906827,0.00906827,0.00906827,81,1,81,81,81,1,1,1,1,1,1,1,1,1,1,14,1,14,14,14,15,1,15,15,15,14,1,14,14,14,1,0,0,8,0,0,9,0,0,9,1,11.1,8,8,100,0,0,0
24,90,244,1,244,244,244,0.0029515,1,0.0029515,0.0029515,0.0029515,3,1,3,3,3,0,1,0,0,0,0,1,0,0,0,12,1,12,12,12,12,1,12,12,12,12,1,12,12,12,1,1,100,0,0,0,0,0,0,0,0,0,0,0,0,0,0,0
24,90,252,1,252,252,252,0.0027241,1,0.0027241,0.0027241,0.0027241,3,1,3,3,3,0,1,0,0,0,0,1,0,0,0,15,1,15,15,15,15,1,15,15,15,15,1,15,15,15,1,1,100,0,0,0,0,0,0,0,0,0,0,0,0,0,0,0
24,90,244,1,244,244,244,0.00263401,1,0.00263401,0.00263401,0.00263401,3,1,3,3,3,0,1,0,0,0,0,1,0,0,0,13,1,13,13,13,13,1,13,13,13,13,1,13,13,13,1,1,100,0,0,0,0,0,0,0,0,0,0,0,0,0,0,0
24,90,246,1,246,246,246,0.00254617,1,0.00254617,0.00254617,0.00254617,3,1,3,3,3,0,1,0,0,0,0,1,0,0,0,15,1,15,15,15,15,1,15,15,15,15,1,15,15,15,1,1,100,0,0,0,0,0,0,0,0,0,0,0,0,0,0,0
24,90,244,1,244,244,244,0.00238313,1,0.00238313,0.00238313,0.00238313,3,1,3,3,3,0,1,0,0,0,0,1,0,0,0,14,1,14,14,14,14,1,14,14,14,14,1,14,14,14,1,1,100,0,0,0,0,0,0,0,0,0,0,0,0,0,0,0
24,90,258,1,258,258,258,0.00272257,1,0.00272257,0.00272257,0.00272257,3,1,3,3,3,0,1,0,0,0,0,1,0,0,0,16,1,16,16,16,16,1,16,16,16,16,1,16,16,16,1,1,100,0,0,0,0,0,0,0,0,0,0,0,0,0,0,0
24,90,248,1,248,248,248,0.00328698,1,0.00328698,0.00328698,0.00328698,3,1,3,3,3,0,1,0,0,0,0,1,0,0,0,13,1,13,13,13,13,1,13,13,13,13,1,13,13,13,1,1,100,0,0,0,0,0,0,0,0,0,0,0,0,0,0,0
24,90,250,1,250,250,250,0.00257765,1,0.00257765,0.00257765,0.00257765,3,1,3,3,3,0,1,0,0,0,0,1,0,0,0,16,1,16,16,16,16,1,16,16,16,16,1,16,16,16,1,1,100,0,0,0,0,0,0,0,0,0,0,0,0,0,0,0
24,90,245,1,245,245,245,0.00254719,1,0.00254719,0.00254719,0.00254719,3,1,3,3,3,0,1,0,0,0,0,1,0,0,0,14,1,14,14,14,14,1,14,14,14,14,1,14,14,14,1,1,100,0,0,0,0,0,0,0,0,0,0,0,0,0,0,0
24,90,246,1,246,246,246,0.00241288,1,0.00241288,0.00241288,0.00241288,3,1,3,3,3,0,1,0,0,0,0,1,0,0,0,15,1,15,15,15,15,1,15,15,15,15,1,15,15,15,1,1,100,0,0,0,0,0,0,0,0,0,0,0,0,0,0,0
24,90,253,1,253,253,253,0.00257068,1,0.00257068,0.00257068,0.00257068,3,1,3,3,3,0,1,0,0,0,0,1,0,0,0,14,1,14,14,14,14,1,14,14,14,14,1,14,14,14,1,1,100,0,0,0,0,0,0,0,0,0,0,0,0,0,0,0
24,90,252,1,252,252,252,0.00264449,1,0.00264449,0.00264449,0.00264449,3,1,3,3,3,0,1,0,0,0,0,1,0,0,0,14,1,14,14,14,14,1,14,14,14,14,1,14,14,14,1,1,100,0,0,0,0,0,0,0,0,0,0,0,0,0,0,0
24,90,238,1,238,238,238,0.00896041,1,0.00896041,0.00896041,0.00896041,117,1,117,117,117,1,1,1,1,1,1,1,1,1,1,11,1,11,11,11,12,1,12,12,12,11,1,11,11,11,1,0,0,12,0,0,13,0,0,13,1,7.7,12,12,100,0,0,0
24,90,245,1,245,245,245,0.0028128,1,0.0028128,0.0028128,0.0028128,3,1,3,3,3,0,1,0,0,0,0,1,0,0,0,12,1,12,12,12,12,1,12,12,12,12,1,12,12,12,1,1,100,0,0,0,0,0,0,0,0,0,0,0,0,0,0,0
24,90,244,1,244,244,244,0.00238915,1,0.00238915,0.00238915,0.00238915,3,1,3,3,3,0,1,0,0,0,0,1,0,0,0,14,1,14,14,14,14,1,14,14,14,14,1,14,14,14,1,1,100,0,0,0,0,0,0,0,0,0,0,0,0,0,0,0
24,90,253,1,253,253,253,0.00284597,1,0.00284597,0.00284597,0.00284597,3,1,3,3,3,0,1,0,0,0,0,1,0,0,0,17,1,17,17,17,17,1,17,17,17,17,1,17,17,17,1,1,100,0,0,0,0,0,0,0,0,0,0,0,0,0,0,0
24,90,261,1,261,261,261,0.00289071,1,0.00289071,0.00289071,0.00289071,3,1,3,3,3,0,1,0,0,0,0,1,0,0,0,16,1,16,16,16,16,1,16,16,16,16,1,16,16,16,1,1,100,0,0,0,0,0,0,0,0,0,0,0,0,0,0,0
24,90,244,1,244,244,244,0.0137638,1,0.0137638,0.0137638,0.0137638,157,1,157,157,157,8,1,8,8,8,5,1,5,5,5,13,1,13,13,13,14,1,14,14,14,13,1,13,13,13,1,0,0,15,3,20,16,0,0,16,1,6.3,12,8,66.7,4,0,0
24,90,245,1,245,245,245,0.00922282,1,0.00922282,0.00922282,0.00922282,99,1,99,99,99,1,1,1,1,1,1,1,1,1,1,13,1,13,13,13,14,1,14,14,14,13,1,13,13,13,1,0,0,10,0,0,11,0,0,11,1,9.1,10,10,100,0,0,0
24,90,247,1,247,247,247,0.00341267,1,0.00341267,0.00341267,0.00341267,3,1,3,3,3,0,1,0,0,0,0,1,0,0,0,12,1,12,12,12,12,1,12,12,12,12,1,12,12,12,1,1,100,0,0,0,0,0,0,0,0,0,0,0,0,0,0,0
24,90,253,1,253,253,253,0.00277296,1,0.00277296,0.00277296,0.00277296,3,1,3,3,3,0,1,0,0,0,0,1,0,0,0,14,1,14,14,14,14,1,14,14,14,14,1,14,14,14,1,1,100,0,0,0,0,0,0,0,0,0,0,0,0,0,0,0
24,90,245,1,245,245,245,0.0074349,1,0.0074349,0.0074349,0.0074349,77,1,77,77,77,1,1,1,1,1,1,1,1,1,1,13,1,13,13,13,14,1,14,14,14,13,1,13,13,13,1,0,0,7,0,0,9,0,0,9,2,22.2,7,7,100,0,0,0
24,90,240,1,240,240,240,0.0213584,1,0.0213584,0.0213584,0.0213584,297,1,297,297,297,15,1,15,15,15,5,1,5,5,5,11,1,11,11,11,13,1,13,13,13,12,1,12,12,12,1,0,0,28,6,21.4,31,1,3.2,30,2,6.7,22,15,68.2,7,0,0
24,90,251,1,251,251,251,0.0027774,1,0.0027774,0.0027774,0.0027774,3,1,3,3,3,0,1,0,0,0,0,1,0,0,0,15,1,15,15,15,15,1,15,15,15,15,1,15,15,15,1,1,100,0,0,0,0,0,0,0,0,0,0,0,0,0,0,0
24,90,256,1,256,256,256,0.00301795,1,0.00301795,0.00301795,0.00301795,3,1,3,3,3,0,1,0,0,0,0,1,0,0,0,14,1,14,14,14,14,1,14,14,14,14,1,14,14,14,1,1,100,0,0,0,0,0,0,0,0,0,0,0,0,0,0,0
24,90,247,1,247,247,247,0.0033123,1,0.0033123,0.0033123,0.0033123,3,1,3,3,3,0,1,0,0,0,0,1,0,0,0,12,1,12,12,12,12,1,12,12,12,12,1,12,12,12,1,1,100,0,0,0,0,0,0,0,0,0,0,0,0,0,0,0
24,90,245,1,245,245,245,0.00314722,1,0.00314722,0.00314722,0.00314722,3,1,3,3,3,0,1,0,0,0,0,1,0,0,0,12,1,12,12,12,12,1,12,12,12,12,1,12,12,12,1,1,100,0,0,0,0,0,0,0,0,0,0,0,0,0,0,0
24,90,244,1,244,244,244,0.00309331,1,0.00309331,0.00309331,0.00309331,3,1,3,3,3,0,1,0,0,0,0,1,0,0,0,12,1,12,12,12,12,1,12,12,12,12,1,12,12,12,1,1,100,0,0,0,0,0,0,0,0,0,0,0,0,0,0,0
