n,p,time_total,time_count,time_mean,time_min,time_max,steps_total,steps_count,steps_mean,steps_min,steps_max,number_total,number_count,number_mean,number_min,number_max
20,40,3.4433e-05,1,3.4433e-05,3.4433e-05,3.4433e-05,232,1,232,232,232,6,1,6,6,6
20,40,3.4197e-05,1,3.4197e-05,3.4197e-05,3.4197e-05,235,1,235,235,235,6,1,6,6,6
20,40,3.2478e-05,1,3.2478e-05,3.2478e-05,3.2478e-05,233,1,233,233,233,5,1,5,5,5
20,40,3.4829e-05,1,3.4829e-05,3.4829e-05,3.4829e-05,235,1,235,235,235,7,1,7,7,7
20,40,3.4264e-05,1,3.4264e-05,3.4264e-05,3.4264e-05,230,1,230,230,230,5,1,5,5,5
20,40,3.4328e-05,1,3.4328e-05,3.4328e-05,3.4328e-05,226,1,226,226,226,6,1,6,6,6
20,40,3.219e-05,1,3.219e-05,3.219e-05,3.219e-05,222,1,222,222,222,5,1,5,5,5
20,40,3.2535e-05,1,3.2535e-05,3.2535e-05,3.2535e-05,225,1,225,225,225,5,1,5,5,5
20,40,3.2886e-05,1,3.2886e-05,3.2886e-05,3.2886e-05,231,1,231,231,231,6,1,6,6,6
20,40,3.3439e-05,1,3.3439e-05,3.3439e-05,3.3439e-05,220,1,220,220,220,5,1,5,5,5
20,40,3.3629e-05,1,3.3629e-05,3.3629e-05,3.3629e-05,232,1,232,232,232,5,1,5,5,5
20,40,3.4043e-05,1,3.4043e-05,3.4043e-05,3.4043e-05,228,1,228,228,228,5,1,5,5,5
20,40,3.4084e-05,1,3.4084e-05,3.4084e-05,3.4084e-05,224,1,224,224,224,5,1,5,5,5
20,40,3.5033e-05,1,3.5033e-05,3.5033e-05,3.5033e-05,231,1,231,231,231,6,1,6,6,6
20,40,3.5299e-05,1,3.5299e-05,3.5299e-05,3.5299e-05,226,1,226,226,226,6,1,6,6,6
20,40,3.4956e-05,1,3.4956e-05,3.4956e-05,3.4956e-05,227,1,227,227,227,6,1,6,6,6
20,40,3.5149e-05,1,3.5149e-05,3.5149e-05,3.5149e-05,224,1,224,224,224,5,1,5,5,5
20,40,3.3289e-05,1,3.3289e-05,3.3289e-05,3.3289e-05,224,1,224,224,224,5,1,5,5,5
20,40,3.3462e-05,1,3.3462e-05,3.3462e-05,3.3462e-05,234,1,234,234,234,6,1,6,6,6
20,40,3.3605e-05,1,3.3605e-05,3.3605e-05,3.3605e-05,229,1,229,229,229,6,1,6,6,6
20,40,3.4999e-05,1,3.4999e-05,3.4999e-05,3.4999e-05,225,1,225,225,225,6,1,6,6,6
20,40,3.3493e-05,1,3.3493e-05,3.3493e-05,3.3493e-05,231,1,231,231,231,6,1,6,6,6
20,40,3.3007e-05,1,3.3007e-05,3.3007e-05,3.3007e-05,228,1,228,228,228,5,1,5,5,5
20,40,3.3017e-05,1,3.3017e-05,3.3017e-05,3.3017e-05,235,1,235,235,235,6,1,6,6,6
20,40,3.3949e-05,1,3.3949e-05,3.3949e-05,3.3949e-05,227,1,227,227,227,5,1,5,5,5
20,40,3.2866e-05,1,3.2866e-05,3.2866e-05,3.2866e-05,236,1,236,236,236,6,1,6,6,6
20,40,3.3889e-05,1,3.3889e-05,3.3889e-05,3.3889e-05,230,1,230,230,230,6,1,6,6,6
20,40,3.3192e-05,1,3.3192e-05,3.3192e-05,3.3192e-05,223,1,223,223,223,5,1,5,5,5
20,40,3.4014e-05,1,3.4014e-05,3.4014e-05,3.4014e-05,220,1,220,220,220,5,1,5,5,5
20,40,3.3649e-05,1,3.3649e-05,3.3649e-05,3.3649e-05,235,1,235,235,235,6,1,6,6,6
20,40,3.4246e-05,1,3.4246e-05,3.4246e-05,3.4246e-05,232,1,232,232,232,5,1,5,5,5
20,40,3.3947e-05,1,3.3947e-05,3.3947e-05,3.3947e-05,237,1,237,237,237,6,1,6,6,6
20,40,3.4428e-05,1,3.4428e-05,3.4428e-05,3.4428e-05,236,1,236,236,236,6,1,6,6,6
20,40,3.2839e-05,1,3.2839e-05,3.2839e-05,3.2839e-05,236,1,236,236,236,6,1,6,6,6
20,40,3.3622e-05,1,3.3622e-05,3.3622e-05,3.3622e-05,231,1,231,231,231,6,1,6,6,6
20,40,3.3609e-05,1,3.3609e-05,3.3609e-05,3.3609e-05,230,1,230,230,230,6,1,6,6,6
20,40,3.8807e-05,1,3.8807e-05,3.8807e-05,3.8807e-05,227,1,227,227,227,6,1,6,6,6
20,40,3.478e-05,1,3.478e-05,3.478e-05,3.478e-05,232,1,232,232,232,6,1,6,6,6
20,40,3.4072e-05,1,3.4072e-05,3.4072e-05,3.4072e-05,224,1,224,224,224,5,1,5,5,5
20,40,3.3537e-05,1,3.3537e-05,3.3537e-05,3.3537e-05,227,1,227,227,227,5,1,5,5,5
20,40,3.3084e-05,1,3.3084e-05,3.3084e-05,3.3084e-05,227,1,227,227,227,5,1,5,5,5
20,40,3.3398e-05,1,3.3398e-05,3.3398e-05,3.3398e-05,234,1,234,234,234,6,1,6,6,6
20,40,3.3251e-05,1,3.3251e-05,3.3251e-05,3.3251e-05,238,1,238,238,238,6,1,6,6,6
20,40,3.2724e-05,1,3.2724e-05,3.2724e-05,3.2724e-05,225,1,225,225,225,5,1,5,5,5
20,40,3.3505e-05,1,3.3505e-05,3.3505e-05,3.3505e-05,229,1,229,229,229,5,1,5,5,5
20,40,3.7347e-05,1,3.7347e-05,3.7347e-05,3.7347e-05,229,1,229,229,229,6,1,6,6,6
20,40,5.1596e-05,1,5.1596e-05,5.1596e-05,5.1596e-05,220,1,220,220,220,5,1,5,5,5
20,40,3.3574e-05,1,3.3574e-05,3.3574e-05,3.3574e-05,223,1,223,223,223,5,1,5,5,5
20,40,3.2926e-05,1,3.2926e-05,3.2926e-05,3.2926e-05,233,1,233,233,233,5,1,5,5,5
20,40,3.3084e-05,1,3.3084e-05,3.3084e-05,3.3084e-05,226,1,226,226,226,5,1,5,5,5
20,40,3.3673e-05,1,3.3673e-05,3.3673e-05,3.3673e-05,227,1,227,227,227,5,1,5,5,5
20,40,3.3865e-05,1,3.3865e-05,3.3865e-05,3.3865e-05,233,1,233,233,233,6,1,6,6,6
20,40,3.372e-05,1,3.372e-05,3.372e-05,3.372e-05,232,1,232,232,232,6,1,6,6,6
20,40,3.3341e-05,1,3.3341e-05,3.3341e-05,3.3341e-05,229,1,229,229,229,5,1,5,5,5
20,40,3.3101e-05,1,3.3101e-05,3.3101e-05,3.3101e-05,232,1,232,232,232,6,1,6,6,6
20,40,3.3142e-05,1,3.3142e-05,3.3142e-05,3.3142e-05,223,1,223,223,223,5,1,5,5,5
20,40,3.3156e-05,1,3.3156e-05,3.3156e-05,3.3156e-05,229,1,229,229,229,6,1,6,6,6
20,40,3.3579e-05,1,3.3579e-05,3.3579e-05,3.3579e-05,238,1,238,238,238,6,1,6,6,6
20,40,3.2864e-05,1,3.2864e-05,3.2864e-05,3.2864e-05,235,1,235,235,235,6,1,6,6,6
20,40,3.4326e-05,1,3.4326e-05,3.4326e-05,3.4326e-05,224,1,224,224,224,5,1,5,5,5
20,40,3.3535e-05,1,3.3535e-05,3.3535e-05,3.3535e-05,226,1,226,226,226,5,1,5,5,5
20,40,4.9489e-05,1,4.9489e-05,4.9489e-05,4.9489e-05,231,1,231,231,231,5,1,5,5,5
20,40,3.3232e-05,1,3.3232e-05,3.3232e-05,3.3232e-05,229,1,229,229,229,5,1,5,5,5
20,40,3.3386e-05,1,3.3386e-05,3.3386e-05,3.3386e-05,225,1,225,225,225,5,1,5,5,5
20,40,3.3634e-05,1,3.3634e-05,3.3634e-05,3.3634e-05,222,1,222,222,222,5,1,5,5,5
20,40,3.3611e-05,1,3.3611e-05,3.3611e-05,3.3611e-05,225,1,225,225,225,6,1,6,6,6
20,40,3.3022e-05,1,3.3022e-05,3.3022e-05,3.3022e-05,229,1,229,229,229,6,1,6,6,6
20,40,3.3746e-05,1,3.3746e-05,3.3746e-05,3.3746e-05,227,1,227,227,227,5,1,5,5,5
20,40,3.4136e-05,1,3.4136e-05,3.4136e-05,3.4136e-05,229,1,229,229,229,5,1,5,5,5
20,40,3.2816e-05,1,3.2816e-05,3.2816e-05,3.2816e-05,227,1,227,227,227,5,1,5,5,5
20,40,3.3728e-05,1,3.3728e-05,3.3728e-05,3.3728e-05,227,1,227,227,227,6,1,6,6,6
20,40,3.6009e-05,1,3.6009e-05,3.6009e-05,3.6009e-05,232,1,232,232,232,6,1,6,6,6
20,40,3.4949e-05,1,3.4949e-05,3.4949e-05,3.4949e-05,238,1,238,238,238,6,1,6,6,6
20,40,3.5173e-05,1,3.5173e-05,3.5173e-05,3.5173e-05,226,1,226,226,226,6,1,6,6,6
20,40,3.3543e-05,1,3.3543e-05,3.3543e-05,3.3543e-05,223,1,223,223,223,6,1,6,6,6
20,40,3.3599e-05,1,3.3599e-05,3.3599e-05,3.3599e-05,230,1,230,230,230,6,1,6,6,6
20,40,3.3236e-05,1,3.3236e-05,3.3236e-05,3.3236e-05,223,1,223,223,223,5,1,5,5,5
20,40,3.4267e-05,1,3.4267e-05,3.4267e-05,3.4267e-05,229,1,229,229,229,5,1,5,5,5
20,40,3.3043e-05,1,3.3043e-05,3.3043e-05,3.3043e-05,223,1,223,223,223,5,1,5,5,5
20,40,3.3664e-05,1,3.3664e-05,3.3664e-05,3.3664e-05,234,1,234,234,234,6,1,6,6,6
20,40,3.3722e-05,1,3.3722e-05,3.3722e-05,3.3722e-05,225,1,225,225,225,5,1,5,5,5
20,40,3.3817e-05,1,3.3817e-05,3.3817e-05,3.3817e-05,228,1,228,228,228,6,1,6,6,6
20,40,3.4063e-05,1,3.4063e-05,3.4063e-05,3.4063e-05,227,1,227,227,227,5,1,5,5,5
20,40,3.3778e-05,1,3.3778e-05,3.3778e-05,3.3778e-05,223,1,223,223,223,5,1,5,5,5
20,40,3.3437e-05,1,3.3437e-05,3.3437e-05,3.3437e-05,232,1,232,232,232,6,1,6,6,6
20,40,3.3141e-05,1,3.3141e-05,3.3141e-05,3.3141e-05,229,1,229,229,229,5,1,5,5,5
20,40,3.3583e-05,1,3.3583e-05,3.3583e-05,3.3583e-05,231,1,231,231,231,6,1,6,6,6
20,40,3.4831e-05,1,3.4831e-05,3.4831e-05,3.4831e-05,229,1,229,229,229,6,1,6,6,6
20,40,3.4789e-05,1,3.4789e-05,3.4789e-05,3.4789e-05,230,1,230,230,230,5,1,5,5,5
20,40,3.3579e-05,1,3.3579e-05,3.3579e-05,3.3579e-05,229,1,229,229,229,5,1,5,5,5
20,40,3.3173e-05,1,3.3173e-05,3.3173e-05,3.3173e-05,222,1,222,222,222,4,1,4,4,4
20,40,3.2539e-05,1,3.2539e-05,3.2539e-05,3.2539e-05,230,1,230,230,230,6,1,6,6,6
20,40,3.3565e-05,1,3.3565e-05,3.3565e-05,3.3565e-05,229,1,229,229,229,6,1,6,6,6
20,40,3.3431e-05,1,3.3431e-05,3.3431e-05,3.3431e-05,229,1,229,229,229,6,1,6,6,6
20,40,3.3258e-05,1,3.3258e-05,3.3258e-05,3.3258e-05,228,1,228,228,228,5,1,5,5,5
20,40,3.3957e-05,1,3.3957e-05,3.3957e-05,3.3957e-05,228,1,228,228,228,5,1,5,5,5
20,40,3.3234e-05,1,3.3234e-05,3.3234e-05,3.3234e-05,233,1,233,233,233,5,1,5,5,5
20,40,3.3627e-05,1,3.3627e-05,3.3627e-05,3.3627e-05,222,1,222,222,222,5,1,5,5,5
20,40,3.3454e-05,1,3.3454e-05,3.3454e-05,3.3454e-05,236,1,236,236,236,6,1,6,6,6
20,40,3.3301e-05,1,3.3301e-05,3.3301e-05,3.3301e-05,233,1,233,233,233,6,1,6,6,6
20,40,3.2672e-05,1,3.2672e-05,3.2672e-05,3.2672e-05,226,1,226,226,226,5,1,5,5,5
20,40,3.4473e-05,1,3.4473e-05,3.4473e-05,3.4473e-05,234,1,234,234,234,6,1,6,6,6
20,40,3.2342e-05,1,3.2342e-05,3.2342e-05,3.2342e-05,228,1,228,228,228,5,1,5,5,5
20,40,3.2745e-05,1,3.2745e-05,3.2745e-05,3.2745e-05,223,1,223,223,223,5,1,5,5,5
20,40,3.3759e-05,1,3.3759e-05,3.3759e-05,3.3759e-05,225,1,225,225,225,5,1,5,5,5
20,40,3.3291e-05,1,3.3291e-05,3.3291e-05,3.3291e-05,225,1,225,225,225,5,1,5,5,5
20,40,3.4638e-05,1,3.4638e-05,3.4638e-05,3.4638e-05,235,1,235,235,235,5,1,5,5,5
20,40,3.3194e-05,1,3.3194e-05,3.3194e-05,3.3194e-05,230,1,230,230,230,6,1,6,6,6
20,40,3.5946e-05,1,3.5946e-05,3.5946e-05,3.5946e-05,223,1,223,223,223,5,1,5,5,5
20,40,3.5066e-05,1,3.5066e-05,3.5066e-05,3.5066e-05,235,1,235,235,235,6,1,6,6,6
20,40,5.0109e-05,1,5.0109e-05,5.0109e-05,5.0109e-05,223,1,223,223,223,5,1,5,5,5
20,40,3.4379e-05,1,3.4379e-05,3.4379e-05,3.4379e-05,223,1,223,223,223,5,1,5,5,5
20,40,3.4052e-05,1,3.4052e-05,3.4052e-05,3.4052e-05,227,1,227,227,227,5,1,5,5,5
20,40,3.2208e-05,1,3.2208e-05,3.2208e-05,3.2208e-05,226,1,226,226,226,5,1,5,5,5
20,40,3.1884e-05,1,3.1884e-05,3.1884e-05,3.1884e-05,222,1,222,222,222,5,1,5,5,5
20,40,3.3706e-05,1,3.3706e-05,3.3706e-05,3.3706e-05,229,1,229,229,229,6,1,6,6,6
20,40,3.38e-05,1,3.38e-05,3.38e-05,3.38e-05,222,1,222,222,222,5,1,5,5,5
20,40,3.3042e-05,1,3.3042e-05,3.3042e-05,3.3042e-05,227,1,227,227,227,5,1,5,5,5
20,40,3.3621e-05,1,3.3621e-05,3.3621e-05,3.3621e-05,228,1,228,228,228,5,1,5,5,5
20,40,3.3381e-05,1,3.3381e-05,3.3381e-05,3.3381e-05,225,1,225,225,225,5,1,5,5,5
20,40,3.3352e-05,1,3.3352e-05,3.3352e-05,3.3352e-05,220,1,220,220,220,4,1,4,4,4
20,40,3.3205e-05,1,3.3205e-05,3.3205e-05,3.3205e-05,236,1,236,236,236,7,1,7,7,7
20,40,3.3618e-05,1,3.3618e-05,3.3618e-05,3.3618e-05,228,1,228,228,228,5,1,5,5,5
20,40,3.3803e-05,1,3.3803e-05,3.3803e-05,3.3803e-05,230,1,230,230,230,6,1,6,6,6
20,40,3.3616e-05,1,3.3616e-05,3.3616e-05,3.3616e-05,231,1,231,231,231,6,1,6,6,6
20,40,3.4144e-05,1,3.4144e-05,3.4144e-05,3.4144e-05,227,1,227,227,227,5,1,5,5,5
20,40,3.3575e-05,1,3.3575e-05,3.3575e-05,3.3575e-05,229,1,229,229,229,6,1,6,6,6
20,40,3.4526e-05,1,3.4526e-05,3.4526e-05,3.4526e-05,224,1,224,224,224,5,1,5,5,5
20,40,3.3101e-05,1,3.3101e-05,3.3101e-05,3.3101e-05,227,1,227,227,227,5,1,5,5,5
20,40,3.4664e-05,1,3.4664e-05,3.4664e-05,3.4664e-05,221,1,221,221,221,5,1,5,5,5
20,40,5.1536e-05,1,5.1536e-05,5.1536e-05,5.1536e-05,229,1,229,229,229,5,1,5,5,5
20,40,3.5936e-05,1,3.5936e-05,3.5936e-05,3.5936e-05,232,1,232,232,232,6,1,6,6,6
20,40,3.5833e-05,1,3.5833e-05,3.5833e-05,3.5833e-05,235,1,235,235,235,7,1,7,7,7
20,40,3.4183e-05,1,3.4183e-05,3.4183e-05,3.4183e-05,226,1,226,226,226,6,1,6,6,6
20,40,3.343e-05,1,3.343e-05,3.343e-05,3.343e-05,234,1,234,234,234,6,1,6,6,6
20,40,3.4066e-05,1,3.4066e-05,3.4066e-05,3.4066e-05,225,1,225,225,225,5,1,5,5,5
20,40,3.8589e-05,1,3.8589e-05,3.8589e-05,3.8589e-05,219,1,219,219,219,4,1,4,4,4
20,40,3.3886e-05,1,3.3886e-05,3.3886e-05,3.3886e-05,225,1,225,225,225,5,1,5,5,5
20,40,3.4253e-05,1,3.4253e-05,3.4253e-05,3.4253e-05,233,1,233,233,233,5,1,5,5,5
20,40,3.375e-05,1,3.375e-05,3.375e-05,3.375e-05,228,1,228,228,228,6,1,6,6,6
20,40,3.3845e-05,1,3.3845e-05,3.3845e-05,3.3845e-05,225,1,225,225,225,5,1,5,5,5
20,40,3.3126e-05,1,3.3126e-05,3.3126e-05,3.3126e-05,230,1,230,230,230,5,1,5,5,5
20,40,3.3078e-05,1,3.3078e-05,3.3078e-05,3.3078e-05,231,1,231,231,231,5,1,5,5,5
20,40,3.3632e-05,1,3.3632e-05,3.3632e-05,3.3632e-05,225,1,225,225,225,5,1,5,5,5
20,40,3.2717e-05,1,3.2717e-05,3.2717e-05,3.2717e-05,225,1,225,225,225,5,1,5,5,5
20,40,3.3568e-05,1,3.3568e-05,3.3568e-05,3.3568e-05,228,1,228,228,228,5,1,5,5,5
20,40,3.5769e-05,1,3.5769e-05,3.5769e-05,3.5769e-05,233,1,233,233,233,6,1,6,6,6
20,40,3.2945e-05,1,3.2945e-05,3.2945e-05,3.2945e-05,225,1,225,225,225,6,1,6,6,6
20,40,3.3615e-05,1,3.3615e-05,3.3615e-05,3.3615e-05,225,1,225,225,225,5,1,5,5,5
20,40,3.4429e-05,1,3.4429e-05,3.4429e-05,3.4429e-05,232,1,232,232,232,5,1,5,5,5
20,40,3.3959e-05,1,3.3959e-05,3.3959e-05,3.3959e-05,237,1,237,237,237,6,1,6,6,6
20,40,3.349e-05,1,3.349e-05,3.349e-05,3.349e-05,239,1,239,239,239,6,1,6,6,6
20,40,3.4073e-05,1,3.4073e-05,3.4073e-05,3.4073e-05,235,1,235,235,235,6,1,6,6,6
20,40,3.4884e-05,1,3.4884e-05,3.4884e-05,3.4884e-05,232,1,232,232,232,5,1,5,5,5
20,40,3.3489e-05,1,3.3489e-05,3.3489e-05,3.3489e-05,232,1,232,232,232,6,1,6,6,6
20,40,3.3098e-05,1,3.3098e-05,3.3098e-05,3.3098e-05,236,1,236,236,236,6,1,6,6,6
20,40,3.3404e-05,1,3.3404e-05,3.3404e-05,3.3404e-05,231,1,231,231,231,6,1,6,6,6
20,40,3.3243e-05,1,3.3243e-05,3.3243e-05,3.3243e-05,230,1,230,230,230,5,1,5,5,5
20,40,3.3503e-05,1,3.3503e-05,3.3503e-05,3.3503e-05,226,1,226,226,226,5,1,5,5,5
20,40,3.3309e-05,1,3.3309e-05,3.3309e-05,3.3309e-05,227,1,227,227,227,5,1,5,5,5
20,40,3.3481e-05,1,3.3481e-05,3.3481e-05,3.3481e-05,225,1,225,225,225,5,1,5,5,5
20,40,3.4128e-05,1,3.4128e-05,3.4128e-05,3.4128e-05,243,1,243,243,243,6,1,6,6,6
20,40,3.3977e-05,1,3.3977e-05,3.3977e-05,3.3977e-05,221,1,221,221,221,5,1,5,5,5
20,40,3.345e-05,1,3.345e-05,3.345e-05,3.345e-05,233,1,233,233,233,5,1,5,5,5
20,40,3.2759e-05,1,3.2759e-05,3.2759e-05,3.2759e-05,221,1,221,221,221,5,1,5,5,5
20,40,3.4256e-05,1,3.4256e-05,3.4256e-05,3.4256e-05,230,1,230,230,230,6,1,6,6,6
20,40,3.4064e-05,1,3.4064e-05,3.4064e-05,3.4064e-05,230,1,230,230,230,6,1,6,6,6
20,40,3.3435e-05,1,3.3435e-05,3.3435e-05,3.3435e-05,231,1,231,231,231,5,1,5,5,5
20,40,3.302e-05,1,3.302e-05,3.302e-05,3.302e-05,234,1,234,234,234,5,1,5,5,5
20,40,3.3204e-05,1,3.3204e-05,3.3204e-05,3.3204e-05,230,1,230,230,230,5,1,5,5,5
20,40,3.4566e-05,1,3.4566e-05,3.4566e-05,3.4566e-05,229,1,229,229,229,5,1,5,5,5
20,40,3.5073e-05,1,3.5073e-05,3.5073e-05,3.5073e-05,231,1,231,231,231,6,1,6,6,6
20,40,3.571e-05,1,3.571e-05,3.571e-05,3.571e-05,226,1,226,226,226,5,1,5,5,5
20,40,3.336e-05,1,3.336e-05,3.336e-05,3.336e-05,231,1,231,231,231,5,1,5,5,5
20,40,3.4324e-05,1,3.4324e-05,3.4324e-05,3.4324e-05,231,1,231,231,231,6,1,6,6,6
20,40,3.3243e-05,1,3.3243e-05,3.3243e-05,3.3243e-05,222,1,222,222,222,5,1,5,5,5
20,40,3.3335e-05,1,3.3335e-05,3.3335e-05,3.3335e-05,231,1,231,231,231,5,1,5,5,5
20,40,3.338e-05,1,3.338e-05,3.338e-05,3.338e-05,222,1,222,222,222,5,1,5,5,5
20,40,3.3629e-05,1,3.3629e-05,3.3629e-05,3.3629e-05,238,1,238,238,238,6,1,6,6,6
20,40,3.389e-05,1,3.389e-05,3.389e-05,3.389e-05,226,1,226,226,226,5,1,5,5,5
20,40,3.3556e-05,1,3.3556e-05,3.3556e-05,3.3556e-05,234,1,234,234,234,6,1,6,6,6
20,40,3.3049e-05,1,3.3049e-05,3.3049e-05,3.3049e-05,227,1,227,227,227,5,1,5,5,5
20,40,3.36e-05,1,3.36e-05,3.36e-05,3.36e-05,223,1,223,223,223,5,1,5,5,5
20,40,3.3646e-05,1,3.3646e-05,3.3646e-05,3.3646e-05,229,1,229,229,229,6,1,6,6,6
20,40,3.2711e-05,1,3.2711e-05,3.2711e-05,3.2711e-05,221,1,221,221,221,5,1,5,5,5
20,40,3.3845e-05,1,3.3845e-05,3.3845e-05,3.3845e-05,228,1,228,228,228,5,1,5,5,5
20,40,3.2774e-05,1,3.2774e-05,3.2774e-05,3.2774e-05,221,1,221,221,221,4,1,4,4,4
20,40,3.3026e-05,1,3.3026e-05,3.3026e-05,3.3026e-05,226,1,226,226,226,5,1,5,5,5
20,40,3.4091e-05,1,3.4091e-05,3.4091e-05,3.4091e-05,232,1,232,232,232,6,1,6,6,6
20,40,3.3164e-05,1,3.3164e-05,3.3164e-05,3.3164e-05,228,1,228,228,228,5,1,5,5,5
20,40,3.3041e-05,1,3.3041e-05,3.3041e-05,3.3041e-05,228,1,228,228,228,5,1,5,5,5
20,40,3.3778e-05,1,3.3778e-05,3.3778e-05,3.3778e-05,230,1,230,230,230,5,1,5,5,5
20,40,3.3869e-05,1,3.3869e-05,3.3869e-05,3.3869e-05,224,1,224,224,224,5,1,5,5,5
20,40,3.2826e-05,1,3.2826e-05,3.2826e-05,3.2826e-05,229,1,229,229,229,5,1,5,5,5
20,40,3.3255e-05,1,3.3255e-05,3.3255e-05,3.3255e-05,227,1,227,227,227,5,1,5,5,5
20,40,3.4112e-05,1,3.4112e-05,3.4112e-05,3.4112e-05,228,1,228,228,228,5,1,5,5,5
20,40,3.3908e-05,1,3.3908e-05,3.3908e-05,3.3908e-05,227,1,227,227,227,6,1,6,6,6
20,40,3.3031e-05,1,3.3031e-05,3.3031e-05,3.3031e-05,234,1,234,234,234,6,1,6,6,6
20,40,3.3613e-05,1,3.3613e-05,3.3613e-05,3.3613e-05,227,1,227,227,227,5,1,5,5,5
20,40,3.3862e-05,1,3.3862e-05,3.3862e-05,3.3862e-05,223,1,223,223,223,5,1,5,5,5
20,40,3.4286e-05,1,3.4286e-05,3.4286e-05,3.4286e-05,228,1,228,228,228,5,1,5,5,5
20,40,3.3644e-05,1,3.3644e-05,3.3644e-05,3.3644e-05,228,1,228,228,228,6,1,6,6,6
20,40,3.3782e-05,1,3.3782e-05,3.3782e-05,3.3782e-05,231,1,231,231,231,5,1,5,5,5
20,40,3.3601e-05,1,3.3601e-05,3.3601e-05,3.3601e-05,235,1,235,235,235,6,1,6,6,6
20,40,3.3291e-05,1,3.3291e-05,3.3291e-05,3.3291e-05,238,1,238,238,238,6,1,6,6,6
20,40,3.2758e-05,1,3.2758e-05,3.2758e-05,3.2758e-05,226,1,226,226,226,5,1,5,5,5
20,40,3.2531e-05,1,3.2531e-05,3.2531e-05,3.2531e-05,233,1,233,233,233,6,1,6,6,6
20,40,3.3793e-05,1,3.3793e-05,3.3793e-05,3.3793e-05,225,1,225,225,225,5,1,5,5,5
20,40,3.5764e-05,1,3.5764e-05,3.5764e-05,3.5764e-05,229,1,229,229,229,5,1,5,5,5
20,40,3.5067e-05,1,3.5067e-05,3.5067e-05,3.5067e-05,234,1,234,234,234,6,1,6,6,6
20,40,3.5233e-05,1,3.5233e-05,3.5233e-05,3.5233e-05,219,1,219,219,219,5,1,5,5,5
20,40,3.3856e-05,1,3.3856e-05,3.3856e-05,3.3856e-05,223,1,223,223,223,5,1,5,5,5
20,40,3.376e-05,1,3.376e-05,3.376e-05,3.376e-05,235,1,235,235,235,6,1,6,6,6
20,40,3.3076e-05,1,3.3076e-05,3.3076e-05,3.3076e-05,218,1,218,218,218,4,1,4,4,4
20,40,3.2872e-05,1,3.2872e-05,3.2872e-05,3.2872e-05,225,1,225,225,225,6,1,6,6,6
20,40,3.3608e-05,1,3.3608e-05,3.3608e-05,3.3608e-05,229,1,229,229,229,6,1,6,6,6
20,40,3.3187e-05,1,3.3187e-05,3.3187e-05,3.3187e-05,234,1,234,234,234,6,1,6,6,6
20,40,3.353e-05,1,3.353e-05,3.353e-05,3.353e-05,229,1,229,229,229,5,1,5,5,5
20,40,3.2942e-05,1,3.2942e-05,3.2942e-05,3.2942e-05,227,1,227,227,227,6,1,6,6,6
20,40,3.2597e-05,1,3.2597e-05,3.2597e-05,3.2597e-05,220,1,220,220,220,5,1,5,5,5
20,40,3.3546e-05,1,3.3546e-05,3.3546e-05,3.3546e-05,238,1,238,238,238,6,1,6,6,6
20,40,3.3705e-05,1,3.3705e-05,3.3705e-05,3.3705e-05,223,1,223,223,223,5,1,5,5,5
20,40,3.25e-05,1,3.25e-05,3.25e-05,3.25e-05,224,1,224,224,224,5,1,5,5,5
20,40,3.2802e-05,1,3.2802e-05,3.2802e-05,3.2802e-05,220,1,220,220,220,5,1,5,5,5
20,40,3.4576e-05,1,3.4576e-05,3.4576e-05,3.4576e-05,238,1,238,238,238,6,1,6,6,6
20,40,3.2934e-05,1,3.2934e-05,3.2934e-05,3.2934e-05,234,1,234,234,234,6,1,6,6,6
20,40,3.471e-05,1,3.471e-05,3.471e-05,3.471e-05,238,1,238,238,238,6,1,6,6,6
20,40,3.3963e-05,1,3.3963e-05,3.3963e-05,3.3963e-05,225,1,225,225,225,5,1,5,5,5
20,40,3.3833e-05,1,3.3833e-05,3.3833e-05,3.3833e-05,231,1,231,231,231,6,1,6,6,6
20,40,3.362e-05,1,3.362e-05,3.362e-05,3.362e-05,222,1,222,222,222,6,1,6,6,6
20,40,3.416e-05,1,3.416e-05,3.416e-05,3.416e-05,244,1,244,244,244,6,1,6,6,6
20,40,3.2879e-05,1,3.2879e-05,3.2879e-05,3.2879e-05,232,1,232,232,232,5,1,5,5,5
20,40,3.3411e-05,1,3.3411e-05,3.3411e-05,3.3411e-05,229,1,229,229,229,5,1,5,5,5
20,40,3.333e-05,1,3.333e-05,3.333e-05,3.333e-05,235,1,235,235,235,6,1,6,6,6
20,40,3.2952e-05,1,3.2952e-05,3.2952e-05,3.2952e-05,226,1,226,226,226,5,1,5,5,5
20,40,3.3405e-05,1,3.3405e-05,3.3405e-05,3.3405e-05,227,1,227,227,227,6,1,6,6,6
20,40,3.3585e-05,1,3.3585e-05,3.3585e-05,3.3585e-05,227,1,227,227,227,6,1,6,6,6
20,40,3.4361e-05,1,3.4361e-05,3.4361e-05,3.4361e-05,230,1,230,230,230,5,1,5,5,5
20,40,3.5056e-05,1,3.5056e-05,3.5056e-05,3.5056e-05,223,1,223,223,223,5,1,5,5,5
20,40,3.6494e-05,1,3.6494e-05,3.6494e-05,3.6494e-05,230,1,230,230,230,6,1,6,6,6
20,40,3.5255e-05,1,3.5255e-05,3.5255e-05,3.5255e-05,232,1,232,232,232,6,1,6,6,6
20,40,3.5781e-05,1,3.5781e-05,3.5781e-05,3.5781e-05,229,1,229,229,229,6,1,6,6,6
20,40,3.3454e-05,1,3.3454e-05,3.3454e-05,3.3454e-05,232,1,232,232,232,6,1,6,6,6
20,40,3.3754e-05,1,3.3754e-05,3.3754e-05,3.3754e-05,230,1,230,230,230,6,1,6,6,6
20,40,3.2965e-05,1,3.2965e-05,3.2965e-05,3.2965e-05,221,1,221,221,221,5,1,5,5,5
20,40,3.2748e-05,1,3.2748e-05,3.2748e-05,3.2748e-05,228,1,228,228,228,5,1,5,5,5
20,40,3.3665e-05,1,3.3665e-05,3.3665e-05,3.3665e-05,226,1,226,226,226,5,1,5,5,5
20,40,3.3323e-05,1,3.3323e-05,3.3323e-05,3.3323e-05,238,1,238,238,238,6,1,6,6,6
20,40,3.2165e-05,1,3.2165e-05,3.2165e-05,3.2165e-05,218,1,218,218,218,4,1,4,4,4
20,40,3.3431e-05,1,3.3431e-05,3.3431e-05,3.3431e-05,224,1,224,224,224,5,1,5,5,5
20,40,3.2962e-05,1,3.2962e-05,3.2962e-05,3.2962e-05,231,1,231,231,231,6,1,6,6,6
20,40,3.2948e-05,1,3.2948e-05,3.2948e-05,3.2948e-05,238,1,238,238,238,6,1,6,6,6
20,40,3.4804e-05,1,3.4804e-05,3.4804e-05,3.4804e-05,220,1,220,220,220,5,1,5,5,5
20,40,3.6434e-05,1,3.6434e-05,3.6434e-05,3.6434e-05,241,1,241,241,241,7,1,7,7,7
20,40,3.4847e-05,1,3.4847e-05,3.4847e-05,3.4847e-05,224,1,224,224,224,5,1,5,5,5
20,40,5.2113e-05,1,5.2113e-05,5.2113e-05,5.2113e-05,228,1,228,228,228,5,1,5,5,5
20,40,3.325e-05,1,3.325e-05,3.325e-05,3.325e-05,224,1,224,224,224,5,1,5,5,5
20,40,3.3171e-05,1,3.3171e-05,3.3171e-05,3.3171e-05,223,1,223,223,223,5,1,5,5,5
20,40,3.4408e-05,1,3.4408e-05,3.4408e-05,3.4408e-05,231,1,231,231,231,6,1,6,6,6
20,40,3.3458e-05,1,3.3458e-05,3.3458e-05,3.3458e-05,230,1,230,230,230,5,1,5,5,5
20,40,3.2903e-05,1,3.2903e-05,3.2903e-05,3.2903e-05,236,1,236,236,236,6,1,6,6,6
20,40,3.3028e-05,1,3.3028e-05,3.3028e-05,3.3028e-05,223,1,223,223,223,5,1,5,5,5
20,40,3.4161e-05,1,3.4161e-05,3.4161e-05,3.4161e-05,223,1,223,223,223,5,1,5,5,5
20,40,3.3613e-05,1,3.3613e-05,3.3613e-05,3.3613e-05,229,1,229,229,229,6,1,6,6,6
20,40,3.4267e-05,1,3.4267e-05,3.4267e-05,3.4267e-05,220,1,220,220,220,5,1,5,5,5
20,40,3.5e-05,1,3.5e-05,3.5e-05,3.5e-05,234,1,234,234,234,6,1,6,6,6
20,40,3.2814e-05,1,3.2814e-05,3.2814e-05,3.2814e-05,225,1,225,225,225,5,1,5,5,5
20,40,3.3654e-05,1,3.3654e-05,3.3654e-05,3.3654e-05,230,1,230,230,230,5,1,5,5,5
20,40,3.2721e-05,1,3.2721e-05,3.2721e-05,3.2721e-05,230,1,230,230,230,6,1,6,6,6
20,40,3.3888e-05,1,3.3888e-05,3.3888e-05,3.3888e-05,225,1,225,225,225,5,1,5,5,5
20,40,3.3038e-05,1,3.3038e-05,3.3038e-05,3.3038e-05,227,1,227,227,227,5,1,5,5,5
20,40,3.3734e-05,1,3.3734e-05,3.3734e-05,3.3734e-05,241,1,241,241,241,6,1,6,6,6
20,40,3.3069e-05,1,3.3069e-05,3.3069e-05,3.3069e-05,233,1,233,233,233,6,1,6,6,6
20,40,3.3947e-05,1,3.3947e-05,3.3947e-05,3.3947e-05,232,1,232,232,232,5,1,5,5,5
20,40,3.3648e-05,1,3.3648e-05,3.3648e-05,3.3648e-05,229,1,229,229,229,5,1,5,5,5
20,40,3.238e-05,1,3.238e-05,3.238e-05,3.238e-05,218,1,218,218,218,4,1,4,4,4
20,40,3.4699e-05,1,3.4699e-05,3.4699e-05,3.4699e-05,230,1,230,230,230,6,1,6,6,6
20,40,3.342e-05,1,3.342e-05,3.342e-05,3.342e-05,235,1,235,235,235,6,1,6,6,6
20,40,3.361e-05,1,3.361e-05,3.361e-05,3.361e-05,227,1,227,227,227,5,1,5,5,5
20,40,3.3256e-05,1,3.3256e-05,3.3256e-05,3.3256e-05,228,1,228,228,228,6,1,6,6,6
20,40,3.3313e-05,1,3.3313e-05,3.3313e-05,3.3313e-05,229,1,229,229,229,5,1,5,5,5
20,40,3.3315e-05,1,3.3315e-05,3.3315e-05,3.3315e-05,228,1,228,228,228,5,1,5,5,5
20,40,3.412e-05,1,3.412e-05,3.412e-05,3.412e-05,226,1,226,226,226,5,1,5,5,5
20,40,3.2727e-05,1,3.2727e-05,3.2727e-05,3.2727e-05,220,1,220,220,220,5,1,5,5,5
20,40,3.3735e-05,1,3.3735e-05,3.3735e-05,3.3735e-05,234,1,234,234,234,6,1,6,6,6
20,40,3.318e-05,1,3.318e-05,3.318e-05,3.318e-05,234,1,234,234,234,5,1,5,5,5
20,40,3.3927e-05,1,3.3927e-05,3.3927e-05,3.3927e-05,232,1,232,232,232,6,1,6,6,6
20,40,3.4361e-05,1,3.4361e-05,3.4361e-05,3.4361e-05,230,1,230,230,230,5,1,5,5,5
20,40,3.3723e-05,1,3.3723e-05,3.3723e-05,3.3723e-05,229,1,229,229,229,6,1,6,6,6
20,40,3.3031e-05,1,3.3031e-05,3.3031e-05,3.3031e-05,221,1,221,221,221,5,1,5,5,5
20,40,3.452e-05,1,3.452e-05,3.452e-05,3.452e-05,234,1,234,234,234,5,1,5,5,5
20,40,3.3125e-05,1,3.3125e-05,3.3125e-05,3.3125e-05,229,1,229,229,229,5,1,5,5,5
20,40,3.3955e-05,1,3.3955e-05,3.3955e-05,3.3955e-05,234,1,234,234,234,6,1,6,6,6
20,40,3.3093e-05,1,3.3093e-05,3.3093e-05,3.3093e-05,228,1,228,228,228,5,1,5,5,5
20,40,3.415e-05,1,3.415e-05,3.415e-05,3.415e-05,237,1,237,237,237,6,1,6,6,6
20,40,3.2117e-05,1,3.2117e-05,3.2117e-05,3.2117e-05,230,1,230,230,230,5,1,5,5,5
20,40,3.3645e-05,1,3.3645e-05,3.3645e-05,3.3645e-05,238,1,238,238,238,6,1,6,6,6
20,40,3.3515e-05,1,3.3515e-05,3.3515e-05,3.3515e-05,225,1,225,225,225,5,1,5,5,5
20,40,3.6047e-05,1,3.6047e-05,3.6047e-05,3.6047e-05,223,1,223,223,223,5,1,5,5,5
20,40,3.42e-05,1,3.42e-05,3.42e-05,3.42e-05,234,1,234,234,234,5,1,5,5,5
20,40,3.4738e-05,1,3.4738e-05,3.4738e-05,3.4738e-05,231,1,231,231,231,5,1,5,5,5
20,40,3.4601e-05,1,3.4601e-05,3.4601e-05,3.4601e-05,231,1,231,231,231,5,1,5,5,5
20,40,3.2556e-05,1,3.2556e-05,3.2556e-05,3.2556e-05,230,1,230,230,230,6,1,6,6,6
20,40,3.4012e-05,1,3.4012e-05,3.4012e-05,3.4012e-05,229,1,229,229,229,6,1,6,6,6
20,40,3.3325e-05,1,3.3325e-05,3.3325e-05,3.3325e-05,228,1,228,228,228,5,1,5,5,5
20,40,3.4721e-05,1,3.4721e-05,3.4721e-05,3.4721e-05,230,1,230,230,230,5,1,5,5,5
20,40,3.3611e-05,1,3.3611e-05,3.3611e-05,3.3611e-05,232,1,232,232,232,6,1,6,6,6
20,40,3.3122e-05,1,3.3122e-05,3.3122e-05,3.3122e-05,227,1,227,227,227,5,1,5,5,5
20,40,3.2992e-05,1,3.2992e-05,3.2992e-05,3.2992e-05,221,1,221,221,221,5,1,5,5,5
20,40,3.4263e-05,1,3.4263e-05,3.4263e-05,3.4263e-05,240,1,240,240,240,7,1,7,7,7
20,40,3.5773e-05,1,3.5773e-05,3.5773e-05,3.5773e-05,243,1,243,243,243,7,1,7,7,7
20,40,3.401e-05,1,3.401e-05,3.401e-05,3.401e-05,220,1,220,220,220,5,1,5,5,5
20,40,3.463e-05,1,3.463e-05,3.463e-05,3.463e-05,232,1,232,232,232,5,1,5,5,5
20,40,3.3142e-05,1,3.3142e-05,3.3142e-05,3.3142e-05,220,1,220,220,220,5,1,5,5,5
20,40,3.3292e-05,1,3.3292e-05,3.3292e-05,3.3292e-05,229,1,229,229,229,5,1,5,5,5
20,40,3.3662e-05,1,3.3662e-05,3.3662e-05,3.3662e-05,235,1,235,235,235,6,1,6,6,6
20,40,3.3956e-05,1,3.3956e-05,3.3956e-05,3.3956e-05,229,1,229,229,229,5,1,5,5,5
20,40,3.3314e-05,1,3.3314e-05,3.3314e-05,3.3314e-05,235,1,235,235,235,6,1,6,6,6
20,40,3.3523e-05,1,3.3523e-05,3.3523e-05,3.3523e-05,226,1,226,226,226,5,1,5,5,5
20,40,3.3582e-05,1,3.3582e-05,3.3582e-05,3.3582e-05,224,1,224,224,224,5,1,5,5,5
20,40,3.5392e-05,1,3.5392e-05,3.5392e-05,3.5392e-05,233,1,233,233,233,6,1,6,6,6
20,40,3.4994e-05,1,3.4994e-05,3.4994e-05,3.4994e-05,225,1,225,225,225,5,1,5,5,5
20,40,3.5441e-05,1,3.5441e-05,3.5441e-05,3.5441e-05,229,1,229,229,229,5,1,5,5,5
20,40,3.4915e-05,1,3.4915e-05,3.4915e-05,3.4915e-05,225,1,225,225,225,5,1,5,5,5
20,40,5.0055e-05,1,5.0055e-05,5.0055e-05,5.0055e-05,220,1,220,220,220,4,1,4,4,4
20,40,3.3516e-05,1,3.3516e-05,3.3516e-05,3.3516e-05,228,1,228,228,228,6,1,6,6,6
20,40,3.3317e-05,1,3.3317e-05,3.3317e-05,3.3317e-05,225,1,225,225,225,5,1,5,5,5
20,40,3.2648e-05,1,3.2648e-05,3.2648e-05,3.2648e-05,225,1,225,225,225,5,1,5,5,5
20,40,3.3399e-05,1,3.3399e-05,3.3399e-05,3.3399e-05,222,1,222,222,222,5,1,5,5,5
20,40,3.3472e-05,1,3.3472e-05,3.3472e-05,3.3472e-05,225,1,225,225,225,5,1,5,5,5
20,40,3.3206e-05,1,3.3206e-05,3.3206e-05,3.3206e-05,214,1,214,214,214,4,1,4,4,4
20,40,3.4509e-05,1,3.4509e-05,3.4509e-05,3.4509e-05,235,1,235,235,235,6,1,6,6,6
20,40,3.3103e-05,1,3.3103e-05,3.3103e-05,3.3103e-05,220,1,220,220,220,5,1,5,5,5
20,40,3.3443e-05,1,3.3443e-05,3.3443e-05,3.3443e-05,235,1,235,235,235,6,1,6,6,6
20,40,3.3864e-05,1,3.3864e-05,3.3864e-05,3.3864e-05,227,1,227,227,227,6,1,6,6,6
20,40,3.4698e-05,1,3.4698e-05,3.4698e-05,3.4698e-05,231,1,231,231,231,5,1,5,5,5
20,40,3.4404e-05,1,3.4404e-05,3.4404e-05,3.4404e-05,225,1,225,225,225,5,1,5,5,5
20,40,3.4413e-05,1,3.4413e-05,3.4413e-05,3.4413e-05,232,1,232,232,232,6,1,6,6,6
20,40,3.4698e-05,1,3.4698e-05,3.4698e-05,3.4698e-05,228,1,228,228,228,6,1,6,6,6
20,40,3.2815e-05,1,3.2815e-05,3.2815e-05,3.2815e-05,230,1,230,230,230,5,1,5,5,5
20,40,3.3302e-05,1,3.3302e-05,3.3302e-05,3.3302e-05,228,1,228,228,228,6,1,6,6,6
20,40,3.3725e-05,1,3.3725e-05,3.3725e-05,3.3725e-05,235,1,235,235,235,6,1,6,6,6
20,40,3.3314e-05,1,3.3314e-05,3.3314e-05,3.3314e-05,234,1,234,234,234,6,1,6,6,6
20,40,3.3084e-05,1,3.3084e-05,3.3084e-05,3.3084e-05,230,1,230,230,230,5,1,5,5,5
20,40,3.3585e-05,1,3.3585e-05,3.3585e-05,3.3585e-05,221,1,221,221,221,5,1,5,5,5
20,40,3.3319e-05,1,3.3319e-05,3.3319e-05,3.3319e-05,228,1,228,228,228,5,1,5,5,5
20,40,3.4122e-05,1,3.4122e-05,3.4122e-05,3.4122e-05,228,1,228,228,228,5,1,5,5,5
20,40,3.4043e-05,1,3.4043e-05,3.4043e-05,3.4043e-05,228,1,228,228,228,6,1,6,6,6
20,40,3.3379e-05,1,3.3379e-05,3.3379e-05,3.3379e-05,235,1,235,235,235,6,1,6,6,6
20,40,3.3089e-05,1,3.3089e-05,3.3089e-05,3.3089e-05,225,1,225,225,225,5,1,5,5,5
20,40,3.3992e-05,1,3.3992e-05,3.3992e-05,3.3992e-05,237,1,237,237,237,6,1,6,6,6
20,40,3.3188e-05,1,3.3188e-05,3.3188e-05,3.3188e-05,220,1,220,220,220,5,1,5,5,5
20,40,3.3776e-05,1,3.3776e-05,3.3776e-05,3.3776e-05,239,1,239,239,239,6,1,6,6,6
20,40,3.3355e-05,1,3.3355e-05,3.3355e-05,3.3355e-05,227,1,227,227,227,5,1,5,5,5
20,40,3.3502e-05,1,3.3502e-05,3.3502e-05,3.3502e-05,224,1,224,224,224,5,1,5,5,5
20,40,3.2944e-05,1,3.2944e-05,3.2944e-05,3.2944e-05,232,1,232,232,232,6,1,6,6,6
20,40,3.3116e-05,1,3.3116e-05,3.3116e-05,3.3116e-05,229,1,229,229,229,6,1,6,6,6
20,40,3.3923e-05,1,3.3923e-05,3.3923e-05,3.3923e-05,225,1,225,225,225,5,1,5,5,5
20,40,3.3241e-05,1,3.3241e-05,3.3241e-05,3.3241e-05,219,1,219,219,219,5,1,5,5,5
20,40,3.336e-05,1,3.336e-05,3.336e-05,3.336e-05,226,1,226,226,226,5,1,5,5,5
20,40,3.393e-05,1,3.393e-05,3.393e-05,3.393e-05,224,1,224,224,224,5,1,5,5,5
20,40,3.323e-05,1,3.323e-05,3.323e-05,3.323e-05,227,1,227,227,227,5,1,5,5,5
20,40,3.3434e-05,1,3.3434e-05,3.3434e-05,3.3434e-05,234,1,234,234,234,6,1,6,6,6
20,40,3.3713e-05,1,3.3713e-05,3.3713e-05,3.3713e-05,231,1,231,231,231,5,1,5,5,5
20,40,3.4517e-05,1,3.4517e-05,3.4517e-05,3.4517e-05,229,1,229,229,229,6,1,6,6,6
20,40,3.3127e-05,1,3.3127e-05,3.3127e-05,3.3127e-05,224,1,224,224,224,5,1,5,5,5
20,40,3.5379e-05,1,3.5379e-05,3.5379e-05,3.5379e-05,227,1,227,227,227,5,1,5,5,5
20,40,3.5642e-05,1,3.5642e-05,3.5642e-05,3.5642e-05,228,1,228,228,228,6,1,6,6,6
20,40,3.5724e-05,1,3.5724e-05,3.5724e-05,3.5724e-05,231,1,231,231,231,6,1,6,6,6
20,40,3.5305e-05,1,3.5305e-05,3.5305e-05,3.5305e-05,217,1,217,217,217,4,1,4,4,4
20,40,3.3724e-05,1,3.3724e-05,3.3724e-05,3.3724e-05,223,1,223,223,223,5,1,5,5,5
20,40,3.4277e-05,1,3.4277e-05,3.4277e-05,3.4277e-05,230,1,230,230,230,6,1,6,6,6
20,40,3.3326e-05,1,3.3326e-05,3.3326e-05,3.3326e-05,222,1,222,222,222,5,1,5,5,5
20,40,3.399e-05,1,3.399e-05,3.399e-05,3.399e-05,244,1,244,244,244,6,1,6,6,6
20,40,3.3917e-05,1,3.3917e-05,3.3917e-05,3.3917e-05,238,1,238,238,238,6,1,6,6,6
20,40,3.3519e-05,1,3.3519e-05,3.3519e-05,3.3519e-05,227,1,227,227,227,5,1,5,5,5
20,40,3.3718e-05,1,3.3718e-05,3.3718e-05,3.3718e-05,229,1,229,229,229,6,1,6,6,6
20,40,3.2749e-05,1,3.2749e-05,3.2749e-05,3.2749e-05,230,1,230,230,230,5,1,5,5,5
20,40,3.3051e-05,1,3.3051e-05,3.3051e-05,3.3051e-05,227,1,227,227,227,6,1,6,6,6
20,40,3.3659e-05,1,3.3659e-05,3.3659e-05,3.3659e-05,232,1,232,232,232,6,1,6,6,6
20,40,3.3418e-05,1,3.3418e-05,3.3418e-05,3.3418e-05,227,1,227,227,227,5,1,5,5,5
20,40,3.4758e-05,1,3.4758e-05,3.4758e-05,3.4758e-05,224,1,224,224,224,5,1,5,5,5
20,40,3.4869e-05,1,3.4869e-05,3.4869e-05,3.4869e-05,232,1,232,232,232,5,1,5,5,5
20,40,3.4401e-05,1,3.4401e-05,3.4401e-05,3.4401e-05,226,1,226,226,226,6,1,6,6,6
20,40,3.3521e-05,1,3.3521e-05,3.3521e-05,3.3521e-05,232,1,232,232,232,6,1,6,6,6
20,40,3.2901e-05,1,3.2901e-05,3.2901e-05,3.2901e-05,220,1,220,220,220,5,1,5,5,5
20,40,3.3633e-05,1,3.3633e-05,3.3633e-05,3.3633e-05,229,1,229,229,229,5,1,5,5,5
20,40,3.3941e-05,1,3.3941e-05,3.3941e-05,3.3941e-05,229,1,229,229,229,6,1,6,6,6
20,40,3.3377e-05,1,3.3377e-05,3.3377e-05,3.3377e-05,227,1,227,227,227,5,1,5,5,5
20,40,3.3903e-05,1,3.3903e-05,3.3903e-05,3.3903e-05,230,1,230,230,230,6,1,6,6,6
20,40,3.4336e-05,1,3.4336e-05,3.4336e-05,3.4336e-05,228,1,228,228,228,6,1,6,6,6
20,40,3.2742e-05,1,3.2742e-05,3.2742e-05,3.2742e-05,230,1,230,230,230,5,1,5,5,5
20,40,3.5174e-05,1,3.5174e-05,3.5174e-05,3.5174e-05,233,1,233,233,233,6,1,6,6,6
20,40,3.3588e-05,1,3.3588e-05,3.3588e-05,3.3588e-05,223,1,223,223,223,5,1,5,5,5
20,40,3.3329e-05,1,3.3329e-05,3.3329e-05,3.3329e-05,233,1,233,233,233,6,1,6,6,6
20,40,3.3794e-05,1,3.3794e-05,3.3794e-05,3.3794e-05,236,1,236,236,236,6,1,6,6,6
20,40,3.3954e-05,1,3.3954e-05,3.3954e-05,3.3954e-05,230,1,230,230,230,5,1,5,5,5
20,40,3.3567e-05,1,3.3567e-05,3.3567e-05,3.3567e-05,230,1,230,230,230,5,1,5,5,5
20,40,3.309e-05,1,3.309e-05,3.309e-05,3.309e-05,234,1,234,234,234,6,1,6,6,6
20,40,3.364e-05,1,3.364e-05,3.364e-05,3.364e-05,226,1,226,226,226,5,1,5,5,5
20,40,3.3346e-05,1,3.3346e-05,3.3346e-05,3.3346e-05,228,1,228,228,228,5,1,5,5,5
20,40,3.307e-05,1,3.307e-05,3.307e-05,3.307e-05,230,1,230,230,230,6,1,6,6,6
20,40,3.2711e-05,1,3.2711e-05,3.2711e-05,3.2711e-05,219,1,219,219,219,5,1,5,5,5
20,40,3.3042e-05,1,3.3042e-05,3.3042e-05,3.3042e-05,228,1,228,228,228,5,1,5,5,5
20,40,3.363e-05,1,3.363e-05,3.363e-05,3.363e-05,236,1,236,236,236,6,1,6,6,6
20,40,3.4111e-05,1,3.4111e-05,3.4111e-05,3.4111e-05,235,1,235,235,235,6,1,6,6,6
20,40,3.3874e-05,1,3.3874e-05,3.3874e-05,3.3874e-05,235,1,235,235,235,6,1,6,6,6
20,40,3.3935e-05,1,3.3935e-05,3.3935e-05,3.3935e-05,234,1,234,234,234,6,1,6,6,6
20,40,3.3219e-05,1,3.3219e-05,3.3219e-05,3.3219e-05,229,1,229,229,229,6,1,6,6,6
20,40,3.407e-05,1,3.407e-05,3.407e-05,3.407e-05,241,1,241,241,241,6,1,6,6,6
20,40,3.3869e-05,1,3.3869e-05,3.3869e-05,3.3869e-05,241,1,241,241,241,6,1,6,6,6
20,40,3.4848e-05,1,3.4848e-05,3.4848e-05,3.4848e-05,225,1,225,225,225,5,1,5,5,5
20,40,3.6527e-05,1,3.6527e-05,3.6527e-05,3.6527e-05,235,1,235,235,235,6,1,6,6,6
20,40,3.4883e-05,1,3.4883e-05,3.4883e-05,3.4883e-05,214,1,214,214,214,5,1,5,5,5
20,40,3.5808e-05,1,3.5808e-05,3.5808e-05,3.5808e-05,227,1,227,227,227,5,1,5,5,5
20,40,3.433e-05,1,3.433e-05,3.433e-05,3.433e-05,222,1,222,222,222,5,1,5,5,5
20,40,5.1183e-05,1,5.1183e-05,5.1183e-05,5.1183e-05,239,1,239,239,239,6,1,6,6,6
20,40,3.4117e-05,1,3.4117e-05,3.4117e-05,3.4117e-05,235,1,235,235,235,6,1,6,6,6
20,40,3.3201e-05,1,3.3201e-05,3.3201e-05,3.3201e-05,230,1,230,230,230,5,1,5,5,5
20,40,3.3514e-05,1,3.3514e-05,3.3514e-05,3.3514e-05,228,1,228,228,228,5,1,5,5,5
20,40,3.4199e-05,1,3.4199e-05,3.4199e-05,3.4199e-05,233,1,233,233,233,6,1,6,6,6
20,40,3.3127e-05,1,3.3127e-05,3.3127e-05,3.3127e-05,234,1,234,234,234,6,1,6,6,6
20,40,3.2815e-05,1,3.2815e-05,3.2815e-05,3.2815e-05,221,1,221,221,221,5,1,5,5,5
20,40,3.3301e-05,1,3.3301e-05,3.3301e-05,3.3301e-05,229,1,229,229,229,5,1,5,5,5
20,40,3.3542e-05,1,3.3542e-05,3.3542e-05,3.3542e-05,227,1,227,227,227,5,1,5,5,5
20,40,3.4419e-05,1,3.4419e-05,3.4419e-05,3.4419e-05,233,1,233,233,233,6,1,6,6,6
20,40,3.3649e-05,1,3.3649e-05,3.3649e-05,3.3649e-05,230,1,230,230,230,6,1,6,6,6
20,40,3.2808e-05,1,3.2808e-05,3.2808e-05,3.2808e-05,232,1,232,232,232,5,1,5,5,5
20,40,3.4562e-05,1,3.4562e-05,3.4562e-05,3.4562e-05,241,1,241,241,241,6,1,6,6,6
20,40,3.4146e-05,1,3.4146e-05,3.4146e-05,3.4146e-05,230,1,230,230,230,6,1,6,6,6
20,40,3.3143e-05,1,3.3143e-05,3.3143e-05,3.3143e-05,227,1,227,227,227,5,1,5,5,5
20,40,3.3671e-05,1,3.3671e-05,3.3671e-05,3.3671e-05,232,1,232,232,232,6,1,6,6,6
20,40,3.3788e-05,1,3.3788e-05,3.3788e-05,3.3788e-05,235,1,235,235,235,6,1,6,6,6
20,40,3.3586e-05,1,3.3586e-05,3.3586e-05,3.3586e-05,233,1,233,233,233,6,1,6,6,6
20,40,3.405e-05,1,3.405e-05,3.405e-05,3.405e-05,231,1,231,231,231,5,1,5,5,5
20,40,3.3351e-05,1,3.3351e-05,3.3351e-05,3.3351e-05,226,1,226,226,226,5,1,5,5,5
20,40,3.3702e-05,1,3.3702e-05,3.3702e-05,3.3702e-05,234,1,234,234,234,6,1,6,6,6
20,40,4.0739e-05,1,4.0739e-05,4.0739e-05,4.0739e-05,232,1,232,232,232,6,1,6,6,6
20,40,3.4131e-05,1,3.4131e-05,3.4131e-05,3.4131e-05,222,1,222,222,222,5,1,5,5,5
20,40,3.3484e-05,1,3.3484e-05,3.3484e-05,3.3484e-05,221,1,221,221,221,5,1,5,5,5
20,40,3.2989e-05,1,3.2989e-05,3.2989e-05,3.2989e-05,226,1,226,226,226,5,1,5,5,5
20,40,3.3388e-05,1,3.3388e-05,3.3388e-05,3.3388e-05,232,1,232,232,232,6,1,6,6,6
20,40,3.2639e-05,1,3.2639e-05,3.2639e-05,3.2639e-05,224,1,224,224,224,5,1,5,5,5
20,40,3.3299e-05,1,3.3299e-05,3.3299e-05,3.3299e-05,231,1,231,231,231,5,1,5,5,5
20,40,3.3729e-05,1,3.3729e-05,3.3729e-05,3.3729e-05,219,1,219,219,219,4,1,4,4,4
20,40,3.4116e-05,1,3.4116e-05,3.4116e-05,3.4116e-05,233,1,233,233,233,6,1,6,6,6
20,40,3.3855e-05,1,3.3855e-05,3.3855e-05,3.3855e-05,228,1,228,228,228,5,1,5,5,5
20,40,3.341e-05,1,3.341e-05,3.341e-05,3.341e-05,228,1,228,228,228,6,1,6,6,6
20,40,3.4464e-05,1,3.4464e-05,3.4464e-05,3.4464e-05,222,1,222,222,222,6,1,6,6,6
20,40,3.4274e-05,1,3.4274e-05,3.4274e-05,3.4274e-05,233,1,233,233,233,6,1,6,6,6
20,40,3.316e-05,1,3.316e-05,3.316e-05,3.316e-05,231,1,231,231,231,5,1,5,5,5
20,40,3.4939e-05,1,3.4939e-05,3.4939e-05,3.4939e-05,231,1,231,231,231,5,1,5,5,5
20,40,3.4537e-05,1,3.4537e-05,3.4537e-05,3.4537e-05,220,1,220,220,220,5,1,5,5,5
20,40,3.5903e-05,1,3.5903e-05,3.5903e-05,3.5903e-05,236,1,236,236,236,6,1,6,6,6
20,40,3.3275e-05,1,3.3275e-05,3.3275e-05,3.3275e-05,222,1,222,222,222,5,1,5,5,5
20,40,3.433e-05,1,3.433e-05,3.433e-05,3.433e-05,226,1,226,226,226,5,1,5,5,5
20,40,3.3531e-05,1,3.3531e-05,3.3531e-05,3.3531e-05,234,1,234,234,234,6,1,6,6,6
20,40,3.2393e-05,1,3.2393e-05,3.2393e-05,3.2393e-05,229,1,229,229,229,6,1,6,6,6
20,40,3.2434e-05,1,3.2434e-05,3.2434e-05,3.2434e-05,228,1,228,228,228,5,1,5,5,5
20,40,3.3123e-05,1,3.3123e-05,3.3123e-05,3.3123e-05,226,1,226,226,226,5,1,5,5,5
20,40,3.3875e-05,1,3.3875e-05,3.3875e-05,3.3875e-05,227,1,227,227,227,5,1,5,5,5
20,40,3.2788e-05,1,3.2788e-05,3.2788e-05,3.2788e-05,233,1,233,233,233,5,1,5,5,5
20,40,3.3569e-05,1,3.3569e-05,3.3569e-05,3.3569e-05,223,1,223,223,223,5,1,5,5,5
20,40,3.327e-05,1,3.327e-05,3.327e-05,3.327e-05,229,1,229,229,229,5,1,5,5,5
20,40,3.3995e-05,1,3.3995e-05,3.3995e-05,3.3995e-05,234,1,234,234,234,5,1,5,5,5
20,40,3.2551e-05,1,3.2551e-05,3.2551e-05,3.2551e-05,229,1,229,229,229,6,1,6,6,6
20,40,3.4664e-05,1,3.4664e-05,3.4664e-05,3.4664e-05,225,1,225,225,225,6,1,6,6,6
20,40,3.2362e-05,1,3.2362e-05,3.2362e-05,3.2362e-05,221,1,221,221,221,5,1,5,5,5
20,40,3.3547e-05,1,3.3547e-05,3.3547e-05,3.3547e-05,232,1,232,232,232,6,1,6,6,6
20,40,3.3065e-05,1,3.3065e-05,3.3065e-05,3.3065e-05,222,1,222,222,222,5,1,5,5,5
20,40,3.39e-05,1,3.39e-05,3.39e-05,3.39e-05,229,1,229,229,229,5,1,5,5,5
20,40,3.3779e-05,1,3.3779e-05,3.3779e-05,3.3779e-05,224,1,224,224,224,5,1,5,5,5
20,40,3.314e-05,1,3.314e-05,3.314e-05,3.314e-05,230,1,230,230,230,5,1,5,5,5
20,40,3.3384e-05,1,3.3384e-05,3.3384e-05,3.3384e-05,224,1,224,224,224,5,1,5,5,5
20,40,3.4072e-05,1,3.4072e-05,3.4072e-05,3.4072e-05,228,1,228,228,228,5,1,5,5,5
20,40,3.3885e-05,1,3.3885e-05,3.3885e-05,3.3885e-05,226,1,226,226,226,5,1,5,5,5
20,40,3.3525e-05,1,3.3525e-05,3.3525e-05,3.3525e-05,227,1,227,227,227,5,1,5,5,5
20,40,3.3176e-05,1,3.3176e-05,3.3176e-05,3.3176e-05,230,1,230,230,230,6,1,6,6,6
20,40,3.5001e-05,1,3.5001e-05,3.5001e-05,3.5001e-05,230,1,230,230,230,6,1,6,6,6
20,40,3.2454e-05,1,3.2454e-05,3.2454e-05,3.2454e-05,226,1,226,226,226,5,1,5,5,5
20,40,3.482e-05,1,3.482e-05,3.482e-05,3.482e-05,226,1,226,226,226,5,1,5,5,5
20,40,3.4824e-05,1,3.4824e-05,3.4824e-05,3.4824e-05,225,1,225,225,225,5,1,5,5,5
20,40,3.4402e-05,1,3.4402e-05,3.4402e-05,3.4402e-05,236,1,236,236,236,6,1,6,6,6
20,40,3.3109e-05,1,3.3109e-05,3.3109e-05,3.3109e-05,232,1,232,232,232,5,1,5,5,5
20,40,5.0088e-05,1,5.0088e-05,5.0088e-05,5.0088e-05,227,1,227,227,227,5,1,5,5,5
20,40,3.5579e-05,1,3.5579e-05,3.5579e-05,3.5579e-05,228,1,228,228,228,5,1,5,5,5
20,40,3.7178e-05,1,3.7178e-05,3.7178e-05,3.7178e-05,226,1,226,226,226,5,1,5,5,5
20,40,4.2852e-05,1,4.2852e-05,4.2852e-05,4.2852e-05,245,1,245,245,245,7,1,7,7,7
20,40,3.5722e-05,1,3.5722e-05,3.5722e-05,3.5722e-05,223,1,223,223,223,6,1,6,6,6
20,40,3.6046e-05,1,3.6046e-05,3.6046e-05,3.6046e-05,234,1,234,234,234,6,1,6,6,6
20,40,3.5717e-05,1,3.5717e-05,3.5717e-05,3.5717e-05,223,1,223,223,223,5,1,5,5,5
20,40,5.2154e-05,1,5.2154e-05,5.2154e-05,5.2154e-05,225,1,225,225,225,5,1,5,5,5
20,40,3.3784e-05,1,3.3784e-05,3.3784e-05,3.3784e-05,228,1,228,228,228,5,1,5,5,5
20,40,3.3519e-05,1,3.3519e-05,3.3519e-05,3.3519e-05,225,1,225,225,225,5,1,5,5,5
20,40,3.2838e-05,1,3.2838e-05,3.2838e-05,3.2838e-05,234,1,234,234,234,6,1,6,6,6
20,40,3.3463e-05,1,3.3463e-05,3.3463e-05,3.3463e-05,229,1,229,229,229,6,1,6,6,6
20,40,3.3034e-05,1,3.3034e-05,3.3034e-05,3.3034e-05,240,1,240,240,240,7,1,7,7,7
20,40,3.3527e-05,1,3.3527e-05,3.3527e-05,3.3527e-05,232,1,232,232,232,6,1,6,6,6
20,40,3.2572e-05,1,3.2572e-05,3.2572e-05,3.2572e-05,228,1,228,228,228,6,1,6,6,6
20,40,3.3178e-05,1,3.3178e-05,3.3178e-05,3.3178e-05,228,1,228,228,228,5,1,5,5,5
20,40,3.3347e-05,1,3.3347e-05,3.3347e-05,3.3347e-05,225,1,225,225,225,5,1,5,5,5
20,40,3.3324e-05,1,3.3324e-05,3.3324e-05,3.3324e-05,229,1,229,229,229,5,1,5,5,5
20,40,3.3986e-05,1,3.3986e-05,3.3986e-05,3.3986e-05,219,1,219,219,219,5,1,5,5,5
20,40,3.3035e-05,1,3.3035e-05,3.3035e-05,3.3035e-05,227,1,227,227,227,5,1,5,5,5
20,40,3.3141e-05,1,3.3141e-05,3.3141e-05,3.3141e-05,228,1,228,228,228,6,1,6,6,6
20,40,3.3544e-05,1,3.3544e-05,3.3544e-05,3.3544e-05,243,1,243,243,243,6,1,6,6,6
20,40,3.2757e-05,1,3.2757e-05,3.2757e-05,3.2757e-05,223,1,223,223,223,5,1,5,5,5
20,40,3.4106e-05,1,3.4106e-05,3.4106e-05,3.4106e-05,231,1,231,231,231,6,1,6,6,6
20,40,3.3727e-05,1,3.3727e-05,3.3727e-05,3.3727e-05,229,1,229,229,229,5,1,5,5,5
20,40,3.4132e-05,1,3.4132e-05,3.4132e-05,3.4132e-05,226,1,226,226,226,5,1,5,5,5
20,40,3.277e-05,1,3.277e-05,3.277e-05,3.277e-05,223,1,223,223,223,5,1,5,5,5
20,40,3.4181e-05,1,3.4181e-05,3.4181e-05,3.4181e-05,223,1,223,223,223,5,1,5,5,5
20,40,3.3244e-05,1,3.3244e-05,3.3244e-05,3.3244e-05,233,1,233,233,233,6,1,6,6,6
20,40,3.3669e-05,1,3.3669e-05,3.3669e-05,3.3669e-05,219,1,219,219,219,4,1,4,4,4
20,40,3.3637e-05,1,3.3637e-05,3.3637e-05,3.3637e-05,230,1,230,230,230,5,1,5,5,5
20,40,3.3522e-05,1,3.3522e-05,3.3522e-05,3.3522e-05,231,1,231,231,231,6,1,6,6,6
20,40,3.3024e-05,1,3.3024e-05,3.3024e-05,3.3024e-05,227,1,227,227,227,5,1,5,5,5
20,40,3.2766e-05,1,3.2766e-05,3.2766e-05,3.2766e-05,231,1,231,231,231,5,1,5,5,5
20,40,3.4351e-05,1,3.4351e-05,3.4351e-05,3.4351e-05,225,1,225,225,225,5,1,5,5,5
20,40,3.4297e-05,1,3.4297e-05,3.4297e-05,3.4297e-05,223,1,223,223,223,5,1,5,5,5
20,40,3.3617e-05,1,3.3617e-05,3.3617e-05,3.3617e-05,233,1,233,233,233,5,1,5,5,5
20,40,3.2679e-05,1,3.2679e-05,3.2679e-05,3.2679e-05,222,1,222,222,222,5,1,5,5,5
20,40,3.31e-05,1,3.31e-05,3.31e-05,3.31e-05,229,1,229,229,229,5,1,5,5,5
20,40,3.3478e-05,1,3.3478e-05,3.3478e-05,3.3478e-05,233,1,233,233,233,5,1,5,5,5
20,40,3.3368e-05,1,3.3368e-05,3.3368e-05,3.3368e-05,228,1,228,228,228,5,1,5,5,5
20,40,3.2593e-05,1,3.2593e-05,3.2593e-05,3.2593e-05,225,1,225,225,225,5,1,5,5,5
20,40,3.3939e-05,1,3.3939e-05,3.3939e-05,3.3939e-05,222,1,222,222,222,5,1,5,5,5
20,40,3.3929e-05,1,3.3929e-05,3.3929e-05,3.3929e-05,232,1,232,232,232,5,1,5,5,5
20,40,3.3053e-05,1,3.3053e-05,3.3053e-05,3.3053e-05,234,1,234,234,234,6,1,6,6,6
20,40,3.2323e-05,1,3.2323e-05,3.2323e-05,3.2323e-05,224,1,224,224,224,5,1,5,5,5
20,40,3.3586e-05,1,3.3586e-05,3.3586e-05,3.3586e-05,232,1,232,232,232,6,1,6,6,6
20,40,3.2094e-05,1,3.2094e-05,3.2094e-05,3.2094e-05,231,1,231,231,231,5,1,5,5,5
20,40,3.2927e-05,1,3.2927e-05,3.2927e-05,3.2927e-05,217,1,217,217,217,4,1,4,4,4
20,40,3.3491e-05,1,3.3491e-05,3.3491e-05,3.3491e-05,232,1,232,232,232,6,1,6,6,6
20,40,3.3786e-05,1,3.3786e-05,3.3786e-05,3.3786e-05,233,1,233,233,233,6,1,6,6,6
20,40,3.3318e-05,1,3.3318e-05,3.3318e-05,3.3318e-05,226,1,226,226,226,6,1,6,6,6
20,40,3.3136e-05,1,3.3136e-05,3.3136e-05,3.3136e-05,233,1,233,233,233,6,1,6,6,6
20,40,3.169e-05,1,3.169e-05,3.169e-05,3.169e-05,223,1,223,223,223,5,1,5,5,5
20,40,3.3999e-05,1,3.3999e-05,3.3999e-05,3.3999e-05,230,1,230,230,230,6,1,6,6,6
20,40,3.3042e-05,1,3.3042e-05,3.3042e-05,3.3042e-05,231,1,231,231,231,6,1,6,6,6
20,40,3.3684e-05,1,3.3684e-05,3.3684e-05,3.3684e-05,229,1,229,229,229,6,1,6,6,6
20,40,3.324e-05,1,3.324e-05,3.324e-05,3.324e-05,233,1,233,233,233,6,1,6,6,6
20,40,3.3747e-05,1,3.3747e-05,3.3747e-05,3.3747e-05,226,1,226,226,226,5,1,5,5,5
20,40,3.4212e-05,1,3.4212e-05,3.4212e-05,3.4212e-05,232,1,232,232,232,6,1,6,6,6
20,40,3.4066e-05,1,3.4066e-05,3.4066e-05,3.4066e-05,237,1,237,237,237,7,1,7,7,7
20,40,3.2768e-05,1,3.2768e-05,3.2768e-05,3.2768e-05,228,1,228,228,228,6,1,6,6,6
20,40,3.2525e-05,1,3.2525e-05,3.2525e-05,3.2525e-05,223,1,223,223,223,5,1,5,5,5
20,40,3.3308e-05,1,3.3308e-05,3.3308e-05,3.3308e-05,232,1,232,232,232,6,1,6,6,6
20,40,5.0764e-05,1,5.0764e-05,5.0764e-05,5.0764e-05,234,1,234,234,234,5,1,5,5,5
20,40,3.5218e-05,1,3.5218e-05,3.5218e-05,3.5218e-05,229,1,229,229,229,5,1,5,5,5
20,40,3.3114e-05,1,3.3114e-05,3.3114e-05,3.3114e-05,231,1,231,231,231,6,1,6,6,6
20,40,3.6328e-05,1,3.6328e-05,3.6328e-05,3.6328e-05,231,1,231,231,231,6,1,6,6,6
20,40,3.6511e-05,1,3.6511e-05,3.6511e-05,3.6511e-05,230,1,230,230,230,6,1,6,6,6
20,40,3.4304e-05,1,3.4304e-05,3.4304e-05,3.4304e-05,229,1,229,229,229,5,1,5,5,5
20,40,3.3874e-05,1,3.3874e-05,3.3874e-05,3.3874e-05,231,1,231,231,231,6,1,6,6,6
20,40,3.3698e-05,1,3.3698e-05,3.3698e-05,3.3698e-05,228,1,228,228,228,6,1,6,6,6
20,40,3.3473e-05,1,3.3473e-05,3.3473e-05,3.3473e-05,220,1,220,220,220,4,1,4,4,4
20,40,3.3688e-05,1,3.3688e-05,3.3688e-05,3.3688e-05,220,1,220,220,220,5,1,5,5,5
20,40,3.3732e-05,1,3.3732e-05,3.3732e-05,3.3732e-05,235,1,235,235,235,6,1,6,6,6
20,40,3.3859e-05,1,3.3859e-05,3.3859e-05,3.3859e-05,221,1,221,221,221,5,1,5,5,5
20,40,3.3858e-05,1,3.3858e-05,3.3858e-05,3.3858e-05,225,1,225,225,225,5,1,5,5,5
20,40,3.4084e-05,1,3.4084e-05,3.4084e-05,3.4084e-05,230,1,230,230,230,6,1,6,6,6
20,40,3.3098e-05,1,3.3098e-05,3.3098e-05,3.3098e-05,225,1,225,225,225,5,1,5,5,5
20,40,3.302e-05,1,3.302e-05,3.302e-05,3.302e-05,227,1,227,227,227,6,1,6,6,6
20,40,3.4117e-05,1,3.4117e-05,3.4117e-05,3.4117e-05,236,1,236,236,236,6,1,6,6,6
20,40,3.4356e-05,1,3.4356e-05,3.4356e-05,3.4356e-05,231,1,231,231,231,6,1,6,6,6
20,40,3.3913e-05,1,3.3913e-05,3.3913e-05,3.3913e-05,231,1,231,231,231,6,1,6,6,6
20,40,3.3071e-05,1,3.3071e-05,3.3071e-05,3.3071e-05,220,1,220,220,220,5,1,5,5,5
20,40,3.4818e-05,1,3.4818e-05,3.4818e-05,3.4818e-05,224,1,224,224,224,5,1,5,5,5
20,40,3.4337e-05,1,3.4337e-05,3.4337e-05,3.4337e-05,242,1,242,242,242,6,1,6,6,6
20,40,3.3493e-05,1,3.3493e-05,3.3493e-05,3.3493e-05,230,1,230,230,230,6,1,6,6,6
20,40,3.2688e-05,1,3.2688e-05,3.2688e-05,3.2688e-05,227,1,227,227,227,5,1,5,5,5
20,40,3.3558e-05,1,3.3558e-05,3.3558e-05,3.3558e-05,222,1,222,222,222,5,1,5,5,5
20,40,3.3738e-05,1,3.3738e-05,3.3738e-05,3.3738e-05,231,1,231,231,231,6,1,6,6,6
20,40,3.4023e-05,1,3.4023e-05,3.4023e-05,3.4023e-05,231,1,231,231,231,6,1,6,6,6
20,40,3.3105e-05,1,3.3105e-05,3.3105e-05,3.3105e-05,228,1,228,228,228,5,1,5,5,5
20,40,3.4874e-05,1,3.4874e-05,3.4874e-05,3.4874e-05,241,1,241,241,241,7,1,7,7,7
20,40,3.2959e-05,1,3.2959e-05,3.2959e-05,3.2959e-05,225,1,225,225,225,5,1,5,5,5
20,40,3.3019e-05,1,3.3019e-05,3.3019e-05,3.3019e-05,230,1,230,230,230,5,1,5,5,5
20,40,3.5637e-05,1,3.5637e-05,3.5637e-05,3.5637e-05,237,1,237,237,237,6,1,6,6,6
20,40,3.6058e-05,1,3.6058e-05,3.6058e-05,3.6058e-05,226,1,226,226,226,6,1,6,6,6
20,40,3.6324e-05,1,3.6324e-05,3.6324e-05,3.6324e-05,231,1,231,231,231,6,1,6,6,6
20,40,3.5015e-05,1,3.5015e-05,3.5015e-05,3.5015e-05,233,1,233,233,233,6,1,6,6,6
20,40,3.3995e-05,1,3.3995e-05,3.3995e-05,3.3995e-05,231,1,231,231,231,6,1,6,6,6
20,40,3.3514e-05,1,3.3514e-05,3.3514e-05,3.3514e-05,227,1,227,227,227,5,1,5,5,5
20,40,3.3607e-05,1,3.3607e-05,3.3607e-05,3.3607e-05,227,1,227,227,227,5,1,5,5,5
20,40,3.2914e-05,1,3.2914e-05,3.2914e-05,3.2914e-05,228,1,228,228,228,6,1,6,6,6
20,40,3.3478e-05,1,3.3478e-05,3.3478e-05,3.3478e-05,235,1,235,235,235,7,1,7,7,7
20,40,3.3414e-05,1,3.3414e-05,3.3414e-05,3.3414e-05,230,1,230,230,230,6,1,6,6,6
20,40,3.4042e-05,1,3.4042e-05,3.4042e-05,3.4042e-05,229,1,229,229,229,5,1,5,5,5
20,40,3.4121e-05,1,3.4121e-05,3.4121e-05,3.4121e-05,225,1,225,225,225,6,1,6,6,6
20,40,3.2893e-05,1,3.2893e-05,3.2893e-05,3.2893e-05,227,1,227,227,227,5,1,5,5,5
20,40,3.4059e-05,1,3.4059e-05,3.4059e-05,3.4059e-05,226,1,226,226,226,5,1,5,5,5
20,40,3.4476e-05,1,3.4476e-05,3.4476e-05,3.4476e-05,229,1,229,229,229,5,1,5,5,5
20,40,3.3068e-05,1,3.3068e-05,3.3068e-05,3.3068e-05,230,1,230,230,230,5,1,5,5,5
20,40,3.388e-05,1,3.388e-05,3.388e-05,3.388e-05,226,1,226,226,226,5,1,5,5,5
20,40,3.2726e-05,1,3.2726e-05,3.2726e-05,3.2726e-05,222,1,222,222,222,5,1,5,5,5
20,40,3.3236e-05,1,3.3236e-05,3.3236e-05,3.3236e-05,227,1,227,227,227,5,1,5,5,5
20,40,3.2613e-05,1,3.2613e-05,3.2613e-05,3.2613e-05,226,1,226,226,226,6,1,6,6,6
20,40,3.3728e-05,1,3.3728e-05,3.3728e-05,3.3728e-05,229,1,229,229,229,5,1,5,5,5
20,40,3.3208e-05,1,3.3208e-05,3.3208e-05,3.3208e-05,229,1,229,229,229,6,1,6,6,6
20,40,3.391e-05,1,3.391e-05,3.391e-05,3.391e-05,232,1,232,232,232,6,1,6,6,6
20,40,3.399e-05,1,3.399e-05,3.399e-05,3.399e-05,224,1,224,224,224,5,1,5,5,5
20,40,3.3406e-05,1,3.3406e-05,3.3406e-05,3.3406e-05,226,1,226,226,226,5,1,5,5,5
20,40,3.3376e-05,1,3.3376e-05,3.3376e-05,3.3376e-05,236,1,236,236,236,6,1,6,6,6
20,40,3.3861e-05,1,3.3861e-05,3.3861e-05,3.3861e-05,224,1,224,224,224,5,1,5,5,5
20,40,3.3188e-05,1,3.3188e-05,3.3188e-05,3.3188e-05,235,1,235,235,235,6,1,6,6,6
20,40,3.3475e-05,1,3.3475e-05,3.3475e-05,3.3475e-05,232,1,232,232,232,6,1,6,6,6
20,40,3.3317e-05,1,3.3317e-05,3.3317e-05,3.3317e-05,229,1,229,229,229,5,1,5,5,5
20,40,3.3083e-05,1,3.3083e-05,3.3083e-05,3.3083e-05,232,1,232,232,232,6,1,6,6,6
20,40,3.2952e-05,1,3.2952e-05,3.2952e-05,3.2952e-05,227,1,227,227,227,5,1,5,5,5
20,40,3.3091e-05,1,3.3091e-05,3.3091e-05,3.3091e-05,228,1,228,228,228,5,1,5,5,5
20,40,3.351e-05,1,3.351e-05,3.351e-05,3.351e-05,233,1,233,233,233,6,1,6,6,6
20,40,3.3385e-05,1,3.3385e-05,3.3385e-05,3.3385e-05,225,1,225,225,225,5,1,5,5,5
20,40,3.4312e-05,1,3.4312e-05,3.4312e-05,3.4312e-05,230,1,230,230,230,6,1,6,6,6
20,40,3.569e-05,1,3.569e-05,3.569e-05,3.569e-05,223,1,223,223,223,5,1,5,5,5
20,40,3.5601e-05,1,3.5601e-05,3.5601e-05,3.5601e-05,221,1,221,221,221,5,1,5,5,5
20,40,3.5615e-05,1,3.5615e-05,3.5615e-05,3.5615e-05,232,1,232,232,232,6,1,6,6,6
20,40,3.5281e-05,1,3.5281e-05,3.5281e-05,3.5281e-05,229,1,229,229,229,6,1,6,6,6
20,40,3.4917e-05,1,3.4917e-05,3.4917e-05,3.4917e-05,230,1,230,230,230,5,1,5,5,5
20,40,3.329e-05,1,3.329e-05,3.329e-05,3.329e-05,231,1,231,231,231,5,1,5,5,5
20,40,3.3243e-05,1,3.3243e-05,3.3243e-05,3.3243e-05,230,1,230,230,230,5,1,5,5,5
20,40,3.2952e-05,1,3.2952e-05,3.2952e-05,3.2952e-05,227,1,227,227,227,5,1,5,5,5
20,40,3.3658e-05,1,3.3658e-05,3.3658e-05,3.3658e-05,230,1,230,230,230,6,1,6,6,6
20,40,3.355e-05,1,3.355e-05,3.355e-05,3.355e-05,233,1,233,233,233,6,1,6,6,6
20,40,3.3428e-05,1,3.3428e-05,3.3428e-05,3.3428e-05,235,1,235,235,235,6,1,6,6,6
20,40,3.3099e-05,1,3.3099e-05,3.3099e-05,3.3099e-05,224,1,224,224,224,5,1,5,5,5
20,40,3.2294e-05,1,3.2294e-05,3.2294e-05,3.2294e-05,221,1,221,221,221,5,1,5,5,5
20,40,3.3892e-05,1,3.3892e-05,3.3892e-05,3.3892e-05,232,1,232,232,232,6,1,6,6,6
20,40,3.3337e-05,1,3.3337e-05,3.3337e-05,3.3337e-05,223,1,223,223,223,5,1,5,5,5
20,40,3.2205e-05,1,3.2205e-05,3.2205e-05,3.2205e-05,224,1,224,224,224,5,1,5,5,5
20,40,3.3678e-05,1,3.3678e-05,3.3678e-05,3.3678e-05,229,1,229,229,229,6,1,6,6,6
20,40,3.2942e-05,1,3.2942e-05,3.2942e-05,3.2942e-05,228,1,228,228,228,5,1,5,5,5
20,40,3.3227e-05,1,3.3227e-05,3.3227e-05,3.3227e-05,225,1,225,225,225,5,1,5,5,5
20,40,3.243e-05,1,3.243e-05,3.243e-05,3.243e-05,225,1,225,225,225,5,1,5,5,5
20,40,3.3582e-05,1,3.3582e-05,3.3582e-05,3.3582e-05,223,1,223,223,223,5,1,5,5,5
20,40,3.3881e-05,1,3.3881e-05,3.3881e-05,3.3881e-05,222,1,222,222,222,5,1,5,5,5
20,40,3.3544e-05,1,3.3544e-05,3.3544e-05,3.3544e-05,225,1,225,225,225,5,1,5,5,5
20,40,3.2849e-05,1,3.2849e-05,3.2849e-05,3.2849e-05,227,1,227,227,227,5,1,5,5,5
20,40,3.3166e-05,1,3.3166e-05,3.3166e-05,3.3166e-05,220,1,220,220,220,5,1,5,5,5
20,40,3.3862e-05,1,3.3862e-05,3.3862e-05,3.3862e-05,226,1,226,226,226,5,1,5,5,5
20,40,3.3637e-05,1,3.3637e-05,3.3637e-05,3.3637e-05,222,1,222,222,222,5,1,5,5,5
20,40,3.3063e-05,1,3.3063e-05,3.3063e-05,3.3063e-05,226,1,226,226,226,5,1,5,5,5
20,40,3.3135e-05,1,3.3135e-05,3.3135e-05,3.3135e-05,222,1,222,222,222,4,1,4,4,4
20,40,3.3383e-05,1,3.3383e-05,3.3383e-05,3.3383e-05,235,1,235,235,235,6,1,6,6,6
20,40,3.3573e-05,1,3.3573e-05,3.3573e-05,3.3573e-05,225,1,225,225,225,5,1,5,5,5
20,40,3.4718e-05,1,3.4718e-05,3.4718e-05,3.4718e-05,246,1,246,246,246,7,1,7,7,7
20,40,3.5237e-05,1,3.5237e-05,3.5237e-05,3.5237e-05,225,1,225,225,225,5,1,5,5,5
20,40,3.524e-05,1,3.524e-05,3.524e-05,3.524e-05,224,1,224,224,224,5,1,5,5,5
20,40,3.5284e-05,1,3.5284e-05,3.5284e-05,3.5284e-05,223,1,223,223,223,5,1,5,5,5
20,40,3.5279e-05,1,3.5279e-05,3.5279e-05,3.5279e-05,225,1,225,225,225,5,1,5,5,5
20,40,5.0191e-05,1,5.0191e-05,5.0191e-05,5.0191e-05,220,1,220,220,220,5,1,5,5,5
20,40,3.3588e-05,1,3.3588e-05,3.3588e-05,3.3588e-05,227,1,227,227,227,6,1,6,6,6
20,40,3.4021e-05,1,3.4021e-05,3.4021e-05,3.4021e-05,229,1,229,229,229,5,1,5,5,5
20,40,3.3263e-05,1,3.3263e-05,3.3263e-05,3.3263e-05,230,1,230,230,230,5,1,5,5,5
20,40,3.3612e-05,1,3.3612e-05,3.3612e-05,3.3612e-05,225,1,225,225,225,5,1,5,5,5
20,40,3.3242e-05,1,3.3242e-05,3.3242e-05,3.3242e-05,230,1,230,230,230,5,1,5,5,5
20,40,3.2906e-05,1,3.2906e-05,3.2906e-05,3.2906e-05,226,1,226,226,226,5,1,5,5,5
20,40,3.3494e-05,1,3.3494e-05,3.3494e-05,3.3494e-05,235,1,235,235,235,6,1,6,6,6
20,40,3.3221e-05,1,3.3221e-05,3.3221e-05,3.3221e-05,231,1,231,231,231,6,1,6,6,6
20,40,3.2538e-05,1,3.2538e-05,3.2538e-05,3.2538e-05,226,1,226,226,226,5,1,5,5,5
20,40,3.353e-05,1,3.353e-05,3.353e-05,3.353e-05,224,1,224,224,224,6,1,6,6,6
20,40,3.4673e-05,1,3.4673e-05,3.4673e-05,3.4673e-05,225,1,225,225,225,6,1,6,6,6
20,40,3.4865e-05,1,3.4865e-05,3.4865e-05,3.4865e-05,237,1,237,237,237,6,1,6,6,6
20,40,3.3196e-05,1,3.3196e-05,3.3196e-05,3.3196e-05,227,1,227,227,227,6,1,6,6,6
20,40,3.3363e-05,1,3.3363e-05,3.3363e-05,3.3363e-05,222,1,222,222,222,5,1,5,5,5
20,40,3.3744e-05,1,3.3744e-05,3.3744e-05,3.3744e-05,230,1,230,230,230,5,1,5,5,5
20,40,3.332e-05,1,3.332e-05,3.332e-05,3.332e-05,229,1,229,229,229,6,1,6,6,6
20,40,3.3292e-05,1,3.3292e-05,3.3292e-05,3.3292e-05,222,1,222,222,222,4,1,4,4,4
20,40,3.3088e-05,1,3.3088e-05,3.3088e-05,3.3088e-05,226,1,226,226,226,5,1,5,5,5
20,40,3.3314e-05,1,3.3314e-05,3.3314e-05,3.3314e-05,236,1,236,236,236,6,1,6,6,6
20,40,3.3462e-05,1,3.3462e-05,3.3462e-05,3.3462e-05,237,1,237,237,237,6,1,6,6,6
20,40,3.2631e-05,1,3.2631e-05,3.2631e-05,3.2631e-05,225,1,225,225,225,5,1,5,5,5
20,40,3.2871e-05,1,3.2871e-05,3.2871e-05,3.2871e-05,223,1,223,223,223,5,1,5,5,5
20,40,3.225e-05,1,3.225e-05,3.225e-05,3.225e-05,221,1,221,221,221,5,1,5,5,5
20,40,3.3646e-05,1,3.3646e-05,3.3646e-05,3.3646e-05,222,1,222,222,222,5,1,5,5,5
20,40,3.2727e-05,1,3.2727e-05,3.2727e-05,3.2727e-05,225,1,225,225,225,5,1,5,5,5
20,40,3.4045e-05,1,3.4045e-05,3.4045e-05,3.4045e-05,230,1,230,230,230,6,1,6,6,6
20,40,3.3117e-05,1,3.3117e-05,3.3117e-05,3.3117e-05,227,1,227,227,227,5,1,5,5,5
20,40,3.306e-05,1,3.306e-05,3.306e-05,3.306e-05,231,1,231,231,231,6,1,6,6,6
20,40,3.5834e-05,1,3.5834e-05,3.5834e-05,3.5834e-05,235,1,235,235,235,6,1,6,6,6
20,40,3.528e-05,1,3.528e-05,3.528e-05,3.528e-05,240,1,240,240,240,6,1,6,6,6
20,40,3.4738e-05,1,3.4738e-05,3.4738e-05,3.4738e-05,233,1,233,233,233,6,1,6,6,6
20,40,3.251e-05,1,3.251e-05,3.251e-05,3.251e-05,226,1,226,226,226,5,1,5,5,5
20,40,3.3402e-05,1,3.3402e-05,3.3402e-05,3.3402e-05,227,1,227,227,227,5,1,5,5,5
20,40,3.3353e-05,1,3.3353e-05,3.3353e-05,3.3353e-05,224,1,224,224,224,5,1,5,5,5
20,40,3.2471e-05,1,3.2471e-05,3.2471e-05,3.2471e-05,231,1,231,231,231,6,1,6,6,6
20,40,3.4684e-05,1,3.4684e-05,3.4684e-05,3.4684e-05,233,1,233,233,233,6,1,6,6,6
20,40,3.2144e-05,1,3.2144e-05,3.2144e-05,3.2144e-05,227,1,227,227,227,6,1,6,6,6
20,40,3.3373e-05,1,3.3373e-05,3.3373e-05,3.3373e-05,230,1,230,230,230,6,1,6,6,6
20,40,3.3588e-05,1,3.3588e-05,3.3588e-05,3.3588e-05,233,1,233,233,233,6,1,6,6,6
20,40,3.347e-05,1,3.347e-05,3.347e-05,3.347e-05,234,1,234,234,234,6,1,6,6,6
20,40,3.2728e-05,1,3.2728e-05,3.2728e-05,3.2728e-05,226,1,226,226,226,5,1,5,5,5
20,40,3.2939e-05,1,3.2939e-05,3.2939e-05,3.2939e-05,225,1,225,225,225,5,1,5,5,5
20,40,3.3372e-05,1,3.3372e-05,3.3372e-05,3.3372e-05,230,1,230,230,230,6,1,6,6,6
20,40,3.3674e-05,1,3.3674e-05,3.3674e-05,3.3674e-05,226,1,226,226,226,6,1,6,6,6
20,40,3.4427e-05,1,3.4427e-05,3.4427e-05,3.4427e-05,234,1,234,234,234,6,1,6,6,6
20,40,3.3885e-05,1,3.3885e-05,3.3885e-05,3.3885e-05,233,1,233,233,233,5,1,5,5,5
20,40,3.3299e-05,1,3.3299e-05,3.3299e-05,3.3299e-05,219,1,219,219,219,5,1,5,5,5
20,40,3.3697e-05,1,3.3697e-05,3.3697e-05,3.3697e-05,227,1,227,227,227,5,1,5,5,5
20,40,3.2911e-05,1,3.2911e-05,3.2911e-05,3.2911e-05,220,1,220,220,220,5,1,5,5,5
20,40,3.3521e-05,1,3.3521e-05,3.3521e-05,3.3521e-05,233,1,233,233,233,6,1,6,6,6
20,40,5.2003e-05,1,5.2003e-05,5.2003e-05,5.2003e-05,236,1,236,236,236,6,1,6,6,6
20,40,3.5007e-05,1,3.5007e-05,3.5007e-05,3.5007e-05,229,1,229,229,229,6,1,6,6,6
20,40,3.537e-05,1,3.537e-05,3.537e-05,3.537e-05,219,1,219,219,219,5,1,5,5,5
20,40,3.5089e-05,1,3.5089e-05,3.5089e-05,3.5089e-05,223,1,223,223,223,5,1,5,5,5
20,40,3.3326e-05,1,3.3326e-05,3.3326e-05,3.3326e-05,229,1,229,229,229,6,1,6,6,6
20,40,3.373e-05,1,3.373e-05,3.373e-05,3.373e-05,238,1,238,238,238,7,1,7,7,7
20,40,3.2699e-05,1,3.2699e-05,3.2699e-05,3.2699e-05,227,1,227,227,227,5,1,5,5,5
20,40,3.4255e-05,1,3.4255e-05,3.4255e-05,3.4255e-05,235,1,235,235,235,6,1,6,6,6
20,40,3.3365e-05,1,3.3365e-05,3.3365e-05,3.3365e-05,227,1,227,227,227,6,1,6,6,6
20,40,3.3886e-05,1,3.3886e-05,3.3886e-05,3.3886e-05,236,1,236,236,236,5,1,5,5,5
20,40,3.3347e-05,1,3.3347e-05,3.3347e-05,3.3347e-05,226,1,226,226,226,5,1,5,5,5
20,40,3.2761e-05,1,3.2761e-05,3.2761e-05,3.2761e-05,220,1,220,220,220,5,1,5,5,5
20,40,3.3547e-05,1,3.3547e-05,3.3547e-05,3.3547e-05,224,1,224,224,224,5,1,5,5,5
20,40,3.3209e-05,1,3.3209e-05,3.3209e-05,3.3209e-05,228,1,228,228,228,6,1,6,6,6
20,40,3.382e-05,1,3.382e-05,3.382e-05,3.382e-05,233,1,233,233,233,5,1,5,5,5
20,40,3.4641e-05,1,3.4641e-05,3.4641e-05,3.4641e-05,230,1,230,230,230,6,1,6,6,6
20,40,3.3734e-05,1,3.3734e-05,3.3734e-05,3.3734e-05,234,1,234,234,234,6,1,6,6,6
20,40,3.3474e-05,1,3.3474e-05,3.3474e-05,3.3474e-05,229,1,229,229,229,5,1,5,5,5
20,40,3.4518e-05,1,3.4518e-05,3.4518e-05,3.4518e-05,229,1,229,229,229,5,1,5,5,5
20,40,3.278e-05,1,3.278e-05,3.278e-05,3.278e-05,215,1,215,215,215,4,1,4,4,4
20,40,3.3654e-05,1,3.3654e-05,3.3654e-05,3.3654e-05,229,1,229,229,229,5,1,5,5,5
20,40,3.317e-05,1,3.317e-05,3.317e-05,3.317e-05,222,1,222,222,222,5,1,5,5,5
20,40,3.5588e-05,1,3.5588e-05,3.5588e-05,3.5588e-05,227,1,227,227,227,5,1,5,5,5
20,40,3.5366e-05,1,3.5366e-05,3.5366e-05,3.5366e-05,231,1,231,231,231,5,1,5,5,5
20,40,3.5593e-05,1,3.5593e-05,3.5593e-05,3.5593e-05,235,1,235,235,235,6,1,6,6,6
20,40,5.2606e-05,1,5.2606e-05,5.2606e-05,5.2606e-05,224,1,224,224,224,5,1,5,5,5
20,40,3.2913e-05,1,3.2913e-05,3.2913e-05,3.2913e-05,228,1,228,228,228,5,1,5,5,5
20,40,3.3401e-05,1,3.3401e-05,3.3401e-05,3.3401e-05,225,1,225,225,225,6,1,6,6,6
20,40,3.4081e-05,1,3.4081e-05,3.4081e-05,3.4081e-05,227,1,227,227,227,5,1,5,5,5
20,40,3.2942e-05,1,3.2942e-05,3.2942e-05,3.2942e-05,235,1,235,235,235,6,1,6,6,6
20,40,3.398e-05,1,3.398e-05,3.398e-05,3.398e-05,231,1,231,231,231,6,1,6,6,6
20,40,3.3667e-05,1,3.3667e-05,3.3667e-05,3.3667e-05,240,1,240,240,240,7,1,7,7,7
20,40,3.3353e-05,1,3.3353e-05,3.3353e-05,3.3353e-05,233,1,233,233,233,5,1,5,5,5
20,40,3.2797e-05,1,3.2797e-05,3.2797e-05,3.2797e-05,218,1,218,218,218,5,1,5,5,5
20,40,3.3256e-05,1,3.3256e-05,3.3256e-05,3.3256e-05,236,1,236,236,236,6,1,6,6,6
20,40,3.2551e-05,1,3.2551e-05,3.2551e-05,3.2551e-05,228,1,228,228,228,5,1,5,5,5
20,40,3.3572e-05,1,3.3572e-05,3.3572e-05,3.3572e-05,233,1,233,233,233,6,1,6,6,6
20,40,3.3433e-05,1,3.3433e-05,3.3433e-05,3.3433e-05,240,1,240,240,240,7,1,7,7,7
20,40,3.5527e-05,1,3.5527e-05,3.5527e-05,3.5527e-05,225,1,225,225,225,5,1,5,5,5
20,40,3.4891e-05,1,3.4891e-05,3.4891e-05,3.4891e-05,233,1,233,233,233,6,1,6,6,6
20,40,3.5082e-05,1,3.5082e-05,3.5082e-05,3.5082e-05,222,1,222,222,222,5,1,5,5,5
20,40,3.522e-05,1,3.522e-05,3.522e-05,3.522e-05,231,1,231,231,231,6,1,6,6,6
20,40,3.4359e-05,1,3.4359e-05,3.4359e-05,3.4359e-05,224,1,224,224,224,5,1,5,5,5
20,40,3.3192e-05,1,3.3192e-05,3.3192e-05,3.3192e-05,226,1,226,226,226,5,1,5,5,5
20,40,3.4986e-05,1,3.4986e-05,3.4986e-05,3.4986e-05,237,1,237,237,237,6,1,6,6,6
20,40,3.6009e-05,1,3.6009e-05,3.6009e-05,3.6009e-05,231,1,231,231,231,5,1,5,5,5
20,40,3.5746e-05,1,3.5746e-05,3.5746e-05,3.5746e-05,232,1,232,232,232,6,1,6,6,6
20,40,3.5559e-05,1,3.5559e-05,3.5559e-05,3.5559e-05,231,1,231,231,231,6,1,6,6,6
20,40,5.1315e-05,1,5.1315e-05,5.1315e-05,5.1315e-05,229,1,229,229,229,6,1,6,6,6
20,40,3.3636e-05,1,3.3636e-05,3.3636e-05,3.3636e-05,230,1,230,230,230,5,1,5,5,5
20,40,3.3974e-05,1,3.3974e-05,3.3974e-05,3.3974e-05,238,1,238,238,238,6,1,6,6,6
20,40,3.2998e-05,1,3.2998e-05,3.2998e-05,3.2998e-05,229,1,229,229,229,5,1,5,5,5
20,40,3.4136e-05,1,3.4136e-05,3.4136e-05,3.4136e-05,219,1,219,219,219,5,1,5,5,5
20,40,3.3983e-05,1,3.3983e-05,3.3983e-05,3.3983e-05,240,1,240,240,240,7,1,7,7,7
20,40,3.2624e-05,1,3.2624e-05,3.2624e-05,3.2624e-05,232,1,232,232,232,5,1,5,5,5
20,40,3.3466e-05,1,3.3466e-05,3.3466e-05,3.3466e-05,219,1,219,219,219,5,1,5,5,5
20,40,3.3043e-05,1,3.3043e-05,3.3043e-05,3.3043e-05,228,1,228,228,228,5,1,5,5,5
20,40,3.3074e-05,1,3.3074e-05,3.3074e-05,3.3074e-05,227,1,227,227,227,6,1,6,6,6
20,40,5.1886e-05,1,5.1886e-05,5.1886e-05,5.1886e-05,239,1,239,239,239,7,1,7,7,7
20,40,3.4998e-05,1,3.4998e-05,3.4998e-05,3.4998e-05,222,1,222,222,222,5,1,5,5,5
20,40,5.1896e-05,1,5.1896e-05,5.1896e-05,5.1896e-05,229,1,229,229,229,5,1,5,5,5
20,40,3.3782e-05,1,3.3782e-05,3.3782e-05,3.3782e-05,225,1,225,225,225,5,1,5,5,5
20,40,3.3888e-05,1,3.3888e-05,3.3888e-05,3.3888e-05,224,1,224,224,224,5,1,5,5,5
20,40,3.3325e-05,1,3.3325e-05,3.3325e-05,3.3325e-05,229,1,229,229,229,6,1,6,6,6
20,40,3.4812e-05,1,3.4812e-05,3.4812e-05,3.4812e-05,226,1,226,226,226,5,1,5,5,5
20,40,3.4008e-05,1,3.4008e-05,3.4008e-05,3.4008e-05,239,1,239,239,239,6,1,6,6,6
20,40,3.3923e-05,1,3.3923e-05,3.3923e-05,3.3923e-05,217,1,217,217,217,4,1,4,4,4
20,40,3.2097e-05,1,3.2097e-05,3.2097e-05,3.2097e-05,228,1,228,228,228,5,1,5,5,5
20,40,3.631e-05,1,3.631e-05,3.631e-05,3.631e-05,234,1,234,234,234,5,1,5,5,5
20,40,3.5922e-05,1,3.5922e-05,3.5922e-05,3.5922e-05,234,1,234,234,234,6,1,6,6,6
20,40,3.5402e-05,1,3.5402e-05,3.5402e-05,3.5402e-05,227,1,227,227,227,6,1,6,6,6
20,40,3.3166e-05,1,3.3166e-05,3.3166e-05,3.3166e-05,231,1,231,231,231,5,1,5,5,5
20,40,3.3706e-05,1,3.3706e-05,3.3706e-05,3.3706e-05,233,1,233,233,233,6,1,6,6,6
20,40,3.295e-05,1,3.295e-05,3.295e-05,3.295e-05,218,1,218,218,218,5,1,5,5,5
20,40,3.3089e-05,1,3.3089e-05,3.3089e-05,3.3089e-05,227,1,227,227,227,5,1,5,5,5
20,40,3.2965e-05,1,3.2965e-05,3.2965e-05,3.2965e-05,223,1,223,223,223,5,1,5,5,5
20,40,3.4259e-05,1,3.4259e-05,3.4259e-05,3.4259e-05,235,1,235,235,235,6,1,6,6,6
20,40,3.3318e-05,1,3.3318e-05,3.3318e-05,3.3318e-05,228,1,228,228,228,5,1,5,5,5
20,40,3.3353e-05,1,3.3353e-05,3.3353e-05,3.3353e-05,225,1,225,225,225,5,1,5,5,5
20,40,3.376e-05,1,3.376e-05,3.376e-05,3.376e-05,226,1,226,226,226,5,1,5,5,5
20,40,3.3792e-05,1,3.3792e-05,3.3792e-05,3.3792e-05,231,1,231,231,231,6,1,6,6,6
20,40,3.3017e-05,1,3.3017e-05,3.3017e-05,3.3017e-05,226,1,226,226,226,5,1,5,5,5
20,40,3.2765e-05,1,3.2765e-05,3.2765e-05,3.2765e-05,233,1,233,233,233,6,1,6,6,6
20,40,3.5396e-05,1,3.5396e-05,3.5396e-05,3.5396e-05,227,1,227,227,227,5,1,5,5,5
20,40,3.5269e-05,1,3.5269e-05,3.5269e-05,3.5269e-05,232,1,232,232,232,5,1,5,5,5
20,40,3.8911e-05,1,3.8911e-05,3.8911e-05,3.8911e-05,228,1,228,228,228,6,1,6,6,6
20,40,3.5089e-05,1,3.5089e-05,3.5089e-05,3.5089e-05,222,1,222,222,222,5,1,5,5,5
20,40,3.4909e-05,1,3.4909e-05,3.4909e-05,3.4909e-05,229,1,229,229,229,6,1,6,6,6
20,40,3.4235e-05,1,3.4235e-05,3.4235e-05,3.4235e-05,227,1,227,227,227,5,1,5,5,5
20,40,3.4306e-05,1,3.4306e-05,3.4306e-05,3.4306e-05,226,1,226,226,226,5,1,5,5,5
20,40,3.2993e-05,1,3.2993e-05,3.2993e-05,3.2993e-05,231,1,231,231,231,6,1,6,6,6
20,40,3.341e-05,1,3.341e-05,3.341e-05,3.341e-05,231,1,231,231,231,5,1,5,5,5
20,40,3.3046e-05,1,3.3046e-05,3.3046e-05,3.3046e-05,227,1,227,227,227,5,1,5,5,5
20,40,3.445e-05,1,3.445e-05,3.445e-05,3.445e-05,228,1,228,228,228,5,1,5,5,5
20,40,3.4609e-05,1,3.4609e-05,3.4609e-05,3.4609e-05,230,1,230,230,230,5,1,5,5,5
20,40,3.4125e-05,1,3.4125e-05,3.4125e-05,3.4125e-05,231,1,231,231,231,6,1,6,6,6
20,40,3.5414e-05,1,3.5414e-05,3.5414e-05,3.5414e-05,227,1,227,227,227,5,1,5,5,5
20,40,5.1015e-05,1,5.1015e-05,5.1015e-05,5.1015e-05,230,1,230,230,230,5,1,5,5,5
20,40,3.306e-05,1,3.306e-05,3.306e-05,3.306e-05,223,1,223,223,223,5,1,5,5,5
20,40,3.3299e-05,1,3.3299e-05,3.3299e-05,3.3299e-05,226,1,226,226,226,5,1,5,5,5
20,40,3.2508e-05,1,3.2508e-05,3.2508e-05,3.2508e-05,220,1,220,220,220,5,1,5,5,5
20,40,3.2804e-05,1,3.2804e-05,3.2804e-05,3.2804e-05,224,1,224,224,224,5,1,5,5,5
20,40,3.3158e-05,1,3.3158e-05,3.3158e-05,3.3158e-05,226,1,226,226,226,5,1,5,5,5
20,40,3.3905e-05,1,3.3905e-05,3.3905e-05,3.3905e-05,235,1,235,235,235,6,1,6,6,6
20,40,3.2602e-05,1,3.2602e-05,3.2602e-05,3.2602e-05,230,1,230,230,230,6,1,6,6,6
20,40,3.4566e-05,1,3.4566e-05,3.4566e-05,3.4566e-05,239,1,239,239,239,7,1,7,7,7
20,40,3.4706e-05,1,3.4706e-05,3.4706e-05,3.4706e-05,231,1,231,231,231,5,1,5,5,5
20,40,3.3134e-05,1,3.3134e-05,3.3134e-05,3.3134e-05,228,1,228,228,228,6,1,6,6,6
20,40,3.301e-05,1,3.301e-05,3.301e-05,3.301e-05,222,1,222,222,222,5,1,5,5,5
20,40,3.368e-05,1,3.368e-05,3.368e-05,3.368e-05,225,1,225,225,225,5,1,5,5,5
20,40,3.2925e-05,1,3.2925e-05,3.2925e-05,3.2925e-05,226,1,226,226,226,5,1,5,5,5
20,40,3.3248e-05,1,3.3248e-05,3.3248e-05,3.3248e-05,232,1,232,232,232,6,1,6,6,6
20,40,3.2606e-05,1,3.2606e-05,3.2606e-05,3.2606e-05,226,1,226,226,226,5,1,5,5,5
20,40,3.3297e-05,1,3.3297e-05,3.3297e-05,3.3297e-05,226,1,226,226,226,5,1,5,5,5
20,40,3.3529e-05,1,3.3529e-05,3.3529e-05,3.3529e-05,229,1,229,229,229,6,1,6,6,6
20,40,3.4279e-05,1,3.4279e-05,3.4279e-05,3.4279e-05,232,1,232,232,232,5,1,5,5,5
20,40,3.4498e-05,1,3.4498e-05,3.4498e-05,3.4498e-05,239,1,239,239,239,6,1,6,6,6
20,40,3.3704e-05,1,3.3704e-05,3.3704e-05,3.3704e-05,226,1,226,226,226,6,1,6,6,6
20,40,3.3121e-05,1,3.3121e-05,3.3121e-05,3.3121e-05,234,1,234,234,234,6,1,6,6,6
20,40,3.2641e-05,1,3.2641e-05,3.2641e-05,3.2641e-05,232,1,232,232,232,6,1,6,6,6
20,40,3.2927e-05,1,3.2927e-05,3.2927e-05,3.2927e-05,226,1,226,226,226,5,1,5,5,5
20,40,3.2275e-05,1,3.2275e-05,3.2275e-05,3.2275e-05,223,1,223,223,223,5,1,5,5,5
20,40,3.2615e-05,1,3.2615e-05,3.2615e-05,3.2615e-05,228,1,228,228,228,5,1,5,5,5
20,40,3.3806e-05,1,3.3806e-05,3.3806e-05,3.3806e-05,241,1,241,241,241,7,1,7,7,7
20,40,3.356e-05,1,3.356e-05,3.356e-05,3.356e-05,228,1,228,228,228,6,1,6,6,6
20,40,3.3348e-05,1,3.3348e-05,3.3348e-05,3.3348e-05,227,1,227,227,227,6,1,6,6,6
20,40,3.4054e-05,1,3.4054e-05,3.4054e-05,3.4054e-05,233,1,233,233,233,6,1,6,6,6
20,40,3.3806e-05,1,3.3806e-05,3.3806e-05,3.3806e-05,233,1,233,233,233,6,1,6,6,6
20,40,3.3461e-05,1,3.3461e-05,3.3461e-05,3.3461e-05,227,1,227,227,227,6,1,6,6,6
20,40,3.334e-05,1,3.334e-05,3.334e-05,3.334e-05,228,1,228,228,228,5,1,5,5,5
20,40,3.4097e-05,1,3.4097e-05,3.4097e-05,3.4097e-05,230,1,230,230,230,5,1,5,5,5
20,40,3.3094e-05,1,3.3094e-05,3.3094e-05,3.3094e-05,232,1,232,232,232,5,1,5,5,5
20,40,3.5478e-05,1,3.5478e-05,3.5478e-05,3.5478e-05,233,1,233,233,233,6,1,6,6,6
20,40,3.5088e-05,1,3.5088e-05,3.5088e-05,3.5088e-05,223,1,223,223,223,5,1,5,5,5
20,40,3.5416e-05,1,3.5416e-05,3.5416e-05,3.5416e-05,235,1,235,235,235,6,1,6,6,6
20,40,3.5098e-05,1,3.5098e-05,3.5098e-05,3.5098e-05,235,1,235,235,235,6,1,6,6,6
20,40,3.4932e-05,1,3.4932e-05,3.4932e-05,3.4932e-05,226,1,226,226,226,5,1,5,5,5
20,40,3.5334e-05,1,3.5334e-05,3.5334e-05,3.5334e-05,222,1,222,222,222,5,1,5,5,5
20,40,3.5196e-05,1,3.5196e-05,3.5196e-05,3.5196e-05,228,1,228,228,228,5,1,5,5,5
20,40,5.0295e-05,1,5.0295e-05,5.0295e-05,5.0295e-05,230,1,230,230,230,6,1,6,6,6
20,40,3.3614e-05,1,3.3614e-05,3.3614e-05,3.3614e-05,234,1,234,234,234,6,1,6,6,6
20,40,3.3616e-05,1,3.3616e-05,3.3616e-05,3.3616e-05,233,1,233,233,233,6,1,6,6,6
20,40,3.4252e-05,1,3.4252e-05,3.4252e-05,3.4252e-05,227,1,227,227,227,5,1,5,5,5
20,40,3.3583e-05,1,3.3583e-05,3.3583e-05,3.3583e-05,237,1,237,237,237,7,1,7,7,7
20,40,3.3576e-05,1,3.3576e-05,3.3576e-05,3.3576e-05,236,1,236,236,236,6,1,6,6,6
20,40,3.3613e-05,1,3.3613e-05,3.3613e-05,3.3613e-05,229,1,229,229,229,5,1,5,5,5
20,40,3.3331e-05,1,3.3331e-05,3.3331e-05,3.3331e-05,226,1,226,226,226,5,1,5,5,5
20,40,3.4501e-05,1,3.4501e-05,3.4501e-05,3.4501e-05,224,1,224,224,224,5,1,5,5,5
20,40,3.3419e-05,1,3.3419e-05,3.3419e-05,3.3419e-05,233,1,233,233,233,6,1,6,6,6
20,40,3.3749e-05,1,3.3749e-05,3.3749e-05,3.3749e-05,228,1,228,228,228,5,1,5,5,5
20,40,3.2793e-05,1,3.2793e-05,3.2793e-05,3.2793e-05,228,1,228,228,228,5,1,5,5,5
20,40,3.3931e-05,1,3.3931e-05,3.3931e-05,3.3931e-05,221,1,221,221,221,5,1,5,5,5
20,40,3.3864e-05,1,3.3864e-05,3.3864e-05,3.3864e-05,231,1,231,231,231,5,1,5,5,5
20,40,3.2429e-05,1,3.2429e-05,3.2429e-05,3.2429e-05,221,1,221,221,221,5,1,5,5,5
20,40,3.4384e-05,1,3.4384e-05,3.4384e-05,3.4384e-05,240,1,240,240,240,6,1,6,6,6
20,40,3.4164e-05,1,3.4164e-05,3.4164e-05,3.4164e-05,227,1,227,227,227,6,1,6,6,6
20,40,3.3681e-05,1,3.3681e-05,3.3681e-05,3.3681e-05,229,1,229,229,229,5,1,5,5,5
20,40,3.2414e-05,1,3.2414e-05,3.2414e-05,3.2414e-05,223,1,223,223,223,5,1,5,5,5
20,40,3.2818e-05,1,3.2818e-05,3.2818e-05,3.2818e-05,225,1,225,225,225,5,1,5,5,5
20,40,3.4683e-05,1,3.4683e-05,3.4683e-05,3.4683e-05,216,1,216,216,216,5,1,5,5,5
20,40,3.621e-05,1,3.621e-05,3.621e-05,3.621e-05,223,1,223,223,223,5,1,5,5,5
20,40,3.4944e-05,1,3.4944e-05,3.4944e-05,3.4944e-05,227,1,227,227,227,5,1,5,5,5
20,40,3.5668e-05,1,3.5668e-05,3.5668e-05,3.5668e-05,235,1,235,235,235,6,1,6,6,6
20,40,3.4855e-05,1,3.4855e-05,3.4855e-05,3.4855e-05,230,1,230,230,230,5,1,5,5,5
20,40,3.5223e-05,1,3.5223e-05,3.5223e-05,3.5223e-05,238,1,238,238,238,6,1,6,6,6
20,40,3.3872e-05,1,3.3872e-05,3.3872e-05,3.3872e-05,220,1,220,220,220,5,1,5,5,5
20,40,3.2852e-05,1,3.2852e-05,3.2852e-05,3.2852e-05,222,1,222,222,222,4,1,4,4,4
20,40,3.468e-05,1,3.468e-05,3.468e-05,3.468e-05,230,1,230,230,230,6,1,6,6,6
20,40,3.261e-05,1,3.261e-05,3.261e-05,3.261e-05,229,1,229,229,229,6,1,6,6,6
20,40,3.3749e-05,1,3.3749e-05,3.3749e-05,3.3749e-05,231,1,231,231,231,6,1,6,6,6
20,40,3.3505e-05,1,3.3505e-05,3.3505e-05,3.3505e-05,227,1,227,227,227,5,1,5,5,5
20,40,3.2968e-05,1,3.2968e-05,3.2968e-05,3.2968e-05,223,1,223,223,223,5,1,5,5,5
20,40,3.332e-05,1,3.332e-05,3.332e-05,3.332e-05,232,1,232,232,232,6,1,6,6,6
20,40,3.397e-05,1,3.397e-05,3.397e-05,3.397e-05,234,1,234,234,234,5,1,5,5,5
20,40,3.4289e-05,1,3.4289e-05,3.4289e-05,3.4289e-05,234,1,234,234,234,6,1,6,6,6
20,40,3.3017e-05,1,3.3017e-05,3.3017e-05,3.3017e-05,222,1,222,222,222,5,1,5,5,5
20,40,3.3992e-05,1,3.3992e-05,3.3992e-05,3.3992e-05,220,1,220,220,220,5,1,5,5,5
20,40,3.3469e-05,1,3.3469e-05,3.3469e-05,3.3469e-05,236,1,236,236,236,6,1,6,6,6
20,40,3.3786e-05,1,3.3786e-05,3.3786e-05,3.3786e-05,227,1,227,227,227,6,1,6,6,6
20,40,3.339e-05,1,3.339e-05,3.339e-05,3.339e-05,233,1,233,233,233,6,1,6,6,6
20,40,3.2826e-05,1,3.2826e-05,3.2826e-05,3.2826e-05,220,1,220,220,220,5,1,5,5,5
20,40,3.5804e-05,1,3.5804e-05,3.5804e-05,3.5804e-05,238,1,238,238,238,6,1,6,6,6
20,40,3.3755e-05,1,3.3755e-05,3.3755e-05,3.3755e-05,231,1,231,231,231,5,1,5,5,5
20,40,3.3102e-05,1,3.3102e-05,3.3102e-05,3.3102e-05,236,1,236,236,236,6,1,6,6,6
20,40,3.2942e-05,1,3.2942e-05,3.2942e-05,3.2942e-05,231,1,231,231,231,5,1,5,5,5
20,40,3.9376e-05,1,3.9376e-05,3.9376e-05,3.9376e-05,226,1,226,226,226,6,1,6,6,6
20,40,3.2647e-05,1,3.2647e-05,3.2647e-05,3.2647e-05,225,1,225,225,225,5,1,5,5,5
20,40,3.4366e-05,1,3.4366e-05,3.4366e-05,3.4366e-05,225,1,225,225,225,5,1,5,5,5
20,40,3.5032e-05,1,3.5032e-05,3.5032e-05,3.5032e-05,229,1,229,229,229,6,1,6,6,6
20,40,3.3452e-05,1,3.3452e-05,3.3452e-05,3.3452e-05,224,1,224,224,224,5,1,5,5,5
20,40,3.3708e-05,1,3.3708e-05,3.3708e-05,3.3708e-05,226,1,226,226,226,6,1,6,6,6
20,40,3.3059e-05,1,3.3059e-05,3.3059e-05,3.3059e-05,231,1,231,231,231,6,1,6,6,6
20,40,3.5059e-05,1,3.5059e-05,3.5059e-05,3.5059e-05,231,1,231,231,231,6,1,6,6,6
20,40,3.3344e-05,1,3.3344e-05,3.3344e-05,3.3344e-05,225,1,225,225,225,5,1,5,5,5
20,40,3.3577e-05,1,3.3577e-05,3.3577e-05,3.3577e-05,232,1,232,232,232,6,1,6,6,6
20,40,3.2935e-05,1,3.2935e-05,3.2935e-05,3.2935e-05,221,1,221,221,221,6,1,6,6,6
20,40,3.377e-05,1,3.377e-05,3.377e-05,3.377e-05,228,1,228,228,228,6,1,6,6,6
20,40,3.2733e-05,1,3.2733e-05,3.2733e-05,3.2733e-05,231,1,231,231,231,6,1,6,6,6
20,40,3.2816e-05,1,3.2816e-05,3.2816e-05,3.2816e-05,225,1,225,225,225,5,1,5,5,5
20,40,3.353e-05,1,3.353e-05,3.353e-05,3.353e-05,233,1,233,233,233,6,1,6,6,6
20,40,3.5382e-05,1,3.5382e-05,3.5382e-05,3.5382e-05,220,1,220,220,220,5,1,5,5,5
20,40,3.5116e-05,1,3.5116e-05,3.5116e-05,3.5116e-05,226,1,226,226,226,5,1,5,5,5
20,40,3.468e-05,1,3.468e-05,3.468e-05,3.468e-05,227,1,227,227,227,5,1,5,5,5
20,40,3.4982e-05,1,3.4982e-05,3.4982e-05,3.4982e-05,224,1,224,224,224,5,1,5,5,5
20,40,5.1606e-05,1,5.1606e-05,5.1606e-05,5.1606e-05,228,1,228,228,228,6,1,6,6,6
20,40,3.3644e-05,1,3.3644e-05,3.3644e-05,3.3644e-05,224,1,224,224,224,5,1,5,5,5
20,40,3.31e-05,1,3.31e-05,3.31e-05,3.31e-05,235,1,235,235,235,5,1,5,5,5
20,40,3.255e-05,1,3.255e-05,3.255e-05,3.255e-05,223,1,223,223,223,5,1,5,5,5
20,40,3.4232e-05,1,3.4232e-05,3.4232e-05,3.4232e-05,235,1,235,235,235,6,1,6,6,6
20,40,3.2447e-05,1,3.2447e-05,3.2447e-05,3.2447e-05,225,1,225,225,225,5,1,5,5,5
20,40,4.1727e-05,1,4.1727e-05,4.1727e-05,4.1727e-05,228,1,228,228,228,5,1,5,5,5
20,40,3.3003e-05,1,3.3003e-05,3.3003e-05,3.3003e-05,233,1,233,233,233,6,1,6,6,6
20,40,3.3787e-05,1,3.3787e-05,3.3787e-05,3.3787e-05,231,1,231,231,231,6,1,6,6,6
20,40,3.288e-05,1,3.288e-05,3.288e-05,3.288e-05,224,1,224,224,224,5,1,5,5,5
20,40,3.2775e-05,1,3.2775e-05,3.2775e-05,3.2775e-05,219,1,219,219,219,4,1,4,4,4
20,40,3.3381e-05,1,3.3381e-05,3.3381e-05,3.3381e-05,225,1,225,225,225,5,1,5,5,5
20,40,3.5254e-05,1,3.5254e-05,3.5254e-05,3.5254e-05,231,1,231,231,231,6,1,6,6,6
20,40,3.3408e-05,1,3.3408e-05,3.3408e-05,3.3408e-05,228,1,228,228,228,5,1,5,5,5
20,40,3.3568e-05,1,3.3568e-05,3.3568e-05,3.3568e-05,237,1,237,237,237,6,1,6,6,6
20,40,3.3168e-05,1,3.3168e-05,3.3168e-05,3.3168e-05,224,1,224,224,224,5,1,5,5,5
20,40,3.3231e-05,1,3.3231e-05,3.3231e-05,3.3231e-05,226,1,226,226,226,5,1,5,5,5
20,40,3.4951e-05,1,3.4951e-05,3.4951e-05,3.4951e-05,241,1,241,241,241,6,1,6,6,6
20,40,3.5522e-05,1,3.5522e-05,3.5522e-05,3.5522e-05,231,1,231,231,231,6,1,6,6,6
20,40,3.4509e-05,1,3.4509e-05,3.4509e-05,3.4509e-05,229,1,229,229,229,6,1,6,6,6
20,40,3.4828e-05,1,3.4828e-05,3.4828e-05,3.4828e-05,224,1,224,224,224,5,1,5,5,5
20,40,3.521e-05,1,3.521e-05,3.521e-05,3.521e-05,224,1,224,224,224,5,1,5,5,5
20,40,3.3442e-05,1,3.3442e-05,3.3442e-05,3.3442e-05,223,1,223,223,223,5,1,5,5,5
20,40,3.3738e-05,1,3.3738e-05,3.3738e-05,3.3738e-05,221,1,221,221,221,5,1,5,5,5
20,40,3.4315e-05,1,3.4315e-05,3.4315e-05,3.4315e-05,229,1,229,229,229,5,1,5,5,5
20,40,3.2163e-05,1,3.2163e-05,3.2163e-05,3.2163e-05,224,1,224,224,224,6,1,6,6,6
20,40,3.2795e-05,1,3.2795e-05,3.2795e-05,3.2795e-05,228,1,228,228,228,5,1,5,5,5
20,40,3.3785e-05,1,3.3785e-05,3.3785e-05,3.3785e-05,233,1,233,233,233,6,1,6,6,6
20,40,3.362e-05,1,3.362e-05,3.362e-05,3.362e-05,223,1,223,223,223,5,1,5,5,5
20,40,3.3703e-05,1,3.3703e-05,3.3703e-05,3.3703e-05,226,1,226,226,226,5,1,5,5,5
20,40,3.4064e-05,1,3.4064e-05,3.4064e-05,3.4064e-05,233,1,233,233,233,6,1,6,6,6
20,40,3.3327e-05,1,3.3327e-05,3.3327e-05,3.3327e-05,224,1,224,224,224,5,1,5,5,5
20,40,3.4682e-05,1,3.4682e-05,3.4682e-05,3.4682e-05,226,1,226,226,226,5,1,5,5,5
20,40,3.4848e-05,1,3.4848e-05,3.4848e-05,3.4848e-05,235,1,235,235,235,6,1,6,6,6
20,40,3.5056e-05,1,3.5056e-05,3.5056e-05,3.5056e-05,231,1,231,231,231,6,1,6,6,6
20,40,3.7241e-05,1,3.7241e-05,3.7241e-05,3.7241e-05,243,1,243,243,243,7,1,7,7,7
20,40,3.5272e-05,1,3.5272e-05,3.5272e-05,3.5272e-05,229,1,229,229,229,5,1,5,5,5
20,40,3.5902e-05,1,3.5902e-05,3.5902e-05,3.5902e-05,232,1,232,232,232,6,1,6,6,6
20,40,3.3492e-05,1,3.3492e-05,3.3492e-05,3.3492e-05,238,1,238,238,238,6,1,6,6,6
20,40,3.2638e-05,1,3.2638e-05,3.2638e-05,3.2638e-05,219,1,219,219,219,5,1,5,5,5
20,40,3.2343e-05,1,3.2343e-05,3.2343e-05,3.2343e-05,228,1,228,228,228,5,1,5,5,5
20,40,3.334e-05,1,3.334e-05,3.334e-05,3.334e-05,226,1,226,226,226,5,1,5,5,5
20,40,3.2861e-05,1,3.2861e-05,3.2861e-05,3.2861e-05,227,1,227,227,227,5,1,5,5,5
20,40,3.3594e-05,1,3.3594e-05,3.3594e-05,3.3594e-05,237,1,237,237,237,6,1,6,6,6
20,40,3.5731e-05,1,3.5731e-05,3.5731e-05,3.5731e-05,228,1,228,228,228,5,1,5,5,5
20,40,3.563e-05,1,3.563e-05,3.563e-05,3.563e-05,235,1,235,235,235,6,1,6,6,6
20,40,3.3859e-05,1,3.3859e-05,3.3859e-05,3.3859e-05,225,1,225,225,225,5,1,5,5,5
20,40,3.3382e-05,1,3.3382e-05,3.3382e-05,3.3382e-05,227,1,227,227,227,6,1,6,6,6
20,40,3.269e-05,1,3.269e-05,3.269e-05,3.269e-05,225,1,225,225,225,5,1,5,5,5
20,40,3.2458e-05,1,3.2458e-05,3.2458e-05,3.2458e-05,224,1,224,224,224,5,1,5,5,5
20,40,3.3828e-05,1,3.3828e-05,3.3828e-05,3.3828e-05,231,1,231,231,231,6,1,6,6,6
20,40,3.3384e-05,1,3.3384e-05,3.3384e-05,3.3384e-05,222,1,222,222,222,5,1,5,5,5
20,40,3.3268e-05,1,3.3268e-05,3.3268e-05,3.3268e-05,217,1,217,217,217,5,1,5,5,5
20,40,3.3893e-05,1,3.3893e-05,3.3893e-05,3.3893e-05,239,1,239,239,239,6,1,6,6,6
20,40,3.3046e-05,1,3.3046e-05,3.3046e-05,3.3046e-05,225,1,225,225,225,5,1,5,5,5
20,40,3.4279e-05,1,3.4279e-05,3.4279e-05,3.4279e-05,235,1,235,235,235,6,1,6,6,6
20,40,3.8097e-05,1,3.8097e-05,3.8097e-05,3.8097e-05,237,1,237,237,237,7,1,7,7,7
20,40,3.3881e-05,1,3.3881e-05,3.3881e-05,3.3881e-05,224,1,224,224,224,5,1,5,5,5
20,40,3.4148e-05,1,3.4148e-05,3.4148e-05,3.4148e-05,236,1,236,236,236,6,1,6,6,6
20,40,3.3931e-05,1,3.3931e-05,3.3931e-05,3.3931e-05,239,1,239,239,239,6,1,6,6,6
20,40,3.2994e-05,1,3.2994e-05,3.2994e-05,3.2994e-05,232,1,232,232,232,6,1,6,6,6
20,40,3.4114e-05,1,3.4114e-05,3.4114e-05,3.4114e-05,231,1,231,231,231,5,1,5,5,5
20,40,3.4006e-05,1,3.4006e-05,3.4006e-05,3.4006e-05,233,1,233,233,233,6,1,6,6,6
20,40,3.5007e-05,1,3.5007e-05,3.5007e-05,3.5007e-05,227,1,227,227,227,5,1,5,5,5
20,40,3.6625e-05,1,3.6625e-05,3.6625e-05,3.6625e-05,234,1,234,234,234,6,1,6,6,6
20,40,5.2266e-05,1,5.2266e-05,5.2266e-05,5.2266e-05,226,1,226,226,226,5,1,5,5,5
20,40,3.3282e-05,1,3.3282e-05,3.3282e-05,3.3282e-05,225,1,225,225,225,5,1,5,5,5
20,40,3.3811e-05,1,3.3811e-05,3.3811e-05,3.3811e-05,231,1,231,231,231,6,1,6,6,6
20,40,3.5273e-05,1,3.5273e-05,3.5273e-05,3.5273e-05,231,1,231,231,231,6,1,6,6,6
20,40,3.4152e-05,1,3.4152e-05,3.4152e-05,3.4152e-05,230,1,230,230,230,5,1,5,5,5
20,40,3.2979e-05,1,3.2979e-05,3.2979e-05,3.2979e-05,232,1,232,232,232,6,1,6,6,6
20,40,3.4618e-05,1,3.4618e-05,3.4618e-05,3.4618e-05,224,1,224,224,224,5,1,5,5,5
20,40,3.5594e-05,1,3.5594e-05,3.5594e-05,3.5594e-05,234,1,234,234,234,6,1,6,6,6
20,40,3.3609e-05,1,3.3609e-05,3.3609e-05,3.3609e-05,222,1,222,222,222,5,1,5,5,5
20,40,3.5259e-05,1,3.5259e-05,3.5259e-05,3.5259e-05,225,1,225,225,225,5,1,5,5,5
20,40,3.5423e-05,1,3.5423e-05,3.5423e-05,3.5423e-05,233,1,233,233,233,6,1,6,6,6
20,40,3.459e-05,1,3.459e-05,3.459e-05,3.459e-05,227,1,227,227,227,5,1,5,5,5
20,40,3.5117e-05,1,3.5117e-05,3.5117e-05,3.5117e-05,234,1,234,234,234,6,1,6,6,6
20,40,3.2965e-05,1,3.2965e-05,3.2965e-05,3.2965e-05,228,1,228,228,228,6,1,6,6,6
20,40,3.3916e-05,1,3.3916e-05,3.3916e-05,3.3916e-05,222,1,222,222,222,5,1,5,5,5
20,40,3.2921e-05,1,3.2921e-05,3.2921e-05,3.2921e-05,225,1,225,225,225,4,1,4,4,4
20,40,3.4964e-05,1,3.4964e-05,3.4964e-05,3.4964e-05,229,1,229,229,229,5,1,5,5,5
20,40,3.3514e-05,1,3.3514e-05,3.3514e-05,3.3514e-05,234,1,234,234,234,7,1,7,7,7
20,40,3.2596e-05,1,3.2596e-05,3.2596e-05,3.2596e-05,225,1,225,225,225,5,1,5,5,5
20,40,3.308e-05,1,3.308e-05,3.308e-05,3.308e-05,226,1,226,226,226,5,1,5,5,5
20,40,3.3427e-05,1,3.3427e-05,3.3427e-05,3.3427e-05,239,1,239,239,239,6,1,6,6,6
20,40,3.424e-05,1,3.424e-05,3.424e-05,3.424e-05,233,1,233,233,233,6,1,6,6,6
20,40,3.4327e-05,1,3.4327e-05,3.4327e-05,3.4327e-05,234,1,234,234,234,6,1,6,6,6
20,40,3.4659e-05,1,3.4659e-05,3.4659e-05,3.4659e-05,241,1,241,241,241,7,1,7,7,7
20,40,3.3974e-05,1,3.3974e-05,3.3974e-05,3.3974e-05,230,1,230,230,230,5,1,5,5,5
20,40,3.4393e-05,1,3.4393e-05,3.4393e-05,3.4393e-05,241,1,241,241,241,8,1,8,8,8
20,40,3.3539e-05,1,3.3539e-05,3.3539e-05,3.3539e-05,225,1,225,225,225,5,1,5,5,5
20,40,3.334e-05,1,3.334e-05,3.334e-05,3.334e-05,230,1,230,230,230,5,1,5,5,5
20,40,3.2853e-05,1,3.2853e-05,3.2853e-05,3.2853e-05,224,1,224,224,224,5,1,5,5,5
