n,p,time_total,time_count,time_mean,time_min,time_max,steps_total,steps_count,steps_mean,steps_min,steps_max,number_total,number_count,number_mean,number_min,number_max
31,80,9.116e-05,1,9.116e-05,9.116e-05,9.116e-05,668,1,668,668,668,14,1,14,14,14
31,80,7.3171e-05,1,7.3171e-05,7.3171e-05,7.3171e-05,642,1,642,642,642,13,1,13,13,13
31,80,7.4466e-05,1,7.4466e-05,7.4466e-05,7.4466e-05,652,1,652,652,652,14,1,14,14,14
31,80,7.4773e-05,1,7.4773e-05,7.4773e-05,7.4773e-05,660,1,660,660,660,14,1,14,14,14
31,80,7.66e-05,1,7.66e-05,7.66e-05,7.66e-05,645,1,645,645,645,13,1,13,13,13
31,80,7.8486e-05,1,7.8486e-05,7.8486e-05,7.8486e-05,618,1,618,618,618,12,1,12,12,12
31,80,7.4102e-05,1,7.4102e-05,7.4102e-05,7.4102e-05,620,1,620,620,620,13,1,13,13,13
31,80,7.4296e-05,1,7.4296e-05,7.4296e-05,7.4296e-05,677,1,677,677,677,15,1,15,15,15
31,80,7.434e-05,1,7.434e-05,7.434e-05,7.434e-05,646,1,646,646,646,14,1,14,14,14
31,80,7.3412e-05,1,7.3412e-05,7.3412e-05,7.3412e-05,665,1,665,665,665,14,1,14,14,14
31,80,7.6894e-05,1,7.6894e-05,7.6894e-05,7.6894e-05,655,1,655,655,655,14,1,14,14,14
31,80,7.3057e-05,1,7.3057e-05,7.3057e-05,7.3057e-05,646,1,646,646,646,13,1,13,13,13
31,80,7.3695e-05,1,7.3695e-05,7.3695e-05,7.3695e-05,658,1,658,658,658,14,1,14,14,14
31,80,9.2571e-05,1,9.2571e-05,9.2571e-05,9.2571e-05,657,1,657,657,657,13,1,13,13,13
31,80,9.3308e-05,1,9.3308e-05,9.3308e-05,9.3308e-05,649,1,649,649,649,13,1,13,13,13
31,80,9.3311e-05,1,9.3311e-05,9.3311e-05,9.3311e-05,669,1,669,669,669,14,1,14,14,14
31,80,7.4e-05,1,7.4e-05,7.4e-05,7.4e-05,662,1,662,662,662,13,1,13,13,13
31,80,7.3744e-05,1,7.3744e-05,7.3744e-05,7.3744e-05,644,1,644,644,644,13,1,13,13,13
31,80,7.3679e-05,1,7.3679e-05,7.3679e-05,7.3679e-05,651,1,651,651,651,13,1,13,13,13
31,80,7.4912e-05,1,7.4912e-05,7.4912e-05,7.4912e-05,667,1,667,667,667,14,1,14,14,14
31,80,9.5106e-05,1,9.5106e-05,9.5106e-05,9.5106e-05,674,1,674,674,674,15,1,15,15,15
31,80,7.4036e-05,1,7.4036e-05,7.4036e-05,7.4036e-05,663,1,663,663,663,14,1,14,14,14
31,80,7.4852e-05,1,7.4852e-05,7.4852e-05,7.4852e-05,659,1,659,659,659,13,1,13,13,13
31,80,7.3465e-05,1,7.3465e-05,7.3465e-05,7.3465e-05,652,1,652,652,652,14,1,14,14,14
31,80,7.3095e-05,1,7.3095e-05,7.3095e-05,7.3095e-05,646,1,646,646,646,14,1,14,14,14
31,80,7.3663e-05,1,7.3663e-05,7.3663e-05,7.3663e-05,651,1,651,651,651,13,1,13,13,13
31,80,7.4194e-05,1,7.4194e-05,7.4194e-05,7.4194e-05,678,1,678,678,678,15,1,15,15,15
31,80,7.4143e-05,1,7.4143e-05,7.4143e-05,7.4143e-05,653,1,653,653,653,14,1,14,14,14
31,80,7.3751e-05,1,7.3751e-05,7.3751e-05,7.3751e-05,651,1,651,651,651,14,1,14,14,14
31,80,7.4154e-05,1,7.4154e-05,7.4154e-05,7.4154e-05,644,1,644,644,644,13,1,13,13,13
31,80,9.0654e-05,1,9.0654e-05,9.0654e-05,9.0654e-05,644,1,644,644,644,12,1,12,12,12
31,80,7.8363e-05,1,7.8363e-05,7.8363e-05,7.8363e-05,664,1,664,664,664,14,1,14,14,14
31,80,7.4691e-05,1,7.4691e-05,7.4691e-05,7.4691e-05,667,1,667,667,667,15,1,15,15,15
31,80,7.4187e-05,1,7.4187e-05,7.4187e-05,7.4187e-05,654,1,654,654,654,14,1,14,14,14
31,80,7.2807e-05,1,7.2807e-05,7.2807e-05,7.2807e-05,640,1,640,640,640,13,1,13,13,13
31,80,7.4032e-05,1,7.4032e-05,7.4032e-05,7.4032e-05,644,1,644,644,644,13,1,13,13,13
31,80,7.4005e-05,1,7.4005e-05,7.4005e-05,7.4005e-05,655,1,655,655,655,14,1,14,14,14
31,80,7.4029e-05,1,7.4029e-05,7.4029e-05,7.4029e-05,639,1,639,639,639,14,1,14,14,14
31,80,7.4554e-05,1,7.4554e-05,7.4554e-05,7.4554e-05,646,1,646,646,646,13,1,13,13,13
31,80,7.5301e-05,1,7.5301e-05,7.5301e-05,7.5301e-05,647,1,647,647,647,13,1,13,13,13
31,80,7.3809e-05,1,7.3809e-05,7.3809e-05,7.3809e-05,636,1,636,636,636,12,1,12,12,12
31,80,7.4893e-05,1,7.4893e-05,7.4893e-05,7.4893e-05,666,1,666,666,666,15,1,15,15,15
31,80,7.9045e-05,1,7.9045e-05,7.9045e-05,7.9045e-05,667,1,667,667,667,15,1,15,15,15
31,80,7.5152e-05,1,7.5152e-05,7.5152e-05,7.5152e-05,683,1,683,683,683,17,1,17,17,17
31,80,7.3887e-05,1,7.3887e-05,7.3887e-05,7.3887e-05,656,1,656,656,656,13,1,13,13,13
31,80,7.2681e-05,1,7.2681e-05,7.2681e-05,7.2681e-05,655,1,655,655,655,14,1,14,14,14
31,80,7.7013e-05,1,7.7013e-05,7.7013e-05,7.7013e-05,684,1,684,684,684,16,1,16,16,16
31,80,7.7694e-05,1,7.7694e-05,7.7694e-05,7.7694e-05,651,1,651,651,651,14,1,14,14,14
31,80,7.4188e-05,1,7.4188e-05,7.4188e-05,7.4188e-05,644,1,644,644,644,13,1,13,13,13
31,80,7.4415e-05,1,7.4415e-05,7.4415e-05,7.4415e-05,647,1,647,647,647,14,1,14,14,14
31,80,7.5502e-05,1,7.5502e-05,7.5502e-05,7.5502e-05,679,1,679,679,679,15,1,15,15,15
31,80,7.2842e-05,1,7.2842e-05,7.2842e-05,7.2842e-05,665,1,665,665,665,15,1,15,15,15
31,80,7.8145e-05,1,7.8145e-05,7.8145e-05,7.8145e-05,660,1,660,660,660,14,1,14,14,14
31,80,7.8282e-05,1,7.8282e-05,7.8282e-05,7.8282e-05,662,1,662,662,662,13,1,13,13,13
31,80,7.8339e-05,1,7.8339e-05,7.8339e-05,7.8339e-05,640,1,640,640,640,13,1,13,13,13
31,80,7.4198e-05,1,7.4198e-05,7.4198e-05,7.4198e-05,651,1,651,651,651,14,1,14,14,14
31,80,7.325e-05,1,7.325e-05,7.325e-05,7.325e-05,639,1,639,639,639,12,1,12,12,12
31,80,7.385e-05,1,7.385e-05,7.385e-05,7.385e-05,675,1,675,675,675,15,1,15,15,15
31,80,7.7768e-05,1,7.7768e-05,7.7768e-05,7.7768e-05,655,1,655,655,655,13,1,13,13,13
31,80,7.3539e-05,1,7.3539e-05,7.3539e-05,7.3539e-05,657,1,657,657,657,14,1,14,14,14
31,80,7.3937e-05,1,7.3937e-05,7.3937e-05,7.3937e-05,678,1,678,678,678,15,1,15,15,15
31,80,8.1997e-05,1,8.1997e-05,8.1997e-05,8.1997e-05,647,1,647,647,647,14,1,14,14,14
31,80,7.4517e-05,1,7.4517e-05,7.4517e-05,7.4517e-05,644,1,644,644,644,13,1,13,13,13
31,80,7.5198e-05,1,7.5198e-05,7.5198e-05,7.5198e-05,675,1,675,675,675,15,1,15,15,15
31,80,7.7585e-05,1,7.7585e-05,7.7585e-05,7.7585e-05,661,1,661,661,661,14,1,14,14,14
31,80,7.4551e-05,1,7.4551e-05,7.4551e-05,7.4551e-05,659,1,659,659,659,14,1,14,14,14
31,80,7.2423e-05,1,7.2423e-05,7.2423e-05,7.2423e-05,644,1,644,644,644,13,1,13,13,13
31,80,7.2683e-05,1,7.2683e-05,7.2683e-05,7.2683e-05,640,1,640,640,640,12,1,12,12,12
31,80,7.3748e-05,1,7.3748e-05,7.3748e-05,7.3748e-05,648,1,648,648,648,14,1,14,14,14
31,80,7.4868e-05,1,7.4868e-05,7.4868e-05,7.4868e-05,660,1,660,660,660,13,1,13,13,13
31,80,7.3792e-05,1,7.3792e-05,7.3792e-05,7.3792e-05,660,1,660,660,660,15,1,15,15,15
31,80,7.2908e-05,1,7.2908e-05,7.2908e-05,7.2908e-05,663,1,663,663,663,14,1,14,14,14
31,80,7.861e-05,1,7.861e-05,7.861e-05,7.861e-05,651,1,651,651,651,14,1,14,14,14
31,80,7.3619e-05,1,7.3619e-05,7.3619e-05,7.3619e-05,644,1,644,644,644,13,1,13,13,13
31,80,7.4541e-05,1,7.4541e-05,7.4541e-05,7.4541e-05,665,1,665,665,665,15,1,15,15,15
31,80,7.5948e-05,1,7.5948e-05,7.5948e-05,7.5948e-05,645,1,645,645,645,12,1,12,12,12
31,80,7.394e-05,1,7.394e-05,7.394e-05,7.394e-05,656,1,656,656,656,13,1,13,13,13
31,80,7.923e-05,1,7.923e-05,7.923e-05,7.923e-05,666,1,666,666,666,14,1,14,14,14
31,80,7.6594e-05,1,7.6594e-05,7.6594e-05,7.6594e-05,668,1,668,668,668,15,1,15,15,15
31,80,7.4721e-05,1,7.4721e-05,7.4721e-05,7.4721e-05,647,1,647,647,647,13,1,13,13,13
31,80,7.2934e-05,1,7.2934e-05,7.2934e-05,7.2934e-05,646,1,646,646,646,12,1,12,12,12
31,80,7.5117e-05,1,7.5117e-05,7.5117e-05,7.5117e-05,644,1,644,644,644,13,1,13,13,13
31,80,7.2228e-05,1,7.2228e-05,7.2228e-05,7.2228e-05,664,1,664,664,664,14,1,14,14,14
31,80,7.9379e-05,1,7.9379e-05,7.9379e-05,7.9379e-05,664,1,664,664,664,14,1,14,14,14
31,80,7.3569e-05,1,7.3569e-05,7.3569e-05,7.3569e-05,676,1,676,676,676,15,1,15,15,15
31,80,7.4097e-05,1,7.4097e-05,7.4097e-05,7.4097e-05,642,1,642,642,642,13,1,13,13,13
31,80,7.4618e-05,1,7.4618e-05,7.4618e-05,7.4618e-05,673,1,673,673,673,14,1,14,14,14
31,80,7.4645e-05,1,7.4645e-05,7.4645e-05,7.4645e-05,661,1,661,661,661,14,1,14,14,14
31,80,7.4657e-05,1,7.4657e-05,7.4657e-05,7.4657e-05,681,1,681,681,681,15,1,15,15,15
31,80,7.6966e-05,1,7.6966e-05,7.6966e-05,7.6966e-05,641,1,641,641,641,13,1,13,13,13
31,80,7.3177e-05,1,7.3177e-05,7.3177e-05,7.3177e-05,664,1,664,664,664,14,1,14,14,14
31,80,7.3366e-05,1,7.3366e-05,7.3366e-05,7.3366e-05,652,1,652,652,652,13,1,13,13,13
31,80,7.5915e-05,1,7.5915e-05,7.5915e-05,7.5915e-05,656,1,656,656,656,14,1,14,14,14
31,80,7.3641e-05,1,7.3641e-05,7.3641e-05,7.3641e-05,675,1,675,675,675,14,1,14,14,14
31,80,7.891e-05,1,7.891e-05,7.891e-05,7.891e-05,642,1,642,642,642,12,1,12,12,12
31,80,7.3397e-05,1,7.3397e-05,7.3397e-05,7.3397e-05,666,1,666,666,666,15,1,15,15,15
31,80,7.2122e-05,1,7.2122e-05,7.2122e-05,7.2122e-05,638,1,638,638,638,13,1,13,13,13
31,80,7.3695e-05,1,7.3695e-05,7.3695e-05,7.3695e-05,666,1,666,666,666,14,1,14,14,14
31,80,7.285e-05,1,7.285e-05,7.285e-05,7.285e-05,648,1,648,648,648,13,1,13,13,13
31,80,9.1294e-05,1,9.1294e-05,9.1294e-05,9.1294e-05,627,1,627,627,627,12,1,12,12,12
31,80,7.9138e-05,1,7.9138e-05,7.9138e-05,7.9138e-05,649,1,649,649,649,13,1,13,13,13
31,80,7.5732e-05,1,7.5732e-05,7.5732e-05,7.5732e-05,655,1,655,655,655,13,1,13,13,13
31,80,7.3089e-05,1,7.3089e-05,7.3089e-05,7.3089e-05,656,1,656,656,656,14,1,14,14,14
31,80,7.3229e-05,1,7.3229e-05,7.3229e-05,7.3229e-05,663,1,663,663,663,14,1,14,14,14
31,80,7.4912e-05,1,7.4912e-05,7.4912e-05,7.4912e-05,670,1,670,670,670,15,1,15,15,15
31,80,7.3996e-05,1,7.3996e-05,7.3996e-05,7.3996e-05,640,1,640,640,640,13,1,13,13,13
31,80,7.8011e-05,1,7.8011e-05,7.8011e-05,7.8011e-05,647,1,647,647,647,14,1,14,14,14
31,80,7.6586e-05,1,7.6586e-05,7.6586e-05,7.6586e-05,691,1,691,691,691,15,1,15,15,15
31,80,7.4139e-05,1,7.4139e-05,7.4139e-05,7.4139e-05,665,1,665,665,665,14,1,14,14,14
31,80,7.327e-05,1,7.327e-05,7.327e-05,7.327e-05,647,1,647,647,647,13,1,13,13,13
31,80,7.4465e-05,1,7.4465e-05,7.4465e-05,7.4465e-05,701,1,701,701,701,17,1,17,17,17
31,80,7.575e-05,1,7.575e-05,7.575e-05,7.575e-05,662,1,662,662,662,15,1,15,15,15
31,80,7.77e-05,1,7.77e-05,7.77e-05,7.77e-05,674,1,674,674,674,15,1,15,15,15
31,80,9.1702e-05,1,9.1702e-05,9.1702e-05,9.1702e-05,653,1,653,653,653,14,1,14,14,14
31,80,7.4312e-05,1,7.4312e-05,7.4312e-05,7.4312e-05,639,1,639,639,639,13,1,13,13,13
31,80,7.2475e-05,1,7.2475e-05,7.2475e-05,7.2475e-05,646,1,646,646,646,13,1,13,13,13
31,80,7.2447e-05,1,7.2447e-05,7.2447e-05,7.2447e-05,649,1,649,649,649,13,1,13,13,13
31,80,7.4335e-05,1,7.4335e-05,7.4335e-05,7.4335e-05,645,1,645,645,645,14,1,14,14,14
31,80,7.2952e-05,1,7.2952e-05,7.2952e-05,7.2952e-05,645,1,645,645,645,14,1,14,14,14
31,80,7.6996e-05,1,7.6996e-05,7.6996e-05,7.6996e-05,645,1,645,645,645,13,1,13,13,13
31,80,7.3607e-05,1,7.3607e-05,7.3607e-05,7.3607e-05,662,1,662,662,662,14,1,14,14,14
31,80,7.3587e-05,1,7.3587e-05,7.3587e-05,7.3587e-05,671,1,671,671,671,14,1,14,14,14
31,80,7.3547e-05,1,7.3547e-05,7.3547e-05,7.3547e-05,652,1,652,652,652,14,1,14,14,14
31,80,7.4454e-05,1,7.4454e-05,7.4454e-05,7.4454e-05,653,1,653,653,653,14,1,14,14,14
31,80,7.4612e-05,1,7.4612e-05,7.4612e-05,7.4612e-05,650,1,650,650,650,14,1,14,14,14
31,80,7.8434e-05,1,7.8434e-05,7.8434e-05,7.8434e-05,649,1,649,649,649,12,1,12,12,12
31,80,7.3733e-05,1,7.3733e-05,7.3733e-05,7.3733e-05,667,1,667,667,667,15,1,15,15,15
31,80,7.3697e-05,1,7.3697e-05,7.3697e-05,7.3697e-05,642,1,642,642,642,13,1,13,13,13
31,80,7.3305e-05,1,7.3305e-05,7.3305e-05,7.3305e-05,635,1,635,635,635,13,1,13,13,13
31,80,7.372e-05,1,7.372e-05,7.372e-05,7.372e-05,654,1,654,654,654,14,1,14,14,14
31,80,7.6048e-05,1,7.6048e-05,7.6048e-05,7.6048e-05,650,1,650,650,650,13,1,13,13,13
31,80,7.4012e-05,1,7.4012e-05,7.4012e-05,7.4012e-05,655,1,655,655,655,13,1,13,13,13
31,80,7.4204e-05,1,7.4204e-05,7.4204e-05,7.4204e-05,646,1,646,646,646,13,1,13,13,13
31,80,7.3051e-05,1,7.3051e-05,7.3051e-05,7.3051e-05,659,1,659,659,659,14,1,14,14,14
31,80,7.4569e-05,1,7.4569e-05,7.4569e-05,7.4569e-05,669,1,669,669,669,14,1,14,14,14
31,80,7.3347e-05,1,7.3347e-05,7.3347e-05,7.3347e-05,643,1,643,643,643,13,1,13,13,13
31,80,7.2757e-05,1,7.2757e-05,7.2757e-05,7.2757e-05,650,1,650,650,650,13,1,13,13,13
31,80,7.5456e-05,1,7.5456e-05,7.5456e-05,7.5456e-05,665,1,665,665,665,14,1,14,14,14
31,80,7.3732e-05,1,7.3732e-05,7.3732e-05,7.3732e-05,653,1,653,653,653,13,1,13,13,13
31,80,7.1857e-05,1,7.1857e-05,7.1857e-05,7.1857e-05,631,1,631,631,631,12,1,12,12,12
31,80,7.4038e-05,1,7.4038e-05,7.4038e-05,7.4038e-05,649,1,649,649,649,14,1,14,14,14
31,80,7.8204e-05,1,7.8204e-05,7.8204e-05,7.8204e-05,648,1,648,648,648,13,1,13,13,13
31,80,7.351e-05,1,7.351e-05,7.351e-05,7.351e-05,626,1,626,626,626,13,1,13,13,13
31,80,7.2931e-05,1,7.2931e-05,7.2931e-05,7.2931e-05,668,1,668,668,668,14,1,14,14,14
31,80,7.5145e-05,1,7.5145e-05,7.5145e-05,7.5145e-05,657,1,657,657,657,13,1,13,13,13
31,80,7.5806e-05,1,7.5806e-05,7.5806e-05,7.5806e-05,662,1,662,662,662,14,1,14,14,14
31,80,7.4357e-05,1,7.4357e-05,7.4357e-05,7.4357e-05,659,1,659,659,659,15,1,15,15,15
31,80,7.3267e-05,1,7.3267e-05,7.3267e-05,7.3267e-05,632,1,632,632,632,12,1,12,12,12
31,80,7.3978e-05,1,7.3978e-05,7.3978e-05,7.3978e-05,636,1,636,636,636,13,1,13,13,13
31,80,7.4871e-05,1,7.4871e-05,7.4871e-05,7.4871e-05,640,1,640,640,640,13,1,13,13,13
31,80,7.7146e-05,1,7.7146e-05,7.7146e-05,7.7146e-05,653,1,653,653,653,13,1,13,13,13
31,80,7.7485e-05,1,7.7485e-05,7.7485e-05,7.7485e-05,662,1,662,662,662,13,1,13,13,13
31,80,7.2743e-05,1,7.2743e-05,7.2743e-05,7.2743e-05,647,1,647,647,647,13,1,13,13,13
31,80,7.4499e-05,1,7.4499e-05,7.4499e-05,7.4499e-05,661,1,661,661,661,14,1,14,14,14
31,80,7.28e-05,1,7.28e-05,7.28e-05,7.28e-05,639,1,639,639,639,13,1,13,13,13
31,80,7.6116e-05,1,7.6116e-05,7.6116e-05,7.6116e-05,662,1,662,662,662,14,1,14,14,14
31,80,8.3535e-05,1,8.3535e-05,8.3535e-05,8.3535e-05,658,1,658,658,658,13,1,13,13,13
31,80,8.0095e-05,1,8.0095e-05,8.0095e-05,8.0095e-05,630,1,630,630,630,12,1,12,12,12
31,80,7.3939e-05,1,7.3939e-05,7.3939e-05,7.3939e-05,661,1,661,661,661,14,1,14,14,14
31,80,7.2667e-05,1,7.2667e-05,7.2667e-05,7.2667e-05,656,1,656,656,656,15,1,15,15,15
31,80,7.5527e-05,1,7.5527e-05,7.5527e-05,7.5527e-05,663,1,663,663,663,14,1,14,14,14
31,80,7.4389e-05,1,7.4389e-05,7.4389e-05,7.4389e-05,651,1,651,651,651,14,1,14,14,14
31,80,7.6552e-05,1,7.6552e-05,7.6552e-05,7.6552e-05,648,1,648,648,648,14,1,14,14,14
31,80,7.3356e-05,1,7.3356e-05,7.3356e-05,7.3356e-05,655,1,655,655,655,14,1,14,14,14
31,80,8.1691e-05,1,8.1691e-05,8.1691e-05,8.1691e-05,659,1,659,659,659,13,1,13,13,13
31,80,7.297e-05,1,7.297e-05,7.297e-05,7.297e-05,639,1,639,639,639,12,1,12,12,12
31,80,7.3131e-05,1,7.3131e-05,7.3131e-05,7.3131e-05,653,1,653,653,653,13,1,13,13,13
31,80,7.5738e-05,1,7.5738e-05,7.5738e-05,7.5738e-05,654,1,654,654,654,14,1,14,14,14
31,80,7.8129e-05,1,7.8129e-05,7.8129e-05,7.8129e-05,682,1,682,682,682,15,1,15,15,15
31,80,7.7925e-05,1,7.7925e-05,7.7925e-05,7.7925e-05,642,1,642,642,642,13,1,13,13,13
31,80,7.5694e-05,1,7.5694e-05,7.5694e-05,7.5694e-05,635,1,635,635,635,12,1,12,12,12
31,80,7.4326e-05,1,7.4326e-05,7.4326e-05,7.4326e-05,662,1,662,662,662,13,1,13,13,13
31,80,7.6321e-05,1,7.6321e-05,7.6321e-05,7.6321e-05,681,1,681,681,681,15,1,15,15,15
31,80,7.4601e-05,1,7.4601e-05,7.4601e-05,7.4601e-05,687,1,687,687,687,15,1,15,15,15
31,80,7.3552e-05,1,7.3552e-05,7.3552e-05,7.3552e-05,648,1,648,648,648,14,1,14,14,14
31,80,7.502e-05,1,7.502e-05,7.502e-05,7.502e-05,654,1,654,654,654,14,1,14,14,14
31,80,7.7055e-05,1,7.7055e-05,7.7055e-05,7.7055e-05,633,1,633,633,633,13,1,13,13,13
31,80,7.2948e-05,1,7.2948e-05,7.2948e-05,7.2948e-05,648,1,648,648,648,14,1,14,14,14
31,80,7.3791e-05,1,7.3791e-05,7.3791e-05,7.3791e-05,637,1,637,637,637,12,1,12,12,12
31,80,7.4776e-05,1,7.4776e-05,7.4776e-05,7.4776e-05,639,1,639,639,639,13,1,13,13,13
31,80,7.3469e-05,1,7.3469e-05,7.3469e-05,7.3469e-05,661,1,661,661,661,14,1,14,14,14
31,80,7.8889e-05,1,7.8889e-05,7.8889e-05,7.8889e-05,668,1,668,668,668,14,1,14,14,14
31,80,7.5252e-05,1,7.5252e-05,7.5252e-05,7.5252e-05,669,1,669,669,669,15,1,15,15,15
31,80,7.3793e-05,1,7.3793e-05,7.3793e-05,7.3793e-05,668,1,668,668,668,14,1,14,14,14
31,80,7.4965e-05,1,7.4965e-05,7.4965e-05,7.4965e-05,655,1,655,655,655,13,1,13,13,13
31,80,7.3059e-05,1,7.3059e-05,7.3059e-05,7.3059e-05,640,1,640,640,640,13,1,13,13,13
31,80,7.3061e-05,1,7.3061e-05,7.3061e-05,7.3061e-05,661,1,661,661,661,14,1,14,14,14
31,80,7.3219e-05,1,7.3219e-05,7.3219e-05,7.3219e-05,640,1,640,640,640,12,1,12,12,12
31,80,7.4593e-05,1,7.4593e-05,7.4593e-05,7.4593e-05,650,1,650,650,650,14,1,14,14,14
31,80,7.7712e-05,1,7.7712e-05,7.7712e-05,7.7712e-05,636,1,636,636,636,13,1,13,13,13
31,80,7.5578e-05,1,7.5578e-05,7.5578e-05,7.5578e-05,672,1,672,672,672,15,1,15,15,15
31,80,7.3864e-05,1,7.3864e-05,7.3864e-05,7.3864e-05,662,1,662,662,662,14,1,14,14,14
31,80,7.2933e-05,1,7.2933e-05,7.2933e-05,7.2933e-05,649,1,649,649,649,13,1,13,13,13
31,80,7.3551e-05,1,7.3551e-05,7.3551e-05,7.3551e-05,655,1,655,655,655,13,1,13,13,13
31,80,7.7618e-05,1,7.7618e-05,7.7618e-05,7.7618e-05,636,1,636,636,636,12,1,12,12,12
31,80,7.2308e-05,1,7.2308e-05,7.2308e-05,7.2308e-05,660,1,660,660,660,14,1,14,14,14
31,80,7.4851e-05,1,7.4851e-05,7.4851e-05,7.4851e-05,660,1,660,660,660,13,1,13,13,13
31,80,7.4386e-05,1,7.4386e-05,7.4386e-05,7.4386e-05,658,1,658,658,658,15,1,15,15,15
31,80,7.2483e-05,1,7.2483e-05,7.2483e-05,7.2483e-05,638,1,638,638,638,12,1,12,12,12
31,80,7.2458e-05,1,7.2458e-05,7.2458e-05,7.2458e-05,650,1,650,650,650,13,1,13,13,13
31,80,7.4213e-05,1,7.4213e-05,7.4213e-05,7.4213e-05,660,1,660,660,660,15,1,15,15,15
31,80,7.2543e-05,1,7.2543e-05,7.2543e-05,7.2543e-05,648,1,648,648,648,14,1,14,14,14
31,80,7.7781e-05,1,7.7781e-05,7.7781e-05,7.7781e-05,664,1,664,664,664,14,1,14,14,14
31,80,7.5615e-05,1,7.5615e-05,7.5615e-05,7.5615e-05,667,1,667,667,667,15,1,15,15,15
31,80,7.455e-05,1,7.455e-05,7.455e-05,7.455e-05,654,1,654,654,654,14,1,14,14,14
31,80,7.3429e-05,1,7.3429e-05,7.3429e-05,7.3429e-05,655,1,655,655,655,13,1,13,13,13
31,80,7.3358e-05,1,7.3358e-05,7.3358e-05,7.3358e-05,667,1,667,667,667,14,1,14,14,14
31,80,7.7977e-05,1,7.7977e-05,7.7977e-05,7.7977e-05,659,1,659,659,659,14,1,14,14,14
31,80,7.4161e-05,1,7.4161e-05,7.4161e-05,7.4161e-05,656,1,656,656,656,14,1,14,14,14
31,80,7.2756e-05,1,7.2756e-05,7.2756e-05,7.2756e-05,660,1,660,660,660,13,1,13,13,13
31,80,7.3898e-05,1,7.3898e-05,7.3898e-05,7.3898e-05,658,1,658,658,658,13,1,13,13,13
31,80,7.8564e-05,1,7.8564e-05,7.8564e-05,7.8564e-05,680,1,680,680,680,15,1,15,15,15
31,80,7.895e-05,1,7.895e-05,7.895e-05,7.895e-05,644,1,644,644,644,13,1,13,13,13
31,80,7.4046e-05,1,7.4046e-05,7.4046e-05,7.4046e-05,651,1,651,651,651,12,1,12,12,12
31,80,7.416e-05,1,7.416e-05,7.416e-05,7.416e-05,659,1,659,659,659,13,1,13,13,13
31,80,7.5018e-05,1,7.5018e-05,7.5018e-05,7.5018e-05,668,1,668,668,668,14,1,14,14,14
31,80,7.4221e-05,1,7.4221e-05,7.4221e-05,7.4221e-05,641,1,641,641,641,13,1,13,13,13
31,80,7.4657e-05,1,7.4657e-05,7.4657e-05,7.4657e-05,671,1,671,671,671,14,1,14,14,14
31,80,7.4268e-05,1,7.4268e-05,7.4268e-05,7.4268e-05,650,1,650,650,650,13,1,13,13,13
31,80,7.2527e-05,1,7.2527e-05,7.2527e-05,7.2527e-05,650,1,650,650,650,13,1,13,13,13
31,80,9.3867e-05,1,9.3867e-05,9.3867e-05,9.3867e-05,656,1,656,656,656,14,1,14,14,14
31,80,7.8677e-05,1,7.8677e-05,7.8677e-05,7.8677e-05,658,1,658,658,658,13,1,13,13,13
31,80,7.3696e-05,1,7.3696e-05,7.3696e-05,7.3696e-05,670,1,670,670,670,15,1,15,15,15
31,80,7.6081e-05,1,7.6081e-05,7.6081e-05,7.6081e-05,649,1,649,649,649,13,1,13,13,13
31,80,7.442e-05,1,7.442e-05,7.442e-05,7.442e-05,657,1,657,657,657,14,1,14,14,14
31,80,7.3285e-05,1,7.3285e-05,7.3285e-05,7.3285e-05,641,1,641,641,641,13,1,13,13,13
31,80,7.3252e-05,1,7.3252e-05,7.3252e-05,7.3252e-05,654,1,654,654,654,14,1,14,14,14
31,80,7.4688e-05,1,7.4688e-05,7.4688e-05,7.4688e-05,654,1,654,654,654,13,1,13,13,13
31,80,7.6287e-05,1,7.6287e-05,7.6287e-05,7.6287e-05,658,1,658,658,658,14,1,14,14,14
31,80,7.4181e-05,1,7.4181e-05,7.4181e-05,7.4181e-05,657,1,657,657,657,14,1,14,14,14
31,80,7.4109e-05,1,7.4109e-05,7.4109e-05,7.4109e-05,666,1,666,666,666,14,1,14,14,14
31,80,7.7852e-05,1,7.7852e-05,7.7852e-05,7.7852e-05,644,1,644,644,644,13,1,13,13,13
31,80,7.3208e-05,1,7.3208e-05,7.3208e-05,7.3208e-05,657,1,657,657,657,14,1,14,14,14
31,80,7.3348e-05,1,7.3348e-05,7.3348e-05,7.3348e-05,652,1,652,652,652,13,1,13,13,13
31,80,7.2565e-05,1,7.2565e-05,7.2565e-05,7.2565e-05,639,1,639,639,639,12,1,12,12,12
31,80,7.811e-05,1,7.811e-05,7.811e-05,7.811e-05,668,1,668,668,668,14,1,14,14,14
31,80,7.7979e-05,1,7.7979e-05,7.7979e-05,7.7979e-05,664,1,664,664,664,14,1,14,14,14
31,80,7.8748e-05,1,7.8748e-05,7.8748e-05,7.8748e-05,664,1,664,664,664,14,1,14,14,14
31,80,7.4476e-05,1,7.4476e-05,7.4476e-05,7.4476e-05,645,1,645,645,645,13,1,13,13,13
31,80,7.3821e-05,1,7.3821e-05,7.3821e-05,7.3821e-05,667,1,667,667,667,14,1,14,14,14
31,80,7.8705e-05,1,7.8705e-05,7.8705e-05,7.8705e-05,660,1,660,660,660,14,1,14,14,14
31,80,7.4506e-05,1,7.4506e-05,7.4506e-05,7.4506e-05,647,1,647,647,647,14,1,14,14,14
31,80,7.3929e-05,1,7.3929e-05,7.3929e-05,7.3929e-05,650,1,650,650,650,13,1,13,13,13
31,80,7.3915e-05,1,7.3915e-05,7.3915e-05,7.3915e-05,664,1,664,664,664,14,1,14,14,14
31,80,7.8334e-05,1,7.8334e-05,7.8334e-05,7.8334e-05,643,1,643,643,643,13,1,13,13,13
31,80,7.4863e-05,1,7.4863e-05,7.4863e-05,7.4863e-05,658,1,658,658,658,13,1,13,13,13
31,80,7.2945e-05,1,7.2945e-05,7.2945e-05,7.2945e-05,650,1,650,650,650,13,1,13,13,13
31,80,7.6584e-05,1,7.6584e-05,7.6584e-05,7.6584e-05,640,1,640,640,640,13,1,13,13,13
31,80,7.4787e-05,1,7.4787e-05,7.4787e-05,7.4787e-05,656,1,656,656,656,14,1,14,14,14
31,80,7.2935e-05,1,7.2935e-05,7.2935e-05,7.2935e-05,637,1,637,637,637,13,1,13,13,13
31,80,9.4019e-05,1,9.4019e-05,9.4019e-05,9.4019e-05,675,1,675,675,675,15,1,15,15,15
31,80,7.7886e-05,1,7.7886e-05,7.7886e-05,7.7886e-05,654,1,654,654,654,14,1,14,14,14
31,80,7.4505e-05,1,7.4505e-05,7.4505e-05,7.4505e-05,675,1,675,675,675,15,1,15,15,15
31,80,7.4002e-05,1,7.4002e-05,7.4002e-05,7.4002e-05,665,1,665,665,665,14,1,14,14,14
31,80,7.516e-05,1,7.516e-05,7.516e-05,7.516e-05,653,1,653,653,653,13,1,13,13,13
31,80,7.3123e-05,1,7.3123e-05,7.3123e-05,7.3123e-05,646,1,646,646,646,14,1,14,14,14
31,80,7.4214e-05,1,7.4214e-05,7.4214e-05,7.4214e-05,658,1,658,658,658,14,1,14,14,14
31,80,7.5193e-05,1,7.5193e-05,7.5193e-05,7.5193e-05,653,1,653,653,653,13,1,13,13,13
31,80,7.292e-05,1,7.292e-05,7.292e-05,7.292e-05,663,1,663,663,663,15,1,15,15,15
31,80,7.5102e-05,1,7.5102e-05,7.5102e-05,7.5102e-05,653,1,653,653,653,15,1,15,15,15
31,80,7.7438e-05,1,7.7438e-05,7.7438e-05,7.7438e-05,653,1,653,653,653,13,1,13,13,13
31,80,9.4502e-05,1,9.4502e-05,9.4502e-05,9.4502e-05,657,1,657,657,657,14,1,14,14,14
31,80,7.3134e-05,1,7.3134e-05,7.3134e-05,7.3134e-05,662,1,662,662,662,14,1,14,14,14
31,80,7.5107e-05,1,7.5107e-05,7.5107e-05,7.5107e-05,676,1,676,676,676,14,1,14,14,14
31,80,7.3862e-05,1,7.3862e-05,7.3862e-05,7.3862e-05,671,1,671,671,671,15,1,15,15,15
31,80,9.6323e-05,1,9.6323e-05,9.6323e-05,9.6323e-05,678,1,678,678,678,15,1,15,15,15
31,80,7.7925e-05,1,7.7925e-05,7.7925e-05,7.7925e-05,639,1,639,639,639,13,1,13,13,13
31,80,7.5492e-05,1,7.5492e-05,7.5492e-05,7.5492e-05,666,1,666,666,666,14,1,14,14,14
31,80,7.3132e-05,1,7.3132e-05,7.3132e-05,7.3132e-05,629,1,629,629,629,13,1,13,13,13
31,80,7.3866e-05,1,7.3866e-05,7.3866e-05,7.3866e-05,656,1,656,656,656,15,1,15,15,15
31,80,7.4827e-05,1,7.4827e-05,7.4827e-05,7.4827e-05,669,1,669,669,669,14,1,14,14,14
31,80,8.9493e-05,1,8.9493e-05,8.9493e-05,8.9493e-05,614,1,614,614,614,12,1,12,12,12
31,80,7.6743e-05,1,7.6743e-05,7.6743e-05,7.6743e-05,647,1,647,647,647,13,1,13,13,13
31,80,7.408e-05,1,7.408e-05,7.408e-05,7.408e-05,655,1,655,655,655,13,1,13,13,13
31,80,7.4058e-05,1,7.4058e-05,7.4058e-05,7.4058e-05,650,1,650,650,650,14,1,14,14,14
31,80,7.4125e-05,1,7.4125e-05,7.4125e-05,7.4125e-05,649,1,649,649,649,13,1,13,13,13
31,80,7.286e-05,1,7.286e-05,7.286e-05,7.286e-05,629,1,629,629,629,13,1,13,13,13
31,80,7.4549e-05,1,7.4549e-05,7.4549e-05,7.4549e-05,645,1,645,645,645,13,1,13,13,13
31,80,7.8215e-05,1,7.8215e-05,7.8215e-05,7.8215e-05,676,1,676,676,676,15,1,15,15,15
31,80,7.4756e-05,1,7.4756e-05,7.4756e-05,7.4756e-05,657,1,657,657,657,15,1,15,15,15
31,80,7.3311e-05,1,7.3311e-05,7.3311e-05,7.3311e-05,637,1,637,637,637,13,1,13,13,13
31,80,7.4688e-05,1,7.4688e-05,7.4688e-05,7.4688e-05,641,1,641,641,641,14,1,14,14,14
31,80,7.2894e-05,1,7.2894e-05,7.2894e-05,7.2894e-05,654,1,654,654,654,14,1,14,14,14
31,80,7.5442e-05,1,7.5442e-05,7.5442e-05,7.5442e-05,664,1,664,664,664,14,1,14,14,14
31,80,7.6027e-05,1,7.6027e-05,7.6027e-05,7.6027e-05,662,1,662,662,662,14,1,14,14,14
31,80,7.8412e-05,1,7.8412e-05,7.8412e-05,7.8412e-05,654,1,654,654,654,13,1,13,13,13
31,80,7.6861e-05,1,7.6861e-05,7.6861e-05,7.6861e-05,655,1,655,655,655,14,1,14,14,14
31,80,7.354e-05,1,7.354e-05,7.354e-05,7.354e-05,645,1,645,645,645,13,1,13,13,13
31,80,7.4676e-05,1,7.4676e-05,7.4676e-05,7.4676e-05,668,1,668,668,668,15,1,15,15,15
31,80,7.3412e-05,1,7.3412e-05,7.3412e-05,7.3412e-05,655,1,655,655,655,14,1,14,14,14
31,80,7.9064e-05,1,7.9064e-05,7.9064e-05,7.9064e-05,653,1,653,653,653,13,1,13,13,13
31,80,7.4402e-05,1,7.4402e-05,7.4402e-05,7.4402e-05,663,1,663,663,663,14,1,14,14,14
31,80,7.2277e-05,1,7.2277e-05,7.2277e-05,7.2277e-05,646,1,646,646,646,13,1,13,13,13
31,80,7.7027e-05,1,7.7027e-05,7.7027e-05,7.7027e-05,647,1,647,647,647,13,1,13,13,13
31,80,7.4395e-05,1,7.4395e-05,7.4395e-05,7.4395e-05,673,1,673,673,673,15,1,15,15,15
31,80,7.4461e-05,1,7.4461e-05,7.4461e-05,7.4461e-05,654,1,654,654,654,14,1,14,14,14
31,80,7.5093e-05,1,7.5093e-05,7.5093e-05,7.5093e-05,651,1,651,651,651,14,1,14,14,14
31,80,7.5086e-05,1,7.5086e-05,7.5086e-05,7.5086e-05,656,1,656,656,656,13,1,13,13,13
31,80,8.4807e-05,1,8.4807e-05,8.4807e-05,8.4807e-05,640,1,640,640,640,13,1,13,13,13
31,80,7.5573e-05,1,7.5573e-05,7.5573e-05,7.5573e-05,677,1,677,677,677,15,1,15,15,15
31,80,7.7687e-05,1,7.7687e-05,7.7687e-05,7.7687e-05,649,1,649,649,649,13,1,13,13,13
31,80,9.1188e-05,1,9.1188e-05,9.1188e-05,9.1188e-05,634,1,634,634,634,13,1,13,13,13
31,80,7.4514e-05,1,7.4514e-05,7.4514e-05,7.4514e-05,660,1,660,660,660,14,1,14,14,14
31,80,7.3691e-05,1,7.3691e-05,7.3691e-05,7.3691e-05,663,1,663,663,663,14,1,14,14,14
31,80,7.3337e-05,1,7.3337e-05,7.3337e-05,7.3337e-05,644,1,644,644,644,14,1,14,14,14
31,80,7.3506e-05,1,7.3506e-05,7.3506e-05,7.3506e-05,683,1,683,683,683,15,1,15,15,15
31,80,7.9914e-05,1,7.9914e-05,7.9914e-05,7.9914e-05,646,1,646,646,646,13,1,13,13,13
31,80,7.3089e-05,1,7.3089e-05,7.3089e-05,7.3089e-05,651,1,651,651,651,14,1,14,14,14
31,80,7.4387e-05,1,7.4387e-05,7.4387e-05,7.4387e-05,672,1,672,672,672,14,1,14,14,14
31,80,7.3318e-05,1,7.3318e-05,7.3318e-05,7.3318e-05,639,1,639,639,639,13,1,13,13,13
31,80,7.4414e-05,1,7.4414e-05,7.4414e-05,7.4414e-05,643,1,643,643,643,14,1,14,14,14
31,80,7.2446e-05,1,7.2446e-05,7.2446e-05,7.2446e-05,666,1,666,666,666,14,1,14,14,14
31,80,7.784e-05,1,7.784e-05,7.784e-05,7.784e-05,642,1,642,642,642,13,1,13,13,13
31,80,7.8231e-05,1,7.8231e-05,7.8231e-05,7.8231e-05,640,1,640,640,640,13,1,13,13,13
31,80,8.3059e-05,1,8.3059e-05,8.3059e-05,8.3059e-05,671,1,671,671,671,15,1,15,15,15
31,80,7.569e-05,1,7.569e-05,7.569e-05,7.569e-05,657,1,657,657,657,13,1,13,13,13
31,80,7.388e-05,1,7.388e-05,7.388e-05,7.388e-05,634,1,634,634,634,12,1,12,12,12
31,80,7.2863e-05,1,7.2863e-05,7.2863e-05,7.2863e-05,648,1,648,648,648,14,1,14,14,14
31,80,7.8443e-05,1,7.8443e-05,7.8443e-05,7.8443e-05,672,1,672,672,672,15,1,15,15,15
31,80,7.4152e-05,1,7.4152e-05,7.4152e-05,7.4152e-05,655,1,655,655,655,15,1,15,15,15
31,80,7.5114e-05,1,7.5114e-05,7.5114e-05,7.5114e-05,667,1,667,667,667,14,1,14,14,14
31,80,7.4381e-05,1,7.4381e-05,7.4381e-05,7.4381e-05,661,1,661,661,661,14,1,14,14,14
31,80,7.9421e-05,1,7.9421e-05,7.9421e-05,7.9421e-05,656,1,656,656,656,14,1,14,14,14
31,80,7.3601e-05,1,7.3601e-05,7.3601e-05,7.3601e-05,665,1,665,665,665,15,1,15,15,15
31,80,7.7658e-05,1,7.7658e-05,7.7658e-05,7.7658e-05,668,1,668,668,668,14,1,14,14,14
31,80,7.391e-05,1,7.391e-05,7.391e-05,7.391e-05,643,1,643,643,643,13,1,13,13,13
31,80,7.2852e-05,1,7.2852e-05,7.2852e-05,7.2852e-05,656,1,656,656,656,14,1,14,14,14
31,80,7.3142e-05,1,7.3142e-05,7.3142e-05,7.3142e-05,647,1,647,647,647,14,1,14,14,14
31,80,7.3246e-05,1,7.3246e-05,7.3246e-05,7.3246e-05,658,1,658,658,658,14,1,14,14,14
31,80,7.3186e-05,1,7.3186e-05,7.3186e-05,7.3186e-05,648,1,648,648,648,13,1,13,13,13
31,80,8.2024e-05,1,8.2024e-05,8.2024e-05,8.2024e-05,679,1,679,679,679,15,1,15,15,15
31,80,9.2117e-05,1,9.2117e-05,9.2117e-05,9.2117e-05,668,1,668,668,668,15,1,15,15,15
31,80,7.8616e-05,1,7.8616e-05,7.8616e-05,7.8616e-05,672,1,672,672,672,15,1,15,15,15
31,80,7.3582e-05,1,7.3582e-05,7.3582e-05,7.3582e-05,653,1,653,653,653,14,1,14,14,14
31,80,7.3681e-05,1,7.3681e-05,7.3681e-05,7.3681e-05,670,1,670,670,670,14,1,14,14,14
31,80,7.5185e-05,1,7.5185e-05,7.5185e-05,7.5185e-05,651,1,651,651,651,14,1,14,14,14
31,80,7.4476e-05,1,7.4476e-05,7.4476e-05,7.4476e-05,656,1,656,656,656,14,1,14,14,14
31,80,7.7168e-05,1,7.7168e-05,7.7168e-05,7.7168e-05,668,1,668,668,668,14,1,14,14,14
31,80,7.8198e-05,1,7.8198e-05,7.8198e-05,7.8198e-05,639,1,639,639,639,12,1,12,12,12
31,80,9.2675e-05,1,9.2675e-05,9.2675e-05,9.2675e-05,657,1,657,657,657,15,1,15,15,15
31,80,7.3728e-05,1,7.3728e-05,7.3728e-05,7.3728e-05,669,1,669,669,669,15,1,15,15,15
31,80,7.3596e-05,1,7.3596e-05,7.3596e-05,7.3596e-05,660,1,660,660,660,14,1,14,14,14
31,80,7.4423e-05,1,7.4423e-05,7.4423e-05,7.4423e-05,648,1,648,648,648,13,1,13,13,13
31,80,7.7098e-05,1,7.7098e-05,7.7098e-05,7.7098e-05,650,1,650,650,650,13,1,13,13,13
31,80,7.238e-05,1,7.238e-05,7.238e-05,7.238e-05,650,1,650,650,650,14,1,14,14,14
31,80,7.1926e-05,1,7.1926e-05,7.1926e-05,7.1926e-05,654,1,654,654,654,14,1,14,14,14
31,80,7.5212e-05,1,7.5212e-05,7.5212e-05,7.5212e-05,673,1,673,673,673,14,1,14,14,14
31,80,7.2712e-05,1,7.2712e-05,7.2712e-05,7.2712e-05,636,1,636,636,636,13,1,13,13,13
31,80,7.2661e-05,1,7.2661e-05,7.2661e-05,7.2661e-05,641,1,641,641,641,13,1,13,13,13
31,80,8.9239e-05,1,8.9239e-05,8.9239e-05,8.9239e-05,636,1,636,636,636,12,1,12,12,12
31,80,7.7529e-05,1,7.7529e-05,7.7529e-05,7.7529e-05,669,1,669,669,669,15,1,15,15,15
31,80,7.2342e-05,1,7.2342e-05,7.2342e-05,7.2342e-05,654,1,654,654,654,14,1,14,14,14
31,80,7.883e-05,1,7.883e-05,7.883e-05,7.883e-05,657,1,657,657,657,13,1,13,13,13
31,80,7.2939e-05,1,7.2939e-05,7.2939e-05,7.2939e-05,636,1,636,636,636,13,1,13,13,13
31,80,7.8091e-05,1,7.8091e-05,7.8091e-05,7.8091e-05,668,1,668,668,668,15,1,15,15,15
31,80,7.4709e-05,1,7.4709e-05,7.4709e-05,7.4709e-05,655,1,655,655,655,15,1,15,15,15
31,80,7.2813e-05,1,7.2813e-05,7.2813e-05,7.2813e-05,674,1,674,674,674,14,1,14,14,14
31,80,7.2563e-05,1,7.2563e-05,7.2563e-05,7.2563e-05,630,1,630,630,630,12,1,12,12,12
31,80,7.393e-05,1,7.393e-05,7.393e-05,7.393e-05,671,1,671,671,671,15,1,15,15,15
31,80,7.3829e-05,1,7.3829e-05,7.3829e-05,7.3829e-05,654,1,654,654,654,14,1,14,14,14
31,80,7.8169e-05,1,7.8169e-05,7.8169e-05,7.8169e-05,664,1,664,664,664,14,1,14,14,14
31,80,7.3537e-05,1,7.3537e-05,7.3537e-05,7.3537e-05,660,1,660,660,660,14,1,14,14,14
31,80,7.4075e-05,1,7.4075e-05,7.4075e-05,7.4075e-05,631,1,631,631,631,13,1,13,13,13
31,80,7.3573e-05,1,7.3573e-05,7.3573e-05,7.3573e-05,662,1,662,662,662,15,1,15,15,15
31,80,7.371e-05,1,7.371e-05,7.371e-05,7.371e-05,644,1,644,644,644,12,1,12,12,12
31,80,7.7319e-05,1,7.7319e-05,7.7319e-05,7.7319e-05,636,1,636,636,636,13,1,13,13,13
31,80,7.8458e-05,1,7.8458e-05,7.8458e-05,7.8458e-05,656,1,656,656,656,14,1,14,14,14
31,80,7.5654e-05,1,7.5654e-05,7.5654e-05,7.5654e-05,656,1,656,656,656,14,1,14,14,14
31,80,7.3704e-05,1,7.3704e-05,7.3704e-05,7.3704e-05,659,1,659,659,659,14,1,14,14,14
31,80,8.591e-05,1,8.591e-05,8.591e-05,8.591e-05,649,1,649,649,649,13,1,13,13,13
31,80,7.7007e-05,1,7.7007e-05,7.7007e-05,7.7007e-05,664,1,664,664,664,14,1,14,14,14
31,80,7.3975e-05,1,7.3975e-05,7.3975e-05,7.3975e-05,631,1,631,631,631,12,1,12,12,12
31,80,7.3367e-05,1,7.3367e-05,7.3367e-05,7.3367e-05,662,1,662,662,662,13,1,13,13,13
31,80,7.4452e-05,1,7.4452e-05,7.4452e-05,7.4452e-05,648,1,648,648,648,13,1,13,13,13
31,80,7.4686e-05,1,7.4686e-05,7.4686e-05,7.4686e-05,669,1,669,669,669,15,1,15,15,15
31,80,7.2931e-05,1,7.2931e-05,7.2931e-05,7.2931e-05,642,1,642,642,642,13,1,13,13,13
31,80,7.8778e-05,1,7.8778e-05,7.8778e-05,7.8778e-05,653,1,653,653,653,14,1,14,14,14
31,80,7.777e-05,1,7.777e-05,7.777e-05,7.777e-05,646,1,646,646,646,13,1,13,13,13
31,80,7.7516e-05,1,7.7516e-05,7.7516e-05,7.7516e-05,667,1,667,667,667,14,1,14,14,14
31,80,7.3161e-05,1,7.3161e-05,7.3161e-05,7.3161e-05,651,1,651,651,651,14,1,14,14,14
31,80,7.4487e-05,1,7.4487e-05,7.4487e-05,7.4487e-05,650,1,650,650,650,13,1,13,13,13
31,80,7.4204e-05,1,7.4204e-05,7.4204e-05,7.4204e-05,651,1,651,651,651,15,1,15,15,15
31,80,9.351e-05,1,9.351e-05,9.351e-05,9.351e-05,642,1,642,642,642,13,1,13,13,13
31,80,7.8353e-05,1,7.8353e-05,7.8353e-05,7.8353e-05,656,1,656,656,656,14,1,14,14,14
31,80,7.3072e-05,1,7.3072e-05,7.3072e-05,7.3072e-05,650,1,650,650,650,13,1,13,13,13
31,80,7.5124e-05,1,7.5124e-05,7.5124e-05,7.5124e-05,683,1,683,683,683,15,1,15,15,15
31,80,7.9167e-05,1,7.9167e-05,7.9167e-05,7.9167e-05,671,1,671,671,671,14,1,14,14,14
31,80,7.3518e-05,1,7.3518e-05,7.3518e-05,7.3518e-05,658,1,658,658,658,14,1,14,14,14
31,80,7.3494e-05,1,7.3494e-05,7.3494e-05,7.3494e-05,655,1,655,655,655,14,1,14,14,14
31,80,7.3761e-05,1,7.3761e-05,7.3761e-05,7.3761e-05,638,1,638,638,638,13,1,13,13,13
31,80,7.4278e-05,1,7.4278e-05,7.4278e-05,7.4278e-05,652,1,652,652,652,14,1,14,14,14
31,80,7.4406e-05,1,7.4406e-05,7.4406e-05,7.4406e-05,669,1,669,669,669,14,1,14,14,14
31,80,7.2561e-05,1,7.2561e-05,7.2561e-05,7.2561e-05,648,1,648,648,648,13,1,13,13,13
31,80,7.4388e-05,1,7.4388e-05,7.4388e-05,7.4388e-05,666,1,666,666,666,14,1,14,14,14
31,80,7.3589e-05,1,7.3589e-05,7.3589e-05,7.3589e-05,629,1,629,629,629,13,1,13,13,13
31,80,7.3874e-05,1,7.3874e-05,7.3874e-05,7.3874e-05,659,1,659,659,659,14,1,14,14,14
31,80,7.4115e-05,1,7.4115e-05,7.4115e-05,7.4115e-05,656,1,656,656,656,14,1,14,14,14
31,80,7.5027e-05,1,7.5027e-05,7.5027e-05,7.5027e-05,635,1,635,635,635,13,1,13,13,13
31,80,7.7556e-05,1,7.7556e-05,7.7556e-05,7.7556e-05,651,1,651,651,651,14,1,14,14,14
31,80,7.395e-05,1,7.395e-05,7.395e-05,7.395e-05,658,1,658,658,658,14,1,14,14,14
31,80,7.7978e-05,1,7.7978e-05,7.7978e-05,7.7978e-05,659,1,659,659,659,15,1,15,15,15
31,80,7.6717e-05,1,7.6717e-05,7.6717e-05,7.6717e-05,629,1,629,629,629,12,1,12,12,12
31,80,9.2314e-05,1,9.2314e-05,9.2314e-05,9.2314e-05,653,1,653,653,653,13,1,13,13,13
31,80,7.5227e-05,1,7.5227e-05,7.5227e-05,7.5227e-05,665,1,665,665,665,16,1,16,16,16
31,80,7.3211e-05,1,7.3211e-05,7.3211e-05,7.3211e-05,641,1,641,641,641,13,1,13,13,13
31,80,7.6798e-05,1,7.6798e-05,7.6798e-05,7.6798e-05,653,1,653,653,653,13,1,13,13,13
31,80,7.377e-05,1,7.377e-05,7.377e-05,7.377e-05,645,1,645,645,645,13,1,13,13,13
31,80,7.3039e-05,1,7.3039e-05,7.3039e-05,7.3039e-05,647,1,647,647,647,13,1,13,13,13
31,80,7.5196e-05,1,7.5196e-05,7.5196e-05,7.5196e-05,649,1,649,649,649,13,1,13,13,13
31,80,7.8532e-05,1,7.8532e-05,7.8532e-05,7.8532e-05,649,1,649,649,649,13,1,13,13,13
31,80,7.574e-05,1,7.574e-05,7.574e-05,7.574e-05,662,1,662,662,662,14,1,14,14,14
31,80,7.3973e-05,1,7.3973e-05,7.3973e-05,7.3973e-05,673,1,673,673,673,14,1,14,14,14
31,80,7.4129e-05,1,7.4129e-05,7.4129e-05,7.4129e-05,677,1,677,677,677,15,1,15,15,15
31,80,7.1992e-05,1,7.1992e-05,7.1992e-05,7.1992e-05,652,1,652,652,652,13,1,13,13,13
31,80,7.8643e-05,1,7.8643e-05,7.8643e-05,7.8643e-05,640,1,640,640,640,12,1,12,12,12
31,80,7.3211e-05,1,7.3211e-05,7.3211e-05,7.3211e-05,650,1,650,650,650,14,1,14,14,14
31,80,7.2898e-05,1,7.2898e-05,7.2898e-05,7.2898e-05,657,1,657,657,657,14,1,14,14,14
31,80,7.3201e-05,1,7.3201e-05,7.3201e-05,7.3201e-05,655,1,655,655,655,13,1,13,13,13
31,80,7.5952e-05,1,7.5952e-05,7.5952e-05,7.5952e-05,660,1,660,660,660,14,1,14,14,14
31,80,7.4109e-05,1,7.4109e-05,7.4109e-05,7.4109e-05,665,1,665,665,665,13,1,13,13,13
31,80,7.2722e-05,1,7.2722e-05,7.2722e-05,7.2722e-05,634,1,634,634,634,14,1,14,14,14
31,80,7.2263e-05,1,7.2263e-05,7.2263e-05,7.2263e-05,633,1,633,633,633,13,1,13,13,13
31,80,7.3917e-05,1,7.3917e-05,7.3917e-05,7.3917e-05,653,1,653,653,653,14,1,14,14,14
31,80,7.339e-05,1,7.339e-05,7.339e-05,7.339e-05,636,1,636,636,636,14,1,14,14,14
31,80,7.4456e-05,1,7.4456e-05,7.4456e-05,7.4456e-05,662,1,662,662,662,14,1,14,14,14
31,80,7.3194e-05,1,7.3194e-05,7.3194e-05,7.3194e-05,661,1,661,661,661,14,1,14,14,14
31,80,7.3858e-05,1,7.3858e-05,7.3858e-05,7.3858e-05,653,1,653,653,653,15,1,15,15,15
31,80,7.3652e-05,1,7.3652e-05,7.3652e-05,7.3652e-05,648,1,648,648,648,14,1,14,14,14
31,80,7.3069e-05,1,7.3069e-05,7.3069e-05,7.3069e-05,654,1,654,654,654,14,1,14,14,14
31,80,7.3787e-05,1,7.3787e-05,7.3787e-05,7.3787e-05,619,1,619,619,619,12,1,12,12,12
31,80,9.3624e-05,1,9.3624e-05,9.3624e-05,9.3624e-05,665,1,665,665,665,14,1,14,14,14
31,80,7.4279e-05,1,7.4279e-05,7.4279e-05,7.4279e-05,673,1,673,673,673,14,1,14,14,14
31,80,7.921e-05,1,7.921e-05,7.921e-05,7.921e-05,669,1,669,669,669,15,1,15,15,15
31,80,7.3122e-05,1,7.3122e-05,7.3122e-05,7.3122e-05,663,1,663,663,663,14,1,14,14,14
31,80,7.7411e-05,1,7.7411e-05,7.7411e-05,7.7411e-05,657,1,657,657,657,14,1,14,14,14
31,80,7.2697e-05,1,7.2697e-05,7.2697e-05,7.2697e-05,648,1,648,648,648,13,1,13,13,13
31,80,7.3828e-05,1,7.3828e-05,7.3828e-05,7.3828e-05,646,1,646,646,646,12,1,12,12,12
31,80,7.8156e-05,1,7.8156e-05,7.8156e-05,7.8156e-05,642,1,642,642,642,13,1,13,13,13
31,80,8.0095e-05,1,8.0095e-05,8.0095e-05,8.0095e-05,681,1,681,681,681,15,1,15,15,15
31,80,7.3781e-05,1,7.3781e-05,7.3781e-05,7.3781e-05,646,1,646,646,646,13,1,13,13,13
31,80,7.44e-05,1,7.44e-05,7.44e-05,7.44e-05,662,1,662,662,662,14,1,14,14,14
31,80,7.3874e-05,1,7.3874e-05,7.3874e-05,7.3874e-05,646,1,646,646,646,13,1,13,13,13
31,80,7.6299e-05,1,7.6299e-05,7.6299e-05,7.6299e-05,657,1,657,657,657,14,1,14,14,14
31,80,7.2491e-05,1,7.2491e-05,7.2491e-05,7.2491e-05,654,1,654,654,654,14,1,14,14,14
31,80,7.3074e-05,1,7.3074e-05,7.3074e-05,7.3074e-05,651,1,651,651,651,14,1,14,14,14
31,80,7.6697e-05,1,7.6697e-05,7.6697e-05,7.6697e-05,650,1,650,650,650,14,1,14,14,14
31,80,7.3768e-05,1,7.3768e-05,7.3768e-05,7.3768e-05,623,1,623,623,623,12,1,12,12,12
31,80,7.4746e-05,1,7.4746e-05,7.4746e-05,7.4746e-05,661,1,661,661,661,14,1,14,14,14
31,80,7.8346e-05,1,7.8346e-05,7.8346e-05,7.8346e-05,657,1,657,657,657,14,1,14,14,14
31,80,7.8961e-05,1,7.8961e-05,7.8961e-05,7.8961e-05,646,1,646,646,646,14,1,14,14,14
31,80,7.4165e-05,1,7.4165e-05,7.4165e-05,7.4165e-05,669,1,669,669,669,14,1,14,14,14
31,80,7.3118e-05,1,7.3118e-05,7.3118e-05,7.3118e-05,662,1,662,662,662,13,1,13,13,13
31,80,7.9291e-05,1,7.9291e-05,7.9291e-05,7.9291e-05,663,1,663,663,663,13,1,13,13,13
31,80,7.4091e-05,1,7.4091e-05,7.4091e-05,7.4091e-05,660,1,660,660,660,14,1,14,14,14
31,80,7.3074e-05,1,7.3074e-05,7.3074e-05,7.3074e-05,632,1,632,632,632,13,1,13,13,13
31,80,7.2842e-05,1,7.2842e-05,7.2842e-05,7.2842e-05,656,1,656,656,656,14,1,14,14,14
31,80,7.5058e-05,1,7.5058e-05,7.5058e-05,7.5058e-05,667,1,667,667,667,14,1,14,14,14
31,80,7.2361e-05,1,7.2361e-05,7.2361e-05,7.2361e-05,634,1,634,634,634,12,1,12,12,12
31,80,7.4008e-05,1,7.4008e-05,7.4008e-05,7.4008e-05,661,1,661,661,661,14,1,14,14,14
31,80,7.4229e-05,1,7.4229e-05,7.4229e-05,7.4229e-05,676,1,676,676,676,14,1,14,14,14
31,80,7.4521e-05,1,7.4521e-05,7.4521e-05,7.4521e-05,673,1,673,673,673,15,1,15,15,15
31,80,7.2371e-05,1,7.2371e-05,7.2371e-05,7.2371e-05,648,1,648,648,648,13,1,13,13,13
31,80,7.693e-05,1,7.693e-05,7.693e-05,7.693e-05,658,1,658,658,658,14,1,14,14,14
31,80,7.537e-05,1,7.537e-05,7.537e-05,7.537e-05,649,1,649,649,649,14,1,14,14,14
31,80,7.4834e-05,1,7.4834e-05,7.4834e-05,7.4834e-05,633,1,633,633,633,12,1,12,12,12
31,80,7.4812e-05,1,7.4812e-05,7.4812e-05,7.4812e-05,679,1,679,679,679,15,1,15,15,15
31,80,7.402e-05,1,7.402e-05,7.402e-05,7.402e-05,656,1,656,656,656,15,1,15,15,15
31,80,7.6887e-05,1,7.6887e-05,7.6887e-05,7.6887e-05,643,1,643,643,643,13,1,13,13,13
31,80,7.4425e-05,1,7.4425e-05,7.4425e-05,7.4425e-05,667,1,667,667,667,15,1,15,15,15
31,80,7.4522e-05,1,7.4522e-05,7.4522e-05,7.4522e-05,687,1,687,687,687,15,1,15,15,15
31,80,7.4961e-05,1,7.4961e-05,7.4961e-05,7.4961e-05,680,1,680,680,680,14,1,14,14,14
31,80,7.4541e-05,1,7.4541e-05,7.4541e-05,7.4541e-05,663,1,663,663,663,15,1,15,15,15
31,80,7.918e-05,1,7.918e-05,7.918e-05,7.918e-05,667,1,667,667,667,15,1,15,15,15
31,80,9.1446e-05,1,9.1446e-05,9.1446e-05,9.1446e-05,692,1,692,692,692,16,1,16,16,16
31,80,7.3001e-05,1,7.3001e-05,7.3001e-05,7.3001e-05,662,1,662,662,662,14,1,14,14,14
31,80,7.2818e-05,1,7.2818e-05,7.2818e-05,7.2818e-05,647,1,647,647,647,14,1,14,14,14
31,80,7.5222e-05,1,7.5222e-05,7.5222e-05,7.5222e-05,659,1,659,659,659,14,1,14,14,14
31,80,7.2884e-05,1,7.2884e-05,7.2884e-05,7.2884e-05,672,1,672,672,672,15,1,15,15,15
31,80,7.3598e-05,1,7.3598e-05,7.3598e-05,7.3598e-05,629,1,629,629,629,14,1,14,14,14
31,80,9.7294e-05,1,9.7294e-05,9.7294e-05,9.7294e-05,675,1,675,675,675,15,1,15,15,15
31,80,7.8075e-05,1,7.8075e-05,7.8075e-05,7.8075e-05,664,1,664,664,664,15,1,15,15,15
31,80,7.3209e-05,1,7.3209e-05,7.3209e-05,7.3209e-05,672,1,672,672,672,14,1,14,14,14
31,80,7.3683e-05,1,7.3683e-05,7.3683e-05,7.3683e-05,646,1,646,646,646,13,1,13,13,13
31,80,7.3993e-05,1,7.3993e-05,7.3993e-05,7.3993e-05,671,1,671,671,671,15,1,15,15,15
31,80,9.4223e-05,1,9.4223e-05,9.4223e-05,9.4223e-05,670,1,670,670,670,14,1,14,14,14
31,80,7.6653e-05,1,7.6653e-05,7.6653e-05,7.6653e-05,686,1,686,686,686,15,1,15,15,15
31,80,7.3125e-05,1,7.3125e-05,7.3125e-05,7.3125e-05,647,1,647,647,647,14,1,14,14,14
31,80,7.5464e-05,1,7.5464e-05,7.5464e-05,7.5464e-05,674,1,674,674,674,14,1,14,14,14
31,80,7.2858e-05,1,7.2858e-05,7.2858e-05,7.2858e-05,643,1,643,643,643,13,1,13,13,13
31,80,7.3549e-05,1,7.3549e-05,7.3549e-05,7.3549e-05,647,1,647,647,647,13,1,13,13,13
31,80,7.7248e-05,1,7.7248e-05,7.7248e-05,7.7248e-05,638,1,638,638,638,14,1,14,14,14
31,80,7.2879e-05,1,7.2879e-05,7.2879e-05,7.2879e-05,636,1,636,636,636,13,1,13,13,13
31,80,7.4597e-05,1,7.4597e-05,7.4597e-05,7.4597e-05,663,1,663,663,663,14,1,14,14,14
31,80,7.3513e-05,1,7.3513e-05,7.3513e-05,7.3513e-05,663,1,663,663,663,14,1,14,14,14
31,80,7.4935e-05,1,7.4935e-05,7.4935e-05,7.4935e-05,651,1,651,651,651,14,1,14,14,14
31,80,7.4352e-05,1,7.4352e-05,7.4352e-05,7.4352e-05,659,1,659,659,659,14,1,14,14,14
31,80,7.5072e-05,1,7.5072e-05,7.5072e-05,7.5072e-05,663,1,663,663,663,14,1,14,14,14
31,80,7.3096e-05,1,7.3096e-05,7.3096e-05,7.3096e-05,659,1,659,659,659,14,1,14,14,14
31,80,7.3496e-05,1,7.3496e-05,7.3496e-05,7.3496e-05,666,1,666,666,666,14,1,14,14,14
31,80,7.803e-05,1,7.803e-05,7.803e-05,7.803e-05,666,1,666,666,666,15,1,15,15,15
31,80,7.338e-05,1,7.338e-05,7.338e-05,7.338e-05,629,1,629,629,629,12,1,12,12,12
31,80,7.5336e-05,1,7.5336e-05,7.5336e-05,7.5336e-05,653,1,653,653,653,13,1,13,13,13
31,80,7.3486e-05,1,7.3486e-05,7.3486e-05,7.3486e-05,648,1,648,648,648,13,1,13,13,13
31,80,7.315e-05,1,7.315e-05,7.315e-05,7.315e-05,641,1,641,641,641,13,1,13,13,13
31,80,7.3678e-05,1,7.3678e-05,7.3678e-05,7.3678e-05,656,1,656,656,656,13,1,13,13,13
31,80,9.509e-05,1,9.509e-05,9.509e-05,9.509e-05,668,1,668,668,668,14,1,14,14,14
31,80,7.4071e-05,1,7.4071e-05,7.4071e-05,7.4071e-05,658,1,658,658,658,14,1,14,14,14
31,80,7.3518e-05,1,7.3518e-05,7.3518e-05,7.3518e-05,671,1,671,671,671,14,1,14,14,14
31,80,7.4669e-05,1,7.4669e-05,7.4669e-05,7.4669e-05,686,1,686,686,686,16,1,16,16,16
31,80,7.3158e-05,1,7.3158e-05,7.3158e-05,7.3158e-05,647,1,647,647,647,14,1,14,14,14
31,80,7.444e-05,1,7.444e-05,7.444e-05,7.444e-05,649,1,649,649,649,14,1,14,14,14
31,80,7.5457e-05,1,7.5457e-05,7.5457e-05,7.5457e-05,635,1,635,635,635,14,1,14,14,14
31,80,7.2919e-05,1,7.2919e-05,7.2919e-05,7.2919e-05,645,1,645,645,645,12,1,12,12,12
31,80,7.3693e-05,1,7.3693e-05,7.3693e-05,7.3693e-05,649,1,649,649,649,14,1,14,14,14
31,80,7.3391e-05,1,7.3391e-05,7.3391e-05,7.3391e-05,650,1,650,650,650,13,1,13,13,13
31,80,7.3921e-05,1,7.3921e-05,7.3921e-05,7.3921e-05,644,1,644,644,644,14,1,14,14,14
31,80,7.5684e-05,1,7.5684e-05,7.5684e-05,7.5684e-05,620,1,620,620,620,12,1,12,12,12
31,80,7.3388e-05,1,7.3388e-05,7.3388e-05,7.3388e-05,651,1,651,651,651,13,1,13,13,13
31,80,7.3132e-05,1,7.3132e-05,7.3132e-05,7.3132e-05,655,1,655,655,655,14,1,14,14,14
31,80,7.4795e-05,1,7.4795e-05,7.4795e-05,7.4795e-05,668,1,668,668,668,15,1,15,15,15
31,80,7.4708e-05,1,7.4708e-05,7.4708e-05,7.4708e-05,654,1,654,654,654,14,1,14,14,14
31,80,7.3369e-05,1,7.3369e-05,7.3369e-05,7.3369e-05,648,1,648,648,648,13,1,13,13,13
31,80,7.4105e-05,1,7.4105e-05,7.4105e-05,7.4105e-05,652,1,652,652,652,13,1,13,13,13
31,80,7.2157e-05,1,7.2157e-05,7.2157e-05,7.2157e-05,630,1,630,630,630,12,1,12,12,12
31,80,7.2605e-05,1,7.2605e-05,7.2605e-05,7.2605e-05,661,1,661,661,661,15,1,15,15,15
31,80,7.2817e-05,1,7.2817e-05,7.2817e-05,7.2817e-05,632,1,632,632,632,12,1,12,12,12
31,80,7.4124e-05,1,7.4124e-05,7.4124e-05,7.4124e-05,669,1,669,669,669,14,1,14,14,14
31,80,7.3687e-05,1,7.3687e-05,7.3687e-05,7.3687e-05,658,1,658,658,658,14,1,14,14,14
31,80,7.4357e-05,1,7.4357e-05,7.4357e-05,7.4357e-05,655,1,655,655,655,14,1,14,14,14
31,80,7.5071e-05,1,7.5071e-05,7.5071e-05,7.5071e-05,666,1,666,666,666,14,1,14,14,14
31,80,7.2857e-05,1,7.2857e-05,7.2857e-05,7.2857e-05,649,1,649,649,649,13,1,13,13,13
31,80,7.3924e-05,1,7.3924e-05,7.3924e-05,7.3924e-05,666,1,666,666,666,15,1,15,15,15
31,80,7.2308e-05,1,7.2308e-05,7.2308e-05,7.2308e-05,658,1,658,658,658,14,1,14,14,14
31,80,9.281e-05,1,9.281e-05,9.281e-05,9.281e-05,652,1,652,652,652,13,1,13,13,13
31,80,7.6108e-05,1,7.6108e-05,7.6108e-05,7.6108e-05,646,1,646,646,646,14,1,14,14,14
31,80,7.8688e-05,1,7.8688e-05,7.8688e-05,7.8688e-05,652,1,652,652,652,13,1,13,13,13
31,80,7.356e-05,1,7.356e-05,7.356e-05,7.356e-05,673,1,673,673,673,14,1,14,14,14
31,80,7.4866e-05,1,7.4866e-05,7.4866e-05,7.4866e-05,648,1,648,648,648,13,1,13,13,13
31,80,7.422e-05,1,7.422e-05,7.422e-05,7.422e-05,646,1,646,646,646,13,1,13,13,13
31,80,7.5229e-05,1,7.5229e-05,7.5229e-05,7.5229e-05,674,1,674,674,674,14,1,14,14,14
31,80,7.3119e-05,1,7.3119e-05,7.3119e-05,7.3119e-05,640,1,640,640,640,12,1,12,12,12
31,80,7.4084e-05,1,7.4084e-05,7.4084e-05,7.4084e-05,643,1,643,643,643,14,1,14,14,14
31,80,7.4856e-05,1,7.4856e-05,7.4856e-05,7.4856e-05,648,1,648,648,648,13,1,13,13,13
31,80,7.4476e-05,1,7.4476e-05,7.4476e-05,7.4476e-05,657,1,657,657,657,14,1,14,14,14
31,80,7.384e-05,1,7.384e-05,7.384e-05,7.384e-05,642,1,642,642,642,13,1,13,13,13
31,80,9.1481e-05,1,9.1481e-05,9.1481e-05,9.1481e-05,644,1,644,644,644,14,1,14,14,14
31,80,7.2905e-05,1,7.2905e-05,7.2905e-05,7.2905e-05,663,1,663,663,663,14,1,14,14,14
31,80,7.4976e-05,1,7.4976e-05,7.4976e-05,7.4976e-05,661,1,661,661,661,14,1,14,14,14
31,80,7.377e-05,1,7.377e-05,7.377e-05,7.377e-05,651,1,651,651,651,14,1,14,14,14
31,80,7.3359e-05,1,7.3359e-05,7.3359e-05,7.3359e-05,654,1,654,654,654,13,1,13,13,13
31,80,7.3731e-05,1,7.3731e-05,7.3731e-05,7.3731e-05,665,1,665,665,665,15,1,15,15,15
31,80,7.4152e-05,1,7.4152e-05,7.4152e-05,7.4152e-05,659,1,659,659,659,14,1,14,14,14
31,80,7.7043e-05,1,7.7043e-05,7.7043e-05,7.7043e-05,648,1,648,648,648,14,1,14,14,14
31,80,7.3187e-05,1,7.3187e-05,7.3187e-05,7.3187e-05,659,1,659,659,659,13,1,13,13,13
31,80,7.3436e-05,1,7.3436e-05,7.3436e-05,7.3436e-05,666,1,666,666,666,14,1,14,14,14
31,80,7.8482e-05,1,7.8482e-05,7.8482e-05,7.8482e-05,666,1,666,666,666,14,1,14,14,14
31,80,7.3763e-05,1,7.3763e-05,7.3763e-05,7.3763e-05,673,1,673,673,673,14,1,14,14,14
31,80,7.4366e-05,1,7.4366e-05,7.4366e-05,7.4366e-05,668,1,668,668,668,14,1,14,14,14
31,80,7.8243e-05,1,7.8243e-05,7.8243e-05,7.8243e-05,662,1,662,662,662,14,1,14,14,14
31,80,7.8182e-05,1,7.8182e-05,7.8182e-05,7.8182e-05,655,1,655,655,655,14,1,14,14,14
31,80,7.3349e-05,1,7.3349e-05,7.3349e-05,7.3349e-05,659,1,659,659,659,15,1,15,15,15
31,80,7.3704e-05,1,7.3704e-05,7.3704e-05,7.3704e-05,669,1,669,669,669,15,1,15,15,15
31,80,7.6409e-05,1,7.6409e-05,7.6409e-05,7.6409e-05,635,1,635,635,635,12,1,12,12,12
31,80,7.3298e-05,1,7.3298e-05,7.3298e-05,7.3298e-05,661,1,661,661,661,14,1,14,14,14
31,80,7.4401e-05,1,7.4401e-05,7.4401e-05,7.4401e-05,662,1,662,662,662,14,1,14,14,14
31,80,7.3318e-05,1,7.3318e-05,7.3318e-05,7.3318e-05,661,1,661,661,661,15,1,15,15,15
31,80,7.9825e-05,1,7.9825e-05,7.9825e-05,7.9825e-05,650,1,650,650,650,13,1,13,13,13
31,80,7.9659e-05,1,7.9659e-05,7.9659e-05,7.9659e-05,659,1,659,659,659,15,1,15,15,15
31,80,7.262e-05,1,7.262e-05,7.262e-05,7.262e-05,636,1,636,636,636,12,1,12,12,12
31,80,7.4127e-05,1,7.4127e-05,7.4127e-05,7.4127e-05,654,1,654,654,654,13,1,13,13,13
31,80,7.5227e-05,1,7.5227e-05,7.5227e-05,7.5227e-05,683,1,683,683,683,15,1,15,15,15
31,80,7.8595e-05,1,7.8595e-05,7.8595e-05,7.8595e-05,644,1,644,644,644,13,1,13,13,13
31,80,7.336e-05,1,7.336e-05,7.336e-05,7.336e-05,655,1,655,655,655,13,1,13,13,13
31,80,7.378e-05,1,7.378e-05,7.378e-05,7.378e-05,677,1,677,677,677,15,1,15,15,15
31,80,7.4002e-05,1,7.4002e-05,7.4002e-05,7.4002e-05,647,1,647,647,647,14,1,14,14,14
31,80,9.3178e-05,1,9.3178e-05,9.3178e-05,9.3178e-05,670,1,670,670,670,15,1,15,15,15
31,80,7.9489e-05,1,7.9489e-05,7.9489e-05,7.9489e-05,673,1,673,673,673,14,1,14,14,14
31,80,7.4774e-05,1,7.4774e-05,7.4774e-05,7.4774e-05,664,1,664,664,664,15,1,15,15,15
31,80,7.3921e-05,1,7.3921e-05,7.3921e-05,7.3921e-05,648,1,648,648,648,13,1,13,13,13
31,80,7.4441e-05,1,7.4441e-05,7.4441e-05,7.4441e-05,653,1,653,653,653,14,1,14,14,14
31,80,7.4078e-05,1,7.4078e-05,7.4078e-05,7.4078e-05,649,1,649,649,649,13,1,13,13,13
31,80,7.4465e-05,1,7.4465e-05,7.4465e-05,7.4465e-05,638,1,638,638,638,13,1,13,13,13
31,80,7.5867e-05,1,7.5867e-05,7.5867e-05,7.5867e-05,648,1,648,648,648,14,1,14,14,14
31,80,7.3669e-05,1,7.3669e-05,7.3669e-05,7.3669e-05,644,1,644,644,644,13,1,13,13,13
31,80,7.2842e-05,1,7.2842e-05,7.2842e-05,7.2842e-05,675,1,675,675,675,15,1,15,15,15
31,80,7.6756e-05,1,7.6756e-05,7.6756e-05,7.6756e-05,645,1,645,645,645,14,1,14,14,14
31,80,7.3539e-05,1,7.3539e-05,7.3539e-05,7.3539e-05,633,1,633,633,633,13,1,13,13,13
31,80,7.2642e-05,1,7.2642e-05,7.2642e-05,7.2642e-05,640,1,640,640,640,13,1,13,13,13
31,80,7.3473e-05,1,7.3473e-05,7.3473e-05,7.3473e-05,656,1,656,656,656,14,1,14,14,14
31,80,7.4047e-05,1,7.4047e-05,7.4047e-05,7.4047e-05,623,1,623,623,623,12,1,12,12,12
31,80,7.3053e-05,1,7.3053e-05,7.3053e-05,7.3053e-05,656,1,656,656,656,13,1,13,13,13
31,80,7.7791e-05,1,7.7791e-05,7.7791e-05,7.7791e-05,653,1,653,653,653,13,1,13,13,13
31,80,7.5394e-05,1,7.5394e-05,7.5394e-05,7.5394e-05,662,1,662,662,662,13,1,13,13,13
31,80,7.3978e-05,1,7.3978e-05,7.3978e-05,7.3978e-05,664,1,664,664,664,14,1,14,14,14
31,80,7.8034e-05,1,7.8034e-05,7.8034e-05,7.8034e-05,660,1,660,660,660,14,1,14,14,14
31,80,9.3171e-05,1,9.3171e-05,9.3171e-05,9.3171e-05,672,1,672,672,672,15,1,15,15,15
31,80,7.4088e-05,1,7.4088e-05,7.4088e-05,7.4088e-05,663,1,663,663,663,14,1,14,14,14
31,80,7.4134e-05,1,7.4134e-05,7.4134e-05,7.4134e-05,664,1,664,664,664,14,1,14,14,14
31,80,7.3714e-05,1,7.3714e-05,7.3714e-05,7.3714e-05,648,1,648,648,648,13,1,13,13,13
31,80,7.405e-05,1,7.405e-05,7.405e-05,7.405e-05,678,1,678,678,678,14,1,14,14,14
31,80,7.3312e-05,1,7.3312e-05,7.3312e-05,7.3312e-05,657,1,657,657,657,14,1,14,14,14
31,80,7.3541e-05,1,7.3541e-05,7.3541e-05,7.3541e-05,656,1,656,656,656,14,1,14,14,14
31,80,8.3913e-05,1,8.3913e-05,8.3913e-05,8.3913e-05,633,1,633,633,633,13,1,13,13,13
31,80,7.8399e-05,1,7.8399e-05,7.8399e-05,7.8399e-05,663,1,663,663,663,14,1,14,14,14
31,80,7.8364e-05,1,7.8364e-05,7.8364e-05,7.8364e-05,648,1,648,648,648,14,1,14,14,14
31,80,7.7286e-05,1,7.7286e-05,7.7286e-05,7.7286e-05,646,1,646,646,646,13,1,13,13,13
31,80,7.9447e-05,1,7.9447e-05,7.9447e-05,7.9447e-05,664,1,664,664,664,15,1,15,15,15
31,80,7.6191e-05,1,7.6191e-05,7.6191e-05,7.6191e-05,635,1,635,635,635,13,1,13,13,13
31,80,7.3394e-05,1,7.3394e-05,7.3394e-05,7.3394e-05,651,1,651,651,651,14,1,14,14,14
31,80,7.4754e-05,1,7.4754e-05,7.4754e-05,7.4754e-05,655,1,655,655,655,14,1,14,14,14
31,80,7.794e-05,1,7.794e-05,7.794e-05,7.794e-05,642,1,642,642,642,14,1,14,14,14
31,80,7.3982e-05,1,7.3982e-05,7.3982e-05,7.3982e-05,669,1,669,669,669,15,1,15,15,15
31,80,7.2815e-05,1,7.2815e-05,7.2815e-05,7.2815e-05,639,1,639,639,639,12,1,12,12,12
31,80,7.8924e-05,1,7.8924e-05,7.8924e-05,7.8924e-05,678,1,678,678,678,15,1,15,15,15
31,80,9.2253e-05,1,9.2253e-05,9.2253e-05,9.2253e-05,658,1,658,658,658,14,1,14,14,14
31,80,7.4535e-05,1,7.4535e-05,7.4535e-05,7.4535e-05,682,1,682,682,682,15,1,15,15,15
31,80,7.5241e-05,1,7.5241e-05,7.5241e-05,7.5241e-05,649,1,649,649,649,14,1,14,14,14
31,80,7.4608e-05,1,7.4608e-05,7.4608e-05,7.4608e-05,667,1,667,667,667,14,1,14,14,14
31,80,7.4602e-05,1,7.4602e-05,7.4602e-05,7.4602e-05,663,1,663,663,663,14,1,14,14,14
31,80,7.304e-05,1,7.304e-05,7.304e-05,7.304e-05,634,1,634,634,634,12,1,12,12,12
31,80,7.5822e-05,1,7.5822e-05,7.5822e-05,7.5822e-05,679,1,679,679,679,15,1,15,15,15
31,80,7.3887e-05,1,7.3887e-05,7.3887e-05,7.3887e-05,656,1,656,656,656,14,1,14,14,14
31,80,7.4014e-05,1,7.4014e-05,7.4014e-05,7.4014e-05,658,1,658,658,658,14,1,14,14,14
31,80,7.3551e-05,1,7.3551e-05,7.3551e-05,7.3551e-05,670,1,670,670,670,14,1,14,14,14
31,80,7.29e-05,1,7.29e-05,7.29e-05,7.29e-05,655,1,655,655,655,13,1,13,13,13
31,80,7.8322e-05,1,7.8322e-05,7.8322e-05,7.8322e-05,650,1,650,650,650,14,1,14,14,14
31,80,7.4234e-05,1,7.4234e-05,7.4234e-05,7.4234e-05,641,1,641,641,641,13,1,13,13,13
31,80,7.5774e-05,1,7.5774e-05,7.5774e-05,7.5774e-05,655,1,655,655,655,14,1,14,14,14
31,80,7.5144e-05,1,7.5144e-05,7.5144e-05,7.5144e-05,659,1,659,659,659,14,1,14,14,14
31,80,7.8558e-05,1,7.8558e-05,7.8558e-05,7.8558e-05,664,1,664,664,664,14,1,14,14,14
31,80,7.1972e-05,1,7.1972e-05,7.1972e-05,7.1972e-05,646,1,646,646,646,14,1,14,14,14
31,80,7.4499e-05,1,7.4499e-05,7.4499e-05,7.4499e-05,648,1,648,648,648,13,1,13,13,13
31,80,7.4569e-05,1,7.4569e-05,7.4569e-05,7.4569e-05,661,1,661,661,661,14,1,14,14,14
31,80,7.3389e-05,1,7.3389e-05,7.3389e-05,7.3389e-05,652,1,652,652,652,14,1,14,14,14
31,80,7.3342e-05,1,7.3342e-05,7.3342e-05,7.3342e-05,645,1,645,645,645,13,1,13,13,13
31,80,7.808e-05,1,7.808e-05,7.808e-05,7.808e-05,650,1,650,650,650,13,1,13,13,13
31,80,7.3903e-05,1,7.3903e-05,7.3903e-05,7.3903e-05,640,1,640,640,640,13,1,13,13,13
31,80,7.4117e-05,1,7.4117e-05,7.4117e-05,7.4117e-05,647,1,647,647,647,12,1,12,12,12
31,80,7.4289e-05,1,7.4289e-05,7.4289e-05,7.4289e-05,635,1,635,635,635,12,1,12,12,12
31,80,7.3354e-05,1,7.3354e-05,7.3354e-05,7.3354e-05,641,1,641,641,641,12,1,12,12,12
31,80,7.3945e-05,1,7.3945e-05,7.3945e-05,7.3945e-05,673,1,673,673,673,14,1,14,14,14
31,80,7.5484e-05,1,7.5484e-05,7.5484e-05,7.5484e-05,669,1,669,669,669,14,1,14,14,14
31,80,7.8259e-05,1,7.8259e-05,7.8259e-05,7.8259e-05,676,1,676,676,676,15,1,15,15,15
31,80,7.7371e-05,1,7.7371e-05,7.7371e-05,7.7371e-05,657,1,657,657,657,13,1,13,13,13
31,80,7.5238e-05,1,7.5238e-05,7.5238e-05,7.5238e-05,653,1,653,653,653,13,1,13,13,13
31,80,7.3145e-05,1,7.3145e-05,7.3145e-05,7.3145e-05,649,1,649,649,649,13,1,13,13,13
31,80,7.3022e-05,1,7.3022e-05,7.3022e-05,7.3022e-05,654,1,654,654,654,14,1,14,14,14
31,80,7.7542e-05,1,7.7542e-05,7.7542e-05,7.7542e-05,666,1,666,666,666,14,1,14,14,14
31,80,7.2743e-05,1,7.2743e-05,7.2743e-05,7.2743e-05,647,1,647,647,647,13,1,13,13,13
31,80,7.5096e-05,1,7.5096e-05,7.5096e-05,7.5096e-05,662,1,662,662,662,14,1,14,14,14
31,80,7.3453e-05,1,7.3453e-05,7.3453e-05,7.3453e-05,645,1,645,645,645,14,1,14,14,14
31,80,7.3628e-05,1,7.3628e-05,7.3628e-05,7.3628e-05,670,1,670,670,670,14,1,14,14,14
31,80,7.3295e-05,1,7.3295e-05,7.3295e-05,7.3295e-05,649,1,649,649,649,13,1,13,13,13
31,80,7.408e-05,1,7.408e-05,7.408e-05,7.408e-05,643,1,643,643,643,13,1,13,13,13
31,80,7.3414e-05,1,7.3414e-05,7.3414e-05,7.3414e-05,666,1,666,666,666,15,1,15,15,15
31,80,9.1394e-05,1,9.1394e-05,9.1394e-05,9.1394e-05,634,1,634,634,634,13,1,13,13,13
31,80,7.8099e-05,1,7.8099e-05,7.8099e-05,7.8099e-05,650,1,650,650,650,13,1,13,13,13
31,80,7.9162e-05,1,7.9162e-05,7.9162e-05,7.9162e-05,678,1,678,678,678,15,1,15,15,15
31,80,7.4706e-05,1,7.4706e-05,7.4706e-05,7.4706e-05,660,1,660,660,660,14,1,14,14,14
31,80,7.3621e-05,1,7.3621e-05,7.3621e-05,7.3621e-05,627,1,627,627,627,12,1,12,12,12
31,80,9.3045e-05,1,9.3045e-05,9.3045e-05,9.3045e-05,630,1,630,630,630,11,1,11,11,11
31,80,7.9121e-05,1,7.9121e-05,7.9121e-05,7.9121e-05,659,1,659,659,659,14,1,14,14,14
31,80,7.2744e-05,1,7.2744e-05,7.2744e-05,7.2744e-05,659,1,659,659,659,14,1,14,14,14
31,80,7.4285e-05,1,7.4285e-05,7.4285e-05,7.4285e-05,642,1,642,642,642,13,1,13,13,13
31,80,7.3178e-05,1,7.3178e-05,7.3178e-05,7.3178e-05,652,1,652,652,652,14,1,14,14,14
31,80,7.326e-05,1,7.326e-05,7.326e-05,7.326e-05,644,1,644,644,644,13,1,13,13,13
31,80,7.4913e-05,1,7.4913e-05,7.4913e-05,7.4913e-05,659,1,659,659,659,14,1,14,14,14
31,80,7.3794e-05,1,7.3794e-05,7.3794e-05,7.3794e-05,647,1,647,647,647,14,1,14,14,14
31,80,8.2703e-05,1,8.2703e-05,8.2703e-05,8.2703e-05,678,1,678,678,678,15,1,15,15,15
31,80,7.6984e-05,1,7.6984e-05,7.6984e-05,7.6984e-05,651,1,651,651,651,13,1,13,13,13
31,80,7.556e-05,1,7.556e-05,7.556e-05,7.556e-05,655,1,655,655,655,14,1,14,14,14
31,80,7.4074e-05,1,7.4074e-05,7.4074e-05,7.4074e-05,647,1,647,647,647,13,1,13,13,13
31,80,7.3776e-05,1,7.3776e-05,7.3776e-05,7.3776e-05,654,1,654,654,654,13,1,13,13,13
31,80,7.8416e-05,1,7.8416e-05,7.8416e-05,7.8416e-05,665,1,665,665,665,14,1,14,14,14
31,80,7.8408e-05,1,7.8408e-05,7.8408e-05,7.8408e-05,668,1,668,668,668,14,1,14,14,14
31,80,7.5297e-05,1,7.5297e-05,7.5297e-05,7.5297e-05,657,1,657,657,657,14,1,14,14,14
31,80,7.3674e-05,1,7.3674e-05,7.3674e-05,7.3674e-05,662,1,662,662,662,14,1,14,14,14
31,80,7.4772e-05,1,7.4772e-05,7.4772e-05,7.4772e-05,672,1,672,672,672,14,1,14,14,14
31,80,7.9719e-05,1,7.9719e-05,7.9719e-05,7.9719e-05,676,1,676,676,676,14,1,14,14,14
31,80,7.7042e-05,1,7.7042e-05,7.7042e-05,7.7042e-05,641,1,641,641,641,13,1,13,13,13
31,80,7.3783e-05,1,7.3783e-05,7.3783e-05,7.3783e-05,665,1,665,665,665,15,1,15,15,15
31,80,7.3568e-05,1,7.3568e-05,7.3568e-05,7.3568e-05,645,1,645,645,645,13,1,13,13,13
31,80,7.4266e-05,1,7.4266e-05,7.4266e-05,7.4266e-05,682,1,682,682,682,15,1,15,15,15
31,80,9.2382e-05,1,9.2382e-05,9.2382e-05,9.2382e-05,644,1,644,644,644,14,1,14,14,14
31,80,7.8321e-05,1,7.8321e-05,7.8321e-05,7.8321e-05,634,1,634,634,634,13,1,13,13,13
31,80,7.4732e-05,1,7.4732e-05,7.4732e-05,7.4732e-05,634,1,634,634,634,12,1,12,12,12
31,80,7.2971e-05,1,7.2971e-05,7.2971e-05,7.2971e-05,656,1,656,656,656,14,1,14,14,14
31,80,7.4981e-05,1,7.4981e-05,7.4981e-05,7.4981e-05,664,1,664,664,664,13,1,13,13,13
31,80,7.3633e-05,1,7.3633e-05,7.3633e-05,7.3633e-05,667,1,667,667,667,14,1,14,14,14
31,80,7.3445e-05,1,7.3445e-05,7.3445e-05,7.3445e-05,651,1,651,651,651,14,1,14,14,14
31,80,7.3433e-05,1,7.3433e-05,7.3433e-05,7.3433e-05,645,1,645,645,645,13,1,13,13,13
31,80,9.3746e-05,1,9.3746e-05,9.3746e-05,9.3746e-05,636,1,636,636,636,13,1,13,13,13
31,80,7.3693e-05,1,7.3693e-05,7.3693e-05,7.3693e-05,662,1,662,662,662,14,1,14,14,14
31,80,7.3363e-05,1,7.3363e-05,7.3363e-05,7.3363e-05,641,1,641,641,641,12,1,12,12,12
31,80,7.2686e-05,1,7.2686e-05,7.2686e-05,7.2686e-05,639,1,639,639,639,13,1,13,13,13
31,80,7.4511e-05,1,7.4511e-05,7.4511e-05,7.4511e-05,639,1,639,639,639,12,1,12,12,12
31,80,7.3539e-05,1,7.3539e-05,7.3539e-05,7.3539e-05,671,1,671,671,671,14,1,14,14,14
31,80,9.0377e-05,1,9.0377e-05,9.0377e-05,9.0377e-05,656,1,656,656,656,14,1,14,14,14
31,80,7.3933e-05,1,7.3933e-05,7.3933e-05,7.3933e-05,657,1,657,657,657,14,1,14,14,14
31,80,7.3319e-05,1,7.3319e-05,7.3319e-05,7.3319e-05,673,1,673,673,673,16,1,16,16,16
31,80,7.6262e-05,1,7.6262e-05,7.6262e-05,7.6262e-05,660,1,660,660,660,14,1,14,14,14
31,80,7.8171e-05,1,7.8171e-05,7.8171e-05,7.8171e-05,655,1,655,655,655,14,1,14,14,14
31,80,7.3423e-05,1,7.3423e-05,7.3423e-05,7.3423e-05,643,1,643,643,643,14,1,14,14,14
31,80,7.5256e-05,1,7.5256e-05,7.5256e-05,7.5256e-05,662,1,662,662,662,14,1,14,14,14
31,80,7.4232e-05,1,7.4232e-05,7.4232e-05,7.4232e-05,677,1,677,677,677,15,1,15,15,15
31,80,7.4535e-05,1,7.4535e-05,7.4535e-05,7.4535e-05,647,1,647,647,647,13,1,13,13,13
31,80,7.2669e-05,1,7.2669e-05,7.2669e-05,7.2669e-05,665,1,665,665,665,14,1,14,14,14
31,80,9.2448e-05,1,9.2448e-05,9.2448e-05,9.2448e-05,670,1,670,670,670,15,1,15,15,15
31,80,7.7403e-05,1,7.7403e-05,7.7403e-05,7.7403e-05,662,1,662,662,662,14,1,14,14,14
31,80,7.4839e-05,1,7.4839e-05,7.4839e-05,7.4839e-05,647,1,647,647,647,13,1,13,13,13
31,80,7.7568e-05,1,7.7568e-05,7.7568e-05,7.7568e-05,649,1,649,649,649,14,1,14,14,14
31,80,7.3892e-05,1,7.3892e-05,7.3892e-05,7.3892e-05,659,1,659,659,659,14,1,14,14,14
31,80,7.3447e-05,1,7.3447e-05,7.3447e-05,7.3447e-05,652,1,652,652,652,14,1,14,14,14
31,80,7.3383e-05,1,7.3383e-05,7.3383e-05,7.3383e-05,672,1,672,672,672,15,1,15,15,15
31,80,7.3858e-05,1,7.3858e-05,7.3858e-05,7.3858e-05,665,1,665,665,665,14,1,14,14,14
31,80,8.291e-05,1,8.291e-05,8.291e-05,8.291e-05,669,1,669,669,669,14,1,14,14,14
31,80,7.6542e-05,1,7.6542e-05,7.6542e-05,7.6542e-05,651,1,651,651,651,14,1,14,14,14
31,80,7.3524e-05,1,7.3524e-05,7.3524e-05,7.3524e-05,648,1,648,648,648,14,1,14,14,14
31,80,7.3826e-05,1,7.3826e-05,7.3826e-05,7.3826e-05,654,1,654,654,654,14,1,14,14,14
31,80,7.2956e-05,1,7.2956e-05,7.2956e-05,7.2956e-05,630,1,630,630,630,12,1,12,12,12
31,80,7.356e-05,1,7.356e-05,7.356e-05,7.356e-05,637,1,637,637,637,13,1,13,13,13
31,80,7.4492e-05,1,7.4492e-05,7.4492e-05,7.4492e-05,654,1,654,654,654,12,1,12,12,12
31,80,7.8461e-05,1,7.8461e-05,7.8461e-05,7.8461e-05,658,1,658,658,658,14,1,14,14,14
31,80,7.4293e-05,1,7.4293e-05,7.4293e-05,7.4293e-05,630,1,630,630,630,12,1,12,12,12
31,80,7.2304e-05,1,7.2304e-05,7.2304e-05,7.2304e-05,661,1,661,661,661,14,1,14,14,14
31,80,7.948e-05,1,7.948e-05,7.948e-05,7.948e-05,660,1,660,660,660,14,1,14,14,14
31,80,7.4031e-05,1,7.4031e-05,7.4031e-05,7.4031e-05,658,1,658,658,658,15,1,15,15,15
31,80,7.3508e-05,1,7.3508e-05,7.3508e-05,7.3508e-05,639,1,639,639,639,14,1,14,14,14
31,80,7.4285e-05,1,7.4285e-05,7.4285e-05,7.4285e-05,651,1,651,651,651,13,1,13,13,13
31,80,7.2607e-05,1,7.2607e-05,7.2607e-05,7.2607e-05,650,1,650,650,650,13,1,13,13,13
31,80,7.3694e-05,1,7.3694e-05,7.3694e-05,7.3694e-05,651,1,651,651,651,15,1,15,15,15
31,80,7.8298e-05,1,7.8298e-05,7.8298e-05,7.8298e-05,659,1,659,659,659,13,1,13,13,13
31,80,7.7117e-05,1,7.7117e-05,7.7117e-05,7.7117e-05,647,1,647,647,647,13,1,13,13,13
31,80,7.5137e-05,1,7.5137e-05,7.5137e-05,7.5137e-05,687,1,687,687,687,15,1,15,15,15
31,80,7.3335e-05,1,7.3335e-05,7.3335e-05,7.3335e-05,655,1,655,655,655,14,1,14,14,14
31,80,7.4487e-05,1,7.4487e-05,7.4487e-05,7.4487e-05,634,1,634,634,634,13,1,13,13,13
31,80,7.4848e-05,1,7.4848e-05,7.4848e-05,7.4848e-05,658,1,658,658,658,14,1,14,14,14
31,80,7.5126e-05,1,7.5126e-05,7.5126e-05,7.5126e-05,666,1,666,666,666,14,1,14,14,14
31,80,7.292e-05,1,7.292e-05,7.292e-05,7.292e-05,642,1,642,642,642,12,1,12,12,12
31,80,7.4563e-05,1,7.4563e-05,7.4563e-05,7.4563e-05,670,1,670,670,670,15,1,15,15,15
31,80,9.3953e-05,1,9.3953e-05,9.3953e-05,9.3953e-05,672,1,672,672,672,15,1,15,15,15
31,80,7.3407e-05,1,7.3407e-05,7.3407e-05,7.3407e-05,654,1,654,654,654,14,1,14,14,14
31,80,7.3182e-05,1,7.3182e-05,7.3182e-05,7.3182e-05,656,1,656,656,656,13,1,13,13,13
31,80,7.3117e-05,1,7.3117e-05,7.3117e-05,7.3117e-05,646,1,646,646,646,13,1,13,13,13
31,80,7.2543e-05,1,7.2543e-05,7.2543e-05,7.2543e-05,674,1,674,674,674,15,1,15,15,15
31,80,7.2774e-05,1,7.2774e-05,7.2774e-05,7.2774e-05,666,1,666,666,666,14,1,14,14,14
31,80,7.3641e-05,1,7.3641e-05,7.3641e-05,7.3641e-05,635,1,635,635,635,13,1,13,13,13
31,80,7.7856e-05,1,7.7856e-05,7.7856e-05,7.7856e-05,649,1,649,649,649,14,1,14,14,14
31,80,7.4968e-05,1,7.4968e-05,7.4968e-05,7.4968e-05,667,1,667,667,667,15,1,15,15,15
31,80,7.7925e-05,1,7.7925e-05,7.7925e-05,7.7925e-05,667,1,667,667,667,14,1,14,14,14
31,80,7.7416e-05,1,7.7416e-05,7.7416e-05,7.7416e-05,669,1,669,669,669,14,1,14,14,14
31,80,7.4046e-05,1,7.4046e-05,7.4046e-05,7.4046e-05,662,1,662,662,662,14,1,14,14,14
31,80,9.4239e-05,1,9.4239e-05,9.4239e-05,9.4239e-05,688,1,688,688,688,15,1,15,15,15
31,80,9.3274e-05,1,9.3274e-05,9.3274e-05,9.3274e-05,644,1,644,644,644,13,1,13,13,13
31,80,7.4139e-05,1,7.4139e-05,7.4139e-05,7.4139e-05,666,1,666,666,666,14,1,14,14,14
31,80,7.4585e-05,1,7.4585e-05,7.4585e-05,7.4585e-05,669,1,669,669,669,14,1,14,14,14
31,80,7.2188e-05,1,7.2188e-05,7.2188e-05,7.2188e-05,639,1,639,639,639,14,1,14,14,14
31,80,7.8106e-05,1,7.8106e-05,7.8106e-05,7.8106e-05,667,1,667,667,667,14,1,14,14,14
31,80,9.2996e-05,1,9.2996e-05,9.2996e-05,9.2996e-05,667,1,667,667,667,15,1,15,15,15
31,80,7.5959e-05,1,7.5959e-05,7.5959e-05,7.5959e-05,656,1,656,656,656,14,1,14,14,14
31,80,7.8288e-05,1,7.8288e-05,7.8288e-05,7.8288e-05,650,1,650,650,650,13,1,13,13,13
31,80,7.4026e-05,1,7.4026e-05,7.4026e-05,7.4026e-05,655,1,655,655,655,14,1,14,14,14
31,80,8.0727e-05,1,8.0727e-05,8.0727e-05,8.0727e-05,636,1,636,636,636,13,1,13,13,13
31,80,7.8192e-05,1,7.8192e-05,7.8192e-05,7.8192e-05,652,1,652,652,652,13,1,13,13,13
31,80,7.3432e-05,1,7.3432e-05,7.3432e-05,7.3432e-05,644,1,644,644,644,12,1,12,12,12
31,80,7.245e-05,1,7.245e-05,7.245e-05,7.245e-05,659,1,659,659,659,15,1,15,15,15
31,80,7.4438e-05,1,7.4438e-05,7.4438e-05,7.4438e-05,664,1,664,664,664,14,1,14,14,14
31,80,7.5569e-05,1,7.5569e-05,7.5569e-05,7.5569e-05,682,1,682,682,682,16,1,16,16,16
31,80,7.2644e-05,1,7.2644e-05,7.2644e-05,7.2644e-05,652,1,652,652,652,14,1,14,14,14
31,80,9.4537e-05,1,9.4537e-05,9.4537e-05,9.4537e-05,649,1,649,649,649,14,1,14,14,14
31,80,7.403e-05,1,7.403e-05,7.403e-05,7.403e-05,651,1,651,651,651,14,1,14,14,14
31,80,7.3338e-05,1,7.3338e-05,7.3338e-05,7.3338e-05,678,1,678,678,678,16,1,16,16,16
31,80,7.3055e-05,1,7.3055e-05,7.3055e-05,7.3055e-05,659,1,659,659,659,14,1,14,14,14
31,80,7.4472e-05,1,7.4472e-05,7.4472e-05,7.4472e-05,638,1,638,638,638,13,1,13,13,13
31,80,7.4615e-05,1,7.4615e-05,7.4615e-05,7.4615e-05,630,1,630,630,630,12,1,12,12,12
31,80,7.4186e-05,1,7.4186e-05,7.4186e-05,7.4186e-05,650,1,650,650,650,14,1,14,14,14
31,80,7.7899e-05,1,7.7899e-05,7.7899e-05,7.7899e-05,649,1,649,649,649,14,1,14,14,14
31,80,7.2819e-05,1,7.2819e-05,7.2819e-05,7.2819e-05,642,1,642,642,642,13,1,13,13,13
31,80,7.4237e-05,1,7.4237e-05,7.4237e-05,7.4237e-05,651,1,651,651,651,13,1,13,13,13
31,80,7.4056e-05,1,7.4056e-05,7.4056e-05,7.4056e-05,657,1,657,657,657,14,1,14,14,14
31,80,7.3186e-05,1,7.3186e-05,7.3186e-05,7.3186e-05,645,1,645,645,645,13,1,13,13,13
31,80,7.2779e-05,1,7.2779e-05,7.2779e-05,7.2779e-05,660,1,660,660,660,14,1,14,14,14
31,80,9.2663e-05,1,9.2663e-05,9.2663e-05,9.2663e-05,631,1,631,631,631,13,1,13,13,13
31,80,7.375e-05,1,7.375e-05,7.375e-05,7.375e-05,660,1,660,660,660,13,1,13,13,13
31,80,7.4452e-05,1,7.4452e-05,7.4452e-05,7.4452e-05,685,1,685,685,685,16,1,16,16,16
31,80,7.5805e-05,1,7.5805e-05,7.5805e-05,7.5805e-05,660,1,660,660,660,14,1,14,14,14
31,80,7.3448e-05,1,7.3448e-05,7.3448e-05,7.3448e-05,638,1,638,638,638,13,1,13,13,13
31,80,7.7328e-05,1,7.7328e-05,7.7328e-05,7.7328e-05,643,1,643,643,643,13,1,13,13,13
31,80,7.3846e-05,1,7.3846e-05,7.3846e-05,7.3846e-05,651,1,651,651,651,14,1,14,14,14
31,80,7.3204e-05,1,7.3204e-05,7.3204e-05,7.3204e-05,666,1,666,666,666,14,1,14,14,14
31,80,7.6778e-05,1,7.6778e-05,7.6778e-05,7.6778e-05,665,1,665,665,665,14,1,14,14,14
31,80,7.8195e-05,1,7.8195e-05,7.8195e-05,7.8195e-05,635,1,635,635,635,12,1,12,12,12
31,80,7.3966e-05,1,7.3966e-05,7.3966e-05,7.3966e-05,665,1,665,665,665,15,1,15,15,15
31,80,7.472e-05,1,7.472e-05,7.472e-05,7.472e-05,645,1,645,645,645,14,1,14,14,14
31,80,7.2976e-05,1,7.2976e-05,7.2976e-05,7.2976e-05,636,1,636,636,636,13,1,13,13,13
31,80,7.6648e-05,1,7.6648e-05,7.6648e-05,7.6648e-05,687,1,687,687,687,16,1,16,16,16
31,80,7.4055e-05,1,7.4055e-05,7.4055e-05,7.4055e-05,656,1,656,656,656,14,1,14,14,14
31,80,9.3093e-05,1,9.3093e-05,9.3093e-05,9.3093e-05,666,1,666,666,666,14,1,14,14,14
31,80,7.8132e-05,1,7.8132e-05,7.8132e-05,7.8132e-05,648,1,648,648,648,13,1,13,13,13
31,80,7.4279e-05,1,7.4279e-05,7.4279e-05,7.4279e-05,649,1,649,649,649,14,1,14,14,14
31,80,7.2556e-05,1,7.2556e-05,7.2556e-05,7.2556e-05,667,1,667,667,667,15,1,15,15,15
31,80,7.4828e-05,1,7.4828e-05,7.4828e-05,7.4828e-05,648,1,648,648,648,13,1,13,13,13
31,80,7.8039e-05,1,7.8039e-05,7.8039e-05,7.8039e-05,653,1,653,653,653,13,1,13,13,13
31,80,7.2557e-05,1,7.2557e-05,7.2557e-05,7.2557e-05,671,1,671,671,671,15,1,15,15,15
31,80,7.4699e-05,1,7.4699e-05,7.4699e-05,7.4699e-05,656,1,656,656,656,14,1,14,14,14
31,80,7.3784e-05,1,7.3784e-05,7.3784e-05,7.3784e-05,687,1,687,687,687,15,1,15,15,15
31,80,7.2957e-05,1,7.2957e-05,7.2957e-05,7.2957e-05,647,1,647,647,647,14,1,14,14,14
31,80,7.4656e-05,1,7.4656e-05,7.4656e-05,7.4656e-05,656,1,656,656,656,15,1,15,15,15
31,80,7.4057e-05,1,7.4057e-05,7.4057e-05,7.4057e-05,647,1,647,647,647,13,1,13,13,13
31,80,7.6828e-05,1,7.6828e-05,7.6828e-05,7.6828e-05,643,1,643,643,643,14,1,14,14,14
31,80,7.6831e-05,1,7.6831e-05,7.6831e-05,7.6831e-05,633,1,633,633,633,12,1,12,12,12
31,80,7.4211e-05,1,7.4211e-05,7.4211e-05,7.4211e-05,664,1,664,664,664,14,1,14,14,14
31,80,7.4309e-05,1,7.4309e-05,7.4309e-05,7.4309e-05,677,1,677,677,677,15,1,15,15,15
31,80,7.6371e-05,1,7.6371e-05,7.6371e-05,7.6371e-05,654,1,654,654,654,14,1,14,14,14
31,80,7.4215e-05,1,7.4215e-05,7.4215e-05,7.4215e-05,648,1,648,648,648,14,1,14,14,14
31,80,7.2466e-05,1,7.2466e-05,7.2466e-05,7.2466e-05,629,1,629,629,629,13,1,13,13,13
31,80,7.4232e-05,1,7.4232e-05,7.4232e-05,7.4232e-05,646,1,646,646,646,13,1,13,13,13
31,80,7.4008e-05,1,7.4008e-05,7.4008e-05,7.4008e-05,655,1,655,655,655,14,1,14,14,14
31,80,7.3513e-05,1,7.3513e-05,7.3513e-05,7.3513e-05,639,1,639,639,639,13,1,13,13,13
31,80,7.331e-05,1,7.331e-05,7.331e-05,7.331e-05,657,1,657,657,657,13,1,13,13,13
31,80,7.4319e-05,1,7.4319e-05,7.4319e-05,7.4319e-05,652,1,652,652,652,13,1,13,13,13
31,80,7.7826e-05,1,7.7826e-05,7.7826e-05,7.7826e-05,641,1,641,641,641,13,1,13,13,13
31,80,7.4141e-05,1,7.4141e-05,7.4141e-05,7.4141e-05,660,1,660,660,660,14,1,14,14,14
31,80,7.3856e-05,1,7.3856e-05,7.3856e-05,7.3856e-05,661,1,661,661,661,14,1,14,14,14
31,80,7.3594e-05,1,7.3594e-05,7.3594e-05,7.3594e-05,643,1,643,643,643,14,1,14,14,14
31,80,7.7663e-05,1,7.7663e-05,7.7663e-05,7.7663e-05,656,1,656,656,656,14,1,14,14,14
31,80,7.8389e-05,1,7.8389e-05,7.8389e-05,7.8389e-05,643,1,643,643,643,14,1,14,14,14
31,80,7.4276e-05,1,7.4276e-05,7.4276e-05,7.4276e-05,635,1,635,635,635,13,1,13,13,13
31,80,7.4025e-05,1,7.4025e-05,7.4025e-05,7.4025e-05,674,1,674,674,674,14,1,14,14,14
31,80,7.3866e-05,1,7.3866e-05,7.3866e-05,7.3866e-05,669,1,669,669,669,14,1,14,14,14
31,80,7.3196e-05,1,7.3196e-05,7.3196e-05,7.3196e-05,655,1,655,655,655,13,1,13,13,13
31,80,7.3996e-05,1,7.3996e-05,7.3996e-05,7.3996e-05,655,1,655,655,655,14,1,14,14,14
31,80,7.477e-05,1,7.477e-05,7.477e-05,7.477e-05,658,1,658,658,658,14,1,14,14,14
31,80,7.3998e-05,1,7.3998e-05,7.3998e-05,7.3998e-05,672,1,672,672,672,15,1,15,15,15
31,80,7.5104e-05,1,7.5104e-05,7.5104e-05,7.5104e-05,682,1,682,682,682,16,1,16,16,16
31,80,7.3779e-05,1,7.3779e-05,7.3779e-05,7.3779e-05,660,1,660,660,660,14,1,14,14,14
31,80,9.3236e-05,1,9.3236e-05,9.3236e-05,9.3236e-05,653,1,653,653,653,14,1,14,14,14
31,80,7.8441e-05,1,7.8441e-05,7.8441e-05,7.8441e-05,670,1,670,670,670,14,1,14,14,14
31,80,9.1903e-05,1,9.1903e-05,9.1903e-05,9.1903e-05,660,1,660,660,660,14,1,14,14,14
31,80,7.4002e-05,1,7.4002e-05,7.4002e-05,7.4002e-05,670,1,670,670,670,14,1,14,14,14
31,80,7.5064e-05,1,7.5064e-05,7.5064e-05,7.5064e-05,662,1,662,662,662,13,1,13,13,13
31,80,8.3558e-05,1,8.3558e-05,8.3558e-05,8.3558e-05,669,1,669,669,669,15,1,15,15,15
31,80,7.3806e-05,1,7.3806e-05,7.3806e-05,7.3806e-05,680,1,680,680,680,15,1,15,15,15
31,80,7.3259e-05,1,7.3259e-05,7.3259e-05,7.3259e-05,644,1,644,644,644,12,1,12,12,12
31,80,7.8101e-05,1,7.8101e-05,7.8101e-05,7.8101e-05,650,1,650,650,650,14,1,14,14,14
31,80,7.4281e-05,1,7.4281e-05,7.4281e-05,7.4281e-05,660,1,660,660,660,13,1,13,13,13
31,80,7.4432e-05,1,7.4432e-05,7.4432e-05,7.4432e-05,683,1,683,683,683,15,1,15,15,15
31,80,7.3359e-05,1,7.3359e-05,7.3359e-05,7.3359e-05,632,1,632,632,632,14,1,14,14,14
31,80,7.3978e-05,1,7.3978e-05,7.3978e-05,7.3978e-05,664,1,664,664,664,14,1,14,14,14
31,80,8.1115e-05,1,8.1115e-05,8.1115e-05,8.1115e-05,662,1,662,662,662,15,1,15,15,15
31,80,7.6707e-05,1,7.6707e-05,7.6707e-05,7.6707e-05,652,1,652,652,652,13,1,13,13,13
31,80,7.4844e-05,1,7.4844e-05,7.4844e-05,7.4844e-05,640,1,640,640,640,13,1,13,13,13
31,80,7.5068e-05,1,7.5068e-05,7.5068e-05,7.5068e-05,657,1,657,657,657,13,1,13,13,13
31,80,7.5455e-05,1,7.5455e-05,7.5455e-05,7.5455e-05,663,1,663,663,663,14,1,14,14,14
31,80,7.2976e-05,1,7.2976e-05,7.2976e-05,7.2976e-05,656,1,656,656,656,13,1,13,13,13
31,80,7.3806e-05,1,7.3806e-05,7.3806e-05,7.3806e-05,655,1,655,655,655,13,1,13,13,13
31,80,7.3836e-05,1,7.3836e-05,7.3836e-05,7.3836e-05,675,1,675,675,675,15,1,15,15,15
31,80,7.6038e-05,1,7.6038e-05,7.6038e-05,7.6038e-05,661,1,661,661,661,13,1,13,13,13
31,80,7.412e-05,1,7.412e-05,7.412e-05,7.412e-05,659,1,659,659,659,14,1,14,14,14
31,80,7.4799e-05,1,7.4799e-05,7.4799e-05,7.4799e-05,639,1,639,639,639,12,1,12,12,12
31,80,7.6547e-05,1,7.6547e-05,7.6547e-05,7.6547e-05,633,1,633,633,633,13,1,13,13,13
31,80,7.5432e-05,1,7.5432e-05,7.5432e-05,7.5432e-05,667,1,667,667,667,15,1,15,15,15
31,80,7.3136e-05,1,7.3136e-05,7.3136e-05,7.3136e-05,677,1,677,677,677,15,1,15,15,15
31,80,7.4843e-05,1,7.4843e-05,7.4843e-05,7.4843e-05,679,1,679,679,679,15,1,15,15,15
31,80,7.387e-05,1,7.387e-05,7.387e-05,7.387e-05,662,1,662,662,662,14,1,14,14,14
31,80,7.4704e-05,1,7.4704e-05,7.4704e-05,7.4704e-05,678,1,678,678,678,15,1,15,15,15
31,80,7.3466e-05,1,7.3466e-05,7.3466e-05,7.3466e-05,631,1,631,631,631,13,1,13,13,13
31,80,9.2959e-05,1,9.2959e-05,9.2959e-05,9.2959e-05,652,1,652,652,652,13,1,13,13,13
31,80,7.3513e-05,1,7.3513e-05,7.3513e-05,7.3513e-05,664,1,664,664,664,14,1,14,14,14
31,80,7.3639e-05,1,7.3639e-05,7.3639e-05,7.3639e-05,653,1,653,653,653,13,1,13,13,13
31,80,7.2996e-05,1,7.2996e-05,7.2996e-05,7.2996e-05,655,1,655,655,655,14,1,14,14,14
31,80,7.1943e-05,1,7.1943e-05,7.1943e-05,7.1943e-05,655,1,655,655,655,13,1,13,13,13
31,80,7.6061e-05,1,7.6061e-05,7.6061e-05,7.6061e-05,650,1,650,650,650,13,1,13,13,13
31,80,7.3158e-05,1,7.3158e-05,7.3158e-05,7.3158e-05,652,1,652,652,652,14,1,14,14,14
31,80,7.8839e-05,1,7.8839e-05,7.8839e-05,7.8839e-05,681,1,681,681,681,15,1,15,15,15
31,80,9.2338e-05,1,9.2338e-05,9.2338e-05,9.2338e-05,632,1,632,632,632,13,1,13,13,13
31,80,7.4498e-05,1,7.4498e-05,7.4498e-05,7.4498e-05,659,1,659,659,659,13,1,13,13,13
31,80,7.3319e-05,1,7.3319e-05,7.3319e-05,7.3319e-05,662,1,662,662,662,15,1,15,15,15
31,80,7.3601e-05,1,7.3601e-05,7.3601e-05,7.3601e-05,643,1,643,643,643,13,1,13,13,13
31,80,7.3326e-05,1,7.3326e-05,7.3326e-05,7.3326e-05,668,1,668,668,668,15,1,15,15,15
31,80,7.3284e-05,1,7.3284e-05,7.3284e-05,7.3284e-05,656,1,656,656,656,13,1,13,13,13
31,80,7.4447e-05,1,7.4447e-05,7.4447e-05,7.4447e-05,660,1,660,660,660,14,1,14,14,14
31,80,7.3251e-05,1,7.3251e-05,7.3251e-05,7.3251e-05,651,1,651,651,651,14,1,14,14,14
31,80,7.3941e-05,1,7.3941e-05,7.3941e-05,7.3941e-05,651,1,651,651,651,13,1,13,13,13
31,80,7.1761e-05,1,7.1761e-05,7.1761e-05,7.1761e-05,636,1,636,636,636,13,1,13,13,13
31,80,9.1844e-05,1,9.1844e-05,9.1844e-05,9.1844e-05,654,1,654,654,654,14,1,14,14,14
31,80,7.7769e-05,1,7.7769e-05,7.7769e-05,7.7769e-05,673,1,673,673,673,14,1,14,14,14
31,80,7.2957e-05,1,7.2957e-05,7.2957e-05,7.2957e-05,677,1,677,677,677,15,1,15,15,15
31,80,7.3657e-05,1,7.3657e-05,7.3657e-05,7.3657e-05,680,1,680,680,680,15,1,15,15,15
31,80,7.2989e-05,1,7.2989e-05,7.2989e-05,7.2989e-05,639,1,639,639,639,12,1,12,12,12
31,80,7.2181e-05,1,7.2181e-05,7.2181e-05,7.2181e-05,629,1,629,629,629,12,1,12,12,12
31,80,7.4616e-05,1,7.4616e-05,7.4616e-05,7.4616e-05,640,1,640,640,640,14,1,14,14,14
31,80,7.7769e-05,1,7.7769e-05,7.7769e-05,7.7769e-05,644,1,644,644,644,14,1,14,14,14
31,80,7.398e-05,1,7.398e-05,7.398e-05,7.398e-05,676,1,676,676,676,15,1,15,15,15
31,80,7.2455e-05,1,7.2455e-05,7.2455e-05,7.2455e-05,653,1,653,653,653,14,1,14,14,14
31,80,7.4357e-05,1,7.4357e-05,7.4357e-05,7.4357e-05,658,1,658,658,658,14,1,14,14,14
31,80,7.362e-05,1,7.362e-05,7.362e-05,7.362e-05,662,1,662,662,662,14,1,14,14,14
31,80,7.3911e-05,1,7.3911e-05,7.3911e-05,7.3911e-05,645,1,645,645,645,13,1,13,13,13
31,80,7.344e-05,1,7.344e-05,7.344e-05,7.344e-05,650,1,650,650,650,13,1,13,13,13
31,80,7.2971e-05,1,7.2971e-05,7.2971e-05,7.2971e-05,621,1,621,621,621,12,1,12,12,12
31,80,7.4105e-05,1,7.4105e-05,7.4105e-05,7.4105e-05,666,1,666,666,666,14,1,14,14,14
31,80,7.3393e-05,1,7.3393e-05,7.3393e-05,7.3393e-05,665,1,665,665,665,15,1,15,15,15
31,80,7.3256e-05,1,7.3256e-05,7.3256e-05,7.3256e-05,645,1,645,645,645,13,1,13,13,13
31,80,9.2793e-05,1,9.2793e-05,9.2793e-05,9.2793e-05,671,1,671,671,671,14,1,14,14,14
31,80,7.4378e-05,1,7.4378e-05,7.4378e-05,7.4378e-05,658,1,658,658,658,13,1,13,13,13
31,80,7.4336e-05,1,7.4336e-05,7.4336e-05,7.4336e-05,655,1,655,655,655,13,1,13,13,13
31,80,7.3976e-05,1,7.3976e-05,7.3976e-05,7.3976e-05,655,1,655,655,655,14,1,14,14,14
31,80,7.2293e-05,1,7.2293e-05,7.2293e-05,7.2293e-05,642,1,642,642,642,13,1,13,13,13
31,80,9.4162e-05,1,9.4162e-05,9.4162e-05,9.4162e-05,652,1,652,652,652,14,1,14,14,14
31,80,7.9035e-05,1,7.9035e-05,7.9035e-05,7.9035e-05,633,1,633,633,633,13,1,13,13,13
31,80,7.3558e-05,1,7.3558e-05,7.3558e-05,7.3558e-05,656,1,656,656,656,14,1,14,14,14
31,80,7.3448e-05,1,7.3448e-05,7.3448e-05,7.3448e-05,662,1,662,662,662,14,1,14,14,14
31,80,7.4044e-05,1,7.4044e-05,7.4044e-05,7.4044e-05,668,1,668,668,668,14,1,14,14,14
31,80,7.593e-05,1,7.593e-05,7.593e-05,7.593e-05,674,1,674,674,674,15,1,15,15,15
31,80,7.3841e-05,1,7.3841e-05,7.3841e-05,7.3841e-05,656,1,656,656,656,13,1,13,13,13
31,80,9.2488e-05,1,9.2488e-05,9.2488e-05,9.2488e-05,628,1,628,628,628,12,1,12,12,12
31,80,9.2257e-05,1,9.2257e-05,9.2257e-05,9.2257e-05,644,1,644,644,644,14,1,14,14,14
31,80,7.4322e-05,1,7.4322e-05,7.4322e-05,7.4322e-05,676,1,676,676,676,14,1,14,14,14
31,80,7.446e-05,1,7.446e-05,7.446e-05,7.446e-05,671,1,671,671,671,15,1,15,15,15
31,80,7.448e-05,1,7.448e-05,7.448e-05,7.448e-05,664,1,664,664,664,13,1,13,13,13
31,80,7.2763e-05,1,7.2763e-05,7.2763e-05,7.2763e-05,638,1,638,638,638,13,1,13,13,13
31,80,7.2598e-05,1,7.2598e-05,7.2598e-05,7.2598e-05,644,1,644,644,644,13,1,13,13,13
31,80,7.3287e-05,1,7.3287e-05,7.3287e-05,7.3287e-05,651,1,651,651,651,14,1,14,14,14
31,80,7.9324e-05,1,7.9324e-05,7.9324e-05,7.9324e-05,649,1,649,649,649,14,1,14,14,14
31,80,9.1571e-05,1,9.1571e-05,9.1571e-05,9.1571e-05,641,1,641,641,641,13,1,13,13,13
31,80,7.4234e-05,1,7.4234e-05,7.4234e-05,7.4234e-05,664,1,664,664,664,14,1,14,14,14
31,80,7.504e-05,1,7.504e-05,7.504e-05,7.504e-05,658,1,658,658,658,15,1,15,15,15
31,80,7.4406e-05,1,7.4406e-05,7.4406e-05,7.4406e-05,674,1,674,674,674,15,1,15,15,15
31,80,7.2024e-05,1,7.2024e-05,7.2024e-05,7.2024e-05,644,1,644,644,644,13,1,13,13,13
31,80,7.5088e-05,1,7.5088e-05,7.5088e-05,7.5088e-05,667,1,667,667,667,14,1,14,14,14
31,80,7.4367e-05,1,7.4367e-05,7.4367e-05,7.4367e-05,659,1,659,659,659,15,1,15,15,15
31,80,7.3331e-05,1,7.3331e-05,7.3331e-05,7.3331e-05,620,1,620,620,620,12,1,12,12,12
31,80,7.6206e-05,1,7.6206e-05,7.6206e-05,7.6206e-05,645,1,645,645,645,14,1,14,14,14
31,80,7.3801e-05,1,7.3801e-05,7.3801e-05,7.3801e-05,659,1,659,659,659,15,1,15,15,15
31,80,7.5244e-05,1,7.5244e-05,7.5244e-05,7.5244e-05,650,1,650,650,650,13,1,13,13,13
31,80,7.38e-05,1,7.38e-05,7.38e-05,7.38e-05,651,1,651,651,651,13,1,13,13,13
31,80,7.2826e-05,1,7.2826e-05,7.2826e-05,7.2826e-05,659,1,659,659,659,14,1,14,14,14
31,80,7.5267e-05,1,7.5267e-05,7.5267e-05,7.5267e-05,664,1,664,664,664,14,1,14,14,14
31,80,7.4794e-05,1,7.4794e-05,7.4794e-05,7.4794e-05,642,1,642,642,642,13,1,13,13,13
31,80,7.3345e-05,1,7.3345e-05,7.3345e-05,7.3345e-05,662,1,662,662,662,15,1,15,15,15
31,80,7.3735e-05,1,7.3735e-05,7.3735e-05,7.3735e-05,645,1,645,645,645,13,1,13,13,13
31,80,7.3739e-05,1,7.3739e-05,7.3739e-05,7.3739e-05,648,1,648,648,648,13,1,13,13,13
31,80,7.859e-05,1,7.859e-05,7.859e-05,7.859e-05,654,1,654,654,654,14,1,14,14,14
31,80,9.5107e-05,1,9.5107e-05,9.5107e-05,9.5107e-05,651,1,651,651,651,13,1,13,13,13
31,80,7.3199e-05,1,7.3199e-05,7.3199e-05,7.3199e-05,654,1,654,654,654,13,1,13,13,13
31,80,8.1333e-05,1,8.1333e-05,8.1333e-05,8.1333e-05,645,1,645,645,645,13,1,13,13,13
31,80,7.7525e-05,1,7.7525e-05,7.7525e-05,7.7525e-05,655,1,655,655,655,14,1,14,14,14
31,80,7.3399e-05,1,7.3399e-05,7.3399e-05,7.3399e-05,669,1,669,669,669,15,1,15,15,15
31,80,7.3306e-05,1,7.3306e-05,7.3306e-05,7.3306e-05,635,1,635,635,635,12,1,12,12,12
31,80,7.3378e-05,1,7.3378e-05,7.3378e-05,7.3378e-05,643,1,643,643,643,13,1,13,13,13
31,80,7.3431e-05,1,7.3431e-05,7.3431e-05,7.3431e-05,643,1,643,643,643,12,1,12,12,12
31,80,7.4656e-05,1,7.4656e-05,7.4656e-05,7.4656e-05,639,1,639,639,639,13,1,13,13,13
31,80,8.5927e-05,1,8.5927e-05,8.5927e-05,8.5927e-05,677,1,677,677,677,15,1,15,15,15
31,80,7.7288e-05,1,7.7288e-05,7.7288e-05,7.7288e-05,654,1,654,654,654,14,1,14,14,14
31,80,7.307e-05,1,7.307e-05,7.307e-05,7.307e-05,658,1,658,658,658,15,1,15,15,15
31,80,8.8698e-05,1,8.8698e-05,8.8698e-05,8.8698e-05,675,1,675,675,675,15,1,15,15,15
31,80,7.7237e-05,1,7.7237e-05,7.7237e-05,7.7237e-05,657,1,657,657,657,14,1,14,14,14
31,80,7.4253e-05,1,7.4253e-05,7.4253e-05,7.4253e-05,656,1,656,656,656,14,1,14,14,14
31,80,7.6297e-05,1,7.6297e-05,7.6297e-05,7.6297e-05,652,1,652,652,652,13,1,13,13,13
31,80,7.3649e-05,1,7.3649e-05,7.3649e-05,7.3649e-05,646,1,646,646,646,13,1,13,13,13
31,80,7.8361e-05,1,7.8361e-05,7.8361e-05,7.8361e-05,643,1,643,643,643,13,1,13,13,13
31,80,9.0686e-05,1,9.0686e-05,9.0686e-05,9.0686e-05,646,1,646,646,646,13,1,13,13,13
31,80,7.3001e-05,1,7.3001e-05,7.3001e-05,7.3001e-05,661,1,661,661,661,14,1,14,14,14
31,80,7.4553e-05,1,7.4553e-05,7.4553e-05,7.4553e-05,660,1,660,660,660,14,1,14,14,14
31,80,7.3446e-05,1,7.3446e-05,7.3446e-05,7.3446e-05,656,1,656,656,656,14,1,14,14,14
31,80,7.3444e-05,1,7.3444e-05,7.3444e-05,7.3444e-05,643,1,643,643,643,13,1,13,13,13
31,80,9.0695e-05,1,9.0695e-05,9.0695e-05,9.0695e-05,658,1,658,658,658,14,1,14,14,14
31,80,7.471e-05,1,7.471e-05,7.471e-05,7.471e-05,651,1,651,651,651,14,1,14,14,14
31,80,7.2606e-05,1,7.2606e-05,7.2606e-05,7.2606e-05,652,1,652,652,652,13,1,13,13,13
31,80,7.3632e-05,1,7.3632e-05,7.3632e-05,7.3632e-05,666,1,666,666,666,15,1,15,15,15
31,80,7.3383e-05,1,7.3383e-05,7.3383e-05,7.3383e-05,655,1,655,655,655,14,1,14,14,14
31,80,7.4208e-05,1,7.4208e-05,7.4208e-05,7.4208e-05,673,1,673,673,673,15,1,15,15,15
31,80,7.626e-05,1,7.626e-05,7.626e-05,7.626e-05,664,1,664,664,664,14,1,14,14,14
31,80,7.3477e-05,1,7.3477e-05,7.3477e-05,7.3477e-05,650,1,650,650,650,13,1,13,13,13
31,80,7.3279e-05,1,7.3279e-05,7.3279e-05,7.3279e-05,668,1,668,668,668,14,1,14,14,14
31,80,9.0128e-05,1,9.0128e-05,9.0128e-05,9.0128e-05,655,1,655,655,655,15,1,15,15,15
31,80,7.8085e-05,1,7.8085e-05,7.8085e-05,7.8085e-05,668,1,668,668,668,15,1,15,15,15
31,80,7.4674e-05,1,7.4674e-05,7.4674e-05,7.4674e-05,657,1,657,657,657,13,1,13,13,13
31,80,7.5325e-05,1,7.5325e-05,7.5325e-05,7.5325e-05,638,1,638,638,638,13,1,13,13,13
31,80,7.2621e-05,1,7.2621e-05,7.2621e-05,7.2621e-05,635,1,635,635,635,12,1,12,12,12
31,80,7.4117e-05,1,7.4117e-05,7.4117e-05,7.4117e-05,649,1,649,649,649,14,1,14,14,14
31,80,7.27e-05,1,7.27e-05,7.27e-05,7.27e-05,655,1,655,655,655,14,1,14,14,14
31,80,7.8107e-05,1,7.8107e-05,7.8107e-05,7.8107e-05,649,1,649,649,649,14,1,14,14,14
31,80,7.2873e-05,1,7.2873e-05,7.2873e-05,7.2873e-05,650,1,650,650,650,13,1,13,13,13
31,80,7.5075e-05,1,7.5075e-05,7.5075e-05,7.5075e-05,659,1,659,659,659,14,1,14,14,14
31,80,7.8638e-05,1,7.8638e-05,7.8638e-05,7.8638e-05,641,1,641,641,641,12,1,12,12,12
31,80,9.3728e-05,1,9.3728e-05,9.3728e-05,9.3728e-05,678,1,678,678,678,16,1,16,16,16
31,80,7.4486e-05,1,7.4486e-05,7.4486e-05,7.4486e-05,642,1,642,642,642,13,1,13,13,13
31,80,7.2704e-05,1,7.2704e-05,7.2704e-05,7.2704e-05,633,1,633,633,633,12,1,12,12,12
31,80,7.4127e-05,1,7.4127e-05,7.4127e-05,7.4127e-05,640,1,640,640,640,13,1,13,13,13
31,80,7.6154e-05,1,7.6154e-05,7.6154e-05,7.6154e-05,653,1,653,653,653,14,1,14,14,14
31,80,7.4594e-05,1,7.4594e-05,7.4594e-05,7.4594e-05,651,1,651,651,651,14,1,14,14,14
31,80,7.3954e-05,1,7.3954e-05,7.3954e-05,7.3954e-05,646,1,646,646,646,13,1,13,13,13
31,80,7.3539e-05,1,7.3539e-05,7.3539e-05,7.3539e-05,647,1,647,647,647,14,1,14,14,14
31,80,7.2946e-05,1,7.2946e-05,7.2946e-05,7.2946e-05,662,1,662,662,662,15,1,15,15,15
31,80,7.3638e-05,1,7.3638e-05,7.3638e-05,7.3638e-05,648,1,648,648,648,13,1,13,13,13
31,80,7.7422e-05,1,7.7422e-05,7.7422e-05,7.7422e-05,650,1,650,650,650,14,1,14,14,14
31,80,9.3144e-05,1,9.3144e-05,9.3144e-05,9.3144e-05,673,1,673,673,673,15,1,15,15,15
31,80,7.2748e-05,1,7.2748e-05,7.2748e-05,7.2748e-05,643,1,643,643,643,13,1,13,13,13
31,80,7.5117e-05,1,7.5117e-05,7.5117e-05,7.5117e-05,680,1,680,680,680,14,1,14,14,14
