n,p,time_total,time_count,time_mean,time_min,time_max,steps_total,steps_count,steps_mean,steps_min,steps_max,number_total,number_count,number_mean,number_min,number_max
6,50,6.123e-06,1,6.123e-06,6.123e-06,6.123e-06,21,1,21,21,21,3,1,3,3,3
6,50,5.356e-06,1,5.356e-06,5.356e-06,5.356e-06,18,1,18,18,18,2,1,2,2,2
6,50,6.683e-06,1,6.683e-06,6.683e-06,6.683e-06,29,1,29,29,29,5,1,5,5,5
6,50,5.853e-06,1,5.853e-06,5.853e-06,5.853e-06,21,1,21,21,21,3,1,3,3,3
6,50,5.873e-06,1,5.873e-06,5.873e-06,5.873e-06,20,1,20,20,20,3,1,3,3,3
6,50,5.719e-06,1,5.719e-06,5.719e-06,5.719e-06,22,1,22,22,22,3,1,3,3,3
6,50,5.782e-06,1,5.782e-06,5.782e-06,5.782e-06,18,1,18,18,18,2,1,2,2,2
6,50,5.675e-06,1,5.675e-06,5.675e-06,5.675e-06,21,1,21,21,21,3,1,3,3,3
6,50,5.751e-06,1,5.751e-06,5.751e-06,5.751e-06,18,1,18,18,18,2,1,2,2,2
6,50,5.796e-06,1,5.796e-06,5.796e-06,5.796e-06,21,1,21,21,21,3,1,3,3,3
6,50,5.768e-06,1,5.768e-06,5.768e-06,5.768e-06,21,1,21,21,21,3,1,3,3,3
6,50,6.046e-06,1,6.046e-06,6.046e-06,6.046e-06,22,1,22,22,22,3,1,3,3,3
6,50,5.506e-06,1,5.506e-06,5.506e-06,5.506e-06,21,1,21,21,21,3,1,3,3,3
6,50,5.662e-06,1,5.662e-06,5.662e-06,5.662e-06,19,1,19,19,19,2,1,2,2,2
6,50,5.608e-06,1,5.608e-06,5.608e-06,5.608e-06,19,1,19,19,19,3,1,3,3,3
6,50,5.559e-06,1,5.559e-06,5.559e-06,5.559e-06,21,1,21,21,21,3,1,3,3,3
6,50,5.857e-06,1,5.857e-06,5.857e-06,5.857e-06,21,1,21,21,21,3,1,3,3,3
6,50,6.07e-06,1,6.07e-06,6.07e-06,6.07e-06,25,1,25,25,25,4,1,4,4,4
6,50,5.453e-06,1,5.453e-06,5.453e-06,5.453e-06,20,1,20,20,20,3,1,3,3,3
6,50,5.36e-06,1,5.36e-06,5.36e-06,5.36e-06,23,1,23,23,23,3,1,3,3,3
6,50,5.636e-06,1,5.636e-06,5.636e-06,5.636e-06,21,1,21,21,21,3,1,3,3,3
6,50,5.243e-06,1,5.243e-06,5.243e-06,5.243e-06,20,1,20,20,20,3,1,3,3,3
6,50,5.417e-06,1,5.417e-06,5.417e-06,5.417e-06,20,1,20,20,20,3,1,3,3,3
6,50,5.413e-06,1,5.413e-06,5.413e-06,5.413e-06,24,1,24,24,24,4,1,4,4,4
6,50,5.393e-06,1,5.393e-06,5.393e-06,5.393e-06,18,1,18,18,18,2,1,2,2,2
6,50,5.616e-06,1,5.616e-06,5.616e-06,5.616e-06,22,1,22,22,22,3,1,3,3,3
6,50,5.508e-06,1,5.508e-06,5.508e-06,5.508e-06,20,1,20,20,20,3,1,3,3,3
6,50,5.483e-06,1,5.483e-06,5.483e-06,5.483e-06,22,1,22,22,22,4,1,4,4,4
6,50,5.503e-06,1,5.503e-06,5.503e-06,5.503e-06,17,1,17,17,17,2,1,2,2,2
6,50,5.387e-06,1,5.387e-06,5.387e-06,5.387e-06,20,1,20,20,20,3,1,3,3,3
6,50,5.378e-06,1,5.378e-06,5.378e-06,5.378e-06,17,1,17,17,17,2,1,2,2,2
6,50,5.182e-06,1,5.182e-06,5.182e-06,5.182e-06,19,1,19,19,19,3,1,3,3,3
6,50,5.489e-06,1,5.489e-06,5.489e-06,5.489e-06,21,1,21,21,21,3,1,3,3,3
6,50,5.118e-06,1,5.118e-06,5.118e-06,5.118e-06,20,1,20,20,20,3,1,3,3,3
6,50,5.422e-06,1,5.422e-06,5.422e-06,5.422e-06,21,1,21,21,21,3,1,3,3,3
6,50,5.434e-06,1,5.434e-06,5.434e-06,5.434e-06,21,1,21,21,21,3,1,3,3,3
6,50,5.339e-06,1,5.339e-06,5.339e-06,5.339e-06,19,1,19,19,19,3,1,3,3,3
6,50,5.584e-06,1,5.584e-06,5.584e-06,5.584e-06,21,1,21,21,21,3,1,3,3,3
6,50,5.441e-06,1,5.441e-06,5.441e-06,5.441e-06,18,1,18,18,18,2,1,2,2,2
6,50,5.462e-06,1,5.462e-06,5.462e-06,5.462e-06,21,1,21,21,21,3,1,3,3,3
6,50,5.214e-06,1,5.214e-06,5.214e-06,5.214e-06,18,1,18,18,18,2,1,2,2,2
6,50,5.555e-06,1,5.555e-06,5.555e-06,5.555e-06,20,1,20,20,20,3,1,3,3,3
6,50,5.336e-06,1,5.336e-06,5.336e-06,5.336e-06,20,1,20,20,20,3,1,3,3,3
6,50,5.378e-06,1,5.378e-06,5.378e-06,5.378e-06,20,1,20,20,20,3,1,3,3,3
6,50,5.636e-06,1,5.636e-06,5.636e-06,5.636e-06,20,1,20,20,20,3,1,3,3,3
6,50,5.278e-06,1,5.278e-06,5.278e-06,5.278e-06,18,1,18,18,18,2,1,2,2,2
6,50,5.492e-06,1,5.492e-06,5.492e-06,5.492e-06,19,1,19,19,19,3,1,3,3,3
6,50,5.675e-06,1,5.675e-06,5.675e-06,5.675e-06,24,1,24,24,24,4,1,4,4,4
6,50,5.361e-06,1,5.361e-06,5.361e-06,5.361e-06,20,1,20,20,20,3,1,3,3,3
6,50,5.419e-06,1,5.419e-06,5.419e-06,5.419e-06,19,1,19,19,19,3,1,3,3,3
6,50,5.582e-06,1,5.582e-06,5.582e-06,5.582e-06,24,1,24,24,24,4,1,4,4,4
6,50,5.384e-06,1,5.384e-06,5.384e-06,5.384e-06,21,1,21,21,21,3,1,3,3,3
6,50,5.393e-06,1,5.393e-06,5.393e-06,5.393e-06,21,1,21,21,21,3,1,3,3,3
6,50,5.327e-06,1,5.327e-06,5.327e-06,5.327e-06,19,1,19,19,19,3,1,3,3,3
6,50,5.488e-06,1,5.488e-06,5.488e-06,5.488e-06,20,1,20,20,20,3,1,3,3,3
6,50,5.562e-06,1,5.562e-06,5.562e-06,5.562e-06,21,1,21,21,21,3,1,3,3,3
6,50,5.53e-06,1,5.53e-06,5.53e-06,5.53e-06,20,1,20,20,20,3,1,3,3,3
6,50,5.387e-06,1,5.387e-06,5.387e-06,5.387e-06,20,1,20,20,20,3,1,3,3,3
6,50,5.271e-06,1,5.271e-06,5.271e-06,5.271e-06,18,1,18,18,18,2,1,2,2,2
6,50,5.345e-06,1,5.345e-06,5.345e-06,5.345e-06,21,1,21,21,21,3,1,3,3,3
6,50,5.271e-06,1,5.271e-06,5.271e-06,5.271e-06,20,1,20,20,20,3,1,3,3,3
6,50,5.325e-06,1,5.325e-06,5.325e-06,5.325e-06,21,1,21,21,21,3,1,3,3,3
6,50,5.543e-06,1,5.543e-06,5.543e-06,5.543e-06,21,1,21,21,21,3,1,3,3,3
6,50,5.695e-06,1,5.695e-06,5.695e-06,5.695e-06,24,1,24,24,24,4,1,4,4,4
6,50,5.699e-06,1,5.699e-06,5.699e-06,5.699e-06,25,1,25,25,25,4,1,4,4,4
6,50,5.324e-06,1,5.324e-06,5.324e-06,5.324e-06,20,1,20,20,20,3,1,3,3,3
6,50,5.36e-06,1,5.36e-06,5.36e-06,5.36e-06,21,1,21,21,21,3,1,3,3,3
6,50,5.249e-06,1,5.249e-06,5.249e-06,5.249e-06,21,1,21,21,21,3,1,3,3,3
6,50,5.138e-06,1,5.138e-06,5.138e-06,5.138e-06,20,1,20,20,20,3,1,3,3,3
6,50,5.608e-06,1,5.608e-06,5.608e-06,5.608e-06,18,1,18,18,18,2,1,2,2,2
6,50,5.574e-06,1,5.574e-06,5.574e-06,5.574e-06,19,1,19,19,19,2,1,2,2,2
6,50,5.703e-06,1,5.703e-06,5.703e-06,5.703e-06,19,1,19,19,19,3,1,3,3,3
6,50,5.407e-06,1,5.407e-06,5.407e-06,5.407e-06,20,1,20,20,20,3,1,3,3,3
6,50,5.508e-06,1,5.508e-06,5.508e-06,5.508e-06,21,1,21,21,21,3,1,3,3,3
6,50,5.834e-06,1,5.834e-06,5.834e-06,5.834e-06,19,1,19,19,19,3,1,3,3,3
6,50,5.655e-06,1,5.655e-06,5.655e-06,5.655e-06,20,1,20,20,20,3,1,3,3,3
6,50,5.615e-06,1,5.615e-06,5.615e-06,5.615e-06,18,1,18,18,18,2,1,2,2,2
6,50,5.505e-06,1,5.505e-06,5.505e-06,5.505e-06,18,1,18,18,18,2,1,2,2,2
6,50,5.709e-06,1,5.709e-06,5.709e-06,5.709e-06,19,1,19,19,19,3,1,3,3,3
6,50,5.634e-06,1,5.634e-06,5.634e-06,5.634e-06,18,1,18,18,18,2,1,2,2,2
6,50,5.814e-06,1,5.814e-06,5.814e-06,5.814e-06,20,1,20,20,20,3,1,3,3,3
6,50,5.636e-06,1,5.636e-06,5.636e-06,5.636e-06,21,1,21,21,21,3,1,3,3,3
6,50,5.713e-06,1,5.713e-06,5.713e-06,5.713e-06,21,1,21,21,21,3,1,3,3,3
6,50,5.692e-06,1,5.692e-06,5.692e-06,5.692e-06,20,1,20,20,20,3,1,3,3,3
6,50,6.012e-06,1,6.012e-06,6.012e-06,6.012e-06,25,1,25,25,25,4,1,4,4,4
6,50,5.53e-06,1,5.53e-06,5.53e-06,5.53e-06,20,1,20,20,20,3,1,3,3,3
6,50,5.574e-06,1,5.574e-06,5.574e-06,5.574e-06,19,1,19,19,19,3,1,3,3,3
6,50,5.479e-06,1,5.479e-06,5.479e-06,5.479e-06,22,1,22,22,22,3,1,3,3,3
6,50,5.53e-06,1,5.53e-06,5.53e-06,5.53e-06,23,1,23,23,23,3,1,3,3,3
6,50,5.796e-06,1,5.796e-06,5.796e-06,5.796e-06,19,1,19,19,19,3,1,3,3,3
6,50,5.732e-06,1,5.732e-06,5.732e-06,5.732e-06,21,1,21,21,21,3,1,3,3,3
6,50,5.913e-06,1,5.913e-06,5.913e-06,5.913e-06,21,1,21,21,21,3,1,3,3,3
6,50,5.467e-06,1,5.467e-06,5.467e-06,5.467e-06,23,1,23,23,23,3,1,3,3,3
6,50,5.415e-06,1,5.415e-06,5.415e-06,5.415e-06,21,1,21,21,21,3,1,3,3,3
6,50,5.482e-06,1,5.482e-06,5.482e-06,5.482e-06,21,1,21,21,21,3,1,3,3,3
6,50,5.858e-06,1,5.858e-06,5.858e-06,5.858e-06,28,1,28,28,28,5,1,5,5,5
6,50,5.512e-06,1,5.512e-06,5.512e-06,5.512e-06,17,1,17,17,17,2,1,2,2,2
6,50,5.507e-06,1,5.507e-06,5.507e-06,5.507e-06,23,1,23,23,23,3,1,3,3,3
6,50,5.263e-06,1,5.263e-06,5.263e-06,5.263e-06,21,1,21,21,21,3,1,3,3,3
6,50,5.343e-06,1,5.343e-06,5.343e-06,5.343e-06,18,1,18,18,18,2,1,2,2,2
6,50,5.537e-06,1,5.537e-06,5.537e-06,5.537e-06,22,1,22,22,22,3,1,3,3,3
6,50,5.442e-06,1,5.442e-06,5.442e-06,5.442e-06,21,1,21,21,21,3,1,3,3,3
6,50,5.561e-06,1,5.561e-06,5.561e-06,5.561e-06,19,1,19,19,19,3,1,3,3,3
6,50,5.441e-06,1,5.441e-06,5.441e-06,5.441e-06,20,1,20,20,20,3,1,3,3,3
6,50,5.289e-06,1,5.289e-06,5.289e-06,5.289e-06,19,1,19,19,19,3,1,3,3,3
6,50,5.697e-06,1,5.697e-06,5.697e-06,5.697e-06,22,1,22,22,22,3,1,3,3,3
6,50,5.552e-06,1,5.552e-06,5.552e-06,5.552e-06,24,1,24,24,24,4,1,4,4,4
6,50,5.478e-06,1,5.478e-06,5.478e-06,5.478e-06,21,1,21,21,21,3,1,3,3,3
6,50,5.469e-06,1,5.469e-06,5.469e-06,5.469e-06,21,1,21,21,21,3,1,3,3,3
6,50,5.372e-06,1,5.372e-06,5.372e-06,5.372e-06,20,1,20,20,20,3,1,3,3,3
6,50,5.471e-06,1,5.471e-06,5.471e-06,5.471e-06,23,1,23,23,23,3,1,3,3,3
6,50,5.385e-06,1,5.385e-06,5.385e-06,5.385e-06,21,1,21,21,21,3,1,3,3,3
6,50,5.275e-06,1,5.275e-06,5.275e-06,5.275e-06,20,1,20,20,20,3,1,3,3,3
6,50,5.289e-06,1,5.289e-06,5.289e-06,5.289e-06,21,1,21,21,21,3,1,3,3,3
6,50,5.295e-06,1,5.295e-06,5.295e-06,5.295e-06,19,1,19,19,19,3,1,3,3,3
6,50,5.352e-06,1,5.352e-06,5.352e-06,5.352e-06,20,1,20,20,20,3,1,3,3,3
6,50,5.599e-06,1,5.599e-06,5.599e-06,5.599e-06,24,1,24,24,24,4,1,4,4,4
6,50,5.449e-06,1,5.449e-06,5.449e-06,5.449e-06,22,1,22,22,22,4,1,4,4,4
6,50,5.383e-06,1,5.383e-06,5.383e-06,5.383e-06,20,1,20,20,20,3,1,3,3,3
6,50,5.432e-06,1,5.432e-06,5.432e-06,5.432e-06,19,1,19,19,19,2,1,2,2,2
6,50,5.396e-06,1,5.396e-06,5.396e-06,5.396e-06,20,1,20,20,20,3,1,3,3,3
6,50,5.284e-06,1,5.284e-06,5.284e-06,5.284e-06,21,1,21,21,21,3,1,3,3,3
6,50,5.345e-06,1,5.345e-06,5.345e-06,5.345e-06,18,1,18,18,18,2,1,2,2,2
6,50,5.666e-06,1,5.666e-06,5.666e-06,5.666e-06,25,1,25,25,25,4,1,4,4,4
6,50,5.258e-06,1,5.258e-06,5.258e-06,5.258e-06,21,1,21,21,21,3,1,3,3,3
6,50,5.306e-06,1,5.306e-06,5.306e-06,5.306e-06,18,1,18,18,18,2,1,2,2,2
6,50,5.232e-06,1,5.232e-06,5.232e-06,5.232e-06,21,1,21,21,21,3,1,3,3,3
6,50,5.425e-06,1,5.425e-06,5.425e-06,5.425e-06,24,1,24,24,24,4,1,4,4,4
6,50,5.186e-06,1,5.186e-06,5.186e-06,5.186e-06,19,1,19,19,19,3,1,3,3,3
6,50,5.362e-06,1,5.362e-06,5.362e-06,5.362e-06,20,1,20,20,20,3,1,3,3,3
6,50,5.178e-06,1,5.178e-06,5.178e-06,5.178e-06,20,1,20,20,20,3,1,3,3,3
6,50,5.278e-06,1,5.278e-06,5.278e-06,5.278e-06,21,1,21,21,21,3,1,3,3,3
6,50,5.37e-06,1,5.37e-06,5.37e-06,5.37e-06,23,1,23,23,23,3,1,3,3,3
6,50,5.346e-06,1,5.346e-06,5.346e-06,5.346e-06,21,1,21,21,21,3,1,3,3,3
6,50,5.328e-06,1,5.328e-06,5.328e-06,5.328e-06,18,1,18,18,18,2,1,2,2,2
6,50,5.585e-06,1,5.585e-06,5.585e-06,5.585e-06,21,1,21,21,21,3,1,3,3,3
6,50,5.226e-06,1,5.226e-06,5.226e-06,5.226e-06,18,1,18,18,18,2,1,2,2,2
6,50,5.616e-06,1,5.616e-06,5.616e-06,5.616e-06,24,1,24,24,24,4,1,4,4,4
6,50,5.398e-06,1,5.398e-06,5.398e-06,5.398e-06,22,1,22,22,22,4,1,4,4,4
6,50,5.459e-06,1,5.459e-06,5.459e-06,5.459e-06,21,1,21,21,21,3,1,3,3,3
6,50,5.284e-06,1,5.284e-06,5.284e-06,5.284e-06,21,1,21,21,21,3,1,3,3,3
6,50,5.806e-06,1,5.806e-06,5.806e-06,5.806e-06,21,1,21,21,21,3,1,3,3,3
6,50,5.639e-06,1,5.639e-06,5.639e-06,5.639e-06,19,1,19,19,19,3,1,3,3,3
6,50,5.517e-06,1,5.517e-06,5.517e-06,5.517e-06,21,1,21,21,21,3,1,3,3,3
6,50,6.021e-06,1,6.021e-06,6.021e-06,6.021e-06,25,1,25,25,25,4,1,4,4,4
6,50,5.731e-06,1,5.731e-06,5.731e-06,5.731e-06,21,1,21,21,21,3,1,3,3,3
6,50,5.434e-06,1,5.434e-06,5.434e-06,5.434e-06,21,1,21,21,21,3,1,3,3,3
6,50,5.773e-06,1,5.773e-06,5.773e-06,5.773e-06,22,1,22,22,22,3,1,3,3,3
6,50,5.743e-06,1,5.743e-06,5.743e-06,5.743e-06,22,1,22,22,22,3,1,3,3,3
6,50,5.829e-06,1,5.829e-06,5.829e-06,5.829e-06,20,1,20,20,20,3,1,3,3,3
6,50,5.671e-06,1,5.671e-06,5.671e-06,5.671e-06,18,1,18,18,18,2,1,2,2,2
6,50,5.867e-06,1,5.867e-06,5.867e-06,5.867e-06,21,1,21,21,21,3,1,3,3,3
6,50,5.87e-06,1,5.87e-06,5.87e-06,5.87e-06,21,1,21,21,21,3,1,3,3,3
6,50,5.558e-06,1,5.558e-06,5.558e-06,5.558e-06,20,1,20,20,20,3,1,3,3,3
6,50,5.722e-06,1,5.722e-06,5.722e-06,5.722e-06,21,1,21,21,21,3,1,3,3,3
6,50,5.64e-06,1,5.64e-06,5.64e-06,5.64e-06,23,1,23,23,23,3,1,3,3,3
6,50,5.634e-06,1,5.634e-06,5.634e-06,5.634e-06,23,1,23,23,23,3,1,3,3,3
6,50,5.581e-06,1,5.581e-06,5.581e-06,5.581e-06,18,1,18,18,18,2,1,2,2,2
6,50,5.8e-06,1,5.8e-06,5.8e-06,5.8e-06,20,1,20,20,20,3,1,3,3,3
6,50,5.346e-06,1,5.346e-06,5.346e-06,5.346e-06,18,1,18,18,18,2,1,2,2,2
6,50,5.408e-06,1,5.408e-06,5.408e-06,5.408e-06,21,1,21,21,21,3,1,3,3,3
6,50,5.388e-06,1,5.388e-06,5.388e-06,5.388e-06,20,1,20,20,20,3,1,3,3,3
6,50,5.399e-06,1,5.399e-06,5.399e-06,5.399e-06,18,1,18,18,18,2,1,2,2,2
6,50,5.505e-06,1,5.505e-06,5.505e-06,5.505e-06,22,1,22,22,22,4,1,4,4,4
6,50,5.356e-06,1,5.356e-06,5.356e-06,5.356e-06,19,1,19,19,19,3,1,3,3,3
6,50,5.336e-06,1,5.336e-06,5.336e-06,5.336e-06,20,1,20,20,20,3,1,3,3,3
6,50,5.528e-06,1,5.528e-06,5.528e-06,5.528e-06,18,1,18,18,18,2,1,2,2,2
6,50,5.33e-06,1,5.33e-06,5.33e-06,5.33e-06,19,1,19,19,19,2,1,2,2,2
6,50,5.391e-06,1,5.391e-06,5.391e-06,5.391e-06,19,1,19,19,19,2,1,2,2,2
6,50,5.484e-06,1,5.484e-06,5.484e-06,5.484e-06,20,1,20,20,20,3,1,3,3,3
6,50,5.395e-06,1,5.395e-06,5.395e-06,5.395e-06,22,1,22,22,22,4,1,4,4,4
6,50,5.515e-06,1,5.515e-06,5.515e-06,5.515e-06,22,1,22,22,22,3,1,3,3,3
6,50,5.615e-06,1,5.615e-06,5.615e-06,5.615e-06,21,1,21,21,21,3,1,3,3,3
6,50,5.499e-06,1,5.499e-06,5.499e-06,5.499e-06,18,1,18,18,18,2,1,2,2,2
6,50,5.331e-06,1,5.331e-06,5.331e-06,5.331e-06,22,1,22,22,22,3,1,3,3,3
6,50,5.406e-06,1,5.406e-06,5.406e-06,5.406e-06,21,1,21,21,21,3,1,3,3,3
6,50,5.445e-06,1,5.445e-06,5.445e-06,5.445e-06,21,1,21,21,21,3,1,3,3,3
6,50,5.238e-06,1,5.238e-06,5.238e-06,5.238e-06,20,1,20,20,20,3,1,3,3,3
6,50,5.183e-06,1,5.183e-06,5.183e-06,5.183e-06,19,1,19,19,19,3,1,3,3,3
6,50,5.614e-06,1,5.614e-06,5.614e-06,5.614e-06,21,1,21,21,21,3,1,3,3,3
6,50,5.417e-06,1,5.417e-06,5.417e-06,5.417e-06,21,1,21,21,21,3,1,3,3,3
6,50,5.488e-06,1,5.488e-06,5.488e-06,5.488e-06,21,1,21,21,21,3,1,3,3,3
6,50,5.327e-06,1,5.327e-06,5.327e-06,5.327e-06,20,1,20,20,20,3,1,3,3,3
6,50,5.407e-06,1,5.407e-06,5.407e-06,5.407e-06,24,1,24,24,24,4,1,4,4,4
6,50,5.246e-06,1,5.246e-06,5.246e-06,5.246e-06,21,1,21,21,21,3,1,3,3,3
6,50,5.404e-06,1,5.404e-06,5.404e-06,5.404e-06,18,1,18,18,18,2,1,2,2,2
6,50,6.034e-06,1,6.034e-06,6.034e-06,6.034e-06,19,1,19,19,19,3,1,3,3,3
6,50,5.472e-06,1,5.472e-06,5.472e-06,5.472e-06,21,1,21,21,21,3,1,3,3,3
6,50,5.184e-06,1,5.184e-06,5.184e-06,5.184e-06,20,1,20,20,20,3,1,3,3,3
6,50,5.463e-06,1,5.463e-06,5.463e-06,5.463e-06,21,1,21,21,21,3,1,3,3,3
6,50,5.361e-06,1,5.361e-06,5.361e-06,5.361e-06,20,1,20,20,20,3,1,3,3,3
6,50,5.309e-06,1,5.309e-06,5.309e-06,5.309e-06,18,1,18,18,18,2,1,2,2,2
6,50,5.706e-06,1,5.706e-06,5.706e-06,5.706e-06,21,1,21,21,21,3,1,3,3,3
6,50,5.606e-06,1,5.606e-06,5.606e-06,5.606e-06,22,1,22,22,22,3,1,3,3,3
6,50,5.279e-06,1,5.279e-06,5.279e-06,5.279e-06,18,1,18,18,18,2,1,2,2,2
6,50,5.315e-06,1,5.315e-06,5.315e-06,5.315e-06,21,1,21,21,21,3,1,3,3,3
6,50,5.613e-06,1,5.613e-06,5.613e-06,5.613e-06,23,1,23,23,23,4,1,4,4,4
6,50,5.535e-06,1,5.535e-06,5.535e-06,5.535e-06,24,1,24,24,24,4,1,4,4,4
6,50,5.334e-06,1,5.334e-06,5.334e-06,5.334e-06,21,1,21,21,21,3,1,3,3,3
6,50,5.304e-06,1,5.304e-06,5.304e-06,5.304e-06,21,1,21,21,21,3,1,3,3,3
6,50,5.605e-06,1,5.605e-06,5.605e-06,5.605e-06,24,1,24,24,24,4,1,4,4,4
6,50,5.76e-06,1,5.76e-06,5.76e-06,5.76e-06,26,1,26,26,26,4,1,4,4,4
6,50,5.58e-06,1,5.58e-06,5.58e-06,5.58e-06,21,1,21,21,21,3,1,3,3,3
6,50,5.455e-06,1,5.455e-06,5.455e-06,5.455e-06,20,1,20,20,20,3,1,3,3,3
6,50,5.499e-06,1,5.499e-06,5.499e-06,5.499e-06,21,1,21,21,21,3,1,3,3,3
6,50,5.505e-06,1,5.505e-06,5.505e-06,5.505e-06,20,1,20,20,20,3,1,3,3,3
6,50,5.343e-06,1,5.343e-06,5.343e-06,5.343e-06,18,1,18,18,18,2,1,2,2,2
6,50,5.552e-06,1,5.552e-06,5.552e-06,5.552e-06,19,1,19,19,19,3,1,3,3,3
6,50,5.692e-06,1,5.692e-06,5.692e-06,5.692e-06,22,1,22,22,22,4,1,4,4,4
6,50,5.412e-06,1,5.412e-06,5.412e-06,5.412e-06,19,1,19,19,19,2,1,2,2,2
6,50,5.659e-06,1,5.659e-06,5.659e-06,5.659e-06,24,1,24,24,24,4,1,4,4,4
6,50,5.427e-06,1,5.427e-06,5.427e-06,5.427e-06,21,1,21,21,21,3,1,3,3,3
6,50,5.646e-06,1,5.646e-06,5.646e-06,5.646e-06,19,1,19,19,19,3,1,3,3,3
6,50,5.864e-06,1,5.864e-06,5.864e-06,5.864e-06,20,1,20,20,20,3,1,3,3,3
6,50,6.026e-06,1,6.026e-06,6.026e-06,6.026e-06,24,1,24,24,24,4,1,4,4,4
6,50,5.616e-06,1,5.616e-06,5.616e-06,5.616e-06,21,1,21,21,21,3,1,3,3,3
6,50,5.679e-06,1,5.679e-06,5.679e-06,5.679e-06,18,1,18,18,18,2,1,2,2,2
6,50,5.793e-06,1,5.793e-06,5.793e-06,5.793e-06,18,1,18,18,18,2,1,2,2,2
6,50,5.951e-06,1,5.951e-06,5.951e-06,5.951e-06,22,1,22,22,22,3,1,3,3,3
6,50,5.958e-06,1,5.958e-06,5.958e-06,5.958e-06,25,1,25,25,25,4,1,4,4,4
6,50,5.661e-06,1,5.661e-06,5.661e-06,5.661e-06,20,1,20,20,20,3,1,3,3,3
6,50,5.598e-06,1,5.598e-06,5.598e-06,5.598e-06,20,1,20,20,20,3,1,3,3,3
6,50,5.94e-06,1,5.94e-06,5.94e-06,5.94e-06,23,1,23,23,23,3,1,3,3,3
6,50,5.628e-06,1,5.628e-06,5.628e-06,5.628e-06,17,1,17,17,17,2,1,2,2,2
6,50,5.828e-06,1,5.828e-06,5.828e-06,5.828e-06,21,1,21,21,21,3,1,3,3,3
6,50,5.698e-06,1,5.698e-06,5.698e-06,5.698e-06,18,1,18,18,18,2,1,2,2,2
6,50,5.9e-06,1,5.9e-06,5.9e-06,5.9e-06,21,1,21,21,21,3,1,3,3,3
6,50,6.217e-06,1,6.217e-06,6.217e-06,6.217e-06,26,1,26,26,26,4,1,4,4,4
6,50,5.677e-06,1,5.677e-06,5.677e-06,5.677e-06,20,1,20,20,20,3,1,3,3,3
6,50,5.419e-06,1,5.419e-06,5.419e-06,5.419e-06,19,1,19,19,19,2,1,2,2,2
6,50,5.946e-06,1,5.946e-06,5.946e-06,5.946e-06,18,1,18,18,18,2,1,2,2,2
6,50,5.877e-06,1,5.877e-06,5.877e-06,5.877e-06,20,1,20,20,20,3,1,3,3,3
6,50,5.689e-06,1,5.689e-06,5.689e-06,5.689e-06,21,1,21,21,21,3,1,3,3,3
6,50,5.369e-06,1,5.369e-06,5.369e-06,5.369e-06,21,1,21,21,21,3,1,3,3,3
6,50,5.508e-06,1,5.508e-06,5.508e-06,5.508e-06,21,1,21,21,21,3,1,3,3,3
6,50,5.527e-06,1,5.527e-06,5.527e-06,5.527e-06,20,1,20,20,20,3,1,3,3,3
6,50,5.324e-06,1,5.324e-06,5.324e-06,5.324e-06,19,1,19,19,19,3,1,3,3,3
6,50,5.803e-06,1,5.803e-06,5.803e-06,5.803e-06,24,1,24,24,24,4,1,4,4,4
6,50,5.587e-06,1,5.587e-06,5.587e-06,5.587e-06,21,1,21,21,21,3,1,3,3,3
6,50,5.483e-06,1,5.483e-06,5.483e-06,5.483e-06,21,1,21,21,21,3,1,3,3,3
6,50,5.479e-06,1,5.479e-06,5.479e-06,5.479e-06,22,1,22,22,22,3,1,3,3,3
6,50,5.512e-06,1,5.512e-06,5.512e-06,5.512e-06,21,1,21,21,21,3,1,3,3,3
6,50,5.536e-06,1,5.536e-06,5.536e-06,5.536e-06,20,1,20,20,20,3,1,3,3,3
6,50,5.39e-06,1,5.39e-06,5.39e-06,5.39e-06,20,1,20,20,20,3,1,3,3,3
6,50,5.172e-06,1,5.172e-06,5.172e-06,5.172e-06,20,1,20,20,20,3,1,3,3,3
6,50,5.568e-06,1,5.568e-06,5.568e-06,5.568e-06,24,1,24,24,24,4,1,4,4,4
6,50,5.538e-06,1,5.538e-06,5.538e-06,5.538e-06,21,1,21,21,21,3,1,3,3,3
6,50,5.598e-06,1,5.598e-06,5.598e-06,5.598e-06,20,1,20,20,20,3,1,3,3,3
6,50,5.286e-06,1,5.286e-06,5.286e-06,5.286e-06,19,1,19,19,19,3,1,3,3,3
6,50,5.415e-06,1,5.415e-06,5.415e-06,5.415e-06,21,1,21,21,21,3,1,3,3,3
6,50,5.345e-06,1,5.345e-06,5.345e-06,5.345e-06,21,1,21,21,21,3,1,3,3,3
6,50,5.292e-06,1,5.292e-06,5.292e-06,5.292e-06,18,1,18,18,18,2,1,2,2,2
6,50,5.455e-06,1,5.455e-06,5.455e-06,5.455e-06,24,1,24,24,24,4,1,4,4,4
6,50,5.064e-06,1,5.064e-06,5.064e-06,5.064e-06,19,1,19,19,19,3,1,3,3,3
6,50,5.434e-06,1,5.434e-06,5.434e-06,5.434e-06,21,1,21,21,21,3,1,3,3,3
6,50,5.279e-06,1,5.279e-06,5.279e-06,5.279e-06,20,1,20,20,20,3,1,3,3,3
6,50,5.227e-06,1,5.227e-06,5.227e-06,5.227e-06,20,1,20,20,20,3,1,3,3,3
6,50,5.378e-06,1,5.378e-06,5.378e-06,5.378e-06,21,1,21,21,21,3,1,3,3,3
6,50,5.396e-06,1,5.396e-06,5.396e-06,5.396e-06,21,1,21,21,21,3,1,3,3,3
6,50,5.267e-06,1,5.267e-06,5.267e-06,5.267e-06,18,1,18,18,18,2,1,2,2,2
6,50,5.664e-06,1,5.664e-06,5.664e-06,5.664e-06,21,1,21,21,21,3,1,3,3,3
6,50,5.543e-06,1,5.543e-06,5.543e-06,5.543e-06,23,1,23,23,23,4,1,4,4,4
6,50,5.511e-06,1,5.511e-06,5.511e-06,5.511e-06,19,1,19,19,19,3,1,3,3,3
6,50,5.295e-06,1,5.295e-06,5.295e-06,5.295e-06,20,1,20,20,20,3,1,3,3,3
6,50,5.514e-06,1,5.514e-06,5.514e-06,5.514e-06,20,1,20,20,20,3,1,3,3,3
6,50,5.418e-06,1,5.418e-06,5.418e-06,5.418e-06,24,1,24,24,24,4,1,4,4,4
6,50,5.48e-06,1,5.48e-06,5.48e-06,5.48e-06,19,1,19,19,19,3,1,3,3,3
6,50,5.56e-06,1,5.56e-06,5.56e-06,5.56e-06,22,1,22,22,22,3,1,3,3,3
6,50,5.492e-06,1,5.492e-06,5.492e-06,5.492e-06,23,1,23,23,23,4,1,4,4,4
6,50,5.383e-06,1,5.383e-06,5.383e-06,5.383e-06,20,1,20,20,20,3,1,3,3,3
6,50,5.256e-06,1,5.256e-06,5.256e-06,5.256e-06,18,1,18,18,18,2,1,2,2,2
6,50,5.75e-06,1,5.75e-06,5.75e-06,5.75e-06,25,1,25,25,25,4,1,4,4,4
6,50,5.555e-06,1,5.555e-06,5.555e-06,5.555e-06,21,1,21,21,21,3,1,3,3,3
6,50,5.515e-06,1,5.515e-06,5.515e-06,5.515e-06,22,1,22,22,22,3,1,3,3,3
6,50,5.307e-06,1,5.307e-06,5.307e-06,5.307e-06,23,1,23,23,23,3,1,3,3,3
6,50,5.444e-06,1,5.444e-06,5.444e-06,5.444e-06,22,1,22,22,22,4,1,4,4,4
6,50,5.454e-06,1,5.454e-06,5.454e-06,5.454e-06,21,1,21,21,21,3,1,3,3,3
6,50,5.358e-06,1,5.358e-06,5.358e-06,5.358e-06,21,1,21,21,21,3,1,3,3,3
6,50,5.43e-06,1,5.43e-06,5.43e-06,5.43e-06,22,1,22,22,22,4,1,4,4,4
6,50,5.659e-06,1,5.659e-06,5.659e-06,5.659e-06,23,1,23,23,23,4,1,4,4,4
6,50,5.343e-06,1,5.343e-06,5.343e-06,5.343e-06,21,1,21,21,21,3,1,3,3,3
6,50,5.406e-06,1,5.406e-06,5.406e-06,5.406e-06,21,1,21,21,21,3,1,3,3,3
6,50,5.352e-06,1,5.352e-06,5.352e-06,5.352e-06,20,1,20,20,20,3,1,3,3,3
6,50,5.234e-06,1,5.234e-06,5.234e-06,5.234e-06,20,1,20,20,20,3,1,3,3,3
6,50,5.221e-06,1,5.221e-06,5.221e-06,5.221e-06,19,1,19,19,19,3,1,3,3,3
6,50,5.807e-06,1,5.807e-06,5.807e-06,5.807e-06,21,1,21,21,21,3,1,3,3,3
6,50,5.506e-06,1,5.506e-06,5.506e-06,5.506e-06,20,1,20,20,20,3,1,3,3,3
6,50,5.554e-06,1,5.554e-06,5.554e-06,5.554e-06,18,1,18,18,18,2,1,2,2,2
6,50,5.963e-06,1,5.963e-06,5.963e-06,5.963e-06,21,1,21,21,21,3,1,3,3,3
6,50,5.811e-06,1,5.811e-06,5.811e-06,5.811e-06,19,1,19,19,19,2,1,2,2,2
6,50,5.925e-06,1,5.925e-06,5.925e-06,5.925e-06,22,1,22,22,22,3,1,3,3,3
6,50,5.538e-06,1,5.538e-06,5.538e-06,5.538e-06,18,1,18,18,18,2,1,2,2,2
6,50,5.496e-06,1,5.496e-06,5.496e-06,5.496e-06,17,1,17,17,17,2,1,2,2,2
6,50,5.841e-06,1,5.841e-06,5.841e-06,5.841e-06,21,1,21,21,21,3,1,3,3,3
6,50,5.414e-06,1,5.414e-06,5.414e-06,5.414e-06,17,1,17,17,17,2,1,2,2,2
6,50,5.759e-06,1,5.759e-06,5.759e-06,5.759e-06,20,1,20,20,20,3,1,3,3,3
6,50,5.504e-06,1,5.504e-06,5.504e-06,5.504e-06,20,1,20,20,20,3,1,3,3,3
6,50,5.624e-06,1,5.624e-06,5.624e-06,5.624e-06,17,1,17,17,17,2,1,2,2,2
6,50,5.81e-06,1,5.81e-06,5.81e-06,5.81e-06,21,1,21,21,21,3,1,3,3,3
6,50,5.57e-06,1,5.57e-06,5.57e-06,5.57e-06,20,1,20,20,20,3,1,3,3,3
6,50,5.752e-06,1,5.752e-06,5.752e-06,5.752e-06,19,1,19,19,19,3,1,3,3,3
6,50,5.836e-06,1,5.836e-06,5.836e-06,5.836e-06,24,1,24,24,24,4,1,4,4,4
6,50,5.603e-06,1,5.603e-06,5.603e-06,5.603e-06,19,1,19,19,19,3,1,3,3,3
6,50,5.848e-06,1,5.848e-06,5.848e-06,5.848e-06,26,1,26,26,26,4,1,4,4,4
6,50,5.607e-06,1,5.607e-06,5.607e-06,5.607e-06,20,1,20,20,20,3,1,3,3,3
6,50,5.655e-06,1,5.655e-06,5.655e-06,5.655e-06,21,1,21,21,21,3,1,3,3,3
6,50,5.737e-06,1,5.737e-06,5.737e-06,5.737e-06,20,1,20,20,20,3,1,3,3,3
6,50,5.85e-06,1,5.85e-06,5.85e-06,5.85e-06,19,1,19,19,19,3,1,3,3,3
6,50,5.901e-06,1,5.901e-06,5.901e-06,5.901e-06,23,1,23,23,23,4,1,4,4,4
6,50,5.674e-06,1,5.674e-06,5.674e-06,5.674e-06,19,1,19,19,19,2,1,2,2,2
6,50,5.917e-06,1,5.917e-06,5.917e-06,5.917e-06,19,1,19,19,19,3,1,3,3,3
6,50,5.563e-06,1,5.563e-06,5.563e-06,5.563e-06,20,1,20,20,20,3,1,3,3,3
6,50,5.751e-06,1,5.751e-06,5.751e-06,5.751e-06,21,1,21,21,21,3,1,3,3,3
6,50,5.774e-06,1,5.774e-06,5.774e-06,5.774e-06,20,1,20,20,20,3,1,3,3,3
6,50,5.98e-06,1,5.98e-06,5.98e-06,5.98e-06,24,1,24,24,24,4,1,4,4,4
6,50,5.743e-06,1,5.743e-06,5.743e-06,5.743e-06,21,1,21,21,21,3,1,3,3,3
6,50,5.743e-06,1,5.743e-06,5.743e-06,5.743e-06,21,1,21,21,21,3,1,3,3,3
6,50,5.558e-06,1,5.558e-06,5.558e-06,5.558e-06,21,1,21,21,21,3,1,3,3,3
6,50,5.634e-06,1,5.634e-06,5.634e-06,5.634e-06,18,1,18,18,18,2,1,2,2,2
6,50,6.045e-06,1,6.045e-06,6.045e-06,6.045e-06,23,1,23,23,23,4,1,4,4,4
6,50,5.594e-06,1,5.594e-06,5.594e-06,5.594e-06,18,1,18,18,18,2,1,2,2,2
6,50,5.715e-06,1,5.715e-06,5.715e-06,5.715e-06,20,1,20,20,20,3,1,3,3,3
6,50,5.726e-06,1,5.726e-06,5.726e-06,5.726e-06,20,1,20,20,20,3,1,3,3,3
6,50,5.525e-06,1,5.525e-06,5.525e-06,5.525e-06,21,1,21,21,21,3,1,3,3,3
6,50,5.717e-06,1,5.717e-06,5.717e-06,5.717e-06,19,1,19,19,19,2,1,2,2,2
6,50,5.564e-06,1,5.564e-06,5.564e-06,5.564e-06,21,1,21,21,21,3,1,3,3,3
6,50,5.492e-06,1,5.492e-06,5.492e-06,5.492e-06,18,1,18,18,18,2,1,2,2,2
6,50,6.065e-06,1,6.065e-06,6.065e-06,6.065e-06,21,1,21,21,21,3,1,3,3,3
6,50,5.338e-06,1,5.338e-06,5.338e-06,5.338e-06,21,1,21,21,21,3,1,3,3,3
6,50,5.475e-06,1,5.475e-06,5.475e-06,5.475e-06,21,1,21,21,21,4,1,4,4,4
6,50,5.653e-06,1,5.653e-06,5.653e-06,5.653e-06,24,1,24,24,24,4,1,4,4,4
6,50,5.471e-06,1,5.471e-06,5.471e-06,5.471e-06,21,1,21,21,21,3,1,3,3,3
6,50,5.126e-06,1,5.126e-06,5.126e-06,5.126e-06,17,1,17,17,17,2,1,2,2,2
6,50,5.841e-06,1,5.841e-06,5.841e-06,5.841e-06,24,1,24,24,24,4,1,4,4,4
6,50,5.424e-06,1,5.424e-06,5.424e-06,5.424e-06,20,1,20,20,20,3,1,3,3,3
6,50,5.348e-06,1,5.348e-06,5.348e-06,5.348e-06,19,1,19,19,19,2,1,2,2,2
6,50,5.612e-06,1,5.612e-06,5.612e-06,5.612e-06,21,1,21,21,21,3,1,3,3,3
6,50,5.64e-06,1,5.64e-06,5.64e-06,5.64e-06,21,1,21,21,21,3,1,3,3,3
6,50,5.51e-06,1,5.51e-06,5.51e-06,5.51e-06,21,1,21,21,21,3,1,3,3,3
6,50,5.573e-06,1,5.573e-06,5.573e-06,5.573e-06,24,1,24,24,24,4,1,4,4,4
6,50,5.435e-06,1,5.435e-06,5.435e-06,5.435e-06,20,1,20,20,20,3,1,3,3,3
6,50,5.338e-06,1,5.338e-06,5.338e-06,5.338e-06,22,1,22,22,22,3,1,3,3,3
6,50,5.891e-06,1,5.891e-06,5.891e-06,5.891e-06,22,1,22,22,22,3,1,3,3,3
6,50,5.618e-06,1,5.618e-06,5.618e-06,5.618e-06,18,1,18,18,18,2,1,2,2,2
6,50,5.736e-06,1,5.736e-06,5.736e-06,5.736e-06,20,1,20,20,20,3,1,3,3,3
6,50,5.604e-06,1,5.604e-06,5.604e-06,5.604e-06,18,1,18,18,18,2,1,2,2,2
6,50,6.175e-06,1,6.175e-06,6.175e-06,6.175e-06,21,1,21,21,21,3,1,3,3,3
6,50,5.777e-06,1,5.777e-06,5.777e-06,5.777e-06,19,1,19,19,19,3,1,3,3,3
6,50,5.648e-06,1,5.648e-06,5.648e-06,5.648e-06,20,1,20,20,20,3,1,3,3,3
6,50,5.876e-06,1,5.876e-06,5.876e-06,5.876e-06,23,1,23,23,23,4,1,4,4,4
6,50,5.708e-06,1,5.708e-06,5.708e-06,5.708e-06,18,1,18,18,18,2,1,2,2,2
6,50,5.84e-06,1,5.84e-06,5.84e-06,5.84e-06,20,1,20,20,20,3,1,3,3,3
6,50,5.638e-06,1,5.638e-06,5.638e-06,5.638e-06,20,1,20,20,20,3,1,3,3,3
6,50,5.728e-06,1,5.728e-06,5.728e-06,5.728e-06,22,1,22,22,22,3,1,3,3,3
6,50,5.817e-06,1,5.817e-06,5.817e-06,5.817e-06,23,1,23,23,23,3,1,3,3,3
6,50,5.473e-06,1,5.473e-06,5.473e-06,5.473e-06,20,1,20,20,20,3,1,3,3,3
6,50,5.506e-06,1,5.506e-06,5.506e-06,5.506e-06,20,1,20,20,20,3,1,3,3,3
6,50,5.294e-06,1,5.294e-06,5.294e-06,5.294e-06,21,1,21,21,21,3,1,3,3,3
6,50,5.425e-06,1,5.425e-06,5.425e-06,5.425e-06,20,1,20,20,20,3,1,3,3,3
6,50,5.549e-06,1,5.549e-06,5.549e-06,5.549e-06,21,1,21,21,21,3,1,3,3,3
6,50,5.35e-06,1,5.35e-06,5.35e-06,5.35e-06,21,1,21,21,21,3,1,3,3,3
6,50,5.529e-06,1,5.529e-06,5.529e-06,5.529e-06,21,1,21,21,21,3,1,3,3,3
6,50,5.251e-06,1,5.251e-06,5.251e-06,5.251e-06,20,1,20,20,20,3,1,3,3,3
6,50,5.809e-06,1,5.809e-06,5.809e-06,5.809e-06,26,1,26,26,26,4,1,4,4,4
6,50,5.46e-06,1,5.46e-06,5.46e-06,5.46e-06,21,1,21,21,21,3,1,3,3,3
6,50,5.375e-06,1,5.375e-06,5.375e-06,5.375e-06,18,1,18,18,18,2,1,2,2,2
6,50,5.17e-06,1,5.17e-06,5.17e-06,5.17e-06,20,1,20,20,20,3,1,3,3,3
6,50,5.485e-06,1,5.485e-06,5.485e-06,5.485e-06,23,1,23,23,23,3,1,3,3,3
6,50,5.462e-06,1,5.462e-06,5.462e-06,5.462e-06,23,1,23,23,23,3,1,3,3,3
6,50,5.49e-06,1,5.49e-06,5.49e-06,5.49e-06,20,1,20,20,20,3,1,3,3,3
6,50,5.432e-06,1,5.432e-06,5.432e-06,5.432e-06,20,1,20,20,20,3,1,3,3,3
6,50,5.22e-06,1,5.22e-06,5.22e-06,5.22e-06,20,1,20,20,20,3,1,3,3,3
6,50,5.219e-06,1,5.219e-06,5.219e-06,5.219e-06,19,1,19,19,19,3,1,3,3,3
6,50,5.177e-06,1,5.177e-06,5.177e-06,5.177e-06,18,1,18,18,18,2,1,2,2,2
6,50,5.156e-06,1,5.156e-06,5.156e-06,5.156e-06,18,1,18,18,18,2,1,2,2,2
6,50,5.555e-06,1,5.555e-06,5.555e-06,5.555e-06,20,1,20,20,20,3,1,3,3,3
6,50,5.437e-06,1,5.437e-06,5.437e-06,5.437e-06,17,1,17,17,17,2,1,2,2,2
6,50,5.667e-06,1,5.667e-06,5.667e-06,5.667e-06,21,1,21,21,21,3,1,3,3,3
6,50,5.331e-06,1,5.331e-06,5.331e-06,5.331e-06,23,1,23,23,23,3,1,3,3,3
6,50,5.436e-06,1,5.436e-06,5.436e-06,5.436e-06,20,1,20,20,20,3,1,3,3,3
6,50,5.285e-06,1,5.285e-06,5.285e-06,5.285e-06,21,1,21,21,21,3,1,3,3,3
6,50,5.415e-06,1,5.415e-06,5.415e-06,5.415e-06,21,1,21,21,21,3,1,3,3,3
6,50,5.186e-06,1,5.186e-06,5.186e-06,5.186e-06,21,1,21,21,21,3,1,3,3,3
6,50,5.463e-06,1,5.463e-06,5.463e-06,5.463e-06,20,1,20,20,20,3,1,3,3,3
6,50,5.248e-06,1,5.248e-06,5.248e-06,5.248e-06,18,1,18,18,18,2,1,2,2,2
6,50,5.405e-06,1,5.405e-06,5.405e-06,5.405e-06,21,1,21,21,21,3,1,3,3,3
6,50,5.474e-06,1,5.474e-06,5.474e-06,5.474e-06,21,1,21,21,21,3,1,3,3,3
6,50,5.316e-06,1,5.316e-06,5.316e-06,5.316e-06,19,1,19,19,19,3,1,3,3,3
6,50,5.066e-06,1,5.066e-06,5.066e-06,5.066e-06,17,1,17,17,17,2,1,2,2,2
6,50,5.729e-06,1,5.729e-06,5.729e-06,5.729e-06,22,1,22,22,22,4,1,4,4,4
6,50,5.861e-06,1,5.861e-06,5.861e-06,5.861e-06,20,1,20,20,20,3,1,3,3,3
6,50,5.621e-06,1,5.621e-06,5.621e-06,5.621e-06,18,1,18,18,18,2,1,2,2,2
6,50,6.209e-06,1,6.209e-06,6.209e-06,6.209e-06,27,1,27,27,27,5,1,5,5,5
6,50,5.663e-06,1,5.663e-06,5.663e-06,5.663e-06,20,1,20,20,20,3,1,3,3,3
6,50,5.391e-06,1,5.391e-06,5.391e-06,5.391e-06,21,1,21,21,21,3,1,3,3,3
6,50,5.534e-06,1,5.534e-06,5.534e-06,5.534e-06,20,1,20,20,20,3,1,3,3,3
6,50,5.303e-06,1,5.303e-06,5.303e-06,5.303e-06,19,1,19,19,19,3,1,3,3,3
6,50,5.69e-06,1,5.69e-06,5.69e-06,5.69e-06,21,1,21,21,21,3,1,3,3,3
6,50,5.729e-06,1,5.729e-06,5.729e-06,5.729e-06,22,1,22,22,22,4,1,4,4,4
6,50,5.717e-06,1,5.717e-06,5.717e-06,5.717e-06,19,1,19,19,19,3,1,3,3,3
6,50,5.707e-06,1,5.707e-06,5.707e-06,5.707e-06,19,1,19,19,19,2,1,2,2,2
6,50,5.805e-06,1,5.805e-06,5.805e-06,5.805e-06,21,1,21,21,21,3,1,3,3,3
6,50,5.489e-06,1,5.489e-06,5.489e-06,5.489e-06,18,1,18,18,18,2,1,2,2,2
6,50,5.751e-06,1,5.751e-06,5.751e-06,5.751e-06,19,1,19,19,19,3,1,3,3,3
6,50,5.867e-06,1,5.867e-06,5.867e-06,5.867e-06,20,1,20,20,20,3,1,3,3,3
6,50,5.707e-06,1,5.707e-06,5.707e-06,5.707e-06,17,1,17,17,17,2,1,2,2,2
6,50,5.717e-06,1,5.717e-06,5.717e-06,5.717e-06,20,1,20,20,20,3,1,3,3,3
6,50,5.608e-06,1,5.608e-06,5.608e-06,5.608e-06,20,1,20,20,20,3,1,3,3,3
6,50,5.732e-06,1,5.732e-06,5.732e-06,5.732e-06,20,1,20,20,20,3,1,3,3,3
6,50,6.05e-06,1,6.05e-06,6.05e-06,6.05e-06,22,1,22,22,22,3,1,3,3,3
6,50,5.604e-06,1,5.604e-06,5.604e-06,5.604e-06,20,1,20,20,20,3,1,3,3,3
6,50,5.528e-06,1,5.528e-06,5.528e-06,5.528e-06,21,1,21,21,21,3,1,3,3,3
6,50,2.1985e-05,1,2.1985e-05,2.1985e-05,2.1985e-05,20,1,20,20,20,3,1,3,3,3
6,50,5.521e-06,1,5.521e-06,5.521e-06,5.521e-06,21,1,21,21,21,3,1,3,3,3
6,50,5.485e-06,1,5.485e-06,5.485e-06,5.485e-06,22,1,22,22,22,4,1,4,4,4
6,50,5.573e-06,1,5.573e-06,5.573e-06,5.573e-06,23,1,23,23,23,3,1,3,3,3
6,50,5.336e-06,1,5.336e-06,5.336e-06,5.336e-06,19,1,19,19,19,2,1,2,2,2
6,50,5.601e-06,1,5.601e-06,5.601e-06,5.601e-06,22,1,22,22,22,4,1,4,4,4
6,50,5.303e-06,1,5.303e-06,5.303e-06,5.303e-06,20,1,20,20,20,3,1,3,3,3
6,50,5.279e-06,1,5.279e-06,5.279e-06,5.279e-06,22,1,22,22,22,3,1,3,3,3
6,50,5.144e-06,1,5.144e-06,5.144e-06,5.144e-06,20,1,20,20,20,3,1,3,3,3
6,50,5.686e-06,1,5.686e-06,5.686e-06,5.686e-06,24,1,24,24,24,4,1,4,4,4
6,50,5.749e-06,1,5.749e-06,5.749e-06,5.749e-06,24,1,24,24,24,4,1,4,4,4
6,50,5.476e-06,1,5.476e-06,5.476e-06,5.476e-06,20,1,20,20,20,3,1,3,3,3
6,50,5.372e-06,1,5.372e-06,5.372e-06,5.372e-06,19,1,19,19,19,3,1,3,3,3
6,50,5.375e-06,1,5.375e-06,5.375e-06,5.375e-06,21,1,21,21,21,3,1,3,3,3
6,50,5.332e-06,1,5.332e-06,5.332e-06,5.332e-06,23,1,23,23,23,3,1,3,3,3
6,50,5.4e-06,1,5.4e-06,5.4e-06,5.4e-06,19,1,19,19,19,3,1,3,3,3
6,50,5.268e-06,1,5.268e-06,5.268e-06,5.268e-06,19,1,19,19,19,3,1,3,3,3
6,50,5.146e-06,1,5.146e-06,5.146e-06,5.146e-06,20,1,20,20,20,3,1,3,3,3
6,50,5.153e-06,1,5.153e-06,5.153e-06,5.153e-06,19,1,19,19,19,3,1,3,3,3
6,50,5.89e-06,1,5.89e-06,5.89e-06,5.89e-06,26,1,26,26,26,4,1,4,4,4
6,50,5.431e-06,1,5.431e-06,5.431e-06,5.431e-06,20,1,20,20,20,3,1,3,3,3
6,50,5.669e-06,1,5.669e-06,5.669e-06,5.669e-06,22,1,22,22,22,3,1,3,3,3
6,50,5.599e-06,1,5.599e-06,5.599e-06,5.599e-06,23,1,23,23,23,4,1,4,4,4
6,50,5.328e-06,1,5.328e-06,5.328e-06,5.328e-06,20,1,20,20,20,3,1,3,3,3
6,50,5.607e-06,1,5.607e-06,5.607e-06,5.607e-06,26,1,26,26,26,4,1,4,4,4
6,50,5.444e-06,1,5.444e-06,5.444e-06,5.444e-06,21,1,21,21,21,3,1,3,3,3
6,50,5.405e-06,1,5.405e-06,5.405e-06,5.405e-06,19,1,19,19,19,3,1,3,3,3
6,50,5.271e-06,1,5.271e-06,5.271e-06,5.271e-06,20,1,20,20,20,3,1,3,3,3
6,50,5.81e-06,1,5.81e-06,5.81e-06,5.81e-06,24,1,24,24,24,4,1,4,4,4
6,50,5.461e-06,1,5.461e-06,5.461e-06,5.461e-06,21,1,21,21,21,3,1,3,3,3
6,50,5.347e-06,1,5.347e-06,5.347e-06,5.347e-06,18,1,18,18,18,2,1,2,2,2
6,50,5.491e-06,1,5.491e-06,5.491e-06,5.491e-06,21,1,21,21,21,3,1,3,3,3
6,50,5.605e-06,1,5.605e-06,5.605e-06,5.605e-06,21,1,21,21,21,3,1,3,3,3
6,50,5.401e-06,1,5.401e-06,5.401e-06,5.401e-06,21,1,21,21,21,3,1,3,3,3
6,50,5.28e-06,1,5.28e-06,5.28e-06,5.28e-06,21,1,21,21,21,3,1,3,3,3
6,50,5.688e-06,1,5.688e-06,5.688e-06,5.688e-06,22,1,22,22,22,3,1,3,3,3
6,50,5.337e-06,1,5.337e-06,5.337e-06,5.337e-06,20,1,20,20,20,3,1,3,3,3
6,50,5.492e-06,1,5.492e-06,5.492e-06,5.492e-06,21,1,21,21,21,3,1,3,3,3
6,50,5.29e-06,1,5.29e-06,5.29e-06,5.29e-06,18,1,18,18,18,2,1,2,2,2
6,50,5.288e-06,1,5.288e-06,5.288e-06,5.288e-06,19,1,19,19,19,3,1,3,3,3
6,50,5.411e-06,1,5.411e-06,5.411e-06,5.411e-06,19,1,19,19,19,3,1,3,3,3
6,50,5.667e-06,1,5.667e-06,5.667e-06,5.667e-06,24,1,24,24,24,4,1,4,4,4
6,50,5.276e-06,1,5.276e-06,5.276e-06,5.276e-06,20,1,20,20,20,3,1,3,3,3
6,50,5.292e-06,1,5.292e-06,5.292e-06,5.292e-06,18,1,18,18,18,2,1,2,2,2
6,50,5.448e-06,1,5.448e-06,5.448e-06,5.448e-06,21,1,21,21,21,3,1,3,3,3
6,50,5.671e-06,1,5.671e-06,5.671e-06,5.671e-06,23,1,23,23,23,4,1,4,4,4
6,50,5.272e-06,1,5.272e-06,5.272e-06,5.272e-06,21,1,21,21,21,3,1,3,3,3
6,50,5.429e-06,1,5.429e-06,5.429e-06,5.429e-06,21,1,21,21,21,3,1,3,3,3
6,50,5.223e-06,1,5.223e-06,5.223e-06,5.223e-06,23,1,23,23,23,4,1,4,4,4
6,50,5.182e-06,1,5.182e-06,5.182e-06,5.182e-06,20,1,20,20,20,3,1,3,3,3
6,50,5.518e-06,1,5.518e-06,5.518e-06,5.518e-06,21,1,21,21,21,3,1,3,3,3
6,50,5.438e-06,1,5.438e-06,5.438e-06,5.438e-06,24,1,24,24,24,4,1,4,4,4
6,50,5.449e-06,1,5.449e-06,5.449e-06,5.449e-06,21,1,21,21,21,3,1,3,3,3
6,50,5.43e-06,1,5.43e-06,5.43e-06,5.43e-06,20,1,20,20,20,3,1,3,3,3
6,50,5.339e-06,1,5.339e-06,5.339e-06,5.339e-06,18,1,18,18,18,2,1,2,2,2
6,50,5.756e-06,1,5.756e-06,5.756e-06,5.756e-06,24,1,24,24,24,4,1,4,4,4
6,50,5.492e-06,1,5.492e-06,5.492e-06,5.492e-06,21,1,21,21,21,3,1,3,3,3
6,50,5.474e-06,1,5.474e-06,5.474e-06,5.474e-06,22,1,22,22,22,3,1,3,3,3
6,50,5.301e-06,1,5.301e-06,5.301e-06,5.301e-06,20,1,20,20,20,3,1,3,3,3
6,50,5.177e-06,1,5.177e-06,5.177e-06,5.177e-06,21,1,21,21,21,3,1,3,3,3
6,50,5.619e-06,1,5.619e-06,5.619e-06,5.619e-06,19,1,19,19,19,3,1,3,3,3
6,50,5.322e-06,1,5.322e-06,5.322e-06,5.322e-06,18,1,18,18,18,2,1,2,2,2
6,50,5.548e-06,1,5.548e-06,5.548e-06,5.548e-06,19,1,19,19,19,3,1,3,3,3
6,50,5.105e-06,1,5.105e-06,5.105e-06,5.105e-06,17,1,17,17,17,2,1,2,2,2
6,50,5.233e-06,1,5.233e-06,5.233e-06,5.233e-06,20,1,20,20,20,3,1,3,3,3
6,50,2.184e-05,1,2.184e-05,2.184e-05,2.184e-05,18,1,18,18,18,2,1,2,2,2
6,50,5.794e-06,1,5.794e-06,5.794e-06,5.794e-06,20,1,20,20,20,3,1,3,3,3
6,50,5.859e-06,1,5.859e-06,5.859e-06,5.859e-06,21,1,21,21,21,3,1,3,3,3
6,50,5.811e-06,1,5.811e-06,5.811e-06,5.811e-06,22,1,22,22,22,3,1,3,3,3
6,50,5.943e-06,1,5.943e-06,5.943e-06,5.943e-06,22,1,22,22,22,4,1,4,4,4
6,50,5.913e-06,1,5.913e-06,5.913e-06,5.913e-06,22,1,22,22,22,4,1,4,4,4
6,50,5.772e-06,1,5.772e-06,5.772e-06,5.772e-06,23,1,23,23,23,3,1,3,3,3
6,50,5.584e-06,1,5.584e-06,5.584e-06,5.584e-06,18,1,18,18,18,2,1,2,2,2
6,50,5.995e-06,1,5.995e-06,5.995e-06,5.995e-06,24,1,24,24,24,4,1,4,4,4
6,50,5.878e-06,1,5.878e-06,5.878e-06,5.878e-06,22,1,22,22,22,3,1,3,3,3
6,50,5.883e-06,1,5.883e-06,5.883e-06,5.883e-06,23,1,23,23,23,3,1,3,3,3
6,50,5.859e-06,1,5.859e-06,5.859e-06,5.859e-06,22,1,22,22,22,4,1,4,4,4
6,50,5.839e-06,1,5.839e-06,5.839e-06,5.839e-06,22,1,22,22,22,3,1,3,3,3
6,50,5.724e-06,1,5.724e-06,5.724e-06,5.724e-06,21,1,21,21,21,3,1,3,3,3
6,50,5.53e-06,1,5.53e-06,5.53e-06,5.53e-06,21,1,21,21,21,3,1,3,3,3
6,50,5.726e-06,1,5.726e-06,5.726e-06,5.726e-06,19,1,19,19,19,3,1,3,3,3
6,50,6.09e-06,1,6.09e-06,6.09e-06,6.09e-06,26,1,26,26,26,4,1,4,4,4
6,50,5.835e-06,1,5.835e-06,5.835e-06,5.835e-06,21,1,21,21,21,3,1,3,3,3
6,50,5.602e-06,1,5.602e-06,5.602e-06,5.602e-06,21,1,21,21,21,3,1,3,3,3
6,50,5.672e-06,1,5.672e-06,5.672e-06,5.672e-06,21,1,21,21,21,3,1,3,3,3
6,50,5.563e-06,1,5.563e-06,5.563e-06,5.563e-06,20,1,20,20,20,3,1,3,3,3
6,50,5.798e-06,1,5.798e-06,5.798e-06,5.798e-06,21,1,21,21,21,3,1,3,3,3
6,50,5.542e-06,1,5.542e-06,5.542e-06,5.542e-06,21,1,21,21,21,3,1,3,3,3
6,50,5.357e-06,1,5.357e-06,5.357e-06,5.357e-06,20,1,20,20,20,3,1,3,3,3
6,50,5.37e-06,1,5.37e-06,5.37e-06,5.37e-06,21,1,21,21,21,3,1,3,3,3
6,50,5.479e-06,1,5.479e-06,5.479e-06,5.479e-06,21,1,21,21,21,3,1,3,3,3
6,50,5.458e-06,1,5.458e-06,5.458e-06,5.458e-06,20,1,20,20,20,3,1,3,3,3
6,50,5.567e-06,1,5.567e-06,5.567e-06,5.567e-06,22,1,22,22,22,3,1,3,3,3
6,50,5.77e-06,1,5.77e-06,5.77e-06,5.77e-06,28,1,28,28,28,5,1,5,5,5
6,50,5.494e-06,1,5.494e-06,5.494e-06,5.494e-06,20,1,20,20,20,3,1,3,3,3
6,50,5.426e-06,1,5.426e-06,5.426e-06,5.426e-06,20,1,20,20,20,3,1,3,3,3
6,50,5.627e-06,1,5.627e-06,5.627e-06,5.627e-06,21,1,21,21,21,3,1,3,3,3
6,50,5.18e-06,1,5.18e-06,5.18e-06,5.18e-06,17,1,17,17,17,2,1,2,2,2
6,50,5.462e-06,1,5.462e-06,5.462e-06,5.462e-06,21,1,21,21,21,3,1,3,3,3
6,50,5.347e-06,1,5.347e-06,5.347e-06,5.347e-06,21,1,21,21,21,3,1,3,3,3
6,50,5.314e-06,1,5.314e-06,5.314e-06,5.314e-06,21,1,21,21,21,3,1,3,3,3
6,50,5.327e-06,1,5.327e-06,5.327e-06,5.327e-06,23,1,23,23,23,3,1,3,3,3
6,50,5.504e-06,1,5.504e-06,5.504e-06,5.504e-06,20,1,20,20,20,3,1,3,3,3
6,50,5.26e-06,1,5.26e-06,5.26e-06,5.26e-06,19,1,19,19,19,3,1,3,3,3
6,50,5.253e-06,1,5.253e-06,5.253e-06,5.253e-06,20,1,20,20,20,3,1,3,3,3
6,50,5.302e-06,1,5.302e-06,5.302e-06,5.302e-06,21,1,21,21,21,3,1,3,3,3
6,50,5.39e-06,1,5.39e-06,5.39e-06,5.39e-06,21,1,21,21,21,3,1,3,3,3
6,50,5.405e-06,1,5.405e-06,5.405e-06,5.405e-06,21,1,21,21,21,3,1,3,3,3
6,50,5.583e-06,1,5.583e-06,5.583e-06,5.583e-06,20,1,20,20,20,3,1,3,3,3
6,50,5.455e-06,1,5.455e-06,5.455e-06,5.455e-06,21,1,21,21,21,3,1,3,3,3
6,50,5.416e-06,1,5.416e-06,5.416e-06,5.416e-06,21,1,21,21,21,3,1,3,3,3
6,50,5.673e-06,1,5.673e-06,5.673e-06,5.673e-06,21,1,21,21,21,3,1,3,3,3
6,50,5.259e-06,1,5.259e-06,5.259e-06,5.259e-06,18,1,18,18,18,2,1,2,2,2
6,50,5.293e-06,1,5.293e-06,5.293e-06,5.293e-06,20,1,20,20,20,3,1,3,3,3
6,50,5.394e-06,1,5.394e-06,5.394e-06,5.394e-06,21,1,21,21,21,3,1,3,3,3
6,50,5.64e-06,1,5.64e-06,5.64e-06,5.64e-06,22,1,22,22,22,3,1,3,3,3
6,50,5.176e-06,1,5.176e-06,5.176e-06,5.176e-06,18,1,18,18,18,2,1,2,2,2
6,50,2.2774e-05,1,2.2774e-05,2.2774e-05,2.2774e-05,21,1,21,21,21,3,1,3,3,3
6,50,5.445e-06,1,5.445e-06,5.445e-06,5.445e-06,20,1,20,20,20,3,1,3,3,3
6,50,5.693e-06,1,5.693e-06,5.693e-06,5.693e-06,22,1,22,22,22,3,1,3,3,3
6,50,5.855e-06,1,5.855e-06,5.855e-06,5.855e-06,20,1,20,20,20,3,1,3,3,3
6,50,5.571e-06,1,5.571e-06,5.571e-06,5.571e-06,19,1,19,19,19,2,1,2,2,2
6,50,5.728e-06,1,5.728e-06,5.728e-06,5.728e-06,21,1,21,21,21,3,1,3,3,3
6,50,5.605e-06,1,5.605e-06,5.605e-06,5.605e-06,22,1,22,22,22,4,1,4,4,4
6,50,5.579e-06,1,5.579e-06,5.579e-06,5.579e-06,18,1,18,18,18,2,1,2,2,2
6,50,5.839e-06,1,5.839e-06,5.839e-06,5.839e-06,20,1,20,20,20,3,1,3,3,3
6,50,5.849e-06,1,5.849e-06,5.849e-06,5.849e-06,21,1,21,21,21,3,1,3,3,3
6,50,5.526e-06,1,5.526e-06,5.526e-06,5.526e-06,18,1,18,18,18,2,1,2,2,2
6,50,5.817e-06,1,5.817e-06,5.817e-06,5.817e-06,24,1,24,24,24,4,1,4,4,4
6,50,6.347e-06,1,6.347e-06,6.347e-06,6.347e-06,26,1,26,26,26,4,1,4,4,4
6,50,5.614e-06,1,5.614e-06,5.614e-06,5.614e-06,20,1,20,20,20,3,1,3,3,3
6,50,5.858e-06,1,5.858e-06,5.858e-06,5.858e-06,18,1,18,18,18,2,1,2,2,2
6,50,6.102e-06,1,6.102e-06,6.102e-06,6.102e-06,26,1,26,26,26,4,1,4,4,4
6,50,5.433e-06,1,5.433e-06,5.433e-06,5.433e-06,21,1,21,21,21,3,1,3,3,3
6,50,5.806e-06,1,5.806e-06,5.806e-06,5.806e-06,24,1,24,24,24,4,1,4,4,4
6,50,5.903e-06,1,5.903e-06,5.903e-06,5.903e-06,20,1,20,20,20,3,1,3,3,3
6,50,5.759e-06,1,5.759e-06,5.759e-06,5.759e-06,24,1,24,24,24,4,1,4,4,4
6,50,5.1814e-05,1,5.1814e-05,5.1814e-05,5.1814e-05,19,1,19,19,19,3,1,3,3,3
6,50,6.081e-06,1,6.081e-06,6.081e-06,6.081e-06,23,1,23,23,23,4,1,4,4,4
6,50,5.755e-06,1,5.755e-06,5.755e-06,5.755e-06,20,1,20,20,20,3,1,3,3,3
6,50,5.575e-06,1,5.575e-06,5.575e-06,5.575e-06,20,1,20,20,20,3,1,3,3,3
6,50,5.644e-06,1,5.644e-06,5.644e-06,5.644e-06,21,1,21,21,21,3,1,3,3,3
6,50,5.542e-06,1,5.542e-06,5.542e-06,5.542e-06,18,1,18,18,18,2,1,2,2,2
6,50,5.554e-06,1,5.554e-06,5.554e-06,5.554e-06,21,1,21,21,21,3,1,3,3,3
6,50,5.889e-06,1,5.889e-06,5.889e-06,5.889e-06,20,1,20,20,20,3,1,3,3,3
6,50,5.821e-06,1,5.821e-06,5.821e-06,5.821e-06,22,1,22,22,22,3,1,3,3,3
6,50,5.812e-06,1,5.812e-06,5.812e-06,5.812e-06,21,1,21,21,21,3,1,3,3,3
6,50,6.039e-06,1,6.039e-06,6.039e-06,6.039e-06,23,1,23,23,23,4,1,4,4,4
6,50,5.862e-06,1,5.862e-06,5.862e-06,5.862e-06,19,1,19,19,19,3,1,3,3,3
6,50,5.996e-06,1,5.996e-06,5.996e-06,5.996e-06,22,1,22,22,22,4,1,4,4,4
6,50,5.398e-06,1,5.398e-06,5.398e-06,5.398e-06,18,1,18,18,18,2,1,2,2,2
6,50,5.853e-06,1,5.853e-06,5.853e-06,5.853e-06,20,1,20,20,20,3,1,3,3,3
6,50,5.997e-06,1,5.997e-06,5.997e-06,5.997e-06,22,1,22,22,22,4,1,4,4,4
6,50,5.747e-06,1,5.747e-06,5.747e-06,5.747e-06,20,1,20,20,20,3,1,3,3,3
6,50,5.489e-06,1,5.489e-06,5.489e-06,5.489e-06,18,1,18,18,18,2,1,2,2,2
6,50,5.698e-06,1,5.698e-06,5.698e-06,5.698e-06,20,1,20,20,20,3,1,3,3,3
6,50,5.758e-06,1,5.758e-06,5.758e-06,5.758e-06,21,1,21,21,21,3,1,3,3,3
6,50,5.48e-06,1,5.48e-06,5.48e-06,5.48e-06,22,1,22,22,22,3,1,3,3,3
6,50,5.251e-06,1,5.251e-06,5.251e-06,5.251e-06,19,1,19,19,19,3,1,3,3,3
6,50,5.43e-06,1,5.43e-06,5.43e-06,5.43e-06,21,1,21,21,21,3,1,3,3,3
6,50,5.55e-06,1,5.55e-06,5.55e-06,5.55e-06,22,1,22,22,22,4,1,4,4,4
6,50,5.485e-06,1,5.485e-06,5.485e-06,5.485e-06,23,1,23,23,23,3,1,3,3,3
6,50,5.345e-06,1,5.345e-06,5.345e-06,5.345e-06,18,1,18,18,18,2,1,2,2,2
6,50,5.236e-06,1,5.236e-06,5.236e-06,5.236e-06,18,1,18,18,18,2,1,2,2,2
6,50,5.616e-06,1,5.616e-06,5.616e-06,5.616e-06,21,1,21,21,21,3,1,3,3,3
6,50,5.502e-06,1,5.502e-06,5.502e-06,5.502e-06,20,1,20,20,20,3,1,3,3,3
6,50,5.604e-06,1,5.604e-06,5.604e-06,5.604e-06,19,1,19,19,19,3,1,3,3,3
6,50,5.958e-06,1,5.958e-06,5.958e-06,5.958e-06,24,1,24,24,24,4,1,4,4,4
6,50,5.716e-06,1,5.716e-06,5.716e-06,5.716e-06,21,1,21,21,21,3,1,3,3,3
6,50,5.79e-06,1,5.79e-06,5.79e-06,5.79e-06,20,1,20,20,20,3,1,3,3,3
6,50,5.554e-06,1,5.554e-06,5.554e-06,5.554e-06,19,1,19,19,19,3,1,3,3,3
6,50,5.76e-06,1,5.76e-06,5.76e-06,5.76e-06,21,1,21,21,21,3,1,3,3,3
6,50,5.709e-06,1,5.709e-06,5.709e-06,5.709e-06,20,1,20,20,20,3,1,3,3,3
6,50,5.501e-06,1,5.501e-06,5.501e-06,5.501e-06,18,1,18,18,18,2,1,2,2,2
6,50,5.944e-06,1,5.944e-06,5.944e-06,5.944e-06,19,1,19,19,19,3,1,3,3,3
6,50,5.761e-06,1,5.761e-06,5.761e-06,5.761e-06,18,1,18,18,18,2,1,2,2,2
6,50,5.599e-06,1,5.599e-06,5.599e-06,5.599e-06,18,1,18,18,18,2,1,2,2,2
6,50,5.944e-06,1,5.944e-06,5.944e-06,5.944e-06,24,1,24,24,24,4,1,4,4,4
6,50,5.927e-06,1,5.927e-06,5.927e-06,5.927e-06,23,1,23,23,23,4,1,4,4,4
6,50,5.793e-06,1,5.793e-06,5.793e-06,5.793e-06,21,1,21,21,21,3,1,3,3,3
6,50,5.725e-06,1,5.725e-06,5.725e-06,5.725e-06,20,1,20,20,20,3,1,3,3,3
6,50,5.677e-06,1,5.677e-06,5.677e-06,5.677e-06,21,1,21,21,21,3,1,3,3,3
6,50,5.563e-06,1,5.563e-06,5.563e-06,5.563e-06,19,1,19,19,19,3,1,3,3,3
6,50,5.709e-06,1,5.709e-06,5.709e-06,5.709e-06,18,1,18,18,18,2,1,2,2,2
6,50,5.585e-06,1,5.585e-06,5.585e-06,5.585e-06,21,1,21,21,21,3,1,3,3,3
6,50,5.707e-06,1,5.707e-06,5.707e-06,5.707e-06,18,1,18,18,18,2,1,2,2,2
6,50,5.705e-06,1,5.705e-06,5.705e-06,5.705e-06,18,1,18,18,18,2,1,2,2,2
6,50,5.796e-06,1,5.796e-06,5.796e-06,5.796e-06,24,1,24,24,24,4,1,4,4,4
6,50,5.476e-06,1,5.476e-06,5.476e-06,5.476e-06,20,1,20,20,20,3,1,3,3,3
6,50,5.708e-06,1,5.708e-06,5.708e-06,5.708e-06,18,1,18,18,18,2,1,2,2,2
6,50,5.395e-06,1,5.395e-06,5.395e-06,5.395e-06,19,1,19,19,19,3,1,3,3,3
6,50,5.515e-06,1,5.515e-06,5.515e-06,5.515e-06,24,1,24,24,24,4,1,4,4,4
6,50,5.341e-06,1,5.341e-06,5.341e-06,5.341e-06,24,1,24,24,24,4,1,4,4,4
6,50,5.763e-06,1,5.763e-06,5.763e-06,5.763e-06,28,1,28,28,28,5,1,5,5,5
6,50,5.448e-06,1,5.448e-06,5.448e-06,5.448e-06,21,1,21,21,21,3,1,3,3,3
6,50,5.552e-06,1,5.552e-06,5.552e-06,5.552e-06,21,1,21,21,21,3,1,3,3,3
6,50,5.268e-06,1,5.268e-06,5.268e-06,5.268e-06,18,1,18,18,18,2,1,2,2,2
6,50,5.552e-06,1,5.552e-06,5.552e-06,5.552e-06,20,1,20,20,20,3,1,3,3,3
6,50,5.568e-06,1,5.568e-06,5.568e-06,5.568e-06,22,1,22,22,22,4,1,4,4,4
6,50,5.447e-06,1,5.447e-06,5.447e-06,5.447e-06,18,1,18,18,18,2,1,2,2,2
6,50,5.776e-06,1,5.776e-06,5.776e-06,5.776e-06,26,1,26,26,26,4,1,4,4,4
6,50,5.46e-06,1,5.46e-06,5.46e-06,5.46e-06,20,1,20,20,20,3,1,3,3,3
6,50,5.427e-06,1,5.427e-06,5.427e-06,5.427e-06,18,1,18,18,18,2,1,2,2,2
6,50,5.535e-06,1,5.535e-06,5.535e-06,5.535e-06,20,1,20,20,20,3,1,3,3,3
6,50,5.603e-06,1,5.603e-06,5.603e-06,5.603e-06,23,1,23,23,23,3,1,3,3,3
6,50,5.329e-06,1,5.329e-06,5.329e-06,5.329e-06,20,1,20,20,20,3,1,3,3,3
6,50,5.288e-06,1,5.288e-06,5.288e-06,5.288e-06,20,1,20,20,20,3,1,3,3,3
6,50,5.52e-06,1,5.52e-06,5.52e-06,5.52e-06,22,1,22,22,22,3,1,3,3,3
6,50,5.284e-06,1,5.284e-06,5.284e-06,5.284e-06,20,1,20,20,20,3,1,3,3,3
6,50,5.356e-06,1,5.356e-06,5.356e-06,5.356e-06,21,1,21,21,21,3,1,3,3,3
6,50,5.263e-06,1,5.263e-06,5.263e-06,5.263e-06,19,1,19,19,19,2,1,2,2,2
6,50,5.543e-06,1,5.543e-06,5.543e-06,5.543e-06,20,1,20,20,20,3,1,3,3,3
6,50,5.275e-06,1,5.275e-06,5.275e-06,5.275e-06,18,1,18,18,18,2,1,2,2,2
6,50,5.719e-06,1,5.719e-06,5.719e-06,5.719e-06,22,1,22,22,22,4,1,4,4,4
6,50,5.39e-06,1,5.39e-06,5.39e-06,5.39e-06,23,1,23,23,23,3,1,3,3,3
6,50,5.4e-06,1,5.4e-06,5.4e-06,5.4e-06,21,1,21,21,21,3,1,3,3,3
6,50,5.467e-06,1,5.467e-06,5.467e-06,5.467e-06,19,1,19,19,19,3,1,3,3,3
6,50,5.578e-06,1,5.578e-06,5.578e-06,5.578e-06,24,1,24,24,24,4,1,4,4,4
6,50,5.291e-06,1,5.291e-06,5.291e-06,5.291e-06,18,1,18,18,18,2,1,2,2,2
6,50,5.4e-06,1,5.4e-06,5.4e-06,5.4e-06,19,1,19,19,19,2,1,2,2,2
6,50,5.584e-06,1,5.584e-06,5.584e-06,5.584e-06,22,1,22,22,22,3,1,3,3,3
6,50,5.383e-06,1,5.383e-06,5.383e-06,5.383e-06,20,1,20,20,20,3,1,3,3,3
6,50,5.597e-06,1,5.597e-06,5.597e-06,5.597e-06,24,1,24,24,24,4,1,4,4,4
6,50,5.556e-06,1,5.556e-06,5.556e-06,5.556e-06,22,1,22,22,22,3,1,3,3,3
6,50,5.441e-06,1,5.441e-06,5.441e-06,5.441e-06,19,1,19,19,19,2,1,2,2,2
6,50,5.217e-06,1,5.217e-06,5.217e-06,5.217e-06,18,1,18,18,18,2,1,2,2,2
6,50,5.124e-06,1,5.124e-06,5.124e-06,5.124e-06,18,1,18,18,18,2,1,2,2,2
6,50,5.495e-06,1,5.495e-06,5.495e-06,5.495e-06,22,1,22,22,22,3,1,3,3,3
6,50,5.55e-06,1,5.55e-06,5.55e-06,5.55e-06,17,1,17,17,17,2,1,2,2,2
6,50,5.348e-06,1,5.348e-06,5.348e-06,5.348e-06,21,1,21,21,21,3,1,3,3,3
6,50,5.169e-06,1,5.169e-06,5.169e-06,5.169e-06,17,1,17,17,17,2,1,2,2,2
6,50,5.649e-06,1,5.649e-06,5.649e-06,5.649e-06,24,1,24,24,24,4,1,4,4,4
6,50,5.649e-06,1,5.649e-06,5.649e-06,5.649e-06,22,1,22,22,22,4,1,4,4,4
6,50,5.335e-06,1,5.335e-06,5.335e-06,5.335e-06,18,1,18,18,18,2,1,2,2,2
6,50,5.455e-06,1,5.455e-06,5.455e-06,5.455e-06,21,1,21,21,21,3,1,3,3,3
6,50,5.462e-06,1,5.462e-06,5.462e-06,5.462e-06,22,1,22,22,22,4,1,4,4,4
6,50,5.43e-06,1,5.43e-06,5.43e-06,5.43e-06,20,1,20,20,20,3,1,3,3,3
6,50,5.469e-06,1,5.469e-06,5.469e-06,5.469e-06,21,1,21,21,21,3,1,3,3,3
6,50,5.203e-06,1,5.203e-06,5.203e-06,5.203e-06,21,1,21,21,21,3,1,3,3,3
6,50,5.534e-06,1,5.534e-06,5.534e-06,5.534e-06,24,1,24,24,24,4,1,4,4,4
6,50,5.422e-06,1,5.422e-06,5.422e-06,5.422e-06,18,1,18,18,18,2,1,2,2,2
6,50,5.596e-06,1,5.596e-06,5.596e-06,5.596e-06,20,1,20,20,20,3,1,3,3,3
6,50,5.434e-06,1,5.434e-06,5.434e-06,5.434e-06,21,1,21,21,21,3,1,3,3,3
6,50,5.45e-06,1,5.45e-06,5.45e-06,5.45e-06,18,1,18,18,18,2,1,2,2,2
6,50,5.736e-06,1,5.736e-06,5.736e-06,5.736e-06,22,1,22,22,22,4,1,4,4,4
6,50,5.569e-06,1,5.569e-06,5.569e-06,5.569e-06,23,1,23,23,23,3,1,3,3,3
6,50,5.539e-06,1,5.539e-06,5.539e-06,5.539e-06,21,1,21,21,21,3,1,3,3,3
6,50,5.293e-06,1,5.293e-06,5.293e-06,5.293e-06,20,1,20,20,20,3,1,3,3,3
6,50,5.897e-06,1,5.897e-06,5.897e-06,5.897e-06,26,1,26,26,26,4,1,4,4,4
6,50,5.489e-06,1,5.489e-06,5.489e-06,5.489e-06,21,1,21,21,21,3,1,3,3,3
6,50,5.427e-06,1,5.427e-06,5.427e-06,5.427e-06,20,1,20,20,20,3,1,3,3,3
6,50,5.183e-06,1,5.183e-06,5.183e-06,5.183e-06,19,1,19,19,19,3,1,3,3,3
6,50,5.528e-06,1,5.528e-06,5.528e-06,5.528e-06,22,1,22,22,22,3,1,3,3,3
6,50,5.308e-06,1,5.308e-06,5.308e-06,5.308e-06,21,1,21,21,21,3,1,3,3,3
6,50,5.365e-06,1,5.365e-06,5.365e-06,5.365e-06,21,1,21,21,21,3,1,3,3,3
6,50,2.2846e-05,1,2.2846e-05,2.2846e-05,2.2846e-05,19,1,19,19,19,3,1,3,3,3
6,50,5.675e-06,1,5.675e-06,5.675e-06,5.675e-06,19,1,19,19,19,3,1,3,3,3
6,50,5.521e-06,1,5.521e-06,5.521e-06,5.521e-06,20,1,20,20,20,3,1,3,3,3
6,50,5.66e-06,1,5.66e-06,5.66e-06,5.66e-06,19,1,19,19,19,2,1,2,2,2
6,50,5.695e-06,1,5.695e-06,5.695e-06,5.695e-06,21,1,21,21,21,3,1,3,3,3
6,50,5.59e-06,1,5.59e-06,5.59e-06,5.59e-06,19,1,19,19,19,2,1,2,2,2
6,50,5.602e-06,1,5.602e-06,5.602e-06,5.602e-06,18,1,18,18,18,2,1,2,2,2
6,50,5.773e-06,1,5.773e-06,5.773e-06,5.773e-06,21,1,21,21,21,3,1,3,3,3
6,50,5.828e-06,1,5.828e-06,5.828e-06,5.828e-06,23,1,23,23,23,3,1,3,3,3
6,50,5.785e-06,1,5.785e-06,5.785e-06,5.785e-06,21,1,21,21,21,3,1,3,3,3
6,50,5.864e-06,1,5.864e-06,5.864e-06,5.864e-06,24,1,24,24,24,4,1,4,4,4
6,50,5.69e-06,1,5.69e-06,5.69e-06,5.69e-06,21,1,21,21,21,3,1,3,3,3
6,50,5.723e-06,1,5.723e-06,5.723e-06,5.723e-06,22,1,22,22,22,4,1,4,4,4
6,50,5.715e-06,1,5.715e-06,5.715e-06,5.715e-06,21,1,21,21,21,3,1,3,3,3
6,50,5.76e-06,1,5.76e-06,5.76e-06,5.76e-06,21,1,21,21,21,3,1,3,3,3
6,50,5.466e-06,1,5.466e-06,5.466e-06,5.466e-06,18,1,18,18,18,2,1,2,2,2
6,50,5.67e-06,1,5.67e-06,5.67e-06,5.67e-06,18,1,18,18,18,2,1,2,2,2
6,50,5.551e-06,1,5.551e-06,5.551e-06,5.551e-06,20,1,20,20,20,3,1,3,3,3
6,50,5.829e-06,1,5.829e-06,5.829e-06,5.829e-06,20,1,20,20,20,3,1,3,3,3
6,50,5.949e-06,1,5.949e-06,5.949e-06,5.949e-06,21,1,21,21,21,3,1,3,3,3
6,50,5.823e-06,1,5.823e-06,5.823e-06,5.823e-06,23,1,23,23,23,3,1,3,3,3
6,50,5.891e-06,1,5.891e-06,5.891e-06,5.891e-06,17,1,17,17,17,2,1,2,2,2
6,50,5.7e-06,1,5.7e-06,5.7e-06,5.7e-06,20,1,20,20,20,3,1,3,3,3
6,50,5.736e-06,1,5.736e-06,5.736e-06,5.736e-06,18,1,18,18,18,2,1,2,2,2
6,50,5.668e-06,1,5.668e-06,5.668e-06,5.668e-06,19,1,19,19,19,3,1,3,3,3
6,50,5.391e-06,1,5.391e-06,5.391e-06,5.391e-06,20,1,20,20,20,3,1,3,3,3
6,50,5.506e-06,1,5.506e-06,5.506e-06,5.506e-06,19,1,19,19,19,3,1,3,3,3
6,50,5.414e-06,1,5.414e-06,5.414e-06,5.414e-06,20,1,20,20,20,3,1,3,3,3
6,50,5.286e-06,1,5.286e-06,5.286e-06,5.286e-06,20,1,20,20,20,3,1,3,3,3
6,50,5.381e-06,1,5.381e-06,5.381e-06,5.381e-06,17,1,17,17,17,2,1,2,2,2
6,50,5.355e-06,1,5.355e-06,5.355e-06,5.355e-06,21,1,21,21,21,3,1,3,3,3
6,50,5.361e-06,1,5.361e-06,5.361e-06,5.361e-06,19,1,19,19,19,3,1,3,3,3
6,50,5.255e-06,1,5.255e-06,5.255e-06,5.255e-06,18,1,18,18,18,2,1,2,2,2
6,50,5.47e-06,1,5.47e-06,5.47e-06,5.47e-06,21,1,21,21,21,3,1,3,3,3
6,50,5.181e-06,1,5.181e-06,5.181e-06,5.181e-06,20,1,20,20,20,3,1,3,3,3
6,50,5.354e-06,1,5.354e-06,5.354e-06,5.354e-06,18,1,18,18,18,2,1,2,2,2
6,50,5.509e-06,1,5.509e-06,5.509e-06,5.509e-06,20,1,20,20,20,3,1,3,3,3
6,50,5.416e-06,1,5.416e-06,5.416e-06,5.416e-06,19,1,19,19,19,3,1,3,3,3
6,50,5.511e-06,1,5.511e-06,5.511e-06,5.511e-06,21,1,21,21,21,3,1,3,3,3
6,50,5.612e-06,1,5.612e-06,5.612e-06,5.612e-06,21,1,21,21,21,3,1,3,3,3
6,50,5.435e-06,1,5.435e-06,5.435e-06,5.435e-06,21,1,21,21,21,3,1,3,3,3
6,50,5.245e-06,1,5.245e-06,5.245e-06,5.245e-06,20,1,20,20,20,3,1,3,3,3
6,50,5.599e-06,1,5.599e-06,5.599e-06,5.599e-06,23,1,23,23,23,3,1,3,3,3
6,50,5.505e-06,1,5.505e-06,5.505e-06,5.505e-06,21,1,21,21,21,3,1,3,3,3
6,50,5.343e-06,1,5.343e-06,5.343e-06,5.343e-06,20,1,20,20,20,3,1,3,3,3
6,50,5.426e-06,1,5.426e-06,5.426e-06,5.426e-06,22,1,22,22,22,3,1,3,3,3
6,50,5.177e-06,1,5.177e-06,5.177e-06,5.177e-06,20,1,20,20,20,3,1,3,3,3
6,50,5.64e-06,1,5.64e-06,5.64e-06,5.64e-06,21,1,21,21,21,3,1,3,3,3
6,50,5.366e-06,1,5.366e-06,5.366e-06,5.366e-06,18,1,18,18,18,2,1,2,2,2
6,50,5.684e-06,1,5.684e-06,5.684e-06,5.684e-06,21,1,21,21,21,3,1,3,3,3
6,50,5.442e-06,1,5.442e-06,5.442e-06,5.442e-06,21,1,21,21,21,3,1,3,3,3
6,50,5.389e-06,1,5.389e-06,5.389e-06,5.389e-06,20,1,20,20,20,3,1,3,3,3
6,50,5.195e-06,1,5.195e-06,5.195e-06,5.195e-06,20,1,20,20,20,3,1,3,3,3
6,50,5.163e-06,1,5.163e-06,5.163e-06,5.163e-06,20,1,20,20,20,3,1,3,3,3
6,50,5.71e-06,1,5.71e-06,5.71e-06,5.71e-06,21,1,21,21,21,3,1,3,3,3
6,50,5.288e-06,1,5.288e-06,5.288e-06,5.288e-06,21,1,21,21,21,3,1,3,3,3
6,50,5.601e-06,1,5.601e-06,5.601e-06,5.601e-06,20,1,20,20,20,3,1,3,3,3
6,50,5.503e-06,1,5.503e-06,5.503e-06,5.503e-06,20,1,20,20,20,3,1,3,3,3
6,50,5.403e-06,1,5.403e-06,5.403e-06,5.403e-06,20,1,20,20,20,3,1,3,3,3
6,50,6.069e-06,1,6.069e-06,6.069e-06,6.069e-06,28,1,28,28,28,5,1,5,5,5
6,50,5.279e-06,1,5.279e-06,5.279e-06,5.279e-06,21,1,21,21,21,3,1,3,3,3
6,50,5.664e-06,1,5.664e-06,5.664e-06,5.664e-06,20,1,20,20,20,3,1,3,3,3
6,50,5.518e-06,1,5.518e-06,5.518e-06,5.518e-06,21,1,21,21,21,3,1,3,3,3
6,50,5.432e-06,1,5.432e-06,5.432e-06,5.432e-06,21,1,21,21,21,3,1,3,3,3
6,50,5.358e-06,1,5.358e-06,5.358e-06,5.358e-06,22,1,22,22,22,3,1,3,3,3
6,50,5.401e-06,1,5.401e-06,5.401e-06,5.401e-06,18,1,18,18,18,2,1,2,2,2
6,50,5.549e-06,1,5.549e-06,5.549e-06,5.549e-06,20,1,20,20,20,3,1,3,3,3
6,50,5.302e-06,1,5.302e-06,5.302e-06,5.302e-06,19,1,19,19,19,3,1,3,3,3
6,50,5.38e-06,1,5.38e-06,5.38e-06,5.38e-06,21,1,21,21,21,3,1,3,3,3
6,50,5.206e-06,1,5.206e-06,5.206e-06,5.206e-06,21,1,21,21,21,3,1,3,3,3
6,50,5.581e-06,1,5.581e-06,5.581e-06,5.581e-06,22,1,22,22,22,4,1,4,4,4
6,50,5.083e-06,1,5.083e-06,5.083e-06,5.083e-06,20,1,20,20,20,3,1,3,3,3
6,50,5.519e-06,1,5.519e-06,5.519e-06,5.519e-06,21,1,21,21,21,3,1,3,3,3
6,50,5.332e-06,1,5.332e-06,5.332e-06,5.332e-06,20,1,20,20,20,3,1,3,3,3
6,50,5.331e-06,1,5.331e-06,5.331e-06,5.331e-06,19,1,19,19,19,2,1,2,2,2
6,50,5.324e-06,1,5.324e-06,5.324e-06,5.324e-06,21,1,21,21,21,3,1,3,3,3
6,50,5.604e-06,1,5.604e-06,5.604e-06,5.604e-06,24,1,24,24,24,4,1,4,4,4
6,50,5.411e-06,1,5.411e-06,5.411e-06,5.411e-06,21,1,21,21,21,3,1,3,3,3
6,50,5.258e-06,1,5.258e-06,5.258e-06,5.258e-06,19,1,19,19,19,2,1,2,2,2
6,50,5.32e-06,1,5.32e-06,5.32e-06,5.32e-06,23,1,23,23,23,3,1,3,3,3
6,50,5.813e-06,1,5.813e-06,5.813e-06,5.813e-06,26,1,26,26,26,4,1,4,4,4
6,50,5.228e-06,1,5.228e-06,5.228e-06,5.228e-06,20,1,20,20,20,3,1,3,3,3
6,50,5.492e-06,1,5.492e-06,5.492e-06,5.492e-06,21,1,21,21,21,3,1,3,3,3
6,50,5.351e-06,1,5.351e-06,5.351e-06,5.351e-06,18,1,18,18,18,2,1,2,2,2
6,50,5.691e-06,1,5.691e-06,5.691e-06,5.691e-06,21,1,21,21,21,3,1,3,3,3
6,50,5.522e-06,1,5.522e-06,5.522e-06,5.522e-06,20,1,20,20,20,3,1,3,3,3
6,50,5.412e-06,1,5.412e-06,5.412e-06,5.412e-06,21,1,21,21,21,3,1,3,3,3
6,50,5.177e-06,1,5.177e-06,5.177e-06,5.177e-06,18,1,18,18,18,2,1,2,2,2
6,50,5.673e-06,1,5.673e-06,5.673e-06,5.673e-06,23,1,23,23,23,3,1,3,3,3
6,50,5.352e-06,1,5.352e-06,5.352e-06,5.352e-06,21,1,21,21,21,3,1,3,3,3
6,50,5.396e-06,1,5.396e-06,5.396e-06,5.396e-06,20,1,20,20,20,3,1,3,3,3
6,50,5.358e-06,1,5.358e-06,5.358e-06,5.358e-06,22,1,22,22,22,4,1,4,4,4
6,50,5.17e-06,1,5.17e-06,5.17e-06,5.17e-06,18,1,18,18,18,2,1,2,2,2
6,50,5.676e-06,1,5.676e-06,5.676e-06,5.676e-06,22,1,22,22,22,4,1,4,4,4
6,50,5.101e-06,1,5.101e-06,5.101e-06,5.101e-06,19,1,19,19,19,2,1,2,2,2
6,50,5.54e-06,1,5.54e-06,5.54e-06,5.54e-06,19,1,19,19,19,3,1,3,3,3
6,50,5.377e-06,1,5.377e-06,5.377e-06,5.377e-06,18,1,18,18,18,2,1,2,2,2
6,50,5.543e-06,1,5.543e-06,5.543e-06,5.543e-06,21,1,21,21,21,3,1,3,3,3
6,50,6.067e-06,1,6.067e-06,6.067e-06,6.067e-06,24,1,24,24,24,4,1,4,4,4
6,50,5.64e-06,1,5.64e-06,5.64e-06,5.64e-06,19,1,19,19,19,3,1,3,3,3
6,50,5.531e-06,1,5.531e-06,5.531e-06,5.531e-06,18,1,18,18,18,2,1,2,2,2
6,50,5.592e-06,1,5.592e-06,5.592e-06,5.592e-06,20,1,20,20,20,3,1,3,3,3
6,50,5.881e-06,1,5.881e-06,5.881e-06,5.881e-06,21,1,21,21,21,3,1,3,3,3
6,50,5.878e-06,1,5.878e-06,5.878e-06,5.878e-06,25,1,25,25,25,4,1,4,4,4
6,50,5.739e-06,1,5.739e-06,5.739e-06,5.739e-06,21,1,21,21,21,3,1,3,3,3
6,50,5.745e-06,1,5.745e-06,5.745e-06,5.745e-06,18,1,18,18,18,2,1,2,2,2
6,50,5.526e-06,1,5.526e-06,5.526e-06,5.526e-06,20,1,20,20,20,3,1,3,3,3
6,50,5.687e-06,1,5.687e-06,5.687e-06,5.687e-06,24,1,24,24,24,4,1,4,4,4
6,50,5.439e-06,1,5.439e-06,5.439e-06,5.439e-06,18,1,18,18,18,2,1,2,2,2
6,50,5.464e-06,1,5.464e-06,5.464e-06,5.464e-06,21,1,21,21,21,3,1,3,3,3
6,50,5.256e-06,1,5.256e-06,5.256e-06,5.256e-06,21,1,21,21,21,3,1,3,3,3
6,50,5.337e-06,1,5.337e-06,5.337e-06,5.337e-06,24,1,24,24,24,4,1,4,4,4
6,50,5.404e-06,1,5.404e-06,5.404e-06,5.404e-06,21,1,21,21,21,3,1,3,3,3
6,50,5.377e-06,1,5.377e-06,5.377e-06,5.377e-06,24,1,24,24,24,4,1,4,4,4
6,50,5.406e-06,1,5.406e-06,5.406e-06,5.406e-06,22,1,22,22,22,3,1,3,3,3
6,50,5.587e-06,1,5.587e-06,5.587e-06,5.587e-06,22,1,22,22,22,3,1,3,3,3
6,50,5.512e-06,1,5.512e-06,5.512e-06,5.512e-06,21,1,21,21,21,3,1,3,3,3
6,50,5.525e-06,1,5.525e-06,5.525e-06,5.525e-06,21,1,21,21,21,3,1,3,3,3
6,50,5.624e-06,1,5.624e-06,5.624e-06,5.624e-06,18,1,18,18,18,2,1,2,2,2
6,50,5.861e-06,1,5.861e-06,5.861e-06,5.861e-06,21,1,21,21,21,3,1,3,3,3
6,50,2.2163e-05,1,2.2163e-05,2.2163e-05,2.2163e-05,19,1,19,19,19,2,1,2,2,2
6,50,5.67e-06,1,5.67e-06,5.67e-06,5.67e-06,20,1,20,20,20,3,1,3,3,3
6,50,5.308e-06,1,5.308e-06,5.308e-06,5.308e-06,18,1,18,18,18,2,1,2,2,2
6,50,5.467e-06,1,5.467e-06,5.467e-06,5.467e-06,21,1,21,21,21,3,1,3,3,3
6,50,5.407e-06,1,5.407e-06,5.407e-06,5.407e-06,21,1,21,21,21,3,1,3,3,3
6,50,5.308e-06,1,5.308e-06,5.308e-06,5.308e-06,20,1,20,20,20,3,1,3,3,3
6,50,5.339e-06,1,5.339e-06,5.339e-06,5.339e-06,20,1,20,20,20,3,1,3,3,3
6,50,5.618e-06,1,5.618e-06,5.618e-06,5.618e-06,21,1,21,21,21,3,1,3,3,3
6,50,5.691e-06,1,5.691e-06,5.691e-06,5.691e-06,21,1,21,21,21,3,1,3,3,3
6,50,5.588e-06,1,5.588e-06,5.588e-06,5.588e-06,23,1,23,23,23,3,1,3,3,3
6,50,5.577e-06,1,5.577e-06,5.577e-06,5.577e-06,21,1,21,21,21,3,1,3,3,3
6,50,5.407e-06,1,5.407e-06,5.407e-06,5.407e-06,22,1,22,22,22,4,1,4,4,4
6,50,5.396e-06,1,5.396e-06,5.396e-06,5.396e-06,21,1,21,21,21,3,1,3,3,3
6,50,5.518e-06,1,5.518e-06,5.518e-06,5.518e-06,18,1,18,18,18,2,1,2,2,2
6,50,5.573e-06,1,5.573e-06,5.573e-06,5.573e-06,20,1,20,20,20,3,1,3,3,3
6,50,5.395e-06,1,5.395e-06,5.395e-06,5.395e-06,21,1,21,21,21,3,1,3,3,3
6,50,5.378e-06,1,5.378e-06,5.378e-06,5.378e-06,21,1,21,21,21,3,1,3,3,3
6,50,5.343e-06,1,5.343e-06,5.343e-06,5.343e-06,18,1,18,18,18,2,1,2,2,2
6,50,5.411e-06,1,5.411e-06,5.411e-06,5.411e-06,20,1,20,20,20,3,1,3,3,3
6,50,5.62e-06,1,5.62e-06,5.62e-06,5.62e-06,18,1,18,18,18,2,1,2,2,2
6,50,5.594e-06,1,5.594e-06,5.594e-06,5.594e-06,22,1,22,22,22,4,1,4,4,4
6,50,5.335e-06,1,5.335e-06,5.335e-06,5.335e-06,21,1,21,21,21,3,1,3,3,3
6,50,5.638e-06,1,5.638e-06,5.638e-06,5.638e-06,24,1,24,24,24,4,1,4,4,4
6,50,5.499e-06,1,5.499e-06,5.499e-06,5.499e-06,21,1,21,21,21,3,1,3,3,3
6,50,5.748e-06,1,5.748e-06,5.748e-06,5.748e-06,25,1,25,25,25,4,1,4,4,4
6,50,5.251e-06,1,5.251e-06,5.251e-06,5.251e-06,22,1,22,22,22,3,1,3,3,3
6,50,5.115e-06,1,5.115e-06,5.115e-06,5.115e-06,18,1,18,18,18,2,1,2,2,2
6,50,5.56e-06,1,5.56e-06,5.56e-06,5.56e-06,21,1,21,21,21,3,1,3,3,3
6,50,5.323e-06,1,5.323e-06,5.323e-06,5.323e-06,21,1,21,21,21,3,1,3,3,3
6,50,5.376e-06,1,5.376e-06,5.376e-06,5.376e-06,20,1,20,20,20,3,1,3,3,3
6,50,5.349e-06,1,5.349e-06,5.349e-06,5.349e-06,20,1,20,20,20,3,1,3,3,3
6,50,5.222e-06,1,5.222e-06,5.222e-06,5.222e-06,21,1,21,21,21,3,1,3,3,3
6,50,5.256e-06,1,5.256e-06,5.256e-06,5.256e-06,20,1,20,20,20,3,1,3,3,3
6,50,5.663e-06,1,5.663e-06,5.663e-06,5.663e-06,22,1,22,22,22,4,1,4,4,4
6,50,5.388e-06,1,5.388e-06,5.388e-06,5.388e-06,21,1,21,21,21,3,1,3,3,3
6,50,5.6e-06,1,5.6e-06,5.6e-06,5.6e-06,23,1,23,23,23,4,1,4,4,4
6,50,5.81e-06,1,5.81e-06,5.81e-06,5.81e-06,26,1,26,26,26,4,1,4,4,4
6,50,5.292e-06,1,5.292e-06,5.292e-06,5.292e-06,17,1,17,17,17,2,1,2,2,2
6,50,5.52e-06,1,5.52e-06,5.52e-06,5.52e-06,19,1,19,19,19,3,1,3,3,3
6,50,5.497e-06,1,5.497e-06,5.497e-06,5.497e-06,21,1,21,21,21,3,1,3,3,3
6,50,5.599e-06,1,5.599e-06,5.599e-06,5.599e-06,19,1,19,19,19,3,1,3,3,3
6,50,5.559e-06,1,5.559e-06,5.559e-06,5.559e-06,21,1,21,21,21,3,1,3,3,3
6,50,5.282e-06,1,5.282e-06,5.282e-06,5.282e-06,18,1,18,18,18,2,1,2,2,2
6,50,5.515e-06,1,5.515e-06,5.515e-06,5.515e-06,21,1,21,21,21,3,1,3,3,3
6,50,5.338e-06,1,5.338e-06,5.338e-06,5.338e-06,21,1,21,21,21,3,1,3,3,3
6,50,5.665e-06,1,5.665e-06,5.665e-06,5.665e-06,20,1,20,20,20,3,1,3,3,3
6,50,5.338e-06,1,5.338e-06,5.338e-06,5.338e-06,24,1,24,24,24,4,1,4,4,4
6,50,5.261e-06,1,5.261e-06,5.261e-06,5.261e-06,21,1,21,21,21,3,1,3,3,3
6,50,5.389e-06,1,5.389e-06,5.389e-06,5.389e-06,19,1,19,19,19,2,1,2,2,2
6,50,5.4e-06,1,5.4e-06,5.4e-06,5.4e-06,21,1,21,21,21,3,1,3,3,3
6,50,5.306e-06,1,5.306e-06,5.306e-06,5.306e-06,21,1,21,21,21,3,1,3,3,3
6,50,5.317e-06,1,5.317e-06,5.317e-06,5.317e-06,22,1,22,22,22,3,1,3,3,3
6,50,5.59e-06,1,5.59e-06,5.59e-06,5.59e-06,21,1,21,21,21,3,1,3,3,3
6,50,5.332e-06,1,5.332e-06,5.332e-06,5.332e-06,20,1,20,20,20,3,1,3,3,3
6,50,5.37e-06,1,5.37e-06,5.37e-06,5.37e-06,19,1,19,19,19,2,1,2,2,2
6,50,5.408e-06,1,5.408e-06,5.408e-06,5.408e-06,22,1,22,22,22,4,1,4,4,4
6,50,5.394e-06,1,5.394e-06,5.394e-06,5.394e-06,20,1,20,20,20,3,1,3,3,3
6,50,5.613e-06,1,5.613e-06,5.613e-06,5.613e-06,23,1,23,23,23,3,1,3,3,3
6,50,5.615e-06,1,5.615e-06,5.615e-06,5.615e-06,21,1,21,21,21,3,1,3,3,3
6,50,5.427e-06,1,5.427e-06,5.427e-06,5.427e-06,22,1,22,22,22,3,1,3,3,3
6,50,5.556e-06,1,5.556e-06,5.556e-06,5.556e-06,22,1,22,22,22,4,1,4,4,4
6,50,5.386e-06,1,5.386e-06,5.386e-06,5.386e-06,18,1,18,18,18,2,1,2,2,2
6,50,5.403e-06,1,5.403e-06,5.403e-06,5.403e-06,18,1,18,18,18,2,1,2,2,2
6,50,5.322e-06,1,5.322e-06,5.322e-06,5.322e-06,20,1,20,20,20,3,1,3,3,3
6,50,5.239e-06,1,5.239e-06,5.239e-06,5.239e-06,19,1,19,19,19,2,1,2,2,2
6,50,5.42e-06,1,5.42e-06,5.42e-06,5.42e-06,21,1,21,21,21,3,1,3,3,3
6,50,5.274e-06,1,5.274e-06,5.274e-06,5.274e-06,20,1,20,20,20,3,1,3,3,3
6,50,5.557e-06,1,5.557e-06,5.557e-06,5.557e-06,22,1,22,22,22,4,1,4,4,4
6,50,5.322e-06,1,5.322e-06,5.322e-06,5.322e-06,21,1,21,21,21,3,1,3,3,3
6,50,5.197e-06,1,5.197e-06,5.197e-06,5.197e-06,18,1,18,18,18,2,1,2,2,2
6,50,5.52e-06,1,5.52e-06,5.52e-06,5.52e-06,21,1,21,21,21,3,1,3,3,3
6,50,5.393e-06,1,5.393e-06,5.393e-06,5.393e-06,23,1,23,23,23,4,1,4,4,4
6,50,5.33e-06,1,5.33e-06,5.33e-06,5.33e-06,21,1,21,21,21,3,1,3,3,3
6,50,5.512e-06,1,5.512e-06,5.512e-06,5.512e-06,21,1,21,21,21,3,1,3,3,3
6,50,5.735e-06,1,5.735e-06,5.735e-06,5.735e-06,23,1,23,23,23,4,1,4,4,4
6,50,5.633e-06,1,5.633e-06,5.633e-06,5.633e-06,18,1,18,18,18,2,1,2,2,2
6,50,5.62e-06,1,5.62e-06,5.62e-06,5.62e-06,20,1,20,20,20,3,1,3,3,3
6,50,5.5e-06,1,5.5e-06,5.5e-06,5.5e-06,20,1,20,20,20,3,1,3,3,3
6,50,2.2481e-05,1,2.2481e-05,2.2481e-05,2.2481e-05,26,1,26,26,26,4,1,4,4,4
6,50,5.315e-06,1,5.315e-06,5.315e-06,5.315e-06,20,1,20,20,20,3,1,3,3,3
6,50,5.393e-06,1,5.393e-06,5.393e-06,5.393e-06,19,1,19,19,19,3,1,3,3,3
6,50,5.947e-06,1,5.947e-06,5.947e-06,5.947e-06,21,1,21,21,21,3,1,3,3,3
6,50,5.844e-06,1,5.844e-06,5.844e-06,5.844e-06,18,1,18,18,18,2,1,2,2,2
6,50,5.743e-06,1,5.743e-06,5.743e-06,5.743e-06,19,1,19,19,19,3,1,3,3,3
6,50,5.828e-06,1,5.828e-06,5.828e-06,5.828e-06,21,1,21,21,21,3,1,3,3,3
6,50,6.026e-06,1,6.026e-06,6.026e-06,6.026e-06,24,1,24,24,24,4,1,4,4,4
6,50,5.535e-06,1,5.535e-06,5.535e-06,5.535e-06,18,1,18,18,18,2,1,2,2,2
6,50,5.472e-06,1,5.472e-06,5.472e-06,5.472e-06,17,1,17,17,17,2,1,2,2,2
6,50,5.845e-06,1,5.845e-06,5.845e-06,5.845e-06,20,1,20,20,20,3,1,3,3,3
6,50,5.688e-06,1,5.688e-06,5.688e-06,5.688e-06,18,1,18,18,18,2,1,2,2,2
6,50,5.593e-06,1,5.593e-06,5.593e-06,5.593e-06,18,1,18,18,18,2,1,2,2,2
6,50,5.661e-06,1,5.661e-06,5.661e-06,5.661e-06,18,1,18,18,18,2,1,2,2,2
6,50,5.486e-06,1,5.486e-06,5.486e-06,5.486e-06,18,1,18,18,18,2,1,2,2,2
6,50,5.55e-06,1,5.55e-06,5.55e-06,5.55e-06,21,1,21,21,21,3,1,3,3,3
6,50,5.715e-06,1,5.715e-06,5.715e-06,5.715e-06,21,1,21,21,21,3,1,3,3,3
6,50,5.895e-06,1,5.895e-06,5.895e-06,5.895e-06,23,1,23,23,23,3,1,3,3,3
6,50,5.793e-06,1,5.793e-06,5.793e-06,5.793e-06,24,1,24,24,24,4,1,4,4,4
6,50,5.411e-06,1,5.411e-06,5.411e-06,5.411e-06,21,1,21,21,21,3,1,3,3,3
6,50,5.494e-06,1,5.494e-06,5.494e-06,5.494e-06,21,1,21,21,21,3,1,3,3,3
6,50,5.468e-06,1,5.468e-06,5.468e-06,5.468e-06,19,1,19,19,19,3,1,3,3,3
6,50,5.566e-06,1,5.566e-06,5.566e-06,5.566e-06,19,1,19,19,19,3,1,3,3,3
6,50,5.359e-06,1,5.359e-06,5.359e-06,5.359e-06,20,1,20,20,20,3,1,3,3,3
6,50,5.292e-06,1,5.292e-06,5.292e-06,5.292e-06,18,1,18,18,18,2,1,2,2,2
6,50,5.334e-06,1,5.334e-06,5.334e-06,5.334e-06,21,1,21,21,21,3,1,3,3,3
6,50,5.56e-06,1,5.56e-06,5.56e-06,5.56e-06,21,1,21,21,21,3,1,3,3,3
6,50,5.175e-06,1,5.175e-06,5.175e-06,5.175e-06,19,1,19,19,19,2,1,2,2,2
6,50,5.331e-06,1,5.331e-06,5.331e-06,5.331e-06,21,1,21,21,21,3,1,3,3,3
6,50,5.164e-06,1,5.164e-06,5.164e-06,5.164e-06,19,1,19,19,19,2,1,2,2,2
6,50,5.744e-06,1,5.744e-06,5.744e-06,5.744e-06,25,1,25,25,25,4,1,4,4,4
6,50,5.376e-06,1,5.376e-06,5.376e-06,5.376e-06,17,1,17,17,17,2,1,2,2,2
6,50,5.453e-06,1,5.453e-06,5.453e-06,5.453e-06,22,1,22,22,22,3,1,3,3,3
6,50,5.496e-06,1,5.496e-06,5.496e-06,5.496e-06,19,1,19,19,19,2,1,2,2,2
6,50,5.449e-06,1,5.449e-06,5.449e-06,5.449e-06,20,1,20,20,20,3,1,3,3,3
6,50,5.569e-06,1,5.569e-06,5.569e-06,5.569e-06,22,1,22,22,22,3,1,3,3,3
6,50,5.521e-06,1,5.521e-06,5.521e-06,5.521e-06,21,1,21,21,21,3,1,3,3,3
6,50,5.736e-06,1,5.736e-06,5.736e-06,5.736e-06,24,1,24,24,24,4,1,4,4,4
6,50,5.349e-06,1,5.349e-06,5.349e-06,5.349e-06,21,1,21,21,21,3,1,3,3,3
6,50,5.612e-06,1,5.612e-06,5.612e-06,5.612e-06,20,1,20,20,20,3,1,3,3,3
6,50,5.418e-06,1,5.418e-06,5.418e-06,5.418e-06,21,1,21,21,21,3,1,3,3,3
6,50,5.238e-06,1,5.238e-06,5.238e-06,5.238e-06,22,1,22,22,22,3,1,3,3,3
6,50,5.509e-06,1,5.509e-06,5.509e-06,5.509e-06,24,1,24,24,24,4,1,4,4,4
6,50,5.639e-06,1,5.639e-06,5.639e-06,5.639e-06,23,1,23,23,23,4,1,4,4,4
6,50,5.508e-06,1,5.508e-06,5.508e-06,5.508e-06,21,1,21,21,21,3,1,3,3,3
6,50,5.459e-06,1,5.459e-06,5.459e-06,5.459e-06,22,1,22,22,22,3,1,3,3,3
6,50,5.574e-06,1,5.574e-06,5.574e-06,5.574e-06,24,1,24,24,24,4,1,4,4,4
6,50,5.579e-06,1,5.579e-06,5.579e-06,5.579e-06,22,1,22,22,22,3,1,3,3,3
6,50,5.479e-06,1,5.479e-06,5.479e-06,5.479e-06,19,1,19,19,19,2,1,2,2,2
6,50,5.151e-06,1,5.151e-06,5.151e-06,5.151e-06,19,1,19,19,19,2,1,2,2,2
6,50,5.25e-06,1,5.25e-06,5.25e-06,5.25e-06,20,1,20,20,20,3,1,3,3,3
6,50,5.308e-06,1,5.308e-06,5.308e-06,5.308e-06,18,1,18,18,18,2,1,2,2,2
6,50,5.614e-06,1,5.614e-06,5.614e-06,5.614e-06,24,1,24,24,24,4,1,4,4,4
6,50,5.309e-06,1,5.309e-06,5.309e-06,5.309e-06,21,1,21,21,21,3,1,3,3,3
6,50,8.385e-06,1,8.385e-06,8.385e-06,8.385e-06,18,1,18,18,18,2,1,2,2,2
6,50,5.587e-06,1,5.587e-06,5.587e-06,5.587e-06,20,1,20,20,20,3,1,3,3,3
6,50,5.377e-06,1,5.377e-06,5.377e-06,5.377e-06,19,1,19,19,19,3,1,3,3,3
6,50,5.596e-06,1,5.596e-06,5.596e-06,5.596e-06,23,1,23,23,23,4,1,4,4,4
6,50,5.639e-06,1,5.639e-06,5.639e-06,5.639e-06,21,1,21,21,21,3,1,3,3,3
6,50,5.492e-06,1,5.492e-06,5.492e-06,5.492e-06,20,1,20,20,20,3,1,3,3,3
6,50,5.499e-06,1,5.499e-06,5.499e-06,5.499e-06,21,1,21,21,21,3,1,3,3,3
6,50,5.255e-06,1,5.255e-06,5.255e-06,5.255e-06,20,1,20,20,20,3,1,3,3,3
6,50,5.353e-06,1,5.353e-06,5.353e-06,5.353e-06,21,1,21,21,21,3,1,3,3,3
6,50,5.622e-06,1,5.622e-06,5.622e-06,5.622e-06,19,1,19,19,19,3,1,3,3,3
6,50,5.347e-06,1,5.347e-06,5.347e-06,5.347e-06,23,1,23,23,23,3,1,3,3,3
6,50,5.305e-06,1,5.305e-06,5.305e-06,5.305e-06,21,1,21,21,21,3,1,3,3,3
6,50,5.276e-06,1,5.276e-06,5.276e-06,5.276e-06,21,1,21,21,21,3,1,3,3,3
6,50,5.379e-06,1,5.379e-06,5.379e-06,5.379e-06,21,1,21,21,21,3,1,3,3,3
6,50,5.506e-06,1,5.506e-06,5.506e-06,5.506e-06,20,1,20,20,20,3,1,3,3,3
6,50,5.28e-06,1,5.28e-06,5.28e-06,5.28e-06,21,1,21,21,21,3,1,3,3,3
6,50,5.802e-06,1,5.802e-06,5.802e-06,5.802e-06,21,1,21,21,21,3,1,3,3,3
6,50,5.726e-06,1,5.726e-06,5.726e-06,5.726e-06,21,1,21,21,21,3,1,3,3,3
6,50,5.569e-06,1,5.569e-06,5.569e-06,5.569e-06,21,1,21,21,21,3,1,3,3,3
6,50,5.937e-06,1,5.937e-06,5.937e-06,5.937e-06,22,1,22,22,22,3,1,3,3,3
6,50,5.669e-06,1,5.669e-06,5.669e-06,5.669e-06,18,1,18,18,18,2,1,2,2,2
6,50,5.961e-06,1,5.961e-06,5.961e-06,5.961e-06,23,1,23,23,23,4,1,4,4,4
6,50,5.85e-06,1,5.85e-06,5.85e-06,5.85e-06,21,1,21,21,21,3,1,3,3,3
6,50,5.755e-06,1,5.755e-06,5.755e-06,5.755e-06,21,1,21,21,21,3,1,3,3,3
6,50,5.589e-06,1,5.589e-06,5.589e-06,5.589e-06,18,1,18,18,18,2,1,2,2,2
6,50,5.97e-06,1,5.97e-06,5.97e-06,5.97e-06,24,1,24,24,24,4,1,4,4,4
6,50,6.13e-06,1,6.13e-06,6.13e-06,6.13e-06,23,1,23,23,23,3,1,3,3,3
6,50,5.699e-06,1,5.699e-06,5.699e-06,5.699e-06,20,1,20,20,20,3,1,3,3,3
6,50,5.617e-06,1,5.617e-06,5.617e-06,5.617e-06,18,1,18,18,18,2,1,2,2,2
6,50,5.753e-06,1,5.753e-06,5.753e-06,5.753e-06,21,1,21,21,21,3,1,3,3,3
6,50,5.449e-06,1,5.449e-06,5.449e-06,5.449e-06,19,1,19,19,19,3,1,3,3,3
6,50,5.836e-06,1,5.836e-06,5.836e-06,5.836e-06,24,1,24,24,24,4,1,4,4,4
6,50,5.362e-06,1,5.362e-06,5.362e-06,5.362e-06,19,1,19,19,19,2,1,2,2,2
6,50,6.054e-06,1,6.054e-06,6.054e-06,6.054e-06,26,1,26,26,26,4,1,4,4,4
6,50,5.654e-06,1,5.654e-06,5.654e-06,5.654e-06,19,1,19,19,19,3,1,3,3,3
6,50,6.019e-06,1,6.019e-06,6.019e-06,6.019e-06,24,1,24,24,24,4,1,4,4,4
6,50,5.925e-06,1,5.925e-06,5.925e-06,5.925e-06,21,1,21,21,21,3,1,3,3,3
6,50,5.408e-06,1,5.408e-06,5.408e-06,5.408e-06,21,1,21,21,21,3,1,3,3,3
6,50,5.444e-06,1,5.444e-06,5.444e-06,5.444e-06,17,1,17,17,17,2,1,2,2,2
6,50,5.45e-06,1,5.45e-06,5.45e-06,5.45e-06,20,1,20,20,20,3,1,3,3,3
6,50,5.22e-06,1,5.22e-06,5.22e-06,5.22e-06,20,1,20,20,20,3,1,3,3,3
6,50,5.322e-06,1,5.322e-06,5.322e-06,5.322e-06,20,1,20,20,20,3,1,3,3,3
6,50,5.527e-06,1,5.527e-06,5.527e-06,5.527e-06,21,1,21,21,21,3,1,3,3,3
6,50,5.555e-06,1,5.555e-06,5.555e-06,5.555e-06,23,1,23,23,23,3,1,3,3,3
6,50,5.214e-06,1,5.214e-06,5.214e-06,5.214e-06,19,1,19,19,19,2,1,2,2,2
6,50,5.332e-06,1,5.332e-06,5.332e-06,5.332e-06,21,1,21,21,21,3,1,3,3,3
6,50,5.299e-06,1,5.299e-06,5.299e-06,5.299e-06,20,1,20,20,20,3,1,3,3,3
6,50,5.436e-06,1,5.436e-06,5.436e-06,5.436e-06,22,1,22,22,22,3,1,3,3,3
6,50,5.461e-06,1,5.461e-06,5.461e-06,5.461e-06,21,1,21,21,21,3,1,3,3,3
6,50,5.247e-06,1,5.247e-06,5.247e-06,5.247e-06,19,1,19,19,19,3,1,3,3,3
6,50,5.409e-06,1,5.409e-06,5.409e-06,5.409e-06,20,1,20,20,20,3,1,3,3,3
6,50,5.669e-06,1,5.669e-06,5.669e-06,5.669e-06,24,1,24,24,24,4,1,4,4,4
6,50,5.188e-06,1,5.188e-06,5.188e-06,5.188e-06,20,1,20,20,20,3,1,3,3,3
6,50,5.388e-06,1,5.388e-06,5.388e-06,5.388e-06,21,1,21,21,21,3,1,3,3,3
6,50,5.543e-06,1,5.543e-06,5.543e-06,5.543e-06,23,1,23,23,23,3,1,3,3,3
6,50,5.126e-06,1,5.126e-06,5.126e-06,5.126e-06,20,1,20,20,20,3,1,3,3,3
6,50,5.495e-06,1,5.495e-06,5.495e-06,5.495e-06,25,1,25,25,25,4,1,4,4,4
6,50,5.414e-06,1,5.414e-06,5.414e-06,5.414e-06,24,1,24,24,24,4,1,4,4,4
6,50,5.36e-06,1,5.36e-06,5.36e-06,5.36e-06,19,1,19,19,19,2,1,2,2,2
6,50,5.46e-06,1,5.46e-06,5.46e-06,5.46e-06,23,1,23,23,23,4,1,4,4,4
6,50,5.288e-06,1,5.288e-06,5.288e-06,5.288e-06,20,1,20,20,20,3,1,3,3,3
6,50,5.496e-06,1,5.496e-06,5.496e-06,5.496e-06,21,1,21,21,21,3,1,3,3,3
6,50,5.477e-06,1,5.477e-06,5.477e-06,5.477e-06,23,1,23,23,23,4,1,4,4,4
6,50,5.261e-06,1,5.261e-06,5.261e-06,5.261e-06,17,1,17,17,17,2,1,2,2,2
6,50,5.347e-06,1,5.347e-06,5.347e-06,5.347e-06,21,1,21,21,21,3,1,3,3,3
6,50,5.508e-06,1,5.508e-06,5.508e-06,5.508e-06,21,1,21,21,21,3,1,3,3,3
6,50,5.361e-06,1,5.361e-06,5.361e-06,5.361e-06,20,1,20,20,20,3,1,3,3,3
6,50,5.837e-06,1,5.837e-06,5.837e-06,5.837e-06,27,1,27,27,27,5,1,5,5,5
6,50,5.204e-06,1,5.204e-06,5.204e-06,5.204e-06,19,1,19,19,19,3,1,3,3,3
6,50,5.608e-06,1,5.608e-06,5.608e-06,5.608e-06,24,1,24,24,24,4,1,4,4,4
6,50,5.788e-06,1,5.788e-06,5.788e-06,5.788e-06,23,1,23,23,23,4,1,4,4,4
6,50,5.356e-06,1,5.356e-06,5.356e-06,5.356e-06,19,1,19,19,19,3,1,3,3,3
6,50,5.491e-06,1,5.491e-06,5.491e-06,5.491e-06,21,1,21,21,21,3,1,3,3,3
6,50,5.211e-06,1,5.211e-06,5.211e-06,5.211e-06,21,1,21,21,21,3,1,3,3,3
6,50,5.505e-06,1,5.505e-06,5.505e-06,5.505e-06,21,1,21,21,21,3,1,3,3,3
6,50,5.24e-06,1,5.24e-06,5.24e-06,5.24e-06,21,1,21,21,21,3,1,3,3,3
6,50,5.428e-06,1,5.428e-06,5.428e-06,5.428e-06,23,1,23,23,23,4,1,4,4,4
6,50,5.522e-06,1,5.522e-06,5.522e-06,5.522e-06,23,1,23,23,23,4,1,4,4,4
6,50,5.558e-06,1,5.558e-06,5.558e-06,5.558e-06,22,1,22,22,22,4,1,4,4,4
6,50,5.585e-06,1,5.585e-06,5.585e-06,5.585e-06,20,1,20,20,20,3,1,3,3,3
6,50,5.6e-06,1,5.6e-06,5.6e-06,5.6e-06,22,1,22,22,22,3,1,3,3,3
