n,p,time_total,time_count,time_mean,time_min,time_max,steps_total,steps_count,steps_mean,steps_min,steps_max,number_total,number_count,number_mean,number_min,number_max
35,10,8.3878e-05,1,8.3878e-05,8.3878e-05,8.3878e-05,630,1,630,630,630,4,1,4,4,4
35,10,8.2022e-05,1,8.2022e-05,8.2022e-05,8.2022e-05,630,1,630,630,630,4,1,4,4,4
35,10,8.3953e-05,1,8.3953e-05,8.3953e-05,8.3953e-05,637,1,637,637,637,4,1,4,4,4
35,10,8.2343e-05,1,8.2343e-05,8.2343e-05,8.2343e-05,632,1,632,632,632,4,1,4,4,4
35,10,8.152e-05,1,8.152e-05,8.152e-05,8.152e-05,624,1,624,624,624,3,1,3,3,3
35,10,8.0302e-05,1,8.0302e-05,8.0302e-05,8.0302e-05,624,1,624,624,624,4,1,4,4,4
35,10,8.1845e-05,1,8.1845e-05,8.1845e-05,8.1845e-05,631,1,631,631,631,4,1,4,4,4
35,10,8.1078e-05,1,8.1078e-05,8.1078e-05,8.1078e-05,635,1,635,635,635,4,1,4,4,4
35,10,8.2293e-05,1,8.2293e-05,8.2293e-05,8.2293e-05,632,1,632,632,632,4,1,4,4,4
35,10,8.3545e-05,1,8.3545e-05,8.3545e-05,8.3545e-05,630,1,630,630,630,4,1,4,4,4
35,10,8.8433e-05,1,8.8433e-05,8.8433e-05,8.8433e-05,626,1,626,626,626,4,1,4,4,4
35,10,8.1538e-05,1,8.1538e-05,8.1538e-05,8.1538e-05,628,1,628,628,628,3,1,3,3,3
35,10,8.289e-05,1,8.289e-05,8.289e-05,8.289e-05,630,1,630,630,630,4,1,4,4,4
35,10,8.1699e-05,1,8.1699e-05,8.1699e-05,8.1699e-05,628,1,628,628,628,4,1,4,4,4
35,10,8.082e-05,1,8.082e-05,8.082e-05,8.082e-05,622,1,622,622,622,3,1,3,3,3
35,10,8.1207e-05,1,8.1207e-05,8.1207e-05,8.1207e-05,626,1,626,626,626,4,1,4,4,4
35,10,8.0164e-05,1,8.0164e-05,8.0164e-05,8.0164e-05,623,1,623,623,623,3,1,3,3,3
35,10,8.0877e-05,1,8.0877e-05,8.0877e-05,8.0877e-05,634,1,634,634,634,4,1,4,4,4
35,10,7.9606e-05,1,7.9606e-05,7.9606e-05,7.9606e-05,632,1,632,632,632,4,1,4,4,4
35,10,8.2158e-05,1,8.2158e-05,8.2158e-05,8.2158e-05,632,1,632,632,632,4,1,4,4,4
35,10,8.3521e-05,1,8.3521e-05,8.3521e-05,8.3521e-05,629,1,629,629,629,3,1,3,3,3
35,10,8.0545e-05,1,8.0545e-05,8.0545e-05,8.0545e-05,627,1,627,627,627,3,1,3,3,3
35,10,8.234e-05,1,8.234e-05,8.234e-05,8.234e-05,633,1,633,633,633,4,1,4,4,4
35,10,8.1851e-05,1,8.1851e-05,8.1851e-05,8.1851e-05,631,1,631,631,631,4,1,4,4,4
35,10,8.4326e-05,1,8.4326e-05,8.4326e-05,8.4326e-05,623,1,623,623,623,4,1,4,4,4
35,10,8.2175e-05,1,8.2175e-05,8.2175e-05,8.2175e-05,628,1,628,628,628,3,1,3,3,3
35,10,9.0048e-05,1,9.0048e-05,9.0048e-05,9.0048e-05,634,1,634,634,634,4,1,4,4,4
35,10,8.1938e-05,1,8.1938e-05,8.1938e-05,8.1938e-05,629,1,629,629,629,4,1,4,4,4
35,10,8.1032e-05,1,8.1032e-05,8.1032e-05,8.1032e-05,627,1,627,627,627,4,1,4,4,4
35,10,8.0752e-05,1,8.0752e-05,8.0752e-05,8.0752e-05,624,1,624,624,624,3,1,3,3,3
35,10,8.0587e-05,1,8.0587e-05,8.0587e-05,8.0587e-05,627,1,627,627,627,4,1,4,4,4
35,10,8.2131e-05,1,8.2131e-05,8.2131e-05,8.2131e-05,629,1,629,629,629,4,1,4,4,4
35,10,8.1481e-05,1,8.1481e-05,8.1481e-05,8.1481e-05,625,1,625,625,625,3,1,3,3,3
35,10,8.121e-05,1,8.121e-05,8.121e-05,8.121e-05,627,1,627,627,627,4,1,4,4,4
35,10,8.2322e-05,1,8.2322e-05,8.2322e-05,8.2322e-05,622,1,622,622,622,3,1,3,3,3
35,10,8.0035e-05,1,8.0035e-05,8.0035e-05,8.0035e-05,621,1,621,621,621,4,1,4,4,4
35,10,8.1865e-05,1,8.1865e-05,8.1865e-05,8.1865e-05,625,1,625,625,625,3,1,3,3,3
35,10,8.2072e-05,1,8.2072e-05,8.2072e-05,8.2072e-05,633,1,633,633,633,4,1,4,4,4
35,10,8.0315e-05,1,8.0315e-05,8.0315e-05,8.0315e-05,632,1,632,632,632,4,1,4,4,4
35,10,8.3279e-05,1,8.3279e-05,8.3279e-05,8.3279e-05,636,1,636,636,636,4,1,4,4,4
35,10,8.2601e-05,1,8.2601e-05,8.2601e-05,8.2601e-05,627,1,627,627,627,4,1,4,4,4
35,10,8.0576e-05,1,8.0576e-05,8.0576e-05,8.0576e-05,631,1,631,631,631,3,1,3,3,3
35,10,8.6981e-05,1,8.6981e-05,8.6981e-05,8.6981e-05,631,1,631,631,631,4,1,4,4,4
35,10,8.1678e-05,1,8.1678e-05,8.1678e-05,8.1678e-05,627,1,627,627,627,3,1,3,3,3
35,10,8.1888e-05,1,8.1888e-05,8.1888e-05,8.1888e-05,625,1,625,625,625,3,1,3,3,3
35,10,8.1242e-05,1,8.1242e-05,8.1242e-05,8.1242e-05,631,1,631,631,631,4,1,4,4,4
35,10,8.3177e-05,1,8.3177e-05,8.3177e-05,8.3177e-05,634,1,634,634,634,4,1,4,4,4
35,10,8.1559e-05,1,8.1559e-05,8.1559e-05,8.1559e-05,628,1,628,628,628,4,1,4,4,4
35,10,8.2007e-05,1,8.2007e-05,8.2007e-05,8.2007e-05,627,1,627,627,627,4,1,4,4,4
35,10,8.1414e-05,1,8.1414e-05,8.1414e-05,8.1414e-05,628,1,628,628,628,4,1,4,4,4
35,10,8.2059e-05,1,8.2059e-05,8.2059e-05,8.2059e-05,622,1,622,622,622,3,1,3,3,3
35,10,8.2625e-05,1,8.2625e-05,8.2625e-05,8.2625e-05,636,1,636,636,636,4,1,4,4,4
35,10,8.0268e-05,1,8.0268e-05,8.0268e-05,8.0268e-05,618,1,618,618,618,3,1,3,3,3
35,10,8.1711e-05,1,8.1711e-05,8.1711e-05,8.1711e-05,623,1,623,623,623,4,1,4,4,4
35,10,8.1976e-05,1,8.1976e-05,8.1976e-05,8.1976e-05,626,1,626,626,626,4,1,4,4,4
35,10,8.2494e-05,1,8.2494e-05,8.2494e-05,8.2494e-05,628,1,628,628,628,4,1,4,4,4
35,10,8.1738e-05,1,8.1738e-05,8.1738e-05,8.1738e-05,630,1,630,630,630,4,1,4,4,4
35,10,8.3057e-05,1,8.3057e-05,8.3057e-05,8.3057e-05,632,1,632,632,632,4,1,4,4,4
35,10,8.6946e-05,1,8.6946e-05,8.6946e-05,8.6946e-05,629,1,629,629,629,4,1,4,4,4
35,10,8.1959e-05,1,8.1959e-05,8.1959e-05,8.1959e-05,624,1,624,624,624,4,1,4,4,4
35,10,8.3369e-05,1,8.3369e-05,8.3369e-05,8.3369e-05,628,1,628,628,628,4,1,4,4,4
35,10,8.2266e-05,1,8.2266e-05,8.2266e-05,8.2266e-05,633,1,633,633,633,4,1,4,4,4
35,10,8.2205e-05,1,8.2205e-05,8.2205e-05,8.2205e-05,633,1,633,633,633,4,1,4,4,4
35,10,8.3002e-05,1,8.3002e-05,8.3002e-05,8.3002e-05,629,1,629,629,629,4,1,4,4,4
35,10,8.0473e-05,1,8.0473e-05,8.0473e-05,8.0473e-05,627,1,627,627,627,3,1,3,3,3
35,10,8.221e-05,1,8.221e-05,8.221e-05,8.221e-05,635,1,635,635,635,4,1,4,4,4
35,10,8.2628e-05,1,8.2628e-05,8.2628e-05,8.2628e-05,624,1,624,624,624,4,1,4,4,4
35,10,8.2188e-05,1,8.2188e-05,8.2188e-05,8.2188e-05,625,1,625,625,625,3,1,3,3,3
35,10,8.1463e-05,1,8.1463e-05,8.1463e-05,8.1463e-05,626,1,626,626,626,4,1,4,4,4
35,10,8.2605e-05,1,8.2605e-05,8.2605e-05,8.2605e-05,623,1,623,623,623,3,1,3,3,3
35,10,8.2219e-05,1,8.2219e-05,8.2219e-05,8.2219e-05,631,1,631,631,631,4,1,4,4,4
35,10,8.1202e-05,1,8.1202e-05,8.1202e-05,8.1202e-05,622,1,622,622,622,3,1,3,3,3
35,10,8.3258e-05,1,8.3258e-05,8.3258e-05,8.3258e-05,638,1,638,638,638,4,1,4,4,4
35,10,8.1404e-05,1,8.1404e-05,8.1404e-05,8.1404e-05,627,1,627,627,627,4,1,4,4,4
35,10,8.223e-05,1,8.223e-05,8.223e-05,8.223e-05,635,1,635,635,635,4,1,4,4,4
35,10,7.9438e-05,1,7.9438e-05,7.9438e-05,7.9438e-05,627,1,627,627,627,3,1,3,3,3
35,10,7.9193e-05,1,7.9193e-05,7.9193e-05,7.9193e-05,638,1,638,638,638,4,1,4,4,4
35,10,7.8183e-05,1,7.8183e-05,7.8183e-05,7.8183e-05,625,1,625,625,625,4,1,4,4,4
35,10,7.9612e-05,1,7.9612e-05,7.9612e-05,7.9612e-05,636,1,636,636,636,4,1,4,4,4
35,10,7.8316e-05,1,7.8316e-05,7.8316e-05,7.8316e-05,620,1,620,620,620,3,1,3,3,3
35,10,7.7649e-05,1,7.7649e-05,7.7649e-05,7.7649e-05,623,1,623,623,623,3,1,3,3,3
35,10,8.0079e-05,1,8.0079e-05,8.0079e-05,8.0079e-05,622,1,622,622,622,4,1,4,4,4
35,10,7.86e-05,1,7.86e-05,7.86e-05,7.86e-05,624,1,624,624,624,3,1,3,3,3
35,10,8.0954e-05,1,8.0954e-05,8.0954e-05,8.0954e-05,629,1,629,629,629,4,1,4,4,4
35,10,7.8854e-05,1,7.8854e-05,7.8854e-05,7.8854e-05,631,1,631,631,631,4,1,4,4,4
35,10,7.9128e-05,1,7.9128e-05,7.9128e-05,7.9128e-05,627,1,627,627,627,3,1,3,3,3
35,10,7.8623e-05,1,7.8623e-05,7.8623e-05,7.8623e-05,621,1,621,621,621,3,1,3,3,3
35,10,7.9133e-05,1,7.9133e-05,7.9133e-05,7.9133e-05,625,1,625,625,625,4,1,4,4,4
35,10,8.0156e-05,1,8.0156e-05,8.0156e-05,8.0156e-05,632,1,632,632,632,4,1,4,4,4
35,10,8.0712e-05,1,8.0712e-05,8.0712e-05,8.0712e-05,626,1,626,626,626,4,1,4,4,4
35,10,7.813e-05,1,7.813e-05,7.813e-05,7.813e-05,625,1,625,625,625,3,1,3,3,3
35,10,7.9046e-05,1,7.9046e-05,7.9046e-05,7.9046e-05,627,1,627,627,627,4,1,4,4,4
35,10,7.8825e-05,1,7.8825e-05,7.8825e-05,7.8825e-05,623,1,623,623,623,3,1,3,3,3
35,10,8.0951e-05,1,8.0951e-05,8.0951e-05,8.0951e-05,629,1,629,629,629,4,1,4,4,4
35,10,7.9172e-05,1,7.9172e-05,7.9172e-05,7.9172e-05,624,1,624,624,624,3,1,3,3,3
35,10,7.9355e-05,1,7.9355e-05,7.9355e-05,7.9355e-05,624,1,624,624,624,4,1,4,4,4
35,10,8.211e-05,1,8.211e-05,8.211e-05,8.211e-05,622,1,622,622,622,3,1,3,3,3
35,10,7.8891e-05,1,7.8891e-05,7.8891e-05,7.8891e-05,627,1,627,627,627,4,1,4,4,4
35,10,7.8589e-05,1,7.8589e-05,7.8589e-05,7.8589e-05,635,1,635,635,635,4,1,4,4,4
35,10,8.1832e-05,1,8.1832e-05,8.1832e-05,8.1832e-05,639,1,639,639,639,4,1,4,4,4
35,10,7.9656e-05,1,7.9656e-05,7.9656e-05,7.9656e-05,633,1,633,633,633,4,1,4,4,4
35,10,7.8598e-05,1,7.8598e-05,7.8598e-05,7.8598e-05,630,1,630,630,630,4,1,4,4,4
35,10,8.0845e-05,1,8.0845e-05,8.0845e-05,8.0845e-05,626,1,626,626,626,4,1,4,4,4
35,10,7.8839e-05,1,7.8839e-05,7.8839e-05,7.8839e-05,633,1,633,633,633,4,1,4,4,4
35,10,7.9116e-05,1,7.9116e-05,7.9116e-05,7.9116e-05,625,1,625,625,625,3,1,3,3,3
35,10,7.9193e-05,1,7.9193e-05,7.9193e-05,7.9193e-05,631,1,631,631,631,4,1,4,4,4
35,10,7.7669e-05,1,7.7669e-05,7.7669e-05,7.7669e-05,627,1,627,627,627,4,1,4,4,4
35,10,7.9386e-05,1,7.9386e-05,7.9386e-05,7.9386e-05,626,1,626,626,626,4,1,4,4,4
35,10,8.0417e-05,1,8.0417e-05,8.0417e-05,8.0417e-05,617,1,617,617,617,3,1,3,3,3
35,10,8.1642e-05,1,8.1642e-05,8.1642e-05,8.1642e-05,630,1,630,630,630,4,1,4,4,4
35,10,8.1509e-05,1,8.1509e-05,8.1509e-05,8.1509e-05,635,1,635,635,635,4,1,4,4,4
35,10,8.1897e-05,1,8.1897e-05,8.1897e-05,8.1897e-05,627,1,627,627,627,3,1,3,3,3
35,10,8.2195e-05,1,8.2195e-05,8.2195e-05,8.2195e-05,625,1,625,625,625,4,1,4,4,4
35,10,8.076e-05,1,8.076e-05,8.076e-05,8.076e-05,627,1,627,627,627,4,1,4,4,4
35,10,8.1699e-05,1,8.1699e-05,8.1699e-05,8.1699e-05,628,1,628,628,628,4,1,4,4,4
35,10,8.2757e-05,1,8.2757e-05,8.2757e-05,8.2757e-05,632,1,632,632,632,4,1,4,4,4
35,10,8.0222e-05,1,8.0222e-05,8.0222e-05,8.0222e-05,623,1,623,623,623,3,1,3,3,3
35,10,8.2266e-05,1,8.2266e-05,8.2266e-05,8.2266e-05,626,1,626,626,626,4,1,4,4,4
35,10,8.0904e-05,1,8.0904e-05,8.0904e-05,8.0904e-05,623,1,623,623,623,3,1,3,3,3
35,10,8.2935e-05,1,8.2935e-05,8.2935e-05,8.2935e-05,636,1,636,636,636,4,1,4,4,4
35,10,8.1159e-05,1,8.1159e-05,8.1159e-05,8.1159e-05,631,1,631,631,631,4,1,4,4,4
35,10,8.1721e-05,1,8.1721e-05,8.1721e-05,8.1721e-05,625,1,625,625,625,4,1,4,4,4
35,10,8.1446e-05,1,8.1446e-05,8.1446e-05,8.1446e-05,631,1,631,631,631,5,1,5,5,5
35,10,8.3174e-05,1,8.3174e-05,8.3174e-05,8.3174e-05,632,1,632,632,632,4,1,4,4,4
35,10,8.2363e-05,1,8.2363e-05,8.2363e-05,8.2363e-05,628,1,628,628,628,4,1,4,4,4
35,10,8.033e-05,1,8.033e-05,8.033e-05,8.033e-05,629,1,629,629,629,3,1,3,3,3
35,10,7.9886e-05,1,7.9886e-05,7.9886e-05,7.9886e-05,623,1,623,623,623,3,1,3,3,3
35,10,8.0427e-05,1,8.0427e-05,8.0427e-05,8.0427e-05,623,1,623,623,623,4,1,4,4,4
35,10,8.153e-05,1,8.153e-05,8.153e-05,8.153e-05,627,1,627,627,627,4,1,4,4,4
35,10,8.2098e-05,1,8.2098e-05,8.2098e-05,8.2098e-05,627,1,627,627,627,3,1,3,3,3
35,10,8.3687e-05,1,8.3687e-05,8.3687e-05,8.3687e-05,635,1,635,635,635,4,1,4,4,4
35,10,8.1815e-05,1,8.1815e-05,8.1815e-05,8.1815e-05,625,1,625,625,625,4,1,4,4,4
35,10,8.0834e-05,1,8.0834e-05,8.0834e-05,8.0834e-05,639,1,639,639,639,4,1,4,4,4
35,10,8.1838e-05,1,8.1838e-05,8.1838e-05,8.1838e-05,629,1,629,629,629,4,1,4,4,4
35,10,8.1612e-05,1,8.1612e-05,8.1612e-05,8.1612e-05,635,1,635,635,635,4,1,4,4,4
35,10,8.1133e-05,1,8.1133e-05,8.1133e-05,8.1133e-05,626,1,626,626,626,3,1,3,3,3
35,10,8.1748e-05,1,8.1748e-05,8.1748e-05,8.1748e-05,626,1,626,626,626,4,1,4,4,4
35,10,8.0261e-05,1,8.0261e-05,8.0261e-05,8.0261e-05,625,1,625,625,625,3,1,3,3,3
35,10,8.0508e-05,1,8.0508e-05,8.0508e-05,8.0508e-05,621,1,621,621,621,3,1,3,3,3
35,10,8.2284e-05,1,8.2284e-05,8.2284e-05,8.2284e-05,628,1,628,628,628,4,1,4,4,4
35,10,8.3205e-05,1,8.3205e-05,8.3205e-05,8.3205e-05,634,1,634,634,634,4,1,4,4,4
35,10,7.9981e-05,1,7.9981e-05,7.9981e-05,7.9981e-05,629,1,629,629,629,4,1,4,4,4
35,10,8.1843e-05,1,8.1843e-05,8.1843e-05,8.1843e-05,628,1,628,628,628,4,1,4,4,4
35,10,8.3183e-05,1,8.3183e-05,8.3183e-05,8.3183e-05,625,1,625,625,625,4,1,4,4,4
35,10,7.9975e-05,1,7.9975e-05,7.9975e-05,7.9975e-05,627,1,627,627,627,4,1,4,4,4
35,10,8.1062e-05,1,8.1062e-05,8.1062e-05,8.1062e-05,629,1,629,629,629,4,1,4,4,4
35,10,8.2963e-05,1,8.2963e-05,8.2963e-05,8.2963e-05,627,1,627,627,627,4,1,4,4,4
35,10,8.1148e-05,1,8.1148e-05,8.1148e-05,8.1148e-05,634,1,634,634,634,4,1,4,4,4
35,10,8.2005e-05,1,8.2005e-05,8.2005e-05,8.2005e-05,634,1,634,634,634,5,1,5,5,5
35,10,8.2773e-05,1,8.2773e-05,8.2773e-05,8.2773e-05,634,1,634,634,634,5,1,5,5,5
35,10,8.3612e-05,1,8.3612e-05,8.3612e-05,8.3612e-05,630,1,630,630,630,4,1,4,4,4
35,10,8.0101e-05,1,8.0101e-05,8.0101e-05,8.0101e-05,629,1,629,629,629,4,1,4,4,4
35,10,8.0375e-05,1,8.0375e-05,8.0375e-05,8.0375e-05,628,1,628,628,628,4,1,4,4,4
35,10,8.2252e-05,1,8.2252e-05,8.2252e-05,8.2252e-05,629,1,629,629,629,4,1,4,4,4
35,10,8.14e-05,1,8.14e-05,8.14e-05,8.14e-05,628,1,628,628,628,4,1,4,4,4
35,10,8.0626e-05,1,8.0626e-05,8.0626e-05,8.0626e-05,627,1,627,627,627,4,1,4,4,4
35,10,8.1602e-05,1,8.1602e-05,8.1602e-05,8.1602e-05,628,1,628,628,628,3,1,3,3,3
35,10,8.3088e-05,1,8.3088e-05,8.3088e-05,8.3088e-05,637,1,637,637,637,4,1,4,4,4
35,10,8.2229e-05,1,8.2229e-05,8.2229e-05,8.2229e-05,624,1,624,624,624,3,1,3,3,3
35,10,8.1021e-05,1,8.1021e-05,8.1021e-05,8.1021e-05,635,1,635,635,635,4,1,4,4,4
35,10,8.2377e-05,1,8.2377e-05,8.2377e-05,8.2377e-05,630,1,630,630,630,4,1,4,4,4
35,10,8.1124e-05,1,8.1124e-05,8.1124e-05,8.1124e-05,625,1,625,625,625,4,1,4,4,4
35,10,8.0473e-05,1,8.0473e-05,8.0473e-05,8.0473e-05,623,1,623,623,623,3,1,3,3,3
35,10,8.1585e-05,1,8.1585e-05,8.1585e-05,8.1585e-05,629,1,629,629,629,3,1,3,3,3
35,10,8.0452e-05,1,8.0452e-05,8.0452e-05,8.0452e-05,626,1,626,626,626,4,1,4,4,4
35,10,8.2839e-05,1,8.2839e-05,8.2839e-05,8.2839e-05,631,1,631,631,631,4,1,4,4,4
35,10,8.2669e-05,1,8.2669e-05,8.2669e-05,8.2669e-05,625,1,625,625,625,3,1,3,3,3
35,10,8.2604e-05,1,8.2604e-05,8.2604e-05,8.2604e-05,634,1,634,634,634,4,1,4,4,4
35,10,8.1204e-05,1,8.1204e-05,8.1204e-05,8.1204e-05,627,1,627,627,627,4,1,4,4,4
35,10,8.2633e-05,1,8.2633e-05,8.2633e-05,8.2633e-05,622,1,622,622,622,3,1,3,3,3
35,10,8.0479e-05,1,8.0479e-05,8.0479e-05,8.0479e-05,627,1,627,627,627,3,1,3,3,3
35,10,8.1737e-05,1,8.1737e-05,8.1737e-05,8.1737e-05,623,1,623,623,623,3,1,3,3,3
35,10,8.2709e-05,1,8.2709e-05,8.2709e-05,8.2709e-05,625,1,625,625,625,4,1,4,4,4
35,10,8.2605e-05,1,8.2605e-05,8.2605e-05,8.2605e-05,635,1,635,635,635,4,1,4,4,4
35,10,8.3058e-05,1,8.3058e-05,8.3058e-05,8.3058e-05,631,1,631,631,631,4,1,4,4,4
35,10,8.0829e-05,1,8.0829e-05,8.0829e-05,8.0829e-05,620,1,620,620,620,3,1,3,3,3
35,10,8.0791e-05,1,8.0791e-05,8.0791e-05,8.0791e-05,625,1,625,625,625,4,1,4,4,4
35,10,8.0828e-05,1,8.0828e-05,8.0828e-05,8.0828e-05,626,1,626,626,626,4,1,4,4,4
35,10,8.3032e-05,1,8.3032e-05,8.3032e-05,8.3032e-05,628,1,628,628,628,3,1,3,3,3
35,10,8.2538e-05,1,8.2538e-05,8.2538e-05,8.2538e-05,626,1,626,626,626,4,1,4,4,4
35,10,7.9565e-05,1,7.9565e-05,7.9565e-05,7.9565e-05,627,1,627,627,627,3,1,3,3,3
35,10,8.252e-05,1,8.252e-05,8.252e-05,8.252e-05,640,1,640,640,640,4,1,4,4,4
35,10,8.314e-05,1,8.314e-05,8.314e-05,8.314e-05,638,1,638,638,638,4,1,4,4,4
35,10,8.1013e-05,1,8.1013e-05,8.1013e-05,8.1013e-05,630,1,630,630,630,4,1,4,4,4
35,10,8.3808e-05,1,8.3808e-05,8.3808e-05,8.3808e-05,634,1,634,634,634,4,1,4,4,4
35,10,8.151e-05,1,8.151e-05,8.151e-05,8.151e-05,641,1,641,641,641,5,1,5,5,5
35,10,8.2404e-05,1,8.2404e-05,8.2404e-05,8.2404e-05,626,1,626,626,626,3,1,3,3,3
35,10,7.8511e-05,1,7.8511e-05,7.8511e-05,7.8511e-05,626,1,626,626,626,3,1,3,3,3
35,10,8.0704e-05,1,8.0704e-05,8.0704e-05,8.0704e-05,625,1,625,625,625,3,1,3,3,3
35,10,7.9262e-05,1,7.9262e-05,7.9262e-05,7.9262e-05,631,1,631,631,631,4,1,4,4,4
35,10,7.9444e-05,1,7.9444e-05,7.9444e-05,7.9444e-05,621,1,621,621,621,3,1,3,3,3
35,10,7.8856e-05,1,7.8856e-05,7.8856e-05,7.8856e-05,635,1,635,635,635,4,1,4,4,4
35,10,7.9337e-05,1,7.9337e-05,7.9337e-05,7.9337e-05,629,1,629,629,629,4,1,4,4,4
35,10,8.04e-05,1,8.04e-05,8.04e-05,8.04e-05,623,1,623,623,623,3,1,3,3,3
35,10,7.9177e-05,1,7.9177e-05,7.9177e-05,7.9177e-05,628,1,628,628,628,3,1,3,3,3
35,10,8.0041e-05,1,8.0041e-05,8.0041e-05,8.0041e-05,631,1,631,631,631,4,1,4,4,4
35,10,7.9813e-05,1,7.9813e-05,7.9813e-05,7.9813e-05,627,1,627,627,627,4,1,4,4,4
35,10,8.1612e-05,1,8.1612e-05,8.1612e-05,8.1612e-05,627,1,627,627,627,4,1,4,4,4
35,10,8.0297e-05,1,8.0297e-05,8.0297e-05,8.0297e-05,627,1,627,627,627,4,1,4,4,4
35,10,7.9903e-05,1,7.9903e-05,7.9903e-05,7.9903e-05,626,1,626,626,626,3,1,3,3,3
35,10,7.9322e-05,1,7.9322e-05,7.9322e-05,7.9322e-05,631,1,631,631,631,4,1,4,4,4
35,10,7.9656e-05,1,7.9656e-05,7.9656e-05,7.9656e-05,622,1,622,622,622,3,1,3,3,3
35,10,7.8546e-05,1,7.8546e-05,7.8546e-05,7.8546e-05,626,1,626,626,626,4,1,4,4,4
35,10,7.9331e-05,1,7.9331e-05,7.9331e-05,7.9331e-05,632,1,632,632,632,4,1,4,4,4
35,10,8.0196e-05,1,8.0196e-05,8.0196e-05,8.0196e-05,633,1,633,633,633,4,1,4,4,4
35,10,8.1383e-05,1,8.1383e-05,8.1383e-05,8.1383e-05,628,1,628,628,628,3,1,3,3,3
35,10,7.8412e-05,1,7.8412e-05,7.8412e-05,7.8412e-05,631,1,631,631,631,4,1,4,4,4
35,10,7.955e-05,1,7.955e-05,7.955e-05,7.955e-05,627,1,627,627,627,3,1,3,3,3
35,10,7.9123e-05,1,7.9123e-05,7.9123e-05,7.9123e-05,634,1,634,634,634,4,1,4,4,4
35,10,7.97e-05,1,7.97e-05,7.97e-05,7.97e-05,635,1,635,635,635,4,1,4,4,4
35,10,8.088e-05,1,8.088e-05,8.088e-05,8.088e-05,629,1,629,629,629,4,1,4,4,4
35,10,7.8775e-05,1,7.8775e-05,7.8775e-05,7.8775e-05,626,1,626,626,626,4,1,4,4,4
35,10,7.9621e-05,1,7.9621e-05,7.9621e-05,7.9621e-05,626,1,626,626,626,3,1,3,3,3
35,10,7.9173e-05,1,7.9173e-05,7.9173e-05,7.9173e-05,626,1,626,626,626,3,1,3,3,3
35,10,7.8543e-05,1,7.8543e-05,7.8543e-05,7.8543e-05,621,1,621,621,621,4,1,4,4,4
35,10,7.852e-05,1,7.852e-05,7.852e-05,7.852e-05,633,1,633,633,633,4,1,4,4,4
35,10,8.0316e-05,1,8.0316e-05,8.0316e-05,8.0316e-05,635,1,635,635,635,4,1,4,4,4
35,10,7.8236e-05,1,7.8236e-05,7.8236e-05,7.8236e-05,629,1,629,629,629,4,1,4,4,4
35,10,7.859e-05,1,7.859e-05,7.859e-05,7.859e-05,623,1,623,623,623,3,1,3,3,3
35,10,8.4178e-05,1,8.4178e-05,8.4178e-05,8.4178e-05,617,1,617,617,617,3,1,3,3,3
35,10,8.1472e-05,1,8.1472e-05,8.1472e-05,8.1472e-05,633,1,633,633,633,4,1,4,4,4
35,10,8.2074e-05,1,8.2074e-05,8.2074e-05,8.2074e-05,627,1,627,627,627,4,1,4,4,4
35,10,7.9885e-05,1,7.9885e-05,7.9885e-05,7.9885e-05,629,1,629,629,629,4,1,4,4,4
35,10,8.1504e-05,1,8.1504e-05,8.1504e-05,8.1504e-05,619,1,619,619,619,3,1,3,3,3
35,10,8.3286e-05,1,8.3286e-05,8.3286e-05,8.3286e-05,633,1,633,633,633,4,1,4,4,4
35,10,8.2352e-05,1,8.2352e-05,8.2352e-05,8.2352e-05,638,1,638,638,638,4,1,4,4,4
35,10,8.0678e-05,1,8.0678e-05,8.0678e-05,8.0678e-05,627,1,627,627,627,3,1,3,3,3
35,10,8.0904e-05,1,8.0904e-05,8.0904e-05,8.0904e-05,631,1,631,631,631,4,1,4,4,4
35,10,8.1101e-05,1,8.1101e-05,8.1101e-05,8.1101e-05,630,1,630,630,630,4,1,4,4,4
35,10,8.0194e-05,1,8.0194e-05,8.0194e-05,8.0194e-05,624,1,624,624,624,4,1,4,4,4
35,10,8.0073e-05,1,8.0073e-05,8.0073e-05,8.0073e-05,625,1,625,625,625,3,1,3,3,3
35,10,8.0682e-05,1,8.0682e-05,8.0682e-05,8.0682e-05,624,1,624,624,624,4,1,4,4,4
35,10,8.3214e-05,1,8.3214e-05,8.3214e-05,8.3214e-05,646,1,646,646,646,5,1,5,5,5
35,10,8.0872e-05,1,8.0872e-05,8.0872e-05,8.0872e-05,629,1,629,629,629,4,1,4,4,4
35,10,8.1773e-05,1,8.1773e-05,8.1773e-05,8.1773e-05,633,1,633,633,633,4,1,4,4,4
35,10,8.6351e-05,1,8.6351e-05,8.6351e-05,8.6351e-05,629,1,629,629,629,4,1,4,4,4
35,10,8.1697e-05,1,8.1697e-05,8.1697e-05,8.1697e-05,635,1,635,635,635,4,1,4,4,4
35,10,8.2717e-05,1,8.2717e-05,8.2717e-05,8.2717e-05,631,1,631,631,631,4,1,4,4,4
35,10,8.3091e-05,1,8.3091e-05,8.3091e-05,8.3091e-05,630,1,630,630,630,4,1,4,4,4
35,10,8.0774e-05,1,8.0774e-05,8.0774e-05,8.0774e-05,629,1,629,629,629,4,1,4,4,4
35,10,8.0482e-05,1,8.0482e-05,8.0482e-05,8.0482e-05,629,1,629,629,629,3,1,3,3,3
35,10,8.1324e-05,1,8.1324e-05,8.1324e-05,8.1324e-05,625,1,625,625,625,3,1,3,3,3
35,10,8.0896e-05,1,8.0896e-05,8.0896e-05,8.0896e-05,623,1,623,623,623,3,1,3,3,3
35,10,8.0996e-05,1,8.0996e-05,8.0996e-05,8.0996e-05,622,1,622,622,622,4,1,4,4,4
35,10,8.1554e-05,1,8.1554e-05,8.1554e-05,8.1554e-05,630,1,630,630,630,4,1,4,4,4
35,10,8.1078e-05,1,8.1078e-05,8.1078e-05,8.1078e-05,623,1,623,623,623,3,1,3,3,3
35,10,8.2505e-05,1,8.2505e-05,8.2505e-05,8.2505e-05,628,1,628,628,628,4,1,4,4,4
35,10,8.1327e-05,1,8.1327e-05,8.1327e-05,8.1327e-05,631,1,631,631,631,4,1,4,4,4
35,10,8.1318e-05,1,8.1318e-05,8.1318e-05,8.1318e-05,626,1,626,626,626,3,1,3,3,3
35,10,8.0708e-05,1,8.0708e-05,8.0708e-05,8.0708e-05,627,1,627,627,627,4,1,4,4,4
35,10,8.1329e-05,1,8.1329e-05,8.1329e-05,8.1329e-05,636,1,636,636,636,4,1,4,4,4
35,10,8.2237e-05,1,8.2237e-05,8.2237e-05,8.2237e-05,628,1,628,628,628,4,1,4,4,4
35,10,8.2892e-05,1,8.2892e-05,8.2892e-05,8.2892e-05,624,1,624,624,624,3,1,3,3,3
35,10,8.1195e-05,1,8.1195e-05,8.1195e-05,8.1195e-05,622,1,622,622,622,3,1,3,3,3
35,10,8.1092e-05,1,8.1092e-05,8.1092e-05,8.1092e-05,626,1,626,626,626,4,1,4,4,4
35,10,8.2369e-05,1,8.2369e-05,8.2369e-05,8.2369e-05,627,1,627,627,627,4,1,4,4,4
35,10,8.1129e-05,1,8.1129e-05,8.1129e-05,8.1129e-05,630,1,630,630,630,3,1,3,3,3
35,10,8.0321e-05,1,8.0321e-05,8.0321e-05,8.0321e-05,626,1,626,626,626,3,1,3,3,3
35,10,8.1532e-05,1,8.1532e-05,8.1532e-05,8.1532e-05,630,1,630,630,630,3,1,3,3,3
35,10,8.1319e-05,1,8.1319e-05,8.1319e-05,8.1319e-05,631,1,631,631,631,4,1,4,4,4
35,10,8.0221e-05,1,8.0221e-05,8.0221e-05,8.0221e-05,630,1,630,630,630,4,1,4,4,4
35,10,8.191e-05,1,8.191e-05,8.191e-05,8.191e-05,631,1,631,631,631,4,1,4,4,4
35,10,8.2038e-05,1,8.2038e-05,8.2038e-05,8.2038e-05,627,1,627,627,627,4,1,4,4,4
35,10,8.1721e-05,1,8.1721e-05,8.1721e-05,8.1721e-05,629,1,629,629,629,3,1,3,3,3
35,10,8.0425e-05,1,8.0425e-05,8.0425e-05,8.0425e-05,634,1,634,634,634,4,1,4,4,4
35,10,8.17e-05,1,8.17e-05,8.17e-05,8.17e-05,627,1,627,627,627,4,1,4,4,4
35,10,8.2156e-05,1,8.2156e-05,8.2156e-05,8.2156e-05,630,1,630,630,630,3,1,3,3,3
35,10,8.2298e-05,1,8.2298e-05,8.2298e-05,8.2298e-05,623,1,623,623,623,3,1,3,3,3
35,10,8.2306e-05,1,8.2306e-05,8.2306e-05,8.2306e-05,636,1,636,636,636,4,1,4,4,4
35,10,8.1623e-05,1,8.1623e-05,8.1623e-05,8.1623e-05,629,1,629,629,629,4,1,4,4,4
35,10,8.2164e-05,1,8.2164e-05,8.2164e-05,8.2164e-05,629,1,629,629,629,3,1,3,3,3
35,10,8.1307e-05,1,8.1307e-05,8.1307e-05,8.1307e-05,627,1,627,627,627,3,1,3,3,3
35,10,8.2486e-05,1,8.2486e-05,8.2486e-05,8.2486e-05,633,1,633,633,633,4,1,4,4,4
35,10,8.3241e-05,1,8.3241e-05,8.3241e-05,8.3241e-05,628,1,628,628,628,3,1,3,3,3
35,10,8.0864e-05,1,8.0864e-05,8.0864e-05,8.0864e-05,628,1,628,628,628,4,1,4,4,4
35,10,8.3943e-05,1,8.3943e-05,8.3943e-05,8.3943e-05,628,1,628,628,628,4,1,4,4,4
35,10,8.0239e-05,1,8.0239e-05,8.0239e-05,8.0239e-05,621,1,621,621,621,3,1,3,3,3
35,10,8.1252e-05,1,8.1252e-05,8.1252e-05,8.1252e-05,628,1,628,628,628,4,1,4,4,4
35,10,8.0735e-05,1,8.0735e-05,8.0735e-05,8.0735e-05,631,1,631,631,631,4,1,4,4,4
35,10,8.1469e-05,1,8.1469e-05,8.1469e-05,8.1469e-05,628,1,628,628,628,3,1,3,3,3
35,10,8.1585e-05,1,8.1585e-05,8.1585e-05,8.1585e-05,629,1,629,629,629,4,1,4,4,4
35,10,8.1551e-05,1,8.1551e-05,8.1551e-05,8.1551e-05,628,1,628,628,628,4,1,4,4,4
35,10,8.299e-05,1,8.299e-05,8.299e-05,8.299e-05,625,1,625,625,625,4,1,4,4,4
35,10,8.114e-05,1,8.114e-05,8.114e-05,8.114e-05,618,1,618,618,618,3,1,3,3,3
35,10,8.1822e-05,1,8.1822e-05,8.1822e-05,8.1822e-05,628,1,628,628,628,4,1,4,4,4
35,10,7.9864e-05,1,7.9864e-05,7.9864e-05,7.9864e-05,629,1,629,629,629,4,1,4,4,4
35,10,8.1557e-05,1,8.1557e-05,8.1557e-05,8.1557e-05,630,1,630,630,630,4,1,4,4,4
35,10,8.2101e-05,1,8.2101e-05,8.2101e-05,8.2101e-05,625,1,625,625,625,4,1,4,4,4
35,10,7.9858e-05,1,7.9858e-05,7.9858e-05,7.9858e-05,628,1,628,628,628,4,1,4,4,4
35,10,7.9301e-05,1,7.9301e-05,7.9301e-05,7.9301e-05,631,1,631,631,631,4,1,4,4,4
35,10,7.8964e-05,1,7.8964e-05,7.8964e-05,7.8964e-05,628,1,628,628,628,4,1,4,4,4
35,10,7.9297e-05,1,7.9297e-05,7.9297e-05,7.9297e-05,624,1,624,624,624,3,1,3,3,3
35,10,7.8099e-05,1,7.8099e-05,7.8099e-05,7.8099e-05,633,1,633,633,633,4,1,4,4,4
35,10,7.796e-05,1,7.796e-05,7.796e-05,7.796e-05,624,1,624,624,624,3,1,3,3,3
35,10,7.9177e-05,1,7.9177e-05,7.9177e-05,7.9177e-05,628,1,628,628,628,3,1,3,3,3
35,10,7.8279e-05,1,7.8279e-05,7.8279e-05,7.8279e-05,623,1,623,623,623,3,1,3,3,3
35,10,8.0111e-05,1,8.0111e-05,8.0111e-05,8.0111e-05,637,1,637,637,637,4,1,4,4,4
35,10,8.0068e-05,1,8.0068e-05,8.0068e-05,8.0068e-05,632,1,632,632,632,4,1,4,4,4
35,10,7.9533e-05,1,7.9533e-05,7.9533e-05,7.9533e-05,630,1,630,630,630,4,1,4,4,4
35,10,7.9691e-05,1,7.9691e-05,7.9691e-05,7.9691e-05,624,1,624,624,624,3,1,3,3,3
35,10,7.9018e-05,1,7.9018e-05,7.9018e-05,7.9018e-05,623,1,623,623,623,4,1,4,4,4
35,10,7.844e-05,1,7.844e-05,7.844e-05,7.844e-05,623,1,623,623,623,4,1,4,4,4
35,10,8.0743e-05,1,8.0743e-05,8.0743e-05,8.0743e-05,630,1,630,630,630,3,1,3,3,3
35,10,7.9369e-05,1,7.9369e-05,7.9369e-05,7.9369e-05,632,1,632,632,632,4,1,4,4,4
35,10,7.8613e-05,1,7.8613e-05,7.8613e-05,7.8613e-05,629,1,629,629,629,4,1,4,4,4
35,10,8.0674e-05,1,8.0674e-05,8.0674e-05,8.0674e-05,622,1,622,622,622,3,1,3,3,3
35,10,7.8986e-05,1,7.8986e-05,7.8986e-05,7.8986e-05,628,1,628,628,628,4,1,4,4,4
35,10,7.9033e-05,1,7.9033e-05,7.9033e-05,7.9033e-05,627,1,627,627,627,4,1,4,4,4
35,10,7.8569e-05,1,7.8569e-05,7.8569e-05,7.8569e-05,632,1,632,632,632,4,1,4,4,4
35,10,7.8423e-05,1,7.8423e-05,7.8423e-05,7.8423e-05,627,1,627,627,627,4,1,4,4,4
35,10,7.9695e-05,1,7.9695e-05,7.9695e-05,7.9695e-05,624,1,624,624,624,3,1,3,3,3
35,10,7.8934e-05,1,7.8934e-05,7.8934e-05,7.8934e-05,633,1,633,633,633,4,1,4,4,4
35,10,8.0024e-05,1,8.0024e-05,8.0024e-05,8.0024e-05,635,1,635,635,635,4,1,4,4,4
35,10,8.0921e-05,1,8.0921e-05,8.0921e-05,8.0921e-05,635,1,635,635,635,4,1,4,4,4
35,10,7.9257e-05,1,7.9257e-05,7.9257e-05,7.9257e-05,621,1,621,621,621,3,1,3,3,3
35,10,7.9897e-05,1,7.9897e-05,7.9897e-05,7.9897e-05,629,1,629,629,629,4,1,4,4,4
35,10,8.7492e-05,1,8.7492e-05,8.7492e-05,8.7492e-05,629,1,629,629,629,4,1,4,4,4
35,10,8.0163e-05,1,8.0163e-05,8.0163e-05,8.0163e-05,621,1,621,621,621,3,1,3,3,3
35,10,8.102e-05,1,8.102e-05,8.102e-05,8.102e-05,631,1,631,631,631,3,1,3,3,3
35,10,8.1405e-05,1,8.1405e-05,8.1405e-05,8.1405e-05,627,1,627,627,627,3,1,3,3,3
35,10,8.2958e-05,1,8.2958e-05,8.2958e-05,8.2958e-05,630,1,630,630,630,4,1,4,4,4
35,10,8.1196e-05,1,8.1196e-05,8.1196e-05,8.1196e-05,632,1,632,632,632,4,1,4,4,4
35,10,8.0775e-05,1,8.0775e-05,8.0775e-05,8.0775e-05,631,1,631,631,631,4,1,4,4,4
35,10,8.1576e-05,1,8.1576e-05,8.1576e-05,8.1576e-05,633,1,633,633,633,4,1,4,4,4
35,10,8.2761e-05,1,8.2761e-05,8.2761e-05,8.2761e-05,628,1,628,628,628,4,1,4,4,4
35,10,8.185e-05,1,8.185e-05,8.185e-05,8.185e-05,625,1,625,625,625,4,1,4,4,4
35,10,8.1647e-05,1,8.1647e-05,8.1647e-05,8.1647e-05,632,1,632,632,632,4,1,4,4,4
35,10,8.1485e-05,1,8.1485e-05,8.1485e-05,8.1485e-05,634,1,634,634,634,4,1,4,4,4
35,10,8.2026e-05,1,8.2026e-05,8.2026e-05,8.2026e-05,625,1,625,625,625,4,1,4,4,4
35,10,8.0564e-05,1,8.0564e-05,8.0564e-05,8.0564e-05,625,1,625,625,625,4,1,4,4,4
35,10,8.1459e-05,1,8.1459e-05,8.1459e-05,8.1459e-05,626,1,626,626,626,3,1,3,3,3
35,10,8.1148e-05,1,8.1148e-05,8.1148e-05,8.1148e-05,632,1,632,632,632,4,1,4,4,4
35,10,8.5936e-05,1,8.5936e-05,8.5936e-05,8.5936e-05,625,1,625,625,625,3,1,3,3,3
35,10,8.2786e-05,1,8.2786e-05,8.2786e-05,8.2786e-05,628,1,628,628,628,3,1,3,3,3
35,10,8.1482e-05,1,8.1482e-05,8.1482e-05,8.1482e-05,625,1,625,625,625,4,1,4,4,4
35,10,8.24e-05,1,8.24e-05,8.24e-05,8.24e-05,632,1,632,632,632,4,1,4,4,4
35,10,8.2202e-05,1,8.2202e-05,8.2202e-05,8.2202e-05,628,1,628,628,628,4,1,4,4,4
35,10,8.2301e-05,1,8.2301e-05,8.2301e-05,8.2301e-05,636,1,636,636,636,4,1,4,4,4
35,10,8.1234e-05,1,8.1234e-05,8.1234e-05,8.1234e-05,623,1,623,623,623,3,1,3,3,3
35,10,8.1404e-05,1,8.1404e-05,8.1404e-05,8.1404e-05,629,1,629,629,629,4,1,4,4,4
35,10,8.1483e-05,1,8.1483e-05,8.1483e-05,8.1483e-05,628,1,628,628,628,4,1,4,4,4
35,10,8.1484e-05,1,8.1484e-05,8.1484e-05,8.1484e-05,627,1,627,627,627,3,1,3,3,3
35,10,8.1953e-05,1,8.1953e-05,8.1953e-05,8.1953e-05,631,1,631,631,631,4,1,4,4,4
35,10,8.2626e-05,1,8.2626e-05,8.2626e-05,8.2626e-05,630,1,630,630,630,4,1,4,4,4
35,10,8.2364e-05,1,8.2364e-05,8.2364e-05,8.2364e-05,631,1,631,631,631,5,1,5,5,5
35,10,8.0817e-05,1,8.0817e-05,8.0817e-05,8.0817e-05,623,1,623,623,623,3,1,3,3,3
35,10,8.1625e-05,1,8.1625e-05,8.1625e-05,8.1625e-05,631,1,631,631,631,4,1,4,4,4
35,10,8.1921e-05,1,8.1921e-05,8.1921e-05,8.1921e-05,629,1,629,629,629,4,1,4,4,4
35,10,8.716e-05,1,8.716e-05,8.716e-05,8.716e-05,627,1,627,627,627,3,1,3,3,3
35,10,8.1842e-05,1,8.1842e-05,8.1842e-05,8.1842e-05,636,1,636,636,636,4,1,4,4,4
35,10,8.2526e-05,1,8.2526e-05,8.2526e-05,8.2526e-05,627,1,627,627,627,4,1,4,4,4
35,10,8.2324e-05,1,8.2324e-05,8.2324e-05,8.2324e-05,631,1,631,631,631,4,1,4,4,4
35,10,8.1179e-05,1,8.1179e-05,8.1179e-05,8.1179e-05,628,1,628,628,628,4,1,4,4,4
35,10,7.9016e-05,1,7.9016e-05,7.9016e-05,7.9016e-05,618,1,618,618,618,3,1,3,3,3
35,10,8.3605e-05,1,8.3605e-05,8.3605e-05,8.3605e-05,631,1,631,631,631,4,1,4,4,4
35,10,8.1395e-05,1,8.1395e-05,8.1395e-05,8.1395e-05,627,1,627,627,627,4,1,4,4,4
35,10,7.9946e-05,1,7.9946e-05,7.9946e-05,7.9946e-05,622,1,622,622,622,4,1,4,4,4
35,10,8.1641e-05,1,8.1641e-05,8.1641e-05,8.1641e-05,623,1,623,623,623,3,1,3,3,3
35,10,8.1721e-05,1,8.1721e-05,8.1721e-05,8.1721e-05,626,1,626,626,626,3,1,3,3,3
35,10,8.1817e-05,1,8.1817e-05,8.1817e-05,8.1817e-05,629,1,629,629,629,3,1,3,3,3
35,10,8.235e-05,1,8.235e-05,8.235e-05,8.235e-05,624,1,624,624,624,3,1,3,3,3
35,10,8.257e-05,1,8.257e-05,8.257e-05,8.257e-05,625,1,625,625,625,3,1,3,3,3
35,10,8.1243e-05,1,8.1243e-05,8.1243e-05,8.1243e-05,630,1,630,630,630,3,1,3,3,3
35,10,8.1388e-05,1,8.1388e-05,8.1388e-05,8.1388e-05,628,1,628,628,628,4,1,4,4,4
35,10,7.9516e-05,1,7.9516e-05,7.9516e-05,7.9516e-05,621,1,621,621,621,3,1,3,3,3
35,10,8.1658e-05,1,8.1658e-05,8.1658e-05,8.1658e-05,633,1,633,633,633,4,1,4,4,4
35,10,8.094e-05,1,8.094e-05,8.094e-05,8.094e-05,634,1,634,634,634,4,1,4,4,4
35,10,8.2403e-05,1,8.2403e-05,8.2403e-05,8.2403e-05,629,1,629,629,629,4,1,4,4,4
35,10,8.2041e-05,1,8.2041e-05,8.2041e-05,8.2041e-05,618,1,618,618,618,3,1,3,3,3
35,10,8.0999e-05,1,8.0999e-05,8.0999e-05,8.0999e-05,627,1,627,627,627,4,1,4,4,4
35,10,8.1912e-05,1,8.1912e-05,8.1912e-05,8.1912e-05,623,1,623,623,623,4,1,4,4,4
35,10,8.1207e-05,1,8.1207e-05,8.1207e-05,8.1207e-05,631,1,631,631,631,4,1,4,4,4
35,10,8.0558e-05,1,8.0558e-05,8.0558e-05,8.0558e-05,626,1,626,626,626,4,1,4,4,4
35,10,8.1073e-05,1,8.1073e-05,8.1073e-05,8.1073e-05,631,1,631,631,631,4,1,4,4,4
35,10,8.11e-05,1,8.11e-05,8.11e-05,8.11e-05,633,1,633,633,633,4,1,4,4,4
35,10,7.982e-05,1,7.982e-05,7.982e-05,7.982e-05,627,1,627,627,627,4,1,4,4,4
35,10,8.0129e-05,1,8.0129e-05,8.0129e-05,8.0129e-05,624,1,624,624,624,4,1,4,4,4
35,10,9.6927e-05,1,9.6927e-05,9.6927e-05,9.6927e-05,629,1,629,629,629,4,1,4,4,4
35,10,7.8217e-05,1,7.8217e-05,7.8217e-05,7.8217e-05,627,1,627,627,627,4,1,4,4,4
35,10,7.8551e-05,1,7.8551e-05,7.8551e-05,7.8551e-05,624,1,624,624,624,3,1,3,3,3
35,10,7.9322e-05,1,7.9322e-05,7.9322e-05,7.9322e-05,634,1,634,634,634,4,1,4,4,4
35,10,8.026e-05,1,8.026e-05,8.026e-05,8.026e-05,628,1,628,628,628,3,1,3,3,3
35,10,8.0289e-05,1,8.0289e-05,8.0289e-05,8.0289e-05,629,1,629,629,629,4,1,4,4,4
35,10,7.9591e-05,1,7.9591e-05,7.9591e-05,7.9591e-05,630,1,630,630,630,4,1,4,4,4
35,10,7.8628e-05,1,7.8628e-05,7.8628e-05,7.8628e-05,628,1,628,628,628,4,1,4,4,4
35,10,7.9786e-05,1,7.9786e-05,7.9786e-05,7.9786e-05,626,1,626,626,626,3,1,3,3,3
35,10,7.9864e-05,1,7.9864e-05,7.9864e-05,7.9864e-05,632,1,632,632,632,4,1,4,4,4
35,10,7.891e-05,1,7.891e-05,7.891e-05,7.891e-05,627,1,627,627,627,3,1,3,3,3
35,10,7.9211e-05,1,7.9211e-05,7.9211e-05,7.9211e-05,620,1,620,620,620,3,1,3,3,3
35,10,7.9571e-05,1,7.9571e-05,7.9571e-05,7.9571e-05,626,1,626,626,626,4,1,4,4,4
35,10,7.8719e-05,1,7.8719e-05,7.8719e-05,7.8719e-05,626,1,626,626,626,3,1,3,3,3
35,10,7.9778e-05,1,7.9778e-05,7.9778e-05,7.9778e-05,630,1,630,630,630,4,1,4,4,4
35,10,7.9452e-05,1,7.9452e-05,7.9452e-05,7.9452e-05,630,1,630,630,630,5,1,5,5,5
35,10,7.9149e-05,1,7.9149e-05,7.9149e-05,7.9149e-05,626,1,626,626,626,4,1,4,4,4
35,10,7.9032e-05,1,7.9032e-05,7.9032e-05,7.9032e-05,623,1,623,623,623,3,1,3,3,3
35,10,7.92e-05,1,7.92e-05,7.92e-05,7.92e-05,634,1,634,634,634,4,1,4,4,4
35,10,7.8272e-05,1,7.8272e-05,7.8272e-05,7.8272e-05,627,1,627,627,627,4,1,4,4,4
35,10,7.9811e-05,1,7.9811e-05,7.9811e-05,7.9811e-05,632,1,632,632,632,3,1,3,3,3
35,10,7.8853e-05,1,7.8853e-05,7.8853e-05,7.8853e-05,634,1,634,634,634,4,1,4,4,4
35,10,7.8194e-05,1,7.8194e-05,7.8194e-05,7.8194e-05,629,1,629,629,629,3,1,3,3,3
35,10,7.9624e-05,1,7.9624e-05,7.9624e-05,7.9624e-05,635,1,635,635,635,4,1,4,4,4
35,10,7.8918e-05,1,7.8918e-05,7.8918e-05,7.8918e-05,635,1,635,635,635,4,1,4,4,4
35,10,7.9954e-05,1,7.9954e-05,7.9954e-05,7.9954e-05,628,1,628,628,628,4,1,4,4,4
35,10,7.9448e-05,1,7.9448e-05,7.9448e-05,7.9448e-05,625,1,625,625,625,3,1,3,3,3
35,10,7.9281e-05,1,7.9281e-05,7.9281e-05,7.9281e-05,629,1,629,629,629,4,1,4,4,4
35,10,8.0203e-05,1,8.0203e-05,8.0203e-05,8.0203e-05,623,1,623,623,623,4,1,4,4,4
35,10,8.1443e-05,1,8.1443e-05,8.1443e-05,8.1443e-05,636,1,636,636,636,4,1,4,4,4
35,10,7.8983e-05,1,7.8983e-05,7.8983e-05,7.8983e-05,631,1,631,631,631,4,1,4,4,4
35,10,7.8836e-05,1,7.8836e-05,7.8836e-05,7.8836e-05,630,1,630,630,630,4,1,4,4,4
35,10,7.9587e-05,1,7.9587e-05,7.9587e-05,7.9587e-05,624,1,624,624,624,4,1,4,4,4
35,10,8.2699e-05,1,8.2699e-05,8.2699e-05,8.2699e-05,636,1,636,636,636,4,1,4,4,4
35,10,8.0793e-05,1,8.0793e-05,8.0793e-05,8.0793e-05,630,1,630,630,630,4,1,4,4,4
35,10,8.1592e-05,1,8.1592e-05,8.1592e-05,8.1592e-05,633,1,633,633,633,4,1,4,4,4
35,10,9.354e-05,1,9.354e-05,9.354e-05,9.354e-05,624,1,624,624,624,3,1,3,3,3
35,10,8.0343e-05,1,8.0343e-05,8.0343e-05,8.0343e-05,633,1,633,633,633,4,1,4,4,4
35,10,8.1359e-05,1,8.1359e-05,8.1359e-05,8.1359e-05,622,1,622,622,622,3,1,3,3,3
35,10,8.2578e-05,1,8.2578e-05,8.2578e-05,8.2578e-05,625,1,625,625,625,4,1,4,4,4
35,10,8.063e-05,1,8.063e-05,8.063e-05,8.063e-05,631,1,631,631,631,3,1,3,3,3
35,10,8.1068e-05,1,8.1068e-05,8.1068e-05,8.1068e-05,628,1,628,628,628,4,1,4,4,4
35,10,8.187e-05,1,8.187e-05,8.187e-05,8.187e-05,629,1,629,629,629,3,1,3,3,3
35,10,8.0863e-05,1,8.0863e-05,8.0863e-05,8.0863e-05,622,1,622,622,622,3,1,3,3,3
35,10,8.1272e-05,1,8.1272e-05,8.1272e-05,8.1272e-05,622,1,622,622,622,4,1,4,4,4
35,10,8.1178e-05,1,8.1178e-05,8.1178e-05,8.1178e-05,624,1,624,624,624,4,1,4,4,4
35,10,8.0793e-05,1,8.0793e-05,8.0793e-05,8.0793e-05,624,1,624,624,624,3,1,3,3,3
35,10,8.2767e-05,1,8.2767e-05,8.2767e-05,8.2767e-05,632,1,632,632,632,4,1,4,4,4
35,10,8.2462e-05,1,8.2462e-05,8.2462e-05,8.2462e-05,630,1,630,630,630,4,1,4,4,4
35,10,8.0767e-05,1,8.0767e-05,8.0767e-05,8.0767e-05,624,1,624,624,624,4,1,4,4,4
35,10,8.1974e-05,1,8.1974e-05,8.1974e-05,8.1974e-05,632,1,632,632,632,4,1,4,4,4
35,10,8.1305e-05,1,8.1305e-05,8.1305e-05,8.1305e-05,623,1,623,623,623,4,1,4,4,4
35,10,8.4352e-05,1,8.4352e-05,8.4352e-05,8.4352e-05,626,1,626,626,626,3,1,3,3,3
35,10,8.3499e-05,1,8.3499e-05,8.3499e-05,8.3499e-05,634,1,634,634,634,4,1,4,4,4
35,10,8.2672e-05,1,8.2672e-05,8.2672e-05,8.2672e-05,631,1,631,631,631,4,1,4,4,4
35,10,8.2161e-05,1,8.2161e-05,8.2161e-05,8.2161e-05,630,1,630,630,630,4,1,4,4,4
35,10,8.0914e-05,1,8.0914e-05,8.0914e-05,8.0914e-05,636,1,636,636,636,4,1,4,4,4
35,10,8.14e-05,1,8.14e-05,8.14e-05,8.14e-05,630,1,630,630,630,4,1,4,4,4
35,10,8.1611e-05,1,8.1611e-05,8.1611e-05,8.1611e-05,632,1,632,632,632,4,1,4,4,4
35,10,9.3182e-05,1,9.3182e-05,9.3182e-05,9.3182e-05,618,1,618,618,618,3,1,3,3,3
35,10,9.1596e-05,1,9.1596e-05,9.1596e-05,9.1596e-05,623,1,623,623,623,3,1,3,3,3
35,10,8.2368e-05,1,8.2368e-05,8.2368e-05,8.2368e-05,637,1,637,637,637,4,1,4,4,4
35,10,8.3897e-05,1,8.3897e-05,8.3897e-05,8.3897e-05,630,1,630,630,630,4,1,4,4,4
35,10,8.0845e-05,1,8.0845e-05,8.0845e-05,8.0845e-05,622,1,622,622,622,4,1,4,4,4
35,10,8.1259e-05,1,8.1259e-05,8.1259e-05,8.1259e-05,627,1,627,627,627,3,1,3,3,3
35,10,8.1131e-05,1,8.1131e-05,8.1131e-05,8.1131e-05,628,1,628,628,628,4,1,4,4,4
35,10,8.1777e-05,1,8.1777e-05,8.1777e-05,8.1777e-05,623,1,623,623,623,3,1,3,3,3
35,10,0.000103939,1,0.000103939,0.000103939,0.000103939,636,1,636,636,636,4,1,4,4,4
35,10,8.0935e-05,1,8.0935e-05,8.0935e-05,8.0935e-05,625,1,625,625,625,3,1,3,3,3
35,10,8.3365e-05,1,8.3365e-05,8.3365e-05,8.3365e-05,627,1,627,627,627,3,1,3,3,3
35,10,8.7177e-05,1,8.7177e-05,8.7177e-05,8.7177e-05,628,1,628,628,628,3,1,3,3,3
35,10,8.2526e-05,1,8.2526e-05,8.2526e-05,8.2526e-05,634,1,634,634,634,4,1,4,4,4
35,10,8.1893e-05,1,8.1893e-05,8.1893e-05,8.1893e-05,631,1,631,631,631,4,1,4,4,4
35,10,8.2068e-05,1,8.2068e-05,8.2068e-05,8.2068e-05,627,1,627,627,627,3,1,3,3,3
35,10,8.2301e-05,1,8.2301e-05,8.2301e-05,8.2301e-05,625,1,625,625,625,4,1,4,4,4
35,10,8.256e-05,1,8.256e-05,8.256e-05,8.256e-05,625,1,625,625,625,3,1,3,3,3
35,10,8.3063e-05,1,8.3063e-05,8.3063e-05,8.3063e-05,629,1,629,629,629,4,1,4,4,4
35,10,8.0398e-05,1,8.0398e-05,8.0398e-05,8.0398e-05,623,1,623,623,623,3,1,3,3,3
35,10,8.066e-05,1,8.066e-05,8.066e-05,8.066e-05,633,1,633,633,633,4,1,4,4,4
35,10,8.2276e-05,1,8.2276e-05,8.2276e-05,8.2276e-05,632,1,632,632,632,4,1,4,4,4
35,10,8.1057e-05,1,8.1057e-05,8.1057e-05,8.1057e-05,628,1,628,628,628,3,1,3,3,3
35,10,8.145e-05,1,8.145e-05,8.145e-05,8.145e-05,638,1,638,638,638,4,1,4,4,4
35,10,8.1168e-05,1,8.1168e-05,8.1168e-05,8.1168e-05,624,1,624,624,624,3,1,3,3,3
35,10,8.2286e-05,1,8.2286e-05,8.2286e-05,8.2286e-05,626,1,626,626,626,3,1,3,3,3
35,10,8.1594e-05,1,8.1594e-05,8.1594e-05,8.1594e-05,637,1,637,637,637,4,1,4,4,4
35,10,8.3472e-05,1,8.3472e-05,8.3472e-05,8.3472e-05,622,1,622,622,622,3,1,3,3,3
35,10,8.176e-05,1,8.176e-05,8.176e-05,8.176e-05,630,1,630,630,630,4,1,4,4,4
35,10,8.1137e-05,1,8.1137e-05,8.1137e-05,8.1137e-05,624,1,624,624,624,4,1,4,4,4
35,10,8.1666e-05,1,8.1666e-05,8.1666e-05,8.1666e-05,625,1,625,625,625,4,1,4,4,4
35,10,8.2275e-05,1,8.2275e-05,8.2275e-05,8.2275e-05,633,1,633,633,633,4,1,4,4,4
35,10,8.195e-05,1,8.195e-05,8.195e-05,8.195e-05,628,1,628,628,628,4,1,4,4,4
35,10,8.1172e-05,1,8.1172e-05,8.1172e-05,8.1172e-05,634,1,634,634,634,4,1,4,4,4
35,10,8.1649e-05,1,8.1649e-05,8.1649e-05,8.1649e-05,630,1,630,630,630,4,1,4,4,4
35,10,8.2439e-05,1,8.2439e-05,8.2439e-05,8.2439e-05,625,1,625,625,625,4,1,4,4,4
35,10,8.1286e-05,1,8.1286e-05,8.1286e-05,8.1286e-05,633,1,633,633,633,3,1,3,3,3
35,10,8.1062e-05,1,8.1062e-05,8.1062e-05,8.1062e-05,628,1,628,628,628,4,1,4,4,4
35,10,8.1451e-05,1,8.1451e-05,8.1451e-05,8.1451e-05,628,1,628,628,628,4,1,4,4,4
35,10,8.0882e-05,1,8.0882e-05,8.0882e-05,8.0882e-05,623,1,623,623,623,3,1,3,3,3
35,10,8.1519e-05,1,8.1519e-05,8.1519e-05,8.1519e-05,629,1,629,629,629,4,1,4,4,4
35,10,8.7277e-05,1,8.7277e-05,8.7277e-05,8.7277e-05,625,1,625,625,625,4,1,4,4,4
35,10,8.2152e-05,1,8.2152e-05,8.2152e-05,8.2152e-05,625,1,625,625,625,4,1,4,4,4
35,10,8.1658e-05,1,8.1658e-05,8.1658e-05,8.1658e-05,627,1,627,627,627,4,1,4,4,4
35,10,8.2808e-05,1,8.2808e-05,8.2808e-05,8.2808e-05,636,1,636,636,636,4,1,4,4,4
35,10,9.5155e-05,1,9.5155e-05,9.5155e-05,9.5155e-05,627,1,627,627,627,4,1,4,4,4
35,10,0.00010214,1,0.00010214,0.00010214,0.00010214,627,1,627,627,627,4,1,4,4,4
35,10,0.000103844,1,0.000103844,0.000103844,0.000103844,633,1,633,633,633,4,1,4,4,4
35,10,9.3188e-05,1,9.3188e-05,9.3188e-05,9.3188e-05,623,1,623,623,623,3,1,3,3,3
35,10,9.0738e-05,1,9.0738e-05,9.0738e-05,9.0738e-05,628,1,628,628,628,4,1,4,4,4
35,10,9.2835e-05,1,9.2835e-05,9.2835e-05,9.2835e-05,626,1,626,626,626,4,1,4,4,4
35,10,9.4533e-05,1,9.4533e-05,9.4533e-05,9.4533e-05,626,1,626,626,626,3,1,3,3,3
35,10,9.476e-05,1,9.476e-05,9.476e-05,9.476e-05,631,1,631,631,631,4,1,4,4,4
35,10,9.5234e-05,1,9.5234e-05,9.5234e-05,9.5234e-05,629,1,629,629,629,4,1,4,4,4
35,10,9.2545e-05,1,9.2545e-05,9.2545e-05,9.2545e-05,621,1,621,621,621,3,1,3,3,3
35,10,8.5263e-05,1,8.5263e-05,8.5263e-05,8.5263e-05,627,1,627,627,627,3,1,3,3,3
35,10,8.3159e-05,1,8.3159e-05,8.3159e-05,8.3159e-05,628,1,628,628,628,4,1,4,4,4
35,10,8.0414e-05,1,8.0414e-05,8.0414e-05,8.0414e-05,622,1,622,622,622,3,1,3,3,3
35,10,8.1794e-05,1,8.1794e-05,8.1794e-05,8.1794e-05,626,1,626,626,626,3,1,3,3,3
35,10,8.2678e-05,1,8.2678e-05,8.2678e-05,8.2678e-05,630,1,630,630,630,4,1,4,4,4
35,10,8.1389e-05,1,8.1389e-05,8.1389e-05,8.1389e-05,633,1,633,633,633,4,1,4,4,4
35,10,8.1818e-05,1,8.1818e-05,8.1818e-05,8.1818e-05,623,1,623,623,623,4,1,4,4,4
35,10,8.1515e-05,1,8.1515e-05,8.1515e-05,8.1515e-05,631,1,631,631,631,4,1,4,4,4
35,10,7.9959e-05,1,7.9959e-05,7.9959e-05,7.9959e-05,637,1,637,637,637,4,1,4,4,4
35,10,8.2684e-05,1,8.2684e-05,8.2684e-05,8.2684e-05,630,1,630,630,630,4,1,4,4,4
35,10,8.0809e-05,1,8.0809e-05,8.0809e-05,8.0809e-05,625,1,625,625,625,4,1,4,4,4
35,10,8.4232e-05,1,8.4232e-05,8.4232e-05,8.4232e-05,624,1,624,624,624,3,1,3,3,3
35,10,8.2288e-05,1,8.2288e-05,8.2288e-05,8.2288e-05,627,1,627,627,627,4,1,4,4,4
35,10,8.1894e-05,1,8.1894e-05,8.1894e-05,8.1894e-05,622,1,622,622,622,3,1,3,3,3
35,10,8.2951e-05,1,8.2951e-05,8.2951e-05,8.2951e-05,627,1,627,627,627,4,1,4,4,4
35,10,8.013e-05,1,8.013e-05,8.013e-05,8.013e-05,625,1,625,625,625,4,1,4,4,4
35,10,8.2173e-05,1,8.2173e-05,8.2173e-05,8.2173e-05,637,1,637,637,637,4,1,4,4,4
35,10,8.175e-05,1,8.175e-05,8.175e-05,8.175e-05,635,1,635,635,635,4,1,4,4,4
35,10,8.2393e-05,1,8.2393e-05,8.2393e-05,8.2393e-05,632,1,632,632,632,4,1,4,4,4
35,10,8.0762e-05,1,8.0762e-05,8.0762e-05,8.0762e-05,631,1,631,631,631,4,1,4,4,4
35,10,8.0115e-05,1,8.0115e-05,8.0115e-05,8.0115e-05,628,1,628,628,628,3,1,3,3,3
35,10,8.2228e-05,1,8.2228e-05,8.2228e-05,8.2228e-05,626,1,626,626,626,4,1,4,4,4
35,10,8.1688e-05,1,8.1688e-05,8.1688e-05,8.1688e-05,628,1,628,628,628,4,1,4,4,4
35,10,8.1526e-05,1,8.1526e-05,8.1526e-05,8.1526e-05,633,1,633,633,633,4,1,4,4,4
35,10,8.1953e-05,1,8.1953e-05,8.1953e-05,8.1953e-05,626,1,626,626,626,4,1,4,4,4
35,10,8.132e-05,1,8.132e-05,8.132e-05,8.132e-05,629,1,629,629,629,4,1,4,4,4
35,10,8.1985e-05,1,8.1985e-05,8.1985e-05,8.1985e-05,629,1,629,629,629,4,1,4,4,4
35,10,8.1982e-05,1,8.1982e-05,8.1982e-05,8.1982e-05,623,1,623,623,623,3,1,3,3,3
35,10,8.1125e-05,1,8.1125e-05,8.1125e-05,8.1125e-05,627,1,627,627,627,4,1,4,4,4
35,10,8.1394e-05,1,8.1394e-05,8.1394e-05,8.1394e-05,626,1,626,626,626,3,1,3,3,3
35,10,8.0813e-05,1,8.0813e-05,8.0813e-05,8.0813e-05,619,1,619,619,619,3,1,3,3,3
35,10,8.1475e-05,1,8.1475e-05,8.1475e-05,8.1475e-05,629,1,629,629,629,4,1,4,4,4
35,10,8.1738e-05,1,8.1738e-05,8.1738e-05,8.1738e-05,622,1,622,622,622,3,1,3,3,3
35,10,8.3321e-05,1,8.3321e-05,8.3321e-05,8.3321e-05,635,1,635,635,635,4,1,4,4,4
35,10,8.2519e-05,1,8.2519e-05,8.2519e-05,8.2519e-05,628,1,628,628,628,4,1,4,4,4
35,10,7.9944e-05,1,7.9944e-05,7.9944e-05,7.9944e-05,623,1,623,623,623,3,1,3,3,3
35,10,8.0727e-05,1,8.0727e-05,8.0727e-05,8.0727e-05,625,1,625,625,625,4,1,4,4,4
35,10,8.162e-05,1,8.162e-05,8.162e-05,8.162e-05,628,1,628,628,628,4,1,4,4,4
35,10,8.2507e-05,1,8.2507e-05,8.2507e-05,8.2507e-05,628,1,628,628,628,3,1,3,3,3
35,10,8.2467e-05,1,8.2467e-05,8.2467e-05,8.2467e-05,625,1,625,625,625,4,1,4,4,4
35,10,8.1299e-05,1,8.1299e-05,8.1299e-05,8.1299e-05,625,1,625,625,625,3,1,3,3,3
35,10,8.2668e-05,1,8.2668e-05,8.2668e-05,8.2668e-05,634,1,634,634,634,4,1,4,4,4
35,10,8.147e-05,1,8.147e-05,8.147e-05,8.147e-05,630,1,630,630,630,4,1,4,4,4
35,10,8.5575e-05,1,8.5575e-05,8.5575e-05,8.5575e-05,625,1,625,625,625,3,1,3,3,3
35,10,8.2657e-05,1,8.2657e-05,8.2657e-05,8.2657e-05,633,1,633,633,633,4,1,4,4,4
35,10,8.0614e-05,1,8.0614e-05,8.0614e-05,8.0614e-05,626,1,626,626,626,4,1,4,4,4
35,10,8.1743e-05,1,8.1743e-05,8.1743e-05,8.1743e-05,634,1,634,634,634,4,1,4,4,4
35,10,8.1526e-05,1,8.1526e-05,8.1526e-05,8.1526e-05,635,1,635,635,635,4,1,4,4,4
35,10,8.2671e-05,1,8.2671e-05,8.2671e-05,8.2671e-05,630,1,630,630,630,4,1,4,4,4
35,10,8.3999e-05,1,8.3999e-05,8.3999e-05,8.3999e-05,627,1,627,627,627,4,1,4,4,4
35,10,8.1268e-05,1,8.1268e-05,8.1268e-05,8.1268e-05,624,1,624,624,624,3,1,3,3,3
35,10,8.1975e-05,1,8.1975e-05,8.1975e-05,8.1975e-05,631,1,631,631,631,4,1,4,4,4
35,10,8.8014e-05,1,8.8014e-05,8.8014e-05,8.8014e-05,629,1,629,629,629,4,1,4,4,4
35,10,8.0944e-05,1,8.0944e-05,8.0944e-05,8.0944e-05,624,1,624,624,624,3,1,3,3,3
35,10,8.1261e-05,1,8.1261e-05,8.1261e-05,8.1261e-05,635,1,635,635,635,4,1,4,4,4
35,10,8.2007e-05,1,8.2007e-05,8.2007e-05,8.2007e-05,633,1,633,633,633,4,1,4,4,4
35,10,8.0894e-05,1,8.0894e-05,8.0894e-05,8.0894e-05,630,1,630,630,630,4,1,4,4,4
35,10,9.6212e-05,1,9.6212e-05,9.6212e-05,9.6212e-05,623,1,623,623,623,4,1,4,4,4
35,10,9.4132e-05,1,9.4132e-05,9.4132e-05,9.4132e-05,630,1,630,630,630,4,1,4,4,4
35,10,9.0021e-05,1,9.0021e-05,9.0021e-05,9.0021e-05,628,1,628,628,628,3,1,3,3,3
35,10,9.7867e-05,1,9.7867e-05,9.7867e-05,9.7867e-05,629,1,629,629,629,4,1,4,4,4
35,10,8.847e-05,1,8.847e-05,8.847e-05,8.847e-05,624,1,624,624,624,3,1,3,3,3
35,10,9.0939e-05,1,9.0939e-05,9.0939e-05,9.0939e-05,629,1,629,629,629,4,1,4,4,4
35,10,8.2392e-05,1,8.2392e-05,8.2392e-05,8.2392e-05,628,1,628,628,628,4,1,4,4,4
35,10,8.0916e-05,1,8.0916e-05,8.0916e-05,8.0916e-05,625,1,625,625,625,4,1,4,4,4
35,10,8.2174e-05,1,8.2174e-05,8.2174e-05,8.2174e-05,627,1,627,627,627,4,1,4,4,4
35,10,8.0713e-05,1,8.0713e-05,8.0713e-05,8.0713e-05,630,1,630,630,630,3,1,3,3,3
35,10,8.112e-05,1,8.112e-05,8.112e-05,8.112e-05,621,1,621,621,621,3,1,3,3,3
35,10,8.2545e-05,1,8.2545e-05,8.2545e-05,8.2545e-05,632,1,632,632,632,4,1,4,4,4
35,10,8.1052e-05,1,8.1052e-05,8.1052e-05,8.1052e-05,622,1,622,622,622,4,1,4,4,4
35,10,8.1237e-05,1,8.1237e-05,8.1237e-05,8.1237e-05,632,1,632,632,632,4,1,4,4,4
35,10,8.1738e-05,1,8.1738e-05,8.1738e-05,8.1738e-05,632,1,632,632,632,4,1,4,4,4
35,10,8.1095e-05,1,8.1095e-05,8.1095e-05,8.1095e-05,628,1,628,628,628,4,1,4,4,4
35,10,8.1982e-05,1,8.1982e-05,8.1982e-05,8.1982e-05,632,1,632,632,632,4,1,4,4,4
35,10,8.075e-05,1,8.075e-05,8.075e-05,8.075e-05,620,1,620,620,620,3,1,3,3,3
35,10,8.1918e-05,1,8.1918e-05,8.1918e-05,8.1918e-05,624,1,624,624,624,3,1,3,3,3
35,10,8.185e-05,1,8.185e-05,8.185e-05,8.185e-05,627,1,627,627,627,4,1,4,4,4
35,10,8.0783e-05,1,8.0783e-05,8.0783e-05,8.0783e-05,627,1,627,627,627,3,1,3,3,3
35,10,8.0305e-05,1,8.0305e-05,8.0305e-05,8.0305e-05,619,1,619,619,619,3,1,3,3,3
35,10,8.2941e-05,1,8.2941e-05,8.2941e-05,8.2941e-05,630,1,630,630,630,4,1,4,4,4
35,10,8.1161e-05,1,8.1161e-05,8.1161e-05,8.1161e-05,637,1,637,637,637,4,1,4,4,4
35,10,8.0607e-05,1,8.0607e-05,8.0607e-05,8.0607e-05,633,1,633,633,633,3,1,3,3,3
35,10,8.0907e-05,1,8.0907e-05,8.0907e-05,8.0907e-05,630,1,630,630,630,4,1,4,4,4
35,10,8.1495e-05,1,8.1495e-05,8.1495e-05,8.1495e-05,629,1,629,629,629,4,1,4,4,4
35,10,8.3428e-05,1,8.3428e-05,8.3428e-05,8.3428e-05,631,1,631,631,631,4,1,4,4,4
35,10,8.1775e-05,1,8.1775e-05,8.1775e-05,8.1775e-05,626,1,626,626,626,4,1,4,4,4
35,10,8.2255e-05,1,8.2255e-05,8.2255e-05,8.2255e-05,635,1,635,635,635,4,1,4,4,4
35,10,8.2179e-05,1,8.2179e-05,8.2179e-05,8.2179e-05,627,1,627,627,627,4,1,4,4,4
35,10,8.1783e-05,1,8.1783e-05,8.1783e-05,8.1783e-05,635,1,635,635,635,4,1,4,4,4
35,10,8.0866e-05,1,8.0866e-05,8.0866e-05,8.0866e-05,624,1,624,624,624,4,1,4,4,4
35,10,8.1277e-05,1,8.1277e-05,8.1277e-05,8.1277e-05,633,1,633,633,633,4,1,4,4,4
35,10,8.1694e-05,1,8.1694e-05,8.1694e-05,8.1694e-05,631,1,631,631,631,4,1,4,4,4
35,10,8.0512e-05,1,8.0512e-05,8.0512e-05,8.0512e-05,623,1,623,623,623,3,1,3,3,3
35,10,8.1873e-05,1,8.1873e-05,8.1873e-05,8.1873e-05,628,1,628,628,628,3,1,3,3,3
35,10,8.9205e-05,1,8.9205e-05,8.9205e-05,8.9205e-05,629,1,629,629,629,4,1,4,4,4
35,10,7.9418e-05,1,7.9418e-05,7.9418e-05,7.9418e-05,633,1,633,633,633,4,1,4,4,4
35,10,7.8803e-05,1,7.8803e-05,7.8803e-05,7.8803e-05,624,1,624,624,624,3,1,3,3,3
35,10,7.8536e-05,1,7.8536e-05,7.8536e-05,7.8536e-05,625,1,625,625,625,3,1,3,3,3
35,10,7.9578e-05,1,7.9578e-05,7.9578e-05,7.9578e-05,634,1,634,634,634,4,1,4,4,4
35,10,8.0164e-05,1,8.0164e-05,8.0164e-05,8.0164e-05,625,1,625,625,625,4,1,4,4,4
35,10,7.9022e-05,1,7.9022e-05,7.9022e-05,7.9022e-05,625,1,625,625,625,3,1,3,3,3
35,10,7.9204e-05,1,7.9204e-05,7.9204e-05,7.9204e-05,637,1,637,637,637,4,1,4,4,4
35,10,7.9967e-05,1,7.9967e-05,7.9967e-05,7.9967e-05,628,1,628,628,628,4,1,4,4,4
35,10,7.9402e-05,1,7.9402e-05,7.9402e-05,7.9402e-05,635,1,635,635,635,4,1,4,4,4
35,10,7.8747e-05,1,7.8747e-05,7.8747e-05,7.8747e-05,627,1,627,627,627,4,1,4,4,4
35,10,7.9113e-05,1,7.9113e-05,7.9113e-05,7.9113e-05,624,1,624,624,624,3,1,3,3,3
35,10,8.0404e-05,1,8.0404e-05,8.0404e-05,8.0404e-05,638,1,638,638,638,4,1,4,4,4
35,10,7.9077e-05,1,7.9077e-05,7.9077e-05,7.9077e-05,632,1,632,632,632,4,1,4,4,4
35,10,7.9461e-05,1,7.9461e-05,7.9461e-05,7.9461e-05,638,1,638,638,638,4,1,4,4,4
35,10,8.4371e-05,1,8.4371e-05,8.4371e-05,8.4371e-05,635,1,635,635,635,4,1,4,4,4
35,10,7.9704e-05,1,7.9704e-05,7.9704e-05,7.9704e-05,629,1,629,629,629,4,1,4,4,4
35,10,7.8825e-05,1,7.8825e-05,7.8825e-05,7.8825e-05,631,1,631,631,631,4,1,4,4,4
35,10,7.885e-05,1,7.885e-05,7.885e-05,7.885e-05,629,1,629,629,629,4,1,4,4,4
35,10,8.0125e-05,1,8.0125e-05,8.0125e-05,8.0125e-05,625,1,625,625,625,4,1,4,4,4
35,10,7.9073e-05,1,7.9073e-05,7.9073e-05,7.9073e-05,623,1,623,623,623,3,1,3,3,3
35,10,8.0915e-05,1,8.0915e-05,8.0915e-05,8.0915e-05,626,1,626,626,626,4,1,4,4,4
35,10,7.9897e-05,1,7.9897e-05,7.9897e-05,7.9897e-05,627,1,627,627,627,3,1,3,3,3
35,10,7.9527e-05,1,7.9527e-05,7.9527e-05,7.9527e-05,629,1,629,629,629,4,1,4,4,4
35,10,8.0018e-05,1,8.0018e-05,8.0018e-05,8.0018e-05,629,1,629,629,629,4,1,4,4,4
35,10,7.9821e-05,1,7.9821e-05,7.9821e-05,7.9821e-05,632,1,632,632,632,4,1,4,4,4
35,10,8.0222e-05,1,8.0222e-05,8.0222e-05,8.0222e-05,630,1,630,630,630,3,1,3,3,3
35,10,7.9525e-05,1,7.9525e-05,7.9525e-05,7.9525e-05,619,1,619,619,619,3,1,3,3,3
35,10,7.9383e-05,1,7.9383e-05,7.9383e-05,7.9383e-05,628,1,628,628,628,4,1,4,4,4
35,10,7.9779e-05,1,7.9779e-05,7.9779e-05,7.9779e-05,629,1,629,629,629,4,1,4,4,4
35,10,8.2575e-05,1,8.2575e-05,8.2575e-05,8.2575e-05,622,1,622,622,622,3,1,3,3,3
35,10,8.2001e-05,1,8.2001e-05,8.2001e-05,8.2001e-05,621,1,621,621,621,4,1,4,4,4
35,10,8.2369e-05,1,8.2369e-05,8.2369e-05,8.2369e-05,630,1,630,630,630,4,1,4,4,4
35,10,8.2008e-05,1,8.2008e-05,8.2008e-05,8.2008e-05,631,1,631,631,631,4,1,4,4,4
35,10,8.0565e-05,1,8.0565e-05,8.0565e-05,8.0565e-05,626,1,626,626,626,4,1,4,4,4
35,10,8.1113e-05,1,8.1113e-05,8.1113e-05,8.1113e-05,631,1,631,631,631,4,1,4,4,4
35,10,8.1539e-05,1,8.1539e-05,8.1539e-05,8.1539e-05,628,1,628,628,628,4,1,4,4,4
35,10,8.1683e-05,1,8.1683e-05,8.1683e-05,8.1683e-05,629,1,629,629,629,3,1,3,3,3
35,10,8.0896e-05,1,8.0896e-05,8.0896e-05,8.0896e-05,623,1,623,623,623,3,1,3,3,3
35,10,8.1835e-05,1,8.1835e-05,8.1835e-05,8.1835e-05,632,1,632,632,632,5,1,5,5,5
35,10,8.1832e-05,1,8.1832e-05,8.1832e-05,8.1832e-05,627,1,627,627,627,3,1,3,3,3
35,10,8.0052e-05,1,8.0052e-05,8.0052e-05,8.0052e-05,625,1,625,625,625,4,1,4,4,4
35,10,8.1662e-05,1,8.1662e-05,8.1662e-05,8.1662e-05,637,1,637,637,637,4,1,4,4,4
35,10,8.068e-05,1,8.068e-05,8.068e-05,8.068e-05,621,1,621,621,621,3,1,3,3,3
35,10,8.0962e-05,1,8.0962e-05,8.0962e-05,8.0962e-05,624,1,624,624,624,4,1,4,4,4
35,10,8.1348e-05,1,8.1348e-05,8.1348e-05,8.1348e-05,623,1,623,623,623,3,1,3,3,3
35,10,8.2533e-05,1,8.2533e-05,8.2533e-05,8.2533e-05,631,1,631,631,631,4,1,4,4,4
35,10,8.0622e-05,1,8.0622e-05,8.0622e-05,8.0622e-05,628,1,628,628,628,3,1,3,3,3
35,10,8.0651e-05,1,8.0651e-05,8.0651e-05,8.0651e-05,613,1,613,613,613,3,1,3,3,3
35,10,8.2281e-05,1,8.2281e-05,8.2281e-05,8.2281e-05,631,1,631,631,631,4,1,4,4,4
35,10,8.0322e-05,1,8.0322e-05,8.0322e-05,8.0322e-05,631,1,631,631,631,4,1,4,4,4
35,10,8.1489e-05,1,8.1489e-05,8.1489e-05,8.1489e-05,628,1,628,628,628,4,1,4,4,4
35,10,8.1628e-05,1,8.1628e-05,8.1628e-05,8.1628e-05,627,1,627,627,627,3,1,3,3,3
35,10,8.1668e-05,1,8.1668e-05,8.1668e-05,8.1668e-05,627,1,627,627,627,4,1,4,4,4
35,10,8.0183e-05,1,8.0183e-05,8.0183e-05,8.0183e-05,630,1,630,630,630,4,1,4,4,4
35,10,7.9984e-05,1,7.9984e-05,7.9984e-05,7.9984e-05,625,1,625,625,625,4,1,4,4,4
35,10,8.0576e-05,1,8.0576e-05,8.0576e-05,8.0576e-05,629,1,629,629,629,4,1,4,4,4
35,10,8.0941e-05,1,8.0941e-05,8.0941e-05,8.0941e-05,633,1,633,633,633,4,1,4,4,4
35,10,8.2439e-05,1,8.2439e-05,8.2439e-05,8.2439e-05,629,1,629,629,629,4,1,4,4,4
35,10,8.0922e-05,1,8.0922e-05,8.0922e-05,8.0922e-05,630,1,630,630,630,4,1,4,4,4
35,10,8.1973e-05,1,8.1973e-05,8.1973e-05,8.1973e-05,624,1,624,624,624,4,1,4,4,4
35,10,8.0777e-05,1,8.0777e-05,8.0777e-05,8.0777e-05,626,1,626,626,626,4,1,4,4,4
35,10,8.1384e-05,1,8.1384e-05,8.1384e-05,8.1384e-05,617,1,617,617,617,3,1,3,3,3
35,10,8.1881e-05,1,8.1881e-05,8.1881e-05,8.1881e-05,630,1,630,630,630,4,1,4,4,4
35,10,8.0959e-05,1,8.0959e-05,8.0959e-05,8.0959e-05,627,1,627,627,627,3,1,3,3,3
35,10,8.945e-05,1,8.945e-05,8.945e-05,8.945e-05,627,1,627,627,627,3,1,3,3,3
35,10,8.1744e-05,1,8.1744e-05,8.1744e-05,8.1744e-05,628,1,628,628,628,3,1,3,3,3
35,10,8.1733e-05,1,8.1733e-05,8.1733e-05,8.1733e-05,632,1,632,632,632,4,1,4,4,4
35,10,8.2578e-05,1,8.2578e-05,8.2578e-05,8.2578e-05,620,1,620,620,620,3,1,3,3,3
35,10,8.1181e-05,1,8.1181e-05,8.1181e-05,8.1181e-05,622,1,622,622,622,3,1,3,3,3
35,10,8.0516e-05,1,8.0516e-05,8.0516e-05,8.0516e-05,625,1,625,625,625,4,1,4,4,4
35,10,8.1174e-05,1,8.1174e-05,8.1174e-05,8.1174e-05,624,1,624,624,624,3,1,3,3,3
35,10,7.9535e-05,1,7.9535e-05,7.9535e-05,7.9535e-05,622,1,622,622,622,3,1,3,3,3
35,10,8.1185e-05,1,8.1185e-05,8.1185e-05,8.1185e-05,630,1,630,630,630,4,1,4,4,4
35,10,8.105e-05,1,8.105e-05,8.105e-05,8.105e-05,631,1,631,631,631,4,1,4,4,4
35,10,8.2083e-05,1,8.2083e-05,8.2083e-05,8.2083e-05,621,1,621,621,621,3,1,3,3,3
35,10,8.1406e-05,1,8.1406e-05,8.1406e-05,8.1406e-05,627,1,627,627,627,4,1,4,4,4
35,10,8.0724e-05,1,8.0724e-05,8.0724e-05,8.0724e-05,629,1,629,629,629,4,1,4,4,4
35,10,8.025e-05,1,8.025e-05,8.025e-05,8.025e-05,628,1,628,628,628,4,1,4,4,4
35,10,8.2402e-05,1,8.2402e-05,8.2402e-05,8.2402e-05,629,1,629,629,629,4,1,4,4,4
35,10,8.0228e-05,1,8.0228e-05,8.0228e-05,8.0228e-05,627,1,627,627,627,4,1,4,4,4
35,10,8.8516e-05,1,8.8516e-05,8.8516e-05,8.8516e-05,629,1,629,629,629,4,1,4,4,4
35,10,8.2514e-05,1,8.2514e-05,8.2514e-05,8.2514e-05,629,1,629,629,629,4,1,4,4,4
35,10,8.1127e-05,1,8.1127e-05,8.1127e-05,8.1127e-05,631,1,631,631,631,4,1,4,4,4
35,10,8.0841e-05,1,8.0841e-05,8.0841e-05,8.0841e-05,621,1,621,621,621,3,1,3,3,3
35,10,8.191e-05,1,8.191e-05,8.191e-05,8.191e-05,627,1,627,627,627,4,1,4,4,4
35,10,8.1473e-05,1,8.1473e-05,8.1473e-05,8.1473e-05,625,1,625,625,625,3,1,3,3,3
35,10,8.1904e-05,1,8.1904e-05,8.1904e-05,8.1904e-05,623,1,623,623,623,3,1,3,3,3
35,10,8.2332e-05,1,8.2332e-05,8.2332e-05,8.2332e-05,627,1,627,627,627,4,1,4,4,4
35,10,8.0932e-05,1,8.0932e-05,8.0932e-05,8.0932e-05,631,1,631,631,631,4,1,4,4,4
35,10,8.1e-05,1,8.1e-05,8.1e-05,8.1e-05,627,1,627,627,627,4,1,4,4,4
35,10,8.2626e-05,1,8.2626e-05,8.2626e-05,8.2626e-05,629,1,629,629,629,5,1,5,5,5
35,10,8.1108e-05,1,8.1108e-05,8.1108e-05,8.1108e-05,630,1,630,630,630,3,1,3,3,3
35,10,8.0989e-05,1,8.0989e-05,8.0989e-05,8.0989e-05,619,1,619,619,619,4,1,4,4,4
35,10,8.0686e-05,1,8.0686e-05,8.0686e-05,8.0686e-05,626,1,626,626,626,3,1,3,3,3
35,10,8.2344e-05,1,8.2344e-05,8.2344e-05,8.2344e-05,631,1,631,631,631,4,1,4,4,4
35,10,8.0794e-05,1,8.0794e-05,8.0794e-05,8.0794e-05,626,1,626,626,626,3,1,3,3,3
35,10,8.0877e-05,1,8.0877e-05,8.0877e-05,8.0877e-05,623,1,623,623,623,4,1,4,4,4
35,10,9.6515e-05,1,9.6515e-05,9.6515e-05,9.6515e-05,624,1,624,624,624,3,1,3,3,3
35,10,8.0348e-05,1,8.0348e-05,8.0348e-05,8.0348e-05,629,1,629,629,629,3,1,3,3,3
35,10,7.8271e-05,1,7.8271e-05,7.8271e-05,7.8271e-05,619,1,619,619,619,3,1,3,3,3
35,10,7.98e-05,1,7.98e-05,7.98e-05,7.98e-05,629,1,629,629,629,4,1,4,4,4
35,10,7.9778e-05,1,7.9778e-05,7.9778e-05,7.9778e-05,623,1,623,623,623,3,1,3,3,3
35,10,7.9234e-05,1,7.9234e-05,7.9234e-05,7.9234e-05,628,1,628,628,628,4,1,4,4,4
35,10,7.9456e-05,1,7.9456e-05,7.9456e-05,7.9456e-05,628,1,628,628,628,4,1,4,4,4
35,10,7.9592e-05,1,7.9592e-05,7.9592e-05,7.9592e-05,625,1,625,625,625,4,1,4,4,4
35,10,7.9036e-05,1,7.9036e-05,7.9036e-05,7.9036e-05,630,1,630,630,630,4,1,4,4,4
35,10,7.9129e-05,1,7.9129e-05,7.9129e-05,7.9129e-05,628,1,628,628,628,3,1,3,3,3
35,10,7.9456e-05,1,7.9456e-05,7.9456e-05,7.9456e-05,625,1,625,625,625,4,1,4,4,4
35,10,7.9786e-05,1,7.9786e-05,7.9786e-05,7.9786e-05,625,1,625,625,625,4,1,4,4,4
35,10,7.9339e-05,1,7.9339e-05,7.9339e-05,7.9339e-05,626,1,626,626,626,3,1,3,3,3
35,10,8.0025e-05,1,8.0025e-05,8.0025e-05,8.0025e-05,632,1,632,632,632,4,1,4,4,4
35,10,7.9571e-05,1,7.9571e-05,7.9571e-05,7.9571e-05,630,1,630,630,630,3,1,3,3,3
35,10,7.9666e-05,1,7.9666e-05,7.9666e-05,7.9666e-05,637,1,637,637,637,4,1,4,4,4
35,10,8.4943e-05,1,8.4943e-05,8.4943e-05,8.4943e-05,630,1,630,630,630,4,1,4,4,4
35,10,7.8575e-05,1,7.8575e-05,7.8575e-05,7.8575e-05,627,1,627,627,627,3,1,3,3,3
35,10,7.9116e-05,1,7.9116e-05,7.9116e-05,7.9116e-05,627,1,627,627,627,4,1,4,4,4
35,10,7.8659e-05,1,7.8659e-05,7.8659e-05,7.8659e-05,629,1,629,629,629,4,1,4,4,4
35,10,7.9065e-05,1,7.9065e-05,7.9065e-05,7.9065e-05,629,1,629,629,629,4,1,4,4,4
35,10,7.9003e-05,1,7.9003e-05,7.9003e-05,7.9003e-05,633,1,633,633,633,4,1,4,4,4
35,10,7.816e-05,1,7.816e-05,7.816e-05,7.816e-05,631,1,631,631,631,4,1,4,4,4
35,10,7.8801e-05,1,7.8801e-05,7.8801e-05,7.8801e-05,619,1,619,619,619,3,1,3,3,3
35,10,7.9568e-05,1,7.9568e-05,7.9568e-05,7.9568e-05,624,1,624,624,624,3,1,3,3,3
35,10,8.0447e-05,1,8.0447e-05,8.0447e-05,8.0447e-05,628,1,628,628,628,4,1,4,4,4
35,10,8.1091e-05,1,8.1091e-05,8.1091e-05,8.1091e-05,632,1,632,632,632,4,1,4,4,4
35,10,7.9532e-05,1,7.9532e-05,7.9532e-05,7.9532e-05,633,1,633,633,633,4,1,4,4,4
35,10,8.0061e-05,1,8.0061e-05,8.0061e-05,8.0061e-05,630,1,630,630,630,4,1,4,4,4
35,10,9.5998e-05,1,9.5998e-05,9.5998e-05,9.5998e-05,625,1,625,625,625,4,1,4,4,4
35,10,8.0477e-05,1,8.0477e-05,8.0477e-05,8.0477e-05,626,1,626,626,626,3,1,3,3,3
35,10,8.0941e-05,1,8.0941e-05,8.0941e-05,8.0941e-05,625,1,625,625,625,4,1,4,4,4
35,10,8.0644e-05,1,8.0644e-05,8.0644e-05,8.0644e-05,628,1,628,628,628,4,1,4,4,4
35,10,8.3275e-05,1,8.3275e-05,8.3275e-05,8.3275e-05,625,1,625,625,625,4,1,4,4,4
35,10,8.2594e-05,1,8.2594e-05,8.2594e-05,8.2594e-05,634,1,634,634,634,4,1,4,4,4
35,10,8.0358e-05,1,8.0358e-05,8.0358e-05,8.0358e-05,626,1,626,626,626,4,1,4,4,4
35,10,8.1321e-05,1,8.1321e-05,8.1321e-05,8.1321e-05,626,1,626,626,626,4,1,4,4,4
35,10,8.0868e-05,1,8.0868e-05,8.0868e-05,8.0868e-05,627,1,627,627,627,3,1,3,3,3
35,10,8.0499e-05,1,8.0499e-05,8.0499e-05,8.0499e-05,633,1,633,633,633,4,1,4,4,4
35,10,8.1262e-05,1,8.1262e-05,8.1262e-05,8.1262e-05,623,1,623,623,623,4,1,4,4,4
35,10,8.0729e-05,1,8.0729e-05,8.0729e-05,8.0729e-05,626,1,626,626,626,4,1,4,4,4
35,10,8.014e-05,1,8.014e-05,8.014e-05,8.014e-05,624,1,624,624,624,3,1,3,3,3
35,10,8.1661e-05,1,8.1661e-05,8.1661e-05,8.1661e-05,625,1,625,625,625,4,1,4,4,4
35,10,8.0062e-05,1,8.0062e-05,8.0062e-05,8.0062e-05,621,1,621,621,621,4,1,4,4,4
35,10,7.9913e-05,1,7.9913e-05,7.9913e-05,7.9913e-05,621,1,621,621,621,4,1,4,4,4
35,10,8.1876e-05,1,8.1876e-05,8.1876e-05,8.1876e-05,635,1,635,635,635,4,1,4,4,4
35,10,8.3475e-05,1,8.3475e-05,8.3475e-05,8.3475e-05,628,1,628,628,628,4,1,4,4,4
35,10,8.1141e-05,1,8.1141e-05,8.1141e-05,8.1141e-05,623,1,623,623,623,3,1,3,3,3
35,10,8.1144e-05,1,8.1144e-05,8.1144e-05,8.1144e-05,630,1,630,630,630,4,1,4,4,4
35,10,8.1839e-05,1,8.1839e-05,8.1839e-05,8.1839e-05,619,1,619,619,619,3,1,3,3,3
35,10,7.982e-05,1,7.982e-05,7.982e-05,7.982e-05,626,1,626,626,626,3,1,3,3,3
35,10,8.0258e-05,1,8.0258e-05,8.0258e-05,8.0258e-05,615,1,615,615,615,3,1,3,3,3
35,10,8.2758e-05,1,8.2758e-05,8.2758e-05,8.2758e-05,631,1,631,631,631,4,1,4,4,4
35,10,8.1035e-05,1,8.1035e-05,8.1035e-05,8.1035e-05,628,1,628,628,628,4,1,4,4,4
35,10,8.0811e-05,1,8.0811e-05,8.0811e-05,8.0811e-05,634,1,634,634,634,4,1,4,4,4
35,10,8.1339e-05,1,8.1339e-05,8.1339e-05,8.1339e-05,627,1,627,627,627,4,1,4,4,4
35,10,8.1331e-05,1,8.1331e-05,8.1331e-05,8.1331e-05,628,1,628,628,628,3,1,3,3,3
35,10,8.0993e-05,1,8.0993e-05,8.0993e-05,8.0993e-05,623,1,623,623,623,4,1,4,4,4
35,10,8.1202e-05,1,8.1202e-05,8.1202e-05,8.1202e-05,636,1,636,636,636,4,1,4,4,4
35,10,8.1072e-05,1,8.1072e-05,8.1072e-05,8.1072e-05,624,1,624,624,624,3,1,3,3,3
35,10,8.1102e-05,1,8.1102e-05,8.1102e-05,8.1102e-05,628,1,628,628,628,3,1,3,3,3
35,10,8.1956e-05,1,8.1956e-05,8.1956e-05,8.1956e-05,631,1,631,631,631,4,1,4,4,4
35,10,7.9921e-05,1,7.9921e-05,7.9921e-05,7.9921e-05,622,1,622,622,622,3,1,3,3,3
35,10,8.1449e-05,1,8.1449e-05,8.1449e-05,8.1449e-05,622,1,622,622,622,3,1,3,3,3
35,10,8.2967e-05,1,8.2967e-05,8.2967e-05,8.2967e-05,638,1,638,638,638,4,1,4,4,4
35,10,8.2418e-05,1,8.2418e-05,8.2418e-05,8.2418e-05,626,1,626,626,626,3,1,3,3,3
35,10,7.9455e-05,1,7.9455e-05,7.9455e-05,7.9455e-05,622,1,622,622,622,3,1,3,3,3
35,10,8.158e-05,1,8.158e-05,8.158e-05,8.158e-05,628,1,628,628,628,4,1,4,4,4
35,10,8.1969e-05,1,8.1969e-05,8.1969e-05,8.1969e-05,629,1,629,629,629,4,1,4,4,4
35,10,8.2155e-05,1,8.2155e-05,8.2155e-05,8.2155e-05,631,1,631,631,631,4,1,4,4,4
35,10,8.1191e-05,1,8.1191e-05,8.1191e-05,8.1191e-05,627,1,627,627,627,3,1,3,3,3
35,10,8.1488e-05,1,8.1488e-05,8.1488e-05,8.1488e-05,634,1,634,634,634,4,1,4,4,4
35,10,8.2275e-05,1,8.2275e-05,8.2275e-05,8.2275e-05,636,1,636,636,636,4,1,4,4,4
35,10,8.2435e-05,1,8.2435e-05,8.2435e-05,8.2435e-05,626,1,626,626,626,4,1,4,4,4
35,10,8.2327e-05,1,8.2327e-05,8.2327e-05,8.2327e-05,628,1,628,628,628,4,1,4,4,4
35,10,8.1899e-05,1,8.1899e-05,8.1899e-05,8.1899e-05,620,1,620,620,620,3,1,3,3,3
35,10,8.1352e-05,1,8.1352e-05,8.1352e-05,8.1352e-05,628,1,628,628,628,3,1,3,3,3
35,10,8.3281e-05,1,8.3281e-05,8.3281e-05,8.3281e-05,629,1,629,629,629,4,1,4,4,4
35,10,8.2333e-05,1,8.2333e-05,8.2333e-05,8.2333e-05,632,1,632,632,632,4,1,4,4,4
35,10,8.1093e-05,1,8.1093e-05,8.1093e-05,8.1093e-05,636,1,636,636,636,4,1,4,4,4
35,10,8.1667e-05,1,8.1667e-05,8.1667e-05,8.1667e-05,632,1,632,632,632,4,1,4,4,4
35,10,8.3074e-05,1,8.3074e-05,8.3074e-05,8.3074e-05,637,1,637,637,637,4,1,4,4,4
35,10,8.0575e-05,1,8.0575e-05,8.0575e-05,8.0575e-05,629,1,629,629,629,3,1,3,3,3
35,10,8.0583e-05,1,8.0583e-05,8.0583e-05,8.0583e-05,627,1,627,627,627,4,1,4,4,4
35,10,8.0758e-05,1,8.0758e-05,8.0758e-05,8.0758e-05,628,1,628,628,628,3,1,3,3,3
35,10,8.0721e-05,1,8.0721e-05,8.0721e-05,8.0721e-05,632,1,632,632,632,3,1,3,3,3
35,10,8.116e-05,1,8.116e-05,8.116e-05,8.116e-05,637,1,637,637,637,4,1,4,4,4
35,10,8.3615e-05,1,8.3615e-05,8.3615e-05,8.3615e-05,638,1,638,638,638,4,1,4,4,4
35,10,8.1232e-05,1,8.1232e-05,8.1232e-05,8.1232e-05,635,1,635,635,635,4,1,4,4,4
35,10,8.206e-05,1,8.206e-05,8.206e-05,8.206e-05,631,1,631,631,631,4,1,4,4,4
35,10,8.1492e-05,1,8.1492e-05,8.1492e-05,8.1492e-05,633,1,633,633,633,4,1,4,4,4
35,10,8.1214e-05,1,8.1214e-05,8.1214e-05,8.1214e-05,618,1,618,618,618,3,1,3,3,3
35,10,8.1391e-05,1,8.1391e-05,8.1391e-05,8.1391e-05,627,1,627,627,627,3,1,3,3,3
35,10,8.1078e-05,1,8.1078e-05,8.1078e-05,8.1078e-05,635,1,635,635,635,4,1,4,4,4
35,10,8.0864e-05,1,8.0864e-05,8.0864e-05,8.0864e-05,628,1,628,628,628,4,1,4,4,4
35,10,8.1621e-05,1,8.1621e-05,8.1621e-05,8.1621e-05,635,1,635,635,635,4,1,4,4,4
35,10,8.1128e-05,1,8.1128e-05,8.1128e-05,8.1128e-05,625,1,625,625,625,3,1,3,3,3
35,10,9.8176e-05,1,9.8176e-05,9.8176e-05,9.8176e-05,626,1,626,626,626,3,1,3,3,3
35,10,8.0049e-05,1,8.0049e-05,8.0049e-05,8.0049e-05,628,1,628,628,628,4,1,4,4,4
35,10,7.8961e-05,1,7.8961e-05,7.8961e-05,7.8961e-05,631,1,631,631,631,4,1,4,4,4
35,10,7.9141e-05,1,7.9141e-05,7.9141e-05,7.9141e-05,622,1,622,622,622,3,1,3,3,3
35,10,8.0879e-05,1,8.0879e-05,8.0879e-05,8.0879e-05,625,1,625,625,625,4,1,4,4,4
35,10,7.798e-05,1,7.798e-05,7.798e-05,7.798e-05,621,1,621,621,621,3,1,3,3,3
35,10,7.9332e-05,1,7.9332e-05,7.9332e-05,7.9332e-05,631,1,631,631,631,4,1,4,4,4
35,10,7.9883e-05,1,7.9883e-05,7.9883e-05,7.9883e-05,628,1,628,628,628,4,1,4,4,4
35,10,7.8201e-05,1,7.8201e-05,7.8201e-05,7.8201e-05,629,1,629,629,629,4,1,4,4,4
35,10,8.0402e-05,1,8.0402e-05,8.0402e-05,8.0402e-05,626,1,626,626,626,4,1,4,4,4
35,10,7.9936e-05,1,7.9936e-05,7.9936e-05,7.9936e-05,629,1,629,629,629,4,1,4,4,4
35,10,7.8779e-05,1,7.8779e-05,7.8779e-05,7.8779e-05,622,1,622,622,622,3,1,3,3,3
35,10,7.9443e-05,1,7.9443e-05,7.9443e-05,7.9443e-05,633,1,633,633,633,4,1,4,4,4
35,10,7.9248e-05,1,7.9248e-05,7.9248e-05,7.9248e-05,634,1,634,634,634,4,1,4,4,4
35,10,7.8314e-05,1,7.8314e-05,7.8314e-05,7.8314e-05,623,1,623,623,623,3,1,3,3,3
35,10,7.8574e-05,1,7.8574e-05,7.8574e-05,7.8574e-05,628,1,628,628,628,4,1,4,4,4
35,10,7.9983e-05,1,7.9983e-05,7.9983e-05,7.9983e-05,634,1,634,634,634,4,1,4,4,4
35,10,8.0288e-05,1,8.0288e-05,8.0288e-05,8.0288e-05,630,1,630,630,630,4,1,4,4,4
35,10,7.9344e-05,1,7.9344e-05,7.9344e-05,7.9344e-05,632,1,632,632,632,4,1,4,4,4
35,10,7.8755e-05,1,7.8755e-05,7.8755e-05,7.8755e-05,627,1,627,627,627,3,1,3,3,3
35,10,7.8816e-05,1,7.8816e-05,7.8816e-05,7.8816e-05,624,1,624,624,624,3,1,3,3,3
35,10,7.8687e-05,1,7.8687e-05,7.8687e-05,7.8687e-05,625,1,625,625,625,4,1,4,4,4
35,10,8.043e-05,1,8.043e-05,8.043e-05,8.043e-05,628,1,628,628,628,4,1,4,4,4
35,10,7.8477e-05,1,7.8477e-05,7.8477e-05,7.8477e-05,626,1,626,626,626,4,1,4,4,4
35,10,8.0241e-05,1,8.0241e-05,8.0241e-05,8.0241e-05,637,1,637,637,637,4,1,4,4,4
35,10,7.9017e-05,1,7.9017e-05,7.9017e-05,7.9017e-05,624,1,624,624,624,4,1,4,4,4
35,10,7.9108e-05,1,7.9108e-05,7.9108e-05,7.9108e-05,627,1,627,627,627,4,1,4,4,4
35,10,8.0193e-05,1,8.0193e-05,8.0193e-05,8.0193e-05,635,1,635,635,635,4,1,4,4,4
35,10,7.9532e-05,1,7.9532e-05,7.9532e-05,7.9532e-05,630,1,630,630,630,4,1,4,4,4
35,10,7.8046e-05,1,7.8046e-05,7.8046e-05,7.8046e-05,621,1,621,621,621,3,1,3,3,3
35,10,7.9276e-05,1,7.9276e-05,7.9276e-05,7.9276e-05,623,1,623,623,623,3,1,3,3,3
35,10,7.8038e-05,1,7.8038e-05,7.8038e-05,7.8038e-05,625,1,625,625,625,3,1,3,3,3
35,10,7.9197e-05,1,7.9197e-05,7.9197e-05,7.9197e-05,628,1,628,628,628,4,1,4,4,4
35,10,8.2727e-05,1,8.2727e-05,8.2727e-05,8.2727e-05,636,1,636,636,636,4,1,4,4,4
35,10,8.1893e-05,1,8.1893e-05,8.1893e-05,8.1893e-05,631,1,631,631,631,4,1,4,4,4
35,10,8.1852e-05,1,8.1852e-05,8.1852e-05,8.1852e-05,632,1,632,632,632,4,1,4,4,4
35,10,8.185e-05,1,8.185e-05,8.185e-05,8.185e-05,633,1,633,633,633,4,1,4,4,4
35,10,8.3682e-05,1,8.3682e-05,8.3682e-05,8.3682e-05,636,1,636,636,636,4,1,4,4,4
35,10,8.218e-05,1,8.218e-05,8.218e-05,8.218e-05,632,1,632,632,632,4,1,4,4,4
35,10,8.2478e-05,1,8.2478e-05,8.2478e-05,8.2478e-05,627,1,627,627,627,4,1,4,4,4
35,10,8.0466e-05,1,8.0466e-05,8.0466e-05,8.0466e-05,630,1,630,630,630,3,1,3,3,3
35,10,8.1573e-05,1,8.1573e-05,8.1573e-05,8.1573e-05,623,1,623,623,623,3,1,3,3,3
35,10,8.1665e-05,1,8.1665e-05,8.1665e-05,8.1665e-05,633,1,633,633,633,4,1,4,4,4
35,10,8.1194e-05,1,8.1194e-05,8.1194e-05,8.1194e-05,626,1,626,626,626,3,1,3,3,3
35,10,8.0606e-05,1,8.0606e-05,8.0606e-05,8.0606e-05,623,1,623,623,623,3,1,3,3,3
35,10,8.1026e-05,1,8.1026e-05,8.1026e-05,8.1026e-05,625,1,625,625,625,4,1,4,4,4
35,10,8.1551e-05,1,8.1551e-05,8.1551e-05,8.1551e-05,626,1,626,626,626,3,1,3,3,3
35,10,8.1282e-05,1,8.1282e-05,8.1282e-05,8.1282e-05,629,1,629,629,629,3,1,3,3,3
35,10,8.9471e-05,1,8.9471e-05,8.9471e-05,8.9471e-05,628,1,628,628,628,4,1,4,4,4
35,10,8.2493e-05,1,8.2493e-05,8.2493e-05,8.2493e-05,629,1,629,629,629,4,1,4,4,4
35,10,8.202e-05,1,8.202e-05,8.202e-05,8.202e-05,631,1,631,631,631,4,1,4,4,4
35,10,8.1339e-05,1,8.1339e-05,8.1339e-05,8.1339e-05,626,1,626,626,626,4,1,4,4,4
35,10,8.1747e-05,1,8.1747e-05,8.1747e-05,8.1747e-05,627,1,627,627,627,4,1,4,4,4
35,10,8.0828e-05,1,8.0828e-05,8.0828e-05,8.0828e-05,634,1,634,634,634,4,1,4,4,4
35,10,8.1759e-05,1,8.1759e-05,8.1759e-05,8.1759e-05,626,1,626,626,626,4,1,4,4,4
35,10,8.0499e-05,1,8.0499e-05,8.0499e-05,8.0499e-05,622,1,622,622,622,3,1,3,3,3
35,10,8.2031e-05,1,8.2031e-05,8.2031e-05,8.2031e-05,626,1,626,626,626,3,1,3,3,3
35,10,8.4846e-05,1,8.4846e-05,8.4846e-05,8.4846e-05,642,1,642,642,642,5,1,5,5,5
35,10,7.9994e-05,1,7.9994e-05,7.9994e-05,7.9994e-05,633,1,633,633,633,4,1,4,4,4
35,10,8.2349e-05,1,8.2349e-05,8.2349e-05,8.2349e-05,629,1,629,629,629,4,1,4,4,4
35,10,8.1037e-05,1,8.1037e-05,8.1037e-05,8.1037e-05,625,1,625,625,625,4,1,4,4,4
35,10,8.1395e-05,1,8.1395e-05,8.1395e-05,8.1395e-05,628,1,628,628,628,3,1,3,3,3
35,10,8.2266e-05,1,8.2266e-05,8.2266e-05,8.2266e-05,626,1,626,626,626,4,1,4,4,4
35,10,8.2571e-05,1,8.2571e-05,8.2571e-05,8.2571e-05,638,1,638,638,638,4,1,4,4,4
35,10,8.7226e-05,1,8.7226e-05,8.7226e-05,8.7226e-05,622,1,622,622,622,3,1,3,3,3
35,10,8.0706e-05,1,8.0706e-05,8.0706e-05,8.0706e-05,629,1,629,629,629,4,1,4,4,4
35,10,8.3006e-05,1,8.3006e-05,8.3006e-05,8.3006e-05,636,1,636,636,636,4,1,4,4,4
35,10,8.1665e-05,1,8.1665e-05,8.1665e-05,8.1665e-05,625,1,625,625,625,4,1,4,4,4
35,10,8.2651e-05,1,8.2651e-05,8.2651e-05,8.2651e-05,623,1,623,623,623,3,1,3,3,3
35,10,8.3779e-05,1,8.3779e-05,8.3779e-05,8.3779e-05,629,1,629,629,629,4,1,4,4,4
35,10,8.2016e-05,1,8.2016e-05,8.2016e-05,8.2016e-05,628,1,628,628,628,4,1,4,4,4
35,10,8.1937e-05,1,8.1937e-05,8.1937e-05,8.1937e-05,629,1,629,629,629,4,1,4,4,4
35,10,8.1902e-05,1,8.1902e-05,8.1902e-05,8.1902e-05,630,1,630,630,630,3,1,3,3,3
35,10,8.2567e-05,1,8.2567e-05,8.2567e-05,8.2567e-05,638,1,638,638,638,4,1,4,4,4
35,10,8.1849e-05,1,8.1849e-05,8.1849e-05,8.1849e-05,628,1,628,628,628,3,1,3,3,3
35,10,8.3533e-05,1,8.3533e-05,8.3533e-05,8.3533e-05,623,1,623,623,623,3,1,3,3,3
35,10,8.127e-05,1,8.127e-05,8.127e-05,8.127e-05,624,1,624,624,624,4,1,4,4,4
35,10,8.1027e-05,1,8.1027e-05,8.1027e-05,8.1027e-05,628,1,628,628,628,4,1,4,4,4
35,10,8.177e-05,1,8.177e-05,8.177e-05,8.177e-05,627,1,627,627,627,4,1,4,4,4
35,10,8.0114e-05,1,8.0114e-05,8.0114e-05,8.0114e-05,630,1,630,630,630,4,1,4,4,4
35,10,8.8542e-05,1,8.8542e-05,8.8542e-05,8.8542e-05,630,1,630,630,630,4,1,4,4,4
35,10,8.153e-05,1,8.153e-05,8.153e-05,8.153e-05,627,1,627,627,627,3,1,3,3,3
35,10,8.1423e-05,1,8.1423e-05,8.1423e-05,8.1423e-05,634,1,634,634,634,4,1,4,4,4
35,10,8.1538e-05,1,8.1538e-05,8.1538e-05,8.1538e-05,635,1,635,635,635,4,1,4,4,4
35,10,8.3312e-05,1,8.3312e-05,8.3312e-05,8.3312e-05,625,1,625,625,625,3,1,3,3,3
35,10,8.0168e-05,1,8.0168e-05,8.0168e-05,8.0168e-05,624,1,624,624,624,4,1,4,4,4
35,10,8.1354e-05,1,8.1354e-05,8.1354e-05,8.1354e-05,631,1,631,631,631,4,1,4,4,4
35,10,8.1353e-05,1,8.1353e-05,8.1353e-05,8.1353e-05,631,1,631,631,631,4,1,4,4,4
35,10,8.0299e-05,1,8.0299e-05,8.0299e-05,8.0299e-05,624,1,624,624,624,3,1,3,3,3
35,10,8.1606e-05,1,8.1606e-05,8.1606e-05,8.1606e-05,630,1,630,630,630,4,1,4,4,4
35,10,8.2065e-05,1,8.2065e-05,8.2065e-05,8.2065e-05,634,1,634,634,634,4,1,4,4,4
35,10,8.1755e-05,1,8.1755e-05,8.1755e-05,8.1755e-05,626,1,626,626,626,4,1,4,4,4
35,10,8.21e-05,1,8.21e-05,8.21e-05,8.21e-05,629,1,629,629,629,4,1,4,4,4
35,10,8.0505e-05,1,8.0505e-05,8.0505e-05,8.0505e-05,628,1,628,628,628,4,1,4,4,4
35,10,8.1715e-05,1,8.1715e-05,8.1715e-05,8.1715e-05,628,1,628,628,628,4,1,4,4,4
35,10,8.0949e-05,1,8.0949e-05,8.0949e-05,8.0949e-05,629,1,629,629,629,4,1,4,4,4
35,10,9.0163e-05,1,9.0163e-05,9.0163e-05,9.0163e-05,626,1,626,626,626,4,1,4,4,4
35,10,8.3941e-05,1,8.3941e-05,8.3941e-05,8.3941e-05,631,1,631,631,631,4,1,4,4,4
35,10,8.5021e-05,1,8.5021e-05,8.5021e-05,8.5021e-05,628,1,628,628,628,4,1,4,4,4
35,10,8.2083e-05,1,8.2083e-05,8.2083e-05,8.2083e-05,647,1,647,647,647,5,1,5,5,5
35,10,8.1909e-05,1,8.1909e-05,8.1909e-05,8.1909e-05,626,1,626,626,626,4,1,4,4,4
35,10,8.0871e-05,1,8.0871e-05,8.0871e-05,8.0871e-05,630,1,630,630,630,4,1,4,4,4
35,10,8.1686e-05,1,8.1686e-05,8.1686e-05,8.1686e-05,626,1,626,626,626,4,1,4,4,4
35,10,8.4314e-05,1,8.4314e-05,8.4314e-05,8.4314e-05,629,1,629,629,629,4,1,4,4,4
35,10,8.351e-05,1,8.351e-05,8.351e-05,8.351e-05,633,1,633,633,633,4,1,4,4,4
35,10,8.1715e-05,1,8.1715e-05,8.1715e-05,8.1715e-05,628,1,628,628,628,4,1,4,4,4
35,10,8.1507e-05,1,8.1507e-05,8.1507e-05,8.1507e-05,623,1,623,623,623,4,1,4,4,4
35,10,8.1314e-05,1,8.1314e-05,8.1314e-05,8.1314e-05,623,1,623,623,623,3,1,3,3,3
35,10,8.3414e-05,1,8.3414e-05,8.3414e-05,8.3414e-05,630,1,630,630,630,4,1,4,4,4
35,10,8.0452e-05,1,8.0452e-05,8.0452e-05,8.0452e-05,622,1,622,622,622,3,1,3,3,3
35,10,8.0875e-05,1,8.0875e-05,8.0875e-05,8.0875e-05,635,1,635,635,635,4,1,4,4,4
35,10,8.0648e-05,1,8.0648e-05,8.0648e-05,8.0648e-05,632,1,632,632,632,4,1,4,4,4
35,10,8.125e-05,1,8.125e-05,8.125e-05,8.125e-05,626,1,626,626,626,3,1,3,3,3
35,10,8.205e-05,1,8.205e-05,8.205e-05,8.205e-05,624,1,624,624,624,4,1,4,4,4
35,10,8.2922e-05,1,8.2922e-05,8.2922e-05,8.2922e-05,638,1,638,638,638,4,1,4,4,4
35,10,8.1076e-05,1,8.1076e-05,8.1076e-05,8.1076e-05,624,1,624,624,624,3,1,3,3,3
35,10,8.2031e-05,1,8.2031e-05,8.2031e-05,8.2031e-05,628,1,628,628,628,4,1,4,4,4
35,10,8.0206e-05,1,8.0206e-05,8.0206e-05,8.0206e-05,628,1,628,628,628,3,1,3,3,3
35,10,8.1086e-05,1,8.1086e-05,8.1086e-05,8.1086e-05,624,1,624,624,624,4,1,4,4,4
35,10,8.1583e-05,1,8.1583e-05,8.1583e-05,8.1583e-05,625,1,625,625,625,3,1,3,3,3
35,10,8.4017e-05,1,8.4017e-05,8.4017e-05,8.4017e-05,632,1,632,632,632,4,1,4,4,4
35,10,8.0164e-05,1,8.0164e-05,8.0164e-05,8.0164e-05,618,1,618,618,618,3,1,3,3,3
35,10,8.2438e-05,1,8.2438e-05,8.2438e-05,8.2438e-05,633,1,633,633,633,4,1,4,4,4
35,10,8.2047e-05,1,8.2047e-05,8.2047e-05,8.2047e-05,629,1,629,629,629,4,1,4,4,4
35,10,8.1742e-05,1,8.1742e-05,8.1742e-05,8.1742e-05,620,1,620,620,620,3,1,3,3,3
35,10,8.0402e-05,1,8.0402e-05,8.0402e-05,8.0402e-05,633,1,633,633,633,4,1,4,4,4
35,10,8.2189e-05,1,8.2189e-05,8.2189e-05,8.2189e-05,627,1,627,627,627,3,1,3,3,3
35,10,8.1068e-05,1,8.1068e-05,8.1068e-05,8.1068e-05,627,1,627,627,627,3,1,3,3,3
35,10,9.6556e-05,1,9.6556e-05,9.6556e-05,9.6556e-05,625,1,625,625,625,3,1,3,3,3
35,10,7.9834e-05,1,7.9834e-05,7.9834e-05,7.9834e-05,629,1,629,629,629,4,1,4,4,4
35,10,7.9397e-05,1,7.9397e-05,7.9397e-05,7.9397e-05,628,1,628,628,628,4,1,4,4,4
35,10,7.7596e-05,1,7.7596e-05,7.7596e-05,7.7596e-05,624,1,624,624,624,3,1,3,3,3
35,10,8.0369e-05,1,8.0369e-05,8.0369e-05,8.0369e-05,627,1,627,627,627,4,1,4,4,4
35,10,8.008e-05,1,8.008e-05,8.008e-05,8.008e-05,635,1,635,635,635,4,1,4,4,4
35,10,8.139e-05,1,8.139e-05,8.139e-05,8.139e-05,621,1,621,621,621,3,1,3,3,3
35,10,7.8354e-05,1,7.8354e-05,7.8354e-05,7.8354e-05,627,1,627,627,627,4,1,4,4,4
35,10,8.0206e-05,1,8.0206e-05,8.0206e-05,8.0206e-05,624,1,624,624,624,4,1,4,4,4
35,10,7.9713e-05,1,7.9713e-05,7.9713e-05,7.9713e-05,634,1,634,634,634,4,1,4,4,4
35,10,7.9817e-05,1,7.9817e-05,7.9817e-05,7.9817e-05,632,1,632,632,632,4,1,4,4,4
35,10,7.922e-05,1,7.922e-05,7.922e-05,7.922e-05,628,1,628,628,628,3,1,3,3,3
35,10,8.0313e-05,1,8.0313e-05,8.0313e-05,8.0313e-05,625,1,625,625,625,4,1,4,4,4
35,10,8.0516e-05,1,8.0516e-05,8.0516e-05,8.0516e-05,627,1,627,627,627,3,1,3,3,3
35,10,8.2067e-05,1,8.2067e-05,8.2067e-05,8.2067e-05,624,1,624,624,624,4,1,4,4,4
35,10,7.9649e-05,1,7.9649e-05,7.9649e-05,7.9649e-05,626,1,626,626,626,4,1,4,4,4
35,10,8.0597e-05,1,8.0597e-05,8.0597e-05,8.0597e-05,627,1,627,627,627,4,1,4,4,4
35,10,7.9532e-05,1,7.9532e-05,7.9532e-05,7.9532e-05,632,1,632,632,632,4,1,4,4,4
35,10,7.899e-05,1,7.899e-05,7.899e-05,7.899e-05,630,1,630,630,630,4,1,4,4,4
35,10,8.01e-05,1,8.01e-05,8.01e-05,8.01e-05,632,1,632,632,632,4,1,4,4,4
35,10,7.9455e-05,1,7.9455e-05,7.9455e-05,7.9455e-05,632,1,632,632,632,4,1,4,4,4
35,10,7.8973e-05,1,7.8973e-05,7.8973e-05,7.8973e-05,621,1,621,621,621,3,1,3,3,3
35,10,8.0171e-05,1,8.0171e-05,8.0171e-05,8.0171e-05,624,1,624,624,624,3,1,3,3,3
35,10,7.8983e-05,1,7.8983e-05,7.8983e-05,7.8983e-05,632,1,632,632,632,4,1,4,4,4
35,10,7.8819e-05,1,7.8819e-05,7.8819e-05,7.8819e-05,626,1,626,626,626,4,1,4,4,4
35,10,7.9998e-05,1,7.9998e-05,7.9998e-05,7.9998e-05,625,1,625,625,625,3,1,3,3,3
35,10,7.8865e-05,1,7.8865e-05,7.8865e-05,7.8865e-05,627,1,627,627,627,4,1,4,4,4
35,10,7.8295e-05,1,7.8295e-05,7.8295e-05,7.8295e-05,624,1,624,624,624,4,1,4,4,4
35,10,7.9564e-05,1,7.9564e-05,7.9564e-05,7.9564e-05,632,1,632,632,632,4,1,4,4,4
35,10,7.8121e-05,1,7.8121e-05,7.8121e-05,7.8121e-05,631,1,631,631,631,4,1,4,4,4
35,10,7.8466e-05,1,7.8466e-05,7.8466e-05,7.8466e-05,631,1,631,631,631,4,1,4,4,4
35,10,7.9682e-05,1,7.9682e-05,7.9682e-05,7.9682e-05,630,1,630,630,630,4,1,4,4,4
35,10,8.4039e-05,1,8.4039e-05,8.4039e-05,8.4039e-05,627,1,627,627,627,4,1,4,4,4
35,10,8.4528e-05,1,8.4528e-05,8.4528e-05,8.4528e-05,635,1,635,635,635,4,1,4,4,4
35,10,8.0791e-05,1,8.0791e-05,8.0791e-05,8.0791e-05,632,1,632,632,632,4,1,4,4,4
35,10,8.3427e-05,1,8.3427e-05,8.3427e-05,8.3427e-05,634,1,634,634,634,4,1,4,4,4
35,10,8.1824e-05,1,8.1824e-05,8.1824e-05,8.1824e-05,630,1,630,630,630,4,1,4,4,4
35,10,8.0975e-05,1,8.0975e-05,8.0975e-05,8.0975e-05,629,1,629,629,629,3,1,3,3,3
35,10,8.2047e-05,1,8.2047e-05,8.2047e-05,8.2047e-05,634,1,634,634,634,4,1,4,4,4
35,10,8.1736e-05,1,8.1736e-05,8.1736e-05,8.1736e-05,626,1,626,626,626,3,1,3,3,3
35,10,8.0873e-05,1,8.0873e-05,8.0873e-05,8.0873e-05,625,1,625,625,625,4,1,4,4,4
35,10,8.1312e-05,1,8.1312e-05,8.1312e-05,8.1312e-05,628,1,628,628,628,3,1,3,3,3
35,10,8.1557e-05,1,8.1557e-05,8.1557e-05,8.1557e-05,636,1,636,636,636,4,1,4,4,4
35,10,8.0845e-05,1,8.0845e-05,8.0845e-05,8.0845e-05,625,1,625,625,625,3,1,3,3,3
35,10,8.1742e-05,1,8.1742e-05,8.1742e-05,8.1742e-05,629,1,629,629,629,4,1,4,4,4
35,10,7.9937e-05,1,7.9937e-05,7.9937e-05,7.9937e-05,625,1,625,625,625,3,1,3,3,3
35,10,8.1939e-05,1,8.1939e-05,8.1939e-05,8.1939e-05,627,1,627,627,627,3,1,3,3,3
35,10,8.0782e-05,1,8.0782e-05,8.0782e-05,8.0782e-05,629,1,629,629,629,4,1,4,4,4
35,10,8.1994e-05,1,8.1994e-05,8.1994e-05,8.1994e-05,628,1,628,628,628,3,1,3,3,3
35,10,8.0542e-05,1,8.0542e-05,8.0542e-05,8.0542e-05,623,1,623,623,623,3,1,3,3,3
35,10,8.3211e-05,1,8.3211e-05,8.3211e-05,8.3211e-05,635,1,635,635,635,4,1,4,4,4
35,10,8.2385e-05,1,8.2385e-05,8.2385e-05,8.2385e-05,635,1,635,635,635,4,1,4,4,4
35,10,8.1869e-05,1,8.1869e-05,8.1869e-05,8.1869e-05,636,1,636,636,636,4,1,4,4,4
35,10,8.1734e-05,1,8.1734e-05,8.1734e-05,8.1734e-05,628,1,628,628,628,4,1,4,4,4
35,10,8.0605e-05,1,8.0605e-05,8.0605e-05,8.0605e-05,622,1,622,622,622,3,1,3,3,3
35,10,8.1788e-05,1,8.1788e-05,8.1788e-05,8.1788e-05,631,1,631,631,631,4,1,4,4,4
35,10,8.151e-05,1,8.151e-05,8.151e-05,8.151e-05,626,1,626,626,626,3,1,3,3,3
35,10,8.2213e-05,1,8.2213e-05,8.2213e-05,8.2213e-05,631,1,631,631,631,4,1,4,4,4
35,10,8.2369e-05,1,8.2369e-05,8.2369e-05,8.2369e-05,627,1,627,627,627,3,1,3,3,3
35,10,8.0492e-05,1,8.0492e-05,8.0492e-05,8.0492e-05,623,1,623,623,623,3,1,3,3,3
35,10,8.0775e-05,1,8.0775e-05,8.0775e-05,8.0775e-05,628,1,628,628,628,4,1,4,4,4
35,10,8.2129e-05,1,8.2129e-05,8.2129e-05,8.2129e-05,625,1,625,625,625,4,1,4,4,4
35,10,8.1505e-05,1,8.1505e-05,8.1505e-05,8.1505e-05,628,1,628,628,628,4,1,4,4,4
35,10,8.1972e-05,1,8.1972e-05,8.1972e-05,8.1972e-05,639,1,639,639,639,4,1,4,4,4
35,10,8.5206e-05,1,8.5206e-05,8.5206e-05,8.5206e-05,637,1,637,637,637,4,1,4,4,4
35,10,8.0735e-05,1,8.0735e-05,8.0735e-05,8.0735e-05,634,1,634,634,634,4,1,4,4,4
35,10,8.2099e-05,1,8.2099e-05,8.2099e-05,8.2099e-05,627,1,627,627,627,4,1,4,4,4
35,10,8.3154e-05,1,8.3154e-05,8.3154e-05,8.3154e-05,632,1,632,632,632,4,1,4,4,4
35,10,8.0735e-05,1,8.0735e-05,8.0735e-05,8.0735e-05,626,1,626,626,626,4,1,4,4,4
35,10,8.1028e-05,1,8.1028e-05,8.1028e-05,8.1028e-05,623,1,623,623,623,3,1,3,3,3
35,10,8.0953e-05,1,8.0953e-05,8.0953e-05,8.0953e-05,628,1,628,628,628,4,1,4,4,4
35,10,8.1049e-05,1,8.1049e-05,8.1049e-05,8.1049e-05,631,1,631,631,631,4,1,4,4,4
35,10,8.031e-05,1,8.031e-05,8.031e-05,8.031e-05,627,1,627,627,627,4,1,4,4,4
35,10,8.1414e-05,1,8.1414e-05,8.1414e-05,8.1414e-05,630,1,630,630,630,4,1,4,4,4
35,10,8.1277e-05,1,8.1277e-05,8.1277e-05,8.1277e-05,625,1,625,625,625,4,1,4,4,4
35,10,8.146e-05,1,8.146e-05,8.146e-05,8.146e-05,628,1,628,628,628,4,1,4,4,4
35,10,8.2556e-05,1,8.2556e-05,8.2556e-05,8.2556e-05,631,1,631,631,631,4,1,4,4,4
35,10,8.2133e-05,1,8.2133e-05,8.2133e-05,8.2133e-05,634,1,634,634,634,4,1,4,4,4
35,10,8.1624e-05,1,8.1624e-05,8.1624e-05,8.1624e-05,627,1,627,627,627,3,1,3,3,3
35,10,8.2597e-05,1,8.2597e-05,8.2597e-05,8.2597e-05,627,1,627,627,627,4,1,4,4,4
35,10,8.2048e-05,1,8.2048e-05,8.2048e-05,8.2048e-05,633,1,633,633,633,4,1,4,4,4
35,10,8.1827e-05,1,8.1827e-05,8.1827e-05,8.1827e-05,629,1,629,629,629,4,1,4,4,4
35,10,8.1417e-05,1,8.1417e-05,8.1417e-05,8.1417e-05,629,1,629,629,629,4,1,4,4,4
35,10,8.1244e-05,1,8.1244e-05,8.1244e-05,8.1244e-05,624,1,624,624,624,3,1,3,3,3
35,10,8.1757e-05,1,8.1757e-05,8.1757e-05,8.1757e-05,628,1,628,628,628,4,1,4,4,4
35,10,8.3036e-05,1,8.3036e-05,8.3036e-05,8.3036e-05,635,1,635,635,635,4,1,4,4,4
35,10,8.1957e-05,1,8.1957e-05,8.1957e-05,8.1957e-05,628,1,628,628,628,4,1,4,4,4
35,10,8.1273e-05,1,8.1273e-05,8.1273e-05,8.1273e-05,627,1,627,627,627,4,1,4,4,4
35,10,8.1525e-05,1,8.1525e-05,8.1525e-05,8.1525e-05,631,1,631,631,631,4,1,4,4,4
35,10,8.1231e-05,1,8.1231e-05,8.1231e-05,8.1231e-05,637,1,637,637,637,4,1,4,4,4
35,10,8.1334e-05,1,8.1334e-05,8.1334e-05,8.1334e-05,623,1,623,623,623,4,1,4,4,4
35,10,8.0782e-05,1,8.0782e-05,8.0782e-05,8.0782e-05,627,1,627,627,627,4,1,4,4,4
35,10,8.0606e-05,1,8.0606e-05,8.0606e-05,8.0606e-05,633,1,633,633,633,4,1,4,4,4
