n,p,time_total,time_count,time_mean,time_min,time_max,steps_total,steps_count,steps_mean,steps_min,steps_max,number_total,number_count,number_mean,number_min,number_max
11,60,1.3753e-05,1,1.3753e-05,1.3753e-05,1.3753e-05,69,1,69,69,69,4,1,4,4,4
11,60,1.3629e-05,1,1.3629e-05,1.3629e-05,1.3629e-05,81,1,81,81,81,5,1,5,5,5
11,60,1.3485e-05,1,1.3485e-05,1.3485e-05,1.3485e-05,85,1,85,85,85,6,1,6,6,6
11,60,1.3843e-05,1,1.3843e-05,1.3843e-05,1.3843e-05,78,1,78,78,78,5,1,5,5,5
11,60,1.3451e-05,1,1.3451e-05,1.3451e-05,1.3451e-05,74,1,74,74,74,5,1,5,5,5
11,60,1.3054e-05,1,1.3054e-05,1.3054e-05,1.3054e-05,74,1,74,74,74,5,1,5,5,5
11,60,1.3081e-05,1,1.3081e-05,1.3081e-05,1.3081e-05,71,1,71,71,71,4,1,4,4,4
11,60,1.3318e-05,1,1.3318e-05,1.3318e-05,1.3318e-05,73,1,73,73,73,4,1,4,4,4
11,60,1.346e-05,1,1.346e-05,1.346e-05,1.346e-05,75,1,75,75,75,5,1,5,5,5
11,60,1.2456e-05,1,1.2456e-05,1.2456e-05,1.2456e-05,76,1,76,76,76,5,1,5,5,5
11,60,1.2804e-05,1,1.2804e-05,1.2804e-05,1.2804e-05,74,1,74,74,74,4,1,4,4,4
11,60,1.323e-05,1,1.323e-05,1.323e-05,1.323e-05,73,1,73,73,73,4,1,4,4,4
11,60,1.3492e-05,1,1.3492e-05,1.3492e-05,1.3492e-05,72,1,72,72,72,4,1,4,4,4
11,60,1.4413e-05,1,1.4413e-05,1.4413e-05,1.4413e-05,78,1,78,78,78,5,1,5,5,5
11,60,1.3843e-05,1,1.3843e-05,1.3843e-05,1.3843e-05,76,1,76,76,76,5,1,5,5,5
11,60,1.4e-05,1,1.4e-05,1.4e-05,1.4e-05,77,1,77,77,77,6,1,6,6,6
11,60,1.424e-05,1,1.424e-05,1.424e-05,1.424e-05,72,1,72,72,72,5,1,5,5,5
11,60,1.3509e-05,1,1.3509e-05,1.3509e-05,1.3509e-05,65,1,65,65,65,3,1,3,3,3
11,60,1.4361e-05,1,1.4361e-05,1.4361e-05,1.4361e-05,76,1,76,76,76,5,1,5,5,5
11,60,1.4312e-05,1,1.4312e-05,1.4312e-05,1.4312e-05,71,1,71,71,71,4,1,4,4,4
11,60,1.3783e-05,1,1.3783e-05,1.3783e-05,1.3783e-05,78,1,78,78,78,5,1,5,5,5
11,60,1.374e-05,1,1.374e-05,1.374e-05,1.374e-05,80,1,80,80,80,6,1,6,6,6
11,60,1.3756e-05,1,1.3756e-05,1.3756e-05,1.3756e-05,79,1,79,79,79,5,1,5,5,5
11,60,1.3723e-05,1,1.3723e-05,1.3723e-05,1.3723e-05,77,1,77,77,77,5,1,5,5,5
11,60,1.3264e-05,1,1.3264e-05,1.3264e-05,1.3264e-05,80,1,80,80,80,5,1,5,5,5
11,60,1.3608e-05,1,1.3608e-05,1.3608e-05,1.3608e-05,73,1,73,73,73,5,1,5,5,5
11,60,1.2909e-05,1,1.2909e-05,1.2909e-05,1.2909e-05,74,1,74,74,74,4,1,4,4,4
11,60,1.3307e-05,1,1.3307e-05,1.3307e-05,1.3307e-05,79,1,79,79,79,6,1,6,6,6
11,60,1.619e-05,1,1.619e-05,1.619e-05,1.619e-05,69,1,69,69,69,4,1,4,4,4
11,60,1.3818e-05,1,1.3818e-05,1.3818e-05,1.3818e-05,79,1,79,79,79,5,1,5,5,5
11,60,1.3044e-05,1,1.3044e-05,1.3044e-05,1.3044e-05,71,1,71,71,71,4,1,4,4,4
11,60,1.4219e-05,1,1.4219e-05,1.4219e-05,1.4219e-05,72,1,72,72,72,4,1,4,4,4
11,60,1.3669e-05,1,1.3669e-05,1.3669e-05,1.3669e-05,74,1,74,74,74,5,1,5,5,5
11,60,1.3749e-05,1,1.3749e-05,1.3749e-05,1.3749e-05,75,1,75,75,75,5,1,5,5,5
11,60,1.4207e-05,1,1.4207e-05,1.4207e-05,1.4207e-05,72,1,72,72,72,4,1,4,4,4
11,60,1.4297e-05,1,1.4297e-05,1.4297e-05,1.4297e-05,77,1,77,77,77,5,1,5,5,5
11,60,1.4072e-05,1,1.4072e-05,1.4072e-05,1.4072e-05,72,1,72,72,72,5,1,5,5,5
11,60,1.4088e-05,1,1.4088e-05,1.4088e-05,1.4088e-05,68,1,68,68,68,4,1,4,4,4
11,60,1.4202e-05,1,1.4202e-05,1.4202e-05,1.4202e-05,75,1,75,75,75,5,1,5,5,5
11,60,1.3964e-05,1,1.3964e-05,1.3964e-05,1.3964e-05,75,1,75,75,75,5,1,5,5,5
11,60,1.2976e-05,1,1.2976e-05,1.2976e-05,1.2976e-05,75,1,75,75,75,5,1,5,5,5
11,60,1.2995e-05,1,1.2995e-05,1.2995e-05,1.2995e-05,70,1,70,70,70,4,1,4,4,4
11,60,1.3996e-05,1,1.3996e-05,1.3996e-05,1.3996e-05,80,1,80,80,80,6,1,6,6,6
11,60,1.3083e-05,1,1.3083e-05,1.3083e-05,1.3083e-05,73,1,73,73,73,5,1,5,5,5
11,60,1.3193e-05,1,1.3193e-05,1.3193e-05,1.3193e-05,75,1,75,75,75,6,1,6,6,6
11,60,1.3088e-05,1,1.3088e-05,1.3088e-05,1.3088e-05,75,1,75,75,75,4,1,4,4,4
11,60,1.3122e-05,1,1.3122e-05,1.3122e-05,1.3122e-05,70,1,70,70,70,4,1,4,4,4
11,60,1.2905e-05,1,1.2905e-05,1.2905e-05,1.2905e-05,75,1,75,75,75,5,1,5,5,5
11,60,1.3178e-05,1,1.3178e-05,1.3178e-05,1.3178e-05,79,1,79,79,79,6,1,6,6,6
11,60,1.3952e-05,1,1.3952e-05,1.3952e-05,1.3952e-05,74,1,74,74,74,5,1,5,5,5
11,60,1.3579e-05,1,1.3579e-05,1.3579e-05,1.3579e-05,78,1,78,78,78,5,1,5,5,5
11,60,1.2973e-05,1,1.2973e-05,1.2973e-05,1.2973e-05,78,1,78,78,78,5,1,5,5,5
11,60,1.3212e-05,1,1.3212e-05,1.3212e-05,1.3212e-05,71,1,71,71,71,4,1,4,4,4
11,60,1.3521e-05,1,1.3521e-05,1.3521e-05,1.3521e-05,75,1,75,75,75,5,1,5,5,5
11,60,1.2978e-05,1,1.2978e-05,1.2978e-05,1.2978e-05,80,1,80,80,80,6,1,6,6,6
11,60,1.3476e-05,1,1.3476e-05,1.3476e-05,1.3476e-05,73,1,73,73,73,5,1,5,5,5
11,60,1.3517e-05,1,1.3517e-05,1.3517e-05,1.3517e-05,70,1,70,70,70,4,1,4,4,4
11,60,1.3046e-05,1,1.3046e-05,1.3046e-05,1.3046e-05,72,1,72,72,72,4,1,4,4,4
11,60,1.3342e-05,1,1.3342e-05,1.3342e-05,1.3342e-05,79,1,79,79,79,6,1,6,6,6
11,60,1.3144e-05,1,1.3144e-05,1.3144e-05,1.3144e-05,73,1,73,73,73,4,1,4,4,4
11,60,1.3321e-05,1,1.3321e-05,1.3321e-05,1.3321e-05,76,1,76,76,76,5,1,5,5,5
11,60,1.2624e-05,1,1.2624e-05,1.2624e-05,1.2624e-05,69,1,69,69,69,4,1,4,4,4
11,60,1.3454e-05,1,1.3454e-05,1.3454e-05,1.3454e-05,77,1,77,77,77,5,1,5,5,5
11,60,1.3127e-05,1,1.3127e-05,1.3127e-05,1.3127e-05,78,1,78,78,78,5,1,5,5,5
11,60,1.343e-05,1,1.343e-05,1.343e-05,1.343e-05,72,1,72,72,72,4,1,4,4,4
11,60,1.2799e-05,1,1.2799e-05,1.2799e-05,1.2799e-05,73,1,73,73,73,5,1,5,5,5
11,60,1.3608e-05,1,1.3608e-05,1.3608e-05,1.3608e-05,78,1,78,78,78,5,1,5,5,5
11,60,1.3554e-05,1,1.3554e-05,1.3554e-05,1.3554e-05,75,1,75,75,75,4,1,4,4,4
11,60,1.3768e-05,1,1.3768e-05,1.3768e-05,1.3768e-05,76,1,76,76,76,5,1,5,5,5
11,60,1.3094e-05,1,1.3094e-05,1.3094e-05,1.3094e-05,83,1,83,83,83,6,1,6,6,6
11,60,1.3775e-05,1,1.3775e-05,1.3775e-05,1.3775e-05,80,1,80,80,80,6,1,6,6,6
11,60,1.2956e-05,1,1.2956e-05,1.2956e-05,1.2956e-05,74,1,74,74,74,4,1,4,4,4
11,60,1.332e-05,1,1.332e-05,1.332e-05,1.332e-05,73,1,73,73,73,4,1,4,4,4
11,60,1.2818e-05,1,1.2818e-05,1.2818e-05,1.2818e-05,70,1,70,70,70,4,1,4,4,4
11,60,1.3646e-05,1,1.3646e-05,1.3646e-05,1.3646e-05,72,1,72,72,72,5,1,5,5,5
11,60,1.2867e-05,1,1.2867e-05,1.2867e-05,1.2867e-05,72,1,72,72,72,4,1,4,4,4
11,60,1.3464e-05,1,1.3464e-05,1.3464e-05,1.3464e-05,72,1,72,72,72,5,1,5,5,5
11,60,1.31e-05,1,1.31e-05,1.31e-05,1.31e-05,77,1,77,77,77,5,1,5,5,5
11,60,1.3288e-05,1,1.3288e-05,1.3288e-05,1.3288e-05,80,1,80,80,80,6,1,6,6,6
11,60,1.2824e-05,1,1.2824e-05,1.2824e-05,1.2824e-05,72,1,72,72,72,4,1,4,4,4
11,60,1.3141e-05,1,1.3141e-05,1.3141e-05,1.3141e-05,70,1,70,70,70,4,1,4,4,4
11,60,1.3473e-05,1,1.3473e-05,1.3473e-05,1.3473e-05,75,1,75,75,75,5,1,5,5,5
11,60,1.2854e-05,1,1.2854e-05,1.2854e-05,1.2854e-05,74,1,74,74,74,5,1,5,5,5
11,60,1.4259e-05,1,1.4259e-05,1.4259e-05,1.4259e-05,81,1,81,81,81,6,1,6,6,6
11,60,1.3343e-05,1,1.3343e-05,1.3343e-05,1.3343e-05,74,1,74,74,74,5,1,5,5,5
11,60,1.3811e-05,1,1.3811e-05,1.3811e-05,1.3811e-05,74,1,74,74,74,5,1,5,5,5
11,60,1.37e-05,1,1.37e-05,1.37e-05,1.37e-05,84,1,84,84,84,6,1,6,6,6
11,60,1.3332e-05,1,1.3332e-05,1.3332e-05,1.3332e-05,80,1,80,80,80,6,1,6,6,6
11,60,1.3795e-05,1,1.3795e-05,1.3795e-05,1.3795e-05,74,1,74,74,74,5,1,5,5,5
11,60,1.3206e-05,1,1.3206e-05,1.3206e-05,1.3206e-05,76,1,76,76,76,5,1,5,5,5
11,60,1.4124e-05,1,1.4124e-05,1.4124e-05,1.4124e-05,80,1,80,80,80,6,1,6,6,6
11,60,1.3184e-05,1,1.3184e-05,1.3184e-05,1.3184e-05,73,1,73,73,73,5,1,5,5,5
11,60,1.3689e-05,1,1.3689e-05,1.3689e-05,1.3689e-05,73,1,73,73,73,5,1,5,5,5
11,60,1.3444e-05,1,1.3444e-05,1.3444e-05,1.3444e-05,76,1,76,76,76,5,1,5,5,5
11,60,1.3151e-05,1,1.3151e-05,1.3151e-05,1.3151e-05,74,1,74,74,74,5,1,5,5,5
11,60,1.4096e-05,1,1.4096e-05,1.4096e-05,1.4096e-05,74,1,74,74,74,5,1,5,5,5
11,60,1.4323e-05,1,1.4323e-05,1.4323e-05,1.4323e-05,77,1,77,77,77,6,1,6,6,6
11,60,1.3843e-05,1,1.3843e-05,1.3843e-05,1.3843e-05,73,1,73,73,73,5,1,5,5,5
11,60,1.4014e-05,1,1.4014e-05,1.4014e-05,1.4014e-05,77,1,77,77,77,6,1,6,6,6
11,60,1.368e-05,1,1.368e-05,1.368e-05,1.368e-05,78,1,78,78,78,6,1,6,6,6
11,60,1.4073e-05,1,1.4073e-05,1.4073e-05,1.4073e-05,70,1,70,70,70,4,1,4,4,4
11,60,1.2872e-05,1,1.2872e-05,1.2872e-05,1.2872e-05,76,1,76,76,76,5,1,5,5,5
11,60,1.3301e-05,1,1.3301e-05,1.3301e-05,1.3301e-05,75,1,75,75,75,5,1,5,5,5
11,60,1.3116e-05,1,1.3116e-05,1.3116e-05,1.3116e-05,77,1,77,77,77,5,1,5,5,5
11,60,1.304e-05,1,1.304e-05,1.304e-05,1.304e-05,74,1,74,74,74,5,1,5,5,5
11,60,1.3659e-05,1,1.3659e-05,1.3659e-05,1.3659e-05,74,1,74,74,74,4,1,4,4,4
11,60,1.3349e-05,1,1.3349e-05,1.3349e-05,1.3349e-05,71,1,71,71,71,4,1,4,4,4
11,60,1.3752e-05,1,1.3752e-05,1.3752e-05,1.3752e-05,74,1,74,74,74,5,1,5,5,5
11,60,1.3564e-05,1,1.3564e-05,1.3564e-05,1.3564e-05,78,1,78,78,78,5,1,5,5,5
11,60,1.2727e-05,1,1.2727e-05,1.2727e-05,1.2727e-05,71,1,71,71,71,4,1,4,4,4
11,60,1.289e-05,1,1.289e-05,1.289e-05,1.289e-05,72,1,72,72,72,4,1,4,4,4
11,60,1.3395e-05,1,1.3395e-05,1.3395e-05,1.3395e-05,74,1,74,74,74,5,1,5,5,5
11,60,1.292e-05,1,1.292e-05,1.292e-05,1.292e-05,75,1,75,75,75,5,1,5,5,5
11,60,1.3483e-05,1,1.3483e-05,1.3483e-05,1.3483e-05,74,1,74,74,74,5,1,5,5,5
11,60,1.2982e-05,1,1.2982e-05,1.2982e-05,1.2982e-05,67,1,67,67,67,4,1,4,4,4
11,60,1.3613e-05,1,1.3613e-05,1.3613e-05,1.3613e-05,77,1,77,77,77,5,1,5,5,5
11,60,1.3146e-05,1,1.3146e-05,1.3146e-05,1.3146e-05,76,1,76,76,76,5,1,5,5,5
11,60,1.3519e-05,1,1.3519e-05,1.3519e-05,1.3519e-05,77,1,77,77,77,5,1,5,5,5
11,60,1.3813e-05,1,1.3813e-05,1.3813e-05,1.3813e-05,73,1,73,73,73,4,1,4,4,4
11,60,1.321e-05,1,1.321e-05,1.321e-05,1.321e-05,77,1,77,77,77,6,1,6,6,6
11,60,1.2894e-05,1,1.2894e-05,1.2894e-05,1.2894e-05,78,1,78,78,78,5,1,5,5,5
11,60,1.3343e-05,1,1.3343e-05,1.3343e-05,1.3343e-05,76,1,76,76,76,5,1,5,5,5
11,60,1.3023e-05,1,1.3023e-05,1.3023e-05,1.3023e-05,78,1,78,78,78,5,1,5,5,5
11,60,1.3301e-05,1,1.3301e-05,1.3301e-05,1.3301e-05,73,1,73,73,73,4,1,4,4,4
11,60,1.3505e-05,1,1.3505e-05,1.3505e-05,1.3505e-05,71,1,71,71,71,4,1,4,4,4
11,60,1.2824e-05,1,1.2824e-05,1.2824e-05,1.2824e-05,80,1,80,80,80,6,1,6,6,6
11,60,1.2446e-05,1,1.2446e-05,1.2446e-05,1.2446e-05,71,1,71,71,71,4,1,4,4,4
11,60,1.3094e-05,1,1.3094e-05,1.3094e-05,1.3094e-05,74,1,74,74,74,4,1,4,4,4
11,60,1.3482e-05,1,1.3482e-05,1.3482e-05,1.3482e-05,73,1,73,73,73,5,1,5,5,5
11,60,1.3309e-05,1,1.3309e-05,1.3309e-05,1.3309e-05,72,1,72,72,72,5,1,5,5,5
11,60,1.3128e-05,1,1.3128e-05,1.3128e-05,1.3128e-05,73,1,73,73,73,5,1,5,5,5
11,60,1.3565e-05,1,1.3565e-05,1.3565e-05,1.3565e-05,74,1,74,74,74,5,1,5,5,5
11,60,1.3331e-05,1,1.3331e-05,1.3331e-05,1.3331e-05,76,1,76,76,76,5,1,5,5,5
11,60,1.3377e-05,1,1.3377e-05,1.3377e-05,1.3377e-05,75,1,75,75,75,5,1,5,5,5
11,60,1.3489e-05,1,1.3489e-05,1.3489e-05,1.3489e-05,76,1,76,76,76,5,1,5,5,5
11,60,1.3046e-05,1,1.3046e-05,1.3046e-05,1.3046e-05,75,1,75,75,75,5,1,5,5,5
11,60,1.281e-05,1,1.281e-05,1.281e-05,1.281e-05,73,1,73,73,73,5,1,5,5,5
11,60,1.4402e-05,1,1.4402e-05,1.4402e-05,1.4402e-05,79,1,79,79,79,5,1,5,5,5
11,60,1.3755e-05,1,1.3755e-05,1.3755e-05,1.3755e-05,75,1,75,75,75,5,1,5,5,5
11,60,1.3501e-05,1,1.3501e-05,1.3501e-05,1.3501e-05,76,1,76,76,76,5,1,5,5,5
11,60,1.2832e-05,1,1.2832e-05,1.2832e-05,1.2832e-05,77,1,77,77,77,5,1,5,5,5
11,60,1.3654e-05,1,1.3654e-05,1.3654e-05,1.3654e-05,75,1,75,75,75,4,1,4,4,4
11,60,1.2514e-05,1,1.2514e-05,1.2514e-05,1.2514e-05,77,1,77,77,77,5,1,5,5,5
11,60,1.3241e-05,1,1.3241e-05,1.3241e-05,1.3241e-05,73,1,73,73,73,4,1,4,4,4
11,60,1.3387e-05,1,1.3387e-05,1.3387e-05,1.3387e-05,69,1,69,69,69,4,1,4,4,4
11,60,1.3633e-05,1,1.3633e-05,1.3633e-05,1.3633e-05,78,1,78,78,78,5,1,5,5,5
11,60,1.275e-05,1,1.275e-05,1.275e-05,1.275e-05,68,1,68,68,68,4,1,4,4,4
11,60,1.3099e-05,1,1.3099e-05,1.3099e-05,1.3099e-05,72,1,72,72,72,5,1,5,5,5
11,60,1.2707e-05,1,1.2707e-05,1.2707e-05,1.2707e-05,75,1,75,75,75,5,1,5,5,5
11,60,1.3198e-05,1,1.3198e-05,1.3198e-05,1.3198e-05,70,1,70,70,70,4,1,4,4,4
11,60,1.3382e-05,1,1.3382e-05,1.3382e-05,1.3382e-05,78,1,78,78,78,5,1,5,5,5
11,60,1.3286e-05,1,1.3286e-05,1.3286e-05,1.3286e-05,70,1,70,70,70,4,1,4,4,4
11,60,1.3016e-05,1,1.3016e-05,1.3016e-05,1.3016e-05,71,1,71,71,71,4,1,4,4,4
11,60,1.349e-05,1,1.349e-05,1.349e-05,1.349e-05,78,1,78,78,78,5,1,5,5,5
11,60,1.3132e-05,1,1.3132e-05,1.3132e-05,1.3132e-05,78,1,78,78,78,5,1,5,5,5
11,60,1.3324e-05,1,1.3324e-05,1.3324e-05,1.3324e-05,73,1,73,73,73,5,1,5,5,5
11,60,1.3583e-05,1,1.3583e-05,1.3583e-05,1.3583e-05,71,1,71,71,71,4,1,4,4,4
11,60,3.0812e-05,1,3.0812e-05,3.0812e-05,3.0812e-05,76,1,76,76,76,5,1,5,5,5
11,60,1.487e-05,1,1.487e-05,1.487e-05,1.487e-05,82,1,82,82,82,5,1,5,5,5
11,60,1.3479e-05,1,1.3479e-05,1.3479e-05,1.3479e-05,75,1,75,75,75,5,1,5,5,5
11,60,1.4659e-05,1,1.4659e-05,1.4659e-05,1.4659e-05,78,1,78,78,78,6,1,6,6,6
11,60,1.3953e-05,1,1.3953e-05,1.3953e-05,1.3953e-05,75,1,75,75,75,5,1,5,5,5
11,60,1.4327e-05,1,1.4327e-05,1.4327e-05,1.4327e-05,73,1,73,73,73,4,1,4,4,4
11,60,1.3746e-05,1,1.3746e-05,1.3746e-05,1.3746e-05,68,1,68,68,68,4,1,4,4,4
11,60,1.4176e-05,1,1.4176e-05,1.4176e-05,1.4176e-05,67,1,67,67,67,4,1,4,4,4
11,60,1.4008e-05,1,1.4008e-05,1.4008e-05,1.4008e-05,84,1,84,84,84,6,1,6,6,6
11,60,1.3566e-05,1,1.3566e-05,1.3566e-05,1.3566e-05,77,1,77,77,77,5,1,5,5,5
11,60,1.3142e-05,1,1.3142e-05,1.3142e-05,1.3142e-05,76,1,76,76,76,5,1,5,5,5
11,60,1.3418e-05,1,1.3418e-05,1.3418e-05,1.3418e-05,73,1,73,73,73,4,1,4,4,4
11,60,1.3309e-05,1,1.3309e-05,1.3309e-05,1.3309e-05,76,1,76,76,76,5,1,5,5,5
11,60,1.293e-05,1,1.293e-05,1.293e-05,1.293e-05,80,1,80,80,80,6,1,6,6,6
11,60,1.3139e-05,1,1.3139e-05,1.3139e-05,1.3139e-05,74,1,74,74,74,5,1,5,5,5
11,60,1.3829e-05,1,1.3829e-05,1.3829e-05,1.3829e-05,75,1,75,75,75,5,1,5,5,5
11,60,1.3501e-05,1,1.3501e-05,1.3501e-05,1.3501e-05,70,1,70,70,70,4,1,4,4,4
11,60,1.4029e-05,1,1.4029e-05,1.4029e-05,1.4029e-05,78,1,78,78,78,5,1,5,5,5
11,60,1.4352e-05,1,1.4352e-05,1.4352e-05,1.4352e-05,70,1,70,70,70,4,1,4,4,4
11,60,1.3685e-05,1,1.3685e-05,1.3685e-05,1.3685e-05,72,1,72,72,72,4,1,4,4,4
11,60,1.2982e-05,1,1.2982e-05,1.2982e-05,1.2982e-05,78,1,78,78,78,6,1,6,6,6
11,60,1.3146e-05,1,1.3146e-05,1.3146e-05,1.3146e-05,76,1,76,76,76,5,1,5,5,5
11,60,1.3685e-05,1,1.3685e-05,1.3685e-05,1.3685e-05,75,1,75,75,75,5,1,5,5,5
11,60,1.3609e-05,1,1.3609e-05,1.3609e-05,1.3609e-05,70,1,70,70,70,4,1,4,4,4
11,60,1.2891e-05,1,1.2891e-05,1.2891e-05,1.2891e-05,69,1,69,69,69,4,1,4,4,4
11,60,1.3571e-05,1,1.3571e-05,1.3571e-05,1.3571e-05,76,1,76,76,76,6,1,6,6,6
11,60,1.3191e-05,1,1.3191e-05,1.3191e-05,1.3191e-05,74,1,74,74,74,4,1,4,4,4
11,60,1.3157e-05,1,1.3157e-05,1.3157e-05,1.3157e-05,78,1,78,78,78,5,1,5,5,5
11,60,1.328e-05,1,1.328e-05,1.328e-05,1.328e-05,82,1,82,82,82,6,1,6,6,6
11,60,1.3493e-05,1,1.3493e-05,1.3493e-05,1.3493e-05,77,1,77,77,77,5,1,5,5,5
11,60,1.3193e-05,1,1.3193e-05,1.3193e-05,1.3193e-05,76,1,76,76,76,5,1,5,5,5
11,60,1.3158e-05,1,1.3158e-05,1.3158e-05,1.3158e-05,71,1,71,71,71,5,1,5,5,5
11,60,1.3443e-05,1,1.3443e-05,1.3443e-05,1.3443e-05,80,1,80,80,80,6,1,6,6,6
11,60,1.3829e-05,1,1.3829e-05,1.3829e-05,1.3829e-05,79,1,79,79,79,5,1,5,5,5
11,60,1.3004e-05,1,1.3004e-05,1.3004e-05,1.3004e-05,78,1,78,78,78,5,1,5,5,5
11,60,3.1339e-05,1,3.1339e-05,3.1339e-05,3.1339e-05,76,1,76,76,76,5,1,5,5,5
11,60,1.4036e-05,1,1.4036e-05,1.4036e-05,1.4036e-05,81,1,81,81,81,6,1,6,6,6
11,60,1.3744e-05,1,1.3744e-05,1.3744e-05,1.3744e-05,73,1,73,73,73,4,1,4,4,4
11,60,1.3773e-05,1,1.3773e-05,1.3773e-05,1.3773e-05,79,1,79,79,79,6,1,6,6,6
11,60,1.413e-05,1,1.413e-05,1.413e-05,1.413e-05,76,1,76,76,76,5,1,5,5,5
11,60,1.426e-05,1,1.426e-05,1.426e-05,1.426e-05,73,1,73,73,73,4,1,4,4,4
11,60,1.4779e-05,1,1.4779e-05,1.4779e-05,1.4779e-05,86,1,86,86,86,7,1,7,7,7
11,60,1.4369e-05,1,1.4369e-05,1.4369e-05,1.4369e-05,74,1,74,74,74,5,1,5,5,5
11,60,1.316e-05,1,1.316e-05,1.316e-05,1.316e-05,70,1,70,70,70,4,1,4,4,4
11,60,1.3501e-05,1,1.3501e-05,1.3501e-05,1.3501e-05,72,1,72,72,72,4,1,4,4,4
11,60,1.3398e-05,1,1.3398e-05,1.3398e-05,1.3398e-05,76,1,76,76,76,5,1,5,5,5
11,60,1.333e-05,1,1.333e-05,1.333e-05,1.333e-05,70,1,70,70,70,4,1,4,4,4
11,60,1.3469e-05,1,1.3469e-05,1.3469e-05,1.3469e-05,76,1,76,76,76,5,1,5,5,5
11,60,1.3299e-05,1,1.3299e-05,1.3299e-05,1.3299e-05,74,1,74,74,74,5,1,5,5,5
11,60,1.4222e-05,1,1.4222e-05,1.4222e-05,1.4222e-05,77,1,77,77,77,5,1,5,5,5
11,60,1.3013e-05,1,1.3013e-05,1.3013e-05,1.3013e-05,79,1,79,79,79,6,1,6,6,6
11,60,1.3356e-05,1,1.3356e-05,1.3356e-05,1.3356e-05,77,1,77,77,77,5,1,5,5,5
11,60,1.3194e-05,1,1.3194e-05,1.3194e-05,1.3194e-05,75,1,75,75,75,5,1,5,5,5
11,60,1.3675e-05,1,1.3675e-05,1.3675e-05,1.3675e-05,78,1,78,78,78,5,1,5,5,5
11,60,1.3315e-05,1,1.3315e-05,1.3315e-05,1.3315e-05,79,1,79,79,79,6,1,6,6,6
11,60,1.295e-05,1,1.295e-05,1.295e-05,1.295e-05,75,1,75,75,75,5,1,5,5,5
11,60,1.293e-05,1,1.293e-05,1.293e-05,1.293e-05,75,1,75,75,75,5,1,5,5,5
11,60,1.296e-05,1,1.296e-05,1.296e-05,1.296e-05,75,1,75,75,75,5,1,5,5,5
11,60,1.3334e-05,1,1.3334e-05,1.3334e-05,1.3334e-05,78,1,78,78,78,5,1,5,5,5
11,60,1.3477e-05,1,1.3477e-05,1.3477e-05,1.3477e-05,79,1,79,79,79,6,1,6,6,6
11,60,1.35e-05,1,1.35e-05,1.35e-05,1.35e-05,76,1,76,76,76,5,1,5,5,5
11,60,1.2925e-05,1,1.2925e-05,1.2925e-05,1.2925e-05,72,1,72,72,72,4,1,4,4,4
11,60,1.3101e-05,1,1.3101e-05,1.3101e-05,1.3101e-05,73,1,73,73,73,4,1,4,4,4
11,60,1.3556e-05,1,1.3556e-05,1.3556e-05,1.3556e-05,75,1,75,75,75,5,1,5,5,5
11,60,1.3018e-05,1,1.3018e-05,1.3018e-05,1.3018e-05,71,1,71,71,71,4,1,4,4,4
11,60,1.3655e-05,1,1.3655e-05,1.3655e-05,1.3655e-05,77,1,77,77,77,5,1,5,5,5
11,60,1.3307e-05,1,1.3307e-05,1.3307e-05,1.3307e-05,79,1,79,79,79,5,1,5,5,5
11,60,1.3798e-05,1,1.3798e-05,1.3798e-05,1.3798e-05,78,1,78,78,78,5,1,5,5,5
11,60,1.3338e-05,1,1.3338e-05,1.3338e-05,1.3338e-05,74,1,74,74,74,5,1,5,5,5
11,60,1.3629e-05,1,1.3629e-05,1.3629e-05,1.3629e-05,79,1,79,79,79,5,1,5,5,5
11,60,1.3292e-05,1,1.3292e-05,1.3292e-05,1.3292e-05,73,1,73,73,73,4,1,4,4,4
11,60,1.2843e-05,1,1.2843e-05,1.2843e-05,1.2843e-05,74,1,74,74,74,5,1,5,5,5
11,60,1.3077e-05,1,1.3077e-05,1.3077e-05,1.3077e-05,80,1,80,80,80,6,1,6,6,6
11,60,1.3216e-05,1,1.3216e-05,1.3216e-05,1.3216e-05,69,1,69,69,69,4,1,4,4,4
11,60,1.3419e-05,1,1.3419e-05,1.3419e-05,1.3419e-05,78,1,78,78,78,5,1,5,5,5
11,60,1.3003e-05,1,1.3003e-05,1.3003e-05,1.3003e-05,72,1,72,72,72,5,1,5,5,5
11,60,1.313e-05,1,1.313e-05,1.313e-05,1.313e-05,74,1,74,74,74,5,1,5,5,5
11,60,1.2954e-05,1,1.2954e-05,1.2954e-05,1.2954e-05,72,1,72,72,72,4,1,4,4,4
11,60,1.2771e-05,1,1.2771e-05,1.2771e-05,1.2771e-05,72,1,72,72,72,4,1,4,4,4
11,60,1.3792e-05,1,1.3792e-05,1.3792e-05,1.3792e-05,75,1,75,75,75,5,1,5,5,5
11,60,1.3451e-05,1,1.3451e-05,1.3451e-05,1.3451e-05,76,1,76,76,76,5,1,5,5,5
11,60,1.3439e-05,1,1.3439e-05,1.3439e-05,1.3439e-05,79,1,79,79,79,5,1,5,5,5
11,60,1.3646e-05,1,1.3646e-05,1.3646e-05,1.3646e-05,81,1,81,81,81,5,1,5,5,5
11,60,1.3383e-05,1,1.3383e-05,1.3383e-05,1.3383e-05,75,1,75,75,75,5,1,5,5,5
11,60,1.3821e-05,1,1.3821e-05,1.3821e-05,1.3821e-05,75,1,75,75,75,5,1,5,5,5
11,60,1.3082e-05,1,1.3082e-05,1.3082e-05,1.3082e-05,80,1,80,80,80,6,1,6,6,6
11,60,1.3175e-05,1,1.3175e-05,1.3175e-05,1.3175e-05,68,1,68,68,68,4,1,4,4,4
11,60,1.3509e-05,1,1.3509e-05,1.3509e-05,1.3509e-05,74,1,74,74,74,5,1,5,5,5
11,60,1.3345e-05,1,1.3345e-05,1.3345e-05,1.3345e-05,72,1,72,72,72,4,1,4,4,4
11,60,1.3445e-05,1,1.3445e-05,1.3445e-05,1.3445e-05,76,1,76,76,76,5,1,5,5,5
11,60,1.2889e-05,1,1.2889e-05,1.2889e-05,1.2889e-05,73,1,73,73,73,4,1,4,4,4
11,60,1.2987e-05,1,1.2987e-05,1.2987e-05,1.2987e-05,74,1,74,74,74,5,1,5,5,5
11,60,1.3619e-05,1,1.3619e-05,1.3619e-05,1.3619e-05,79,1,79,79,79,5,1,5,5,5
11,60,1.3217e-05,1,1.3217e-05,1.3217e-05,1.3217e-05,73,1,73,73,73,5,1,5,5,5
11,60,1.2931e-05,1,1.2931e-05,1.2931e-05,1.2931e-05,74,1,74,74,74,5,1,5,5,5
11,60,1.2782e-05,1,1.2782e-05,1.2782e-05,1.2782e-05,68,1,68,68,68,4,1,4,4,4
11,60,1.303e-05,1,1.303e-05,1.303e-05,1.303e-05,75,1,75,75,75,5,1,5,5,5
11,60,1.3514e-05,1,1.3514e-05,1.3514e-05,1.3514e-05,80,1,80,80,80,6,1,6,6,6
11,60,1.3127e-05,1,1.3127e-05,1.3127e-05,1.3127e-05,68,1,68,68,68,3,1,3,3,3
11,60,1.3574e-05,1,1.3574e-05,1.3574e-05,1.3574e-05,76,1,76,76,76,5,1,5,5,5
11,60,1.3276e-05,1,1.3276e-05,1.3276e-05,1.3276e-05,78,1,78,78,78,5,1,5,5,5
11,60,1.3667e-05,1,1.3667e-05,1.3667e-05,1.3667e-05,82,1,82,82,82,6,1,6,6,6
11,60,1.3025e-05,1,1.3025e-05,1.3025e-05,1.3025e-05,73,1,73,73,73,4,1,4,4,4
11,60,1.3252e-05,1,1.3252e-05,1.3252e-05,1.3252e-05,72,1,72,72,72,4,1,4,4,4
11,60,1.3338e-05,1,1.3338e-05,1.3338e-05,1.3338e-05,77,1,77,77,77,6,1,6,6,6
11,60,1.3428e-05,1,1.3428e-05,1.3428e-05,1.3428e-05,74,1,74,74,74,5,1,5,5,5
11,60,1.2728e-05,1,1.2728e-05,1.2728e-05,1.2728e-05,73,1,73,73,73,5,1,5,5,5
11,60,1.3259e-05,1,1.3259e-05,1.3259e-05,1.3259e-05,73,1,73,73,73,4,1,4,4,4
11,60,1.3553e-05,1,1.3553e-05,1.3553e-05,1.3553e-05,75,1,75,75,75,5,1,5,5,5
11,60,1.2936e-05,1,1.2936e-05,1.2936e-05,1.2936e-05,73,1,73,73,73,4,1,4,4,4
11,60,1.3977e-05,1,1.3977e-05,1.3977e-05,1.3977e-05,79,1,79,79,79,5,1,5,5,5
11,60,1.2814e-05,1,1.2814e-05,1.2814e-05,1.2814e-05,69,1,69,69,69,4,1,4,4,4
11,60,1.2761e-05,1,1.2761e-05,1.2761e-05,1.2761e-05,78,1,78,78,78,5,1,5,5,5
11,60,1.3286e-05,1,1.3286e-05,1.3286e-05,1.3286e-05,75,1,75,75,75,5,1,5,5,5
11,60,1.2833e-05,1,1.2833e-05,1.2833e-05,1.2833e-05,72,1,72,72,72,4,1,4,4,4
11,60,1.3416e-05,1,1.3416e-05,1.3416e-05,1.3416e-05,78,1,78,78,78,5,1,5,5,5
11,60,1.3045e-05,1,1.3045e-05,1.3045e-05,1.3045e-05,72,1,72,72,72,5,1,5,5,5
11,60,1.3298e-05,1,1.3298e-05,1.3298e-05,1.3298e-05,67,1,67,67,67,4,1,4,4,4
11,60,1.46e-05,1,1.46e-05,1.46e-05,1.46e-05,78,1,78,78,78,5,1,5,5,5
11,60,1.3775e-05,1,1.3775e-05,1.3775e-05,1.3775e-05,74,1,74,74,74,5,1,5,5,5
11,60,1.4136e-05,1,1.4136e-05,1.4136e-05,1.4136e-05,70,1,70,70,70,4,1,4,4,4
11,60,1.3194e-05,1,1.3194e-05,1.3194e-05,1.3194e-05,75,1,75,75,75,5,1,5,5,5
11,60,1.371e-05,1,1.371e-05,1.371e-05,1.371e-05,71,1,71,71,71,4,1,4,4,4
11,60,1.4148e-05,1,1.4148e-05,1.4148e-05,1.4148e-05,75,1,75,75,75,5,1,5,5,5
11,60,1.3918e-05,1,1.3918e-05,1.3918e-05,1.3918e-05,79,1,79,79,79,6,1,6,6,6
11,60,1.3995e-05,1,1.3995e-05,1.3995e-05,1.3995e-05,73,1,73,73,73,4,1,4,4,4
11,60,3.0048e-05,1,3.0048e-05,3.0048e-05,3.0048e-05,75,1,75,75,75,5,1,5,5,5
11,60,1.3359e-05,1,1.3359e-05,1.3359e-05,1.3359e-05,74,1,74,74,74,5,1,5,5,5
11,60,1.3298e-05,1,1.3298e-05,1.3298e-05,1.3298e-05,73,1,73,73,73,4,1,4,4,4
11,60,1.2616e-05,1,1.2616e-05,1.2616e-05,1.2616e-05,72,1,72,72,72,4,1,4,4,4
11,60,1.3488e-05,1,1.3488e-05,1.3488e-05,1.3488e-05,80,1,80,80,80,6,1,6,6,6
11,60,1.4123e-05,1,1.4123e-05,1.4123e-05,1.4123e-05,84,1,84,84,84,6,1,6,6,6
11,60,1.3026e-05,1,1.3026e-05,1.3026e-05,1.3026e-05,70,1,70,70,70,4,1,4,4,4
11,60,1.334e-05,1,1.334e-05,1.334e-05,1.334e-05,80,1,80,80,80,6,1,6,6,6
11,60,1.3348e-05,1,1.3348e-05,1.3348e-05,1.3348e-05,74,1,74,74,74,5,1,5,5,5
11,60,1.2905e-05,1,1.2905e-05,1.2905e-05,1.2905e-05,73,1,73,73,73,5,1,5,5,5
11,60,1.286e-05,1,1.286e-05,1.286e-05,1.286e-05,76,1,76,76,76,5,1,5,5,5
11,60,1.3172e-05,1,1.3172e-05,1.3172e-05,1.3172e-05,70,1,70,70,70,4,1,4,4,4
11,60,1.2605e-05,1,1.2605e-05,1.2605e-05,1.2605e-05,74,1,74,74,74,5,1,5,5,5
11,60,1.3167e-05,1,1.3167e-05,1.3167e-05,1.3167e-05,77,1,77,77,77,5,1,5,5,5
11,60,1.2995e-05,1,1.2995e-05,1.2995e-05,1.2995e-05,71,1,71,71,71,4,1,4,4,4
11,60,1.3434e-05,1,1.3434e-05,1.3434e-05,1.3434e-05,74,1,74,74,74,5,1,5,5,5
11,60,1.345e-05,1,1.345e-05,1.345e-05,1.345e-05,71,1,71,71,71,4,1,4,4,4
11,60,1.3189e-05,1,1.3189e-05,1.3189e-05,1.3189e-05,79,1,79,79,79,5,1,5,5,5
11,60,1.3398e-05,1,1.3398e-05,1.3398e-05,1.3398e-05,76,1,76,76,76,5,1,5,5,5
11,60,1.2567e-05,1,1.2567e-05,1.2567e-05,1.2567e-05,72,1,72,72,72,5,1,5,5,5
11,60,1.33e-05,1,1.33e-05,1.33e-05,1.33e-05,79,1,79,79,79,5,1,5,5,5
11,60,1.2837e-05,1,1.2837e-05,1.2837e-05,1.2837e-05,78,1,78,78,78,5,1,5,5,5
11,60,1.3499e-05,1,1.3499e-05,1.3499e-05,1.3499e-05,76,1,76,76,76,5,1,5,5,5
11,60,1.2381e-05,1,1.2381e-05,1.2381e-05,1.2381e-05,74,1,74,74,74,5,1,5,5,5
11,60,1.3207e-05,1,1.3207e-05,1.3207e-05,1.3207e-05,71,1,71,71,71,4,1,4,4,4
11,60,1.3114e-05,1,1.3114e-05,1.3114e-05,1.3114e-05,76,1,76,76,76,5,1,5,5,5
11,60,1.362e-05,1,1.362e-05,1.362e-05,1.362e-05,78,1,78,78,78,6,1,6,6,6
11,60,1.3985e-05,1,1.3985e-05,1.3985e-05,1.3985e-05,75,1,75,75,75,5,1,5,5,5
11,60,1.3746e-05,1,1.3746e-05,1.3746e-05,1.3746e-05,73,1,73,73,73,4,1,4,4,4
11,60,1.3159e-05,1,1.3159e-05,1.3159e-05,1.3159e-05,76,1,76,76,76,5,1,5,5,5
11,60,1.3378e-05,1,1.3378e-05,1.3378e-05,1.3378e-05,77,1,77,77,77,5,1,5,5,5
11,60,1.319e-05,1,1.319e-05,1.319e-05,1.319e-05,69,1,69,69,69,4,1,4,4,4
11,60,1.3535e-05,1,1.3535e-05,1.3535e-05,1.3535e-05,71,1,71,71,71,4,1,4,4,4
11,60,1.4197e-05,1,1.4197e-05,1.4197e-05,1.4197e-05,70,1,70,70,70,4,1,4,4,4
11,60,1.4171e-05,1,1.4171e-05,1.4171e-05,1.4171e-05,79,1,79,79,79,5,1,5,5,5
11,60,1.3563e-05,1,1.3563e-05,1.3563e-05,1.3563e-05,74,1,74,74,74,4,1,4,4,4
11,60,1.4242e-05,1,1.4242e-05,1.4242e-05,1.4242e-05,79,1,79,79,79,6,1,6,6,6
11,60,1.3352e-05,1,1.3352e-05,1.3352e-05,1.3352e-05,76,1,76,76,76,6,1,6,6,6
11,60,1.3396e-05,1,1.3396e-05,1.3396e-05,1.3396e-05,74,1,74,74,74,5,1,5,5,5
11,60,1.3626e-05,1,1.3626e-05,1.3626e-05,1.3626e-05,76,1,76,76,76,5,1,5,5,5
11,60,1.3761e-05,1,1.3761e-05,1.3761e-05,1.3761e-05,74,1,74,74,74,5,1,5,5,5
11,60,1.276e-05,1,1.276e-05,1.276e-05,1.276e-05,70,1,70,70,70,4,1,4,4,4
11,60,1.2909e-05,1,1.2909e-05,1.2909e-05,1.2909e-05,73,1,73,73,73,4,1,4,4,4
11,60,1.3806e-05,1,1.3806e-05,1.3806e-05,1.3806e-05,76,1,76,76,76,5,1,5,5,5
11,60,1.325e-05,1,1.325e-05,1.325e-05,1.325e-05,72,1,72,72,72,5,1,5,5,5
11,60,1.3118e-05,1,1.3118e-05,1.3118e-05,1.3118e-05,72,1,72,72,72,4,1,4,4,4
11,60,1.3111e-05,1,1.3111e-05,1.3111e-05,1.3111e-05,71,1,71,71,71,4,1,4,4,4
11,60,1.2963e-05,1,1.2963e-05,1.2963e-05,1.2963e-05,77,1,77,77,77,5,1,5,5,5
11,60,1.2963e-05,1,1.2963e-05,1.2963e-05,1.2963e-05,74,1,74,74,74,5,1,5,5,5
11,60,1.2693e-05,1,1.2693e-05,1.2693e-05,1.2693e-05,72,1,72,72,72,4,1,4,4,4
11,60,1.3324e-05,1,1.3324e-05,1.3324e-05,1.3324e-05,73,1,73,73,73,4,1,4,4,4
11,60,1.3512e-05,1,1.3512e-05,1.3512e-05,1.3512e-05,77,1,77,77,77,5,1,5,5,5
11,60,1.3146e-05,1,1.3146e-05,1.3146e-05,1.3146e-05,70,1,70,70,70,4,1,4,4,4
11,60,1.3562e-05,1,1.3562e-05,1.3562e-05,1.3562e-05,76,1,76,76,76,5,1,5,5,5
11,60,1.2902e-05,1,1.2902e-05,1.2902e-05,1.2902e-05,67,1,67,67,67,4,1,4,4,4
11,60,1.2979e-05,1,1.2979e-05,1.2979e-05,1.2979e-05,74,1,74,74,74,5,1,5,5,5
11,60,1.3783e-05,1,1.3783e-05,1.3783e-05,1.3783e-05,73,1,73,73,73,5,1,5,5,5
11,60,1.3115e-05,1,1.3115e-05,1.3115e-05,1.3115e-05,80,1,80,80,80,6,1,6,6,6
11,60,1.3169e-05,1,1.3169e-05,1.3169e-05,1.3169e-05,74,1,74,74,74,4,1,4,4,4
11,60,1.2787e-05,1,1.2787e-05,1.2787e-05,1.2787e-05,76,1,76,76,76,5,1,5,5,5
11,60,1.3887e-05,1,1.3887e-05,1.3887e-05,1.3887e-05,75,1,75,75,75,5,1,5,5,5
11,60,1.3014e-05,1,1.3014e-05,1.3014e-05,1.3014e-05,72,1,72,72,72,5,1,5,5,5
11,60,1.3676e-05,1,1.3676e-05,1.3676e-05,1.3676e-05,74,1,74,74,74,5,1,5,5,5
11,60,1.3043e-05,1,1.3043e-05,1.3043e-05,1.3043e-05,75,1,75,75,75,5,1,5,5,5
11,60,1.301e-05,1,1.301e-05,1.301e-05,1.301e-05,74,1,74,74,74,5,1,5,5,5
11,60,1.2829e-05,1,1.2829e-05,1.2829e-05,1.2829e-05,70,1,70,70,70,4,1,4,4,4
11,60,1.3048e-05,1,1.3048e-05,1.3048e-05,1.3048e-05,75,1,75,75,75,5,1,5,5,5
11,60,1.3005e-05,1,1.3005e-05,1.3005e-05,1.3005e-05,72,1,72,72,72,4,1,4,4,4
11,60,1.3077e-05,1,1.3077e-05,1.3077e-05,1.3077e-05,72,1,72,72,72,4,1,4,4,4
11,60,1.3147e-05,1,1.3147e-05,1.3147e-05,1.3147e-05,73,1,73,73,73,4,1,4,4,4
11,60,1.3818e-05,1,1.3818e-05,1.3818e-05,1.3818e-05,79,1,79,79,79,5,1,5,5,5
11,60,1.3664e-05,1,1.3664e-05,1.3664e-05,1.3664e-05,76,1,76,76,76,5,1,5,5,5
11,60,1.3434e-05,1,1.3434e-05,1.3434e-05,1.3434e-05,81,1,81,81,81,5,1,5,5,5
11,60,1.3071e-05,1,1.3071e-05,1.3071e-05,1.3071e-05,73,1,73,73,73,5,1,5,5,5
11,60,1.3071e-05,1,1.3071e-05,1.3071e-05,1.3071e-05,78,1,78,78,78,5,1,5,5,5
11,60,1.3432e-05,1,1.3432e-05,1.3432e-05,1.3432e-05,80,1,80,80,80,6,1,6,6,6
11,60,1.3437e-05,1,1.3437e-05,1.3437e-05,1.3437e-05,73,1,73,73,73,4,1,4,4,4
11,60,1.2805e-05,1,1.2805e-05,1.2805e-05,1.2805e-05,69,1,69,69,69,4,1,4,4,4
11,60,1.3285e-05,1,1.3285e-05,1.3285e-05,1.3285e-05,76,1,76,76,76,5,1,5,5,5
11,60,1.3362e-05,1,1.3362e-05,1.3362e-05,1.3362e-05,74,1,74,74,74,5,1,5,5,5
11,60,1.3682e-05,1,1.3682e-05,1.3682e-05,1.3682e-05,82,1,82,82,82,5,1,5,5,5
11,60,1.3777e-05,1,1.3777e-05,1.3777e-05,1.3777e-05,74,1,74,74,74,4,1,4,4,4
11,60,1.3552e-05,1,1.3552e-05,1.3552e-05,1.3552e-05,77,1,77,77,77,5,1,5,5,5
11,60,1.3223e-05,1,1.3223e-05,1.3223e-05,1.3223e-05,73,1,73,73,73,5,1,5,5,5
11,60,1.3575e-05,1,1.3575e-05,1.3575e-05,1.3575e-05,75,1,75,75,75,5,1,5,5,5
11,60,1.2854e-05,1,1.2854e-05,1.2854e-05,1.2854e-05,75,1,75,75,75,5,1,5,5,5
11,60,1.2827e-05,1,1.2827e-05,1.2827e-05,1.2827e-05,72,1,72,72,72,4,1,4,4,4
11,60,1.3016e-05,1,1.3016e-05,1.3016e-05,1.3016e-05,73,1,73,73,73,4,1,4,4,4
11,60,1.333e-05,1,1.333e-05,1.333e-05,1.333e-05,72,1,72,72,72,4,1,4,4,4
11,60,1.3071e-05,1,1.3071e-05,1.3071e-05,1.3071e-05,76,1,76,76,76,6,1,6,6,6
11,60,1.3529e-05,1,1.3529e-05,1.3529e-05,1.3529e-05,78,1,78,78,78,5,1,5,5,5
11,60,1.3357e-05,1,1.3357e-05,1.3357e-05,1.3357e-05,76,1,76,76,76,5,1,5,5,5
11,60,1.3373e-05,1,1.3373e-05,1.3373e-05,1.3373e-05,78,1,78,78,78,5,1,5,5,5
11,60,1.2531e-05,1,1.2531e-05,1.2531e-05,1.2531e-05,72,1,72,72,72,5,1,5,5,5
11,60,1.3277e-05,1,1.3277e-05,1.3277e-05,1.3277e-05,80,1,80,80,80,6,1,6,6,6
11,60,1.336e-05,1,1.336e-05,1.336e-05,1.336e-05,76,1,76,76,76,5,1,5,5,5
11,60,1.3299e-05,1,1.3299e-05,1.3299e-05,1.3299e-05,70,1,70,70,70,4,1,4,4,4
11,60,1.3236e-05,1,1.3236e-05,1.3236e-05,1.3236e-05,72,1,72,72,72,5,1,5,5,5
11,60,1.3089e-05,1,1.3089e-05,1.3089e-05,1.3089e-05,76,1,76,76,76,5,1,5,5,5
11,60,1.3321e-05,1,1.3321e-05,1.3321e-05,1.3321e-05,80,1,80,80,80,6,1,6,6,6
11,60,1.3207e-05,1,1.3207e-05,1.3207e-05,1.3207e-05,69,1,69,69,69,4,1,4,4,4
11,60,1.3516e-05,1,1.3516e-05,1.3516e-05,1.3516e-05,79,1,79,79,79,5,1,5,5,5
11,60,1.3285e-05,1,1.3285e-05,1.3285e-05,1.3285e-05,77,1,77,77,77,6,1,6,6,6
11,60,1.3174e-05,1,1.3174e-05,1.3174e-05,1.3174e-05,79,1,79,79,79,5,1,5,5,5
11,60,1.3275e-05,1,1.3275e-05,1.3275e-05,1.3275e-05,78,1,78,78,78,6,1,6,6,6
11,60,1.2676e-05,1,1.2676e-05,1.2676e-05,1.2676e-05,72,1,72,72,72,5,1,5,5,5
11,60,1.3892e-05,1,1.3892e-05,1.3892e-05,1.3892e-05,76,1,76,76,76,5,1,5,5,5
11,60,1.3191e-05,1,1.3191e-05,1.3191e-05,1.3191e-05,71,1,71,71,71,4,1,4,4,4
11,60,1.3102e-05,1,1.3102e-05,1.3102e-05,1.3102e-05,72,1,72,72,72,4,1,4,4,4
11,60,1.3391e-05,1,1.3391e-05,1.3391e-05,1.3391e-05,72,1,72,72,72,5,1,5,5,5
11,60,1.3195e-05,1,1.3195e-05,1.3195e-05,1.3195e-05,77,1,77,77,77,5,1,5,5,5
11,60,1.3365e-05,1,1.3365e-05,1.3365e-05,1.3365e-05,72,1,72,72,72,4,1,4,4,4
11,60,1.3392e-05,1,1.3392e-05,1.3392e-05,1.3392e-05,80,1,80,80,80,6,1,6,6,6
11,60,1.3514e-05,1,1.3514e-05,1.3514e-05,1.3514e-05,73,1,73,73,73,4,1,4,4,4
11,60,1.3374e-05,1,1.3374e-05,1.3374e-05,1.3374e-05,76,1,76,76,76,5,1,5,5,5
11,60,1.2804e-05,1,1.2804e-05,1.2804e-05,1.2804e-05,74,1,74,74,74,5,1,5,5,5
11,60,1.2982e-05,1,1.2982e-05,1.2982e-05,1.2982e-05,71,1,71,71,71,4,1,4,4,4
11,60,1.3089e-05,1,1.3089e-05,1.3089e-05,1.3089e-05,69,1,69,69,69,4,1,4,4,4
11,60,1.2839e-05,1,1.2839e-05,1.2839e-05,1.2839e-05,76,1,76,76,76,5,1,5,5,5
11,60,1.2982e-05,1,1.2982e-05,1.2982e-05,1.2982e-05,73,1,73,73,73,4,1,4,4,4
11,60,1.3699e-05,1,1.3699e-05,1.3699e-05,1.3699e-05,79,1,79,79,79,5,1,5,5,5
11,60,1.364e-05,1,1.364e-05,1.364e-05,1.364e-05,74,1,74,74,74,5,1,5,5,5
11,60,1.4028e-05,1,1.4028e-05,1.4028e-05,1.4028e-05,79,1,79,79,79,6,1,6,6,6
11,60,1.6619e-05,1,1.6619e-05,1.6619e-05,1.6619e-05,78,1,78,78,78,6,1,6,6,6
11,60,1.3447e-05,1,1.3447e-05,1.3447e-05,1.3447e-05,83,1,83,83,83,6,1,6,6,6
11,60,1.3321e-05,1,1.3321e-05,1.3321e-05,1.3321e-05,73,1,73,73,73,4,1,4,4,4
11,60,1.278e-05,1,1.278e-05,1.278e-05,1.278e-05,73,1,73,73,73,4,1,4,4,4
11,60,1.3149e-05,1,1.3149e-05,1.3149e-05,1.3149e-05,71,1,71,71,71,4,1,4,4,4
11,60,1.3261e-05,1,1.3261e-05,1.3261e-05,1.3261e-05,74,1,74,74,74,5,1,5,5,5
11,60,1.3355e-05,1,1.3355e-05,1.3355e-05,1.3355e-05,72,1,72,72,72,4,1,4,4,4
11,60,1.3448e-05,1,1.3448e-05,1.3448e-05,1.3448e-05,70,1,70,70,70,4,1,4,4,4
11,60,1.2942e-05,1,1.2942e-05,1.2942e-05,1.2942e-05,75,1,75,75,75,5,1,5,5,5
11,60,1.373e-05,1,1.373e-05,1.373e-05,1.373e-05,71,1,71,71,71,4,1,4,4,4
11,60,1.2642e-05,1,1.2642e-05,1.2642e-05,1.2642e-05,76,1,76,76,76,5,1,5,5,5
11,60,1.3218e-05,1,1.3218e-05,1.3218e-05,1.3218e-05,75,1,75,75,75,5,1,5,5,5
11,60,1.3303e-05,1,1.3303e-05,1.3303e-05,1.3303e-05,73,1,73,73,73,4,1,4,4,4
11,60,1.3463e-05,1,1.3463e-05,1.3463e-05,1.3463e-05,76,1,76,76,76,5,1,5,5,5
11,60,1.412e-05,1,1.412e-05,1.412e-05,1.412e-05,73,1,73,73,73,4,1,4,4,4
11,60,1.3647e-05,1,1.3647e-05,1.3647e-05,1.3647e-05,72,1,72,72,72,5,1,5,5,5
11,60,1.4125e-05,1,1.4125e-05,1.4125e-05,1.4125e-05,80,1,80,80,80,6,1,6,6,6
11,60,1.4228e-05,1,1.4228e-05,1.4228e-05,1.4228e-05,72,1,72,72,72,4,1,4,4,4
11,60,1.3679e-05,1,1.3679e-05,1.3679e-05,1.3679e-05,78,1,78,78,78,5,1,5,5,5
11,60,1.4725e-05,1,1.4725e-05,1.4725e-05,1.4725e-05,77,1,77,77,77,5,1,5,5,5
11,60,1.2971e-05,1,1.2971e-05,1.2971e-05,1.2971e-05,76,1,76,76,76,5,1,5,5,5
11,60,1.3789e-05,1,1.3789e-05,1.3789e-05,1.3789e-05,82,1,82,82,82,6,1,6,6,6
11,60,1.405e-05,1,1.405e-05,1.405e-05,1.405e-05,81,1,81,81,81,6,1,6,6,6
11,60,1.3235e-05,1,1.3235e-05,1.3235e-05,1.3235e-05,85,1,85,85,85,6,1,6,6,6
11,60,1.2825e-05,1,1.2825e-05,1.2825e-05,1.2825e-05,73,1,73,73,73,5,1,5,5,5
11,60,1.3102e-05,1,1.3102e-05,1.3102e-05,1.3102e-05,75,1,75,75,75,5,1,5,5,5
11,60,1.3831e-05,1,1.3831e-05,1.3831e-05,1.3831e-05,75,1,75,75,75,5,1,5,5,5
11,60,1.3192e-05,1,1.3192e-05,1.3192e-05,1.3192e-05,77,1,77,77,77,5,1,5,5,5
11,60,1.3334e-05,1,1.3334e-05,1.3334e-05,1.3334e-05,75,1,75,75,75,5,1,5,5,5
11,60,1.3209e-05,1,1.3209e-05,1.3209e-05,1.3209e-05,78,1,78,78,78,5,1,5,5,5
11,60,1.2977e-05,1,1.2977e-05,1.2977e-05,1.2977e-05,72,1,72,72,72,5,1,5,5,5
11,60,1.3068e-05,1,1.3068e-05,1.3068e-05,1.3068e-05,73,1,73,73,73,5,1,5,5,5
11,60,1.3599e-05,1,1.3599e-05,1.3599e-05,1.3599e-05,75,1,75,75,75,4,1,4,4,4
11,60,1.3807e-05,1,1.3807e-05,1.3807e-05,1.3807e-05,76,1,76,76,76,5,1,5,5,5
11,60,1.3013e-05,1,1.3013e-05,1.3013e-05,1.3013e-05,70,1,70,70,70,4,1,4,4,4
11,60,1.2971e-05,1,1.2971e-05,1.2971e-05,1.2971e-05,77,1,77,77,77,5,1,5,5,5
11,60,1.413e-05,1,1.413e-05,1.413e-05,1.413e-05,84,1,84,84,84,7,1,7,7,7
11,60,1.2985e-05,1,1.2985e-05,1.2985e-05,1.2985e-05,77,1,77,77,77,5,1,5,5,5
11,60,1.2881e-05,1,1.2881e-05,1.2881e-05,1.2881e-05,73,1,73,73,73,4,1,4,4,4
11,60,1.252e-05,1,1.252e-05,1.252e-05,1.252e-05,66,1,66,66,66,3,1,3,3,3
11,60,1.3452e-05,1,1.3452e-05,1.3452e-05,1.3452e-05,70,1,70,70,70,4,1,4,4,4
11,60,1.2942e-05,1,1.2942e-05,1.2942e-05,1.2942e-05,75,1,75,75,75,5,1,5,5,5
11,60,1.2728e-05,1,1.2728e-05,1.2728e-05,1.2728e-05,76,1,76,76,76,5,1,5,5,5
11,60,1.3117e-05,1,1.3117e-05,1.3117e-05,1.3117e-05,67,1,67,67,67,4,1,4,4,4
11,60,1.3339e-05,1,1.3339e-05,1.3339e-05,1.3339e-05,70,1,70,70,70,4,1,4,4,4
11,60,1.3344e-05,1,1.3344e-05,1.3344e-05,1.3344e-05,77,1,77,77,77,6,1,6,6,6
11,60,1.3546e-05,1,1.3546e-05,1.3546e-05,1.3546e-05,71,1,71,71,71,4,1,4,4,4
11,60,1.3446e-05,1,1.3446e-05,1.3446e-05,1.3446e-05,75,1,75,75,75,5,1,5,5,5
11,60,1.323e-05,1,1.323e-05,1.323e-05,1.323e-05,76,1,76,76,76,5,1,5,5,5
11,60,1.3252e-05,1,1.3252e-05,1.3252e-05,1.3252e-05,71,1,71,71,71,4,1,4,4,4
11,60,1.3195e-05,1,1.3195e-05,1.3195e-05,1.3195e-05,75,1,75,75,75,5,1,5,5,5
11,60,1.33e-05,1,1.33e-05,1.33e-05,1.33e-05,75,1,75,75,75,6,1,6,6,6
11,60,1.3192e-05,1,1.3192e-05,1.3192e-05,1.3192e-05,78,1,78,78,78,5,1,5,5,5
11,60,1.2982e-05,1,1.2982e-05,1.2982e-05,1.2982e-05,75,1,75,75,75,5,1,5,5,5
11,60,1.3844e-05,1,1.3844e-05,1.3844e-05,1.3844e-05,76,1,76,76,76,5,1,5,5,5
11,60,1.3218e-05,1,1.3218e-05,1.3218e-05,1.3218e-05,70,1,70,70,70,4,1,4,4,4
11,60,1.3544e-05,1,1.3544e-05,1.3544e-05,1.3544e-05,75,1,75,75,75,5,1,5,5,5
11,60,1.3834e-05,1,1.3834e-05,1.3834e-05,1.3834e-05,81,1,81,81,81,6,1,6,6,6
11,60,1.3321e-05,1,1.3321e-05,1.3321e-05,1.3321e-05,73,1,73,73,73,5,1,5,5,5
11,60,1.322e-05,1,1.322e-05,1.322e-05,1.322e-05,75,1,75,75,75,5,1,5,5,5
11,60,1.2691e-05,1,1.2691e-05,1.2691e-05,1.2691e-05,68,1,68,68,68,4,1,4,4,4
11,60,1.3022e-05,1,1.3022e-05,1.3022e-05,1.3022e-05,81,1,81,81,81,6,1,6,6,6
11,60,1.3365e-05,1,1.3365e-05,1.3365e-05,1.3365e-05,72,1,72,72,72,4,1,4,4,4
11,60,1.3233e-05,1,1.3233e-05,1.3233e-05,1.3233e-05,83,1,83,83,83,5,1,5,5,5
11,60,1.3081e-05,1,1.3081e-05,1.3081e-05,1.3081e-05,72,1,72,72,72,4,1,4,4,4
11,60,1.3214e-05,1,1.3214e-05,1.3214e-05,1.3214e-05,73,1,73,73,73,5,1,5,5,5
11,60,1.2924e-05,1,1.2924e-05,1.2924e-05,1.2924e-05,75,1,75,75,75,5,1,5,5,5
11,60,1.3198e-05,1,1.3198e-05,1.3198e-05,1.3198e-05,75,1,75,75,75,5,1,5,5,5
11,60,1.3664e-05,1,1.3664e-05,1.3664e-05,1.3664e-05,73,1,73,73,73,5,1,5,5,5
11,60,1.2868e-05,1,1.2868e-05,1.2868e-05,1.2868e-05,72,1,72,72,72,5,1,5,5,5
11,60,1.2963e-05,1,1.2963e-05,1.2963e-05,1.2963e-05,71,1,71,71,71,4,1,4,4,4
11,60,1.3166e-05,1,1.3166e-05,1.3166e-05,1.3166e-05,75,1,75,75,75,4,1,4,4,4
11,60,1.3475e-05,1,1.3475e-05,1.3475e-05,1.3475e-05,81,1,81,81,81,6,1,6,6,6
11,60,1.3587e-05,1,1.3587e-05,1.3587e-05,1.3587e-05,74,1,74,74,74,4,1,4,4,4
11,60,1.4139e-05,1,1.4139e-05,1.4139e-05,1.4139e-05,81,1,81,81,81,6,1,6,6,6
11,60,1.3668e-05,1,1.3668e-05,1.3668e-05,1.3668e-05,75,1,75,75,75,5,1,5,5,5
11,60,1.357e-05,1,1.357e-05,1.357e-05,1.357e-05,74,1,74,74,74,5,1,5,5,5
11,60,1.3218e-05,1,1.3218e-05,1.3218e-05,1.3218e-05,70,1,70,70,70,4,1,4,4,4
11,60,1.324e-05,1,1.324e-05,1.324e-05,1.324e-05,77,1,77,77,77,6,1,6,6,6
11,60,1.3441e-05,1,1.3441e-05,1.3441e-05,1.3441e-05,74,1,74,74,74,5,1,5,5,5
11,60,1.3222e-05,1,1.3222e-05,1.3222e-05,1.3222e-05,74,1,74,74,74,5,1,5,5,5
11,60,1.3543e-05,1,1.3543e-05,1.3543e-05,1.3543e-05,76,1,76,76,76,5,1,5,5,5
11,60,1.3527e-05,1,1.3527e-05,1.3527e-05,1.3527e-05,78,1,78,78,78,5,1,5,5,5
11,60,1.3907e-05,1,1.3907e-05,1.3907e-05,1.3907e-05,75,1,75,75,75,5,1,5,5,5
11,60,1.3271e-05,1,1.3271e-05,1.3271e-05,1.3271e-05,74,1,74,74,74,5,1,5,5,5
11,60,1.3379e-05,1,1.3379e-05,1.3379e-05,1.3379e-05,73,1,73,73,73,5,1,5,5,5
11,60,1.3568e-05,1,1.3568e-05,1.3568e-05,1.3568e-05,81,1,81,81,81,5,1,5,5,5
11,60,1.3183e-05,1,1.3183e-05,1.3183e-05,1.3183e-05,75,1,75,75,75,5,1,5,5,5
11,60,1.2864e-05,1,1.2864e-05,1.2864e-05,1.2864e-05,73,1,73,73,73,4,1,4,4,4
11,60,1.3497e-05,1,1.3497e-05,1.3497e-05,1.3497e-05,72,1,72,72,72,4,1,4,4,4
11,60,1.287e-05,1,1.287e-05,1.287e-05,1.287e-05,75,1,75,75,75,5,1,5,5,5
11,60,1.4342e-05,1,1.4342e-05,1.4342e-05,1.4342e-05,86,1,86,86,86,6,1,6,6,6
11,60,1.3119e-05,1,1.3119e-05,1.3119e-05,1.3119e-05,82,1,82,82,82,6,1,6,6,6
11,60,1.3673e-05,1,1.3673e-05,1.3673e-05,1.3673e-05,76,1,76,76,76,6,1,6,6,6
11,60,1.3335e-05,1,1.3335e-05,1.3335e-05,1.3335e-05,75,1,75,75,75,5,1,5,5,5
11,60,1.3536e-05,1,1.3536e-05,1.3536e-05,1.3536e-05,73,1,73,73,73,5,1,5,5,5
11,60,1.3268e-05,1,1.3268e-05,1.3268e-05,1.3268e-05,72,1,72,72,72,4,1,4,4,4
11,60,1.2973e-05,1,1.2973e-05,1.2973e-05,1.2973e-05,79,1,79,79,79,6,1,6,6,6
11,60,1.3089e-05,1,1.3089e-05,1.3089e-05,1.3089e-05,72,1,72,72,72,5,1,5,5,5
11,60,1.3091e-05,1,1.3091e-05,1.3091e-05,1.3091e-05,69,1,69,69,69,4,1,4,4,4
11,60,1.3567e-05,1,1.3567e-05,1.3567e-05,1.3567e-05,75,1,75,75,75,4,1,4,4,4
11,60,1.3034e-05,1,1.3034e-05,1.3034e-05,1.3034e-05,77,1,77,77,77,5,1,5,5,5
11,60,1.3188e-05,1,1.3188e-05,1.3188e-05,1.3188e-05,77,1,77,77,77,5,1,5,5,5
11,60,1.261e-05,1,1.261e-05,1.261e-05,1.261e-05,76,1,76,76,76,5,1,5,5,5
11,60,1.3299e-05,1,1.3299e-05,1.3299e-05,1.3299e-05,76,1,76,76,76,5,1,5,5,5
11,60,1.314e-05,1,1.314e-05,1.314e-05,1.314e-05,74,1,74,74,74,5,1,5,5,5
11,60,1.2596e-05,1,1.2596e-05,1.2596e-05,1.2596e-05,74,1,74,74,74,5,1,5,5,5
11,60,1.3069e-05,1,1.3069e-05,1.3069e-05,1.3069e-05,70,1,70,70,70,4,1,4,4,4
11,60,1.3058e-05,1,1.3058e-05,1.3058e-05,1.3058e-05,78,1,78,78,78,5,1,5,5,5
11,60,1.375e-05,1,1.375e-05,1.375e-05,1.375e-05,78,1,78,78,78,5,1,5,5,5
11,60,1.3301e-05,1,1.3301e-05,1.3301e-05,1.3301e-05,69,1,69,69,69,4,1,4,4,4
11,60,1.3204e-05,1,1.3204e-05,1.3204e-05,1.3204e-05,75,1,75,75,75,4,1,4,4,4
11,60,1.3271e-05,1,1.3271e-05,1.3271e-05,1.3271e-05,70,1,70,70,70,4,1,4,4,4
11,60,1.3066e-05,1,1.3066e-05,1.3066e-05,1.3066e-05,78,1,78,78,78,6,1,6,6,6
11,60,3.0863e-05,1,3.0863e-05,3.0863e-05,3.0863e-05,75,1,75,75,75,5,1,5,5,5
11,60,1.3743e-05,1,1.3743e-05,1.3743e-05,1.3743e-05,80,1,80,80,80,6,1,6,6,6
11,60,1.4005e-05,1,1.4005e-05,1.4005e-05,1.4005e-05,70,1,70,70,70,4,1,4,4,4
11,60,1.3903e-05,1,1.3903e-05,1.3903e-05,1.3903e-05,78,1,78,78,78,5,1,5,5,5
11,60,1.4293e-05,1,1.4293e-05,1.4293e-05,1.4293e-05,74,1,74,74,74,5,1,5,5,5
11,60,1.3646e-05,1,1.3646e-05,1.3646e-05,1.3646e-05,76,1,76,76,76,5,1,5,5,5
11,60,1.4092e-05,1,1.4092e-05,1.4092e-05,1.4092e-05,78,1,78,78,78,5,1,5,5,5
11,60,1.4524e-05,1,1.4524e-05,1.4524e-05,1.4524e-05,80,1,80,80,80,6,1,6,6,6
11,60,1.3107e-05,1,1.3107e-05,1.3107e-05,1.3107e-05,77,1,77,77,77,6,1,6,6,6
11,60,1.3507e-05,1,1.3507e-05,1.3507e-05,1.3507e-05,73,1,73,73,73,5,1,5,5,5
11,60,1.3361e-05,1,1.3361e-05,1.3361e-05,1.3361e-05,80,1,80,80,80,6,1,6,6,6
11,60,1.2763e-05,1,1.2763e-05,1.2763e-05,1.2763e-05,75,1,75,75,75,5,1,5,5,5
11,60,1.3028e-05,1,1.3028e-05,1.3028e-05,1.3028e-05,76,1,76,76,76,5,1,5,5,5
11,60,1.3922e-05,1,1.3922e-05,1.3922e-05,1.3922e-05,79,1,79,79,79,5,1,5,5,5
11,60,1.3335e-05,1,1.3335e-05,1.3335e-05,1.3335e-05,81,1,81,81,81,5,1,5,5,5
11,60,1.347e-05,1,1.347e-05,1.347e-05,1.347e-05,77,1,77,77,77,5,1,5,5,5
11,60,1.3117e-05,1,1.3117e-05,1.3117e-05,1.3117e-05,78,1,78,78,78,5,1,5,5,5
11,60,1.3246e-05,1,1.3246e-05,1.3246e-05,1.3246e-05,72,1,72,72,72,5,1,5,5,5
11,60,1.2959e-05,1,1.2959e-05,1.2959e-05,1.2959e-05,75,1,75,75,75,5,1,5,5,5
11,60,1.2743e-05,1,1.2743e-05,1.2743e-05,1.2743e-05,76,1,76,76,76,5,1,5,5,5
11,60,1.2884e-05,1,1.2884e-05,1.2884e-05,1.2884e-05,71,1,71,71,71,4,1,4,4,4
11,60,1.3375e-05,1,1.3375e-05,1.3375e-05,1.3375e-05,73,1,73,73,73,4,1,4,4,4
11,60,1.3691e-05,1,1.3691e-05,1.3691e-05,1.3691e-05,80,1,80,80,80,6,1,6,6,6
11,60,1.3055e-05,1,1.3055e-05,1.3055e-05,1.3055e-05,78,1,78,78,78,6,1,6,6,6
11,60,1.3542e-05,1,1.3542e-05,1.3542e-05,1.3542e-05,77,1,77,77,77,5,1,5,5,5
11,60,1.3301e-05,1,1.3301e-05,1.3301e-05,1.3301e-05,76,1,76,76,76,5,1,5,5,5
11,60,1.3273e-05,1,1.3273e-05,1.3273e-05,1.3273e-05,74,1,74,74,74,5,1,5,5,5
11,60,1.3159e-05,1,1.3159e-05,1.3159e-05,1.3159e-05,75,1,75,75,75,4,1,4,4,4
11,60,1.3523e-05,1,1.3523e-05,1.3523e-05,1.3523e-05,76,1,76,76,76,5,1,5,5,5
11,60,1.3071e-05,1,1.3071e-05,1.3071e-05,1.3071e-05,79,1,79,79,79,5,1,5,5,5
11,60,1.3391e-05,1,1.3391e-05,1.3391e-05,1.3391e-05,74,1,74,74,74,4,1,4,4,4
11,60,1.3265e-05,1,1.3265e-05,1.3265e-05,1.3265e-05,71,1,71,71,71,4,1,4,4,4
11,60,1.326e-05,1,1.326e-05,1.326e-05,1.326e-05,80,1,80,80,80,5,1,5,5,5
11,60,1.3235e-05,1,1.3235e-05,1.3235e-05,1.3235e-05,73,1,73,73,73,5,1,5,5,5
11,60,1.3595e-05,1,1.3595e-05,1.3595e-05,1.3595e-05,73,1,73,73,73,4,1,4,4,4
11,60,1.295e-05,1,1.295e-05,1.295e-05,1.295e-05,74,1,74,74,74,4,1,4,4,4
11,60,1.2937e-05,1,1.2937e-05,1.2937e-05,1.2937e-05,67,1,67,67,67,3,1,3,3,3
11,60,1.341e-05,1,1.341e-05,1.341e-05,1.341e-05,78,1,78,78,78,5,1,5,5,5
11,60,1.3012e-05,1,1.3012e-05,1.3012e-05,1.3012e-05,74,1,74,74,74,5,1,5,5,5
11,60,1.3504e-05,1,1.3504e-05,1.3504e-05,1.3504e-05,72,1,72,72,72,4,1,4,4,4
11,60,1.3491e-05,1,1.3491e-05,1.3491e-05,1.3491e-05,75,1,75,75,75,5,1,5,5,5
11,60,1.3372e-05,1,1.3372e-05,1.3372e-05,1.3372e-05,78,1,78,78,78,5,1,5,5,5
11,60,1.3346e-05,1,1.3346e-05,1.3346e-05,1.3346e-05,71,1,71,71,71,4,1,4,4,4
11,60,1.3443e-05,1,1.3443e-05,1.3443e-05,1.3443e-05,77,1,77,77,77,6,1,6,6,6
11,60,1.3264e-05,1,1.3264e-05,1.3264e-05,1.3264e-05,70,1,70,70,70,4,1,4,4,4
11,60,1.3242e-05,1,1.3242e-05,1.3242e-05,1.3242e-05,78,1,78,78,78,5,1,5,5,5
11,60,1.3106e-05,1,1.3106e-05,1.3106e-05,1.3106e-05,78,1,78,78,78,5,1,5,5,5
11,60,1.2998e-05,1,1.2998e-05,1.2998e-05,1.2998e-05,75,1,75,75,75,5,1,5,5,5
11,60,1.6565e-05,1,1.6565e-05,1.6565e-05,1.6565e-05,77,1,77,77,77,5,1,5,5,5
11,60,1.4032e-05,1,1.4032e-05,1.4032e-05,1.4032e-05,72,1,72,72,72,4,1,4,4,4
11,60,1.3069e-05,1,1.3069e-05,1.3069e-05,1.3069e-05,73,1,73,73,73,4,1,4,4,4
11,60,1.3163e-05,1,1.3163e-05,1.3163e-05,1.3163e-05,73,1,73,73,73,5,1,5,5,5
11,60,1.3243e-05,1,1.3243e-05,1.3243e-05,1.3243e-05,79,1,79,79,79,5,1,5,5,5
11,60,1.3862e-05,1,1.3862e-05,1.3862e-05,1.3862e-05,77,1,77,77,77,6,1,6,6,6
11,60,1.3059e-05,1,1.3059e-05,1.3059e-05,1.3059e-05,75,1,75,75,75,5,1,5,5,5
11,60,1.279e-05,1,1.279e-05,1.279e-05,1.279e-05,77,1,77,77,77,5,1,5,5,5
11,60,1.2698e-05,1,1.2698e-05,1.2698e-05,1.2698e-05,70,1,70,70,70,4,1,4,4,4
11,60,1.3429e-05,1,1.3429e-05,1.3429e-05,1.3429e-05,73,1,73,73,73,5,1,5,5,5
11,60,1.24e-05,1,1.24e-05,1.24e-05,1.24e-05,76,1,76,76,76,5,1,5,5,5
11,60,1.2927e-05,1,1.2927e-05,1.2927e-05,1.2927e-05,83,1,83,83,83,6,1,6,6,6
11,60,1.3633e-05,1,1.3633e-05,1.3633e-05,1.3633e-05,72,1,72,72,72,5,1,5,5,5
11,60,1.3513e-05,1,1.3513e-05,1.3513e-05,1.3513e-05,76,1,76,76,76,5,1,5,5,5
11,60,1.3904e-05,1,1.3904e-05,1.3904e-05,1.3904e-05,79,1,79,79,79,6,1,6,6,6
11,60,1.3418e-05,1,1.3418e-05,1.3418e-05,1.3418e-05,78,1,78,78,78,5,1,5,5,5
11,60,1.4061e-05,1,1.4061e-05,1.4061e-05,1.4061e-05,88,1,88,88,88,6,1,6,6,6
11,60,1.3716e-05,1,1.3716e-05,1.3716e-05,1.3716e-05,74,1,74,74,74,5,1,5,5,5
11,60,1.3053e-05,1,1.3053e-05,1.3053e-05,1.3053e-05,71,1,71,71,71,5,1,5,5,5
11,60,1.2915e-05,1,1.2915e-05,1.2915e-05,1.2915e-05,76,1,76,76,76,5,1,5,5,5
11,60,1.3465e-05,1,1.3465e-05,1.3465e-05,1.3465e-05,74,1,74,74,74,5,1,5,5,5
11,60,1.3086e-05,1,1.3086e-05,1.3086e-05,1.3086e-05,69,1,69,69,69,4,1,4,4,4
11,60,1.3198e-05,1,1.3198e-05,1.3198e-05,1.3198e-05,73,1,73,73,73,5,1,5,5,5
11,60,1.3324e-05,1,1.3324e-05,1.3324e-05,1.3324e-05,78,1,78,78,78,5,1,5,5,5
11,60,1.3365e-05,1,1.3365e-05,1.3365e-05,1.3365e-05,78,1,78,78,78,5,1,5,5,5
11,60,1.3786e-05,1,1.3786e-05,1.3786e-05,1.3786e-05,74,1,74,74,74,5,1,5,5,5
11,60,1.3292e-05,1,1.3292e-05,1.3292e-05,1.3292e-05,74,1,74,74,74,5,1,5,5,5
11,60,1.3482e-05,1,1.3482e-05,1.3482e-05,1.3482e-05,77,1,77,77,77,5,1,5,5,5
11,60,1.3343e-05,1,1.3343e-05,1.3343e-05,1.3343e-05,79,1,79,79,79,6,1,6,6,6
11,60,1.3667e-05,1,1.3667e-05,1.3667e-05,1.3667e-05,72,1,72,72,72,4,1,4,4,4
11,60,1.3285e-05,1,1.3285e-05,1.3285e-05,1.3285e-05,73,1,73,73,73,5,1,5,5,5
11,60,1.3467e-05,1,1.3467e-05,1.3467e-05,1.3467e-05,78,1,78,78,78,5,1,5,5,5
11,60,1.3049e-05,1,1.3049e-05,1.3049e-05,1.3049e-05,76,1,76,76,76,5,1,5,5,5
11,60,1.2578e-05,1,1.2578e-05,1.2578e-05,1.2578e-05,74,1,74,74,74,5,1,5,5,5
11,60,1.3335e-05,1,1.3335e-05,1.3335e-05,1.3335e-05,71,1,71,71,71,5,1,5,5,5
11,60,1.3298e-05,1,1.3298e-05,1.3298e-05,1.3298e-05,76,1,76,76,76,5,1,5,5,5
11,60,1.3484e-05,1,1.3484e-05,1.3484e-05,1.3484e-05,78,1,78,78,78,5,1,5,5,5
11,60,1.4186e-05,1,1.4186e-05,1.4186e-05,1.4186e-05,74,1,74,74,74,5,1,5,5,5
11,60,1.3779e-05,1,1.3779e-05,1.3779e-05,1.3779e-05,68,1,68,68,68,4,1,4,4,4
11,60,1.4306e-05,1,1.4306e-05,1.4306e-05,1.4306e-05,80,1,80,80,80,6,1,6,6,6
11,60,1.373e-05,1,1.373e-05,1.373e-05,1.373e-05,73,1,73,73,73,4,1,4,4,4
11,60,1.4866e-05,1,1.4866e-05,1.4866e-05,1.4866e-05,80,1,80,80,80,6,1,6,6,6
11,60,1.4053e-05,1,1.4053e-05,1.4053e-05,1.4053e-05,75,1,75,75,75,5,1,5,5,5
11,60,1.3876e-05,1,1.3876e-05,1.3876e-05,1.3876e-05,76,1,76,76,76,5,1,5,5,5
11,60,1.4383e-05,1,1.4383e-05,1.4383e-05,1.4383e-05,75,1,75,75,75,5,1,5,5,5
11,60,1.3875e-05,1,1.3875e-05,1.3875e-05,1.3875e-05,70,1,70,70,70,4,1,4,4,4
11,60,1.3419e-05,1,1.3419e-05,1.3419e-05,1.3419e-05,76,1,76,76,76,5,1,5,5,5
11,60,1.3726e-05,1,1.3726e-05,1.3726e-05,1.3726e-05,77,1,77,77,77,5,1,5,5,5
11,60,1.345e-05,1,1.345e-05,1.345e-05,1.345e-05,75,1,75,75,75,5,1,5,5,5
11,60,1.3044e-05,1,1.3044e-05,1.3044e-05,1.3044e-05,70,1,70,70,70,4,1,4,4,4
11,60,1.3632e-05,1,1.3632e-05,1.3632e-05,1.3632e-05,85,1,85,85,85,6,1,6,6,6
11,60,1.4041e-05,1,1.4041e-05,1.4041e-05,1.4041e-05,73,1,73,73,73,4,1,4,4,4
11,60,1.2646e-05,1,1.2646e-05,1.2646e-05,1.2646e-05,75,1,75,75,75,5,1,5,5,5
11,60,1.3481e-05,1,1.3481e-05,1.3481e-05,1.3481e-05,77,1,77,77,77,6,1,6,6,6
11,60,1.3757e-05,1,1.3757e-05,1.3757e-05,1.3757e-05,74,1,74,74,74,5,1,5,5,5
11,60,1.2924e-05,1,1.2924e-05,1.2924e-05,1.2924e-05,76,1,76,76,76,5,1,5,5,5
11,60,1.371e-05,1,1.371e-05,1.371e-05,1.371e-05,78,1,78,78,78,5,1,5,5,5
11,60,1.3366e-05,1,1.3366e-05,1.3366e-05,1.3366e-05,71,1,71,71,71,4,1,4,4,4
11,60,1.3551e-05,1,1.3551e-05,1.3551e-05,1.3551e-05,74,1,74,74,74,5,1,5,5,5
11,60,1.3136e-05,1,1.3136e-05,1.3136e-05,1.3136e-05,78,1,78,78,78,5,1,5,5,5
11,60,1.3523e-05,1,1.3523e-05,1.3523e-05,1.3523e-05,78,1,78,78,78,5,1,5,5,5
11,60,1.3218e-05,1,1.3218e-05,1.3218e-05,1.3218e-05,76,1,76,76,76,5,1,5,5,5
11,60,1.3791e-05,1,1.3791e-05,1.3791e-05,1.3791e-05,83,1,83,83,83,6,1,6,6,6
11,60,1.3681e-05,1,1.3681e-05,1.3681e-05,1.3681e-05,79,1,79,79,79,6,1,6,6,6
11,60,1.2878e-05,1,1.2878e-05,1.2878e-05,1.2878e-05,74,1,74,74,74,5,1,5,5,5
11,60,1.2481e-05,1,1.2481e-05,1.2481e-05,1.2481e-05,74,1,74,74,74,5,1,5,5,5
11,60,1.301e-05,1,1.301e-05,1.301e-05,1.301e-05,74,1,74,74,74,5,1,5,5,5
11,60,1.3495e-05,1,1.3495e-05,1.3495e-05,1.3495e-05,69,1,69,69,69,5,1,5,5,5
11,60,1.3348e-05,1,1.3348e-05,1.3348e-05,1.3348e-05,71,1,71,71,71,5,1,5,5,5
11,60,1.3304e-05,1,1.3304e-05,1.3304e-05,1.3304e-05,71,1,71,71,71,5,1,5,5,5
11,60,1.2699e-05,1,1.2699e-05,1.2699e-05,1.2699e-05,72,1,72,72,72,4,1,4,4,4
11,60,1.3167e-05,1,1.3167e-05,1.3167e-05,1.3167e-05,74,1,74,74,74,5,1,5,5,5
11,60,1.361e-05,1,1.361e-05,1.361e-05,1.361e-05,72,1,72,72,72,5,1,5,5,5
11,60,1.3067e-05,1,1.3067e-05,1.3067e-05,1.3067e-05,76,1,76,76,76,5,1,5,5,5
11,60,1.3793e-05,1,1.3793e-05,1.3793e-05,1.3793e-05,75,1,75,75,75,5,1,5,5,5
11,60,1.3758e-05,1,1.3758e-05,1.3758e-05,1.3758e-05,80,1,80,80,80,6,1,6,6,6
11,60,1.3192e-05,1,1.3192e-05,1.3192e-05,1.3192e-05,76,1,76,76,76,5,1,5,5,5
11,60,1.3489e-05,1,1.3489e-05,1.3489e-05,1.3489e-05,85,1,85,85,85,6,1,6,6,6
11,60,1.2754e-05,1,1.2754e-05,1.2754e-05,1.2754e-05,77,1,77,77,77,5,1,5,5,5
11,60,1.2961e-05,1,1.2961e-05,1.2961e-05,1.2961e-05,73,1,73,73,73,4,1,4,4,4
11,60,1.2834e-05,1,1.2834e-05,1.2834e-05,1.2834e-05,70,1,70,70,70,4,1,4,4,4
11,60,1.3243e-05,1,1.3243e-05,1.3243e-05,1.3243e-05,70,1,70,70,70,4,1,4,4,4
11,60,1.3239e-05,1,1.3239e-05,1.3239e-05,1.3239e-05,78,1,78,78,78,5,1,5,5,5
11,60,1.3262e-05,1,1.3262e-05,1.3262e-05,1.3262e-05,73,1,73,73,73,4,1,4,4,4
11,60,1.3591e-05,1,1.3591e-05,1.3591e-05,1.3591e-05,79,1,79,79,79,5,1,5,5,5
11,60,1.3157e-05,1,1.3157e-05,1.3157e-05,1.3157e-05,76,1,76,76,76,5,1,5,5,5
11,60,1.343e-05,1,1.343e-05,1.343e-05,1.343e-05,74,1,74,74,74,5,1,5,5,5
11,60,1.4095e-05,1,1.4095e-05,1.4095e-05,1.4095e-05,79,1,79,79,79,6,1,6,6,6
11,60,1.3044e-05,1,1.3044e-05,1.3044e-05,1.3044e-05,77,1,77,77,77,5,1,5,5,5
11,60,1.2636e-05,1,1.2636e-05,1.2636e-05,1.2636e-05,76,1,76,76,76,5,1,5,5,5
11,60,1.3176e-05,1,1.3176e-05,1.3176e-05,1.3176e-05,74,1,74,74,74,4,1,4,4,4
11,60,1.3281e-05,1,1.3281e-05,1.3281e-05,1.3281e-05,81,1,81,81,81,6,1,6,6,6
11,60,1.3443e-05,1,1.3443e-05,1.3443e-05,1.3443e-05,81,1,81,81,81,6,1,6,6,6
11,60,1.3034e-05,1,1.3034e-05,1.3034e-05,1.3034e-05,73,1,73,73,73,5,1,5,5,5
11,60,1.3245e-05,1,1.3245e-05,1.3245e-05,1.3245e-05,84,1,84,84,84,6,1,6,6,6
11,60,1.3886e-05,1,1.3886e-05,1.3886e-05,1.3886e-05,85,1,85,85,85,6,1,6,6,6
11,60,1.3333e-05,1,1.3333e-05,1.3333e-05,1.3333e-05,75,1,75,75,75,5,1,5,5,5
11,60,1.3196e-05,1,1.3196e-05,1.3196e-05,1.3196e-05,70,1,70,70,70,4,1,4,4,4
11,60,1.3291e-05,1,1.3291e-05,1.3291e-05,1.3291e-05,77,1,77,77,77,5,1,5,5,5
11,60,1.3003e-05,1,1.3003e-05,1.3003e-05,1.3003e-05,79,1,79,79,79,5,1,5,5,5
11,60,1.3272e-05,1,1.3272e-05,1.3272e-05,1.3272e-05,78,1,78,78,78,5,1,5,5,5
11,60,1.2655e-05,1,1.2655e-05,1.2655e-05,1.2655e-05,74,1,74,74,74,4,1,4,4,4
11,60,1.3379e-05,1,1.3379e-05,1.3379e-05,1.3379e-05,73,1,73,73,73,4,1,4,4,4
11,60,1.423e-05,1,1.423e-05,1.423e-05,1.423e-05,74,1,74,74,74,5,1,5,5,5
11,60,1.3869e-05,1,1.3869e-05,1.3869e-05,1.3869e-05,74,1,74,74,74,5,1,5,5,5
11,60,1.4003e-05,1,1.4003e-05,1.4003e-05,1.4003e-05,81,1,81,81,81,6,1,6,6,6
11,60,1.3871e-05,1,1.3871e-05,1.3871e-05,1.3871e-05,76,1,76,76,76,5,1,5,5,5
11,60,1.3672e-05,1,1.3672e-05,1.3672e-05,1.3672e-05,78,1,78,78,78,5,1,5,5,5
11,60,1.4269e-05,1,1.4269e-05,1.4269e-05,1.4269e-05,74,1,74,74,74,5,1,5,5,5
11,60,1.4107e-05,1,1.4107e-05,1.4107e-05,1.4107e-05,75,1,75,75,75,5,1,5,5,5
11,60,1.3296e-05,1,1.3296e-05,1.3296e-05,1.3296e-05,73,1,73,73,73,4,1,4,4,4
11,60,1.4442e-05,1,1.4442e-05,1.4442e-05,1.4442e-05,73,1,73,73,73,5,1,5,5,5
11,60,1.4321e-05,1,1.4321e-05,1.4321e-05,1.4321e-05,71,1,71,71,71,4,1,4,4,4
11,60,1.4315e-05,1,1.4315e-05,1.4315e-05,1.4315e-05,75,1,75,75,75,5,1,5,5,5
11,60,1.4153e-05,1,1.4153e-05,1.4153e-05,1.4153e-05,73,1,73,73,73,5,1,5,5,5
11,60,1.4712e-05,1,1.4712e-05,1.4712e-05,1.4712e-05,76,1,76,76,76,5,1,5,5,5
11,60,1.4155e-05,1,1.4155e-05,1.4155e-05,1.4155e-05,75,1,75,75,75,5,1,5,5,5
11,60,1.3058e-05,1,1.3058e-05,1.3058e-05,1.3058e-05,74,1,74,74,74,4,1,4,4,4
11,60,1.3311e-05,1,1.3311e-05,1.3311e-05,1.3311e-05,77,1,77,77,77,5,1,5,5,5
11,60,1.3624e-05,1,1.3624e-05,1.3624e-05,1.3624e-05,78,1,78,78,78,5,1,5,5,5
11,60,1.2854e-05,1,1.2854e-05,1.2854e-05,1.2854e-05,69,1,69,69,69,4,1,4,4,4
11,60,1.3455e-05,1,1.3455e-05,1.3455e-05,1.3455e-05,77,1,77,77,77,5,1,5,5,5
11,60,1.3538e-05,1,1.3538e-05,1.3538e-05,1.3538e-05,74,1,74,74,74,5,1,5,5,5
11,60,1.3755e-05,1,1.3755e-05,1.3755e-05,1.3755e-05,80,1,80,80,80,5,1,5,5,5
11,60,1.3139e-05,1,1.3139e-05,1.3139e-05,1.3139e-05,74,1,74,74,74,5,1,5,5,5
11,60,1.3588e-05,1,1.3588e-05,1.3588e-05,1.3588e-05,80,1,80,80,80,6,1,6,6,6
11,60,1.308e-05,1,1.308e-05,1.308e-05,1.308e-05,70,1,70,70,70,4,1,4,4,4
11,60,1.3356e-05,1,1.3356e-05,1.3356e-05,1.3356e-05,74,1,74,74,74,5,1,5,5,5
11,60,1.3328e-05,1,1.3328e-05,1.3328e-05,1.3328e-05,74,1,74,74,74,4,1,4,4,4
11,60,1.3366e-05,1,1.3366e-05,1.3366e-05,1.3366e-05,79,1,79,79,79,5,1,5,5,5
11,60,1.3407e-05,1,1.3407e-05,1.3407e-05,1.3407e-05,69,1,69,69,69,4,1,4,4,4
11,60,1.3802e-05,1,1.3802e-05,1.3802e-05,1.3802e-05,77,1,77,77,77,5,1,5,5,5
11,60,1.3405e-05,1,1.3405e-05,1.3405e-05,1.3405e-05,72,1,72,72,72,5,1,5,5,5
11,60,1.3427e-05,1,1.3427e-05,1.3427e-05,1.3427e-05,76,1,76,76,76,5,1,5,5,5
11,60,1.3231e-05,1,1.3231e-05,1.3231e-05,1.3231e-05,74,1,74,74,74,5,1,5,5,5
11,60,1.375e-05,1,1.375e-05,1.375e-05,1.375e-05,75,1,75,75,75,5,1,5,5,5
11,60,1.3928e-05,1,1.3928e-05,1.3928e-05,1.3928e-05,79,1,79,79,79,5,1,5,5,5
11,60,1.3602e-05,1,1.3602e-05,1.3602e-05,1.3602e-05,70,1,70,70,70,4,1,4,4,4
11,60,1.2955e-05,1,1.2955e-05,1.2955e-05,1.2955e-05,74,1,74,74,74,5,1,5,5,5
11,60,1.3249e-05,1,1.3249e-05,1.3249e-05,1.3249e-05,75,1,75,75,75,5,1,5,5,5
11,60,1.3099e-05,1,1.3099e-05,1.3099e-05,1.3099e-05,78,1,78,78,78,5,1,5,5,5
11,60,1.3528e-05,1,1.3528e-05,1.3528e-05,1.3528e-05,70,1,70,70,70,4,1,4,4,4
11,60,1.354e-05,1,1.354e-05,1.354e-05,1.354e-05,78,1,78,78,78,6,1,6,6,6
11,60,1.3735e-05,1,1.3735e-05,1.3735e-05,1.3735e-05,80,1,80,80,80,6,1,6,6,6
11,60,1.3224e-05,1,1.3224e-05,1.3224e-05,1.3224e-05,71,1,71,71,71,4,1,4,4,4
11,60,1.3717e-05,1,1.3717e-05,1.3717e-05,1.3717e-05,79,1,79,79,79,5,1,5,5,5
11,60,1.3369e-05,1,1.3369e-05,1.3369e-05,1.3369e-05,74,1,74,74,74,5,1,5,5,5
11,60,1.3417e-05,1,1.3417e-05,1.3417e-05,1.3417e-05,79,1,79,79,79,5,1,5,5,5
11,60,1.3438e-05,1,1.3438e-05,1.3438e-05,1.3438e-05,78,1,78,78,78,5,1,5,5,5
11,60,1.3321e-05,1,1.3321e-05,1.3321e-05,1.3321e-05,84,1,84,84,84,6,1,6,6,6
11,60,1.3136e-05,1,1.3136e-05,1.3136e-05,1.3136e-05,74,1,74,74,74,4,1,4,4,4
11,60,1.3694e-05,1,1.3694e-05,1.3694e-05,1.3694e-05,87,1,87,87,87,7,1,7,7,7
11,60,1.3812e-05,1,1.3812e-05,1.3812e-05,1.3812e-05,78,1,78,78,78,6,1,6,6,6
11,60,1.3214e-05,1,1.3214e-05,1.3214e-05,1.3214e-05,76,1,76,76,76,5,1,5,5,5
11,60,1.2472e-05,1,1.2472e-05,1.2472e-05,1.2472e-05,76,1,76,76,76,5,1,5,5,5
11,60,1.3316e-05,1,1.3316e-05,1.3316e-05,1.3316e-05,76,1,76,76,76,5,1,5,5,5
11,60,1.3075e-05,1,1.3075e-05,1.3075e-05,1.3075e-05,73,1,73,73,73,4,1,4,4,4
11,60,1.3069e-05,1,1.3069e-05,1.3069e-05,1.3069e-05,74,1,74,74,74,4,1,4,4,4
11,60,1.3082e-05,1,1.3082e-05,1.3082e-05,1.3082e-05,74,1,74,74,74,5,1,5,5,5
11,60,1.3406e-05,1,1.3406e-05,1.3406e-05,1.3406e-05,72,1,72,72,72,5,1,5,5,5
11,60,1.3899e-05,1,1.3899e-05,1.3899e-05,1.3899e-05,78,1,78,78,78,6,1,6,6,6
11,60,1.5892e-05,1,1.5892e-05,1.5892e-05,1.5892e-05,74,1,74,74,74,5,1,5,5,5
11,60,1.3581e-05,1,1.3581e-05,1.3581e-05,1.3581e-05,76,1,76,76,76,5,1,5,5,5
11,60,1.3194e-05,1,1.3194e-05,1.3194e-05,1.3194e-05,76,1,76,76,76,5,1,5,5,5
11,60,1.3021e-05,1,1.3021e-05,1.3021e-05,1.3021e-05,74,1,74,74,74,5,1,5,5,5
11,60,1.2912e-05,1,1.2912e-05,1.2912e-05,1.2912e-05,79,1,79,79,79,6,1,6,6,6
11,60,1.325e-05,1,1.325e-05,1.325e-05,1.325e-05,71,1,71,71,71,5,1,5,5,5
11,60,1.3482e-05,1,1.3482e-05,1.3482e-05,1.3482e-05,68,1,68,68,68,3,1,3,3,3
11,60,1.2948e-05,1,1.2948e-05,1.2948e-05,1.2948e-05,71,1,71,71,71,4,1,4,4,4
11,60,1.3199e-05,1,1.3199e-05,1.3199e-05,1.3199e-05,74,1,74,74,74,5,1,5,5,5
11,60,1.2764e-05,1,1.2764e-05,1.2764e-05,1.2764e-05,73,1,73,73,73,5,1,5,5,5
11,60,1.3665e-05,1,1.3665e-05,1.3665e-05,1.3665e-05,82,1,82,82,82,6,1,6,6,6
11,60,1.3728e-05,1,1.3728e-05,1.3728e-05,1.3728e-05,72,1,72,72,72,5,1,5,5,5
11,60,1.3226e-05,1,1.3226e-05,1.3226e-05,1.3226e-05,74,1,74,74,74,5,1,5,5,5
11,60,1.29e-05,1,1.29e-05,1.29e-05,1.29e-05,75,1,75,75,75,5,1,5,5,5
11,60,1.354e-05,1,1.354e-05,1.354e-05,1.354e-05,81,1,81,81,81,6,1,6,6,6
11,60,1.3402e-05,1,1.3402e-05,1.3402e-05,1.3402e-05,72,1,72,72,72,4,1,4,4,4
11,60,1.3146e-05,1,1.3146e-05,1.3146e-05,1.3146e-05,79,1,79,79,79,5,1,5,5,5
11,60,1.3664e-05,1,1.3664e-05,1.3664e-05,1.3664e-05,74,1,74,74,74,5,1,5,5,5
11,60,1.3367e-05,1,1.3367e-05,1.3367e-05,1.3367e-05,72,1,72,72,72,5,1,5,5,5
11,60,1.299e-05,1,1.299e-05,1.299e-05,1.299e-05,75,1,75,75,75,5,1,5,5,5
11,60,1.3668e-05,1,1.3668e-05,1.3668e-05,1.3668e-05,82,1,82,82,82,5,1,5,5,5
11,60,1.3786e-05,1,1.3786e-05,1.3786e-05,1.3786e-05,80,1,80,80,80,6,1,6,6,6
11,60,1.3845e-05,1,1.3845e-05,1.3845e-05,1.3845e-05,78,1,78,78,78,5,1,5,5,5
11,60,1.3608e-05,1,1.3608e-05,1.3608e-05,1.3608e-05,71,1,71,71,71,4,1,4,4,4
11,60,1.3226e-05,1,1.3226e-05,1.3226e-05,1.3226e-05,74,1,74,74,74,5,1,5,5,5
11,60,1.3129e-05,1,1.3129e-05,1.3129e-05,1.3129e-05,78,1,78,78,78,5,1,5,5,5
11,60,1.3e-05,1,1.3e-05,1.3e-05,1.3e-05,73,1,73,73,73,4,1,4,4,4
11,60,1.2869e-05,1,1.2869e-05,1.2869e-05,1.2869e-05,73,1,73,73,73,5,1,5,5,5
11,60,1.3159e-05,1,1.3159e-05,1.3159e-05,1.3159e-05,72,1,72,72,72,4,1,4,4,4
11,60,1.3689e-05,1,1.3689e-05,1.3689e-05,1.3689e-05,77,1,77,77,77,5,1,5,5,5
11,60,1.3513e-05,1,1.3513e-05,1.3513e-05,1.3513e-05,79,1,79,79,79,5,1,5,5,5
11,60,1.3282e-05,1,1.3282e-05,1.3282e-05,1.3282e-05,77,1,77,77,77,5,1,5,5,5
11,60,1.353e-05,1,1.353e-05,1.353e-05,1.353e-05,77,1,77,77,77,6,1,6,6,6
11,60,1.279e-05,1,1.279e-05,1.279e-05,1.279e-05,76,1,76,76,76,5,1,5,5,5
11,60,1.3019e-05,1,1.3019e-05,1.3019e-05,1.3019e-05,73,1,73,73,73,5,1,5,5,5
11,60,1.3623e-05,1,1.3623e-05,1.3623e-05,1.3623e-05,73,1,73,73,73,4,1,4,4,4
11,60,1.2832e-05,1,1.2832e-05,1.2832e-05,1.2832e-05,70,1,70,70,70,4,1,4,4,4
11,60,1.2913e-05,1,1.2913e-05,1.2913e-05,1.2913e-05,78,1,78,78,78,6,1,6,6,6
11,60,1.3071e-05,1,1.3071e-05,1.3071e-05,1.3071e-05,71,1,71,71,71,5,1,5,5,5
11,60,1.3564e-05,1,1.3564e-05,1.3564e-05,1.3564e-05,74,1,74,74,74,5,1,5,5,5
11,60,1.3143e-05,1,1.3143e-05,1.3143e-05,1.3143e-05,73,1,73,73,73,5,1,5,5,5
11,60,1.3188e-05,1,1.3188e-05,1.3188e-05,1.3188e-05,70,1,70,70,70,4,1,4,4,4
11,60,1.248e-05,1,1.248e-05,1.248e-05,1.248e-05,68,1,68,68,68,4,1,4,4,4
11,60,1.2585e-05,1,1.2585e-05,1.2585e-05,1.2585e-05,69,1,69,69,69,4,1,4,4,4
11,60,1.3594e-05,1,1.3594e-05,1.3594e-05,1.3594e-05,77,1,77,77,77,5,1,5,5,5
11,60,1.3367e-05,1,1.3367e-05,1.3367e-05,1.3367e-05,77,1,77,77,77,5,1,5,5,5
11,60,1.2938e-05,1,1.2938e-05,1.2938e-05,1.2938e-05,70,1,70,70,70,4,1,4,4,4
11,60,1.3671e-05,1,1.3671e-05,1.3671e-05,1.3671e-05,76,1,76,76,76,5,1,5,5,5
11,60,1.2947e-05,1,1.2947e-05,1.2947e-05,1.2947e-05,74,1,74,74,74,4,1,4,4,4
11,60,1.3018e-05,1,1.3018e-05,1.3018e-05,1.3018e-05,76,1,76,76,76,5,1,5,5,5
11,60,1.3198e-05,1,1.3198e-05,1.3198e-05,1.3198e-05,78,1,78,78,78,5,1,5,5,5
11,60,1.2891e-05,1,1.2891e-05,1.2891e-05,1.2891e-05,77,1,77,77,77,5,1,5,5,5
11,60,1.3194e-05,1,1.3194e-05,1.3194e-05,1.3194e-05,76,1,76,76,76,5,1,5,5,5
11,60,1.3335e-05,1,1.3335e-05,1.3335e-05,1.3335e-05,80,1,80,80,80,6,1,6,6,6
11,60,1.3554e-05,1,1.3554e-05,1.3554e-05,1.3554e-05,80,1,80,80,80,6,1,6,6,6
11,60,1.3408e-05,1,1.3408e-05,1.3408e-05,1.3408e-05,70,1,70,70,70,4,1,4,4,4
11,60,1.3627e-05,1,1.3627e-05,1.3627e-05,1.3627e-05,68,1,68,68,68,4,1,4,4,4
11,60,1.3211e-05,1,1.3211e-05,1.3211e-05,1.3211e-05,76,1,76,76,76,5,1,5,5,5
11,60,1.2979e-05,1,1.2979e-05,1.2979e-05,1.2979e-05,75,1,75,75,75,5,1,5,5,5
11,60,1.3576e-05,1,1.3576e-05,1.3576e-05,1.3576e-05,77,1,77,77,77,5,1,5,5,5
11,60,1.3637e-05,1,1.3637e-05,1.3637e-05,1.3637e-05,75,1,75,75,75,4,1,4,4,4
11,60,1.3033e-05,1,1.3033e-05,1.3033e-05,1.3033e-05,68,1,68,68,68,4,1,4,4,4
11,60,1.3445e-05,1,1.3445e-05,1.3445e-05,1.3445e-05,74,1,74,74,74,5,1,5,5,5
11,60,1.3663e-05,1,1.3663e-05,1.3663e-05,1.3663e-05,76,1,76,76,76,5,1,5,5,5
11,60,1.3568e-05,1,1.3568e-05,1.3568e-05,1.3568e-05,79,1,79,79,79,5,1,5,5,5
11,60,1.3234e-05,1,1.3234e-05,1.3234e-05,1.3234e-05,73,1,73,73,73,5,1,5,5,5
11,60,1.3529e-05,1,1.3529e-05,1.3529e-05,1.3529e-05,77,1,77,77,77,5,1,5,5,5
11,60,1.4226e-05,1,1.4226e-05,1.4226e-05,1.4226e-05,74,1,74,74,74,5,1,5,5,5
11,60,1.4412e-05,1,1.4412e-05,1.4412e-05,1.4412e-05,74,1,74,74,74,5,1,5,5,5
11,60,1.3722e-05,1,1.3722e-05,1.3722e-05,1.3722e-05,78,1,78,78,78,5,1,5,5,5
11,60,1.3851e-05,1,1.3851e-05,1.3851e-05,1.3851e-05,79,1,79,79,79,5,1,5,5,5
11,60,1.308e-05,1,1.308e-05,1.308e-05,1.308e-05,68,1,68,68,68,4,1,4,4,4
11,60,1.3266e-05,1,1.3266e-05,1.3266e-05,1.3266e-05,71,1,71,71,71,5,1,5,5,5
11,60,1.3533e-05,1,1.3533e-05,1.3533e-05,1.3533e-05,78,1,78,78,78,6,1,6,6,6
11,60,1.3202e-05,1,1.3202e-05,1.3202e-05,1.3202e-05,77,1,77,77,77,5,1,5,5,5
11,60,1.3007e-05,1,1.3007e-05,1.3007e-05,1.3007e-05,75,1,75,75,75,5,1,5,5,5
11,60,1.3188e-05,1,1.3188e-05,1.3188e-05,1.3188e-05,74,1,74,74,74,5,1,5,5,5
11,60,1.3157e-05,1,1.3157e-05,1.3157e-05,1.3157e-05,78,1,78,78,78,5,1,5,5,5
11,60,1.3599e-05,1,1.3599e-05,1.3599e-05,1.3599e-05,71,1,71,71,71,4,1,4,4,4
11,60,1.2939e-05,1,1.2939e-05,1.2939e-05,1.2939e-05,72,1,72,72,72,4,1,4,4,4
11,60,1.3136e-05,1,1.3136e-05,1.3136e-05,1.3136e-05,80,1,80,80,80,6,1,6,6,6
11,60,1.3166e-05,1,1.3166e-05,1.3166e-05,1.3166e-05,68,1,68,68,68,4,1,4,4,4
11,60,1.3406e-05,1,1.3406e-05,1.3406e-05,1.3406e-05,80,1,80,80,80,6,1,6,6,6
11,60,1.3164e-05,1,1.3164e-05,1.3164e-05,1.3164e-05,73,1,73,73,73,4,1,4,4,4
11,60,1.3118e-05,1,1.3118e-05,1.3118e-05,1.3118e-05,76,1,76,76,76,5,1,5,5,5
11,60,1.3337e-05,1,1.3337e-05,1.3337e-05,1.3337e-05,77,1,77,77,77,5,1,5,5,5
11,60,1.3263e-05,1,1.3263e-05,1.3263e-05,1.3263e-05,77,1,77,77,77,5,1,5,5,5
11,60,1.2954e-05,1,1.2954e-05,1.2954e-05,1.2954e-05,72,1,72,72,72,5,1,5,5,5
11,60,1.3403e-05,1,1.3403e-05,1.3403e-05,1.3403e-05,76,1,76,76,76,5,1,5,5,5
11,60,1.3729e-05,1,1.3729e-05,1.3729e-05,1.3729e-05,78,1,78,78,78,5,1,5,5,5
11,60,1.3335e-05,1,1.3335e-05,1.3335e-05,1.3335e-05,80,1,80,80,80,6,1,6,6,6
11,60,1.2929e-05,1,1.2929e-05,1.2929e-05,1.2929e-05,73,1,73,73,73,5,1,5,5,5
11,60,1.3457e-05,1,1.3457e-05,1.3457e-05,1.3457e-05,77,1,77,77,77,5,1,5,5,5
11,60,1.309e-05,1,1.309e-05,1.309e-05,1.309e-05,76,1,76,76,76,5,1,5,5,5
11,60,1.2859e-05,1,1.2859e-05,1.2859e-05,1.2859e-05,72,1,72,72,72,4,1,4,4,4
11,60,1.3756e-05,1,1.3756e-05,1.3756e-05,1.3756e-05,74,1,74,74,74,5,1,5,5,5
11,60,1.3287e-05,1,1.3287e-05,1.3287e-05,1.3287e-05,74,1,74,74,74,5,1,5,5,5
11,60,1.3573e-05,1,1.3573e-05,1.3573e-05,1.3573e-05,70,1,70,70,70,4,1,4,4,4
11,60,1.3326e-05,1,1.3326e-05,1.3326e-05,1.3326e-05,79,1,79,79,79,6,1,6,6,6
11,60,1.2616e-05,1,1.2616e-05,1.2616e-05,1.2616e-05,76,1,76,76,76,5,1,5,5,5
11,60,1.3336e-05,1,1.3336e-05,1.3336e-05,1.3336e-05,75,1,75,75,75,5,1,5,5,5
11,60,1.3236e-05,1,1.3236e-05,1.3236e-05,1.3236e-05,79,1,79,79,79,5,1,5,5,5
11,60,1.3493e-05,1,1.3493e-05,1.3493e-05,1.3493e-05,75,1,75,75,75,5,1,5,5,5
11,60,1.3402e-05,1,1.3402e-05,1.3402e-05,1.3402e-05,81,1,81,81,81,6,1,6,6,6
11,60,1.3346e-05,1,1.3346e-05,1.3346e-05,1.3346e-05,74,1,74,74,74,5,1,5,5,5
11,60,1.3452e-05,1,1.3452e-05,1.3452e-05,1.3452e-05,79,1,79,79,79,5,1,5,5,5
11,60,1.3064e-05,1,1.3064e-05,1.3064e-05,1.3064e-05,73,1,73,73,73,5,1,5,5,5
11,60,1.3326e-05,1,1.3326e-05,1.3326e-05,1.3326e-05,77,1,77,77,77,5,1,5,5,5
11,60,1.4286e-05,1,1.4286e-05,1.4286e-05,1.4286e-05,73,1,73,73,73,5,1,5,5,5
11,60,1.3092e-05,1,1.3092e-05,1.3092e-05,1.3092e-05,73,1,73,73,73,4,1,4,4,4
11,60,1.3135e-05,1,1.3135e-05,1.3135e-05,1.3135e-05,76,1,76,76,76,5,1,5,5,5
11,60,1.4546e-05,1,1.4546e-05,1.4546e-05,1.4546e-05,86,1,86,86,86,6,1,6,6,6
11,60,1.3334e-05,1,1.3334e-05,1.3334e-05,1.3334e-05,75,1,75,75,75,5,1,5,5,5
11,60,1.4086e-05,1,1.4086e-05,1.4086e-05,1.4086e-05,78,1,78,78,78,5,1,5,5,5
11,60,1.3657e-05,1,1.3657e-05,1.3657e-05,1.3657e-05,83,1,83,83,83,6,1,6,6,6
11,60,1.3138e-05,1,1.3138e-05,1.3138e-05,1.3138e-05,77,1,77,77,77,5,1,5,5,5
11,60,1.318e-05,1,1.318e-05,1.318e-05,1.318e-05,74,1,74,74,74,4,1,4,4,4
11,60,1.3026e-05,1,1.3026e-05,1.3026e-05,1.3026e-05,76,1,76,76,76,5,1,5,5,5
11,60,1.2971e-05,1,1.2971e-05,1.2971e-05,1.2971e-05,70,1,70,70,70,4,1,4,4,4
11,60,1.316e-05,1,1.316e-05,1.316e-05,1.316e-05,76,1,76,76,76,5,1,5,5,5
11,60,1.3517e-05,1,1.3517e-05,1.3517e-05,1.3517e-05,74,1,74,74,74,5,1,5,5,5
11,60,1.3474e-05,1,1.3474e-05,1.3474e-05,1.3474e-05,76,1,76,76,76,5,1,5,5,5
11,60,1.3573e-05,1,1.3573e-05,1.3573e-05,1.3573e-05,73,1,73,73,73,5,1,5,5,5
11,60,1.3746e-05,1,1.3746e-05,1.3746e-05,1.3746e-05,78,1,78,78,78,5,1,5,5,5
11,60,1.2819e-05,1,1.2819e-05,1.2819e-05,1.2819e-05,73,1,73,73,73,5,1,5,5,5
11,60,1.3389e-05,1,1.3389e-05,1.3389e-05,1.3389e-05,72,1,72,72,72,5,1,5,5,5
11,60,1.3078e-05,1,1.3078e-05,1.3078e-05,1.3078e-05,77,1,77,77,77,5,1,5,5,5
11,60,1.3451e-05,1,1.3451e-05,1.3451e-05,1.3451e-05,72,1,72,72,72,4,1,4,4,4
11,60,1.3455e-05,1,1.3455e-05,1.3455e-05,1.3455e-05,79,1,79,79,79,5,1,5,5,5
11,60,1.3767e-05,1,1.3767e-05,1.3767e-05,1.3767e-05,85,1,85,85,85,6,1,6,6,6
11,60,1.2755e-05,1,1.2755e-05,1.2755e-05,1.2755e-05,74,1,74,74,74,5,1,5,5,5
11,60,1.3158e-05,1,1.3158e-05,1.3158e-05,1.3158e-05,73,1,73,73,73,5,1,5,5,5
11,60,1.3764e-05,1,1.3764e-05,1.3764e-05,1.3764e-05,74,1,74,74,74,4,1,4,4,4
11,60,1.3789e-05,1,1.3789e-05,1.3789e-05,1.3789e-05,79,1,79,79,79,5,1,5,5,5
11,60,1.3965e-05,1,1.3965e-05,1.3965e-05,1.3965e-05,75,1,75,75,75,5,1,5,5,5
11,60,1.2962e-05,1,1.2962e-05,1.2962e-05,1.2962e-05,74,1,74,74,74,4,1,4,4,4
11,60,1.3318e-05,1,1.3318e-05,1.3318e-05,1.3318e-05,70,1,70,70,70,4,1,4,4,4
11,60,1.3219e-05,1,1.3219e-05,1.3219e-05,1.3219e-05,73,1,73,73,73,4,1,4,4,4
11,60,1.3157e-05,1,1.3157e-05,1.3157e-05,1.3157e-05,74,1,74,74,74,4,1,4,4,4
11,60,1.2947e-05,1,1.2947e-05,1.2947e-05,1.2947e-05,75,1,75,75,75,5,1,5,5,5
11,60,1.3511e-05,1,1.3511e-05,1.3511e-05,1.3511e-05,75,1,75,75,75,5,1,5,5,5
11,60,1.3141e-05,1,1.3141e-05,1.3141e-05,1.3141e-05,77,1,77,77,77,5,1,5,5,5
11,60,1.3236e-05,1,1.3236e-05,1.3236e-05,1.3236e-05,78,1,78,78,78,6,1,6,6,6
11,60,1.3243e-05,1,1.3243e-05,1.3243e-05,1.3243e-05,74,1,74,74,74,5,1,5,5,5
11,60,1.3847e-05,1,1.3847e-05,1.3847e-05,1.3847e-05,80,1,80,80,80,6,1,6,6,6
11,60,1.3159e-05,1,1.3159e-05,1.3159e-05,1.3159e-05,76,1,76,76,76,5,1,5,5,5
11,60,1.3714e-05,1,1.3714e-05,1.3714e-05,1.3714e-05,72,1,72,72,72,5,1,5,5,5
11,60,1.306e-05,1,1.306e-05,1.306e-05,1.306e-05,74,1,74,74,74,5,1,5,5,5
11,60,1.3112e-05,1,1.3112e-05,1.3112e-05,1.3112e-05,71,1,71,71,71,4,1,4,4,4
11,60,1.3513e-05,1,1.3513e-05,1.3513e-05,1.3513e-05,76,1,76,76,76,5,1,5,5,5
11,60,1.2559e-05,1,1.2559e-05,1.2559e-05,1.2559e-05,72,1,72,72,72,5,1,5,5,5
11,60,1.3492e-05,1,1.3492e-05,1.3492e-05,1.3492e-05,75,1,75,75,75,5,1,5,5,5
11,60,1.3586e-05,1,1.3586e-05,1.3586e-05,1.3586e-05,71,1,71,71,71,4,1,4,4,4
11,60,1.2387e-05,1,1.2387e-05,1.2387e-05,1.2387e-05,73,1,73,73,73,4,1,4,4,4
11,60,1.311e-05,1,1.311e-05,1.311e-05,1.311e-05,75,1,75,75,75,5,1,5,5,5
11,60,1.2831e-05,1,1.2831e-05,1.2831e-05,1.2831e-05,75,1,75,75,75,5,1,5,5,5
11,60,1.2624e-05,1,1.2624e-05,1.2624e-05,1.2624e-05,76,1,76,76,76,5,1,5,5,5
11,60,1.2869e-05,1,1.2869e-05,1.2869e-05,1.2869e-05,75,1,75,75,75,5,1,5,5,5
11,60,1.3397e-05,1,1.3397e-05,1.3397e-05,1.3397e-05,75,1,75,75,75,5,1,5,5,5
11,60,1.2878e-05,1,1.2878e-05,1.2878e-05,1.2878e-05,80,1,80,80,80,6,1,6,6,6
11,60,1.3026e-05,1,1.3026e-05,1.3026e-05,1.3026e-05,75,1,75,75,75,4,1,4,4,4
11,60,1.3104e-05,1,1.3104e-05,1.3104e-05,1.3104e-05,78,1,78,78,78,5,1,5,5,5
11,60,1.3813e-05,1,1.3813e-05,1.3813e-05,1.3813e-05,74,1,74,74,74,5,1,5,5,5
11,60,1.3582e-05,1,1.3582e-05,1.3582e-05,1.3582e-05,79,1,79,79,79,6,1,6,6,6
11,60,1.4486e-05,1,1.4486e-05,1.4486e-05,1.4486e-05,79,1,79,79,79,5,1,5,5,5
11,60,1.4049e-05,1,1.4049e-05,1.4049e-05,1.4049e-05,69,1,69,69,69,4,1,4,4,4
11,60,1.4423e-05,1,1.4423e-05,1.4423e-05,1.4423e-05,78,1,78,78,78,5,1,5,5,5
11,60,1.4363e-05,1,1.4363e-05,1.4363e-05,1.4363e-05,77,1,77,77,77,5,1,5,5,5
11,60,1.3807e-05,1,1.3807e-05,1.3807e-05,1.3807e-05,73,1,73,73,73,4,1,4,4,4
11,60,1.3752e-05,1,1.3752e-05,1.3752e-05,1.3752e-05,77,1,77,77,77,5,1,5,5,5
11,60,1.3931e-05,1,1.3931e-05,1.3931e-05,1.3931e-05,75,1,75,75,75,5,1,5,5,5
11,60,1.3901e-05,1,1.3901e-05,1.3901e-05,1.3901e-05,72,1,72,72,72,5,1,5,5,5
11,60,1.3572e-05,1,1.3572e-05,1.3572e-05,1.3572e-05,72,1,72,72,72,4,1,4,4,4
11,60,3.0585e-05,1,3.0585e-05,3.0585e-05,3.0585e-05,76,1,76,76,76,5,1,5,5,5
11,60,1.2911e-05,1,1.2911e-05,1.2911e-05,1.2911e-05,79,1,79,79,79,5,1,5,5,5
11,60,1.34e-05,1,1.34e-05,1.34e-05,1.34e-05,78,1,78,78,78,5,1,5,5,5
11,60,1.3181e-05,1,1.3181e-05,1.3181e-05,1.3181e-05,75,1,75,75,75,5,1,5,5,5
11,60,1.3023e-05,1,1.3023e-05,1.3023e-05,1.3023e-05,76,1,76,76,76,5,1,5,5,5
11,60,1.3052e-05,1,1.3052e-05,1.3052e-05,1.3052e-05,73,1,73,73,73,4,1,4,4,4
11,60,1.3368e-05,1,1.3368e-05,1.3368e-05,1.3368e-05,73,1,73,73,73,5,1,5,5,5
11,60,1.3659e-05,1,1.3659e-05,1.3659e-05,1.3659e-05,78,1,78,78,78,6,1,6,6,6
11,60,1.3702e-05,1,1.3702e-05,1.3702e-05,1.3702e-05,84,1,84,84,84,6,1,6,6,6
11,60,1.3379e-05,1,1.3379e-05,1.3379e-05,1.3379e-05,76,1,76,76,76,5,1,5,5,5
11,60,1.3632e-05,1,1.3632e-05,1.3632e-05,1.3632e-05,70,1,70,70,70,4,1,4,4,4
11,60,1.3338e-05,1,1.3338e-05,1.3338e-05,1.3338e-05,75,1,75,75,75,5,1,5,5,5
11,60,1.3055e-05,1,1.3055e-05,1.3055e-05,1.3055e-05,75,1,75,75,75,4,1,4,4,4
11,60,1.2974e-05,1,1.2974e-05,1.2974e-05,1.2974e-05,73,1,73,73,73,5,1,5,5,5
11,60,1.3622e-05,1,1.3622e-05,1.3622e-05,1.3622e-05,77,1,77,77,77,4,1,4,4,4
11,60,1.3457e-05,1,1.3457e-05,1.3457e-05,1.3457e-05,76,1,76,76,76,6,1,6,6,6
11,60,1.2919e-05,1,1.2919e-05,1.2919e-05,1.2919e-05,76,1,76,76,76,5,1,5,5,5
11,60,1.3513e-05,1,1.3513e-05,1.3513e-05,1.3513e-05,79,1,79,79,79,6,1,6,6,6
11,60,1.2613e-05,1,1.2613e-05,1.2613e-05,1.2613e-05,75,1,75,75,75,5,1,5,5,5
11,60,1.344e-05,1,1.344e-05,1.344e-05,1.344e-05,75,1,75,75,75,4,1,4,4,4
11,60,1.3581e-05,1,1.3581e-05,1.3581e-05,1.3581e-05,74,1,74,74,74,5,1,5,5,5
11,60,1.3566e-05,1,1.3566e-05,1.3566e-05,1.3566e-05,74,1,74,74,74,5,1,5,5,5
11,60,1.3671e-05,1,1.3671e-05,1.3671e-05,1.3671e-05,73,1,73,73,73,5,1,5,5,5
11,60,1.3372e-05,1,1.3372e-05,1.3372e-05,1.3372e-05,76,1,76,76,76,5,1,5,5,5
11,60,1.3307e-05,1,1.3307e-05,1.3307e-05,1.3307e-05,81,1,81,81,81,6,1,6,6,6
11,60,1.3292e-05,1,1.3292e-05,1.3292e-05,1.3292e-05,77,1,77,77,77,5,1,5,5,5
11,60,1.3186e-05,1,1.3186e-05,1.3186e-05,1.3186e-05,77,1,77,77,77,5,1,5,5,5
11,60,1.286e-05,1,1.286e-05,1.286e-05,1.286e-05,76,1,76,76,76,5,1,5,5,5
11,60,1.3295e-05,1,1.3295e-05,1.3295e-05,1.3295e-05,76,1,76,76,76,5,1,5,5,5
11,60,1.3647e-05,1,1.3647e-05,1.3647e-05,1.3647e-05,73,1,73,73,73,5,1,5,5,5
11,60,1.3476e-05,1,1.3476e-05,1.3476e-05,1.3476e-05,75,1,75,75,75,5,1,5,5,5
11,60,1.3033e-05,1,1.3033e-05,1.3033e-05,1.3033e-05,76,1,76,76,76,6,1,6,6,6
11,60,1.3154e-05,1,1.3154e-05,1.3154e-05,1.3154e-05,77,1,77,77,77,5,1,5,5,5
11,60,1.2983e-05,1,1.2983e-05,1.2983e-05,1.2983e-05,74,1,74,74,74,5,1,5,5,5
11,60,1.3044e-05,1,1.3044e-05,1.3044e-05,1.3044e-05,72,1,72,72,72,4,1,4,4,4
11,60,1.2593e-05,1,1.2593e-05,1.2593e-05,1.2593e-05,78,1,78,78,78,5,1,5,5,5
11,60,1.2982e-05,1,1.2982e-05,1.2982e-05,1.2982e-05,76,1,76,76,76,5,1,5,5,5
11,60,1.3042e-05,1,1.3042e-05,1.3042e-05,1.3042e-05,83,1,83,83,83,6,1,6,6,6
11,60,1.2895e-05,1,1.2895e-05,1.2895e-05,1.2895e-05,73,1,73,73,73,5,1,5,5,5
11,60,1.3614e-05,1,1.3614e-05,1.3614e-05,1.3614e-05,83,1,83,83,83,6,1,6,6,6
11,60,1.3434e-05,1,1.3434e-05,1.3434e-05,1.3434e-05,73,1,73,73,73,5,1,5,5,5
11,60,1.3242e-05,1,1.3242e-05,1.3242e-05,1.3242e-05,68,1,68,68,68,4,1,4,4,4
11,60,1.6191e-05,1,1.6191e-05,1.6191e-05,1.6191e-05,79,1,79,79,79,5,1,5,5,5
11,60,1.3505e-05,1,1.3505e-05,1.3505e-05,1.3505e-05,71,1,71,71,71,4,1,4,4,4
11,60,1.4067e-05,1,1.4067e-05,1.4067e-05,1.4067e-05,78,1,78,78,78,5,1,5,5,5
11,60,1.2853e-05,1,1.2853e-05,1.2853e-05,1.2853e-05,74,1,74,74,74,4,1,4,4,4
11,60,1.3441e-05,1,1.3441e-05,1.3441e-05,1.3441e-05,74,1,74,74,74,5,1,5,5,5
11,60,1.3446e-05,1,1.3446e-05,1.3446e-05,1.3446e-05,73,1,73,73,73,5,1,5,5,5
11,60,1.3083e-05,1,1.3083e-05,1.3083e-05,1.3083e-05,70,1,70,70,70,4,1,4,4,4
11,60,1.3775e-05,1,1.3775e-05,1.3775e-05,1.3775e-05,80,1,80,80,80,6,1,6,6,6
11,60,1.2853e-05,1,1.2853e-05,1.2853e-05,1.2853e-05,71,1,71,71,71,4,1,4,4,4
11,60,1.3044e-05,1,1.3044e-05,1.3044e-05,1.3044e-05,72,1,72,72,72,5,1,5,5,5
11,60,1.3274e-05,1,1.3274e-05,1.3274e-05,1.3274e-05,75,1,75,75,75,5,1,5,5,5
11,60,1.3535e-05,1,1.3535e-05,1.3535e-05,1.3535e-05,79,1,79,79,79,6,1,6,6,6
11,60,1.3496e-05,1,1.3496e-05,1.3496e-05,1.3496e-05,72,1,72,72,72,4,1,4,4,4
11,60,1.3447e-05,1,1.3447e-05,1.3447e-05,1.3447e-05,72,1,72,72,72,4,1,4,4,4
11,60,1.3204e-05,1,1.3204e-05,1.3204e-05,1.3204e-05,79,1,79,79,79,5,1,5,5,5
11,60,1.3347e-05,1,1.3347e-05,1.3347e-05,1.3347e-05,75,1,75,75,75,5,1,5,5,5
11,60,1.358e-05,1,1.358e-05,1.358e-05,1.358e-05,81,1,81,81,81,6,1,6,6,6
11,60,1.3063e-05,1,1.3063e-05,1.3063e-05,1.3063e-05,77,1,77,77,77,5,1,5,5,5
11,60,1.349e-05,1,1.349e-05,1.349e-05,1.349e-05,74,1,74,74,74,4,1,4,4,4
11,60,1.3381e-05,1,1.3381e-05,1.3381e-05,1.3381e-05,79,1,79,79,79,6,1,6,6,6
11,60,1.3011e-05,1,1.3011e-05,1.3011e-05,1.3011e-05,77,1,77,77,77,5,1,5,5,5
11,60,1.3251e-05,1,1.3251e-05,1.3251e-05,1.3251e-05,73,1,73,73,73,4,1,4,4,4
11,60,1.3526e-05,1,1.3526e-05,1.3526e-05,1.3526e-05,85,1,85,85,85,6,1,6,6,6
11,60,1.324e-05,1,1.324e-05,1.324e-05,1.324e-05,76,1,76,76,76,5,1,5,5,5
11,60,1.391e-05,1,1.391e-05,1.391e-05,1.391e-05,76,1,76,76,76,5,1,5,5,5
11,60,1.3855e-05,1,1.3855e-05,1.3855e-05,1.3855e-05,73,1,73,73,73,5,1,5,5,5
11,60,1.3807e-05,1,1.3807e-05,1.3807e-05,1.3807e-05,72,1,72,72,72,4,1,4,4,4
11,60,1.322e-05,1,1.322e-05,1.322e-05,1.322e-05,70,1,70,70,70,4,1,4,4,4
11,60,1.2886e-05,1,1.2886e-05,1.2886e-05,1.2886e-05,72,1,72,72,72,4,1,4,4,4
11,60,1.331e-05,1,1.331e-05,1.331e-05,1.331e-05,71,1,71,71,71,5,1,5,5,5
11,60,1.3569e-05,1,1.3569e-05,1.3569e-05,1.3569e-05,77,1,77,77,77,5,1,5,5,5
11,60,1.3215e-05,1,1.3215e-05,1.3215e-05,1.3215e-05,71,1,71,71,71,4,1,4,4,4
11,60,1.3039e-05,1,1.3039e-05,1.3039e-05,1.3039e-05,78,1,78,78,78,5,1,5,5,5
11,60,1.3529e-05,1,1.3529e-05,1.3529e-05,1.3529e-05,74,1,74,74,74,5,1,5,5,5
11,60,1.3534e-05,1,1.3534e-05,1.3534e-05,1.3534e-05,82,1,82,82,82,7,1,7,7,7
11,60,1.4176e-05,1,1.4176e-05,1.4176e-05,1.4176e-05,78,1,78,78,78,5,1,5,5,5
11,60,1.4048e-05,1,1.4048e-05,1.4048e-05,1.4048e-05,76,1,76,76,76,5,1,5,5,5
11,60,1.3972e-05,1,1.3972e-05,1.3972e-05,1.3972e-05,69,1,69,69,69,4,1,4,4,4
11,60,1.4564e-05,1,1.4564e-05,1.4564e-05,1.4564e-05,72,1,72,72,72,5,1,5,5,5
11,60,1.4379e-05,1,1.4379e-05,1.4379e-05,1.4379e-05,76,1,76,76,76,5,1,5,5,5
11,60,1.4156e-05,1,1.4156e-05,1.4156e-05,1.4156e-05,76,1,76,76,76,5,1,5,5,5
11,60,1.42e-05,1,1.42e-05,1.42e-05,1.42e-05,72,1,72,72,72,5,1,5,5,5
11,60,1.4305e-05,1,1.4305e-05,1.4305e-05,1.4305e-05,76,1,76,76,76,5,1,5,5,5
11,60,1.4515e-05,1,1.4515e-05,1.4515e-05,1.4515e-05,79,1,79,79,79,5,1,5,5,5
11,60,3.0058e-05,1,3.0058e-05,3.0058e-05,3.0058e-05,71,1,71,71,71,4,1,4,4,4
11,60,1.3689e-05,1,1.3689e-05,1.3689e-05,1.3689e-05,78,1,78,78,78,5,1,5,5,5
11,60,1.3103e-05,1,1.3103e-05,1.3103e-05,1.3103e-05,79,1,79,79,79,5,1,5,5,5
11,60,1.3338e-05,1,1.3338e-05,1.3338e-05,1.3338e-05,83,1,83,83,83,6,1,6,6,6
11,60,1.3293e-05,1,1.3293e-05,1.3293e-05,1.3293e-05,73,1,73,73,73,5,1,5,5,5
11,60,1.3367e-05,1,1.3367e-05,1.3367e-05,1.3367e-05,83,1,83,83,83,6,1,6,6,6
11,60,1.3529e-05,1,1.3529e-05,1.3529e-05,1.3529e-05,81,1,81,81,81,6,1,6,6,6
11,60,1.2803e-05,1,1.2803e-05,1.2803e-05,1.2803e-05,80,1,80,80,80,6,1,6,6,6
11,60,1.3058e-05,1,1.3058e-05,1.3058e-05,1.3058e-05,73,1,73,73,73,4,1,4,4,4
11,60,1.2982e-05,1,1.2982e-05,1.2982e-05,1.2982e-05,70,1,70,70,70,4,1,4,4,4
11,60,1.4296e-05,1,1.4296e-05,1.4296e-05,1.4296e-05,78,1,78,78,78,5,1,5,5,5
11,60,1.3035e-05,1,1.3035e-05,1.3035e-05,1.3035e-05,75,1,75,75,75,5,1,5,5,5
