n,p,time_total,time_count,time_mean,time_min,time_max,steps_total,steps_count,steps_mean,steps_min,steps_max,number_total,number_count,number_mean,number_min,number_max
27,20,5.2262e-05,1,5.2262e-05,5.2262e-05,5.2262e-05,383,1,383,383,383,4,1,4,4,4
27,20,5.1798e-05,1,5.1798e-05,5.1798e-05,5.1798e-05,378,1,378,378,378,4,1,4,4,4
27,20,5.1517e-05,1,5.1517e-05,5.1517e-05,5.1517e-05,385,1,385,385,385,4,1,4,4,4
27,20,5.1159e-05,1,5.1159e-05,5.1159e-05,5.1159e-05,382,1,382,382,382,4,1,4,4,4
27,20,5.1603e-05,1,5.1603e-05,5.1603e-05,5.1603e-05,388,1,388,388,388,4,1,4,4,4
27,20,5.3103e-05,1,5.3103e-05,5.3103e-05,5.3103e-05,389,1,389,389,389,5,1,5,5,5
27,20,5.3409e-05,1,5.3409e-05,5.3409e-05,5.3409e-05,395,1,395,395,395,5,1,5,5,5
27,20,7.0638e-05,1,7.0638e-05,7.0638e-05,7.0638e-05,378,1,378,378,378,4,1,4,4,4
27,20,5.5518e-05,1,5.5518e-05,5.5518e-05,5.5518e-05,394,1,394,394,394,5,1,5,5,5
27,20,5.492e-05,1,5.492e-05,5.492e-05,5.492e-05,386,1,386,386,386,5,1,5,5,5
27,20,5.1219e-05,1,5.1219e-05,5.1219e-05,5.1219e-05,393,1,393,393,393,5,1,5,5,5
27,20,5.1709e-05,1,5.1709e-05,5.1709e-05,5.1709e-05,384,1,384,384,384,4,1,4,4,4
27,20,5.0643e-05,1,5.0643e-05,5.0643e-05,5.0643e-05,379,1,379,379,379,4,1,4,4,4
27,20,5.1812e-05,1,5.1812e-05,5.1812e-05,5.1812e-05,390,1,390,390,390,4,1,4,4,4
27,20,5.1968e-05,1,5.1968e-05,5.1968e-05,5.1968e-05,384,1,384,384,384,4,1,4,4,4
27,20,5.2174e-05,1,5.2174e-05,5.2174e-05,5.2174e-05,383,1,383,383,383,4,1,4,4,4
27,20,5.2121e-05,1,5.2121e-05,5.2121e-05,5.2121e-05,386,1,386,386,386,5,1,5,5,5
27,20,5.0957e-05,1,5.0957e-05,5.0957e-05,5.0957e-05,384,1,384,384,384,4,1,4,4,4
27,20,5.1892e-05,1,5.1892e-05,5.1892e-05,5.1892e-05,385,1,385,385,385,4,1,4,4,4
27,20,5.2697e-05,1,5.2697e-05,5.2697e-05,5.2697e-05,391,1,391,391,391,4,1,4,4,4
27,20,5.2033e-05,1,5.2033e-05,5.2033e-05,5.2033e-05,394,1,394,394,394,5,1,5,5,5
27,20,5.7947e-05,1,5.7947e-05,5.7947e-05,5.7947e-05,389,1,389,389,389,4,1,4,4,4
27,20,5.0915e-05,1,5.0915e-05,5.0915e-05,5.0915e-05,383,1,383,383,383,4,1,4,4,4
27,20,5.2864e-05,1,5.2864e-05,5.2864e-05,5.2864e-05,390,1,390,390,390,4,1,4,4,4
27,20,5.2551e-05,1,5.2551e-05,5.2551e-05,5.2551e-05,390,1,390,390,390,4,1,4,4,4
27,20,5.1374e-05,1,5.1374e-05,5.1374e-05,5.1374e-05,384,1,384,384,384,4,1,4,4,4
27,20,5.1478e-05,1,5.1478e-05,5.1478e-05,5.1478e-05,388,1,388,388,388,4,1,4,4,4
27,20,5.2019e-05,1,5.2019e-05,5.2019e-05,5.2019e-05,387,1,387,387,387,4,1,4,4,4
27,20,5.1617e-05,1,5.1617e-05,5.1617e-05,5.1617e-05,384,1,384,384,384,4,1,4,4,4
27,20,5.0554e-05,1,5.0554e-05,5.0554e-05,5.0554e-05,382,1,382,382,382,4,1,4,4,4
27,20,5.0912e-05,1,5.0912e-05,5.0912e-05,5.0912e-05,383,1,383,383,383,4,1,4,4,4
27,20,5.2783e-05,1,5.2783e-05,5.2783e-05,5.2783e-05,385,1,385,385,385,4,1,4,4,4
27,20,5.2583e-05,1,5.2583e-05,5.2583e-05,5.2583e-05,389,1,389,389,389,4,1,4,4,4
27,20,5.1225e-05,1,5.1225e-05,5.1225e-05,5.1225e-05,378,1,378,378,378,4,1,4,4,4
27,20,5.1106e-05,1,5.1106e-05,5.1106e-05,5.1106e-05,385,1,385,385,385,4,1,4,4,4
27,20,5.0008e-05,1,5.0008e-05,5.0008e-05,5.0008e-05,382,1,382,382,382,4,1,4,4,4
27,20,5.1804e-05,1,5.1804e-05,5.1804e-05,5.1804e-05,392,1,392,392,392,5,1,5,5,5
27,20,5.2125e-05,1,5.2125e-05,5.2125e-05,5.2125e-05,386,1,386,386,386,4,1,4,4,4
27,20,5.1826e-05,1,5.1826e-05,5.1826e-05,5.1826e-05,383,1,383,383,383,4,1,4,4,4
27,20,5.1765e-05,1,5.1765e-05,5.1765e-05,5.1765e-05,388,1,388,388,388,5,1,5,5,5
27,20,5.0988e-05,1,5.0988e-05,5.0988e-05,5.0988e-05,387,1,387,387,387,5,1,5,5,5
27,20,5.1691e-05,1,5.1691e-05,5.1691e-05,5.1691e-05,395,1,395,395,395,5,1,5,5,5
27,20,5.6433e-05,1,5.6433e-05,5.6433e-05,5.6433e-05,384,1,384,384,384,4,1,4,4,4
27,20,5.1301e-05,1,5.1301e-05,5.1301e-05,5.1301e-05,384,1,384,384,384,4,1,4,4,4
27,20,7.0198e-05,1,7.0198e-05,7.0198e-05,7.0198e-05,391,1,391,391,391,5,1,5,5,5
27,20,5.3508e-05,1,5.3508e-05,5.3508e-05,5.3508e-05,383,1,383,383,383,4,1,4,4,4
27,20,5.4254e-05,1,5.4254e-05,5.4254e-05,5.4254e-05,384,1,384,384,384,4,1,4,4,4
27,20,5.1614e-05,1,5.1614e-05,5.1614e-05,5.1614e-05,382,1,382,382,382,4,1,4,4,4
27,20,5.2616e-05,1,5.2616e-05,5.2616e-05,5.2616e-05,388,1,388,388,388,5,1,5,5,5
27,20,5.0691e-05,1,5.0691e-05,5.0691e-05,5.0691e-05,381,1,381,381,381,4,1,4,4,4
27,20,5.1867e-05,1,5.1867e-05,5.1867e-05,5.1867e-05,388,1,388,388,388,5,1,5,5,5
27,20,5.2368e-05,1,5.2368e-05,5.2368e-05,5.2368e-05,390,1,390,390,390,4,1,4,4,4
27,20,5.2814e-05,1,5.2814e-05,5.2814e-05,5.2814e-05,385,1,385,385,385,4,1,4,4,4
27,20,5.1746e-05,1,5.1746e-05,5.1746e-05,5.1746e-05,389,1,389,389,389,4,1,4,4,4
27,20,5.2161e-05,1,5.2161e-05,5.2161e-05,5.2161e-05,385,1,385,385,385,5,1,5,5,5
27,20,5.1292e-05,1,5.1292e-05,5.1292e-05,5.1292e-05,384,1,384,384,384,5,1,5,5,5
27,20,5.304e-05,1,5.304e-05,5.304e-05,5.304e-05,384,1,384,384,384,4,1,4,4,4
27,20,5.1415e-05,1,5.1415e-05,5.1415e-05,5.1415e-05,380,1,380,380,380,4,1,4,4,4
27,20,5.3136e-05,1,5.3136e-05,5.3136e-05,5.3136e-05,380,1,380,380,380,4,1,4,4,4
27,20,5.2157e-05,1,5.2157e-05,5.2157e-05,5.2157e-05,381,1,381,381,381,4,1,4,4,4
27,20,5.2459e-05,1,5.2459e-05,5.2459e-05,5.2459e-05,391,1,391,391,391,5,1,5,5,5
27,20,5.0998e-05,1,5.0998e-05,5.0998e-05,5.0998e-05,380,1,380,380,380,4,1,4,4,4
27,20,5.145e-05,1,5.145e-05,5.145e-05,5.145e-05,389,1,389,389,389,5,1,5,5,5
27,20,5.2401e-05,1,5.2401e-05,5.2401e-05,5.2401e-05,381,1,381,381,381,4,1,4,4,4
27,20,5.2955e-05,1,5.2955e-05,5.2955e-05,5.2955e-05,395,1,395,395,395,5,1,5,5,5
27,20,5.3125e-05,1,5.3125e-05,5.3125e-05,5.3125e-05,384,1,384,384,384,4,1,4,4,4
27,20,5.5252e-05,1,5.5252e-05,5.5252e-05,5.5252e-05,384,1,384,384,384,4,1,4,4,4
27,20,7.0725e-05,1,7.0725e-05,7.0725e-05,7.0725e-05,388,1,388,388,388,4,1,4,4,4
27,20,5.4307e-05,1,5.4307e-05,5.4307e-05,5.4307e-05,388,1,388,388,388,4,1,4,4,4
27,20,6.8191e-05,1,6.8191e-05,6.8191e-05,6.8191e-05,393,1,393,393,393,5,1,5,5,5
27,20,5.2528e-05,1,5.2528e-05,5.2528e-05,5.2528e-05,399,1,399,399,399,5,1,5,5,5
27,20,5.1923e-05,1,5.1923e-05,5.1923e-05,5.1923e-05,392,1,392,392,392,5,1,5,5,5
27,20,5.224e-05,1,5.224e-05,5.224e-05,5.224e-05,383,1,383,383,383,4,1,4,4,4
27,20,5.2447e-05,1,5.2447e-05,5.2447e-05,5.2447e-05,400,1,400,400,400,4,1,4,4,4
27,20,5.2175e-05,1,5.2175e-05,5.2175e-05,5.2175e-05,390,1,390,390,390,5,1,5,5,5
27,20,5.2085e-05,1,5.2085e-05,5.2085e-05,5.2085e-05,387,1,387,387,387,4,1,4,4,4
27,20,5.1379e-05,1,5.1379e-05,5.1379e-05,5.1379e-05,383,1,383,383,383,4,1,4,4,4
27,20,5.1715e-05,1,5.1715e-05,5.1715e-05,5.1715e-05,384,1,384,384,384,5,1,5,5,5
27,20,5.4812e-05,1,5.4812e-05,5.4812e-05,5.4812e-05,388,1,388,388,388,4,1,4,4,4
27,20,5.4081e-05,1,5.4081e-05,5.4081e-05,5.4081e-05,389,1,389,389,389,5,1,5,5,5
27,20,6.9857e-05,1,6.9857e-05,6.9857e-05,6.9857e-05,387,1,387,387,387,5,1,5,5,5
27,20,5.3069e-05,1,5.3069e-05,5.3069e-05,5.3069e-05,390,1,390,390,390,4,1,4,4,4
27,20,5.2794e-05,1,5.2794e-05,5.2794e-05,5.2794e-05,389,1,389,389,389,4,1,4,4,4
27,20,5.2063e-05,1,5.2063e-05,5.2063e-05,5.2063e-05,383,1,383,383,383,4,1,4,4,4
27,20,5.1165e-05,1,5.1165e-05,5.1165e-05,5.1165e-05,395,1,395,395,395,5,1,5,5,5
27,20,5.1391e-05,1,5.1391e-05,5.1391e-05,5.1391e-05,391,1,391,391,391,5,1,5,5,5
27,20,5.3197e-05,1,5.3197e-05,5.3197e-05,5.3197e-05,392,1,392,392,392,4,1,4,4,4
27,20,5.1215e-05,1,5.1215e-05,5.1215e-05,5.1215e-05,390,1,390,390,390,5,1,5,5,5
27,20,5.1061e-05,1,5.1061e-05,5.1061e-05,5.1061e-05,386,1,386,386,386,4,1,4,4,4
27,20,5.2129e-05,1,5.2129e-05,5.2129e-05,5.2129e-05,378,1,378,378,378,4,1,4,4,4
27,20,5.2307e-05,1,5.2307e-05,5.2307e-05,5.2307e-05,392,1,392,392,392,5,1,5,5,5
27,20,5.1538e-05,1,5.1538e-05,5.1538e-05,5.1538e-05,383,1,383,383,383,5,1,5,5,5
27,20,7.091e-05,1,7.091e-05,7.091e-05,7.091e-05,384,1,384,384,384,4,1,4,4,4
27,20,5.4962e-05,1,5.4962e-05,5.4962e-05,5.4962e-05,396,1,396,396,396,5,1,5,5,5
27,20,5.4512e-05,1,5.4512e-05,5.4512e-05,5.4512e-05,388,1,388,388,388,4,1,4,4,4
27,20,5.1324e-05,1,5.1324e-05,5.1324e-05,5.1324e-05,380,1,380,380,380,4,1,4,4,4
27,20,5.1917e-05,1,5.1917e-05,5.1917e-05,5.1917e-05,381,1,381,381,381,5,1,5,5,5
27,20,5.3071e-05,1,5.3071e-05,5.3071e-05,5.3071e-05,393,1,393,393,393,5,1,5,5,5
27,20,5.2272e-05,1,5.2272e-05,5.2272e-05,5.2272e-05,395,1,395,395,395,5,1,5,5,5
27,20,5.1467e-05,1,5.1467e-05,5.1467e-05,5.1467e-05,381,1,381,381,381,4,1,4,4,4
27,20,5.1506e-05,1,5.1506e-05,5.1506e-05,5.1506e-05,386,1,386,386,386,4,1,4,4,4
27,20,5.2045e-05,1,5.2045e-05,5.2045e-05,5.2045e-05,386,1,386,386,386,4,1,4,4,4
27,20,5.217e-05,1,5.217e-05,5.217e-05,5.217e-05,389,1,389,389,389,5,1,5,5,5
27,20,5.2679e-05,1,5.2679e-05,5.2679e-05,5.2679e-05,390,1,390,390,390,4,1,4,4,4
27,20,5.1767e-05,1,5.1767e-05,5.1767e-05,5.1767e-05,380,1,380,380,380,4,1,4,4,4
27,20,5.0392e-05,1,5.0392e-05,5.0392e-05,5.0392e-05,381,1,381,381,381,4,1,4,4,4
27,20,5.2107e-05,1,5.2107e-05,5.2107e-05,5.2107e-05,386,1,386,386,386,4,1,4,4,4
27,20,5.2491e-05,1,5.2491e-05,5.2491e-05,5.2491e-05,384,1,384,384,384,4,1,4,4,4
27,20,5.0632e-05,1,5.0632e-05,5.0632e-05,5.0632e-05,387,1,387,387,387,4,1,4,4,4
27,20,5.1376e-05,1,5.1376e-05,5.1376e-05,5.1376e-05,385,1,385,385,385,4,1,4,4,4
27,20,5.4863e-05,1,5.4863e-05,5.4863e-05,5.4863e-05,379,1,379,379,379,4,1,4,4,4
27,20,5.5192e-05,1,5.5192e-05,5.5192e-05,5.5192e-05,384,1,384,384,384,4,1,4,4,4
27,20,5.3477e-05,1,5.3477e-05,5.3477e-05,5.3477e-05,382,1,382,382,382,4,1,4,4,4
27,20,5.001e-05,1,5.001e-05,5.001e-05,5.001e-05,380,1,380,380,380,4,1,4,4,4
27,20,5.3194e-05,1,5.3194e-05,5.3194e-05,5.3194e-05,391,1,391,391,391,5,1,5,5,5
27,20,5.2253e-05,1,5.2253e-05,5.2253e-05,5.2253e-05,388,1,388,388,388,5,1,5,5,5
27,20,5.3207e-05,1,5.3207e-05,5.3207e-05,5.3207e-05,388,1,388,388,388,5,1,5,5,5
27,20,5.2702e-05,1,5.2702e-05,5.2702e-05,5.2702e-05,382,1,382,382,382,4,1,4,4,4
27,20,5.1287e-05,1,5.1287e-05,5.1287e-05,5.1287e-05,384,1,384,384,384,4,1,4,4,4
27,20,5.0877e-05,1,5.0877e-05,5.0877e-05,5.0877e-05,392,1,392,392,392,5,1,5,5,5
27,20,5.3363e-05,1,5.3363e-05,5.3363e-05,5.3363e-05,395,1,395,395,395,5,1,5,5,5
27,20,5.1106e-05,1,5.1106e-05,5.1106e-05,5.1106e-05,382,1,382,382,382,4,1,4,4,4
27,20,5.3216e-05,1,5.3216e-05,5.3216e-05,5.3216e-05,383,1,383,383,383,4,1,4,4,4
27,20,5.2444e-05,1,5.2444e-05,5.2444e-05,5.2444e-05,398,1,398,398,398,5,1,5,5,5
27,20,5.3177e-05,1,5.3177e-05,5.3177e-05,5.3177e-05,389,1,389,389,389,4,1,4,4,4
27,20,5.0729e-05,1,5.0729e-05,5.0729e-05,5.0729e-05,380,1,380,380,380,4,1,4,4,4
27,20,5.199e-05,1,5.199e-05,5.199e-05,5.199e-05,392,1,392,392,392,5,1,5,5,5
27,20,5.1872e-05,1,5.1872e-05,5.1872e-05,5.1872e-05,389,1,389,389,389,5,1,5,5,5
27,20,5.1981e-05,1,5.1981e-05,5.1981e-05,5.1981e-05,389,1,389,389,389,4,1,4,4,4
27,20,5.1347e-05,1,5.1347e-05,5.1347e-05,5.1347e-05,381,1,381,381,381,4,1,4,4,4
27,20,5.1979e-05,1,5.1979e-05,5.1979e-05,5.1979e-05,386,1,386,386,386,5,1,5,5,5
27,20,6.9006e-05,1,6.9006e-05,6.9006e-05,6.9006e-05,379,1,379,379,379,4,1,4,4,4
27,20,5.3534e-05,1,5.3534e-05,5.3534e-05,5.3534e-05,385,1,385,385,385,4,1,4,4,4
27,20,5.1903e-05,1,5.1903e-05,5.1903e-05,5.1903e-05,380,1,380,380,380,4,1,4,4,4
27,20,7.1346e-05,1,7.1346e-05,7.1346e-05,7.1346e-05,389,1,389,389,389,4,1,4,4,4
27,20,5.1544e-05,1,5.1544e-05,5.1544e-05,5.1544e-05,384,1,384,384,384,4,1,4,4,4
27,20,5.4774e-05,1,5.4774e-05,5.4774e-05,5.4774e-05,392,1,392,392,392,4,1,4,4,4
27,20,5.3536e-05,1,5.3536e-05,5.3536e-05,5.3536e-05,381,1,381,381,381,4,1,4,4,4
27,20,5.4737e-05,1,5.4737e-05,5.4737e-05,5.4737e-05,391,1,391,391,391,5,1,5,5,5
27,20,7.0179e-05,1,7.0179e-05,7.0179e-05,7.0179e-05,379,1,379,379,379,4,1,4,4,4
27,20,5.2488e-05,1,5.2488e-05,5.2488e-05,5.2488e-05,388,1,388,388,388,5,1,5,5,5
27,20,5.2233e-05,1,5.2233e-05,5.2233e-05,5.2233e-05,389,1,389,389,389,5,1,5,5,5
27,20,5.1862e-05,1,5.1862e-05,5.1862e-05,5.1862e-05,389,1,389,389,389,4,1,4,4,4
27,20,5.3015e-05,1,5.3015e-05,5.3015e-05,5.3015e-05,380,1,380,380,380,4,1,4,4,4
27,20,5.0753e-05,1,5.0753e-05,5.0753e-05,5.0753e-05,383,1,383,383,383,4,1,4,4,4
27,20,5.0792e-05,1,5.0792e-05,5.0792e-05,5.0792e-05,388,1,388,388,388,4,1,4,4,4
27,20,5.1874e-05,1,5.1874e-05,5.1874e-05,5.1874e-05,395,1,395,395,395,5,1,5,5,5
27,20,5.1916e-05,1,5.1916e-05,5.1916e-05,5.1916e-05,379,1,379,379,379,4,1,4,4,4
27,20,5.2201e-05,1,5.2201e-05,5.2201e-05,5.2201e-05,393,1,393,393,393,5,1,5,5,5
27,20,5.2421e-05,1,5.2421e-05,5.2421e-05,5.2421e-05,386,1,386,386,386,4,1,4,4,4
27,20,5.1742e-05,1,5.1742e-05,5.1742e-05,5.1742e-05,387,1,387,387,387,4,1,4,4,4
27,20,5.2187e-05,1,5.2187e-05,5.2187e-05,5.2187e-05,378,1,378,378,378,4,1,4,4,4
27,20,5.1651e-05,1,5.1651e-05,5.1651e-05,5.1651e-05,389,1,389,389,389,5,1,5,5,5
27,20,5.2633e-05,1,5.2633e-05,5.2633e-05,5.2633e-05,383,1,383,383,383,4,1,4,4,4
27,20,5.2932e-05,1,5.2932e-05,5.2932e-05,5.2932e-05,388,1,388,388,388,5,1,5,5,5
27,20,5.1605e-05,1,5.1605e-05,5.1605e-05,5.1605e-05,386,1,386,386,386,4,1,4,4,4
27,20,5.1183e-05,1,5.1183e-05,5.1183e-05,5.1183e-05,393,1,393,393,393,5,1,5,5,5
27,20,5.1421e-05,1,5.1421e-05,5.1421e-05,5.1421e-05,386,1,386,386,386,5,1,5,5,5
27,20,5.141e-05,1,5.141e-05,5.141e-05,5.141e-05,385,1,385,385,385,4,1,4,4,4
27,20,5.1455e-05,1,5.1455e-05,5.1455e-05,5.1455e-05,393,1,393,393,393,5,1,5,5,5
27,20,5.196e-05,1,5.196e-05,5.196e-05,5.196e-05,389,1,389,389,389,4,1,4,4,4
27,20,5.2108e-05,1,5.2108e-05,5.2108e-05,5.2108e-05,393,1,393,393,393,5,1,5,5,5
27,20,5.2956e-05,1,5.2956e-05,5.2956e-05,5.2956e-05,390,1,390,390,390,5,1,5,5,5
27,20,5.2599e-05,1,5.2599e-05,5.2599e-05,5.2599e-05,389,1,389,389,389,4,1,4,4,4
27,20,5.3075e-05,1,5.3075e-05,5.3075e-05,5.3075e-05,393,1,393,393,393,5,1,5,5,5
27,20,5.1692e-05,1,5.1692e-05,5.1692e-05,5.1692e-05,384,1,384,384,384,4,1,4,4,4
27,20,5.2099e-05,1,5.2099e-05,5.2099e-05,5.2099e-05,384,1,384,384,384,4,1,4,4,4
27,20,5.176e-05,1,5.176e-05,5.176e-05,5.176e-05,390,1,390,390,390,5,1,5,5,5
27,20,8.4798e-05,1,8.4798e-05,8.4798e-05,8.4798e-05,392,1,392,392,392,5,1,5,5,5
27,20,5.1476e-05,1,5.1476e-05,5.1476e-05,5.1476e-05,387,1,387,387,387,4,1,4,4,4
27,20,5.2244e-05,1,5.2244e-05,5.2244e-05,5.2244e-05,398,1,398,398,398,5,1,5,5,5
27,20,5.5597e-05,1,5.5597e-05,5.5597e-05,5.5597e-05,387,1,387,387,387,5,1,5,5,5
27,20,5.2453e-05,1,5.2453e-05,5.2453e-05,5.2453e-05,390,1,390,390,390,4,1,4,4,4
27,20,5.1228e-05,1,5.1228e-05,5.1228e-05,5.1228e-05,387,1,387,387,387,5,1,5,5,5
27,20,5.1453e-05,1,5.1453e-05,5.1453e-05,5.1453e-05,386,1,386,386,386,5,1,5,5,5
27,20,5.2291e-05,1,5.2291e-05,5.2291e-05,5.2291e-05,389,1,389,389,389,5,1,5,5,5
27,20,5.1773e-05,1,5.1773e-05,5.1773e-05,5.1773e-05,388,1,388,388,388,5,1,5,5,5
27,20,5.1759e-05,1,5.1759e-05,5.1759e-05,5.1759e-05,385,1,385,385,385,4,1,4,4,4
27,20,5.1511e-05,1,5.1511e-05,5.1511e-05,5.1511e-05,385,1,385,385,385,4,1,4,4,4
27,20,5.1115e-05,1,5.1115e-05,5.1115e-05,5.1115e-05,381,1,381,381,381,4,1,4,4,4
27,20,5.1621e-05,1,5.1621e-05,5.1621e-05,5.1621e-05,384,1,384,384,384,4,1,4,4,4
27,20,5.1734e-05,1,5.1734e-05,5.1734e-05,5.1734e-05,394,1,394,394,394,6,1,6,6,6
27,20,5.2063e-05,1,5.2063e-05,5.2063e-05,5.2063e-05,385,1,385,385,385,4,1,4,4,4
27,20,5.1502e-05,1,5.1502e-05,5.1502e-05,5.1502e-05,384,1,384,384,384,4,1,4,4,4
27,20,5.3335e-05,1,5.3335e-05,5.3335e-05,5.3335e-05,390,1,390,390,390,5,1,5,5,5
27,20,5.2665e-05,1,5.2665e-05,5.2665e-05,5.2665e-05,387,1,387,387,387,4,1,4,4,4
27,20,5.1404e-05,1,5.1404e-05,5.1404e-05,5.1404e-05,382,1,382,382,382,4,1,4,4,4
27,20,5.1535e-05,1,5.1535e-05,5.1535e-05,5.1535e-05,389,1,389,389,389,4,1,4,4,4
27,20,5.2123e-05,1,5.2123e-05,5.2123e-05,5.2123e-05,390,1,390,390,390,5,1,5,5,5
27,20,5.1249e-05,1,5.1249e-05,5.1249e-05,5.1249e-05,385,1,385,385,385,4,1,4,4,4
27,20,5.1612e-05,1,5.1612e-05,5.1612e-05,5.1612e-05,381,1,381,381,381,4,1,4,4,4
27,20,5.0851e-05,1,5.0851e-05,5.0851e-05,5.0851e-05,387,1,387,387,387,4,1,4,4,4
27,20,5.2955e-05,1,5.2955e-05,5.2955e-05,5.2955e-05,394,1,394,394,394,5,1,5,5,5
27,20,5.1295e-05,1,5.1295e-05,5.1295e-05,5.1295e-05,387,1,387,387,387,5,1,5,5,5
27,20,5.2773e-05,1,5.2773e-05,5.2773e-05,5.2773e-05,395,1,395,395,395,5,1,5,5,5
27,20,5.2638e-05,1,5.2638e-05,5.2638e-05,5.2638e-05,390,1,390,390,390,5,1,5,5,5
27,20,5.2227e-05,1,5.2227e-05,5.2227e-05,5.2227e-05,388,1,388,388,388,4,1,4,4,4
27,20,5.3053e-05,1,5.3053e-05,5.3053e-05,5.3053e-05,384,1,384,384,384,5,1,5,5,5
27,20,5.3945e-05,1,5.3945e-05,5.3945e-05,5.3945e-05,386,1,386,386,386,4,1,4,4,4
27,20,5.2123e-05,1,5.2123e-05,5.2123e-05,5.2123e-05,383,1,383,383,383,4,1,4,4,4
27,20,5.1701e-05,1,5.1701e-05,5.1701e-05,5.1701e-05,382,1,382,382,382,4,1,4,4,4
27,20,5.174e-05,1,5.174e-05,5.174e-05,5.174e-05,388,1,388,388,388,4,1,4,4,4
27,20,5.2058e-05,1,5.2058e-05,5.2058e-05,5.2058e-05,386,1,386,386,386,5,1,5,5,5
27,20,5.2558e-05,1,5.2558e-05,5.2558e-05,5.2558e-05,393,1,393,393,393,5,1,5,5,5
27,20,5.2433e-05,1,5.2433e-05,5.2433e-05,5.2433e-05,391,1,391,391,391,5,1,5,5,5
27,20,5.4784e-05,1,5.4784e-05,5.4784e-05,5.4784e-05,397,1,397,397,397,5,1,5,5,5
27,20,5.2106e-05,1,5.2106e-05,5.2106e-05,5.2106e-05,384,1,384,384,384,4,1,4,4,4
27,20,5.1488e-05,1,5.1488e-05,5.1488e-05,5.1488e-05,382,1,382,382,382,4,1,4,4,4
27,20,5.1708e-05,1,5.1708e-05,5.1708e-05,5.1708e-05,393,1,393,393,393,5,1,5,5,5
27,20,5.1111e-05,1,5.1111e-05,5.1111e-05,5.1111e-05,385,1,385,385,385,5,1,5,5,5
27,20,5.276e-05,1,5.276e-05,5.276e-05,5.276e-05,391,1,391,391,391,4,1,4,4,4
27,20,5.1517e-05,1,5.1517e-05,5.1517e-05,5.1517e-05,391,1,391,391,391,5,1,5,5,5
27,20,5.2586e-05,1,5.2586e-05,5.2586e-05,5.2586e-05,387,1,387,387,387,5,1,5,5,5
27,20,5.268e-05,1,5.268e-05,5.268e-05,5.268e-05,390,1,390,390,390,5,1,5,5,5
27,20,5.0524e-05,1,5.0524e-05,5.0524e-05,5.0524e-05,393,1,393,393,393,5,1,5,5,5
27,20,5.2722e-05,1,5.2722e-05,5.2722e-05,5.2722e-05,393,1,393,393,393,4,1,4,4,4
27,20,5.222e-05,1,5.222e-05,5.222e-05,5.222e-05,389,1,389,389,389,5,1,5,5,5
27,20,5.1636e-05,1,5.1636e-05,5.1636e-05,5.1636e-05,394,1,394,394,394,5,1,5,5,5
27,20,5.1579e-05,1,5.1579e-05,5.1579e-05,5.1579e-05,385,1,385,385,385,4,1,4,4,4
27,20,5.2178e-05,1,5.2178e-05,5.2178e-05,5.2178e-05,394,1,394,394,394,5,1,5,5,5
27,20,5.4795e-05,1,5.4795e-05,5.4795e-05,5.4795e-05,397,1,397,397,397,5,1,5,5,5
27,20,5.4895e-05,1,5.4895e-05,5.4895e-05,5.4895e-05,391,1,391,391,391,5,1,5,5,5
27,20,5.4366e-05,1,5.4366e-05,5.4366e-05,5.4366e-05,384,1,384,384,384,4,1,4,4,4
27,20,5.1363e-05,1,5.1363e-05,5.1363e-05,5.1363e-05,385,1,385,385,385,5,1,5,5,5
27,20,5.3233e-05,1,5.3233e-05,5.3233e-05,5.3233e-05,389,1,389,389,389,5,1,5,5,5
27,20,6.0973e-05,1,6.0973e-05,6.0973e-05,6.0973e-05,386,1,386,386,386,4,1,4,4,4
27,20,5.1858e-05,1,5.1858e-05,5.1858e-05,5.1858e-05,381,1,381,381,381,4,1,4,4,4
27,20,5.2687e-05,1,5.2687e-05,5.2687e-05,5.2687e-05,385,1,385,385,385,4,1,4,4,4
27,20,5.1477e-05,1,5.1477e-05,5.1477e-05,5.1477e-05,384,1,384,384,384,4,1,4,4,4
27,20,5.1312e-05,1,5.1312e-05,5.1312e-05,5.1312e-05,382,1,382,382,382,4,1,4,4,4
27,20,7.0244e-05,1,7.0244e-05,7.0244e-05,7.0244e-05,393,1,393,393,393,5,1,5,5,5
27,20,5.2944e-05,1,5.2944e-05,5.2944e-05,5.2944e-05,388,1,388,388,388,4,1,4,4,4
27,20,5.2374e-05,1,5.2374e-05,5.2374e-05,5.2374e-05,389,1,389,389,389,4,1,4,4,4
27,20,5.388e-05,1,5.388e-05,5.388e-05,5.388e-05,385,1,385,385,385,4,1,4,4,4
27,20,7.0288e-05,1,7.0288e-05,7.0288e-05,7.0288e-05,381,1,381,381,381,4,1,4,4,4
27,20,5.3225e-05,1,5.3225e-05,5.3225e-05,5.3225e-05,395,1,395,395,395,5,1,5,5,5
27,20,5.1373e-05,1,5.1373e-05,5.1373e-05,5.1373e-05,384,1,384,384,384,5,1,5,5,5
27,20,5.2197e-05,1,5.2197e-05,5.2197e-05,5.2197e-05,391,1,391,391,391,5,1,5,5,5
27,20,5.1269e-05,1,5.1269e-05,5.1269e-05,5.1269e-05,385,1,385,385,385,4,1,4,4,4
27,20,5.0914e-05,1,5.0914e-05,5.0914e-05,5.0914e-05,391,1,391,391,391,4,1,4,4,4
27,20,5.2859e-05,1,5.2859e-05,5.2859e-05,5.2859e-05,392,1,392,392,392,4,1,4,4,4
27,20,5.1269e-05,1,5.1269e-05,5.1269e-05,5.1269e-05,388,1,388,388,388,5,1,5,5,5
27,20,5.3195e-05,1,5.3195e-05,5.3195e-05,5.3195e-05,395,1,395,395,395,5,1,5,5,5
27,20,5.2212e-05,1,5.2212e-05,5.2212e-05,5.2212e-05,389,1,389,389,389,4,1,4,4,4
27,20,5.1876e-05,1,5.1876e-05,5.1876e-05,5.1876e-05,391,1,391,391,391,5,1,5,5,5
27,20,5.2369e-05,1,5.2369e-05,5.2369e-05,5.2369e-05,385,1,385,385,385,4,1,4,4,4
27,20,5.1677e-05,1,5.1677e-05,5.1677e-05,5.1677e-05,382,1,382,382,382,4,1,4,4,4
27,20,5.1037e-05,1,5.1037e-05,5.1037e-05,5.1037e-05,391,1,391,391,391,5,1,5,5,5
27,20,6.9979e-05,1,6.9979e-05,6.9979e-05,6.9979e-05,387,1,387,387,387,5,1,5,5,5
27,20,5.4886e-05,1,5.4886e-05,5.4886e-05,5.4886e-05,385,1,385,385,385,4,1,4,4,4
27,20,5.3148e-05,1,5.3148e-05,5.3148e-05,5.3148e-05,378,1,378,378,378,3,1,3,3,3
27,20,5.6126e-05,1,5.6126e-05,5.6126e-05,5.6126e-05,390,1,390,390,390,4,1,4,4,4
27,20,5.0055e-05,1,5.0055e-05,5.0055e-05,5.0055e-05,383,1,383,383,383,4,1,4,4,4
27,20,5.0111e-05,1,5.0111e-05,5.0111e-05,5.0111e-05,374,1,374,374,374,3,1,3,3,3
27,20,5.2463e-05,1,5.2463e-05,5.2463e-05,5.2463e-05,391,1,391,391,391,4,1,4,4,4
27,20,5.2157e-05,1,5.2157e-05,5.2157e-05,5.2157e-05,390,1,390,390,390,4,1,4,4,4
27,20,5.1983e-05,1,5.1983e-05,5.1983e-05,5.1983e-05,387,1,387,387,387,5,1,5,5,5
27,20,5.1577e-05,1,5.1577e-05,5.1577e-05,5.1577e-05,395,1,395,395,395,5,1,5,5,5
27,20,5.226e-05,1,5.226e-05,5.226e-05,5.226e-05,384,1,384,384,384,4,1,4,4,4
27,20,5.0632e-05,1,5.0632e-05,5.0632e-05,5.0632e-05,386,1,386,386,386,4,1,4,4,4
27,20,5.1006e-05,1,5.1006e-05,5.1006e-05,5.1006e-05,389,1,389,389,389,4,1,4,4,4
27,20,5.2548e-05,1,5.2548e-05,5.2548e-05,5.2548e-05,390,1,390,390,390,4,1,4,4,4
27,20,5.1827e-05,1,5.1827e-05,5.1827e-05,5.1827e-05,389,1,389,389,389,5,1,5,5,5
27,20,5.1713e-05,1,5.1713e-05,5.1713e-05,5.1713e-05,385,1,385,385,385,5,1,5,5,5
27,20,5.2719e-05,1,5.2719e-05,5.2719e-05,5.2719e-05,383,1,383,383,383,4,1,4,4,4
27,20,7.1473e-05,1,7.1473e-05,7.1473e-05,7.1473e-05,385,1,385,385,385,4,1,4,4,4
27,20,6.1643e-05,1,6.1643e-05,6.1643e-05,6.1643e-05,385,1,385,385,385,4,1,4,4,4
27,20,5.409e-05,1,5.409e-05,5.409e-05,5.409e-05,391,1,391,391,391,5,1,5,5,5
27,20,5.4434e-05,1,5.4434e-05,5.4434e-05,5.4434e-05,389,1,389,389,389,5,1,5,5,5
27,20,5.5639e-05,1,5.5639e-05,5.5639e-05,5.5639e-05,384,1,384,384,384,5,1,5,5,5
27,20,5.2437e-05,1,5.2437e-05,5.2437e-05,5.2437e-05,391,1,391,391,391,5,1,5,5,5
27,20,5.1136e-05,1,5.1136e-05,5.1136e-05,5.1136e-05,389,1,389,389,389,4,1,4,4,4
27,20,5.1435e-05,1,5.1435e-05,5.1435e-05,5.1435e-05,383,1,383,383,383,4,1,4,4,4
27,20,5.2189e-05,1,5.2189e-05,5.2189e-05,5.2189e-05,386,1,386,386,386,4,1,4,4,4
27,20,5.1542e-05,1,5.1542e-05,5.1542e-05,5.1542e-05,380,1,380,380,380,4,1,4,4,4
27,20,5.1172e-05,1,5.1172e-05,5.1172e-05,5.1172e-05,388,1,388,388,388,4,1,4,4,4
27,20,5.1567e-05,1,5.1567e-05,5.1567e-05,5.1567e-05,393,1,393,393,393,5,1,5,5,5
27,20,5.1693e-05,1,5.1693e-05,5.1693e-05,5.1693e-05,395,1,395,395,395,5,1,5,5,5
27,20,5.1924e-05,1,5.1924e-05,5.1924e-05,5.1924e-05,387,1,387,387,387,4,1,4,4,4
27,20,7.0427e-05,1,7.0427e-05,7.0427e-05,7.0427e-05,380,1,380,380,380,4,1,4,4,4
27,20,5.402e-05,1,5.402e-05,5.402e-05,5.402e-05,394,1,394,394,394,5,1,5,5,5
27,20,5.1172e-05,1,5.1172e-05,5.1172e-05,5.1172e-05,387,1,387,387,387,4,1,4,4,4
27,20,6.9582e-05,1,6.9582e-05,6.9582e-05,6.9582e-05,383,1,383,383,383,4,1,4,4,4
27,20,5.1757e-05,1,5.1757e-05,5.1757e-05,5.1757e-05,390,1,390,390,390,5,1,5,5,5
27,20,5.3244e-05,1,5.3244e-05,5.3244e-05,5.3244e-05,392,1,392,392,392,5,1,5,5,5
27,20,5.1491e-05,1,5.1491e-05,5.1491e-05,5.1491e-05,388,1,388,388,388,4,1,4,4,4
27,20,5.6944e-05,1,5.6944e-05,5.6944e-05,5.6944e-05,381,1,381,381,381,4,1,4,4,4
27,20,5.1667e-05,1,5.1667e-05,5.1667e-05,5.1667e-05,384,1,384,384,384,4,1,4,4,4
27,20,5.1202e-05,1,5.1202e-05,5.1202e-05,5.1202e-05,392,1,392,392,392,5,1,5,5,5
27,20,5.0606e-05,1,5.0606e-05,5.0606e-05,5.0606e-05,391,1,391,391,391,5,1,5,5,5
27,20,5.1775e-05,1,5.1775e-05,5.1775e-05,5.1775e-05,385,1,385,385,385,5,1,5,5,5
27,20,5.5464e-05,1,5.5464e-05,5.5464e-05,5.5464e-05,390,1,390,390,390,5,1,5,5,5
27,20,5.4731e-05,1,5.4731e-05,5.4731e-05,5.4731e-05,390,1,390,390,390,4,1,4,4,4
27,20,5.3811e-05,1,5.3811e-05,5.3811e-05,5.3811e-05,377,1,377,377,377,4,1,4,4,4
27,20,5.1705e-05,1,5.1705e-05,5.1705e-05,5.1705e-05,386,1,386,386,386,4,1,4,4,4
27,20,5.1149e-05,1,5.1149e-05,5.1149e-05,5.1149e-05,386,1,386,386,386,4,1,4,4,4
27,20,5.1998e-05,1,5.1998e-05,5.1998e-05,5.1998e-05,387,1,387,387,387,4,1,4,4,4
27,20,5.0944e-05,1,5.0944e-05,5.0944e-05,5.0944e-05,388,1,388,388,388,4,1,4,4,4
27,20,5.2662e-05,1,5.2662e-05,5.2662e-05,5.2662e-05,390,1,390,390,390,5,1,5,5,5
27,20,5.1188e-05,1,5.1188e-05,5.1188e-05,5.1188e-05,392,1,392,392,392,4,1,4,4,4
27,20,5.2622e-05,1,5.2622e-05,5.2622e-05,5.2622e-05,391,1,391,391,391,5,1,5,5,5
27,20,5.0757e-05,1,5.0757e-05,5.0757e-05,5.0757e-05,384,1,384,384,384,4,1,4,4,4
27,20,5.1588e-05,1,5.1588e-05,5.1588e-05,5.1588e-05,389,1,389,389,389,4,1,4,4,4
27,20,5.1933e-05,1,5.1933e-05,5.1933e-05,5.1933e-05,386,1,386,386,386,4,1,4,4,4
27,20,5.2674e-05,1,5.2674e-05,5.2674e-05,5.2674e-05,394,1,394,394,394,5,1,5,5,5
27,20,5.2419e-05,1,5.2419e-05,5.2419e-05,5.2419e-05,396,1,396,396,396,5,1,5,5,5
27,20,5.2084e-05,1,5.2084e-05,5.2084e-05,5.2084e-05,394,1,394,394,394,5,1,5,5,5
27,20,5.1634e-05,1,5.1634e-05,5.1634e-05,5.1634e-05,383,1,383,383,383,4,1,4,4,4
27,20,5.3328e-05,1,5.3328e-05,5.3328e-05,5.3328e-05,387,1,387,387,387,5,1,5,5,5
27,20,5.1192e-05,1,5.1192e-05,5.1192e-05,5.1192e-05,385,1,385,385,385,4,1,4,4,4
27,20,5.2215e-05,1,5.2215e-05,5.2215e-05,5.2215e-05,385,1,385,385,385,5,1,5,5,5
27,20,5.2628e-05,1,5.2628e-05,5.2628e-05,5.2628e-05,395,1,395,395,395,5,1,5,5,5
27,20,5.0465e-05,1,5.0465e-05,5.0465e-05,5.0465e-05,385,1,385,385,385,4,1,4,4,4
27,20,5.1809e-05,1,5.1809e-05,5.1809e-05,5.1809e-05,391,1,391,391,391,5,1,5,5,5
27,20,5.2099e-05,1,5.2099e-05,5.2099e-05,5.2099e-05,393,1,393,393,393,5,1,5,5,5
27,20,5.1605e-05,1,5.1605e-05,5.1605e-05,5.1605e-05,386,1,386,386,386,4,1,4,4,4
27,20,6.9799e-05,1,6.9799e-05,6.9799e-05,6.9799e-05,390,1,390,390,390,4,1,4,4,4
27,20,5.5291e-05,1,5.5291e-05,5.5291e-05,5.5291e-05,393,1,393,393,393,5,1,5,5,5
27,20,5.5549e-05,1,5.5549e-05,5.5549e-05,5.5549e-05,388,1,388,388,388,5,1,5,5,5
27,20,5.4459e-05,1,5.4459e-05,5.4459e-05,5.4459e-05,389,1,389,389,389,4,1,4,4,4
27,20,5.1367e-05,1,5.1367e-05,5.1367e-05,5.1367e-05,381,1,381,381,381,4,1,4,4,4
27,20,5.3171e-05,1,5.3171e-05,5.3171e-05,5.3171e-05,385,1,385,385,385,5,1,5,5,5
27,20,5.3002e-05,1,5.3002e-05,5.3002e-05,5.3002e-05,393,1,393,393,393,5,1,5,5,5
27,20,5.1678e-05,1,5.1678e-05,5.1678e-05,5.1678e-05,379,1,379,379,379,4,1,4,4,4
27,20,5.3331e-05,1,5.3331e-05,5.3331e-05,5.3331e-05,381,1,381,381,381,4,1,4,4,4
27,20,5.1414e-05,1,5.1414e-05,5.1414e-05,5.1414e-05,380,1,380,380,380,4,1,4,4,4
27,20,5.2709e-05,1,5.2709e-05,5.2709e-05,5.2709e-05,393,1,393,393,393,5,1,5,5,5
27,20,5.255e-05,1,5.255e-05,5.255e-05,5.255e-05,396,1,396,396,396,5,1,5,5,5
27,20,5.2114e-05,1,5.2114e-05,5.2114e-05,5.2114e-05,388,1,388,388,388,4,1,4,4,4
27,20,5.0523e-05,1,5.0523e-05,5.0523e-05,5.0523e-05,381,1,381,381,381,4,1,4,4,4
27,20,5.1847e-05,1,5.1847e-05,5.1847e-05,5.1847e-05,393,1,393,393,393,5,1,5,5,5
27,20,5.23e-05,1,5.23e-05,5.23e-05,5.23e-05,390,1,390,390,390,5,1,5,5,5
27,20,5.0928e-05,1,5.0928e-05,5.0928e-05,5.0928e-05,386,1,386,386,386,4,1,4,4,4
27,20,6.9381e-05,1,6.9381e-05,6.9381e-05,6.9381e-05,390,1,390,390,390,4,1,4,4,4
27,20,6.8952e-05,1,6.8952e-05,6.8952e-05,6.8952e-05,385,1,385,385,385,4,1,4,4,4
27,20,7.1098e-05,1,7.1098e-05,7.1098e-05,7.1098e-05,393,1,393,393,393,4,1,4,4,4
27,20,5.5719e-05,1,5.5719e-05,5.5719e-05,5.5719e-05,398,1,398,398,398,5,1,5,5,5
27,20,5.1547e-05,1,5.1547e-05,5.1547e-05,5.1547e-05,399,1,399,399,399,5,1,5,5,5
27,20,5.1191e-05,1,5.1191e-05,5.1191e-05,5.1191e-05,387,1,387,387,387,4,1,4,4,4
27,20,5.1568e-05,1,5.1568e-05,5.1568e-05,5.1568e-05,388,1,388,388,388,5,1,5,5,5
27,20,5.0818e-05,1,5.0818e-05,5.0818e-05,5.0818e-05,386,1,386,386,386,4,1,4,4,4
27,20,5.2007e-05,1,5.2007e-05,5.2007e-05,5.2007e-05,386,1,386,386,386,5,1,5,5,5
27,20,5.1157e-05,1,5.1157e-05,5.1157e-05,5.1157e-05,380,1,380,380,380,4,1,4,4,4
27,20,5.1257e-05,1,5.1257e-05,5.1257e-05,5.1257e-05,393,1,393,393,393,5,1,5,5,5
27,20,5.1746e-05,1,5.1746e-05,5.1746e-05,5.1746e-05,390,1,390,390,390,5,1,5,5,5
27,20,5.0858e-05,1,5.0858e-05,5.0858e-05,5.0858e-05,386,1,386,386,386,4,1,4,4,4
27,20,5.2437e-05,1,5.2437e-05,5.2437e-05,5.2437e-05,392,1,392,392,392,4,1,4,4,4
27,20,5.2182e-05,1,5.2182e-05,5.2182e-05,5.2182e-05,392,1,392,392,392,5,1,5,5,5
27,20,5.2525e-05,1,5.2525e-05,5.2525e-05,5.2525e-05,397,1,397,397,397,5,1,5,5,5
27,20,5.2209e-05,1,5.2209e-05,5.2209e-05,5.2209e-05,381,1,381,381,381,4,1,4,4,4
27,20,5.1857e-05,1,5.1857e-05,5.1857e-05,5.1857e-05,388,1,388,388,388,4,1,4,4,4
27,20,5.1781e-05,1,5.1781e-05,5.1781e-05,5.1781e-05,391,1,391,391,391,5,1,5,5,5
27,20,5.1806e-05,1,5.1806e-05,5.1806e-05,5.1806e-05,392,1,392,392,392,5,1,5,5,5
27,20,5.0547e-05,1,5.0547e-05,5.0547e-05,5.0547e-05,380,1,380,380,380,4,1,4,4,4
27,20,5.1327e-05,1,5.1327e-05,5.1327e-05,5.1327e-05,384,1,384,384,384,4,1,4,4,4
27,20,5.1779e-05,1,5.1779e-05,5.1779e-05,5.1779e-05,383,1,383,383,383,4,1,4,4,4
27,20,5.2523e-05,1,5.2523e-05,5.2523e-05,5.2523e-05,383,1,383,383,383,4,1,4,4,4
27,20,5.1537e-05,1,5.1537e-05,5.1537e-05,5.1537e-05,380,1,380,380,380,4,1,4,4,4
27,20,5.2671e-05,1,5.2671e-05,5.2671e-05,5.2671e-05,386,1,386,386,386,4,1,4,4,4
27,20,5.2037e-05,1,5.2037e-05,5.2037e-05,5.2037e-05,387,1,387,387,387,4,1,4,4,4
27,20,5.1318e-05,1,5.1318e-05,5.1318e-05,5.1318e-05,388,1,388,388,388,4,1,4,4,4
27,20,5.5282e-05,1,5.5282e-05,5.5282e-05,5.5282e-05,388,1,388,388,388,5,1,5,5,5
27,20,5.424e-05,1,5.424e-05,5.424e-05,5.424e-05,384,1,384,384,384,4,1,4,4,4
27,20,5.3655e-05,1,5.3655e-05,5.3655e-05,5.3655e-05,388,1,388,388,388,4,1,4,4,4
27,20,5.1648e-05,1,5.1648e-05,5.1648e-05,5.1648e-05,386,1,386,386,386,4,1,4,4,4
27,20,5.2695e-05,1,5.2695e-05,5.2695e-05,5.2695e-05,380,1,380,380,380,4,1,4,4,4
27,20,5.1467e-05,1,5.1467e-05,5.1467e-05,5.1467e-05,385,1,385,385,385,4,1,4,4,4
27,20,5.238e-05,1,5.238e-05,5.238e-05,5.238e-05,391,1,391,391,391,4,1,4,4,4
27,20,5.1989e-05,1,5.1989e-05,5.1989e-05,5.1989e-05,385,1,385,385,385,4,1,4,4,4
27,20,5.093e-05,1,5.093e-05,5.093e-05,5.093e-05,387,1,387,387,387,4,1,4,4,4
27,20,5.1345e-05,1,5.1345e-05,5.1345e-05,5.1345e-05,386,1,386,386,386,5,1,5,5,5
27,20,5.0866e-05,1,5.0866e-05,5.0866e-05,5.0866e-05,385,1,385,385,385,4,1,4,4,4
27,20,5.2618e-05,1,5.2618e-05,5.2618e-05,5.2618e-05,390,1,390,390,390,4,1,4,4,4
27,20,5.2259e-05,1,5.2259e-05,5.2259e-05,5.2259e-05,390,1,390,390,390,5,1,5,5,5
27,20,5.5239e-05,1,5.5239e-05,5.5239e-05,5.5239e-05,384,1,384,384,384,5,1,5,5,5
27,20,5.5367e-05,1,5.5367e-05,5.5367e-05,5.5367e-05,393,1,393,393,393,5,1,5,5,5
27,20,5.3947e-05,1,5.3947e-05,5.3947e-05,5.3947e-05,390,1,390,390,390,4,1,4,4,4
27,20,5.1227e-05,1,5.1227e-05,5.1227e-05,5.1227e-05,389,1,389,389,389,5,1,5,5,5
27,20,5.2831e-05,1,5.2831e-05,5.2831e-05,5.2831e-05,395,1,395,395,395,5,1,5,5,5
27,20,5.2154e-05,1,5.2154e-05,5.2154e-05,5.2154e-05,393,1,393,393,393,5,1,5,5,5
27,20,5.1715e-05,1,5.1715e-05,5.1715e-05,5.1715e-05,386,1,386,386,386,4,1,4,4,4
27,20,5.2231e-05,1,5.2231e-05,5.2231e-05,5.2231e-05,392,1,392,392,392,5,1,5,5,5
27,20,5.0767e-05,1,5.0767e-05,5.0767e-05,5.0767e-05,379,1,379,379,379,4,1,4,4,4
27,20,5.1276e-05,1,5.1276e-05,5.1276e-05,5.1276e-05,389,1,389,389,389,5,1,5,5,5
27,20,5.3322e-05,1,5.3322e-05,5.3322e-05,5.3322e-05,381,1,381,381,381,4,1,4,4,4
27,20,5.2944e-05,1,5.2944e-05,5.2944e-05,5.2944e-05,398,1,398,398,398,5,1,5,5,5
27,20,5.2865e-05,1,5.2865e-05,5.2865e-05,5.2865e-05,394,1,394,394,394,5,1,5,5,5
27,20,5.0896e-05,1,5.0896e-05,5.0896e-05,5.0896e-05,386,1,386,386,386,4,1,4,4,4
27,20,5.6126e-05,1,5.6126e-05,5.6126e-05,5.6126e-05,387,1,387,387,387,5,1,5,5,5
27,20,5.2853e-05,1,5.2853e-05,5.2853e-05,5.2853e-05,383,1,383,383,383,5,1,5,5,5
27,20,5.1387e-05,1,5.1387e-05,5.1387e-05,5.1387e-05,386,1,386,386,386,5,1,5,5,5
27,20,5.0285e-05,1,5.0285e-05,5.0285e-05,5.0285e-05,393,1,393,393,393,5,1,5,5,5
27,20,5.2315e-05,1,5.2315e-05,5.2315e-05,5.2315e-05,389,1,389,389,389,4,1,4,4,4
27,20,5.2948e-05,1,5.2948e-05,5.2948e-05,5.2948e-05,384,1,384,384,384,4,1,4,4,4
27,20,5.1122e-05,1,5.1122e-05,5.1122e-05,5.1122e-05,388,1,388,388,388,4,1,4,4,4
27,20,5.1455e-05,1,5.1455e-05,5.1455e-05,5.1455e-05,385,1,385,385,385,5,1,5,5,5
27,20,6.9361e-05,1,6.9361e-05,6.9361e-05,6.9361e-05,387,1,387,387,387,4,1,4,4,4
27,20,5.3952e-05,1,5.3952e-05,5.3952e-05,5.3952e-05,389,1,389,389,389,4,1,4,4,4
27,20,5.3644e-05,1,5.3644e-05,5.3644e-05,5.3644e-05,390,1,390,390,390,5,1,5,5,5
27,20,5.4881e-05,1,5.4881e-05,5.4881e-05,5.4881e-05,394,1,394,394,394,5,1,5,5,5
27,20,5.1899e-05,1,5.1899e-05,5.1899e-05,5.1899e-05,388,1,388,388,388,5,1,5,5,5
27,20,5.1601e-05,1,5.1601e-05,5.1601e-05,5.1601e-05,382,1,382,382,382,4,1,4,4,4
27,20,5.1553e-05,1,5.1553e-05,5.1553e-05,5.1553e-05,390,1,390,390,390,5,1,5,5,5
27,20,5.1394e-05,1,5.1394e-05,5.1394e-05,5.1394e-05,392,1,392,392,392,5,1,5,5,5
27,20,5.518e-05,1,5.518e-05,5.518e-05,5.518e-05,383,1,383,383,383,4,1,4,4,4
27,20,5.4111e-05,1,5.4111e-05,5.4111e-05,5.4111e-05,389,1,389,389,389,4,1,4,4,4
27,20,7.12e-05,1,7.12e-05,7.12e-05,7.12e-05,385,1,385,385,385,4,1,4,4,4
27,20,5.1261e-05,1,5.1261e-05,5.1261e-05,5.1261e-05,389,1,389,389,389,4,1,4,4,4
27,20,6.6114e-05,1,6.6114e-05,6.6114e-05,6.6114e-05,386,1,386,386,386,4,1,4,4,4
27,20,5.2413e-05,1,5.2413e-05,5.2413e-05,5.2413e-05,381,1,381,381,381,4,1,4,4,4
27,20,6.8529e-05,1,6.8529e-05,6.8529e-05,6.8529e-05,390,1,390,390,390,5,1,5,5,5
27,20,5.5212e-05,1,5.5212e-05,5.5212e-05,5.5212e-05,387,1,387,387,387,4,1,4,4,4
27,20,5.4851e-05,1,5.4851e-05,5.4851e-05,5.4851e-05,390,1,390,390,390,4,1,4,4,4
27,20,5.4439e-05,1,5.4439e-05,5.4439e-05,5.4439e-05,388,1,388,388,388,5,1,5,5,5
27,20,6.9013e-05,1,6.9013e-05,6.9013e-05,6.9013e-05,382,1,382,382,382,4,1,4,4,4
27,20,5.1412e-05,1,5.1412e-05,5.1412e-05,5.1412e-05,389,1,389,389,389,4,1,4,4,4
27,20,5.0901e-05,1,5.0901e-05,5.0901e-05,5.0901e-05,379,1,379,379,379,4,1,4,4,4
27,20,5.2129e-05,1,5.2129e-05,5.2129e-05,5.2129e-05,389,1,389,389,389,4,1,4,4,4
27,20,7.0033e-05,1,7.0033e-05,7.0033e-05,7.0033e-05,385,1,385,385,385,4,1,4,4,4
27,20,5.4417e-05,1,5.4417e-05,5.4417e-05,5.4417e-05,388,1,388,388,388,4,1,4,4,4
27,20,5.4368e-05,1,5.4368e-05,5.4368e-05,5.4368e-05,394,1,394,394,394,4,1,4,4,4
27,20,5.4681e-05,1,5.4681e-05,5.4681e-05,5.4681e-05,388,1,388,388,388,5,1,5,5,5
27,20,5.1603e-05,1,5.1603e-05,5.1603e-05,5.1603e-05,388,1,388,388,388,4,1,4,4,4
27,20,5.2312e-05,1,5.2312e-05,5.2312e-05,5.2312e-05,394,1,394,394,394,5,1,5,5,5
27,20,5.1074e-05,1,5.1074e-05,5.1074e-05,5.1074e-05,390,1,390,390,390,5,1,5,5,5
27,20,5.213e-05,1,5.213e-05,5.213e-05,5.213e-05,391,1,391,391,391,5,1,5,5,5
27,20,5.2366e-05,1,5.2366e-05,5.2366e-05,5.2366e-05,396,1,396,396,396,5,1,5,5,5
27,20,5.2245e-05,1,5.2245e-05,5.2245e-05,5.2245e-05,388,1,388,388,388,5,1,5,5,5
27,20,5.7533e-05,1,5.7533e-05,5.7533e-05,5.7533e-05,384,1,384,384,384,4,1,4,4,4
27,20,5.2066e-05,1,5.2066e-05,5.2066e-05,5.2066e-05,387,1,387,387,387,4,1,4,4,4
27,20,5.113e-05,1,5.113e-05,5.113e-05,5.113e-05,390,1,390,390,390,4,1,4,4,4
27,20,5.091e-05,1,5.091e-05,5.091e-05,5.091e-05,385,1,385,385,385,4,1,4,4,4
27,20,5.1785e-05,1,5.1785e-05,5.1785e-05,5.1785e-05,382,1,382,382,382,4,1,4,4,4
27,20,5.2264e-05,1,5.2264e-05,5.2264e-05,5.2264e-05,384,1,384,384,384,4,1,4,4,4
27,20,5.1628e-05,1,5.1628e-05,5.1628e-05,5.1628e-05,379,1,379,379,379,4,1,4,4,4
27,20,5.1995e-05,1,5.1995e-05,5.1995e-05,5.1995e-05,387,1,387,387,387,4,1,4,4,4
27,20,5.1239e-05,1,5.1239e-05,5.1239e-05,5.1239e-05,393,1,393,393,393,4,1,4,4,4
27,20,5.436e-05,1,5.436e-05,5.436e-05,5.436e-05,388,1,388,388,388,4,1,4,4,4
27,20,5.1362e-05,1,5.1362e-05,5.1362e-05,5.1362e-05,384,1,384,384,384,4,1,4,4,4
27,20,5.2612e-05,1,5.2612e-05,5.2612e-05,5.2612e-05,394,1,394,394,394,4,1,4,4,4
27,20,5.14e-05,1,5.14e-05,5.14e-05,5.14e-05,386,1,386,386,386,4,1,4,4,4
27,20,5.2656e-05,1,5.2656e-05,5.2656e-05,5.2656e-05,385,1,385,385,385,4,1,4,4,4
27,20,5.1749e-05,1,5.1749e-05,5.1749e-05,5.1749e-05,389,1,389,389,389,5,1,5,5,5
27,20,5.1421e-05,1,5.1421e-05,5.1421e-05,5.1421e-05,385,1,385,385,385,4,1,4,4,4
27,20,5.1816e-05,1,5.1816e-05,5.1816e-05,5.1816e-05,388,1,388,388,388,4,1,4,4,4
27,20,5.5377e-05,1,5.5377e-05,5.5377e-05,5.5377e-05,388,1,388,388,388,4,1,4,4,4
27,20,5.2319e-05,1,5.2319e-05,5.2319e-05,5.2319e-05,381,1,381,381,381,4,1,4,4,4
27,20,5.3677e-05,1,5.3677e-05,5.3677e-05,5.3677e-05,396,1,396,396,396,5,1,5,5,5
27,20,7.0883e-05,1,7.0883e-05,7.0883e-05,7.0883e-05,391,1,391,391,391,5,1,5,5,5
27,20,5.2504e-05,1,5.2504e-05,5.2504e-05,5.2504e-05,388,1,388,388,388,4,1,4,4,4
27,20,5.2672e-05,1,5.2672e-05,5.2672e-05,5.2672e-05,392,1,392,392,392,4,1,4,4,4
27,20,5.1177e-05,1,5.1177e-05,5.1177e-05,5.1177e-05,390,1,390,390,390,4,1,4,4,4
27,20,5.2351e-05,1,5.2351e-05,5.2351e-05,5.2351e-05,387,1,387,387,387,4,1,4,4,4
27,20,5.2106e-05,1,5.2106e-05,5.2106e-05,5.2106e-05,382,1,382,382,382,4,1,4,4,4
27,20,5.3775e-05,1,5.3775e-05,5.3775e-05,5.3775e-05,387,1,387,387,387,5,1,5,5,5
27,20,5.1689e-05,1,5.1689e-05,5.1689e-05,5.1689e-05,387,1,387,387,387,4,1,4,4,4
27,20,5.2396e-05,1,5.2396e-05,5.2396e-05,5.2396e-05,391,1,391,391,391,5,1,5,5,5
27,20,5.3425e-05,1,5.3425e-05,5.3425e-05,5.3425e-05,391,1,391,391,391,5,1,5,5,5
27,20,5.134e-05,1,5.134e-05,5.134e-05,5.134e-05,382,1,382,382,382,4,1,4,4,4
27,20,5.1993e-05,1,5.1993e-05,5.1993e-05,5.1993e-05,382,1,382,382,382,4,1,4,4,4
27,20,7.0371e-05,1,7.0371e-05,7.0371e-05,7.0371e-05,384,1,384,384,384,5,1,5,5,5
27,20,7.0922e-05,1,7.0922e-05,7.0922e-05,7.0922e-05,389,1,389,389,389,5,1,5,5,5
27,20,5.2916e-05,1,5.2916e-05,5.2916e-05,5.2916e-05,391,1,391,391,391,4,1,4,4,4
27,20,5.1093e-05,1,5.1093e-05,5.1093e-05,5.1093e-05,382,1,382,382,382,4,1,4,4,4
27,20,7.0771e-05,1,7.0771e-05,7.0771e-05,7.0771e-05,387,1,387,387,387,5,1,5,5,5
27,20,5.5226e-05,1,5.5226e-05,5.5226e-05,5.5226e-05,391,1,391,391,391,5,1,5,5,5
27,20,5.5337e-05,1,5.5337e-05,5.5337e-05,5.5337e-05,391,1,391,391,391,4,1,4,4,4
27,20,7.1878e-05,1,7.1878e-05,7.1878e-05,7.1878e-05,394,1,394,394,394,5,1,5,5,5
27,20,5.6876e-05,1,5.6876e-05,5.6876e-05,5.6876e-05,394,1,394,394,394,5,1,5,5,5
27,20,5.1957e-05,1,5.1957e-05,5.1957e-05,5.1957e-05,386,1,386,386,386,4,1,4,4,4
27,20,5.1548e-05,1,5.1548e-05,5.1548e-05,5.1548e-05,384,1,384,384,384,4,1,4,4,4
27,20,5.5285e-05,1,5.5285e-05,5.5285e-05,5.5285e-05,384,1,384,384,384,4,1,4,4,4
27,20,5.4033e-05,1,5.4033e-05,5.4033e-05,5.4033e-05,388,1,388,388,388,4,1,4,4,4
27,20,5.4483e-05,1,5.4483e-05,5.4483e-05,5.4483e-05,392,1,392,392,392,4,1,4,4,4
27,20,5.4825e-05,1,5.4825e-05,5.4825e-05,5.4825e-05,387,1,387,387,387,4,1,4,4,4
27,20,5.2761e-05,1,5.2761e-05,5.2761e-05,5.2761e-05,391,1,391,391,391,5,1,5,5,5
27,20,5.2911e-05,1,5.2911e-05,5.2911e-05,5.2911e-05,382,1,382,382,382,4,1,4,4,4
27,20,5.1383e-05,1,5.1383e-05,5.1383e-05,5.1383e-05,383,1,383,383,383,4,1,4,4,4
27,20,5.3022e-05,1,5.3022e-05,5.3022e-05,5.3022e-05,385,1,385,385,385,4,1,4,4,4
27,20,5.2143e-05,1,5.2143e-05,5.2143e-05,5.2143e-05,391,1,391,391,391,4,1,4,4,4
27,20,5.1375e-05,1,5.1375e-05,5.1375e-05,5.1375e-05,386,1,386,386,386,5,1,5,5,5
27,20,5.125e-05,1,5.125e-05,5.125e-05,5.125e-05,379,1,379,379,379,4,1,4,4,4
27,20,5.1301e-05,1,5.1301e-05,5.1301e-05,5.1301e-05,383,1,383,383,383,4,1,4,4,4
27,20,5.2152e-05,1,5.2152e-05,5.2152e-05,5.2152e-05,400,1,400,400,400,5,1,5,5,5
27,20,5.1413e-05,1,5.1413e-05,5.1413e-05,5.1413e-05,393,1,393,393,393,5,1,5,5,5
27,20,5.2236e-05,1,5.2236e-05,5.2236e-05,5.2236e-05,387,1,387,387,387,5,1,5,5,5
27,20,5.0397e-05,1,5.0397e-05,5.0397e-05,5.0397e-05,381,1,381,381,381,4,1,4,4,4
27,20,5.1902e-05,1,5.1902e-05,5.1902e-05,5.1902e-05,388,1,388,388,388,4,1,4,4,4
27,20,5.3525e-05,1,5.3525e-05,5.3525e-05,5.3525e-05,391,1,391,391,391,4,1,4,4,4
27,20,5.3946e-05,1,5.3946e-05,5.3946e-05,5.3946e-05,389,1,389,389,389,5,1,5,5,5
27,20,7.0866e-05,1,7.0866e-05,7.0866e-05,7.0866e-05,391,1,391,391,391,5,1,5,5,5
27,20,5.4748e-05,1,5.4748e-05,5.4748e-05,5.4748e-05,393,1,393,393,393,5,1,5,5,5
27,20,5.5185e-05,1,5.5185e-05,5.5185e-05,5.5185e-05,395,1,395,395,395,5,1,5,5,5
27,20,5.5194e-05,1,5.5194e-05,5.5194e-05,5.5194e-05,390,1,390,390,390,4,1,4,4,4
27,20,5.408e-05,1,5.408e-05,5.408e-05,5.408e-05,387,1,387,387,387,4,1,4,4,4
27,20,5.1837e-05,1,5.1837e-05,5.1837e-05,5.1837e-05,387,1,387,387,387,5,1,5,5,5
27,20,5.2254e-05,1,5.2254e-05,5.2254e-05,5.2254e-05,384,1,384,384,384,4,1,4,4,4
27,20,5.2955e-05,1,5.2955e-05,5.2955e-05,5.2955e-05,395,1,395,395,395,5,1,5,5,5
27,20,5.2672e-05,1,5.2672e-05,5.2672e-05,5.2672e-05,390,1,390,390,390,4,1,4,4,4
27,20,5.3276e-05,1,5.3276e-05,5.3276e-05,5.3276e-05,396,1,396,396,396,5,1,5,5,5
27,20,5.0407e-05,1,5.0407e-05,5.0407e-05,5.0407e-05,383,1,383,383,383,4,1,4,4,4
27,20,5.6178e-05,1,5.6178e-05,5.6178e-05,5.6178e-05,388,1,388,388,388,4,1,4,4,4
27,20,5.4162e-05,1,5.4162e-05,5.4162e-05,5.4162e-05,385,1,385,385,385,4,1,4,4,4
27,20,5.1613e-05,1,5.1613e-05,5.1613e-05,5.1613e-05,384,1,384,384,384,4,1,4,4,4
27,20,5.1786e-05,1,5.1786e-05,5.1786e-05,5.1786e-05,389,1,389,389,389,4,1,4,4,4
27,20,5.1693e-05,1,5.1693e-05,5.1693e-05,5.1693e-05,389,1,389,389,389,5,1,5,5,5
27,20,5.2162e-05,1,5.2162e-05,5.2162e-05,5.2162e-05,394,1,394,394,394,5,1,5,5,5
27,20,5.1726e-05,1,5.1726e-05,5.1726e-05,5.1726e-05,389,1,389,389,389,4,1,4,4,4
27,20,5.0988e-05,1,5.0988e-05,5.0988e-05,5.0988e-05,383,1,383,383,383,4,1,4,4,4
27,20,5.1477e-05,1,5.1477e-05,5.1477e-05,5.1477e-05,383,1,383,383,383,4,1,4,4,4
27,20,5.1434e-05,1,5.1434e-05,5.1434e-05,5.1434e-05,382,1,382,382,382,4,1,4,4,4
27,20,5.2732e-05,1,5.2732e-05,5.2732e-05,5.2732e-05,387,1,387,387,387,5,1,5,5,5
27,20,4.9874e-05,1,4.9874e-05,4.9874e-05,4.9874e-05,386,1,386,386,386,4,1,4,4,4
27,20,5.1236e-05,1,5.1236e-05,5.1236e-05,5.1236e-05,385,1,385,385,385,4,1,4,4,4
27,20,5.1851e-05,1,5.1851e-05,5.1851e-05,5.1851e-05,387,1,387,387,387,4,1,4,4,4
27,20,5.1363e-05,1,5.1363e-05,5.1363e-05,5.1363e-05,388,1,388,388,388,4,1,4,4,4
27,20,5.1826e-05,1,5.1826e-05,5.1826e-05,5.1826e-05,389,1,389,389,389,5,1,5,5,5
27,20,5.1602e-05,1,5.1602e-05,5.1602e-05,5.1602e-05,380,1,380,380,380,4,1,4,4,4
27,20,5.1003e-05,1,5.1003e-05,5.1003e-05,5.1003e-05,389,1,389,389,389,5,1,5,5,5
27,20,5.0442e-05,1,5.0442e-05,5.0442e-05,5.0442e-05,382,1,382,382,382,4,1,4,4,4
27,20,5.2557e-05,1,5.2557e-05,5.2557e-05,5.2557e-05,396,1,396,396,396,5,1,5,5,5
27,20,5.2178e-05,1,5.2178e-05,5.2178e-05,5.2178e-05,385,1,385,385,385,4,1,4,4,4
27,20,5.2411e-05,1,5.2411e-05,5.2411e-05,5.2411e-05,390,1,390,390,390,4,1,4,4,4
27,20,5.0184e-05,1,5.0184e-05,5.0184e-05,5.0184e-05,380,1,380,380,380,4,1,4,4,4
27,20,5.2445e-05,1,5.2445e-05,5.2445e-05,5.2445e-05,387,1,387,387,387,5,1,5,5,5
27,20,5.2498e-05,1,5.2498e-05,5.2498e-05,5.2498e-05,396,1,396,396,396,5,1,5,5,5
27,20,5.2187e-05,1,5.2187e-05,5.2187e-05,5.2187e-05,382,1,382,382,382,4,1,4,4,4
27,20,5.2211e-05,1,5.2211e-05,5.2211e-05,5.2211e-05,390,1,390,390,390,4,1,4,4,4
27,20,5.4988e-05,1,5.4988e-05,5.4988e-05,5.4988e-05,387,1,387,387,387,5,1,5,5,5
27,20,5.4606e-05,1,5.4606e-05,5.4606e-05,5.4606e-05,381,1,381,381,381,4,1,4,4,4
27,20,5.5687e-05,1,5.5687e-05,5.5687e-05,5.5687e-05,387,1,387,387,387,5,1,5,5,5
27,20,5.4675e-05,1,5.4675e-05,5.4675e-05,5.4675e-05,383,1,383,383,383,4,1,4,4,4
27,20,5.5711e-05,1,5.5711e-05,5.5711e-05,5.5711e-05,382,1,382,382,382,4,1,4,4,4
27,20,5.2288e-05,1,5.2288e-05,5.2288e-05,5.2288e-05,386,1,386,386,386,5,1,5,5,5
27,20,5.2924e-05,1,5.2924e-05,5.2924e-05,5.2924e-05,390,1,390,390,390,4,1,4,4,4
27,20,5.1834e-05,1,5.1834e-05,5.1834e-05,5.1834e-05,397,1,397,397,397,5,1,5,5,5
27,20,5.3188e-05,1,5.3188e-05,5.3188e-05,5.3188e-05,391,1,391,391,391,5,1,5,5,5
27,20,5.2317e-05,1,5.2317e-05,5.2317e-05,5.2317e-05,384,1,384,384,384,4,1,4,4,4
27,20,5.0429e-05,1,5.0429e-05,5.0429e-05,5.0429e-05,385,1,385,385,385,5,1,5,5,5
27,20,5.2261e-05,1,5.2261e-05,5.2261e-05,5.2261e-05,390,1,390,390,390,4,1,4,4,4
27,20,5.1421e-05,1,5.1421e-05,5.1421e-05,5.1421e-05,388,1,388,388,388,4,1,4,4,4
27,20,5.2188e-05,1,5.2188e-05,5.2188e-05,5.2188e-05,388,1,388,388,388,5,1,5,5,5
27,20,5.186e-05,1,5.186e-05,5.186e-05,5.186e-05,383,1,383,383,383,4,1,4,4,4
27,20,5.1239e-05,1,5.1239e-05,5.1239e-05,5.1239e-05,391,1,391,391,391,5,1,5,5,5
27,20,5.1833e-05,1,5.1833e-05,5.1833e-05,5.1833e-05,390,1,390,390,390,4,1,4,4,4
27,20,5.1601e-05,1,5.1601e-05,5.1601e-05,5.1601e-05,396,1,396,396,396,5,1,5,5,5
27,20,5.1567e-05,1,5.1567e-05,5.1567e-05,5.1567e-05,380,1,380,380,380,4,1,4,4,4
27,20,5.0767e-05,1,5.0767e-05,5.0767e-05,5.0767e-05,387,1,387,387,387,5,1,5,5,5
27,20,5.1824e-05,1,5.1824e-05,5.1824e-05,5.1824e-05,389,1,389,389,389,4,1,4,4,4
27,20,5.1976e-05,1,5.1976e-05,5.1976e-05,5.1976e-05,387,1,387,387,387,4,1,4,4,4
27,20,5.69e-05,1,5.69e-05,5.69e-05,5.69e-05,384,1,384,384,384,4,1,4,4,4
27,20,5.1744e-05,1,5.1744e-05,5.1744e-05,5.1744e-05,394,1,394,394,394,5,1,5,5,5
27,20,5.1636e-05,1,5.1636e-05,5.1636e-05,5.1636e-05,388,1,388,388,388,4,1,4,4,4
27,20,5.1512e-05,1,5.1512e-05,5.1512e-05,5.1512e-05,379,1,379,379,379,4,1,4,4,4
27,20,7.1665e-05,1,7.1665e-05,7.1665e-05,7.1665e-05,385,1,385,385,385,4,1,4,4,4
27,20,5.4904e-05,1,5.4904e-05,5.4904e-05,5.4904e-05,388,1,388,388,388,4,1,4,4,4
27,20,5.4967e-05,1,5.4967e-05,5.4967e-05,5.4967e-05,384,1,384,384,384,5,1,5,5,5
27,20,5.4943e-05,1,5.4943e-05,5.4943e-05,5.4943e-05,395,1,395,395,395,5,1,5,5,5
27,20,5.3175e-05,1,5.3175e-05,5.3175e-05,5.3175e-05,389,1,389,389,389,5,1,5,5,5
27,20,5.1085e-05,1,5.1085e-05,5.1085e-05,5.1085e-05,386,1,386,386,386,4,1,4,4,4
27,20,5.1443e-05,1,5.1443e-05,5.1443e-05,5.1443e-05,388,1,388,388,388,5,1,5,5,5
27,20,5.1232e-05,1,5.1232e-05,5.1232e-05,5.1232e-05,394,1,394,394,394,5,1,5,5,5
27,20,5.0375e-05,1,5.0375e-05,5.0375e-05,5.0375e-05,387,1,387,387,387,4,1,4,4,4
27,20,5.1929e-05,1,5.1929e-05,5.1929e-05,5.1929e-05,382,1,382,382,382,5,1,5,5,5
27,20,5.2314e-05,1,5.2314e-05,5.2314e-05,5.2314e-05,384,1,384,384,384,4,1,4,4,4
27,20,5.149e-05,1,5.149e-05,5.149e-05,5.149e-05,381,1,381,381,381,4,1,4,4,4
27,20,5.138e-05,1,5.138e-05,5.138e-05,5.138e-05,386,1,386,386,386,4,1,4,4,4
27,20,5.2375e-05,1,5.2375e-05,5.2375e-05,5.2375e-05,389,1,389,389,389,5,1,5,5,5
27,20,5.049e-05,1,5.049e-05,5.049e-05,5.049e-05,391,1,391,391,391,5,1,5,5,5
27,20,5.1581e-05,1,5.1581e-05,5.1581e-05,5.1581e-05,383,1,383,383,383,5,1,5,5,5
27,20,5.1417e-05,1,5.1417e-05,5.1417e-05,5.1417e-05,384,1,384,384,384,4,1,4,4,4
27,20,5.1652e-05,1,5.1652e-05,5.1652e-05,5.1652e-05,381,1,381,381,381,4,1,4,4,4
27,20,5.5701e-05,1,5.5701e-05,5.5701e-05,5.5701e-05,403,1,403,403,403,5,1,5,5,5
27,20,5.4445e-05,1,5.4445e-05,5.4445e-05,5.4445e-05,383,1,383,383,383,4,1,4,4,4
27,20,5.4324e-05,1,5.4324e-05,5.4324e-05,5.4324e-05,387,1,387,387,387,4,1,4,4,4
27,20,5.074e-05,1,5.074e-05,5.074e-05,5.074e-05,378,1,378,378,378,3,1,3,3,3
27,20,5.1294e-05,1,5.1294e-05,5.1294e-05,5.1294e-05,387,1,387,387,387,4,1,4,4,4
27,20,5.2775e-05,1,5.2775e-05,5.2775e-05,5.2775e-05,395,1,395,395,395,5,1,5,5,5
27,20,5.1811e-05,1,5.1811e-05,5.1811e-05,5.1811e-05,394,1,394,394,394,5,1,5,5,5
27,20,5.1715e-05,1,5.1715e-05,5.1715e-05,5.1715e-05,387,1,387,387,387,4,1,4,4,4
27,20,5.0919e-05,1,5.0919e-05,5.0919e-05,5.0919e-05,384,1,384,384,384,4,1,4,4,4
27,20,5.1996e-05,1,5.1996e-05,5.1996e-05,5.1996e-05,387,1,387,387,387,4,1,4,4,4
27,20,5.1617e-05,1,5.1617e-05,5.1617e-05,5.1617e-05,373,1,373,373,373,3,1,3,3,3
27,20,5.1945e-05,1,5.1945e-05,5.1945e-05,5.1945e-05,381,1,381,381,381,4,1,4,4,4
27,20,5.2043e-05,1,5.2043e-05,5.2043e-05,5.2043e-05,395,1,395,395,395,5,1,5,5,5
27,20,5.246e-05,1,5.246e-05,5.246e-05,5.246e-05,391,1,391,391,391,5,1,5,5,5
27,20,5.1433e-05,1,5.1433e-05,5.1433e-05,5.1433e-05,387,1,387,387,387,4,1,4,4,4
27,20,5.2031e-05,1,5.2031e-05,5.2031e-05,5.2031e-05,385,1,385,385,385,4,1,4,4,4
27,20,5.3139e-05,1,5.3139e-05,5.3139e-05,5.3139e-05,389,1,389,389,389,4,1,4,4,4
27,20,5.1045e-05,1,5.1045e-05,5.1045e-05,5.1045e-05,387,1,387,387,387,5,1,5,5,5
27,20,5.0976e-05,1,5.0976e-05,5.0976e-05,5.0976e-05,389,1,389,389,389,5,1,5,5,5
27,20,5.1936e-05,1,5.1936e-05,5.1936e-05,5.1936e-05,381,1,381,381,381,4,1,4,4,4
27,20,5.1511e-05,1,5.1511e-05,5.1511e-05,5.1511e-05,385,1,385,385,385,4,1,4,4,4
27,20,5.1158e-05,1,5.1158e-05,5.1158e-05,5.1158e-05,391,1,391,391,391,5,1,5,5,5
27,20,5.0768e-05,1,5.0768e-05,5.0768e-05,5.0768e-05,390,1,390,390,390,4,1,4,4,4
27,20,5.1325e-05,1,5.1325e-05,5.1325e-05,5.1325e-05,387,1,387,387,387,4,1,4,4,4
27,20,5.1111e-05,1,5.1111e-05,5.1111e-05,5.1111e-05,381,1,381,381,381,4,1,4,4,4
27,20,5.1662e-05,1,5.1662e-05,5.1662e-05,5.1662e-05,386,1,386,386,386,4,1,4,4,4
27,20,5.2005e-05,1,5.2005e-05,5.2005e-05,5.2005e-05,388,1,388,388,388,5,1,5,5,5
27,20,5.2056e-05,1,5.2056e-05,5.2056e-05,5.2056e-05,387,1,387,387,387,4,1,4,4,4
27,20,5.1415e-05,1,5.1415e-05,5.1415e-05,5.1415e-05,391,1,391,391,391,4,1,4,4,4
27,20,5.5167e-05,1,5.5167e-05,5.5167e-05,5.5167e-05,380,1,380,380,380,4,1,4,4,4
27,20,5.376e-05,1,5.376e-05,5.376e-05,5.376e-05,385,1,385,385,385,4,1,4,4,4
27,20,5.2073e-05,1,5.2073e-05,5.2073e-05,5.2073e-05,392,1,392,392,392,5,1,5,5,5
27,20,5.1146e-05,1,5.1146e-05,5.1146e-05,5.1146e-05,388,1,388,388,388,5,1,5,5,5
27,20,5.2893e-05,1,5.2893e-05,5.2893e-05,5.2893e-05,390,1,390,390,390,5,1,5,5,5
27,20,5.1389e-05,1,5.1389e-05,5.1389e-05,5.1389e-05,386,1,386,386,386,4,1,4,4,4
27,20,5.212e-05,1,5.212e-05,5.212e-05,5.212e-05,390,1,390,390,390,5,1,5,5,5
27,20,5.2441e-05,1,5.2441e-05,5.2441e-05,5.2441e-05,392,1,392,392,392,4,1,4,4,4
27,20,5.1738e-05,1,5.1738e-05,5.1738e-05,5.1738e-05,381,1,381,381,381,4,1,4,4,4
27,20,5.3034e-05,1,5.3034e-05,5.3034e-05,5.3034e-05,385,1,385,385,385,5,1,5,5,5
27,20,5.1465e-05,1,5.1465e-05,5.1465e-05,5.1465e-05,385,1,385,385,385,4,1,4,4,4
27,20,5.7563e-05,1,5.7563e-05,5.7563e-05,5.7563e-05,384,1,384,384,384,4,1,4,4,4
27,20,5.111e-05,1,5.111e-05,5.111e-05,5.111e-05,382,1,382,382,382,4,1,4,4,4
27,20,5.0974e-05,1,5.0974e-05,5.0974e-05,5.0974e-05,383,1,383,383,383,4,1,4,4,4
27,20,5.1722e-05,1,5.1722e-05,5.1722e-05,5.1722e-05,384,1,384,384,384,4,1,4,4,4
27,20,5.2857e-05,1,5.2857e-05,5.2857e-05,5.2857e-05,398,1,398,398,398,5,1,5,5,5
27,20,5.0604e-05,1,5.0604e-05,5.0604e-05,5.0604e-05,378,1,378,378,378,4,1,4,4,4
27,20,5.1411e-05,1,5.1411e-05,5.1411e-05,5.1411e-05,390,1,390,390,390,5,1,5,5,5
27,20,5.1524e-05,1,5.1524e-05,5.1524e-05,5.1524e-05,389,1,389,389,389,4,1,4,4,4
27,20,5.1128e-05,1,5.1128e-05,5.1128e-05,5.1128e-05,394,1,394,394,394,5,1,5,5,5
27,20,5.0787e-05,1,5.0787e-05,5.0787e-05,5.0787e-05,391,1,391,391,391,4,1,4,4,4
27,20,5.168e-05,1,5.168e-05,5.168e-05,5.168e-05,383,1,383,383,383,4,1,4,4,4
27,20,5.2912e-05,1,5.2912e-05,5.2912e-05,5.2912e-05,384,1,384,384,384,5,1,5,5,5
27,20,5.1193e-05,1,5.1193e-05,5.1193e-05,5.1193e-05,391,1,391,391,391,5,1,5,5,5
27,20,5.3131e-05,1,5.3131e-05,5.3131e-05,5.3131e-05,389,1,389,389,389,5,1,5,5,5
27,20,5.1124e-05,1,5.1124e-05,5.1124e-05,5.1124e-05,392,1,392,392,392,5,1,5,5,5
27,20,5.2069e-05,1,5.2069e-05,5.2069e-05,5.2069e-05,392,1,392,392,392,4,1,4,4,4
27,20,5.1116e-05,1,5.1116e-05,5.1116e-05,5.1116e-05,386,1,386,386,386,4,1,4,4,4
27,20,5.1906e-05,1,5.1906e-05,5.1906e-05,5.1906e-05,388,1,388,388,388,4,1,4,4,4
27,20,7.1211e-05,1,7.1211e-05,7.1211e-05,7.1211e-05,391,1,391,391,391,4,1,4,4,4
27,20,5.4709e-05,1,5.4709e-05,5.4709e-05,5.4709e-05,391,1,391,391,391,5,1,5,5,5
27,20,6.9018e-05,1,6.9018e-05,6.9018e-05,6.9018e-05,380,1,380,380,380,4,1,4,4,4
27,20,5.2478e-05,1,5.2478e-05,5.2478e-05,5.2478e-05,390,1,390,390,390,5,1,5,5,5
27,20,5.1986e-05,1,5.1986e-05,5.1986e-05,5.1986e-05,398,1,398,398,398,5,1,5,5,5
27,20,5.2217e-05,1,5.2217e-05,5.2217e-05,5.2217e-05,391,1,391,391,391,4,1,4,4,4
27,20,5.3339e-05,1,5.3339e-05,5.3339e-05,5.3339e-05,397,1,397,397,397,5,1,5,5,5
27,20,5.2024e-05,1,5.2024e-05,5.2024e-05,5.2024e-05,389,1,389,389,389,4,1,4,4,4
27,20,5.1928e-05,1,5.1928e-05,5.1928e-05,5.1928e-05,385,1,385,385,385,4,1,4,4,4
27,20,5.1893e-05,1,5.1893e-05,5.1893e-05,5.1893e-05,388,1,388,388,388,4,1,4,4,4
27,20,5.2762e-05,1,5.2762e-05,5.2762e-05,5.2762e-05,391,1,391,391,391,4,1,4,4,4
27,20,5.219e-05,1,5.219e-05,5.219e-05,5.219e-05,383,1,383,383,383,4,1,4,4,4
27,20,5.2184e-05,1,5.2184e-05,5.2184e-05,5.2184e-05,388,1,388,388,388,5,1,5,5,5
27,20,5.1975e-05,1,5.1975e-05,5.1975e-05,5.1975e-05,382,1,382,382,382,4,1,4,4,4
27,20,5.2641e-05,1,5.2641e-05,5.2641e-05,5.2641e-05,389,1,389,389,389,5,1,5,5,5
27,20,5.1817e-05,1,5.1817e-05,5.1817e-05,5.1817e-05,389,1,389,389,389,5,1,5,5,5
27,20,5.2451e-05,1,5.2451e-05,5.2451e-05,5.2451e-05,392,1,392,392,392,5,1,5,5,5
27,20,5.186e-05,1,5.186e-05,5.186e-05,5.186e-05,399,1,399,399,399,5,1,5,5,5
27,20,5.1369e-05,1,5.1369e-05,5.1369e-05,5.1369e-05,384,1,384,384,384,4,1,4,4,4
27,20,5.2355e-05,1,5.2355e-05,5.2355e-05,5.2355e-05,391,1,391,391,391,5,1,5,5,5
27,20,5.1175e-05,1,5.1175e-05,5.1175e-05,5.1175e-05,387,1,387,387,387,4,1,4,4,4
27,20,5.1448e-05,1,5.1448e-05,5.1448e-05,5.1448e-05,384,1,384,384,384,4,1,4,4,4
27,20,5.1538e-05,1,5.1538e-05,5.1538e-05,5.1538e-05,386,1,386,386,386,4,1,4,4,4
27,20,5.2914e-05,1,5.2914e-05,5.2914e-05,5.2914e-05,385,1,385,385,385,4,1,4,4,4
27,20,5.5591e-05,1,5.5591e-05,5.5591e-05,5.5591e-05,390,1,390,390,390,5,1,5,5,5
27,20,5.4367e-05,1,5.4367e-05,5.4367e-05,5.4367e-05,379,1,379,379,379,4,1,4,4,4
27,20,5.6347e-05,1,5.6347e-05,5.6347e-05,5.6347e-05,396,1,396,396,396,5,1,5,5,5
27,20,5.5179e-05,1,5.5179e-05,5.5179e-05,5.5179e-05,389,1,389,389,389,4,1,4,4,4
27,20,5.0428e-05,1,5.0428e-05,5.0428e-05,5.0428e-05,396,1,396,396,396,5,1,5,5,5
27,20,5.08e-05,1,5.08e-05,5.08e-05,5.08e-05,391,1,391,391,391,5,1,5,5,5
27,20,5.1024e-05,1,5.1024e-05,5.1024e-05,5.1024e-05,385,1,385,385,385,5,1,5,5,5
27,20,5.2118e-05,1,5.2118e-05,5.2118e-05,5.2118e-05,385,1,385,385,385,4,1,4,4,4
27,20,5.1108e-05,1,5.1108e-05,5.1108e-05,5.1108e-05,383,1,383,383,383,4,1,4,4,4
27,20,5.2408e-05,1,5.2408e-05,5.2408e-05,5.2408e-05,386,1,386,386,386,4,1,4,4,4
27,20,5.2245e-05,1,5.2245e-05,5.2245e-05,5.2245e-05,383,1,383,383,383,4,1,4,4,4
27,20,5.2393e-05,1,5.2393e-05,5.2393e-05,5.2393e-05,385,1,385,385,385,4,1,4,4,4
27,20,5.1483e-05,1,5.1483e-05,5.1483e-05,5.1483e-05,382,1,382,382,382,4,1,4,4,4
27,20,5.2102e-05,1,5.2102e-05,5.2102e-05,5.2102e-05,384,1,384,384,384,4,1,4,4,4
27,20,5.3753e-05,1,5.3753e-05,5.3753e-05,5.3753e-05,395,1,395,395,395,5,1,5,5,5
27,20,5.1371e-05,1,5.1371e-05,5.1371e-05,5.1371e-05,386,1,386,386,386,4,1,4,4,4
27,20,5.2938e-05,1,5.2938e-05,5.2938e-05,5.2938e-05,396,1,396,396,396,5,1,5,5,5
27,20,5.0904e-05,1,5.0904e-05,5.0904e-05,5.0904e-05,384,1,384,384,384,5,1,5,5,5
27,20,5.0578e-05,1,5.0578e-05,5.0578e-05,5.0578e-05,377,1,377,377,377,4,1,4,4,4
27,20,5.1824e-05,1,5.1824e-05,5.1824e-05,5.1824e-05,381,1,381,381,381,4,1,4,4,4
27,20,5.4209e-05,1,5.4209e-05,5.4209e-05,5.4209e-05,393,1,393,393,393,5,1,5,5,5
27,20,5.5758e-05,1,5.5758e-05,5.5758e-05,5.5758e-05,387,1,387,387,387,5,1,5,5,5
27,20,5.4808e-05,1,5.4808e-05,5.4808e-05,5.4808e-05,391,1,391,391,391,5,1,5,5,5
27,20,6.9093e-05,1,6.9093e-05,6.9093e-05,6.9093e-05,388,1,388,388,388,5,1,5,5,5
27,20,5.0806e-05,1,5.0806e-05,5.0806e-05,5.0806e-05,374,1,374,374,374,3,1,3,3,3
27,20,5.1825e-05,1,5.1825e-05,5.1825e-05,5.1825e-05,387,1,387,387,387,5,1,5,5,5
27,20,5.0937e-05,1,5.0937e-05,5.0937e-05,5.0937e-05,397,1,397,397,397,5,1,5,5,5
27,20,5.1467e-05,1,5.1467e-05,5.1467e-05,5.1467e-05,385,1,385,385,385,4,1,4,4,4
27,20,5.1107e-05,1,5.1107e-05,5.1107e-05,5.1107e-05,384,1,384,384,384,4,1,4,4,4
27,20,5.1434e-05,1,5.1434e-05,5.1434e-05,5.1434e-05,379,1,379,379,379,4,1,4,4,4
27,20,5.2273e-05,1,5.2273e-05,5.2273e-05,5.2273e-05,390,1,390,390,390,5,1,5,5,5
27,20,5.2396e-05,1,5.2396e-05,5.2396e-05,5.2396e-05,402,1,402,402,402,5,1,5,5,5
27,20,5.2167e-05,1,5.2167e-05,5.2167e-05,5.2167e-05,389,1,389,389,389,4,1,4,4,4
27,20,5.1974e-05,1,5.1974e-05,5.1974e-05,5.1974e-05,379,1,379,379,379,4,1,4,4,4
27,20,5.118e-05,1,5.118e-05,5.118e-05,5.118e-05,387,1,387,387,387,4,1,4,4,4
27,20,5.191e-05,1,5.191e-05,5.191e-05,5.191e-05,389,1,389,389,389,5,1,5,5,5
27,20,5.1856e-05,1,5.1856e-05,5.1856e-05,5.1856e-05,390,1,390,390,390,5,1,5,5,5
27,20,5.119e-05,1,5.119e-05,5.119e-05,5.119e-05,378,1,378,378,378,3,1,3,3,3
27,20,5.2837e-05,1,5.2837e-05,5.2837e-05,5.2837e-05,392,1,392,392,392,6,1,6,6,6
27,20,5.1279e-05,1,5.1279e-05,5.1279e-05,5.1279e-05,382,1,382,382,382,4,1,4,4,4
27,20,5.2376e-05,1,5.2376e-05,5.2376e-05,5.2376e-05,385,1,385,385,385,4,1,4,4,4
27,20,5.1796e-05,1,5.1796e-05,5.1796e-05,5.1796e-05,384,1,384,384,384,4,1,4,4,4
27,20,5.2536e-05,1,5.2536e-05,5.2536e-05,5.2536e-05,389,1,389,389,389,5,1,5,5,5
27,20,5.1157e-05,1,5.1157e-05,5.1157e-05,5.1157e-05,381,1,381,381,381,4,1,4,4,4
27,20,5.1775e-05,1,5.1775e-05,5.1775e-05,5.1775e-05,389,1,389,389,389,4,1,4,4,4
27,20,5.2777e-05,1,5.2777e-05,5.2777e-05,5.2777e-05,386,1,386,386,386,4,1,4,4,4
27,20,5.2051e-05,1,5.2051e-05,5.2051e-05,5.2051e-05,388,1,388,388,388,4,1,4,4,4
27,20,5.4816e-05,1,5.4816e-05,5.4816e-05,5.4816e-05,389,1,389,389,389,5,1,5,5,5
27,20,5.4367e-05,1,5.4367e-05,5.4367e-05,5.4367e-05,393,1,393,393,393,4,1,4,4,4
27,20,5.5191e-05,1,5.5191e-05,5.5191e-05,5.5191e-05,393,1,393,393,393,5,1,5,5,5
27,20,6.0796e-05,1,6.0796e-05,6.0796e-05,6.0796e-05,389,1,389,389,389,4,1,4,4,4
27,20,5.3801e-05,1,5.3801e-05,5.3801e-05,5.3801e-05,385,1,385,385,385,5,1,5,5,5
27,20,5.489e-05,1,5.489e-05,5.489e-05,5.489e-05,397,1,397,397,397,5,1,5,5,5
27,20,5.4083e-05,1,5.4083e-05,5.4083e-05,5.4083e-05,378,1,378,378,378,4,1,4,4,4
27,20,5.2183e-05,1,5.2183e-05,5.2183e-05,5.2183e-05,390,1,390,390,390,4,1,4,4,4
27,20,5.1508e-05,1,5.1508e-05,5.1508e-05,5.1508e-05,383,1,383,383,383,4,1,4,4,4
27,20,5.123e-05,1,5.123e-05,5.123e-05,5.123e-05,384,1,384,384,384,5,1,5,5,5
27,20,5.2578e-05,1,5.2578e-05,5.2578e-05,5.2578e-05,395,1,395,395,395,5,1,5,5,5
27,20,5.2184e-05,1,5.2184e-05,5.2184e-05,5.2184e-05,380,1,380,380,380,4,1,4,4,4
27,20,5.1551e-05,1,5.1551e-05,5.1551e-05,5.1551e-05,389,1,389,389,389,4,1,4,4,4
27,20,5.2418e-05,1,5.2418e-05,5.2418e-05,5.2418e-05,384,1,384,384,384,4,1,4,4,4
27,20,5.3195e-05,1,5.3195e-05,5.3195e-05,5.3195e-05,393,1,393,393,393,5,1,5,5,5
27,20,5.1117e-05,1,5.1117e-05,5.1117e-05,5.1117e-05,377,1,377,377,377,4,1,4,4,4
27,20,5.1902e-05,1,5.1902e-05,5.1902e-05,5.1902e-05,383,1,383,383,383,4,1,4,4,4
27,20,5.2248e-05,1,5.2248e-05,5.2248e-05,5.2248e-05,389,1,389,389,389,5,1,5,5,5
27,20,5.2344e-05,1,5.2344e-05,5.2344e-05,5.2344e-05,385,1,385,385,385,4,1,4,4,4
27,20,5.3013e-05,1,5.3013e-05,5.3013e-05,5.3013e-05,390,1,390,390,390,4,1,4,4,4
27,20,5.4432e-05,1,5.4432e-05,5.4432e-05,5.4432e-05,390,1,390,390,390,4,1,4,4,4
27,20,5.3413e-05,1,5.3413e-05,5.3413e-05,5.3413e-05,383,1,383,383,383,4,1,4,4,4
27,20,5.455e-05,1,5.455e-05,5.455e-05,5.455e-05,378,1,378,378,378,4,1,4,4,4
27,20,6.9441e-05,1,6.9441e-05,6.9441e-05,6.9441e-05,391,1,391,391,391,5,1,5,5,5
27,20,5.2762e-05,1,5.2762e-05,5.2762e-05,5.2762e-05,387,1,387,387,387,5,1,5,5,5
27,20,5.2233e-05,1,5.2233e-05,5.2233e-05,5.2233e-05,387,1,387,387,387,4,1,4,4,4
27,20,5.1939e-05,1,5.1939e-05,5.1939e-05,5.1939e-05,388,1,388,388,388,4,1,4,4,4
27,20,5.3065e-05,1,5.3065e-05,5.3065e-05,5.3065e-05,386,1,386,386,386,4,1,4,4,4
27,20,5.2468e-05,1,5.2468e-05,5.2468e-05,5.2468e-05,390,1,390,390,390,4,1,4,4,4
27,20,5.1102e-05,1,5.1102e-05,5.1102e-05,5.1102e-05,383,1,383,383,383,4,1,4,4,4
27,20,5.4774e-05,1,5.4774e-05,5.4774e-05,5.4774e-05,390,1,390,390,390,5,1,5,5,5
27,20,5.4859e-05,1,5.4859e-05,5.4859e-05,5.4859e-05,392,1,392,392,392,4,1,4,4,4
27,20,5.5167e-05,1,5.5167e-05,5.5167e-05,5.5167e-05,393,1,393,393,393,5,1,5,5,5
27,20,5.3822e-05,1,5.3822e-05,5.3822e-05,5.3822e-05,391,1,391,391,391,5,1,5,5,5
27,20,5.8879e-05,1,5.8879e-05,5.8879e-05,5.8879e-05,393,1,393,393,393,5,1,5,5,5
27,20,5.4542e-05,1,5.4542e-05,5.4542e-05,5.4542e-05,382,1,382,382,382,4,1,4,4,4
27,20,5.5038e-05,1,5.5038e-05,5.5038e-05,5.5038e-05,387,1,387,387,387,4,1,4,4,4
27,20,5.4124e-05,1,5.4124e-05,5.4124e-05,5.4124e-05,388,1,388,388,388,4,1,4,4,4
27,20,5.1939e-05,1,5.1939e-05,5.1939e-05,5.1939e-05,385,1,385,385,385,4,1,4,4,4
27,20,5.2498e-05,1,5.2498e-05,5.2498e-05,5.2498e-05,389,1,389,389,389,5,1,5,5,5
27,20,5.1983e-05,1,5.1983e-05,5.1983e-05,5.1983e-05,383,1,383,383,383,4,1,4,4,4
27,20,5.272e-05,1,5.272e-05,5.272e-05,5.272e-05,386,1,386,386,386,4,1,4,4,4
27,20,5.2491e-05,1,5.2491e-05,5.2491e-05,5.2491e-05,386,1,386,386,386,5,1,5,5,5
27,20,5.1079e-05,1,5.1079e-05,5.1079e-05,5.1079e-05,386,1,386,386,386,4,1,4,4,4
27,20,5.0951e-05,1,5.0951e-05,5.0951e-05,5.0951e-05,385,1,385,385,385,4,1,4,4,4
27,20,5.2184e-05,1,5.2184e-05,5.2184e-05,5.2184e-05,390,1,390,390,390,4,1,4,4,4
27,20,5.1318e-05,1,5.1318e-05,5.1318e-05,5.1318e-05,385,1,385,385,385,4,1,4,4,4
27,20,5.3043e-05,1,5.3043e-05,5.3043e-05,5.3043e-05,384,1,384,384,384,4,1,4,4,4
27,20,5.0534e-05,1,5.0534e-05,5.0534e-05,5.0534e-05,392,1,392,392,392,5,1,5,5,5
27,20,5.1762e-05,1,5.1762e-05,5.1762e-05,5.1762e-05,386,1,386,386,386,4,1,4,4,4
27,20,5.0782e-05,1,5.0782e-05,5.0782e-05,5.0782e-05,380,1,380,380,380,4,1,4,4,4
27,20,5.1962e-05,1,5.1962e-05,5.1962e-05,5.1962e-05,389,1,389,389,389,4,1,4,4,4
27,20,7.1538e-05,1,7.1538e-05,7.1538e-05,7.1538e-05,386,1,386,386,386,4,1,4,4,4
27,20,5.5152e-05,1,5.5152e-05,5.5152e-05,5.5152e-05,388,1,388,388,388,4,1,4,4,4
27,20,5.5745e-05,1,5.5745e-05,5.5745e-05,5.5745e-05,400,1,400,400,400,5,1,5,5,5
27,20,5.3837e-05,1,5.3837e-05,5.3837e-05,5.3837e-05,391,1,391,391,391,4,1,4,4,4
27,20,5.4006e-05,1,5.4006e-05,5.4006e-05,5.4006e-05,383,1,383,383,383,4,1,4,4,4
27,20,6.9883e-05,1,6.9883e-05,6.9883e-05,6.9883e-05,388,1,388,388,388,4,1,4,4,4
27,20,5.1799e-05,1,5.1799e-05,5.1799e-05,5.1799e-05,388,1,388,388,388,5,1,5,5,5
27,20,5.0478e-05,1,5.0478e-05,5.0478e-05,5.0478e-05,384,1,384,384,384,4,1,4,4,4
27,20,5.1203e-05,1,5.1203e-05,5.1203e-05,5.1203e-05,385,1,385,385,385,4,1,4,4,4
27,20,5.1179e-05,1,5.1179e-05,5.1179e-05,5.1179e-05,384,1,384,384,384,4,1,4,4,4
27,20,5.2739e-05,1,5.2739e-05,5.2739e-05,5.2739e-05,387,1,387,387,387,5,1,5,5,5
27,20,5.275e-05,1,5.275e-05,5.275e-05,5.275e-05,389,1,389,389,389,4,1,4,4,4
27,20,5.14e-05,1,5.14e-05,5.14e-05,5.14e-05,386,1,386,386,386,4,1,4,4,4
27,20,5.125e-05,1,5.125e-05,5.125e-05,5.125e-05,386,1,386,386,386,4,1,4,4,4
27,20,5.4181e-05,1,5.4181e-05,5.4181e-05,5.4181e-05,385,1,385,385,385,4,1,4,4,4
27,20,5.5589e-05,1,5.5589e-05,5.5589e-05,5.5589e-05,391,1,391,391,391,4,1,4,4,4
27,20,5.578e-05,1,5.578e-05,5.578e-05,5.578e-05,389,1,389,389,389,4,1,4,4,4
27,20,5.2364e-05,1,5.2364e-05,5.2364e-05,5.2364e-05,385,1,385,385,385,4,1,4,4,4
27,20,5.233e-05,1,5.233e-05,5.233e-05,5.233e-05,389,1,389,389,389,5,1,5,5,5
27,20,6.8368e-05,1,6.8368e-05,6.8368e-05,6.8368e-05,381,1,381,381,381,4,1,4,4,4
27,20,5.486e-05,1,5.486e-05,5.486e-05,5.486e-05,389,1,389,389,389,5,1,5,5,5
27,20,5.4917e-05,1,5.4917e-05,5.4917e-05,5.4917e-05,383,1,383,383,383,4,1,4,4,4
27,20,5.4978e-05,1,5.4978e-05,5.4978e-05,5.4978e-05,384,1,384,384,384,4,1,4,4,4
27,20,5.4985e-05,1,5.4985e-05,5.4985e-05,5.4985e-05,388,1,388,388,388,4,1,4,4,4
27,20,5.5418e-05,1,5.5418e-05,5.5418e-05,5.5418e-05,395,1,395,395,395,5,1,5,5,5
27,20,6.7662e-05,1,6.7662e-05,6.7662e-05,6.7662e-05,384,1,384,384,384,5,1,5,5,5
27,20,5.4513e-05,1,5.4513e-05,5.4513e-05,5.4513e-05,387,1,387,387,387,4,1,4,4,4
27,20,5.4402e-05,1,5.4402e-05,5.4402e-05,5.4402e-05,385,1,385,385,385,4,1,4,4,4
27,20,5.419e-05,1,5.419e-05,5.419e-05,5.419e-05,385,1,385,385,385,4,1,4,4,4
27,20,6.9897e-05,1,6.9897e-05,6.9897e-05,6.9897e-05,387,1,387,387,387,4,1,4,4,4
27,20,5.1286e-05,1,5.1286e-05,5.1286e-05,5.1286e-05,394,1,394,394,394,5,1,5,5,5
27,20,5.5351e-05,1,5.5351e-05,5.5351e-05,5.5351e-05,391,1,391,391,391,5,1,5,5,5
27,20,5.442e-05,1,5.442e-05,5.442e-05,5.442e-05,388,1,388,388,388,4,1,4,4,4
27,20,5.5422e-05,1,5.5422e-05,5.5422e-05,5.5422e-05,391,1,391,391,391,5,1,5,5,5
27,20,6.9205e-05,1,6.9205e-05,6.9205e-05,6.9205e-05,386,1,386,386,386,4,1,4,4,4
27,20,5.4735e-05,1,5.4735e-05,5.4735e-05,5.4735e-05,385,1,385,385,385,4,1,4,4,4
27,20,5.1245e-05,1,5.1245e-05,5.1245e-05,5.1245e-05,383,1,383,383,383,4,1,4,4,4
27,20,6.9001e-05,1,6.9001e-05,6.9001e-05,6.9001e-05,385,1,385,385,385,4,1,4,4,4
27,20,5.0846e-05,1,5.0846e-05,5.0846e-05,5.0846e-05,381,1,381,381,381,4,1,4,4,4
27,20,5.1243e-05,1,5.1243e-05,5.1243e-05,5.1243e-05,384,1,384,384,384,4,1,4,4,4
27,20,7.0386e-05,1,7.0386e-05,7.0386e-05,7.0386e-05,386,1,386,386,386,4,1,4,4,4
27,20,6.0969e-05,1,6.0969e-05,6.0969e-05,6.0969e-05,381,1,381,381,381,4,1,4,4,4
27,20,5.6827e-05,1,5.6827e-05,5.6827e-05,5.6827e-05,394,1,394,394,394,4,1,4,4,4
27,20,5.5361e-05,1,5.5361e-05,5.5361e-05,5.5361e-05,383,1,383,383,383,4,1,4,4,4
27,20,5.4341e-05,1,5.4341e-05,5.4341e-05,5.4341e-05,387,1,387,387,387,5,1,5,5,5
27,20,5.3362e-05,1,5.3362e-05,5.3362e-05,5.3362e-05,393,1,393,393,393,5,1,5,5,5
27,20,5.4873e-05,1,5.4873e-05,5.4873e-05,5.4873e-05,388,1,388,388,388,5,1,5,5,5
27,20,5.4645e-05,1,5.4645e-05,5.4645e-05,5.4645e-05,387,1,387,387,387,4,1,4,4,4
27,20,5.4037e-05,1,5.4037e-05,5.4037e-05,5.4037e-05,392,1,392,392,392,5,1,5,5,5
27,20,7.0439e-05,1,7.0439e-05,7.0439e-05,7.0439e-05,393,1,393,393,393,5,1,5,5,5
27,20,5.1879e-05,1,5.1879e-05,5.1879e-05,5.1879e-05,390,1,390,390,390,5,1,5,5,5
27,20,5.106e-05,1,5.106e-05,5.106e-05,5.106e-05,385,1,385,385,385,5,1,5,5,5
27,20,5.2817e-05,1,5.2817e-05,5.2817e-05,5.2817e-05,388,1,388,388,388,4,1,4,4,4
27,20,5.1909e-05,1,5.1909e-05,5.1909e-05,5.1909e-05,387,1,387,387,387,5,1,5,5,5
27,20,5.2409e-05,1,5.2409e-05,5.2409e-05,5.2409e-05,388,1,388,388,388,5,1,5,5,5
27,20,8.5331e-05,1,8.5331e-05,8.5331e-05,8.5331e-05,380,1,380,380,380,4,1,4,4,4
27,20,5.2429e-05,1,5.2429e-05,5.2429e-05,5.2429e-05,380,1,380,380,380,4,1,4,4,4
27,20,5.6117e-05,1,5.6117e-05,5.6117e-05,5.6117e-05,390,1,390,390,390,4,1,4,4,4
27,20,5.35e-05,1,5.35e-05,5.35e-05,5.35e-05,385,1,385,385,385,4,1,4,4,4
27,20,6.9091e-05,1,6.9091e-05,6.9091e-05,6.9091e-05,379,1,379,379,379,4,1,4,4,4
27,20,5.3269e-05,1,5.3269e-05,5.3269e-05,5.3269e-05,398,1,398,398,398,5,1,5,5,5
27,20,5.3663e-05,1,5.3663e-05,5.3663e-05,5.3663e-05,389,1,389,389,389,5,1,5,5,5
27,20,5.3313e-05,1,5.3313e-05,5.3313e-05,5.3313e-05,394,1,394,394,394,5,1,5,5,5
27,20,5.202e-05,1,5.202e-05,5.202e-05,5.202e-05,385,1,385,385,385,5,1,5,5,5
27,20,5.1977e-05,1,5.1977e-05,5.1977e-05,5.1977e-05,383,1,383,383,383,4,1,4,4,4
27,20,5.1764e-05,1,5.1764e-05,5.1764e-05,5.1764e-05,382,1,382,382,382,4,1,4,4,4
27,20,5.1191e-05,1,5.1191e-05,5.1191e-05,5.1191e-05,382,1,382,382,382,4,1,4,4,4
27,20,5.1927e-05,1,5.1927e-05,5.1927e-05,5.1927e-05,383,1,383,383,383,4,1,4,4,4
27,20,7.0938e-05,1,7.0938e-05,7.0938e-05,7.0938e-05,388,1,388,388,388,5,1,5,5,5
27,20,5.1635e-05,1,5.1635e-05,5.1635e-05,5.1635e-05,385,1,385,385,385,4,1,4,4,4
27,20,5.4084e-05,1,5.4084e-05,5.4084e-05,5.4084e-05,385,1,385,385,385,4,1,4,4,4
27,20,5.4138e-05,1,5.4138e-05,5.4138e-05,5.4138e-05,390,1,390,390,390,5,1,5,5,5
27,20,5.2556e-05,1,5.2556e-05,5.2556e-05,5.2556e-05,386,1,386,386,386,4,1,4,4,4
27,20,5.0376e-05,1,5.0376e-05,5.0376e-05,5.0376e-05,386,1,386,386,386,4,1,4,4,4
27,20,5.2083e-05,1,5.2083e-05,5.2083e-05,5.2083e-05,387,1,387,387,387,5,1,5,5,5
27,20,5.1357e-05,1,5.1357e-05,5.1357e-05,5.1357e-05,388,1,388,388,388,4,1,4,4,4
27,20,5.168e-05,1,5.168e-05,5.168e-05,5.168e-05,389,1,389,389,389,5,1,5,5,5
27,20,5.2165e-05,1,5.2165e-05,5.2165e-05,5.2165e-05,384,1,384,384,384,4,1,4,4,4
27,20,5.189e-05,1,5.189e-05,5.189e-05,5.189e-05,384,1,384,384,384,4,1,4,4,4
27,20,6.9957e-05,1,6.9957e-05,6.9957e-05,6.9957e-05,387,1,387,387,387,5,1,5,5,5
27,20,5.473e-05,1,5.473e-05,5.473e-05,5.473e-05,388,1,388,388,388,5,1,5,5,5
27,20,6.2966e-05,1,6.2966e-05,6.2966e-05,6.2966e-05,385,1,385,385,385,4,1,4,4,4
27,20,5.4129e-05,1,5.4129e-05,5.4129e-05,5.4129e-05,379,1,379,379,379,4,1,4,4,4
27,20,5.4748e-05,1,5.4748e-05,5.4748e-05,5.4748e-05,387,1,387,387,387,4,1,4,4,4
27,20,5.583e-05,1,5.583e-05,5.583e-05,5.583e-05,394,1,394,394,394,5,1,5,5,5
27,20,5.2846e-05,1,5.2846e-05,5.2846e-05,5.2846e-05,387,1,387,387,387,4,1,4,4,4
27,20,5.1844e-05,1,5.1844e-05,5.1844e-05,5.1844e-05,383,1,383,383,383,4,1,4,4,4
27,20,5.1369e-05,1,5.1369e-05,5.1369e-05,5.1369e-05,384,1,384,384,384,5,1,5,5,5
27,20,5.1964e-05,1,5.1964e-05,5.1964e-05,5.1964e-05,385,1,385,385,385,4,1,4,4,4
27,20,5.2335e-05,1,5.2335e-05,5.2335e-05,5.2335e-05,389,1,389,389,389,5,1,5,5,5
27,20,5.1855e-05,1,5.1855e-05,5.1855e-05,5.1855e-05,393,1,393,393,393,5,1,5,5,5
27,20,5.2172e-05,1,5.2172e-05,5.2172e-05,5.2172e-05,392,1,392,392,392,5,1,5,5,5
27,20,5.1262e-05,1,5.1262e-05,5.1262e-05,5.1262e-05,382,1,382,382,382,4,1,4,4,4
27,20,5.1753e-05,1,5.1753e-05,5.1753e-05,5.1753e-05,387,1,387,387,387,4,1,4,4,4
27,20,5.3e-05,1,5.3e-05,5.3e-05,5.3e-05,387,1,387,387,387,5,1,5,5,5
27,20,5.202e-05,1,5.202e-05,5.202e-05,5.202e-05,389,1,389,389,389,4,1,4,4,4
27,20,5.3351e-05,1,5.3351e-05,5.3351e-05,5.3351e-05,386,1,386,386,386,5,1,5,5,5
27,20,5.092e-05,1,5.092e-05,5.092e-05,5.092e-05,381,1,381,381,381,4,1,4,4,4
27,20,5.383e-05,1,5.383e-05,5.383e-05,5.383e-05,392,1,392,392,392,5,1,5,5,5
27,20,5.4199e-05,1,5.4199e-05,5.4199e-05,5.4199e-05,384,1,384,384,384,4,1,4,4,4
27,20,5.4867e-05,1,5.4867e-05,5.4867e-05,5.4867e-05,390,1,390,390,390,5,1,5,5,5
27,20,6.3265e-05,1,6.3265e-05,6.3265e-05,6.3265e-05,388,1,388,388,388,5,1,5,5,5
27,20,5.1816e-05,1,5.1816e-05,5.1816e-05,5.1816e-05,393,1,393,393,393,5,1,5,5,5
27,20,5.1633e-05,1,5.1633e-05,5.1633e-05,5.1633e-05,383,1,383,383,383,4,1,4,4,4
27,20,6.965e-05,1,6.965e-05,6.965e-05,6.965e-05,387,1,387,387,387,4,1,4,4,4
27,20,5.334e-05,1,5.334e-05,5.334e-05,5.334e-05,381,1,381,381,381,4,1,4,4,4
27,20,5.5019e-05,1,5.5019e-05,5.5019e-05,5.5019e-05,385,1,385,385,385,4,1,4,4,4
27,20,6.9757e-05,1,6.9757e-05,6.9757e-05,6.9757e-05,386,1,386,386,386,4,1,4,4,4
27,20,5.1874e-05,1,5.1874e-05,5.1874e-05,5.1874e-05,388,1,388,388,388,4,1,4,4,4
27,20,5.1873e-05,1,5.1873e-05,5.1873e-05,5.1873e-05,383,1,383,383,383,4,1,4,4,4
27,20,5.0833e-05,1,5.0833e-05,5.0833e-05,5.0833e-05,387,1,387,387,387,4,1,4,4,4
27,20,5.1802e-05,1,5.1802e-05,5.1802e-05,5.1802e-05,394,1,394,394,394,5,1,5,5,5
27,20,5.1649e-05,1,5.1649e-05,5.1649e-05,5.1649e-05,384,1,384,384,384,5,1,5,5,5
27,20,5.2204e-05,1,5.2204e-05,5.2204e-05,5.2204e-05,388,1,388,388,388,4,1,4,4,4
27,20,7.0111e-05,1,7.0111e-05,7.0111e-05,7.0111e-05,385,1,385,385,385,4,1,4,4,4
27,20,5.5252e-05,1,5.5252e-05,5.5252e-05,5.5252e-05,389,1,389,389,389,4,1,4,4,4
27,20,5.498e-05,1,5.498e-05,5.498e-05,5.498e-05,396,1,396,396,396,5,1,5,5,5
27,20,5.4398e-05,1,5.4398e-05,5.4398e-05,5.4398e-05,391,1,391,391,391,5,1,5,5,5
27,20,5.2655e-05,1,5.2655e-05,5.2655e-05,5.2655e-05,381,1,381,381,381,4,1,4,4,4
27,20,5.2271e-05,1,5.2271e-05,5.2271e-05,5.2271e-05,390,1,390,390,390,4,1,4,4,4
27,20,5.1184e-05,1,5.1184e-05,5.1184e-05,5.1184e-05,380,1,380,380,380,4,1,4,4,4
27,20,6.2233e-05,1,6.2233e-05,6.2233e-05,6.2233e-05,387,1,387,387,387,4,1,4,4,4
27,20,5.249e-05,1,5.249e-05,5.249e-05,5.249e-05,383,1,383,383,383,4,1,4,4,4
27,20,6.9801e-05,1,6.9801e-05,6.9801e-05,6.9801e-05,377,1,377,377,377,4,1,4,4,4
27,20,5.4084e-05,1,5.4084e-05,5.4084e-05,5.4084e-05,387,1,387,387,387,5,1,5,5,5
27,20,5.4343e-05,1,5.4343e-05,5.4343e-05,5.4343e-05,380,1,380,380,380,4,1,4,4,4
27,20,5.426e-05,1,5.426e-05,5.426e-05,5.426e-05,393,1,393,393,393,5,1,5,5,5
27,20,5.3911e-05,1,5.3911e-05,5.3911e-05,5.3911e-05,399,1,399,399,399,5,1,5,5,5
27,20,5.1264e-05,1,5.1264e-05,5.1264e-05,5.1264e-05,390,1,390,390,390,5,1,5,5,5
27,20,5.1702e-05,1,5.1702e-05,5.1702e-05,5.1702e-05,386,1,386,386,386,4,1,4,4,4
27,20,5.2653e-05,1,5.2653e-05,5.2653e-05,5.2653e-05,396,1,396,396,396,5,1,5,5,5
27,20,5.1927e-05,1,5.1927e-05,5.1927e-05,5.1927e-05,389,1,389,389,389,4,1,4,4,4
27,20,5.3131e-05,1,5.3131e-05,5.3131e-05,5.3131e-05,384,1,384,384,384,4,1,4,4,4
27,20,5.2003e-05,1,5.2003e-05,5.2003e-05,5.2003e-05,388,1,388,388,388,5,1,5,5,5
27,20,5.3586e-05,1,5.3586e-05,5.3586e-05,5.3586e-05,390,1,390,390,390,4,1,4,4,4
27,20,4.9862e-05,1,4.9862e-05,4.9862e-05,4.9862e-05,381,1,381,381,381,4,1,4,4,4
27,20,5.0741e-05,1,5.0741e-05,5.0741e-05,5.0741e-05,382,1,382,382,382,4,1,4,4,4
27,20,5.4816e-05,1,5.4816e-05,5.4816e-05,5.4816e-05,393,1,393,393,393,5,1,5,5,5
27,20,5.4867e-05,1,5.4867e-05,5.4867e-05,5.4867e-05,383,1,383,383,383,4,1,4,4,4
27,20,5.3239e-05,1,5.3239e-05,5.3239e-05,5.3239e-05,383,1,383,383,383,4,1,4,4,4
27,20,5.1662e-05,1,5.1662e-05,5.1662e-05,5.1662e-05,394,1,394,394,394,5,1,5,5,5
27,20,5.4727e-05,1,5.4727e-05,5.4727e-05,5.4727e-05,383,1,383,383,383,4,1,4,4,4
27,20,5.5063e-05,1,5.5063e-05,5.5063e-05,5.5063e-05,389,1,389,389,389,4,1,4,4,4
27,20,5.5522e-05,1,5.5522e-05,5.5522e-05,5.5522e-05,391,1,391,391,391,5,1,5,5,5
27,20,5.4805e-05,1,5.4805e-05,5.4805e-05,5.4805e-05,386,1,386,386,386,4,1,4,4,4
27,20,5.046e-05,1,5.046e-05,5.046e-05,5.046e-05,381,1,381,381,381,4,1,4,4,4
27,20,5.2182e-05,1,5.2182e-05,5.2182e-05,5.2182e-05,390,1,390,390,390,4,1,4,4,4
27,20,5.1665e-05,1,5.1665e-05,5.1665e-05,5.1665e-05,381,1,381,381,381,4,1,4,4,4
27,20,5.1683e-05,1,5.1683e-05,5.1683e-05,5.1683e-05,387,1,387,387,387,4,1,4,4,4
27,20,5.1975e-05,1,5.1975e-05,5.1975e-05,5.1975e-05,390,1,390,390,390,4,1,4,4,4
27,20,5.1082e-05,1,5.1082e-05,5.1082e-05,5.1082e-05,391,1,391,391,391,4,1,4,4,4
27,20,5.163e-05,1,5.163e-05,5.163e-05,5.163e-05,386,1,386,386,386,5,1,5,5,5
27,20,5.1994e-05,1,5.1994e-05,5.1994e-05,5.1994e-05,385,1,385,385,385,5,1,5,5,5
27,20,5.2161e-05,1,5.2161e-05,5.2161e-05,5.2161e-05,380,1,380,380,380,4,1,4,4,4
27,20,5.2281e-05,1,5.2281e-05,5.2281e-05,5.2281e-05,388,1,388,388,388,5,1,5,5,5
27,20,5.492e-05,1,5.492e-05,5.492e-05,5.492e-05,390,1,390,390,390,5,1,5,5,5
27,20,5.3976e-05,1,5.3976e-05,5.3976e-05,5.3976e-05,391,1,391,391,391,5,1,5,5,5
27,20,5.5468e-05,1,5.5468e-05,5.5468e-05,5.5468e-05,386,1,386,386,386,5,1,5,5,5
27,20,7.0569e-05,1,7.0569e-05,7.0569e-05,7.0569e-05,377,1,377,377,377,4,1,4,4,4
27,20,5.1949e-05,1,5.1949e-05,5.1949e-05,5.1949e-05,388,1,388,388,388,5,1,5,5,5
27,20,5.2461e-05,1,5.2461e-05,5.2461e-05,5.2461e-05,390,1,390,390,390,5,1,5,5,5
27,20,5.2009e-05,1,5.2009e-05,5.2009e-05,5.2009e-05,391,1,391,391,391,4,1,4,4,4
27,20,5.3106e-05,1,5.3106e-05,5.3106e-05,5.3106e-05,387,1,387,387,387,4,1,4,4,4
27,20,5.1916e-05,1,5.1916e-05,5.1916e-05,5.1916e-05,383,1,383,383,383,4,1,4,4,4
27,20,7.0948e-05,1,7.0948e-05,7.0948e-05,7.0948e-05,395,1,395,395,395,5,1,5,5,5
27,20,5.5377e-05,1,5.5377e-05,5.5377e-05,5.5377e-05,387,1,387,387,387,5,1,5,5,5
27,20,5.6327e-05,1,5.6327e-05,5.6327e-05,5.6327e-05,385,1,385,385,385,5,1,5,5,5
27,20,5.4385e-05,1,5.4385e-05,5.4385e-05,5.4385e-05,396,1,396,396,396,6,1,6,6,6
27,20,5.1445e-05,1,5.1445e-05,5.1445e-05,5.1445e-05,387,1,387,387,387,4,1,4,4,4
27,20,5.1846e-05,1,5.1846e-05,5.1846e-05,5.1846e-05,391,1,391,391,391,4,1,4,4,4
27,20,5.2196e-05,1,5.2196e-05,5.2196e-05,5.2196e-05,392,1,392,392,392,5,1,5,5,5
27,20,5.2093e-05,1,5.2093e-05,5.2093e-05,5.2093e-05,390,1,390,390,390,4,1,4,4,4
27,20,5.2557e-05,1,5.2557e-05,5.2557e-05,5.2557e-05,390,1,390,390,390,5,1,5,5,5
27,20,5.1919e-05,1,5.1919e-05,5.1919e-05,5.1919e-05,383,1,383,383,383,4,1,4,4,4
27,20,5.1838e-05,1,5.1838e-05,5.1838e-05,5.1838e-05,387,1,387,387,387,4,1,4,4,4
27,20,5.1293e-05,1,5.1293e-05,5.1293e-05,5.1293e-05,389,1,389,389,389,5,1,5,5,5
27,20,7.0606e-05,1,7.0606e-05,7.0606e-05,7.0606e-05,385,1,385,385,385,4,1,4,4,4
27,20,5.2451e-05,1,5.2451e-05,5.2451e-05,5.2451e-05,398,1,398,398,398,5,1,5,5,5
27,20,5.0274e-05,1,5.0274e-05,5.0274e-05,5.0274e-05,387,1,387,387,387,4,1,4,4,4
27,20,5.4764e-05,1,5.4764e-05,5.4764e-05,5.4764e-05,388,1,388,388,388,5,1,5,5,5
27,20,5.1994e-05,1,5.1994e-05,5.1994e-05,5.1994e-05,382,1,382,382,382,4,1,4,4,4
27,20,5.1872e-05,1,5.1872e-05,5.1872e-05,5.1872e-05,393,1,393,393,393,5,1,5,5,5
27,20,5.1605e-05,1,5.1605e-05,5.1605e-05,5.1605e-05,385,1,385,385,385,4,1,4,4,4
27,20,5.1405e-05,1,5.1405e-05,5.1405e-05,5.1405e-05,392,1,392,392,392,4,1,4,4,4
27,20,5.2057e-05,1,5.2057e-05,5.2057e-05,5.2057e-05,382,1,382,382,382,4,1,4,4,4
27,20,5.2054e-05,1,5.2054e-05,5.2054e-05,5.2054e-05,393,1,393,393,393,5,1,5,5,5
27,20,5.1096e-05,1,5.1096e-05,5.1096e-05,5.1096e-05,382,1,382,382,382,4,1,4,4,4
27,20,5.2077e-05,1,5.2077e-05,5.2077e-05,5.2077e-05,385,1,385,385,385,4,1,4,4,4
27,20,5.1821e-05,1,5.1821e-05,5.1821e-05,5.1821e-05,386,1,386,386,386,4,1,4,4,4
27,20,5.2634e-05,1,5.2634e-05,5.2634e-05,5.2634e-05,406,1,406,406,406,6,1,6,6,6
27,20,5.149e-05,1,5.149e-05,5.149e-05,5.149e-05,386,1,386,386,386,5,1,5,5,5
27,20,5.2237e-05,1,5.2237e-05,5.2237e-05,5.2237e-05,386,1,386,386,386,5,1,5,5,5
27,20,5.379e-05,1,5.379e-05,5.379e-05,5.379e-05,387,1,387,387,387,4,1,4,4,4
27,20,5.1299e-05,1,5.1299e-05,5.1299e-05,5.1299e-05,385,1,385,385,385,4,1,4,4,4
27,20,6.9826e-05,1,6.9826e-05,6.9826e-05,6.9826e-05,400,1,400,400,400,5,1,5,5,5
27,20,5.5381e-05,1,5.5381e-05,5.5381e-05,5.5381e-05,386,1,386,386,386,4,1,4,4,4
27,20,5.4587e-05,1,5.4587e-05,5.4587e-05,5.4587e-05,381,1,381,381,381,4,1,4,4,4
27,20,5.5211e-05,1,5.5211e-05,5.5211e-05,5.5211e-05,390,1,390,390,390,4,1,4,4,4
27,20,5.1611e-05,1,5.1611e-05,5.1611e-05,5.1611e-05,385,1,385,385,385,4,1,4,4,4
27,20,5.2654e-05,1,5.2654e-05,5.2654e-05,5.2654e-05,388,1,388,388,388,5,1,5,5,5
27,20,5.1683e-05,1,5.1683e-05,5.1683e-05,5.1683e-05,383,1,383,383,383,4,1,4,4,4
27,20,5.0295e-05,1,5.0295e-05,5.0295e-05,5.0295e-05,385,1,385,385,385,4,1,4,4,4
27,20,5.7169e-05,1,5.7169e-05,5.7169e-05,5.7169e-05,393,1,393,393,393,5,1,5,5,5
27,20,5.5796e-05,1,5.5796e-05,5.5796e-05,5.5796e-05,390,1,390,390,390,5,1,5,5,5
27,20,5.4891e-05,1,5.4891e-05,5.4891e-05,5.4891e-05,381,1,381,381,381,4,1,4,4,4
27,20,5.3143e-05,1,5.3143e-05,5.3143e-05,5.3143e-05,387,1,387,387,387,4,1,4,4,4
27,20,5.4593e-05,1,5.4593e-05,5.4593e-05,5.4593e-05,382,1,382,382,382,5,1,5,5,5
27,20,5.2294e-05,1,5.2294e-05,5.2294e-05,5.2294e-05,384,1,384,384,384,4,1,4,4,4
27,20,5.1192e-05,1,5.1192e-05,5.1192e-05,5.1192e-05,382,1,382,382,382,4,1,4,4,4
27,20,5.08e-05,1,5.08e-05,5.08e-05,5.08e-05,389,1,389,389,389,5,1,5,5,5
27,20,5.1933e-05,1,5.1933e-05,5.1933e-05,5.1933e-05,374,1,374,374,374,3,1,3,3,3
27,20,5.183e-05,1,5.183e-05,5.183e-05,5.183e-05,391,1,391,391,391,4,1,4,4,4
27,20,5.1399e-05,1,5.1399e-05,5.1399e-05,5.1399e-05,389,1,389,389,389,5,1,5,5,5
27,20,5.228e-05,1,5.228e-05,5.228e-05,5.228e-05,392,1,392,392,392,5,1,5,5,5
27,20,5.0915e-05,1,5.0915e-05,5.0915e-05,5.0915e-05,386,1,386,386,386,4,1,4,4,4
27,20,5.148e-05,1,5.148e-05,5.148e-05,5.148e-05,393,1,393,393,393,4,1,4,4,4
27,20,5.4406e-05,1,5.4406e-05,5.4406e-05,5.4406e-05,384,1,384,384,384,4,1,4,4,4
27,20,5.4942e-05,1,5.4942e-05,5.4942e-05,5.4942e-05,390,1,390,390,390,4,1,4,4,4
27,20,5.5525e-05,1,5.5525e-05,5.5525e-05,5.5525e-05,389,1,389,389,389,5,1,5,5,5
27,20,5.0255e-05,1,5.0255e-05,5.0255e-05,5.0255e-05,386,1,386,386,386,4,1,4,4,4
27,20,5.4477e-05,1,5.4477e-05,5.4477e-05,5.4477e-05,393,1,393,393,393,5,1,5,5,5
27,20,5.5948e-05,1,5.5948e-05,5.5948e-05,5.5948e-05,383,1,383,383,383,5,1,5,5,5
27,20,6.1817e-05,1,6.1817e-05,6.1817e-05,6.1817e-05,391,1,391,391,391,4,1,4,4,4
27,20,5.5069e-05,1,5.5069e-05,5.5069e-05,5.5069e-05,394,1,394,394,394,4,1,4,4,4
27,20,5.3691e-05,1,5.3691e-05,5.3691e-05,5.3691e-05,391,1,391,391,391,5,1,5,5,5
27,20,5.4913e-05,1,5.4913e-05,5.4913e-05,5.4913e-05,389,1,389,389,389,5,1,5,5,5
27,20,5.1113e-05,1,5.1113e-05,5.1113e-05,5.1113e-05,381,1,381,381,381,4,1,4,4,4
27,20,5.1453e-05,1,5.1453e-05,5.1453e-05,5.1453e-05,390,1,390,390,390,5,1,5,5,5
27,20,5.0434e-05,1,5.0434e-05,5.0434e-05,5.0434e-05,384,1,384,384,384,5,1,5,5,5
27,20,5.095e-05,1,5.095e-05,5.095e-05,5.095e-05,382,1,382,382,382,4,1,4,4,4
27,20,5.0861e-05,1,5.0861e-05,5.0861e-05,5.0861e-05,382,1,382,382,382,4,1,4,4,4
27,20,5.1075e-05,1,5.1075e-05,5.1075e-05,5.1075e-05,386,1,386,386,386,4,1,4,4,4
27,20,5.1676e-05,1,5.1676e-05,5.1676e-05,5.1676e-05,385,1,385,385,385,4,1,4,4,4
27,20,5.1298e-05,1,5.1298e-05,5.1298e-05,5.1298e-05,385,1,385,385,385,4,1,4,4,4
27,20,5.2261e-05,1,5.2261e-05,5.2261e-05,5.2261e-05,383,1,383,383,383,5,1,5,5,5
27,20,5.1904e-05,1,5.1904e-05,5.1904e-05,5.1904e-05,389,1,389,389,389,5,1,5,5,5
27,20,5.2611e-05,1,5.2611e-05,5.2611e-05,5.2611e-05,388,1,388,388,388,4,1,4,4,4
27,20,5.1556e-05,1,5.1556e-05,5.1556e-05,5.1556e-05,386,1,386,386,386,5,1,5,5,5
27,20,5.3132e-05,1,5.3132e-05,5.3132e-05,5.3132e-05,390,1,390,390,390,5,1,5,5,5
27,20,5.1253e-05,1,5.1253e-05,5.1253e-05,5.1253e-05,381,1,381,381,381,4,1,4,4,4
27,20,7.1359e-05,1,7.1359e-05,7.1359e-05,7.1359e-05,395,1,395,395,395,6,1,6,6,6
27,20,5.3873e-05,1,5.3873e-05,5.3873e-05,5.3873e-05,387,1,387,387,387,5,1,5,5,5
27,20,5.4335e-05,1,5.4335e-05,5.4335e-05,5.4335e-05,387,1,387,387,387,4,1,4,4,4
27,20,5.5537e-05,1,5.5537e-05,5.5537e-05,5.5537e-05,388,1,388,388,388,4,1,4,4,4
27,20,5.4613e-05,1,5.4613e-05,5.4613e-05,5.4613e-05,385,1,385,385,385,5,1,5,5,5
27,20,5.3291e-05,1,5.3291e-05,5.3291e-05,5.3291e-05,384,1,384,384,384,4,1,4,4,4
27,20,6.994e-05,1,6.994e-05,6.994e-05,6.994e-05,385,1,385,385,385,5,1,5,5,5
