n,p,time_total,time_count,time_mean,time_min,time_max,steps_total,steps_count,steps_mean,steps_min,steps_max,number_total,number_count,number_mean,number_min,number_max
7,60,7.433e-06,1,7.433e-06,7.433e-06,7.433e-06,28,1,28,28,28,3,1,3,3,3
7,60,6.93e-06,1,6.93e-06,6.93e-06,6.93e-06,28,1,28,28,28,3,1,3,3,3
7,60,6.719e-06,1,6.719e-06,6.719e-06,6.719e-06,26,1,26,26,26,3,1,3,3,3
7,60,6.748e-06,1,6.748e-06,6.748e-06,6.748e-06,31,1,31,31,31,4,1,4,4,4
7,60,6.923e-06,1,6.923e-06,6.923e-06,6.923e-06,31,1,31,31,31,4,1,4,4,4
7,60,6.729e-06,1,6.729e-06,6.729e-06,6.729e-06,30,1,30,30,30,4,1,4,4,4
7,60,6.83e-06,1,6.83e-06,6.83e-06,6.83e-06,33,1,33,33,33,4,1,4,4,4
7,60,6.933e-06,1,6.933e-06,6.933e-06,6.933e-06,29,1,29,29,29,3,1,3,3,3
7,60,6.698e-06,1,6.698e-06,6.698e-06,6.698e-06,28,1,28,28,28,3,1,3,3,3
7,60,6.939e-06,1,6.939e-06,6.939e-06,6.939e-06,33,1,33,33,33,4,1,4,4,4
7,60,6.777e-06,1,6.777e-06,6.777e-06,6.777e-06,27,1,27,27,27,3,1,3,3,3
7,60,6.647e-06,1,6.647e-06,6.647e-06,6.647e-06,29,1,29,29,29,3,1,3,3,3
7,60,7.134e-06,1,7.134e-06,7.134e-06,7.134e-06,35,1,35,35,35,5,1,5,5,5
7,60,6.622e-06,1,6.622e-06,6.622e-06,6.622e-06,33,1,33,33,33,4,1,4,4,4
7,60,6.666e-06,1,6.666e-06,6.666e-06,6.666e-06,33,1,33,33,33,4,1,4,4,4
7,60,6.907e-06,1,6.907e-06,6.907e-06,6.907e-06,32,1,32,32,32,4,1,4,4,4
7,60,6.961e-06,1,6.961e-06,6.961e-06,6.961e-06,30,1,30,30,30,4,1,4,4,4
7,60,6.948e-06,1,6.948e-06,6.948e-06,6.948e-06,28,1,28,28,28,4,1,4,4,4
7,60,6.638e-06,1,6.638e-06,6.638e-06,6.638e-06,30,1,30,30,30,4,1,4,4,4
7,60,7.027e-06,1,7.027e-06,7.027e-06,7.027e-06,33,1,33,33,33,4,1,4,4,4
7,60,6.913e-06,1,6.913e-06,6.913e-06,6.913e-06,28,1,28,28,28,3,1,3,3,3
7,60,6.72e-06,1,6.72e-06,6.72e-06,6.72e-06,28,1,28,28,28,3,1,3,3,3
7,60,6.65e-06,1,6.65e-06,6.65e-06,6.65e-06,28,1,28,28,28,3,1,3,3,3
7,60,6.804e-06,1,6.804e-06,6.804e-06,6.804e-06,29,1,29,29,29,3,1,3,3,3
7,60,6.73e-06,1,6.73e-06,6.73e-06,6.73e-06,28,1,28,28,28,3,1,3,3,3
7,60,6.763e-06,1,6.763e-06,6.763e-06,6.763e-06,28,1,28,28,28,3,1,3,3,3
7,60,6.936e-06,1,6.936e-06,6.936e-06,6.936e-06,31,1,31,31,31,4,1,4,4,4
7,60,6.764e-06,1,6.764e-06,6.764e-06,6.764e-06,33,1,33,33,33,4,1,4,4,4
7,60,6.614e-06,1,6.614e-06,6.614e-06,6.614e-06,30,1,30,30,30,4,1,4,4,4
7,60,6.47e-06,1,6.47e-06,6.47e-06,6.47e-06,30,1,30,30,30,4,1,4,4,4
7,60,6.829e-06,1,6.829e-06,6.829e-06,6.829e-06,31,1,31,31,31,4,1,4,4,4
7,60,6.967e-06,1,6.967e-06,6.967e-06,6.967e-06,30,1,30,30,30,4,1,4,4,4
7,60,7.071e-06,1,7.071e-06,7.071e-06,7.071e-06,39,1,39,39,39,6,1,6,6,6
7,60,6.998e-06,1,6.998e-06,6.998e-06,6.998e-06,30,1,30,30,30,4,1,4,4,4
7,60,6.929e-06,1,6.929e-06,6.929e-06,6.929e-06,30,1,30,30,30,4,1,4,4,4
7,60,6.73e-06,1,6.73e-06,6.73e-06,6.73e-06,33,1,33,33,33,4,1,4,4,4
7,60,6.826e-06,1,6.826e-06,6.826e-06,6.826e-06,29,1,29,29,29,3,1,3,3,3
7,60,6.959e-06,1,6.959e-06,6.959e-06,6.959e-06,30,1,30,30,30,3,1,3,3,3
7,60,6.775e-06,1,6.775e-06,6.775e-06,6.775e-06,30,1,30,30,30,4,1,4,4,4
7,60,6.805e-06,1,6.805e-06,6.805e-06,6.805e-06,30,1,30,30,30,4,1,4,4,4
7,60,6.67e-06,1,6.67e-06,6.67e-06,6.67e-06,30,1,30,30,30,4,1,4,4,4
7,60,6.628e-06,1,6.628e-06,6.628e-06,6.628e-06,28,1,28,28,28,3,1,3,3,3
7,60,6.854e-06,1,6.854e-06,6.854e-06,6.854e-06,26,1,26,26,26,3,1,3,3,3
7,60,6.853e-06,1,6.853e-06,6.853e-06,6.853e-06,30,1,30,30,30,4,1,4,4,4
7,60,6.717e-06,1,6.717e-06,6.717e-06,6.717e-06,28,1,28,28,28,3,1,3,3,3
7,60,6.747e-06,1,6.747e-06,6.747e-06,6.747e-06,30,1,30,30,30,4,1,4,4,4
7,60,7.196e-06,1,7.196e-06,7.196e-06,7.196e-06,29,1,29,29,29,4,1,4,4,4
7,60,6.773e-06,1,6.773e-06,6.773e-06,6.773e-06,30,1,30,30,30,4,1,4,4,4
7,60,7.46e-06,1,7.46e-06,7.46e-06,7.46e-06,28,1,28,28,28,3,1,3,3,3
7,60,7.095e-06,1,7.095e-06,7.095e-06,7.095e-06,28,1,28,28,28,3,1,3,3,3
7,60,7.428e-06,1,7.428e-06,7.428e-06,7.428e-06,33,1,33,33,33,4,1,4,4,4
7,60,7.283e-06,1,7.283e-06,7.283e-06,7.283e-06,32,1,32,32,32,4,1,4,4,4
7,60,7.515e-06,1,7.515e-06,7.515e-06,7.515e-06,29,1,29,29,29,3,1,3,3,3
7,60,7.328e-06,1,7.328e-06,7.328e-06,7.328e-06,33,1,33,33,33,4,1,4,4,4
7,60,7.488e-06,1,7.488e-06,7.488e-06,7.488e-06,33,1,33,33,33,4,1,4,4,4
7,60,7.114e-06,1,7.114e-06,7.114e-06,7.114e-06,29,1,29,29,29,3,1,3,3,3
7,60,7.412e-06,1,7.412e-06,7.412e-06,7.412e-06,28,1,28,28,28,3,1,3,3,3
7,60,7.215e-06,1,7.215e-06,7.215e-06,7.215e-06,33,1,33,33,33,4,1,4,4,4
7,60,7.392e-06,1,7.392e-06,7.392e-06,7.392e-06,32,1,32,32,32,4,1,4,4,4
7,60,6.937e-06,1,6.937e-06,6.937e-06,6.937e-06,32,1,32,32,32,4,1,4,4,4
7,60,6.941e-06,1,6.941e-06,6.941e-06,6.941e-06,29,1,29,29,29,4,1,4,4,4
7,60,2.3501e-05,1,2.3501e-05,2.3501e-05,2.3501e-05,30,1,30,30,30,4,1,4,4,4
7,60,6.987e-06,1,6.987e-06,6.987e-06,6.987e-06,35,1,35,35,35,5,1,5,5,5
7,60,6.789e-06,1,6.789e-06,6.789e-06,6.789e-06,30,1,30,30,30,4,1,4,4,4
7,60,7.138e-06,1,7.138e-06,7.138e-06,7.138e-06,33,1,33,33,33,4,1,4,4,4
7,60,6.904e-06,1,6.904e-06,6.904e-06,6.904e-06,32,1,32,32,32,4,1,4,4,4
7,60,6.763e-06,1,6.763e-06,6.763e-06,6.763e-06,29,1,29,29,29,4,1,4,4,4
7,60,6.879e-06,1,6.879e-06,6.879e-06,6.879e-06,32,1,32,32,32,4,1,4,4,4
7,60,6.878e-06,1,6.878e-06,6.878e-06,6.878e-06,32,1,32,32,32,4,1,4,4,4
7,60,6.729e-06,1,6.729e-06,6.729e-06,6.729e-06,31,1,31,31,31,4,1,4,4,4
7,60,6.962e-06,1,6.962e-06,6.962e-06,6.962e-06,31,1,31,31,31,4,1,4,4,4
7,60,6.864e-06,1,6.864e-06,6.864e-06,6.864e-06,27,1,27,27,27,3,1,3,3,3
7,60,6.592e-06,1,6.592e-06,6.592e-06,6.592e-06,29,1,29,29,29,4,1,4,4,4
7,60,6.697e-06,1,6.697e-06,6.697e-06,6.697e-06,33,1,33,33,33,5,1,5,5,5
7,60,7.019e-06,1,7.019e-06,7.019e-06,7.019e-06,31,1,31,31,31,4,1,4,4,4
7,60,6.855e-06,1,6.855e-06,6.855e-06,6.855e-06,33,1,33,33,33,4,1,4,4,4
7,60,6.789e-06,1,6.789e-06,6.789e-06,6.789e-06,30,1,30,30,30,4,1,4,4,4
7,60,6.844e-06,1,6.844e-06,6.844e-06,6.844e-06,30,1,30,30,30,4,1,4,4,4
7,60,6.735e-06,1,6.735e-06,6.735e-06,6.735e-06,29,1,29,29,29,3,1,3,3,3
7,60,7.132e-06,1,7.132e-06,7.132e-06,7.132e-06,32,1,32,32,32,4,1,4,4,4
7,60,6.924e-06,1,6.924e-06,6.924e-06,6.924e-06,33,1,33,33,33,4,1,4,4,4
7,60,6.894e-06,1,6.894e-06,6.894e-06,6.894e-06,30,1,30,30,30,3,1,3,3,3
7,60,6.798e-06,1,6.798e-06,6.798e-06,6.798e-06,27,1,27,27,27,3,1,3,3,3
7,60,6.638e-06,1,6.638e-06,6.638e-06,6.638e-06,29,1,29,29,29,3,1,3,3,3
7,60,6.817e-06,1,6.817e-06,6.817e-06,6.817e-06,30,1,30,30,30,4,1,4,4,4
7,60,7.024e-06,1,7.024e-06,7.024e-06,7.024e-06,31,1,31,31,31,4,1,4,4,4
7,60,6.922e-06,1,6.922e-06,6.922e-06,6.922e-06,32,1,32,32,32,4,1,4,4,4
7,60,6.901e-06,1,6.901e-06,6.901e-06,6.901e-06,32,1,32,32,32,4,1,4,4,4
7,60,6.943e-06,1,6.943e-06,6.943e-06,6.943e-06,30,1,30,30,30,4,1,4,4,4
7,60,6.729e-06,1,6.729e-06,6.729e-06,6.729e-06,30,1,30,30,30,4,1,4,4,4
7,60,6.857e-06,1,6.857e-06,6.857e-06,6.857e-06,27,1,27,27,27,3,1,3,3,3
7,60,7.008e-06,1,7.008e-06,7.008e-06,7.008e-06,30,1,30,30,30,4,1,4,4,4
7,60,7.05e-06,1,7.05e-06,7.05e-06,7.05e-06,29,1,29,29,29,3,1,3,3,3
7,60,6.856e-06,1,6.856e-06,6.856e-06,6.856e-06,27,1,27,27,27,3,1,3,3,3
7,60,6.921e-06,1,6.921e-06,6.921e-06,6.921e-06,29,1,29,29,29,3,1,3,3,3
7,60,6.96e-06,1,6.96e-06,6.96e-06,6.96e-06,33,1,33,33,33,4,1,4,4,4
7,60,6.599e-06,1,6.599e-06,6.599e-06,6.599e-06,28,1,28,28,28,4,1,4,4,4
7,60,6.68e-06,1,6.68e-06,6.68e-06,6.68e-06,29,1,29,29,29,3,1,3,3,3
7,60,7.06e-06,1,7.06e-06,7.06e-06,7.06e-06,33,1,33,33,33,4,1,4,4,4
7,60,7.038e-06,1,7.038e-06,7.038e-06,7.038e-06,30,1,30,30,30,4,1,4,4,4
7,60,7.121e-06,1,7.121e-06,7.121e-06,7.121e-06,34,1,34,34,34,5,1,5,5,5
7,60,6.951e-06,1,6.951e-06,6.951e-06,6.951e-06,30,1,30,30,30,4,1,4,4,4
7,60,6.841e-06,1,6.841e-06,6.841e-06,6.841e-06,33,1,33,33,33,4,1,4,4,4
7,60,6.89e-06,1,6.89e-06,6.89e-06,6.89e-06,32,1,32,32,32,4,1,4,4,4
7,60,6.832e-06,1,6.832e-06,6.832e-06,6.832e-06,28,1,28,28,28,3,1,3,3,3
7,60,6.791e-06,1,6.791e-06,6.791e-06,6.791e-06,33,1,33,33,33,4,1,4,4,4
7,60,6.696e-06,1,6.696e-06,6.696e-06,6.696e-06,29,1,29,29,29,3,1,3,3,3
7,60,6.905e-06,1,6.905e-06,6.905e-06,6.905e-06,30,1,30,30,30,4,1,4,4,4
7,60,6.838e-06,1,6.838e-06,6.838e-06,6.838e-06,31,1,31,31,31,4,1,4,4,4
7,60,7.079e-06,1,7.079e-06,7.079e-06,7.079e-06,35,1,35,35,35,4,1,4,4,4
7,60,7.051e-06,1,7.051e-06,7.051e-06,7.051e-06,32,1,32,32,32,4,1,4,4,4
7,60,6.938e-06,1,6.938e-06,6.938e-06,6.938e-06,30,1,30,30,30,4,1,4,4,4
7,60,6.889e-06,1,6.889e-06,6.889e-06,6.889e-06,32,1,32,32,32,4,1,4,4,4
7,60,6.858e-06,1,6.858e-06,6.858e-06,6.858e-06,32,1,32,32,32,4,1,4,4,4
7,60,6.911e-06,1,6.911e-06,6.911e-06,6.911e-06,30,1,30,30,30,3,1,3,3,3
7,60,6.859e-06,1,6.859e-06,6.859e-06,6.859e-06,30,1,30,30,30,4,1,4,4,4
7,60,6.803e-06,1,6.803e-06,6.803e-06,6.803e-06,30,1,30,30,30,4,1,4,4,4
7,60,9.875e-06,1,9.875e-06,9.875e-06,9.875e-06,33,1,33,33,33,4,1,4,4,4
7,60,6.876e-06,1,6.876e-06,6.876e-06,6.876e-06,34,1,34,34,34,5,1,5,5,5
7,60,6.881e-06,1,6.881e-06,6.881e-06,6.881e-06,36,1,36,36,36,5,1,5,5,5
7,60,6.702e-06,1,6.702e-06,6.702e-06,6.702e-06,33,1,33,33,33,4,1,4,4,4
7,60,6.78e-06,1,6.78e-06,6.78e-06,6.78e-06,33,1,33,33,33,4,1,4,4,4
7,60,6.699e-06,1,6.699e-06,6.699e-06,6.699e-06,30,1,30,30,30,4,1,4,4,4
7,60,6.91e-06,1,6.91e-06,6.91e-06,6.91e-06,28,1,28,28,28,3,1,3,3,3
7,60,7.108e-06,1,7.108e-06,7.108e-06,7.108e-06,31,1,31,31,31,3,1,3,3,3
7,60,6.675e-06,1,6.675e-06,6.675e-06,6.675e-06,26,1,26,26,26,3,1,3,3,3
7,60,6.642e-06,1,6.642e-06,6.642e-06,6.642e-06,29,1,29,29,29,4,1,4,4,4
7,60,7.05e-06,1,7.05e-06,7.05e-06,7.05e-06,36,1,36,36,36,5,1,5,5,5
7,60,6.717e-06,1,6.717e-06,6.717e-06,6.717e-06,31,1,31,31,31,4,1,4,4,4
7,60,6.686e-06,1,6.686e-06,6.686e-06,6.686e-06,30,1,30,30,30,4,1,4,4,4
7,60,6.845e-06,1,6.845e-06,6.845e-06,6.845e-06,30,1,30,30,30,4,1,4,4,4
7,60,6.494e-06,1,6.494e-06,6.494e-06,6.494e-06,29,1,29,29,29,4,1,4,4,4
7,60,7.074e-06,1,7.074e-06,7.074e-06,7.074e-06,32,1,32,32,32,4,1,4,4,4
7,60,6.917e-06,1,6.917e-06,6.917e-06,6.917e-06,30,1,30,30,30,4,1,4,4,4
7,60,6.514e-06,1,6.514e-06,6.514e-06,6.514e-06,27,1,27,27,27,3,1,3,3,3
7,60,6.601e-06,1,6.601e-06,6.601e-06,6.601e-06,29,1,29,29,29,3,1,3,3,3
7,60,6.808e-06,1,6.808e-06,6.808e-06,6.808e-06,30,1,30,30,30,4,1,4,4,4
7,60,6.564e-06,1,6.564e-06,6.564e-06,6.564e-06,29,1,29,29,29,3,1,3,3,3
7,60,6.644e-06,1,6.644e-06,6.644e-06,6.644e-06,30,1,30,30,30,4,1,4,4,4
7,60,7.087e-06,1,7.087e-06,7.087e-06,7.087e-06,33,1,33,33,33,4,1,4,4,4
7,60,6.747e-06,1,6.747e-06,6.747e-06,6.747e-06,33,1,33,33,33,4,1,4,4,4
7,60,6.888e-06,1,6.888e-06,6.888e-06,6.888e-06,32,1,32,32,32,4,1,4,4,4
7,60,6.784e-06,1,6.784e-06,6.784e-06,6.784e-06,33,1,33,33,33,4,1,4,4,4
7,60,6.798e-06,1,6.798e-06,6.798e-06,6.798e-06,29,1,29,29,29,4,1,4,4,4
7,60,6.802e-06,1,6.802e-06,6.802e-06,6.802e-06,28,1,28,28,28,3,1,3,3,3
7,60,7.133e-06,1,7.133e-06,7.133e-06,7.133e-06,36,1,36,36,36,5,1,5,5,5
7,60,6.559e-06,1,6.559e-06,6.559e-06,6.559e-06,30,1,30,30,30,4,1,4,4,4
7,60,6.69e-06,1,6.69e-06,6.69e-06,6.69e-06,30,1,30,30,30,4,1,4,4,4
7,60,6.649e-06,1,6.649e-06,6.649e-06,6.649e-06,29,1,29,29,29,3,1,3,3,3
7,60,6.759e-06,1,6.759e-06,6.759e-06,6.759e-06,29,1,29,29,29,3,1,3,3,3
7,60,6.657e-06,1,6.657e-06,6.657e-06,6.657e-06,26,1,26,26,26,3,1,3,3,3
7,60,6.693e-06,1,6.693e-06,6.693e-06,6.693e-06,29,1,29,29,29,3,1,3,3,3
7,60,7.109e-06,1,7.109e-06,7.109e-06,7.109e-06,36,1,36,36,36,5,1,5,5,5
7,60,6.791e-06,1,6.791e-06,6.791e-06,6.791e-06,29,1,29,29,29,3,1,3,3,3
7,60,6.873e-06,1,6.873e-06,6.873e-06,6.873e-06,30,1,30,30,30,4,1,4,4,4
7,60,6.696e-06,1,6.696e-06,6.696e-06,6.696e-06,28,1,28,28,28,3,1,3,3,3
7,60,7.226e-06,1,7.226e-06,7.226e-06,7.226e-06,31,1,31,31,31,4,1,4,4,4
7,60,7.188e-06,1,7.188e-06,7.188e-06,7.188e-06,33,1,33,33,33,4,1,4,4,4
7,60,7.3e-06,1,7.3e-06,7.3e-06,7.3e-06,30,1,30,30,30,4,1,4,4,4
7,60,7.041e-06,1,7.041e-06,7.041e-06,7.041e-06,30,1,30,30,30,4,1,4,4,4
7,60,7.223e-06,1,7.223e-06,7.223e-06,7.223e-06,30,1,30,30,30,3,1,3,3,3
7,60,7.303e-06,1,7.303e-06,7.303e-06,7.303e-06,29,1,29,29,29,3,1,3,3,3
7,60,7.367e-06,1,7.367e-06,7.367e-06,7.367e-06,34,1,34,34,34,4,1,4,4,4
7,60,7.143e-06,1,7.143e-06,7.143e-06,7.143e-06,33,1,33,33,33,4,1,4,4,4
7,60,7.225e-06,1,7.225e-06,7.225e-06,7.225e-06,31,1,31,31,31,3,1,3,3,3
7,60,7.157e-06,1,7.157e-06,7.157e-06,7.157e-06,28,1,28,28,28,3,1,3,3,3
7,60,7.181e-06,1,7.181e-06,7.181e-06,7.181e-06,33,1,33,33,33,4,1,4,4,4
7,60,7.109e-06,1,7.109e-06,7.109e-06,7.109e-06,30,1,30,30,30,4,1,4,4,4
7,60,7.255e-06,1,7.255e-06,7.255e-06,7.255e-06,34,1,34,34,34,5,1,5,5,5
7,60,7.108e-06,1,7.108e-06,7.108e-06,7.108e-06,29,1,29,29,29,3,1,3,3,3
7,60,7.165e-06,1,7.165e-06,7.165e-06,7.165e-06,31,1,31,31,31,4,1,4,4,4
7,60,7.325e-06,1,7.325e-06,7.325e-06,7.325e-06,30,1,30,30,30,4,1,4,4,4
7,60,7.298e-06,1,7.298e-06,7.298e-06,7.298e-06,30,1,30,30,30,4,1,4,4,4
7,60,6.817e-06,1,6.817e-06,6.817e-06,6.817e-06,32,1,32,32,32,4,1,4,4,4
7,60,6.636e-06,1,6.636e-06,6.636e-06,6.636e-06,32,1,32,32,32,4,1,4,4,4
7,60,6.923e-06,1,6.923e-06,6.923e-06,6.923e-06,33,1,33,33,33,4,1,4,4,4
7,60,7.026e-06,1,7.026e-06,7.026e-06,7.026e-06,30,1,30,30,30,4,1,4,4,4
7,60,6.811e-06,1,6.811e-06,6.811e-06,6.811e-06,30,1,30,30,30,4,1,4,4,4
7,60,6.918e-06,1,6.918e-06,6.918e-06,6.918e-06,30,1,30,30,30,4,1,4,4,4
7,60,7.055e-06,1,7.055e-06,7.055e-06,7.055e-06,30,1,30,30,30,4,1,4,4,4
7,60,7.336e-06,1,7.336e-06,7.336e-06,7.336e-06,36,1,36,36,36,5,1,5,5,5
7,60,6.639e-06,1,6.639e-06,6.639e-06,6.639e-06,30,1,30,30,30,4,1,4,4,4
7,60,6.724e-06,1,6.724e-06,6.724e-06,6.724e-06,27,1,27,27,27,3,1,3,3,3
7,60,7.014e-06,1,7.014e-06,7.014e-06,7.014e-06,33,1,33,33,33,4,1,4,4,4
7,60,6.877e-06,1,6.877e-06,6.877e-06,6.877e-06,29,1,29,29,29,4,1,4,4,4
7,60,6.633e-06,1,6.633e-06,6.633e-06,6.633e-06,29,1,29,29,29,3,1,3,3,3
7,60,6.885e-06,1,6.885e-06,6.885e-06,6.885e-06,30,1,30,30,30,4,1,4,4,4
7,60,6.695e-06,1,6.695e-06,6.695e-06,6.695e-06,25,1,25,25,25,2,1,2,2,2
7,60,7.039e-06,1,7.039e-06,7.039e-06,7.039e-06,31,1,31,31,31,4,1,4,4,4
7,60,6.912e-06,1,6.912e-06,6.912e-06,6.912e-06,29,1,29,29,29,3,1,3,3,3
7,60,7.293e-06,1,7.293e-06,7.293e-06,7.293e-06,37,1,37,37,37,5,1,5,5,5
7,60,6.783e-06,1,6.783e-06,6.783e-06,6.783e-06,28,1,28,28,28,3,1,3,3,3
7,60,6.825e-06,1,6.825e-06,6.825e-06,6.825e-06,31,1,31,31,31,4,1,4,4,4
7,60,6.662e-06,1,6.662e-06,6.662e-06,6.662e-06,30,1,30,30,30,4,1,4,4,4
7,60,6.79e-06,1,6.79e-06,6.79e-06,6.79e-06,29,1,29,29,29,3,1,3,3,3
7,60,6.607e-06,1,6.607e-06,6.607e-06,6.607e-06,28,1,28,28,28,3,1,3,3,3
7,60,6.731e-06,1,6.731e-06,6.731e-06,6.731e-06,27,1,27,27,27,3,1,3,3,3
7,60,6.685e-06,1,6.685e-06,6.685e-06,6.685e-06,31,1,31,31,31,4,1,4,4,4
7,60,6.898e-06,1,6.898e-06,6.898e-06,6.898e-06,30,1,30,30,30,4,1,4,4,4
7,60,6.651e-06,1,6.651e-06,6.651e-06,6.651e-06,29,1,29,29,29,3,1,3,3,3
7,60,6.67e-06,1,6.67e-06,6.67e-06,6.67e-06,30,1,30,30,30,4,1,4,4,4
7,60,6.734e-06,1,6.734e-06,6.734e-06,6.734e-06,34,1,34,34,34,5,1,5,5,5
7,60,6.743e-06,1,6.743e-06,6.743e-06,6.743e-06,33,1,33,33,33,4,1,4,4,4
7,60,6.952e-06,1,6.952e-06,6.952e-06,6.952e-06,35,1,35,35,35,4,1,4,4,4
7,60,6.774e-06,1,6.774e-06,6.774e-06,6.774e-06,33,1,33,33,33,4,1,4,4,4
7,60,7.086e-06,1,7.086e-06,7.086e-06,7.086e-06,28,1,28,28,28,3,1,3,3,3
7,60,6.722e-06,1,6.722e-06,6.722e-06,6.722e-06,29,1,29,29,29,4,1,4,4,4
7,60,7.107e-06,1,7.107e-06,7.107e-06,7.107e-06,33,1,33,33,33,4,1,4,4,4
7,60,6.896e-06,1,6.896e-06,6.896e-06,6.896e-06,28,1,28,28,28,3,1,3,3,3
7,60,7.014e-06,1,7.014e-06,7.014e-06,7.014e-06,34,1,34,34,34,4,1,4,4,4
7,60,6.552e-06,1,6.552e-06,6.552e-06,6.552e-06,29,1,29,29,29,3,1,3,3,3
7,60,7.238e-06,1,7.238e-06,7.238e-06,7.238e-06,37,1,37,37,37,5,1,5,5,5
7,60,6.807e-06,1,6.807e-06,6.807e-06,6.807e-06,27,1,27,27,27,3,1,3,3,3
7,60,6.954e-06,1,6.954e-06,6.954e-06,6.954e-06,31,1,31,31,31,4,1,4,4,4
7,60,6.822e-06,1,6.822e-06,6.822e-06,6.822e-06,30,1,30,30,30,4,1,4,4,4
7,60,6.989e-06,1,6.989e-06,6.989e-06,6.989e-06,29,1,29,29,29,3,1,3,3,3
7,60,6.941e-06,1,6.941e-06,6.941e-06,6.941e-06,30,1,30,30,30,4,1,4,4,4
7,60,7.242e-06,1,7.242e-06,7.242e-06,7.242e-06,30,1,30,30,30,4,1,4,4,4
7,60,6.629e-06,1,6.629e-06,6.629e-06,6.629e-06,26,1,26,26,26,3,1,3,3,3
7,60,6.81e-06,1,6.81e-06,6.81e-06,6.81e-06,27,1,27,27,27,3,1,3,3,3
7,60,6.902e-06,1,6.902e-06,6.902e-06,6.902e-06,29,1,29,29,29,3,1,3,3,3
7,60,6.838e-06,1,6.838e-06,6.838e-06,6.838e-06,28,1,28,28,28,3,1,3,3,3
7,60,6.867e-06,1,6.867e-06,6.867e-06,6.867e-06,32,1,32,32,32,4,1,4,4,4
7,60,6.765e-06,1,6.765e-06,6.765e-06,6.765e-06,28,1,28,28,28,3,1,3,3,3
7,60,6.479e-06,1,6.479e-06,6.479e-06,6.479e-06,28,1,28,28,28,3,1,3,3,3
7,60,6.98e-06,1,6.98e-06,6.98e-06,6.98e-06,32,1,32,32,32,4,1,4,4,4
7,60,6.654e-06,1,6.654e-06,6.654e-06,6.654e-06,30,1,30,30,30,4,1,4,4,4
7,60,6.47e-06,1,6.47e-06,6.47e-06,6.47e-06,27,1,27,27,27,3,1,3,3,3
7,60,6.837e-06,1,6.837e-06,6.837e-06,6.837e-06,29,1,29,29,29,3,1,3,3,3
7,60,6.519e-06,1,6.519e-06,6.519e-06,6.519e-06,29,1,29,29,29,3,1,3,3,3
7,60,6.659e-06,1,6.659e-06,6.659e-06,6.659e-06,30,1,30,30,30,4,1,4,4,4
7,60,6.944e-06,1,6.944e-06,6.944e-06,6.944e-06,33,1,33,33,33,4,1,4,4,4
7,60,6.698e-06,1,6.698e-06,6.698e-06,6.698e-06,34,1,34,34,34,5,1,5,5,5
7,60,7.204e-06,1,7.204e-06,7.204e-06,7.204e-06,40,1,40,40,40,6,1,6,6,6
7,60,6.895e-06,1,6.895e-06,6.895e-06,6.895e-06,31,1,31,31,31,4,1,4,4,4
7,60,6.845e-06,1,6.845e-06,6.845e-06,6.845e-06,24,1,24,24,24,2,1,2,2,2
7,60,6.72e-06,1,6.72e-06,6.72e-06,6.72e-06,29,1,29,29,29,3,1,3,3,3
7,60,6.743e-06,1,6.743e-06,6.743e-06,6.743e-06,28,1,28,28,28,3,1,3,3,3
7,60,7.23e-06,1,7.23e-06,7.23e-06,7.23e-06,27,1,27,27,27,3,1,3,3,3
7,60,7.074e-06,1,7.074e-06,7.074e-06,7.074e-06,29,1,29,29,29,3,1,3,3,3
7,60,7.072e-06,1,7.072e-06,7.072e-06,7.072e-06,27,1,27,27,27,3,1,3,3,3
7,60,7.396e-06,1,7.396e-06,7.396e-06,7.396e-06,32,1,32,32,32,4,1,4,4,4
7,60,6.948e-06,1,6.948e-06,6.948e-06,6.948e-06,27,1,27,27,27,3,1,3,3,3
7,60,7.414e-06,1,7.414e-06,7.414e-06,7.414e-06,32,1,32,32,32,4,1,4,4,4
7,60,7.248e-06,1,7.248e-06,7.248e-06,7.248e-06,37,1,37,37,37,5,1,5,5,5
7,60,7.615e-06,1,7.615e-06,7.615e-06,7.615e-06,36,1,36,36,36,5,1,5,5,5
7,60,7.051e-06,1,7.051e-06,7.051e-06,7.051e-06,30,1,30,30,30,4,1,4,4,4
7,60,7.384e-06,1,7.384e-06,7.384e-06,7.384e-06,30,1,30,30,30,4,1,4,4,4
7,60,6.796e-06,1,6.796e-06,6.796e-06,6.796e-06,26,1,26,26,26,3,1,3,3,3
7,60,6.867e-06,1,6.867e-06,6.867e-06,6.867e-06,30,1,30,30,30,4,1,4,4,4
7,60,6.736e-06,1,6.736e-06,6.736e-06,6.736e-06,30,1,30,30,30,4,1,4,4,4
7,60,7.064e-06,1,7.064e-06,7.064e-06,7.064e-06,31,1,31,31,31,4,1,4,4,4
7,60,6.92e-06,1,6.92e-06,6.92e-06,6.92e-06,26,1,26,26,26,3,1,3,3,3
7,60,6.721e-06,1,6.721e-06,6.721e-06,6.721e-06,28,1,28,28,28,3,1,3,3,3
7,60,6.942e-06,1,6.942e-06,6.942e-06,6.942e-06,30,1,30,30,30,4,1,4,4,4
7,60,6.798e-06,1,6.798e-06,6.798e-06,6.798e-06,27,1,27,27,27,3,1,3,3,3
7,60,7.027e-06,1,7.027e-06,7.027e-06,7.027e-06,33,1,33,33,33,4,1,4,4,4
7,60,6.807e-06,1,6.807e-06,6.807e-06,6.807e-06,30,1,30,30,30,4,1,4,4,4
7,60,6.965e-06,1,6.965e-06,6.965e-06,6.965e-06,30,1,30,30,30,4,1,4,4,4
7,60,6.774e-06,1,6.774e-06,6.774e-06,6.774e-06,28,1,28,28,28,3,1,3,3,3
7,60,7.047e-06,1,7.047e-06,7.047e-06,7.047e-06,33,1,33,33,33,4,1,4,4,4
7,60,6.688e-06,1,6.688e-06,6.688e-06,6.688e-06,30,1,30,30,30,4,1,4,4,4
7,60,6.704e-06,1,6.704e-06,6.704e-06,6.704e-06,31,1,31,31,31,4,1,4,4,4
7,60,6.757e-06,1,6.757e-06,6.757e-06,6.757e-06,33,1,33,33,33,4,1,4,4,4
7,60,6.675e-06,1,6.675e-06,6.675e-06,6.675e-06,30,1,30,30,30,4,1,4,4,4
7,60,6.911e-06,1,6.911e-06,6.911e-06,6.911e-06,37,1,37,37,37,5,1,5,5,5
7,60,6.992e-06,1,6.992e-06,6.992e-06,6.992e-06,33,1,33,33,33,4,1,4,4,4
7,60,6.915e-06,1,6.915e-06,6.915e-06,6.915e-06,28,1,28,28,28,3,1,3,3,3
7,60,6.892e-06,1,6.892e-06,6.892e-06,6.892e-06,34,1,34,34,34,4,1,4,4,4
7,60,6.97e-06,1,6.97e-06,6.97e-06,6.97e-06,32,1,32,32,32,4,1,4,4,4
7,60,6.616e-06,1,6.616e-06,6.616e-06,6.616e-06,33,1,33,33,33,4,1,4,4,4
7,60,6.796e-06,1,6.796e-06,6.796e-06,6.796e-06,28,1,28,28,28,3,1,3,3,3
7,60,7.108e-06,1,7.108e-06,7.108e-06,7.108e-06,32,1,32,32,32,5,1,5,5,5
7,60,6.673e-06,1,6.673e-06,6.673e-06,6.673e-06,28,1,28,28,28,3,1,3,3,3
7,60,7.136e-06,1,7.136e-06,7.136e-06,7.136e-06,28,1,28,28,28,3,1,3,3,3
7,60,7.033e-06,1,7.033e-06,7.033e-06,7.033e-06,29,1,29,29,29,3,1,3,3,3
7,60,7.118e-06,1,7.118e-06,7.118e-06,7.118e-06,36,1,36,36,36,5,1,5,5,5
7,60,6.953e-06,1,6.953e-06,6.953e-06,6.953e-06,33,1,33,33,33,5,1,5,5,5
7,60,6.834e-06,1,6.834e-06,6.834e-06,6.834e-06,29,1,29,29,29,3,1,3,3,3
7,60,6.969e-06,1,6.969e-06,6.969e-06,6.969e-06,30,1,30,30,30,3,1,3,3,3
7,60,6.739e-06,1,6.739e-06,6.739e-06,6.739e-06,29,1,29,29,29,3,1,3,3,3
7,60,6.925e-06,1,6.925e-06,6.925e-06,6.925e-06,34,1,34,34,34,4,1,4,4,4
7,60,6.792e-06,1,6.792e-06,6.792e-06,6.792e-06,32,1,32,32,32,5,1,5,5,5
7,60,6.881e-06,1,6.881e-06,6.881e-06,6.881e-06,33,1,33,33,33,4,1,4,4,4
7,60,6.975e-06,1,6.975e-06,6.975e-06,6.975e-06,29,1,29,29,29,3,1,3,3,3
7,60,6.9e-06,1,6.9e-06,6.9e-06,6.9e-06,30,1,30,30,30,4,1,4,4,4
7,60,6.802e-06,1,6.802e-06,6.802e-06,6.802e-06,29,1,29,29,29,3,1,3,3,3
7,60,6.824e-06,1,6.824e-06,6.824e-06,6.824e-06,30,1,30,30,30,4,1,4,4,4
7,60,6.85e-06,1,6.85e-06,6.85e-06,6.85e-06,27,1,27,27,27,3,1,3,3,3
7,60,7.229e-06,1,7.229e-06,7.229e-06,7.229e-06,36,1,36,36,36,5,1,5,5,5
7,60,7.049e-06,1,7.049e-06,7.049e-06,7.049e-06,36,1,36,36,36,5,1,5,5,5
7,60,6.639e-06,1,6.639e-06,6.639e-06,6.639e-06,29,1,29,29,29,3,1,3,3,3
7,60,7.054e-06,1,7.054e-06,7.054e-06,7.054e-06,34,1,34,34,34,5,1,5,5,5
7,60,6.76e-06,1,6.76e-06,6.76e-06,6.76e-06,30,1,30,30,30,4,1,4,4,4
7,60,7.057e-06,1,7.057e-06,7.057e-06,7.057e-06,30,1,30,30,30,4,1,4,4,4
7,60,6.8e-06,1,6.8e-06,6.8e-06,6.8e-06,32,1,32,32,32,4,1,4,4,4
7,60,6.725e-06,1,6.725e-06,6.725e-06,6.725e-06,33,1,33,33,33,4,1,4,4,4
7,60,6.773e-06,1,6.773e-06,6.773e-06,6.773e-06,29,1,29,29,29,4,1,4,4,4
7,60,6.79e-06,1,6.79e-06,6.79e-06,6.79e-06,28,1,28,28,28,3,1,3,3,3
7,60,7.024e-06,1,7.024e-06,7.024e-06,7.024e-06,33,1,33,33,33,4,1,4,4,4
7,60,6.816e-06,1,6.816e-06,6.816e-06,6.816e-06,28,1,28,28,28,3,1,3,3,3
7,60,6.872e-06,1,6.872e-06,6.872e-06,6.872e-06,29,1,29,29,29,4,1,4,4,4
7,60,6.828e-06,1,6.828e-06,6.828e-06,6.828e-06,29,1,29,29,29,3,1,3,3,3
7,60,6.8e-06,1,6.8e-06,6.8e-06,6.8e-06,30,1,30,30,30,4,1,4,4,4
7,60,6.98e-06,1,6.98e-06,6.98e-06,6.98e-06,28,1,28,28,28,3,1,3,3,3
7,60,6.88e-06,1,6.88e-06,6.88e-06,6.88e-06,29,1,29,29,29,4,1,4,4,4
7,60,6.787e-06,1,6.787e-06,6.787e-06,6.787e-06,26,1,26,26,26,3,1,3,3,3
7,60,6.965e-06,1,6.965e-06,6.965e-06,6.965e-06,30,1,30,30,30,4,1,4,4,4
7,60,6.851e-06,1,6.851e-06,6.851e-06,6.851e-06,31,1,31,31,31,4,1,4,4,4
7,60,7.174e-06,1,7.174e-06,7.174e-06,7.174e-06,33,1,33,33,33,4,1,4,4,4
7,60,6.643e-06,1,6.643e-06,6.643e-06,6.643e-06,30,1,30,30,30,4,1,4,4,4
7,60,6.874e-06,1,6.874e-06,6.874e-06,6.874e-06,30,1,30,30,30,4,1,4,4,4
7,60,6.836e-06,1,6.836e-06,6.836e-06,6.836e-06,30,1,30,30,30,4,1,4,4,4
7,60,6.762e-06,1,6.762e-06,6.762e-06,6.762e-06,30,1,30,30,30,4,1,4,4,4
7,60,7.05e-06,1,7.05e-06,7.05e-06,7.05e-06,35,1,35,35,35,4,1,4,4,4
7,60,6.699e-06,1,6.699e-06,6.699e-06,6.699e-06,28,1,28,28,28,3,1,3,3,3
7,60,6.753e-06,1,6.753e-06,6.753e-06,6.753e-06,28,1,28,28,28,4,1,4,4,4
7,60,6.625e-06,1,6.625e-06,6.625e-06,6.625e-06,32,1,32,32,32,4,1,4,4,4
7,60,6.733e-06,1,6.733e-06,6.733e-06,6.733e-06,30,1,30,30,30,4,1,4,4,4
7,60,6.954e-06,1,6.954e-06,6.954e-06,6.954e-06,30,1,30,30,30,4,1,4,4,4
7,60,6.87e-06,1,6.87e-06,6.87e-06,6.87e-06,27,1,27,27,27,3,1,3,3,3
7,60,6.81e-06,1,6.81e-06,6.81e-06,6.81e-06,30,1,30,30,30,4,1,4,4,4
7,60,6.814e-06,1,6.814e-06,6.814e-06,6.814e-06,30,1,30,30,30,4,1,4,4,4
7,60,6.905e-06,1,6.905e-06,6.905e-06,6.905e-06,32,1,32,32,32,4,1,4,4,4
7,60,7.02e-06,1,7.02e-06,7.02e-06,7.02e-06,29,1,29,29,29,3,1,3,3,3
7,60,6.954e-06,1,6.954e-06,6.954e-06,6.954e-06,29,1,29,29,29,3,1,3,3,3
7,60,6.732e-06,1,6.732e-06,6.732e-06,6.732e-06,30,1,30,30,30,4,1,4,4,4
7,60,6.799e-06,1,6.799e-06,6.799e-06,6.799e-06,30,1,30,30,30,4,1,4,4,4
7,60,6.886e-06,1,6.886e-06,6.886e-06,6.886e-06,33,1,33,33,33,4,1,4,4,4
7,60,6.625e-06,1,6.625e-06,6.625e-06,6.625e-06,28,1,28,28,28,3,1,3,3,3
7,60,6.79e-06,1,6.79e-06,6.79e-06,6.79e-06,27,1,27,27,27,3,1,3,3,3
7,60,6.665e-06,1,6.665e-06,6.665e-06,6.665e-06,28,1,28,28,28,3,1,3,3,3
7,60,6.874e-06,1,6.874e-06,6.874e-06,6.874e-06,28,1,28,28,28,3,1,3,3,3
7,60,6.793e-06,1,6.793e-06,6.793e-06,6.793e-06,31,1,31,31,31,4,1,4,4,4
7,60,6.823e-06,1,6.823e-06,6.823e-06,6.823e-06,30,1,30,30,30,4,1,4,4,4
7,60,6.796e-06,1,6.796e-06,6.796e-06,6.796e-06,32,1,32,32,32,4,1,4,4,4
7,60,6.849e-06,1,6.849e-06,6.849e-06,6.849e-06,29,1,29,29,29,3,1,3,3,3
7,60,6.811e-06,1,6.811e-06,6.811e-06,6.811e-06,30,1,30,30,30,4,1,4,4,4
7,60,7.015e-06,1,7.015e-06,7.015e-06,7.015e-06,29,1,29,29,29,4,1,4,4,4
7,60,7.067e-06,1,7.067e-06,7.067e-06,7.067e-06,31,1,31,31,31,4,1,4,4,4
7,60,6.779e-06,1,6.779e-06,6.779e-06,6.779e-06,29,1,29,29,29,4,1,4,4,4
7,60,6.805e-06,1,6.805e-06,6.805e-06,6.805e-06,34,1,34,34,34,5,1,5,5,5
7,60,6.931e-06,1,6.931e-06,6.931e-06,6.931e-06,33,1,33,33,33,4,1,4,4,4
7,60,6.831e-06,1,6.831e-06,6.831e-06,6.831e-06,28,1,28,28,28,3,1,3,3,3
7,60,6.562e-06,1,6.562e-06,6.562e-06,6.562e-06,33,1,33,33,33,4,1,4,4,4
7,60,6.721e-06,1,6.721e-06,6.721e-06,6.721e-06,33,1,33,33,33,4,1,4,4,4
7,60,7.202e-06,1,7.202e-06,7.202e-06,7.202e-06,33,1,33,33,33,4,1,4,4,4
7,60,6.952e-06,1,6.952e-06,6.952e-06,6.952e-06,30,1,30,30,30,4,1,4,4,4
7,60,6.897e-06,1,6.897e-06,6.897e-06,6.897e-06,26,1,26,26,26,3,1,3,3,3
7,60,6.76e-06,1,6.76e-06,6.76e-06,6.76e-06,30,1,30,30,30,4,1,4,4,4
7,60,6.542e-06,1,6.542e-06,6.542e-06,6.542e-06,27,1,27,27,27,3,1,3,3,3
7,60,6.796e-06,1,6.796e-06,6.796e-06,6.796e-06,29,1,29,29,29,3,1,3,3,3
7,60,6.961e-06,1,6.961e-06,6.961e-06,6.961e-06,30,1,30,30,30,4,1,4,4,4
7,60,6.913e-06,1,6.913e-06,6.913e-06,6.913e-06,26,1,26,26,26,3,1,3,3,3
7,60,6.637e-06,1,6.637e-06,6.637e-06,6.637e-06,28,1,28,28,28,3,1,3,3,3
7,60,6.916e-06,1,6.916e-06,6.916e-06,6.916e-06,29,1,29,29,29,3,1,3,3,3
7,60,7.144e-06,1,7.144e-06,7.144e-06,7.144e-06,37,1,37,37,37,5,1,5,5,5
7,60,6.627e-06,1,6.627e-06,6.627e-06,6.627e-06,30,1,30,30,30,4,1,4,4,4
7,60,6.92e-06,1,6.92e-06,6.92e-06,6.92e-06,32,1,32,32,32,4,1,4,4,4
7,60,6.764e-06,1,6.764e-06,6.764e-06,6.764e-06,28,1,28,28,28,3,1,3,3,3
7,60,6.798e-06,1,6.798e-06,6.798e-06,6.798e-06,28,1,28,28,28,3,1,3,3,3
7,60,6.881e-06,1,6.881e-06,6.881e-06,6.881e-06,32,1,32,32,32,4,1,4,4,4
7,60,6.959e-06,1,6.959e-06,6.959e-06,6.959e-06,28,1,28,28,28,3,1,3,3,3
7,60,6.627e-06,1,6.627e-06,6.627e-06,6.627e-06,33,1,33,33,33,4,1,4,4,4
7,60,6.755e-06,1,6.755e-06,6.755e-06,6.755e-06,29,1,29,29,29,3,1,3,3,3
7,60,7.08e-06,1,7.08e-06,7.08e-06,7.08e-06,30,1,30,30,30,4,1,4,4,4
7,60,7.389e-06,1,7.389e-06,7.389e-06,7.389e-06,28,1,28,28,28,3,1,3,3,3
7,60,7.725e-06,1,7.725e-06,7.725e-06,7.725e-06,37,1,37,37,37,5,1,5,5,5
7,60,7.321e-06,1,7.321e-06,7.321e-06,7.321e-06,29,1,29,29,29,3,1,3,3,3
7,60,7.005e-06,1,7.005e-06,7.005e-06,7.005e-06,29,1,29,29,29,3,1,3,3,3
7,60,7.463e-06,1,7.463e-06,7.463e-06,7.463e-06,32,1,32,32,32,4,1,4,4,4
7,60,7.052e-06,1,7.052e-06,7.052e-06,7.052e-06,31,1,31,31,31,4,1,4,4,4
7,60,7.187e-06,1,7.187e-06,7.187e-06,7.187e-06,28,1,28,28,28,3,1,3,3,3
7,60,7.143e-06,1,7.143e-06,7.143e-06,7.143e-06,29,1,29,29,29,3,1,3,3,3
7,60,6.957e-06,1,6.957e-06,6.957e-06,6.957e-06,32,1,32,32,32,5,1,5,5,5
7,60,6.856e-06,1,6.856e-06,6.856e-06,6.856e-06,31,1,31,31,31,4,1,4,4,4
7,60,6.748e-06,1,6.748e-06,6.748e-06,6.748e-06,30,1,30,30,30,4,1,4,4,4
7,60,6.935e-06,1,6.935e-06,6.935e-06,6.935e-06,30,1,30,30,30,4,1,4,4,4
7,60,6.869e-06,1,6.869e-06,6.869e-06,6.869e-06,30,1,30,30,30,4,1,4,4,4
7,60,6.687e-06,1,6.687e-06,6.687e-06,6.687e-06,28,1,28,28,28,3,1,3,3,3
7,60,6.617e-06,1,6.617e-06,6.617e-06,6.617e-06,30,1,30,30,30,4,1,4,4,4
7,60,6.698e-06,1,6.698e-06,6.698e-06,6.698e-06,29,1,29,29,29,3,1,3,3,3
7,60,6.575e-06,1,6.575e-06,6.575e-06,6.575e-06,30,1,30,30,30,4,1,4,4,4
7,60,6.851e-06,1,6.851e-06,6.851e-06,6.851e-06,28,1,28,28,28,3,1,3,3,3
7,60,6.789e-06,1,6.789e-06,6.789e-06,6.789e-06,30,1,30,30,30,4,1,4,4,4
7,60,6.89e-06,1,6.89e-06,6.89e-06,6.89e-06,32,1,32,32,32,4,1,4,4,4
7,60,6.859e-06,1,6.859e-06,6.859e-06,6.859e-06,26,1,26,26,26,3,1,3,3,3
7,60,6.977e-06,1,6.977e-06,6.977e-06,6.977e-06,35,1,35,35,35,5,1,5,5,5
7,60,6.857e-06,1,6.857e-06,6.857e-06,6.857e-06,32,1,32,32,32,4,1,4,4,4
7,60,7.069e-06,1,7.069e-06,7.069e-06,7.069e-06,33,1,33,33,33,4,1,4,4,4
7,60,6.887e-06,1,6.887e-06,6.887e-06,6.887e-06,29,1,29,29,29,3,1,3,3,3
7,60,6.711e-06,1,6.711e-06,6.711e-06,6.711e-06,28,1,28,28,28,3,1,3,3,3
7,60,6.78e-06,1,6.78e-06,6.78e-06,6.78e-06,28,1,28,28,28,3,1,3,3,3
7,60,6.526e-06,1,6.526e-06,6.526e-06,6.526e-06,30,1,30,30,30,4,1,4,4,4
7,60,6.966e-06,1,6.966e-06,6.966e-06,6.966e-06,34,1,34,34,34,5,1,5,5,5
7,60,6.672e-06,1,6.672e-06,6.672e-06,6.672e-06,30,1,30,30,30,4,1,4,4,4
7,60,7.244e-06,1,7.244e-06,7.244e-06,7.244e-06,34,1,34,34,34,4,1,4,4,4
7,60,6.772e-06,1,6.772e-06,6.772e-06,6.772e-06,29,1,29,29,29,3,1,3,3,3
7,60,7.013e-06,1,7.013e-06,7.013e-06,7.013e-06,30,1,30,30,30,3,1,3,3,3
7,60,7.074e-06,1,7.074e-06,7.074e-06,7.074e-06,33,1,33,33,33,4,1,4,4,4
7,60,6.837e-06,1,6.837e-06,6.837e-06,6.837e-06,29,1,29,29,29,3,1,3,3,3
7,60,7.264e-06,1,7.264e-06,7.264e-06,7.264e-06,38,1,38,38,38,5,1,5,5,5
7,60,6.967e-06,1,6.967e-06,6.967e-06,6.967e-06,30,1,30,30,30,4,1,4,4,4
7,60,6.674e-06,1,6.674e-06,6.674e-06,6.674e-06,28,1,28,28,28,3,1,3,3,3
7,60,6.984e-06,1,6.984e-06,6.984e-06,6.984e-06,29,1,29,29,29,4,1,4,4,4
7,60,7.304e-06,1,7.304e-06,7.304e-06,7.304e-06,35,1,35,35,35,5,1,5,5,5
7,60,6.825e-06,1,6.825e-06,6.825e-06,6.825e-06,30,1,30,30,30,4,1,4,4,4
7,60,6.84e-06,1,6.84e-06,6.84e-06,6.84e-06,30,1,30,30,30,4,1,4,4,4
7,60,6.806e-06,1,6.806e-06,6.806e-06,6.806e-06,29,1,29,29,29,3,1,3,3,3
7,60,6.842e-06,1,6.842e-06,6.842e-06,6.842e-06,28,1,28,28,28,3,1,3,3,3
7,60,6.895e-06,1,6.895e-06,6.895e-06,6.895e-06,31,1,31,31,31,4,1,4,4,4
7,60,7.182e-06,1,7.182e-06,7.182e-06,7.182e-06,31,1,31,31,31,4,1,4,4,4
7,60,6.663e-06,1,6.663e-06,6.663e-06,6.663e-06,27,1,27,27,27,3,1,3,3,3
7,60,6.795e-06,1,6.795e-06,6.795e-06,6.795e-06,29,1,29,29,29,3,1,3,3,3
7,60,3.4294e-05,1,3.4294e-05,3.4294e-05,3.4294e-05,30,1,30,30,30,4,1,4,4,4
7,60,7.05e-06,1,7.05e-06,7.05e-06,7.05e-06,29,1,29,29,29,3,1,3,3,3
7,60,7.094e-06,1,7.094e-06,7.094e-06,7.094e-06,34,1,34,34,34,4,1,4,4,4
7,60,7.329e-06,1,7.329e-06,7.329e-06,7.329e-06,38,1,38,38,38,5,1,5,5,5
7,60,6.812e-06,1,6.812e-06,6.812e-06,6.812e-06,27,1,27,27,27,3,1,3,3,3
7,60,7.112e-06,1,7.112e-06,7.112e-06,7.112e-06,31,1,31,31,31,4,1,4,4,4
7,60,6.842e-06,1,6.842e-06,6.842e-06,6.842e-06,30,1,30,30,30,4,1,4,4,4
7,60,6.995e-06,1,6.995e-06,6.995e-06,6.995e-06,33,1,33,33,33,4,1,4,4,4
7,60,7.191e-06,1,7.191e-06,7.191e-06,7.191e-06,32,1,32,32,32,5,1,5,5,5
7,60,6.815e-06,1,6.815e-06,6.815e-06,6.815e-06,31,1,31,31,31,4,1,4,4,4
7,60,6.717e-06,1,6.717e-06,6.717e-06,6.717e-06,30,1,30,30,30,4,1,4,4,4
7,60,6.862e-06,1,6.862e-06,6.862e-06,6.862e-06,29,1,29,29,29,3,1,3,3,3
7,60,7.106e-06,1,7.106e-06,7.106e-06,7.106e-06,29,1,29,29,29,3,1,3,3,3
7,60,7.146e-06,1,7.146e-06,7.146e-06,7.146e-06,38,1,38,38,38,5,1,5,5,5
7,60,7.018e-06,1,7.018e-06,7.018e-06,7.018e-06,33,1,33,33,33,4,1,4,4,4
7,60,6.708e-06,1,6.708e-06,6.708e-06,6.708e-06,28,1,28,28,28,3,1,3,3,3
7,60,7.075e-06,1,7.075e-06,7.075e-06,7.075e-06,31,1,31,31,31,4,1,4,4,4
7,60,6.878e-06,1,6.878e-06,6.878e-06,6.878e-06,27,1,27,27,27,3,1,3,3,3
7,60,7.14e-06,1,7.14e-06,7.14e-06,7.14e-06,37,1,37,37,37,5,1,5,5,5
7,60,7.086e-06,1,7.086e-06,7.086e-06,7.086e-06,32,1,32,32,32,4,1,4,4,4
7,60,6.867e-06,1,6.867e-06,6.867e-06,6.867e-06,29,1,29,29,29,4,1,4,4,4
7,60,6.968e-06,1,6.968e-06,6.968e-06,6.968e-06,34,1,34,34,34,4,1,4,4,4
7,60,6.661e-06,1,6.661e-06,6.661e-06,6.661e-06,28,1,28,28,28,3,1,3,3,3
7,60,7.123e-06,1,7.123e-06,7.123e-06,7.123e-06,32,1,32,32,32,4,1,4,4,4
7,60,6.62e-06,1,6.62e-06,6.62e-06,6.62e-06,28,1,28,28,28,3,1,3,3,3
7,60,6.972e-06,1,6.972e-06,6.972e-06,6.972e-06,28,1,28,28,28,4,1,4,4,4
7,60,6.895e-06,1,6.895e-06,6.895e-06,6.895e-06,28,1,28,28,28,3,1,3,3,3
7,60,6.91e-06,1,6.91e-06,6.91e-06,6.91e-06,30,1,30,30,30,4,1,4,4,4
7,60,6.579e-06,1,6.579e-06,6.579e-06,6.579e-06,28,1,28,28,28,3,1,3,3,3
7,60,6.78e-06,1,6.78e-06,6.78e-06,6.78e-06,29,1,29,29,29,3,1,3,3,3
7,60,6.724e-06,1,6.724e-06,6.724e-06,6.724e-06,32,1,32,32,32,5,1,5,5,5
7,60,6.808e-06,1,6.808e-06,6.808e-06,6.808e-06,30,1,30,30,30,4,1,4,4,4
7,60,6.609e-06,1,6.609e-06,6.609e-06,6.609e-06,26,1,26,26,26,3,1,3,3,3
7,60,6.46e-06,1,6.46e-06,6.46e-06,6.46e-06,27,1,27,27,27,3,1,3,3,3
7,60,6.743e-06,1,6.743e-06,6.743e-06,6.743e-06,30,1,30,30,30,4,1,4,4,4
7,60,7.026e-06,1,7.026e-06,7.026e-06,7.026e-06,29,1,29,29,29,3,1,3,3,3
7,60,6.687e-06,1,6.687e-06,6.687e-06,6.687e-06,30,1,30,30,30,4,1,4,4,4
7,60,7.192e-06,1,7.192e-06,7.192e-06,7.192e-06,29,1,29,29,29,3,1,3,3,3
7,60,7.098e-06,1,7.098e-06,7.098e-06,7.098e-06,33,1,33,33,33,4,1,4,4,4
7,60,6.723e-06,1,6.723e-06,6.723e-06,6.723e-06,29,1,29,29,29,3,1,3,3,3
7,60,6.94e-06,1,6.94e-06,6.94e-06,6.94e-06,38,1,38,38,38,5,1,5,5,5
7,60,6.781e-06,1,6.781e-06,6.781e-06,6.781e-06,33,1,33,33,33,4,1,4,4,4
7,60,7.075e-06,1,7.075e-06,7.075e-06,7.075e-06,35,1,35,35,35,5,1,5,5,5
7,60,7.017e-06,1,7.017e-06,7.017e-06,7.017e-06,30,1,30,30,30,4,1,4,4,4
7,60,7.357e-06,1,7.357e-06,7.357e-06,7.357e-06,36,1,36,36,36,5,1,5,5,5
7,60,2.354e-05,1,2.354e-05,2.354e-05,2.354e-05,31,1,31,31,31,4,1,4,4,4
7,60,7.257e-06,1,7.257e-06,7.257e-06,7.257e-06,29,1,29,29,29,3,1,3,3,3
7,60,7.137e-06,1,7.137e-06,7.137e-06,7.137e-06,31,1,31,31,31,4,1,4,4,4
7,60,7.319e-06,1,7.319e-06,7.319e-06,7.319e-06,36,1,36,36,36,5,1,5,5,5
7,60,7.299e-06,1,7.299e-06,7.299e-06,7.299e-06,28,1,28,28,28,3,1,3,3,3
7,60,7.068e-06,1,7.068e-06,7.068e-06,7.068e-06,29,1,29,29,29,3,1,3,3,3
7,60,7.046e-06,1,7.046e-06,7.046e-06,7.046e-06,28,1,28,28,28,3,1,3,3,3
7,60,7.102e-06,1,7.102e-06,7.102e-06,7.102e-06,28,1,28,28,28,3,1,3,3,3
7,60,7.234e-06,1,7.234e-06,7.234e-06,7.234e-06,34,1,34,34,34,5,1,5,5,5
7,60,7.063e-06,1,7.063e-06,7.063e-06,7.063e-06,33,1,33,33,33,4,1,4,4,4
7,60,7.198e-06,1,7.198e-06,7.198e-06,7.198e-06,28,1,28,28,28,3,1,3,3,3
7,60,7.283e-06,1,7.283e-06,7.283e-06,7.283e-06,33,1,33,33,33,4,1,4,4,4
7,60,6.919e-06,1,6.919e-06,6.919e-06,6.919e-06,28,1,28,28,28,3,1,3,3,3
7,60,7.309e-06,1,7.309e-06,7.309e-06,7.309e-06,33,1,33,33,33,4,1,4,4,4
7,60,7.517e-06,1,7.517e-06,7.517e-06,7.517e-06,32,1,32,32,32,4,1,4,4,4
7,60,7.318e-06,1,7.318e-06,7.318e-06,7.318e-06,30,1,30,30,30,4,1,4,4,4
7,60,6.865e-06,1,6.865e-06,6.865e-06,6.865e-06,29,1,29,29,29,4,1,4,4,4
7,60,6.775e-06,1,6.775e-06,6.775e-06,6.775e-06,27,1,27,27,27,3,1,3,3,3
7,60,6.871e-06,1,6.871e-06,6.871e-06,6.871e-06,34,1,34,34,34,5,1,5,5,5
7,60,6.646e-06,1,6.646e-06,6.646e-06,6.646e-06,31,1,31,31,31,4,1,4,4,4
7,60,6.553e-06,1,6.553e-06,6.553e-06,6.553e-06,28,1,28,28,28,3,1,3,3,3
7,60,6.792e-06,1,6.792e-06,6.792e-06,6.792e-06,27,1,27,27,27,3,1,3,3,3
7,60,6.958e-06,1,6.958e-06,6.958e-06,6.958e-06,27,1,27,27,27,3,1,3,3,3
7,60,6.825e-06,1,6.825e-06,6.825e-06,6.825e-06,30,1,30,30,30,4,1,4,4,4
7,60,6.678e-06,1,6.678e-06,6.678e-06,6.678e-06,30,1,30,30,30,4,1,4,4,4
7,60,6.84e-06,1,6.84e-06,6.84e-06,6.84e-06,26,1,26,26,26,3,1,3,3,3
7,60,6.642e-06,1,6.642e-06,6.642e-06,6.642e-06,29,1,29,29,29,3,1,3,3,3
7,60,7.304e-06,1,7.304e-06,7.304e-06,7.304e-06,38,1,38,38,38,5,1,5,5,5
7,60,6.966e-06,1,6.966e-06,6.966e-06,6.966e-06,30,1,30,30,30,4,1,4,4,4
7,60,7.093e-06,1,7.093e-06,7.093e-06,7.093e-06,32,1,32,32,32,4,1,4,4,4
7,60,6.777e-06,1,6.777e-06,6.777e-06,6.777e-06,33,1,33,33,33,4,1,4,4,4
7,60,6.589e-06,1,6.589e-06,6.589e-06,6.589e-06,31,1,31,31,31,4,1,4,4,4
7,60,6.937e-06,1,6.937e-06,6.937e-06,6.937e-06,30,1,30,30,30,4,1,4,4,4
7,60,6.619e-06,1,6.619e-06,6.619e-06,6.619e-06,27,1,27,27,27,3,1,3,3,3
7,60,7.046e-06,1,7.046e-06,7.046e-06,7.046e-06,32,1,32,32,32,4,1,4,4,4
7,60,6.687e-06,1,6.687e-06,6.687e-06,6.687e-06,34,1,34,34,34,5,1,5,5,5
7,60,6.891e-06,1,6.891e-06,6.891e-06,6.891e-06,29,1,29,29,29,3,1,3,3,3
7,60,7.003e-06,1,7.003e-06,7.003e-06,7.003e-06,33,1,33,33,33,4,1,4,4,4
7,60,6.79e-06,1,6.79e-06,6.79e-06,6.79e-06,28,1,28,28,28,3,1,3,3,3
7,60,6.986e-06,1,6.986e-06,6.986e-06,6.986e-06,33,1,33,33,33,4,1,4,4,4
7,60,6.732e-06,1,6.732e-06,6.732e-06,6.732e-06,28,1,28,28,28,4,1,4,4,4
7,60,6.991e-06,1,6.991e-06,6.991e-06,6.991e-06,29,1,29,29,29,3,1,3,3,3
7,60,6.756e-06,1,6.756e-06,6.756e-06,6.756e-06,28,1,28,28,28,3,1,3,3,3
7,60,7.255e-06,1,7.255e-06,7.255e-06,7.255e-06,38,1,38,38,38,5,1,5,5,5
7,60,7.272e-06,1,7.272e-06,7.272e-06,7.272e-06,35,1,35,35,35,4,1,4,4,4
7,60,6.837e-06,1,6.837e-06,6.837e-06,6.837e-06,30,1,30,30,30,4,1,4,4,4
7,60,6.758e-06,1,6.758e-06,6.758e-06,6.758e-06,33,1,33,33,33,4,1,4,4,4
7,60,6.467e-06,1,6.467e-06,6.467e-06,6.467e-06,27,1,27,27,27,3,1,3,3,3
7,60,6.759e-06,1,6.759e-06,6.759e-06,6.759e-06,26,1,26,26,26,3,1,3,3,3
7,60,6.773e-06,1,6.773e-06,6.773e-06,6.773e-06,25,1,25,25,25,2,1,2,2,2
7,60,7.215e-06,1,7.215e-06,7.215e-06,7.215e-06,36,1,36,36,36,5,1,5,5,5
7,60,6.677e-06,1,6.677e-06,6.677e-06,6.677e-06,30,1,30,30,30,4,1,4,4,4
7,60,6.736e-06,1,6.736e-06,6.736e-06,6.736e-06,28,1,28,28,28,3,1,3,3,3
7,60,7.03e-06,1,7.03e-06,7.03e-06,7.03e-06,27,1,27,27,27,3,1,3,3,3
7,60,6.834e-06,1,6.834e-06,6.834e-06,6.834e-06,30,1,30,30,30,4,1,4,4,4
7,60,7.31e-06,1,7.31e-06,7.31e-06,7.31e-06,36,1,36,36,36,5,1,5,5,5
7,60,6.713e-06,1,6.713e-06,6.713e-06,6.713e-06,29,1,29,29,29,3,1,3,3,3
7,60,6.738e-06,1,6.738e-06,6.738e-06,6.738e-06,34,1,34,34,34,5,1,5,5,5
7,60,6.513e-06,1,6.513e-06,6.513e-06,6.513e-06,30,1,30,30,30,4,1,4,4,4
7,60,6.736e-06,1,6.736e-06,6.736e-06,6.736e-06,33,1,33,33,33,4,1,4,4,4
7,60,6.932e-06,1,6.932e-06,6.932e-06,6.932e-06,30,1,30,30,30,3,1,3,3,3
7,60,6.496e-06,1,6.496e-06,6.496e-06,6.496e-06,29,1,29,29,29,3,1,3,3,3
7,60,6.957e-06,1,6.957e-06,6.957e-06,6.957e-06,30,1,30,30,30,4,1,4,4,4
7,60,6.773e-06,1,6.773e-06,6.773e-06,6.773e-06,30,1,30,30,30,4,1,4,4,4
7,60,6.83e-06,1,6.83e-06,6.83e-06,6.83e-06,30,1,30,30,30,4,1,4,4,4
7,60,7e-06,1,7e-06,7e-06,7e-06,27,1,27,27,27,3,1,3,3,3
7,60,6.696e-06,1,6.696e-06,6.696e-06,6.696e-06,26,1,26,26,26,3,1,3,3,3
7,60,7.042e-06,1,7.042e-06,7.042e-06,7.042e-06,34,1,34,34,34,4,1,4,4,4
7,60,6.579e-06,1,6.579e-06,6.579e-06,6.579e-06,29,1,29,29,29,3,1,3,3,3
7,60,6.881e-06,1,6.881e-06,6.881e-06,6.881e-06,30,1,30,30,30,4,1,4,4,4
7,60,6.73e-06,1,6.73e-06,6.73e-06,6.73e-06,30,1,30,30,30,4,1,4,4,4
7,60,6.595e-06,1,6.595e-06,6.595e-06,6.595e-06,29,1,29,29,29,3,1,3,3,3
7,60,7.043e-06,1,7.043e-06,7.043e-06,7.043e-06,33,1,33,33,33,4,1,4,4,4
7,60,6.92e-06,1,6.92e-06,6.92e-06,6.92e-06,30,1,30,30,30,4,1,4,4,4
7,60,6.884e-06,1,6.884e-06,6.884e-06,6.884e-06,28,1,28,28,28,3,1,3,3,3
7,60,6.791e-06,1,6.791e-06,6.791e-06,6.791e-06,26,1,26,26,26,3,1,3,3,3
7,60,6.892e-06,1,6.892e-06,6.892e-06,6.892e-06,30,1,30,30,30,4,1,4,4,4
7,60,6.937e-06,1,6.937e-06,6.937e-06,6.937e-06,28,1,28,28,28,3,1,3,3,3
7,60,7.018e-06,1,7.018e-06,7.018e-06,7.018e-06,30,1,30,30,30,4,1,4,4,4
7,60,6.759e-06,1,6.759e-06,6.759e-06,6.759e-06,32,1,32,32,32,4,1,4,4,4
7,60,6.708e-06,1,6.708e-06,6.708e-06,6.708e-06,28,1,28,28,28,3,1,3,3,3
7,60,7.132e-06,1,7.132e-06,7.132e-06,7.132e-06,30,1,30,30,30,4,1,4,4,4
7,60,7.171e-06,1,7.171e-06,7.171e-06,7.171e-06,35,1,35,35,35,4,1,4,4,4
7,60,6.978e-06,1,6.978e-06,6.978e-06,6.978e-06,28,1,28,28,28,3,1,3,3,3
7,60,6.885e-06,1,6.885e-06,6.885e-06,6.885e-06,28,1,28,28,28,3,1,3,3,3
7,60,6.863e-06,1,6.863e-06,6.863e-06,6.863e-06,29,1,29,29,29,3,1,3,3,3
7,60,7.1e-06,1,7.1e-06,7.1e-06,7.1e-06,30,1,30,30,30,4,1,4,4,4
7,60,6.891e-06,1,6.891e-06,6.891e-06,6.891e-06,28,1,28,28,28,3,1,3,3,3
7,60,6.937e-06,1,6.937e-06,6.937e-06,6.937e-06,29,1,29,29,29,3,1,3,3,3
7,60,6.555e-06,1,6.555e-06,6.555e-06,6.555e-06,30,1,30,30,30,4,1,4,4,4
7,60,7.002e-06,1,7.002e-06,7.002e-06,7.002e-06,30,1,30,30,30,4,1,4,4,4
7,60,6.769e-06,1,6.769e-06,6.769e-06,6.769e-06,28,1,28,28,28,3,1,3,3,3
7,60,6.711e-06,1,6.711e-06,6.711e-06,6.711e-06,33,1,33,33,33,4,1,4,4,4
7,60,6.991e-06,1,6.991e-06,6.991e-06,6.991e-06,29,1,29,29,29,4,1,4,4,4
7,60,7.334e-06,1,7.334e-06,7.334e-06,7.334e-06,36,1,36,36,36,5,1,5,5,5
7,60,7.219e-06,1,7.219e-06,7.219e-06,7.219e-06,33,1,33,33,33,4,1,4,4,4
7,60,7.342e-06,1,7.342e-06,7.342e-06,7.342e-06,36,1,36,36,36,5,1,5,5,5
7,60,6.992e-06,1,6.992e-06,6.992e-06,6.992e-06,30,1,30,30,30,4,1,4,4,4
7,60,7.018e-06,1,7.018e-06,7.018e-06,7.018e-06,30,1,30,30,30,4,1,4,4,4
7,60,7.142e-06,1,7.142e-06,7.142e-06,7.142e-06,36,1,36,36,36,5,1,5,5,5
7,60,6.8e-06,1,6.8e-06,6.8e-06,6.8e-06,27,1,27,27,27,3,1,3,3,3
7,60,7.301e-06,1,7.301e-06,7.301e-06,7.301e-06,34,1,34,34,34,4,1,4,4,4
7,60,7.324e-06,1,7.324e-06,7.324e-06,7.324e-06,30,1,30,30,30,4,1,4,4,4
7,60,7.252e-06,1,7.252e-06,7.252e-06,7.252e-06,34,1,34,34,34,5,1,5,5,5
7,60,7.185e-06,1,7.185e-06,7.185e-06,7.185e-06,31,1,31,31,31,3,1,3,3,3
7,60,7.098e-06,1,7.098e-06,7.098e-06,7.098e-06,28,1,28,28,28,3,1,3,3,3
7,60,7.308e-06,1,7.308e-06,7.308e-06,7.308e-06,33,1,33,33,33,4,1,4,4,4
7,60,7.311e-06,1,7.311e-06,7.311e-06,7.311e-06,33,1,33,33,33,4,1,4,4,4
7,60,7.257e-06,1,7.257e-06,7.257e-06,7.257e-06,30,1,30,30,30,4,1,4,4,4
7,60,7.221e-06,1,7.221e-06,7.221e-06,7.221e-06,29,1,29,29,29,3,1,3,3,3
7,60,7.644e-06,1,7.644e-06,7.644e-06,7.644e-06,32,1,32,32,32,4,1,4,4,4
7,60,7.094e-06,1,7.094e-06,7.094e-06,7.094e-06,27,1,27,27,27,3,1,3,3,3
7,60,7.47e-06,1,7.47e-06,7.47e-06,7.47e-06,33,1,33,33,33,4,1,4,4,4
7,60,7.146e-06,1,7.146e-06,7.146e-06,7.146e-06,30,1,30,30,30,4,1,4,4,4
7,60,7.044e-06,1,7.044e-06,7.044e-06,7.044e-06,31,1,31,31,31,4,1,4,4,4
7,60,2.3924e-05,1,2.3924e-05,2.3924e-05,2.3924e-05,28,1,28,28,28,3,1,3,3,3
7,60,6.461e-06,1,6.461e-06,6.461e-06,6.461e-06,26,1,26,26,26,3,1,3,3,3
7,60,6.609e-06,1,6.609e-06,6.609e-06,6.609e-06,27,1,27,27,27,3,1,3,3,3
7,60,6.879e-06,1,6.879e-06,6.879e-06,6.879e-06,32,1,32,32,32,4,1,4,4,4
7,60,7.055e-06,1,7.055e-06,7.055e-06,7.055e-06,30,1,30,30,30,4,1,4,4,4
7,60,7.04e-06,1,7.04e-06,7.04e-06,7.04e-06,30,1,30,30,30,4,1,4,4,4
7,60,6.974e-06,1,6.974e-06,6.974e-06,6.974e-06,32,1,32,32,32,4,1,4,4,4
7,60,6.953e-06,1,6.953e-06,6.953e-06,6.953e-06,29,1,29,29,29,3,1,3,3,3
7,60,6.809e-06,1,6.809e-06,6.809e-06,6.809e-06,33,1,33,33,33,4,1,4,4,4
7,60,6.903e-06,1,6.903e-06,6.903e-06,6.903e-06,34,1,34,34,34,5,1,5,5,5
7,60,6.765e-06,1,6.765e-06,6.765e-06,6.765e-06,30,1,30,30,30,4,1,4,4,4
7,60,6.794e-06,1,6.794e-06,6.794e-06,6.794e-06,32,1,32,32,32,4,1,4,4,4
7,60,6.89e-06,1,6.89e-06,6.89e-06,6.89e-06,27,1,27,27,27,3,1,3,3,3
7,60,7.145e-06,1,7.145e-06,7.145e-06,7.145e-06,33,1,33,33,33,4,1,4,4,4
7,60,6.895e-06,1,6.895e-06,6.895e-06,6.895e-06,33,1,33,33,33,4,1,4,4,4
7,60,6.97e-06,1,6.97e-06,6.97e-06,6.97e-06,28,1,28,28,28,3,1,3,3,3
7,60,6.772e-06,1,6.772e-06,6.772e-06,6.772e-06,29,1,29,29,29,3,1,3,3,3
7,60,7.246e-06,1,7.246e-06,7.246e-06,7.246e-06,38,1,38,38,38,5,1,5,5,5
7,60,6.923e-06,1,6.923e-06,6.923e-06,6.923e-06,30,1,30,30,30,4,1,4,4,4
7,60,7.107e-06,1,7.107e-06,7.107e-06,7.107e-06,31,1,31,31,31,4,1,4,4,4
7,60,6.849e-06,1,6.849e-06,6.849e-06,6.849e-06,26,1,26,26,26,3,1,3,3,3
7,60,6.772e-06,1,6.772e-06,6.772e-06,6.772e-06,30,1,30,30,30,4,1,4,4,4
7,60,6.589e-06,1,6.589e-06,6.589e-06,6.589e-06,30,1,30,30,30,4,1,4,4,4
7,60,6.881e-06,1,6.881e-06,6.881e-06,6.881e-06,30,1,30,30,30,4,1,4,4,4
7,60,7.018e-06,1,7.018e-06,7.018e-06,7.018e-06,33,1,33,33,33,5,1,5,5,5
7,60,6.824e-06,1,6.824e-06,6.824e-06,6.824e-06,30,1,30,30,30,4,1,4,4,4
7,60,6.666e-06,1,6.666e-06,6.666e-06,6.666e-06,29,1,29,29,29,4,1,4,4,4
7,60,7.041e-06,1,7.041e-06,7.041e-06,7.041e-06,30,1,30,30,30,4,1,4,4,4
7,60,7.28e-06,1,7.28e-06,7.28e-06,7.28e-06,32,1,32,32,32,4,1,4,4,4
7,60,6.81e-06,1,6.81e-06,6.81e-06,6.81e-06,25,1,25,25,25,2,1,2,2,2
7,60,7.142e-06,1,7.142e-06,7.142e-06,7.142e-06,36,1,36,36,36,5,1,5,5,5
7,60,6.976e-06,1,6.976e-06,6.976e-06,6.976e-06,29,1,29,29,29,3,1,3,3,3
7,60,6.853e-06,1,6.853e-06,6.853e-06,6.853e-06,31,1,31,31,31,4,1,4,4,4
7,60,6.746e-06,1,6.746e-06,6.746e-06,6.746e-06,28,1,28,28,28,3,1,3,3,3
7,60,6.744e-06,1,6.744e-06,6.744e-06,6.744e-06,32,1,32,32,32,4,1,4,4,4
7,60,6.729e-06,1,6.729e-06,6.729e-06,6.729e-06,27,1,27,27,27,3,1,3,3,3
7,60,6.842e-06,1,6.842e-06,6.842e-06,6.842e-06,28,1,28,28,28,3,1,3,3,3
7,60,7.146e-06,1,7.146e-06,7.146e-06,7.146e-06,32,1,32,32,32,4,1,4,4,4
7,60,7.065e-06,1,7.065e-06,7.065e-06,7.065e-06,30,1,30,30,30,4,1,4,4,4
7,60,6.688e-06,1,6.688e-06,6.688e-06,6.688e-06,28,1,28,28,28,3,1,3,3,3
7,60,6.747e-06,1,6.747e-06,6.747e-06,6.747e-06,32,1,32,32,32,4,1,4,4,4
7,60,6.7e-06,1,6.7e-06,6.7e-06,6.7e-06,30,1,30,30,30,4,1,4,4,4
7,60,6.814e-06,1,6.814e-06,6.814e-06,6.814e-06,30,1,30,30,30,4,1,4,4,4
7,60,6.836e-06,1,6.836e-06,6.836e-06,6.836e-06,33,1,33,33,33,4,1,4,4,4
7,60,6.997e-06,1,6.997e-06,6.997e-06,6.997e-06,33,1,33,33,33,4,1,4,4,4
7,60,6.693e-06,1,6.693e-06,6.693e-06,6.693e-06,28,1,28,28,28,3,1,3,3,3
7,60,6.551e-06,1,6.551e-06,6.551e-06,6.551e-06,25,1,25,25,25,2,1,2,2,2
7,60,6.838e-06,1,6.838e-06,6.838e-06,6.838e-06,26,1,26,26,26,3,1,3,3,3
7,60,6.722e-06,1,6.722e-06,6.722e-06,6.722e-06,27,1,27,27,27,3,1,3,3,3
7,60,6.953e-06,1,6.953e-06,6.953e-06,6.953e-06,31,1,31,31,31,4,1,4,4,4
7,60,6.885e-06,1,6.885e-06,6.885e-06,6.885e-06,29,1,29,29,29,3,1,3,3,3
7,60,6.855e-06,1,6.855e-06,6.855e-06,6.855e-06,31,1,31,31,31,4,1,4,4,4
7,60,6.829e-06,1,6.829e-06,6.829e-06,6.829e-06,32,1,32,32,32,4,1,4,4,4
7,60,7.023e-06,1,7.023e-06,7.023e-06,7.023e-06,32,1,32,32,32,4,1,4,4,4
7,60,7.16e-06,1,7.16e-06,7.16e-06,7.16e-06,36,1,36,36,36,5,1,5,5,5
7,60,6.968e-06,1,6.968e-06,6.968e-06,6.968e-06,36,1,36,36,36,5,1,5,5,5
7,60,6.777e-06,1,6.777e-06,6.777e-06,6.777e-06,32,1,32,32,32,4,1,4,4,4
7,60,6.897e-06,1,6.897e-06,6.897e-06,6.897e-06,36,1,36,36,36,5,1,5,5,5
7,60,6.962e-06,1,6.962e-06,6.962e-06,6.962e-06,29,1,29,29,29,3,1,3,3,3
7,60,6.829e-06,1,6.829e-06,6.829e-06,6.829e-06,28,1,28,28,28,3,1,3,3,3
7,60,6.638e-06,1,6.638e-06,6.638e-06,6.638e-06,33,1,33,33,33,4,1,4,4,4
7,60,6.64e-06,1,6.64e-06,6.64e-06,6.64e-06,29,1,29,29,29,4,1,4,4,4
7,60,6.722e-06,1,6.722e-06,6.722e-06,6.722e-06,27,1,27,27,27,3,1,3,3,3
7,60,7.152e-06,1,7.152e-06,7.152e-06,7.152e-06,30,1,30,30,30,4,1,4,4,4
7,60,7.007e-06,1,7.007e-06,7.007e-06,7.007e-06,29,1,29,29,29,3,1,3,3,3
7,60,6.895e-06,1,6.895e-06,6.895e-06,6.895e-06,29,1,29,29,29,3,1,3,3,3
7,60,6.718e-06,1,6.718e-06,6.718e-06,6.718e-06,29,1,29,29,29,3,1,3,3,3
7,60,6.852e-06,1,6.852e-06,6.852e-06,6.852e-06,30,1,30,30,30,4,1,4,4,4
7,60,6.91e-06,1,6.91e-06,6.91e-06,6.91e-06,33,1,33,33,33,4,1,4,4,4
7,60,6.797e-06,1,6.797e-06,6.797e-06,6.797e-06,33,1,33,33,33,4,1,4,4,4
7,60,6.852e-06,1,6.852e-06,6.852e-06,6.852e-06,29,1,29,29,29,4,1,4,4,4
7,60,6.801e-06,1,6.801e-06,6.801e-06,6.801e-06,31,1,31,31,31,4,1,4,4,4
7,60,6.92e-06,1,6.92e-06,6.92e-06,6.92e-06,32,1,32,32,32,4,1,4,4,4
7,60,6.589e-06,1,6.589e-06,6.589e-06,6.589e-06,30,1,30,30,30,4,1,4,4,4
7,60,7.338e-06,1,7.338e-06,7.338e-06,7.338e-06,27,1,27,27,27,3,1,3,3,3
7,60,7.387e-06,1,7.387e-06,7.387e-06,7.387e-06,29,1,29,29,29,3,1,3,3,3
7,60,6.696e-06,1,6.696e-06,6.696e-06,6.696e-06,33,1,33,33,33,4,1,4,4,4
7,60,6.923e-06,1,6.923e-06,6.923e-06,6.923e-06,30,1,30,30,30,4,1,4,4,4
7,60,6.859e-06,1,6.859e-06,6.859e-06,6.859e-06,36,1,36,36,36,5,1,5,5,5
7,60,7.188e-06,1,7.188e-06,7.188e-06,7.188e-06,35,1,35,35,35,4,1,4,4,4
7,60,6.732e-06,1,6.732e-06,6.732e-06,6.732e-06,30,1,30,30,30,4,1,4,4,4
7,60,6.833e-06,1,6.833e-06,6.833e-06,6.833e-06,29,1,29,29,29,4,1,4,4,4
7,60,6.967e-06,1,6.967e-06,6.967e-06,6.967e-06,30,1,30,30,30,4,1,4,4,4
7,60,7.31e-06,1,7.31e-06,7.31e-06,7.31e-06,35,1,35,35,35,4,1,4,4,4
7,60,7.214e-06,1,7.214e-06,7.214e-06,7.214e-06,32,1,32,32,32,4,1,4,4,4
7,60,7.379e-06,1,7.379e-06,7.379e-06,7.379e-06,28,1,28,28,28,3,1,3,3,3
7,60,7.175e-06,1,7.175e-06,7.175e-06,7.175e-06,27,1,27,27,27,3,1,3,3,3
7,60,6.936e-06,1,6.936e-06,6.936e-06,6.936e-06,30,1,30,30,30,4,1,4,4,4
7,60,7.19e-06,1,7.19e-06,7.19e-06,7.19e-06,28,1,28,28,28,3,1,3,3,3
7,60,7.1e-06,1,7.1e-06,7.1e-06,7.1e-06,33,1,33,33,33,4,1,4,4,4
7,60,6.788e-06,1,6.788e-06,6.788e-06,6.788e-06,27,1,27,27,27,3,1,3,3,3
7,60,6.563e-06,1,6.563e-06,6.563e-06,6.563e-06,30,1,30,30,30,4,1,4,4,4
7,60,6.67e-06,1,6.67e-06,6.67e-06,6.67e-06,29,1,29,29,29,3,1,3,3,3
7,60,6.837e-06,1,6.837e-06,6.837e-06,6.837e-06,30,1,30,30,30,4,1,4,4,4
7,60,6.713e-06,1,6.713e-06,6.713e-06,6.713e-06,30,1,30,30,30,4,1,4,4,4
7,60,7.226e-06,1,7.226e-06,7.226e-06,7.226e-06,29,1,29,29,29,3,1,3,3,3
7,60,6.934e-06,1,6.934e-06,6.934e-06,6.934e-06,30,1,30,30,30,4,1,4,4,4
7,60,6.823e-06,1,6.823e-06,6.823e-06,6.823e-06,30,1,30,30,30,4,1,4,4,4
7,60,2.3456e-05,1,2.3456e-05,2.3456e-05,2.3456e-05,30,1,30,30,30,4,1,4,4,4
7,60,7.24e-06,1,7.24e-06,7.24e-06,7.24e-06,28,1,28,28,28,3,1,3,3,3
7,60,7.302e-06,1,7.302e-06,7.302e-06,7.302e-06,30,1,30,30,30,4,1,4,4,4
7,60,7.313e-06,1,7.313e-06,7.313e-06,7.313e-06,37,1,37,37,37,5,1,5,5,5
7,60,7.294e-06,1,7.294e-06,7.294e-06,7.294e-06,30,1,30,30,30,4,1,4,4,4
7,60,7.514e-06,1,7.514e-06,7.514e-06,7.514e-06,30,1,30,30,30,4,1,4,4,4
7,60,7.196e-06,1,7.196e-06,7.196e-06,7.196e-06,32,1,32,32,32,4,1,4,4,4
7,60,7.082e-06,1,7.082e-06,7.082e-06,7.082e-06,29,1,29,29,29,3,1,3,3,3
7,60,7.343e-06,1,7.343e-06,7.343e-06,7.343e-06,31,1,31,31,31,4,1,4,4,4
7,60,7.429e-06,1,7.429e-06,7.429e-06,7.429e-06,31,1,31,31,31,3,1,3,3,3
7,60,7.08e-06,1,7.08e-06,7.08e-06,7.08e-06,30,1,30,30,30,4,1,4,4,4
7,60,6.648e-06,1,6.648e-06,6.648e-06,6.648e-06,32,1,32,32,32,4,1,4,4,4
7,60,6.664e-06,1,6.664e-06,6.664e-06,6.664e-06,30,1,30,30,30,4,1,4,4,4
7,60,7.001e-06,1,7.001e-06,7.001e-06,7.001e-06,30,1,30,30,30,4,1,4,4,4
7,60,6.889e-06,1,6.889e-06,6.889e-06,6.889e-06,32,1,32,32,32,4,1,4,4,4
7,60,6.762e-06,1,6.762e-06,6.762e-06,6.762e-06,28,1,28,28,28,3,1,3,3,3
7,60,6.796e-06,1,6.796e-06,6.796e-06,6.796e-06,28,1,28,28,28,3,1,3,3,3
7,60,6.631e-06,1,6.631e-06,6.631e-06,6.631e-06,29,1,29,29,29,3,1,3,3,3
7,60,6.45e-06,1,6.45e-06,6.45e-06,6.45e-06,26,1,26,26,26,3,1,3,3,3
7,60,6.841e-06,1,6.841e-06,6.841e-06,6.841e-06,31,1,31,31,31,4,1,4,4,4
7,60,6.709e-06,1,6.709e-06,6.709e-06,6.709e-06,30,1,30,30,30,4,1,4,4,4
7,60,6.87e-06,1,6.87e-06,6.87e-06,6.87e-06,29,1,29,29,29,3,1,3,3,3
7,60,6.656e-06,1,6.656e-06,6.656e-06,6.656e-06,28,1,28,28,28,3,1,3,3,3
7,60,6.844e-06,1,6.844e-06,6.844e-06,6.844e-06,33,1,33,33,33,4,1,4,4,4
7,60,7.187e-06,1,7.187e-06,7.187e-06,7.187e-06,33,1,33,33,33,4,1,4,4,4
7,60,6.554e-06,1,6.554e-06,6.554e-06,6.554e-06,30,1,30,30,30,4,1,4,4,4
7,60,7.022e-06,1,7.022e-06,7.022e-06,7.022e-06,33,1,33,33,33,4,1,4,4,4
7,60,6.997e-06,1,6.997e-06,6.997e-06,6.997e-06,28,1,28,28,28,3,1,3,3,3
7,60,6.799e-06,1,6.799e-06,6.799e-06,6.799e-06,29,1,29,29,29,3,1,3,3,3
7,60,6.616e-06,1,6.616e-06,6.616e-06,6.616e-06,27,1,27,27,27,3,1,3,3,3
7,60,6.668e-06,1,6.668e-06,6.668e-06,6.668e-06,25,1,25,25,25,2,1,2,2,2
7,60,6.795e-06,1,6.795e-06,6.795e-06,6.795e-06,33,1,33,33,33,4,1,4,4,4
7,60,6.873e-06,1,6.873e-06,6.873e-06,6.873e-06,30,1,30,30,30,4,1,4,4,4
7,60,6.845e-06,1,6.845e-06,6.845e-06,6.845e-06,29,1,29,29,29,3,1,3,3,3
7,60,7.176e-06,1,7.176e-06,7.176e-06,7.176e-06,35,1,35,35,35,4,1,4,4,4
7,60,6.927e-06,1,6.927e-06,6.927e-06,6.927e-06,28,1,28,28,28,3,1,3,3,3
7,60,6.89e-06,1,6.89e-06,6.89e-06,6.89e-06,27,1,27,27,27,3,1,3,3,3
7,60,7.204e-06,1,7.204e-06,7.204e-06,7.204e-06,38,1,38,38,38,5,1,5,5,5
7,60,6.885e-06,1,6.885e-06,6.885e-06,6.885e-06,31,1,31,31,31,4,1,4,4,4
7,60,6.594e-06,1,6.594e-06,6.594e-06,6.594e-06,28,1,28,28,28,3,1,3,3,3
7,60,6.92e-06,1,6.92e-06,6.92e-06,6.92e-06,32,1,32,32,32,4,1,4,4,4
7,60,6.902e-06,1,6.902e-06,6.902e-06,6.902e-06,32,1,32,32,32,4,1,4,4,4
7,60,6.951e-06,1,6.951e-06,6.951e-06,6.951e-06,33,1,33,33,33,4,1,4,4,4
7,60,6.801e-06,1,6.801e-06,6.801e-06,6.801e-06,31,1,31,31,31,4,1,4,4,4
7,60,6.584e-06,1,6.584e-06,6.584e-06,6.584e-06,30,1,30,30,30,4,1,4,4,4
7,60,6.824e-06,1,6.824e-06,6.824e-06,6.824e-06,30,1,30,30,30,4,1,4,4,4
7,60,6.765e-06,1,6.765e-06,6.765e-06,6.765e-06,30,1,30,30,30,4,1,4,4,4
7,60,6.809e-06,1,6.809e-06,6.809e-06,6.809e-06,30,1,30,30,30,4,1,4,4,4
7,60,6.711e-06,1,6.711e-06,6.711e-06,6.711e-06,26,1,26,26,26,3,1,3,3,3
7,60,7.252e-06,1,7.252e-06,7.252e-06,7.252e-06,36,1,36,36,36,5,1,5,5,5
7,60,7.173e-06,1,7.173e-06,7.173e-06,7.173e-06,37,1,37,37,37,5,1,5,5,5
7,60,6.873e-06,1,6.873e-06,6.873e-06,6.873e-06,34,1,34,34,34,4,1,4,4,4
7,60,6.886e-06,1,6.886e-06,6.886e-06,6.886e-06,28,1,28,28,28,3,1,3,3,3
7,60,6.891e-06,1,6.891e-06,6.891e-06,6.891e-06,27,1,27,27,27,3,1,3,3,3
7,60,6.905e-06,1,6.905e-06,6.905e-06,6.905e-06,28,1,28,28,28,3,1,3,3,3
7,60,6.982e-06,1,6.982e-06,6.982e-06,6.982e-06,28,1,28,28,28,3,1,3,3,3
7,60,6.941e-06,1,6.941e-06,6.941e-06,6.941e-06,30,1,30,30,30,4,1,4,4,4
7,60,7e-06,1,7e-06,7e-06,7e-06,28,1,28,28,28,3,1,3,3,3
7,60,6.563e-06,1,6.563e-06,6.563e-06,6.563e-06,24,1,24,24,24,2,1,2,2,2
7,60,6.577e-06,1,6.577e-06,6.577e-06,6.577e-06,29,1,29,29,29,3,1,3,3,3
7,60,6.717e-06,1,6.717e-06,6.717e-06,6.717e-06,29,1,29,29,29,3,1,3,3,3
7,60,6.716e-06,1,6.716e-06,6.716e-06,6.716e-06,30,1,30,30,30,4,1,4,4,4
7,60,6.685e-06,1,6.685e-06,6.685e-06,6.685e-06,28,1,28,28,28,3,1,3,3,3
7,60,6.502e-06,1,6.502e-06,6.502e-06,6.502e-06,28,1,28,28,28,3,1,3,3,3
7,60,6.923e-06,1,6.923e-06,6.923e-06,6.923e-06,30,1,30,30,30,4,1,4,4,4
7,60,6.892e-06,1,6.892e-06,6.892e-06,6.892e-06,28,1,28,28,28,3,1,3,3,3
7,60,6.908e-06,1,6.908e-06,6.908e-06,6.908e-06,36,1,36,36,36,5,1,5,5,5
7,60,6.754e-06,1,6.754e-06,6.754e-06,6.754e-06,29,1,29,29,29,3,1,3,3,3
7,60,6.763e-06,1,6.763e-06,6.763e-06,6.763e-06,27,1,27,27,27,3,1,3,3,3
7,60,6.771e-06,1,6.771e-06,6.771e-06,6.771e-06,27,1,27,27,27,3,1,3,3,3
7,60,7.119e-06,1,7.119e-06,7.119e-06,7.119e-06,30,1,30,30,30,4,1,4,4,4
7,60,6.68e-06,1,6.68e-06,6.68e-06,6.68e-06,30,1,30,30,30,4,1,4,4,4
7,60,6.97e-06,1,6.97e-06,6.97e-06,6.97e-06,26,1,26,26,26,3,1,3,3,3
7,60,6.915e-06,1,6.915e-06,6.915e-06,6.915e-06,29,1,29,29,29,3,1,3,3,3
7,60,6.854e-06,1,6.854e-06,6.854e-06,6.854e-06,29,1,29,29,29,3,1,3,3,3
7,60,6.639e-06,1,6.639e-06,6.639e-06,6.639e-06,32,1,32,32,32,4,1,4,4,4
7,60,6.61e-06,1,6.61e-06,6.61e-06,6.61e-06,30,1,30,30,30,4,1,4,4,4
7,60,6.705e-06,1,6.705e-06,6.705e-06,6.705e-06,30,1,30,30,30,4,1,4,4,4
7,60,6.946e-06,1,6.946e-06,6.946e-06,6.946e-06,34,1,34,34,34,5,1,5,5,5
7,60,6.394e-06,1,6.394e-06,6.394e-06,6.394e-06,27,1,27,27,27,3,1,3,3,3
7,60,7.081e-06,1,7.081e-06,7.081e-06,7.081e-06,29,1,29,29,29,3,1,3,3,3
7,60,7.015e-06,1,7.015e-06,7.015e-06,7.015e-06,30,1,30,30,30,4,1,4,4,4
7,60,7.324e-06,1,7.324e-06,7.324e-06,7.324e-06,38,1,38,38,38,5,1,5,5,5
7,60,6.853e-06,1,6.853e-06,6.853e-06,6.853e-06,33,1,33,33,33,4,1,4,4,4
7,60,6.877e-06,1,6.877e-06,6.877e-06,6.877e-06,30,1,30,30,30,4,1,4,4,4
7,60,6.981e-06,1,6.981e-06,6.981e-06,6.981e-06,33,1,33,33,33,4,1,4,4,4
7,60,6.663e-06,1,6.663e-06,6.663e-06,6.663e-06,28,1,28,28,28,3,1,3,3,3
7,60,6.881e-06,1,6.881e-06,6.881e-06,6.881e-06,32,1,32,32,32,4,1,4,4,4
7,60,7.042e-06,1,7.042e-06,7.042e-06,7.042e-06,35,1,35,35,35,4,1,4,4,4
7,60,6.446e-06,1,6.446e-06,6.446e-06,6.446e-06,28,1,28,28,28,3,1,3,3,3
7,60,6.877e-06,1,6.877e-06,6.877e-06,6.877e-06,31,1,31,31,31,4,1,4,4,4
7,60,7.167e-06,1,7.167e-06,7.167e-06,7.167e-06,29,1,29,29,29,3,1,3,3,3
7,60,7.238e-06,1,7.238e-06,7.238e-06,7.238e-06,28,1,28,28,28,3,1,3,3,3
7,60,7.028e-06,1,7.028e-06,7.028e-06,7.028e-06,33,1,33,33,33,4,1,4,4,4
7,60,7.357e-06,1,7.357e-06,7.357e-06,7.357e-06,31,1,31,31,31,4,1,4,4,4
7,60,7.046e-06,1,7.046e-06,7.046e-06,7.046e-06,28,1,28,28,28,4,1,4,4,4
7,60,7.359e-06,1,7.359e-06,7.359e-06,7.359e-06,30,1,30,30,30,4,1,4,4,4
7,60,7.106e-06,1,7.106e-06,7.106e-06,7.106e-06,29,1,29,29,29,3,1,3,3,3
7,60,7.399e-06,1,7.399e-06,7.399e-06,7.399e-06,36,1,36,36,36,5,1,5,5,5
7,60,6.97e-06,1,6.97e-06,6.97e-06,6.97e-06,28,1,28,28,28,4,1,4,4,4
7,60,7.077e-06,1,7.077e-06,7.077e-06,7.077e-06,30,1,30,30,30,4,1,4,4,4
7,60,7.136e-06,1,7.136e-06,7.136e-06,7.136e-06,30,1,30,30,30,4,1,4,4,4
7,60,7.105e-06,1,7.105e-06,7.105e-06,7.105e-06,29,1,29,29,29,3,1,3,3,3
7,60,6.949e-06,1,6.949e-06,6.949e-06,6.949e-06,27,1,27,27,27,3,1,3,3,3
7,60,7.064e-06,1,7.064e-06,7.064e-06,7.064e-06,34,1,34,34,34,5,1,5,5,5
7,60,7.303e-06,1,7.303e-06,7.303e-06,7.303e-06,33,1,33,33,33,4,1,4,4,4
7,60,6.793e-06,1,6.793e-06,6.793e-06,6.793e-06,30,1,30,30,30,4,1,4,4,4
7,60,6.832e-06,1,6.832e-06,6.832e-06,6.832e-06,30,1,30,30,30,4,1,4,4,4
7,60,7.055e-06,1,7.055e-06,7.055e-06,7.055e-06,33,1,33,33,33,4,1,4,4,4
7,60,6.961e-06,1,6.961e-06,6.961e-06,6.961e-06,28,1,28,28,28,3,1,3,3,3
7,60,6.752e-06,1,6.752e-06,6.752e-06,6.752e-06,31,1,31,31,31,4,1,4,4,4
7,60,6.844e-06,1,6.844e-06,6.844e-06,6.844e-06,30,1,30,30,30,4,1,4,4,4
7,60,6.856e-06,1,6.856e-06,6.856e-06,6.856e-06,29,1,29,29,29,4,1,4,4,4
7,60,6.72e-06,1,6.72e-06,6.72e-06,6.72e-06,30,1,30,30,30,4,1,4,4,4
7,60,6.686e-06,1,6.686e-06,6.686e-06,6.686e-06,31,1,31,31,31,4,1,4,4,4
7,60,6.541e-06,1,6.541e-06,6.541e-06,6.541e-06,30,1,30,30,30,4,1,4,4,4
7,60,6.55e-06,1,6.55e-06,6.55e-06,6.55e-06,30,1,30,30,30,4,1,4,4,4
7,60,6.85e-06,1,6.85e-06,6.85e-06,6.85e-06,33,1,33,33,33,5,1,5,5,5
7,60,6.994e-06,1,6.994e-06,6.994e-06,6.994e-06,30,1,30,30,30,3,1,3,3,3
7,60,6.685e-06,1,6.685e-06,6.685e-06,6.685e-06,30,1,30,30,30,4,1,4,4,4
7,60,6.646e-06,1,6.646e-06,6.646e-06,6.646e-06,28,1,28,28,28,3,1,3,3,3
7,60,6.789e-06,1,6.789e-06,6.789e-06,6.789e-06,31,1,31,31,31,4,1,4,4,4
7,60,6.909e-06,1,6.909e-06,6.909e-06,6.909e-06,30,1,30,30,30,4,1,4,4,4
7,60,6.771e-06,1,6.771e-06,6.771e-06,6.771e-06,29,1,29,29,29,3,1,3,3,3
7,60,6.79e-06,1,6.79e-06,6.79e-06,6.79e-06,30,1,30,30,30,4,1,4,4,4
7,60,7.004e-06,1,7.004e-06,7.004e-06,7.004e-06,35,1,35,35,35,4,1,4,4,4
7,60,6.922e-06,1,6.922e-06,6.922e-06,6.922e-06,26,1,26,26,26,3,1,3,3,3
7,60,6.762e-06,1,6.762e-06,6.762e-06,6.762e-06,28,1,28,28,28,3,1,3,3,3
7,60,7.091e-06,1,7.091e-06,7.091e-06,7.091e-06,27,1,27,27,27,3,1,3,3,3
7,60,6.903e-06,1,6.903e-06,6.903e-06,6.903e-06,29,1,29,29,29,3,1,3,3,3
7,60,6.697e-06,1,6.697e-06,6.697e-06,6.697e-06,32,1,32,32,32,4,1,4,4,4
7,60,7.005e-06,1,7.005e-06,7.005e-06,7.005e-06,33,1,33,33,33,4,1,4,4,4
7,60,6.74e-06,1,6.74e-06,6.74e-06,6.74e-06,28,1,28,28,28,3,1,3,3,3
7,60,6.705e-06,1,6.705e-06,6.705e-06,6.705e-06,28,1,28,28,28,3,1,3,3,3
7,60,7.458e-06,1,7.458e-06,7.458e-06,7.458e-06,29,1,29,29,29,4,1,4,4,4
7,60,7.088e-06,1,7.088e-06,7.088e-06,7.088e-06,30,1,30,30,30,4,1,4,4,4
7,60,6.701e-06,1,6.701e-06,6.701e-06,6.701e-06,28,1,28,28,28,3,1,3,3,3
7,60,6.415e-06,1,6.415e-06,6.415e-06,6.415e-06,29,1,29,29,29,3,1,3,3,3
7,60,6.566e-06,1,6.566e-06,6.566e-06,6.566e-06,30,1,30,30,30,4,1,4,4,4
7,60,6.948e-06,1,6.948e-06,6.948e-06,6.948e-06,29,1,29,29,29,3,1,3,3,3
7,60,7.006e-06,1,7.006e-06,7.006e-06,7.006e-06,29,1,29,29,29,3,1,3,3,3
7,60,7.12e-06,1,7.12e-06,7.12e-06,7.12e-06,30,1,30,30,30,4,1,4,4,4
7,60,6.656e-06,1,6.656e-06,6.656e-06,6.656e-06,33,1,33,33,33,4,1,4,4,4
7,60,6.574e-06,1,6.574e-06,6.574e-06,6.574e-06,28,1,28,28,28,3,1,3,3,3
7,60,6.844e-06,1,6.844e-06,6.844e-06,6.844e-06,31,1,31,31,31,4,1,4,4,4
7,60,6.688e-06,1,6.688e-06,6.688e-06,6.688e-06,33,1,33,33,33,4,1,4,4,4
7,60,6.576e-06,1,6.576e-06,6.576e-06,6.576e-06,28,1,28,28,28,3,1,3,3,3
7,60,7.131e-06,1,7.131e-06,7.131e-06,7.131e-06,32,1,32,32,32,4,1,4,4,4
7,60,6.683e-06,1,6.683e-06,6.683e-06,6.683e-06,27,1,27,27,27,3,1,3,3,3
7,60,6.992e-06,1,6.992e-06,6.992e-06,6.992e-06,26,1,26,26,26,3,1,3,3,3
7,60,6.697e-06,1,6.697e-06,6.697e-06,6.697e-06,32,1,32,32,32,4,1,4,4,4
7,60,7.325e-06,1,7.325e-06,7.325e-06,7.325e-06,33,1,33,33,33,4,1,4,4,4
7,60,6.871e-06,1,6.871e-06,6.871e-06,6.871e-06,30,1,30,30,30,4,1,4,4,4
7,60,6.998e-06,1,6.998e-06,6.998e-06,6.998e-06,30,1,30,30,30,4,1,4,4,4
7,60,6.999e-06,1,6.999e-06,6.999e-06,6.999e-06,31,1,31,31,31,4,1,4,4,4
7,60,6.992e-06,1,6.992e-06,6.992e-06,6.992e-06,30,1,30,30,30,4,1,4,4,4
7,60,6.979e-06,1,6.979e-06,6.979e-06,6.979e-06,33,1,33,33,33,4,1,4,4,4
7,60,6.739e-06,1,6.739e-06,6.739e-06,6.739e-06,30,1,30,30,30,4,1,4,4,4
7,60,7.109e-06,1,7.109e-06,7.109e-06,7.109e-06,33,1,33,33,33,4,1,4,4,4
7,60,7.018e-06,1,7.018e-06,7.018e-06,7.018e-06,29,1,29,29,29,3,1,3,3,3
7,60,6.663e-06,1,6.663e-06,6.663e-06,6.663e-06,30,1,30,30,30,4,1,4,4,4
7,60,6.75e-06,1,6.75e-06,6.75e-06,6.75e-06,29,1,29,29,29,4,1,4,4,4
7,60,6.818e-06,1,6.818e-06,6.818e-06,6.818e-06,30,1,30,30,30,4,1,4,4,4
7,60,6.577e-06,1,6.577e-06,6.577e-06,6.577e-06,30,1,30,30,30,4,1,4,4,4
7,60,6.89e-06,1,6.89e-06,6.89e-06,6.89e-06,33,1,33,33,33,4,1,4,4,4
7,60,7.002e-06,1,7.002e-06,7.002e-06,7.002e-06,30,1,30,30,30,4,1,4,4,4
7,60,7.011e-06,1,7.011e-06,7.011e-06,7.011e-06,34,1,34,34,34,5,1,5,5,5
7,60,6.668e-06,1,6.668e-06,6.668e-06,6.668e-06,28,1,28,28,28,3,1,3,3,3
7,60,6.807e-06,1,6.807e-06,6.807e-06,6.807e-06,30,1,30,30,30,4,1,4,4,4
7,60,7.096e-06,1,7.096e-06,7.096e-06,7.096e-06,29,1,29,29,29,3,1,3,3,3
7,60,6.617e-06,1,6.617e-06,6.617e-06,6.617e-06,30,1,30,30,30,4,1,4,4,4
7,60,6.927e-06,1,6.927e-06,6.927e-06,6.927e-06,34,1,34,34,34,4,1,4,4,4
7,60,7.094e-06,1,7.094e-06,7.094e-06,7.094e-06,30,1,30,30,30,3,1,3,3,3
7,60,6.998e-06,1,6.998e-06,6.998e-06,6.998e-06,33,1,33,33,33,4,1,4,4,4
7,60,7.099e-06,1,7.099e-06,7.099e-06,7.099e-06,33,1,33,33,33,4,1,4,4,4
7,60,6.867e-06,1,6.867e-06,6.867e-06,6.867e-06,33,1,33,33,33,4,1,4,4,4
7,60,6.891e-06,1,6.891e-06,6.891e-06,6.891e-06,29,1,29,29,29,3,1,3,3,3
7,60,6.659e-06,1,6.659e-06,6.659e-06,6.659e-06,27,1,27,27,27,3,1,3,3,3
7,60,6.787e-06,1,6.787e-06,6.787e-06,6.787e-06,29,1,29,29,29,3,1,3,3,3
7,60,6.839e-06,1,6.839e-06,6.839e-06,6.839e-06,30,1,30,30,30,4,1,4,4,4
7,60,6.648e-06,1,6.648e-06,6.648e-06,6.648e-06,28,1,28,28,28,3,1,3,3,3
7,60,6.423e-06,1,6.423e-06,6.423e-06,6.423e-06,28,1,28,28,28,3,1,3,3,3
7,60,6.978e-06,1,6.978e-06,6.978e-06,6.978e-06,30,1,30,30,30,4,1,4,4,4
7,60,6.837e-06,1,6.837e-06,6.837e-06,6.837e-06,32,1,32,32,32,4,1,4,4,4
7,60,6.841e-06,1,6.841e-06,6.841e-06,6.841e-06,32,1,32,32,32,4,1,4,4,4
7,60,6.802e-06,1,6.802e-06,6.802e-06,6.802e-06,26,1,26,26,26,3,1,3,3,3
7,60,7.142e-06,1,7.142e-06,7.142e-06,7.142e-06,30,1,30,30,30,4,1,4,4,4
7,60,7.076e-06,1,7.076e-06,7.076e-06,7.076e-06,29,1,29,29,29,3,1,3,3,3
7,60,7.182e-06,1,7.182e-06,7.182e-06,7.182e-06,33,1,33,33,33,4,1,4,4,4
7,60,7.261e-06,1,7.261e-06,7.261e-06,7.261e-06,30,1,30,30,30,4,1,4,4,4
7,60,6.984e-06,1,6.984e-06,6.984e-06,6.984e-06,32,1,32,32,32,4,1,4,4,4
7,60,6.906e-06,1,6.906e-06,6.906e-06,6.906e-06,28,1,28,28,28,3,1,3,3,3
7,60,7.228e-06,1,7.228e-06,7.228e-06,7.228e-06,30,1,30,30,30,4,1,4,4,4
7,60,7.302e-06,1,7.302e-06,7.302e-06,7.302e-06,35,1,35,35,35,4,1,4,4,4
7,60,6.978e-06,1,6.978e-06,6.978e-06,6.978e-06,30,1,30,30,30,4,1,4,4,4
7,60,7.235e-06,1,7.235e-06,7.235e-06,7.235e-06,33,1,33,33,33,4,1,4,4,4
7,60,7.294e-06,1,7.294e-06,7.294e-06,7.294e-06,30,1,30,30,30,4,1,4,4,4
7,60,7.074e-06,1,7.074e-06,7.074e-06,7.074e-06,31,1,31,31,31,4,1,4,4,4
7,60,6.947e-06,1,6.947e-06,6.947e-06,6.947e-06,25,1,25,25,25,2,1,2,2,2
7,60,7.693e-06,1,7.693e-06,7.693e-06,7.693e-06,30,1,30,30,30,4,1,4,4,4
7,60,7.298e-06,1,7.298e-06,7.298e-06,7.298e-06,30,1,30,30,30,4,1,4,4,4
7,60,7.026e-06,1,7.026e-06,7.026e-06,7.026e-06,28,1,28,28,28,3,1,3,3,3
7,60,7.322e-06,1,7.322e-06,7.322e-06,7.322e-06,32,1,32,32,32,4,1,4,4,4
7,60,7.263e-06,1,7.263e-06,7.263e-06,7.263e-06,33,1,33,33,33,4,1,4,4,4
7,60,6.998e-06,1,6.998e-06,6.998e-06,6.998e-06,35,1,35,35,35,5,1,5,5,5
7,60,6.845e-06,1,6.845e-06,6.845e-06,6.845e-06,27,1,27,27,27,3,1,3,3,3
7,60,6.992e-06,1,6.992e-06,6.992e-06,6.992e-06,28,1,28,28,28,3,1,3,3,3
7,60,6.694e-06,1,6.694e-06,6.694e-06,6.694e-06,29,1,29,29,29,3,1,3,3,3
7,60,7.033e-06,1,7.033e-06,7.033e-06,7.033e-06,31,1,31,31,31,4,1,4,4,4
7,60,6.833e-06,1,6.833e-06,6.833e-06,6.833e-06,30,1,30,30,30,4,1,4,4,4
7,60,6.592e-06,1,6.592e-06,6.592e-06,6.592e-06,28,1,28,28,28,3,1,3,3,3
7,60,6.842e-06,1,6.842e-06,6.842e-06,6.842e-06,29,1,29,29,29,3,1,3,3,3
7,60,6.825e-06,1,6.825e-06,6.825e-06,6.825e-06,27,1,27,27,27,3,1,3,3,3
7,60,7.309e-06,1,7.309e-06,7.309e-06,7.309e-06,35,1,35,35,35,4,1,4,4,4
7,60,6.845e-06,1,6.845e-06,6.845e-06,6.845e-06,33,1,33,33,33,4,1,4,4,4
7,60,6.7e-06,1,6.7e-06,6.7e-06,6.7e-06,30,1,30,30,30,3,1,3,3,3
7,60,6.536e-06,1,6.536e-06,6.536e-06,6.536e-06,28,1,28,28,28,3,1,3,3,3
7,60,6.884e-06,1,6.884e-06,6.884e-06,6.884e-06,30,1,30,30,30,4,1,4,4,4
7,60,6.934e-06,1,6.934e-06,6.934e-06,6.934e-06,30,1,30,30,30,4,1,4,4,4
7,60,6.562e-06,1,6.562e-06,6.562e-06,6.562e-06,31,1,31,31,31,4,1,4,4,4
7,60,6.413e-06,1,6.413e-06,6.413e-06,6.413e-06,26,1,26,26,26,3,1,3,3,3
7,60,6.838e-06,1,6.838e-06,6.838e-06,6.838e-06,30,1,30,30,30,4,1,4,4,4
7,60,6.784e-06,1,6.784e-06,6.784e-06,6.784e-06,31,1,31,31,31,4,1,4,4,4
7,60,6.864e-06,1,6.864e-06,6.864e-06,6.864e-06,31,1,31,31,31,4,1,4,4,4
7,60,6.576e-06,1,6.576e-06,6.576e-06,6.576e-06,28,1,28,28,28,3,1,3,3,3
7,60,6.713e-06,1,6.713e-06,6.713e-06,6.713e-06,28,1,28,28,28,3,1,3,3,3
7,60,6.883e-06,1,6.883e-06,6.883e-06,6.883e-06,33,1,33,33,33,4,1,4,4,4
7,60,6.647e-06,1,6.647e-06,6.647e-06,6.647e-06,28,1,28,28,28,3,1,3,3,3
7,60,6.853e-06,1,6.853e-06,6.853e-06,6.853e-06,33,1,33,33,33,4,1,4,4,4
7,60,6.89e-06,1,6.89e-06,6.89e-06,6.89e-06,29,1,29,29,29,3,1,3,3,3
7,60,7.255e-06,1,7.255e-06,7.255e-06,7.255e-06,35,1,35,35,35,4,1,4,4,4
7,60,6.511e-06,1,6.511e-06,6.511e-06,6.511e-06,28,1,28,28,28,3,1,3,3,3
7,60,9.577e-06,1,9.577e-06,9.577e-06,9.577e-06,28,1,28,28,28,3,1,3,3,3
7,60,7.032e-06,1,7.032e-06,7.032e-06,7.032e-06,32,1,32,32,32,4,1,4,4,4
7,60,6.655e-06,1,6.655e-06,6.655e-06,6.655e-06,30,1,30,30,30,4,1,4,4,4
7,60,6.723e-06,1,6.723e-06,6.723e-06,6.723e-06,30,1,30,30,30,4,1,4,4,4
7,60,7e-06,1,7e-06,7e-06,7e-06,31,1,31,31,31,4,1,4,4,4
7,60,6.982e-06,1,6.982e-06,6.982e-06,6.982e-06,30,1,30,30,30,4,1,4,4,4
7,60,6.848e-06,1,6.848e-06,6.848e-06,6.848e-06,32,1,32,32,32,4,1,4,4,4
7,60,6.919e-06,1,6.919e-06,6.919e-06,6.919e-06,28,1,28,28,28,3,1,3,3,3
7,60,6.809e-06,1,6.809e-06,6.809e-06,6.809e-06,28,1,28,28,28,3,1,3,3,3
7,60,6.852e-06,1,6.852e-06,6.852e-06,6.852e-06,31,1,31,31,31,4,1,4,4,4
7,60,7.223e-06,1,7.223e-06,7.223e-06,7.223e-06,31,1,31,31,31,4,1,4,4,4
7,60,6.586e-06,1,6.586e-06,6.586e-06,6.586e-06,30,1,30,30,30,3,1,3,3,3
7,60,6.811e-06,1,6.811e-06,6.811e-06,6.811e-06,32,1,32,32,32,4,1,4,4,4
7,60,6.78e-06,1,6.78e-06,6.78e-06,6.78e-06,27,1,27,27,27,3,1,3,3,3
7,60,6.908e-06,1,6.908e-06,6.908e-06,6.908e-06,30,1,30,30,30,4,1,4,4,4
7,60,6.796e-06,1,6.796e-06,6.796e-06,6.796e-06,26,1,26,26,26,3,1,3,3,3
7,60,6.804e-06,1,6.804e-06,6.804e-06,6.804e-06,30,1,30,30,30,4,1,4,4,4
7,60,6.853e-06,1,6.853e-06,6.853e-06,6.853e-06,29,1,29,29,29,3,1,3,3,3
7,60,6.872e-06,1,6.872e-06,6.872e-06,6.872e-06,33,1,33,33,33,4,1,4,4,4
7,60,7.131e-06,1,7.131e-06,7.131e-06,7.131e-06,34,1,34,34,34,4,1,4,4,4
7,60,6.83e-06,1,6.83e-06,6.83e-06,6.83e-06,31,1,31,31,31,4,1,4,4,4
7,60,6.906e-06,1,6.906e-06,6.906e-06,6.906e-06,30,1,30,30,30,4,1,4,4,4
7,60,6.959e-06,1,6.959e-06,6.959e-06,6.959e-06,31,1,31,31,31,4,1,4,4,4
7,60,6.774e-06,1,6.774e-06,6.774e-06,6.774e-06,33,1,33,33,33,4,1,4,4,4
7,60,6.884e-06,1,6.884e-06,6.884e-06,6.884e-06,31,1,31,31,31,4,1,4,4,4
7,60,6.793e-06,1,6.793e-06,6.793e-06,6.793e-06,33,1,33,33,33,4,1,4,4,4
7,60,7.034e-06,1,7.034e-06,7.034e-06,7.034e-06,30,1,30,30,30,4,1,4,4,4
7,60,6.717e-06,1,6.717e-06,6.717e-06,6.717e-06,28,1,28,28,28,3,1,3,3,3
7,60,6.928e-06,1,6.928e-06,6.928e-06,6.928e-06,33,1,33,33,33,4,1,4,4,4
7,60,6.592e-06,1,6.592e-06,6.592e-06,6.592e-06,28,1,28,28,28,3,1,3,3,3
7,60,7.122e-06,1,7.122e-06,7.122e-06,7.122e-06,31,1,31,31,31,4,1,4,4,4
7,60,6.797e-06,1,6.797e-06,6.797e-06,6.797e-06,33,1,33,33,33,4,1,4,4,4
7,60,6.762e-06,1,6.762e-06,6.762e-06,6.762e-06,31,1,31,31,31,4,1,4,4,4
7,60,7.06e-06,1,7.06e-06,7.06e-06,7.06e-06,36,1,36,36,36,5,1,5,5,5
7,60,6.748e-06,1,6.748e-06,6.748e-06,6.748e-06,28,1,28,28,28,3,1,3,3,3
7,60,6.509e-06,1,6.509e-06,6.509e-06,6.509e-06,27,1,27,27,27,3,1,3,3,3
7,60,6.729e-06,1,6.729e-06,6.729e-06,6.729e-06,27,1,27,27,27,3,1,3,3,3
7,60,7.273e-06,1,7.273e-06,7.273e-06,7.273e-06,36,1,36,36,36,5,1,5,5,5
7,60,6.653e-06,1,6.653e-06,6.653e-06,6.653e-06,27,1,27,27,27,3,1,3,3,3
7,60,6.836e-06,1,6.836e-06,6.836e-06,6.836e-06,33,1,33,33,33,4,1,4,4,4
7,60,6.775e-06,1,6.775e-06,6.775e-06,6.775e-06,29,1,29,29,29,4,1,4,4,4
7,60,6.656e-06,1,6.656e-06,6.656e-06,6.656e-06,28,1,28,28,28,3,1,3,3,3
7,60,6.759e-06,1,6.759e-06,6.759e-06,6.759e-06,30,1,30,30,30,4,1,4,4,4
7,60,6.885e-06,1,6.885e-06,6.885e-06,6.885e-06,34,1,34,34,34,4,1,4,4,4
7,60,6.762e-06,1,6.762e-06,6.762e-06,6.762e-06,27,1,27,27,27,3,1,3,3,3
7,60,7.213e-06,1,7.213e-06,7.213e-06,7.213e-06,38,1,38,38,38,5,1,5,5,5
7,60,6.92e-06,1,6.92e-06,6.92e-06,6.92e-06,27,1,27,27,27,3,1,3,3,3
7,60,6.878e-06,1,6.878e-06,6.878e-06,6.878e-06,33,1,33,33,33,4,1,4,4,4
7,60,6.78e-06,1,6.78e-06,6.78e-06,6.78e-06,29,1,29,29,29,3,1,3,3,3
7,60,6.851e-06,1,6.851e-06,6.851e-06,6.851e-06,27,1,27,27,27,3,1,3,3,3
7,60,6.797e-06,1,6.797e-06,6.797e-06,6.797e-06,28,1,28,28,28,3,1,3,3,3
7,60,6.839e-06,1,6.839e-06,6.839e-06,6.839e-06,30,1,30,30,30,4,1,4,4,4
7,60,6.726e-06,1,6.726e-06,6.726e-06,6.726e-06,29,1,29,29,29,3,1,3,3,3
7,60,6.518e-06,1,6.518e-06,6.518e-06,6.518e-06,26,1,26,26,26,3,1,3,3,3
7,60,6.863e-06,1,6.863e-06,6.863e-06,6.863e-06,29,1,29,29,29,3,1,3,3,3
7,60,7.497e-06,1,7.497e-06,7.497e-06,7.497e-06,37,1,37,37,37,5,1,5,5,5
7,60,7.452e-06,1,7.452e-06,7.452e-06,7.452e-06,36,1,36,36,36,5,1,5,5,5
7,60,7.071e-06,1,7.071e-06,7.071e-06,7.071e-06,25,1,25,25,25,2,1,2,2,2
7,60,7.401e-06,1,7.401e-06,7.401e-06,7.401e-06,30,1,30,30,30,4,1,4,4,4
7,60,7.011e-06,1,7.011e-06,7.011e-06,7.011e-06,30,1,30,30,30,4,1,4,4,4
7,60,7.033e-06,1,7.033e-06,7.033e-06,7.033e-06,29,1,29,29,29,3,1,3,3,3
7,60,6.92e-06,1,6.92e-06,6.92e-06,6.92e-06,30,1,30,30,30,4,1,4,4,4
7,60,7.067e-06,1,7.067e-06,7.067e-06,7.067e-06,29,1,29,29,29,3,1,3,3,3
7,60,7.255e-06,1,7.255e-06,7.255e-06,7.255e-06,28,1,28,28,28,3,1,3,3,3
7,60,7.201e-06,1,7.201e-06,7.201e-06,7.201e-06,26,1,26,26,26,3,1,3,3,3
7,60,7.07e-06,1,7.07e-06,7.07e-06,7.07e-06,29,1,29,29,29,3,1,3,3,3
7,60,7.269e-06,1,7.269e-06,7.269e-06,7.269e-06,26,1,26,26,26,3,1,3,3,3
7,60,6.993e-06,1,6.993e-06,6.993e-06,6.993e-06,30,1,30,30,30,4,1,4,4,4
7,60,6.909e-06,1,6.909e-06,6.909e-06,6.909e-06,33,1,33,33,33,4,1,4,4,4
7,60,6.781e-06,1,6.781e-06,6.781e-06,6.781e-06,35,1,35,35,35,4,1,4,4,4
7,60,6.591e-06,1,6.591e-06,6.591e-06,6.591e-06,26,1,26,26,26,3,1,3,3,3
7,60,6.951e-06,1,6.951e-06,6.951e-06,6.951e-06,30,1,30,30,30,4,1,4,4,4
7,60,6.706e-06,1,6.706e-06,6.706e-06,6.706e-06,28,1,28,28,28,3,1,3,3,3
7,60,6.717e-06,1,6.717e-06,6.717e-06,6.717e-06,27,1,27,27,27,3,1,3,3,3
7,60,7.3e-06,1,7.3e-06,7.3e-06,7.3e-06,35,1,35,35,35,5,1,5,5,5
7,60,6.749e-06,1,6.749e-06,6.749e-06,6.749e-06,31,1,31,31,31,4,1,4,4,4
7,60,6.608e-06,1,6.608e-06,6.608e-06,6.608e-06,29,1,29,29,29,3,1,3,3,3
7,60,6.773e-06,1,6.773e-06,6.773e-06,6.773e-06,30,1,30,30,30,4,1,4,4,4
7,60,6.86e-06,1,6.86e-06,6.86e-06,6.86e-06,33,1,33,33,33,4,1,4,4,4
7,60,6.99e-06,1,6.99e-06,6.99e-06,6.99e-06,31,1,31,31,31,4,1,4,4,4
7,60,6.894e-06,1,6.894e-06,6.894e-06,6.894e-06,29,1,29,29,29,3,1,3,3,3
7,60,6.906e-06,1,6.906e-06,6.906e-06,6.906e-06,28,1,28,28,28,3,1,3,3,3
7,60,6.884e-06,1,6.884e-06,6.884e-06,6.884e-06,29,1,29,29,29,3,1,3,3,3
7,60,6.685e-06,1,6.685e-06,6.685e-06,6.685e-06,26,1,26,26,26,3,1,3,3,3
7,60,6.52e-06,1,6.52e-06,6.52e-06,6.52e-06,28,1,28,28,28,3,1,3,3,3
7,60,6.733e-06,1,6.733e-06,6.733e-06,6.733e-06,28,1,28,28,28,3,1,3,3,3
7,60,6.602e-06,1,6.602e-06,6.602e-06,6.602e-06,33,1,33,33,33,4,1,4,4,4
7,60,6.553e-06,1,6.553e-06,6.553e-06,6.553e-06,27,1,27,27,27,3,1,3,3,3
7,60,6.938e-06,1,6.938e-06,6.938e-06,6.938e-06,33,1,33,33,33,4,1,4,4,4
7,60,6.639e-06,1,6.639e-06,6.639e-06,6.639e-06,26,1,26,26,26,3,1,3,3,3
7,60,7.019e-06,1,7.019e-06,7.019e-06,7.019e-06,30,1,30,30,30,4,1,4,4,4
7,60,7.055e-06,1,7.055e-06,7.055e-06,7.055e-06,33,1,33,33,33,4,1,4,4,4
7,60,7.079e-06,1,7.079e-06,7.079e-06,7.079e-06,28,1,28,28,28,3,1,3,3,3
7,60,6.784e-06,1,6.784e-06,6.784e-06,6.784e-06,28,1,28,28,28,3,1,3,3,3
7,60,6.568e-06,1,6.568e-06,6.568e-06,6.568e-06,28,1,28,28,28,3,1,3,3,3
7,60,6.977e-06,1,6.977e-06,6.977e-06,6.977e-06,30,1,30,30,30,4,1,4,4,4
