n,p,time_total,time_count,time_mean,time_min,time_max,steps_total,steps_count,steps_mean,steps_min,steps_max,number_total,number_count,number_mean,number_min,number_max
29,70,6.5897e-05,1,6.5897e-05,6.5897e-05,6.5897e-05,561,1,561,561,561,13,1,13,13,13
29,70,6.4362e-05,1,6.4362e-05,6.4362e-05,6.4362e-05,518,1,518,518,518,11,1,11,11,11
29,70,6.6221e-05,1,6.6221e-05,6.6221e-05,6.6221e-05,544,1,544,544,544,11,1,11,11,11
29,70,6.5301e-05,1,6.5301e-05,6.5301e-05,6.5301e-05,532,1,532,532,532,10,1,10,10,10
29,70,6.7105e-05,1,6.7105e-05,6.7105e-05,6.7105e-05,572,1,572,572,572,13,1,13,13,13
29,70,6.53e-05,1,6.53e-05,6.53e-05,6.53e-05,551,1,551,551,551,12,1,12,12,12
29,70,6.2776e-05,1,6.2776e-05,6.2776e-05,6.2776e-05,532,1,532,532,532,11,1,11,11,11
29,70,6.9133e-05,1,6.9133e-05,6.9133e-05,6.9133e-05,517,1,517,517,517,9,1,9,9,9
29,70,6.7741e-05,1,6.7741e-05,6.7741e-05,6.7741e-05,523,1,523,523,523,10,1,10,10,10
29,70,6.5255e-05,1,6.5255e-05,6.5255e-05,6.5255e-05,517,1,517,517,517,9,1,9,9,9
29,70,6.5277e-05,1,6.5277e-05,6.5277e-05,6.5277e-05,556,1,556,556,556,13,1,13,13,13
29,70,6.4643e-05,1,6.4643e-05,6.4643e-05,6.4643e-05,540,1,540,540,540,11,1,11,11,11
29,70,6.8989e-05,1,6.8989e-05,6.8989e-05,6.8989e-05,538,1,538,538,538,10,1,10,10,10
29,70,6.5171e-05,1,6.5171e-05,6.5171e-05,6.5171e-05,521,1,521,521,521,10,1,10,10,10
29,70,6.724e-05,1,6.724e-05,6.724e-05,6.724e-05,545,1,545,545,545,12,1,12,12,12
29,70,6.4992e-05,1,6.4992e-05,6.4992e-05,6.4992e-05,549,1,549,549,549,12,1,12,12,12
29,70,6.5266e-05,1,6.5266e-05,6.5266e-05,6.5266e-05,537,1,537,537,537,11,1,11,11,11
29,70,6.4625e-05,1,6.4625e-05,6.4625e-05,6.4625e-05,542,1,542,542,542,11,1,11,11,11
29,70,6.445e-05,1,6.445e-05,6.445e-05,6.445e-05,548,1,548,548,548,11,1,11,11,11
29,70,6.5876e-05,1,6.5876e-05,6.5876e-05,6.5876e-05,556,1,556,556,556,11,1,11,11,11
29,70,6.5403e-05,1,6.5403e-05,6.5403e-05,6.5403e-05,546,1,546,546,546,12,1,12,12,12
29,70,6.4765e-05,1,6.4765e-05,6.4765e-05,6.4765e-05,541,1,541,541,541,11,1,11,11,11
29,70,6.5126e-05,1,6.5126e-05,6.5126e-05,6.5126e-05,538,1,538,538,538,11,1,11,11,11
29,70,6.4055e-05,1,6.4055e-05,6.4055e-05,6.4055e-05,546,1,546,546,546,12,1,12,12,12
29,70,6.5035e-05,1,6.5035e-05,6.5035e-05,6.5035e-05,524,1,524,524,524,10,1,10,10,10
29,70,6.5073e-05,1,6.5073e-05,6.5073e-05,6.5073e-05,546,1,546,546,546,11,1,11,11,11
29,70,6.4878e-05,1,6.4878e-05,6.4878e-05,6.4878e-05,545,1,545,545,545,10,1,10,10,10
29,70,6.5372e-05,1,6.5372e-05,6.5372e-05,6.5372e-05,531,1,531,531,531,11,1,11,11,11
29,70,6.617e-05,1,6.617e-05,6.617e-05,6.617e-05,565,1,565,565,565,12,1,12,12,12
29,70,6.4199e-05,1,6.4199e-05,6.4199e-05,6.4199e-05,537,1,537,537,537,11,1,11,11,11
29,70,6.5428e-05,1,6.5428e-05,6.5428e-05,6.5428e-05,554,1,554,554,554,12,1,12,12,12
29,70,6.5154e-05,1,6.5154e-05,6.5154e-05,6.5154e-05,545,1,545,545,545,11,1,11,11,11
29,70,6.8186e-05,1,6.8186e-05,6.8186e-05,6.8186e-05,540,1,540,540,540,11,1,11,11,11
29,70,6.888e-05,1,6.888e-05,6.888e-05,6.888e-05,537,1,537,537,537,11,1,11,11,11
29,70,6.4377e-05,1,6.4377e-05,6.4377e-05,6.4377e-05,554,1,554,554,554,11,1,11,11,11
29,70,6.709e-05,1,6.709e-05,6.709e-05,6.709e-05,545,1,545,545,545,11,1,11,11,11
29,70,6.9326e-05,1,6.9326e-05,6.9326e-05,6.9326e-05,536,1,536,536,536,11,1,11,11,11
29,70,6.9453e-05,1,6.9453e-05,6.9453e-05,6.9453e-05,525,1,525,525,525,9,1,9,9,9
29,70,6.8868e-05,1,6.8868e-05,6.8868e-05,6.8868e-05,538,1,538,538,538,11,1,11,11,11
29,70,8.4948e-05,1,8.4948e-05,8.4948e-05,8.4948e-05,551,1,551,551,551,11,1,11,11,11
29,70,6.48e-05,1,6.48e-05,6.48e-05,6.48e-05,542,1,542,542,542,11,1,11,11,11
29,70,6.4249e-05,1,6.4249e-05,6.4249e-05,6.4249e-05,531,1,531,531,531,10,1,10,10,10
29,70,6.5972e-05,1,6.5972e-05,6.5972e-05,6.5972e-05,545,1,545,545,545,11,1,11,11,11
29,70,8.2882e-05,1,8.2882e-05,8.2882e-05,8.2882e-05,562,1,562,562,562,13,1,13,13,13
29,70,6.3642e-05,1,6.3642e-05,6.3642e-05,6.3642e-05,543,1,543,543,543,11,1,11,11,11
29,70,6.522e-05,1,6.522e-05,6.522e-05,6.522e-05,549,1,549,549,549,11,1,11,11,11
29,70,6.3668e-05,1,6.3668e-05,6.3668e-05,6.3668e-05,521,1,521,521,521,10,1,10,10,10
29,70,6.5786e-05,1,6.5786e-05,6.5786e-05,6.5786e-05,558,1,558,558,558,12,1,12,12,12
29,70,6.607e-05,1,6.607e-05,6.607e-05,6.607e-05,545,1,545,545,545,11,1,11,11,11
29,70,6.5537e-05,1,6.5537e-05,6.5537e-05,6.5537e-05,554,1,554,554,554,11,1,11,11,11
29,70,6.5415e-05,1,6.5415e-05,6.5415e-05,6.5415e-05,529,1,529,529,529,10,1,10,10,10
29,70,6.4966e-05,1,6.4966e-05,6.4966e-05,6.4966e-05,520,1,520,520,520,11,1,11,11,11
29,70,6.4034e-05,1,6.4034e-05,6.4034e-05,6.4034e-05,535,1,535,535,535,10,1,10,10,10
29,70,6.3385e-05,1,6.3385e-05,6.3385e-05,6.3385e-05,525,1,525,525,525,10,1,10,10,10
29,70,6.4049e-05,1,6.4049e-05,6.4049e-05,6.4049e-05,545,1,545,545,545,11,1,11,11,11
29,70,6.5339e-05,1,6.5339e-05,6.5339e-05,6.5339e-05,537,1,537,537,537,11,1,11,11,11
29,70,6.7691e-05,1,6.7691e-05,6.7691e-05,6.7691e-05,548,1,548,548,548,11,1,11,11,11
29,70,6.6804e-05,1,6.6804e-05,6.6804e-05,6.6804e-05,527,1,527,527,527,11,1,11,11,11
29,70,6.768e-05,1,6.768e-05,6.768e-05,6.768e-05,538,1,538,538,538,12,1,12,12,12
29,70,6.4717e-05,1,6.4717e-05,6.4717e-05,6.4717e-05,563,1,563,563,563,12,1,12,12,12
29,70,6.4436e-05,1,6.4436e-05,6.4436e-05,6.4436e-05,559,1,559,559,559,12,1,12,12,12
29,70,6.4492e-05,1,6.4492e-05,6.4492e-05,6.4492e-05,548,1,548,548,548,11,1,11,11,11
29,70,8.4582e-05,1,8.4582e-05,8.4582e-05,8.4582e-05,529,1,529,529,529,10,1,10,10,10
29,70,6.7915e-05,1,6.7915e-05,6.7915e-05,6.7915e-05,548,1,548,548,548,11,1,11,11,11
29,70,6.6355e-05,1,6.6355e-05,6.6355e-05,6.6355e-05,590,1,590,590,590,13,1,13,13,13
29,70,6.4685e-05,1,6.4685e-05,6.4685e-05,6.4685e-05,555,1,555,555,555,11,1,11,11,11
29,70,6.6344e-05,1,6.6344e-05,6.6344e-05,6.6344e-05,576,1,576,576,576,13,1,13,13,13
29,70,6.4439e-05,1,6.4439e-05,6.4439e-05,6.4439e-05,544,1,544,544,544,11,1,11,11,11
29,70,6.9243e-05,1,6.9243e-05,6.9243e-05,6.9243e-05,533,1,533,533,533,11,1,11,11,11
29,70,7.07e-05,1,7.07e-05,7.07e-05,7.07e-05,557,1,557,557,557,11,1,11,11,11
29,70,6.5467e-05,1,6.5467e-05,6.5467e-05,6.5467e-05,554,1,554,554,554,12,1,12,12,12
29,70,6.6896e-05,1,6.6896e-05,6.6896e-05,6.6896e-05,547,1,547,547,547,11,1,11,11,11
29,70,6.4062e-05,1,6.4062e-05,6.4062e-05,6.4062e-05,511,1,511,511,511,9,1,9,9,9
29,70,6.279e-05,1,6.279e-05,6.279e-05,6.279e-05,531,1,531,531,531,11,1,11,11,11
29,70,6.598e-05,1,6.598e-05,6.598e-05,6.598e-05,553,1,553,553,553,12,1,12,12,12
29,70,6.4881e-05,1,6.4881e-05,6.4881e-05,6.4881e-05,527,1,527,527,527,10,1,10,10,10
29,70,6.3999e-05,1,6.3999e-05,6.3999e-05,6.3999e-05,529,1,529,529,529,10,1,10,10,10
29,70,6.4616e-05,1,6.4616e-05,6.4616e-05,6.4616e-05,540,1,540,540,540,11,1,11,11,11
29,70,6.4996e-05,1,6.4996e-05,6.4996e-05,6.4996e-05,554,1,554,554,554,12,1,12,12,12
29,70,6.442e-05,1,6.442e-05,6.442e-05,6.442e-05,559,1,559,559,559,11,1,11,11,11
29,70,6.5055e-05,1,6.5055e-05,6.5055e-05,6.5055e-05,562,1,562,562,562,12,1,12,12,12
29,70,6.6249e-05,1,6.6249e-05,6.6249e-05,6.6249e-05,540,1,540,540,540,10,1,10,10,10
29,70,6.4943e-05,1,6.4943e-05,6.4943e-05,6.4943e-05,552,1,552,552,552,12,1,12,12,12
29,70,6.9249e-05,1,6.9249e-05,6.9249e-05,6.9249e-05,548,1,548,548,548,12,1,12,12,12
29,70,8.2628e-05,1,8.2628e-05,8.2628e-05,8.2628e-05,521,1,521,521,521,10,1,10,10,10
29,70,6.4847e-05,1,6.4847e-05,6.4847e-05,6.4847e-05,536,1,536,536,536,11,1,11,11,11
29,70,6.4554e-05,1,6.4554e-05,6.4554e-05,6.4554e-05,548,1,548,548,548,12,1,12,12,12
29,70,6.4007e-05,1,6.4007e-05,6.4007e-05,6.4007e-05,544,1,544,544,544,12,1,12,12,12
29,70,6.4105e-05,1,6.4105e-05,6.4105e-05,6.4105e-05,532,1,532,532,532,12,1,12,12,12
29,70,6.5984e-05,1,6.5984e-05,6.5984e-05,6.5984e-05,556,1,556,556,556,13,1,13,13,13
29,70,6.3815e-05,1,6.3815e-05,6.3815e-05,6.3815e-05,538,1,538,538,538,11,1,11,11,11
29,70,6.5601e-05,1,6.5601e-05,6.5601e-05,6.5601e-05,564,1,564,564,564,13,1,13,13,13
29,70,6.3443e-05,1,6.3443e-05,6.3443e-05,6.3443e-05,543,1,543,543,543,11,1,11,11,11
29,70,6.4665e-05,1,6.4665e-05,6.4665e-05,6.4665e-05,531,1,531,531,531,10,1,10,10,10
29,70,8.4743e-05,1,8.4743e-05,8.4743e-05,8.4743e-05,542,1,542,542,542,11,1,11,11,11
29,70,6.3548e-05,1,6.3548e-05,6.3548e-05,6.3548e-05,536,1,536,536,536,11,1,11,11,11
29,70,6.837e-05,1,6.837e-05,6.837e-05,6.837e-05,541,1,541,541,541,11,1,11,11,11
29,70,6.542e-05,1,6.542e-05,6.542e-05,6.542e-05,538,1,538,538,538,10,1,10,10,10
29,70,6.4265e-05,1,6.4265e-05,6.4265e-05,6.4265e-05,538,1,538,538,538,10,1,10,10,10
29,70,8.3192e-05,1,8.3192e-05,8.3192e-05,8.3192e-05,552,1,552,552,552,11,1,11,11,11
29,70,6.8674e-05,1,6.8674e-05,6.8674e-05,6.8674e-05,542,1,542,542,542,11,1,11,11,11
29,70,6.4856e-05,1,6.4856e-05,6.4856e-05,6.4856e-05,557,1,557,557,557,12,1,12,12,12
29,70,6.4764e-05,1,6.4764e-05,6.4764e-05,6.4764e-05,534,1,534,534,534,11,1,11,11,11
29,70,6.9106e-05,1,6.9106e-05,6.9106e-05,6.9106e-05,556,1,556,556,556,12,1,12,12,12
29,70,6.5231e-05,1,6.5231e-05,6.5231e-05,6.5231e-05,557,1,557,557,557,11,1,11,11,11
29,70,6.3917e-05,1,6.3917e-05,6.3917e-05,6.3917e-05,546,1,546,546,546,11,1,11,11,11
29,70,6.8996e-05,1,6.8996e-05,6.8996e-05,6.8996e-05,522,1,522,522,522,10,1,10,10,10
29,70,6.4915e-05,1,6.4915e-05,6.4915e-05,6.4915e-05,551,1,551,551,551,11,1,11,11,11
29,70,6.5512e-05,1,6.5512e-05,6.5512e-05,6.5512e-05,580,1,580,580,580,13,1,13,13,13
29,70,6.3807e-05,1,6.3807e-05,6.3807e-05,6.3807e-05,537,1,537,537,537,11,1,11,11,11
29,70,6.7155e-05,1,6.7155e-05,6.7155e-05,6.7155e-05,530,1,530,530,530,10,1,10,10,10
29,70,6.4291e-05,1,6.4291e-05,6.4291e-05,6.4291e-05,542,1,542,542,542,11,1,11,11,11
29,70,6.6585e-05,1,6.6585e-05,6.6585e-05,6.6585e-05,542,1,542,542,542,11,1,11,11,11
29,70,6.5634e-05,1,6.5634e-05,6.5634e-05,6.5634e-05,550,1,550,550,550,11,1,11,11,11
29,70,6.576e-05,1,6.576e-05,6.576e-05,6.576e-05,528,1,528,528,528,10,1,10,10,10
29,70,6.4315e-05,1,6.4315e-05,6.4315e-05,6.4315e-05,565,1,565,565,565,12,1,12,12,12
29,70,6.5576e-05,1,6.5576e-05,6.5576e-05,6.5576e-05,568,1,568,568,568,12,1,12,12,12
29,70,6.4854e-05,1,6.4854e-05,6.4854e-05,6.4854e-05,521,1,521,521,521,9,1,9,9,9
29,70,6.548e-05,1,6.548e-05,6.548e-05,6.548e-05,533,1,533,533,533,10,1,10,10,10
29,70,6.4267e-05,1,6.4267e-05,6.4267e-05,6.4267e-05,543,1,543,543,543,11,1,11,11,11
29,70,6.3914e-05,1,6.3914e-05,6.3914e-05,6.3914e-05,519,1,519,519,519,9,1,9,9,9
29,70,6.363e-05,1,6.363e-05,6.363e-05,6.363e-05,545,1,545,545,545,11,1,11,11,11
29,70,6.5746e-05,1,6.5746e-05,6.5746e-05,6.5746e-05,529,1,529,529,529,10,1,10,10,10
29,70,6.8629e-05,1,6.8629e-05,6.8629e-05,6.8629e-05,554,1,554,554,554,12,1,12,12,12
29,70,6.5796e-05,1,6.5796e-05,6.5796e-05,6.5796e-05,558,1,558,558,558,11,1,11,11,11
29,70,6.3948e-05,1,6.3948e-05,6.3948e-05,6.3948e-05,525,1,525,525,525,10,1,10,10,10
29,70,6.9263e-05,1,6.9263e-05,6.9263e-05,6.9263e-05,565,1,565,565,565,12,1,12,12,12
29,70,6.8628e-05,1,6.8628e-05,6.8628e-05,6.8628e-05,555,1,555,555,555,12,1,12,12,12
29,70,6.3914e-05,1,6.3914e-05,6.3914e-05,6.3914e-05,540,1,540,540,540,11,1,11,11,11
29,70,6.5619e-05,1,6.5619e-05,6.5619e-05,6.5619e-05,551,1,551,551,551,11,1,11,11,11
29,70,6.5274e-05,1,6.5274e-05,6.5274e-05,6.5274e-05,574,1,574,574,574,12,1,12,12,12
29,70,6.4094e-05,1,6.4094e-05,6.4094e-05,6.4094e-05,533,1,533,533,533,11,1,11,11,11
29,70,6.6223e-05,1,6.6223e-05,6.6223e-05,6.6223e-05,547,1,547,547,547,11,1,11,11,11
29,70,6.4212e-05,1,6.4212e-05,6.4212e-05,6.4212e-05,531,1,531,531,531,11,1,11,11,11
29,70,6.4802e-05,1,6.4802e-05,6.4802e-05,6.4802e-05,554,1,554,554,554,11,1,11,11,11
29,70,6.4298e-05,1,6.4298e-05,6.4298e-05,6.4298e-05,540,1,540,540,540,11,1,11,11,11
29,70,6.5471e-05,1,6.5471e-05,6.5471e-05,6.5471e-05,564,1,564,564,564,13,1,13,13,13
29,70,6.4749e-05,1,6.4749e-05,6.4749e-05,6.4749e-05,530,1,530,530,530,11,1,11,11,11
29,70,6.5033e-05,1,6.5033e-05,6.5033e-05,6.5033e-05,522,1,522,522,522,10,1,10,10,10
29,70,6.4407e-05,1,6.4407e-05,6.4407e-05,6.4407e-05,538,1,538,538,538,11,1,11,11,11
29,70,6.896e-05,1,6.896e-05,6.896e-05,6.896e-05,564,1,564,564,564,12,1,12,12,12
29,70,6.4835e-05,1,6.4835e-05,6.4835e-05,6.4835e-05,557,1,557,557,557,13,1,13,13,13
29,70,8.1351e-05,1,8.1351e-05,8.1351e-05,8.1351e-05,537,1,537,537,537,12,1,12,12,12
29,70,6.7841e-05,1,6.7841e-05,6.7841e-05,6.7841e-05,552,1,552,552,552,11,1,11,11,11
29,70,6.494e-05,1,6.494e-05,6.494e-05,6.494e-05,550,1,550,550,550,12,1,12,12,12
29,70,7.5206e-05,1,7.5206e-05,7.5206e-05,7.5206e-05,553,1,553,553,553,11,1,11,11,11
29,70,6.4561e-05,1,6.4561e-05,6.4561e-05,6.4561e-05,537,1,537,537,537,10,1,10,10,10
29,70,6.4611e-05,1,6.4611e-05,6.4611e-05,6.4611e-05,530,1,530,530,530,10,1,10,10,10
29,70,6.9811e-05,1,6.9811e-05,6.9811e-05,6.9811e-05,543,1,543,543,543,12,1,12,12,12
29,70,6.7577e-05,1,6.7577e-05,6.7577e-05,6.7577e-05,540,1,540,540,540,11,1,11,11,11
29,70,6.4846e-05,1,6.4846e-05,6.4846e-05,6.4846e-05,543,1,543,543,543,11,1,11,11,11
29,70,6.4132e-05,1,6.4132e-05,6.4132e-05,6.4132e-05,537,1,537,537,537,11,1,11,11,11
29,70,6.4564e-05,1,6.4564e-05,6.4564e-05,6.4564e-05,532,1,532,532,532,10,1,10,10,10
29,70,6.3898e-05,1,6.3898e-05,6.3898e-05,6.3898e-05,532,1,532,532,532,10,1,10,10,10
29,70,7.0097e-05,1,7.0097e-05,7.0097e-05,7.0097e-05,556,1,556,556,556,12,1,12,12,12
29,70,6.7617e-05,1,6.7617e-05,6.7617e-05,6.7617e-05,533,1,533,533,533,11,1,11,11,11
29,70,6.7075e-05,1,6.7075e-05,6.7075e-05,6.7075e-05,552,1,552,552,552,12,1,12,12,12
29,70,8.5466e-05,1,8.5466e-05,8.5466e-05,8.5466e-05,541,1,541,541,541,11,1,11,11,11
29,70,6.8322e-05,1,6.8322e-05,6.8322e-05,6.8322e-05,529,1,529,529,529,10,1,10,10,10
29,70,6.408e-05,1,6.408e-05,6.408e-05,6.408e-05,546,1,546,546,546,12,1,12,12,12
29,70,6.5524e-05,1,6.5524e-05,6.5524e-05,6.5524e-05,536,1,536,536,536,11,1,11,11,11
29,70,6.3701e-05,1,6.3701e-05,6.3701e-05,6.3701e-05,523,1,523,523,523,10,1,10,10,10
29,70,6.8377e-05,1,6.8377e-05,6.8377e-05,6.8377e-05,549,1,549,549,549,11,1,11,11,11
29,70,6.9025e-05,1,6.9025e-05,6.9025e-05,6.9025e-05,573,1,573,573,573,13,1,13,13,13
29,70,6.5172e-05,1,6.5172e-05,6.5172e-05,6.5172e-05,542,1,542,542,542,11,1,11,11,11
29,70,6.3882e-05,1,6.3882e-05,6.3882e-05,6.3882e-05,529,1,529,529,529,10,1,10,10,10
29,70,6.3756e-05,1,6.3756e-05,6.3756e-05,6.3756e-05,529,1,529,529,529,11,1,11,11,11
29,70,6.6025e-05,1,6.6025e-05,6.6025e-05,6.6025e-05,541,1,541,541,541,10,1,10,10,10
29,70,6.4342e-05,1,6.4342e-05,6.4342e-05,6.4342e-05,560,1,560,560,560,12,1,12,12,12
29,70,6.5669e-05,1,6.5669e-05,6.5669e-05,6.5669e-05,545,1,545,545,545,11,1,11,11,11
29,70,6.5613e-05,1,6.5613e-05,6.5613e-05,6.5613e-05,555,1,555,555,555,11,1,11,11,11
29,70,6.4089e-05,1,6.4089e-05,6.4089e-05,6.4089e-05,549,1,549,549,549,11,1,11,11,11
29,70,6.4535e-05,1,6.4535e-05,6.4535e-05,6.4535e-05,540,1,540,540,540,11,1,11,11,11
29,70,6.4515e-05,1,6.4515e-05,6.4515e-05,6.4515e-05,539,1,539,539,539,11,1,11,11,11
29,70,6.4488e-05,1,6.4488e-05,6.4488e-05,6.4488e-05,529,1,529,529,529,9,1,9,9,9
29,70,6.5034e-05,1,6.5034e-05,6.5034e-05,6.5034e-05,554,1,554,554,554,11,1,11,11,11
29,70,6.4369e-05,1,6.4369e-05,6.4369e-05,6.4369e-05,541,1,541,541,541,12,1,12,12,12
29,70,6.894e-05,1,6.894e-05,6.894e-05,6.894e-05,542,1,542,542,542,11,1,11,11,11
29,70,8.3e-05,1,8.3e-05,8.3e-05,8.3e-05,539,1,539,539,539,12,1,12,12,12
29,70,6.5344e-05,1,6.5344e-05,6.5344e-05,6.5344e-05,526,1,526,526,526,10,1,10,10,10
29,70,6.574e-05,1,6.574e-05,6.574e-05,6.574e-05,565,1,565,565,565,13,1,13,13,13
29,70,6.4463e-05,1,6.4463e-05,6.4463e-05,6.4463e-05,545,1,545,545,545,11,1,11,11,11
29,70,6.4589e-05,1,6.4589e-05,6.4589e-05,6.4589e-05,566,1,566,566,566,12,1,12,12,12
29,70,6.4695e-05,1,6.4695e-05,6.4695e-05,6.4695e-05,539,1,539,539,539,11,1,11,11,11
29,70,6.4417e-05,1,6.4417e-05,6.4417e-05,6.4417e-05,559,1,559,559,559,13,1,13,13,13
29,70,6.5142e-05,1,6.5142e-05,6.5142e-05,6.5142e-05,538,1,538,538,538,11,1,11,11,11
29,70,6.4678e-05,1,6.4678e-05,6.4678e-05,6.4678e-05,526,1,526,526,526,9,1,9,9,9
29,70,6.4548e-05,1,6.4548e-05,6.4548e-05,6.4548e-05,556,1,556,556,556,12,1,12,12,12
29,70,6.8512e-05,1,6.8512e-05,6.8512e-05,6.8512e-05,543,1,543,543,543,12,1,12,12,12
29,70,6.9288e-05,1,6.9288e-05,6.9288e-05,6.9288e-05,554,1,554,554,554,12,1,12,12,12
29,70,6.7278e-05,1,6.7278e-05,6.7278e-05,6.7278e-05,547,1,547,547,547,10,1,10,10,10
29,70,6.6203e-05,1,6.6203e-05,6.6203e-05,6.6203e-05,543,1,543,543,543,12,1,12,12,12
29,70,7.1893e-05,1,7.1893e-05,7.1893e-05,7.1893e-05,532,1,532,532,532,11,1,11,11,11
29,70,6.9583e-05,1,6.9583e-05,6.9583e-05,6.9583e-05,540,1,540,540,540,10,1,10,10,10
29,70,6.7366e-05,1,6.7366e-05,6.7366e-05,6.7366e-05,571,1,571,571,571,12,1,12,12,12
29,70,6.4416e-05,1,6.4416e-05,6.4416e-05,6.4416e-05,545,1,545,545,545,12,1,12,12,12
29,70,6.5727e-05,1,6.5727e-05,6.5727e-05,6.5727e-05,544,1,544,544,544,10,1,10,10,10
29,70,6.435e-05,1,6.435e-05,6.435e-05,6.435e-05,538,1,538,538,538,11,1,11,11,11
29,70,6.3721e-05,1,6.3721e-05,6.3721e-05,6.3721e-05,546,1,546,546,546,11,1,11,11,11
29,70,6.4982e-05,1,6.4982e-05,6.4982e-05,6.4982e-05,544,1,544,544,544,12,1,12,12,12
29,70,6.5889e-05,1,6.5889e-05,6.5889e-05,6.5889e-05,553,1,553,553,553,12,1,12,12,12
29,70,6.3658e-05,1,6.3658e-05,6.3658e-05,6.3658e-05,538,1,538,538,538,11,1,11,11,11
29,70,6.6678e-05,1,6.6678e-05,6.6678e-05,6.6678e-05,535,1,535,535,535,10,1,10,10,10
29,70,6.5148e-05,1,6.5148e-05,6.5148e-05,6.5148e-05,556,1,556,556,556,12,1,12,12,12
29,70,6.5263e-05,1,6.5263e-05,6.5263e-05,6.5263e-05,551,1,551,551,551,11,1,11,11,11
29,70,6.5379e-05,1,6.5379e-05,6.5379e-05,6.5379e-05,525,1,525,525,525,10,1,10,10,10
29,70,8.7804e-05,1,8.7804e-05,8.7804e-05,8.7804e-05,541,1,541,541,541,11,1,11,11,11
29,70,6.4677e-05,1,6.4677e-05,6.4677e-05,6.4677e-05,536,1,536,536,536,11,1,11,11,11
29,70,6.3652e-05,1,6.3652e-05,6.3652e-05,6.3652e-05,533,1,533,533,533,10,1,10,10,10
29,70,6.5193e-05,1,6.5193e-05,6.5193e-05,6.5193e-05,546,1,546,546,546,11,1,11,11,11
29,70,8.3627e-05,1,8.3627e-05,8.3627e-05,8.3627e-05,542,1,542,542,542,11,1,11,11,11
29,70,7.1102e-05,1,7.1102e-05,7.1102e-05,7.1102e-05,532,1,532,532,532,10,1,10,10,10
29,70,6.8069e-05,1,6.8069e-05,6.8069e-05,6.8069e-05,546,1,546,546,546,11,1,11,11,11
29,70,6.5777e-05,1,6.5777e-05,6.5777e-05,6.5777e-05,545,1,545,545,545,12,1,12,12,12
29,70,8.437e-05,1,8.437e-05,8.437e-05,8.437e-05,551,1,551,551,551,11,1,11,11,11
29,70,6.5412e-05,1,6.5412e-05,6.5412e-05,6.5412e-05,523,1,523,523,523,10,1,10,10,10
29,70,6.4928e-05,1,6.4928e-05,6.4928e-05,6.4928e-05,543,1,543,543,543,11,1,11,11,11
29,70,6.5764e-05,1,6.5764e-05,6.5764e-05,6.5764e-05,541,1,541,541,541,11,1,11,11,11
29,70,6.6009e-05,1,6.6009e-05,6.6009e-05,6.6009e-05,557,1,557,557,557,12,1,12,12,12
29,70,6.5584e-05,1,6.5584e-05,6.5584e-05,6.5584e-05,548,1,548,548,548,12,1,12,12,12
29,70,6.4207e-05,1,6.4207e-05,6.4207e-05,6.4207e-05,538,1,538,538,538,10,1,10,10,10
29,70,6.3441e-05,1,6.3441e-05,6.3441e-05,6.3441e-05,553,1,553,553,553,11,1,11,11,11
29,70,6.5538e-05,1,6.5538e-05,6.5538e-05,6.5538e-05,541,1,541,541,541,11,1,11,11,11
29,70,6.4875e-05,1,6.4875e-05,6.4875e-05,6.4875e-05,535,1,535,535,535,11,1,11,11,11
29,70,6.4571e-05,1,6.4571e-05,6.4571e-05,6.4571e-05,530,1,530,530,530,10,1,10,10,10
29,70,6.4573e-05,1,6.4573e-05,6.4573e-05,6.4573e-05,549,1,549,549,549,12,1,12,12,12
29,70,6.6757e-05,1,6.6757e-05,6.6757e-05,6.6757e-05,527,1,527,527,527,11,1,11,11,11
29,70,6.779e-05,1,6.779e-05,6.779e-05,6.779e-05,545,1,545,545,545,11,1,11,11,11
29,70,6.5502e-05,1,6.5502e-05,6.5502e-05,6.5502e-05,559,1,559,559,559,11,1,11,11,11
29,70,6.4851e-05,1,6.4851e-05,6.4851e-05,6.4851e-05,534,1,534,534,534,10,1,10,10,10
29,70,6.4934e-05,1,6.4934e-05,6.4934e-05,6.4934e-05,533,1,533,533,533,10,1,10,10,10
29,70,6.2755e-05,1,6.2755e-05,6.2755e-05,6.2755e-05,527,1,527,527,527,11,1,11,11,11
29,70,6.4766e-05,1,6.4766e-05,6.4766e-05,6.4766e-05,543,1,543,543,543,11,1,11,11,11
29,70,6.5485e-05,1,6.5485e-05,6.5485e-05,6.5485e-05,540,1,540,540,540,12,1,12,12,12
29,70,6.4977e-05,1,6.4977e-05,6.4977e-05,6.4977e-05,528,1,528,528,528,10,1,10,10,10
29,70,6.5931e-05,1,6.5931e-05,6.5931e-05,6.5931e-05,560,1,560,560,560,11,1,11,11,11
29,70,6.5233e-05,1,6.5233e-05,6.5233e-05,6.5233e-05,540,1,540,540,540,11,1,11,11,11
29,70,6.3613e-05,1,6.3613e-05,6.3613e-05,6.3613e-05,535,1,535,535,535,11,1,11,11,11
29,70,6.7529e-05,1,6.7529e-05,6.7529e-05,6.7529e-05,542,1,542,542,542,11,1,11,11,11
29,70,6.7936e-05,1,6.7936e-05,6.7936e-05,6.7936e-05,534,1,534,534,534,11,1,11,11,11
29,70,6.601e-05,1,6.601e-05,6.601e-05,6.601e-05,552,1,552,552,552,12,1,12,12,12
29,70,6.4944e-05,1,6.4944e-05,6.4944e-05,6.4944e-05,545,1,545,545,545,11,1,11,11,11
29,70,6.4249e-05,1,6.4249e-05,6.4249e-05,6.4249e-05,535,1,535,535,535,10,1,10,10,10
29,70,6.7082e-05,1,6.7082e-05,6.7082e-05,6.7082e-05,567,1,567,567,567,12,1,12,12,12
29,70,6.4669e-05,1,6.4669e-05,6.4669e-05,6.4669e-05,539,1,539,539,539,10,1,10,10,10
29,70,6.66e-05,1,6.66e-05,6.66e-05,6.66e-05,534,1,534,534,534,11,1,11,11,11
29,70,6.4189e-05,1,6.4189e-05,6.4189e-05,6.4189e-05,554,1,554,554,554,12,1,12,12,12
29,70,6.5388e-05,1,6.5388e-05,6.5388e-05,6.5388e-05,533,1,533,533,533,11,1,11,11,11
29,70,6.4916e-05,1,6.4916e-05,6.4916e-05,6.4916e-05,538,1,538,538,538,10,1,10,10,10
29,70,6.4971e-05,1,6.4971e-05,6.4971e-05,6.4971e-05,545,1,545,545,545,11,1,11,11,11
29,70,6.4395e-05,1,6.4395e-05,6.4395e-05,6.4395e-05,547,1,547,547,547,11,1,11,11,11
29,70,6.8753e-05,1,6.8753e-05,6.8753e-05,6.8753e-05,538,1,538,538,538,12,1,12,12,12
29,70,6.6628e-05,1,6.6628e-05,6.6628e-05,6.6628e-05,544,1,544,544,544,12,1,12,12,12
29,70,6.4521e-05,1,6.4521e-05,6.4521e-05,6.4521e-05,528,1,528,528,528,11,1,11,11,11
29,70,6.3802e-05,1,6.3802e-05,6.3802e-05,6.3802e-05,534,1,534,534,534,10,1,10,10,10
29,70,6.6378e-05,1,6.6378e-05,6.6378e-05,6.6378e-05,557,1,557,557,557,11,1,11,11,11
29,70,6.5792e-05,1,6.5792e-05,6.5792e-05,6.5792e-05,530,1,530,530,530,10,1,10,10,10
29,70,6.4289e-05,1,6.4289e-05,6.4289e-05,6.4289e-05,539,1,539,539,539,11,1,11,11,11
29,70,6.5079e-05,1,6.5079e-05,6.5079e-05,6.5079e-05,548,1,548,548,548,12,1,12,12,12
29,70,6.5094e-05,1,6.5094e-05,6.5094e-05,6.5094e-05,548,1,548,548,548,12,1,12,12,12
29,70,6.5799e-05,1,6.5799e-05,6.5799e-05,6.5799e-05,540,1,540,540,540,10,1,10,10,10
29,70,6.4926e-05,1,6.4926e-05,6.4926e-05,6.4926e-05,556,1,556,556,556,12,1,12,12,12
29,70,6.5439e-05,1,6.5439e-05,6.5439e-05,6.5439e-05,559,1,559,559,559,12,1,12,12,12
29,70,6.5222e-05,1,6.5222e-05,6.5222e-05,6.5222e-05,557,1,557,557,557,11,1,11,11,11
29,70,6.5685e-05,1,6.5685e-05,6.5685e-05,6.5685e-05,545,1,545,545,545,11,1,11,11,11
29,70,6.3441e-05,1,6.3441e-05,6.3441e-05,6.3441e-05,534,1,534,534,534,11,1,11,11,11
29,70,6.4105e-05,1,6.4105e-05,6.4105e-05,6.4105e-05,525,1,525,525,525,9,1,9,9,9
29,70,6.4432e-05,1,6.4432e-05,6.4432e-05,6.4432e-05,542,1,542,542,542,10,1,10,10,10
29,70,7.1841e-05,1,7.1841e-05,7.1841e-05,7.1841e-05,545,1,545,545,545,11,1,11,11,11
29,70,6.6006e-05,1,6.6006e-05,6.6006e-05,6.6006e-05,555,1,555,555,555,11,1,11,11,11
29,70,6.528e-05,1,6.528e-05,6.528e-05,6.528e-05,564,1,564,564,564,12,1,12,12,12
29,70,6.543e-05,1,6.543e-05,6.543e-05,6.543e-05,539,1,539,539,539,11,1,11,11,11
29,70,6.4921e-05,1,6.4921e-05,6.4921e-05,6.4921e-05,563,1,563,563,563,12,1,12,12,12
29,70,6.9634e-05,1,6.9634e-05,6.9634e-05,6.9634e-05,536,1,536,536,536,10,1,10,10,10
29,70,6.5e-05,1,6.5e-05,6.5e-05,6.5e-05,529,1,529,529,529,10,1,10,10,10
29,70,6.4795e-05,1,6.4795e-05,6.4795e-05,6.4795e-05,543,1,543,543,543,11,1,11,11,11
29,70,6.5434e-05,1,6.5434e-05,6.5434e-05,6.5434e-05,561,1,561,561,561,12,1,12,12,12
29,70,6.4312e-05,1,6.4312e-05,6.4312e-05,6.4312e-05,563,1,563,563,563,12,1,12,12,12
29,70,6.4344e-05,1,6.4344e-05,6.4344e-05,6.4344e-05,528,1,528,528,528,10,1,10,10,10
29,70,6.6242e-05,1,6.6242e-05,6.6242e-05,6.6242e-05,524,1,524,524,524,10,1,10,10,10
29,70,6.472e-05,1,6.472e-05,6.472e-05,6.472e-05,568,1,568,568,568,13,1,13,13,13
29,70,6.3389e-05,1,6.3389e-05,6.3389e-05,6.3389e-05,545,1,545,545,545,11,1,11,11,11
29,70,6.551e-05,1,6.551e-05,6.551e-05,6.551e-05,542,1,542,542,542,11,1,11,11,11
29,70,6.5176e-05,1,6.5176e-05,6.5176e-05,6.5176e-05,544,1,544,544,544,11,1,11,11,11
29,70,6.3967e-05,1,6.3967e-05,6.3967e-05,6.3967e-05,553,1,553,553,553,12,1,12,12,12
29,70,6.5326e-05,1,6.5326e-05,6.5326e-05,6.5326e-05,543,1,543,543,543,11,1,11,11,11
29,70,6.4963e-05,1,6.4963e-05,6.4963e-05,6.4963e-05,555,1,555,555,555,11,1,11,11,11
29,70,6.5351e-05,1,6.5351e-05,6.5351e-05,6.5351e-05,536,1,536,536,536,10,1,10,10,10
29,70,6.7308e-05,1,6.7308e-05,6.7308e-05,6.7308e-05,562,1,562,562,562,13,1,13,13,13
29,70,6.4871e-05,1,6.4871e-05,6.4871e-05,6.4871e-05,529,1,529,529,529,10,1,10,10,10
29,70,6.5698e-05,1,6.5698e-05,6.5698e-05,6.5698e-05,546,1,546,546,546,11,1,11,11,11
29,70,6.4863e-05,1,6.4863e-05,6.4863e-05,6.4863e-05,521,1,521,521,521,10,1,10,10,10
29,70,6.3763e-05,1,6.3763e-05,6.3763e-05,6.3763e-05,543,1,543,543,543,11,1,11,11,11
29,70,8.1487e-05,1,8.1487e-05,8.1487e-05,8.1487e-05,546,1,546,546,546,11,1,11,11,11
29,70,6.8329e-05,1,6.8329e-05,6.8329e-05,6.8329e-05,535,1,535,535,535,10,1,10,10,10
29,70,6.4209e-05,1,6.4209e-05,6.4209e-05,6.4209e-05,537,1,537,537,537,10,1,10,10,10
29,70,6.4061e-05,1,6.4061e-05,6.4061e-05,6.4061e-05,558,1,558,558,558,12,1,12,12,12
29,70,6.531e-05,1,6.531e-05,6.531e-05,6.531e-05,531,1,531,531,531,10,1,10,10,10
29,70,6.4476e-05,1,6.4476e-05,6.4476e-05,6.4476e-05,539,1,539,539,539,11,1,11,11,11
29,70,6.5939e-05,1,6.5939e-05,6.5939e-05,6.5939e-05,568,1,568,568,568,13,1,13,13,13
29,70,6.4732e-05,1,6.4732e-05,6.4732e-05,6.4732e-05,539,1,539,539,539,11,1,11,11,11
29,70,6.483e-05,1,6.483e-05,6.483e-05,6.483e-05,571,1,571,571,571,12,1,12,12,12
29,70,6.3797e-05,1,6.3797e-05,6.3797e-05,6.3797e-05,513,1,513,513,513,10,1,10,10,10
29,70,6.4461e-05,1,6.4461e-05,6.4461e-05,6.4461e-05,535,1,535,535,535,10,1,10,10,10
29,70,6.4896e-05,1,6.4896e-05,6.4896e-05,6.4896e-05,540,1,540,540,540,11,1,11,11,11
29,70,6.4954e-05,1,6.4954e-05,6.4954e-05,6.4954e-05,552,1,552,552,552,11,1,11,11,11
29,70,6.6555e-05,1,6.6555e-05,6.6555e-05,6.6555e-05,533,1,533,533,533,10,1,10,10,10
29,70,6.4564e-05,1,6.4564e-05,6.4564e-05,6.4564e-05,546,1,546,546,546,11,1,11,11,11
29,70,6.4789e-05,1,6.4789e-05,6.4789e-05,6.4789e-05,541,1,541,541,541,10,1,10,10,10
29,70,8.442e-05,1,8.442e-05,8.442e-05,8.442e-05,542,1,542,542,542,12,1,12,12,12
29,70,6.796e-05,1,6.796e-05,6.796e-05,6.796e-05,561,1,561,561,561,12,1,12,12,12
29,70,6.6075e-05,1,6.6075e-05,6.6075e-05,6.6075e-05,564,1,564,564,564,12,1,12,12,12
29,70,6.3894e-05,1,6.3894e-05,6.3894e-05,6.3894e-05,539,1,539,539,539,10,1,10,10,10
29,70,6.405e-05,1,6.405e-05,6.405e-05,6.405e-05,551,1,551,551,551,11,1,11,11,11
29,70,6.7194e-05,1,6.7194e-05,6.7194e-05,6.7194e-05,530,1,530,530,530,10,1,10,10,10
29,70,8.315e-05,1,8.315e-05,8.315e-05,8.315e-05,545,1,545,545,545,11,1,11,11,11
29,70,6.3706e-05,1,6.3706e-05,6.3706e-05,6.3706e-05,529,1,529,529,529,10,1,10,10,10
29,70,6.5458e-05,1,6.5458e-05,6.5458e-05,6.5458e-05,533,1,533,533,533,10,1,10,10,10
29,70,6.4218e-05,1,6.4218e-05,6.4218e-05,6.4218e-05,536,1,536,536,536,10,1,10,10,10
29,70,6.3497e-05,1,6.3497e-05,6.3497e-05,6.3497e-05,537,1,537,537,537,11,1,11,11,11
29,70,6.4768e-05,1,6.4768e-05,6.4768e-05,6.4768e-05,534,1,534,534,534,10,1,10,10,10
29,70,6.4266e-05,1,6.4266e-05,6.4266e-05,6.4266e-05,542,1,542,542,542,11,1,11,11,11
29,70,6.4644e-05,1,6.4644e-05,6.4644e-05,6.4644e-05,540,1,540,540,540,10,1,10,10,10
29,70,6.5991e-05,1,6.5991e-05,6.5991e-05,6.5991e-05,542,1,542,542,542,11,1,11,11,11
29,70,6.509e-05,1,6.509e-05,6.509e-05,6.509e-05,535,1,535,535,535,11,1,11,11,11
29,70,6.862e-05,1,6.862e-05,6.862e-05,6.862e-05,534,1,534,534,534,10,1,10,10,10
29,70,6.9356e-05,1,6.9356e-05,6.9356e-05,6.9356e-05,556,1,556,556,556,12,1,12,12,12
29,70,6.4862e-05,1,6.4862e-05,6.4862e-05,6.4862e-05,558,1,558,558,558,12,1,12,12,12
29,70,6.3819e-05,1,6.3819e-05,6.3819e-05,6.3819e-05,562,1,562,562,562,12,1,12,12,12
29,70,6.5256e-05,1,6.5256e-05,6.5256e-05,6.5256e-05,540,1,540,540,540,10,1,10,10,10
29,70,6.4876e-05,1,6.4876e-05,6.4876e-05,6.4876e-05,530,1,530,530,530,10,1,10,10,10
29,70,6.5818e-05,1,6.5818e-05,6.5818e-05,6.5818e-05,554,1,554,554,554,12,1,12,12,12
29,70,6.47e-05,1,6.47e-05,6.47e-05,6.47e-05,547,1,547,547,547,11,1,11,11,11
29,70,6.5391e-05,1,6.5391e-05,6.5391e-05,6.5391e-05,569,1,569,569,569,12,1,12,12,12
29,70,6.4678e-05,1,6.4678e-05,6.4678e-05,6.4678e-05,552,1,552,552,552,13,1,13,13,13
29,70,6.5141e-05,1,6.5141e-05,6.5141e-05,6.5141e-05,558,1,558,558,558,12,1,12,12,12
29,70,6.385e-05,1,6.385e-05,6.385e-05,6.385e-05,525,1,525,525,525,10,1,10,10,10
29,70,6.5564e-05,1,6.5564e-05,6.5564e-05,6.5564e-05,544,1,544,544,544,11,1,11,11,11
29,70,6.5218e-05,1,6.5218e-05,6.5218e-05,6.5218e-05,557,1,557,557,557,11,1,11,11,11
29,70,8.5013e-05,1,8.5013e-05,8.5013e-05,8.5013e-05,540,1,540,540,540,11,1,11,11,11
29,70,8.1901e-05,1,8.1901e-05,8.1901e-05,8.1901e-05,544,1,544,544,544,11,1,11,11,11
29,70,6.4711e-05,1,6.4711e-05,6.4711e-05,6.4711e-05,543,1,543,543,543,11,1,11,11,11
29,70,6.4271e-05,1,6.4271e-05,6.4271e-05,6.4271e-05,548,1,548,548,548,11,1,11,11,11
29,70,6.3414e-05,1,6.3414e-05,6.3414e-05,6.3414e-05,540,1,540,540,540,11,1,11,11,11
29,70,7.1447e-05,1,7.1447e-05,7.1447e-05,7.1447e-05,534,1,534,534,534,10,1,10,10,10
29,70,6.5537e-05,1,6.5537e-05,6.5537e-05,6.5537e-05,540,1,540,540,540,12,1,12,12,12
29,70,6.319e-05,1,6.319e-05,6.319e-05,6.319e-05,533,1,533,533,533,10,1,10,10,10
29,70,6.5223e-05,1,6.5223e-05,6.5223e-05,6.5223e-05,552,1,552,552,552,11,1,11,11,11
29,70,6.5404e-05,1,6.5404e-05,6.5404e-05,6.5404e-05,553,1,553,553,553,11,1,11,11,11
29,70,6.3914e-05,1,6.3914e-05,6.3914e-05,6.3914e-05,539,1,539,539,539,11,1,11,11,11
29,70,6.4653e-05,1,6.4653e-05,6.4653e-05,6.4653e-05,543,1,543,543,543,11,1,11,11,11
29,70,6.6532e-05,1,6.6532e-05,6.6532e-05,6.6532e-05,549,1,549,549,549,11,1,11,11,11
29,70,6.5688e-05,1,6.5688e-05,6.5688e-05,6.5688e-05,543,1,543,543,543,11,1,11,11,11
29,70,6.7815e-05,1,6.7815e-05,6.7815e-05,6.7815e-05,537,1,537,537,537,10,1,10,10,10
29,70,6.5044e-05,1,6.5044e-05,6.5044e-05,6.5044e-05,533,1,533,533,533,10,1,10,10,10
29,70,6.6708e-05,1,6.6708e-05,6.6708e-05,6.6708e-05,558,1,558,558,558,12,1,12,12,12
29,70,6.4773e-05,1,6.4773e-05,6.4773e-05,6.4773e-05,541,1,541,541,541,11,1,11,11,11
29,70,6.3822e-05,1,6.3822e-05,6.3822e-05,6.3822e-05,540,1,540,540,540,11,1,11,11,11
29,70,6.5648e-05,1,6.5648e-05,6.5648e-05,6.5648e-05,547,1,547,547,547,12,1,12,12,12
29,70,6.4868e-05,1,6.4868e-05,6.4868e-05,6.4868e-05,553,1,553,553,553,12,1,12,12,12
29,70,6.4835e-05,1,6.4835e-05,6.4835e-05,6.4835e-05,556,1,556,556,556,12,1,12,12,12
29,70,6.5208e-05,1,6.5208e-05,6.5208e-05,6.5208e-05,567,1,567,567,567,12,1,12,12,12
29,70,6.5012e-05,1,6.5012e-05,6.5012e-05,6.5012e-05,539,1,539,539,539,11,1,11,11,11
29,70,6.4501e-05,1,6.4501e-05,6.4501e-05,6.4501e-05,530,1,530,530,530,9,1,9,9,9
29,70,6.5853e-05,1,6.5853e-05,6.5853e-05,6.5853e-05,529,1,529,529,529,10,1,10,10,10
29,70,6.5552e-05,1,6.5552e-05,6.5552e-05,6.5552e-05,548,1,548,548,548,11,1,11,11,11
29,70,6.8647e-05,1,6.8647e-05,6.8647e-05,6.8647e-05,543,1,543,543,543,10,1,10,10,10
29,70,6.3857e-05,1,6.3857e-05,6.3857e-05,6.3857e-05,532,1,532,532,532,11,1,11,11,11
29,70,6.535e-05,1,6.535e-05,6.535e-05,6.535e-05,541,1,541,541,541,10,1,10,10,10
29,70,6.5267e-05,1,6.5267e-05,6.5267e-05,6.5267e-05,561,1,561,561,561,12,1,12,12,12
29,70,6.3614e-05,1,6.3614e-05,6.3614e-05,6.3614e-05,514,1,514,514,514,10,1,10,10,10
29,70,6.4318e-05,1,6.4318e-05,6.4318e-05,6.4318e-05,545,1,545,545,545,12,1,12,12,12
29,70,6.4655e-05,1,6.4655e-05,6.4655e-05,6.4655e-05,524,1,524,524,524,10,1,10,10,10
29,70,6.4819e-05,1,6.4819e-05,6.4819e-05,6.4819e-05,543,1,543,543,543,11,1,11,11,11
29,70,6.8593e-05,1,6.8593e-05,6.8593e-05,6.8593e-05,560,1,560,560,560,12,1,12,12,12
29,70,6.4994e-05,1,6.4994e-05,6.4994e-05,6.4994e-05,544,1,544,544,544,11,1,11,11,11
29,70,6.4754e-05,1,6.4754e-05,6.4754e-05,6.4754e-05,520,1,520,520,520,10,1,10,10,10
29,70,6.5551e-05,1,6.5551e-05,6.5551e-05,6.5551e-05,544,1,544,544,544,10,1,10,10,10
29,70,6.4356e-05,1,6.4356e-05,6.4356e-05,6.4356e-05,541,1,541,541,541,11,1,11,11,11
29,70,6.5573e-05,1,6.5573e-05,6.5573e-05,6.5573e-05,531,1,531,531,531,11,1,11,11,11
29,70,6.556e-05,1,6.556e-05,6.556e-05,6.556e-05,543,1,543,543,543,11,1,11,11,11
29,70,6.5908e-05,1,6.5908e-05,6.5908e-05,6.5908e-05,547,1,547,547,547,11,1,11,11,11
29,70,6.5518e-05,1,6.5518e-05,6.5518e-05,6.5518e-05,553,1,553,553,553,11,1,11,11,11
29,70,6.6765e-05,1,6.6765e-05,6.6765e-05,6.6765e-05,537,1,537,537,537,12,1,12,12,12
29,70,6.486e-05,1,6.486e-05,6.486e-05,6.486e-05,530,1,530,530,530,10,1,10,10,10
29,70,6.4525e-05,1,6.4525e-05,6.4525e-05,6.4525e-05,541,1,541,541,541,11,1,11,11,11
29,70,6.2912e-05,1,6.2912e-05,6.2912e-05,6.2912e-05,514,1,514,514,514,10,1,10,10,10
29,70,8.3226e-05,1,8.3226e-05,8.3226e-05,8.3226e-05,547,1,547,547,547,12,1,12,12,12
29,70,6.8176e-05,1,6.8176e-05,6.8176e-05,6.8176e-05,543,1,543,543,543,11,1,11,11,11
29,70,6.6754e-05,1,6.6754e-05,6.6754e-05,6.6754e-05,547,1,547,547,547,11,1,11,11,11
29,70,6.5568e-05,1,6.5568e-05,6.5568e-05,6.5568e-05,564,1,564,564,564,12,1,12,12,12
29,70,6.4948e-05,1,6.4948e-05,6.4948e-05,6.4948e-05,552,1,552,552,552,11,1,11,11,11
29,70,6.6763e-05,1,6.6763e-05,6.6763e-05,6.6763e-05,553,1,553,553,553,11,1,11,11,11
29,70,6.5152e-05,1,6.5152e-05,6.5152e-05,6.5152e-05,531,1,531,531,531,10,1,10,10,10
29,70,6.3652e-05,1,6.3652e-05,6.3652e-05,6.3652e-05,529,1,529,529,529,10,1,10,10,10
29,70,6.5048e-05,1,6.5048e-05,6.5048e-05,6.5048e-05,544,1,544,544,544,11,1,11,11,11
29,70,6.6891e-05,1,6.6891e-05,6.6891e-05,6.6891e-05,571,1,571,571,571,14,1,14,14,14
29,70,6.545e-05,1,6.545e-05,6.545e-05,6.545e-05,538,1,538,538,538,11,1,11,11,11
29,70,6.4959e-05,1,6.4959e-05,6.4959e-05,6.4959e-05,549,1,549,549,549,12,1,12,12,12
29,70,6.5012e-05,1,6.5012e-05,6.5012e-05,6.5012e-05,548,1,548,548,548,11,1,11,11,11
29,70,6.4014e-05,1,6.4014e-05,6.4014e-05,6.4014e-05,529,1,529,529,529,11,1,11,11,11
29,70,8.3093e-05,1,8.3093e-05,8.3093e-05,8.3093e-05,555,1,555,555,555,12,1,12,12,12
29,70,6.5045e-05,1,6.5045e-05,6.5045e-05,6.5045e-05,542,1,542,542,542,11,1,11,11,11
29,70,6.4641e-05,1,6.4641e-05,6.4641e-05,6.4641e-05,548,1,548,548,548,11,1,11,11,11
29,70,6.4894e-05,1,6.4894e-05,6.4894e-05,6.4894e-05,549,1,549,549,549,11,1,11,11,11
29,70,6.5524e-05,1,6.5524e-05,6.5524e-05,6.5524e-05,546,1,546,546,546,11,1,11,11,11
29,70,6.4805e-05,1,6.4805e-05,6.4805e-05,6.4805e-05,529,1,529,529,529,11,1,11,11,11
29,70,6.602e-05,1,6.602e-05,6.602e-05,6.602e-05,554,1,554,554,554,11,1,11,11,11
29,70,6.3277e-05,1,6.3277e-05,6.3277e-05,6.3277e-05,544,1,544,544,544,11,1,11,11,11
29,70,6.7177e-05,1,6.7177e-05,6.7177e-05,6.7177e-05,570,1,570,570,570,12,1,12,12,12
29,70,6.4195e-05,1,6.4195e-05,6.4195e-05,6.4195e-05,556,1,556,556,556,12,1,12,12,12
29,70,6.6134e-05,1,6.6134e-05,6.6134e-05,6.6134e-05,558,1,558,558,558,12,1,12,12,12
29,70,6.8277e-05,1,6.8277e-05,6.8277e-05,6.8277e-05,533,1,533,533,533,11,1,11,11,11
29,70,6.4783e-05,1,6.4783e-05,6.4783e-05,6.4783e-05,572,1,572,572,572,12,1,12,12,12
29,70,6.4351e-05,1,6.4351e-05,6.4351e-05,6.4351e-05,536,1,536,536,536,11,1,11,11,11
29,70,6.4691e-05,1,6.4691e-05,6.4691e-05,6.4691e-05,537,1,537,537,537,12,1,12,12,12
29,70,6.5017e-05,1,6.5017e-05,6.5017e-05,6.5017e-05,542,1,542,542,542,11,1,11,11,11
29,70,6.4587e-05,1,6.4587e-05,6.4587e-05,6.4587e-05,535,1,535,535,535,10,1,10,10,10
29,70,6.4172e-05,1,6.4172e-05,6.4172e-05,6.4172e-05,535,1,535,535,535,11,1,11,11,11
29,70,6.6383e-05,1,6.6383e-05,6.6383e-05,6.6383e-05,560,1,560,560,560,13,1,13,13,13
29,70,6.5926e-05,1,6.5926e-05,6.5926e-05,6.5926e-05,541,1,541,541,541,11,1,11,11,11
29,70,6.5466e-05,1,6.5466e-05,6.5466e-05,6.5466e-05,543,1,543,543,543,12,1,12,12,12
29,70,6.5454e-05,1,6.5454e-05,6.5454e-05,6.5454e-05,536,1,536,536,536,11,1,11,11,11
29,70,6.3865e-05,1,6.3865e-05,6.3865e-05,6.3865e-05,552,1,552,552,552,11,1,11,11,11
29,70,6.468e-05,1,6.468e-05,6.468e-05,6.468e-05,557,1,557,557,557,12,1,12,12,12
29,70,6.9151e-05,1,6.9151e-05,6.9151e-05,6.9151e-05,532,1,532,532,532,10,1,10,10,10
29,70,6.8417e-05,1,6.8417e-05,6.8417e-05,6.8417e-05,549,1,549,549,549,11,1,11,11,11
29,70,6.5123e-05,1,6.5123e-05,6.5123e-05,6.5123e-05,531,1,531,531,531,10,1,10,10,10
29,70,6.4209e-05,1,6.4209e-05,6.4209e-05,6.4209e-05,543,1,543,543,543,11,1,11,11,11
29,70,6.5922e-05,1,6.5922e-05,6.5922e-05,6.5922e-05,559,1,559,559,559,12,1,12,12,12
29,70,6.4745e-05,1,6.4745e-05,6.4745e-05,6.4745e-05,564,1,564,564,564,12,1,12,12,12
29,70,6.4677e-05,1,6.4677e-05,6.4677e-05,6.4677e-05,536,1,536,536,536,10,1,10,10,10
29,70,6.5797e-05,1,6.5797e-05,6.5797e-05,6.5797e-05,558,1,558,558,558,12,1,12,12,12
29,70,6.4854e-05,1,6.4854e-05,6.4854e-05,6.4854e-05,534,1,534,534,534,12,1,12,12,12
29,70,6.5023e-05,1,6.5023e-05,6.5023e-05,6.5023e-05,542,1,542,542,542,11,1,11,11,11
29,70,6.5055e-05,1,6.5055e-05,6.5055e-05,6.5055e-05,534,1,534,534,534,11,1,11,11,11
29,70,6.4544e-05,1,6.4544e-05,6.4544e-05,6.4544e-05,550,1,550,550,550,12,1,12,12,12
29,70,6.4485e-05,1,6.4485e-05,6.4485e-05,6.4485e-05,559,1,559,559,559,12,1,12,12,12
29,70,6.52e-05,1,6.52e-05,6.52e-05,6.52e-05,539,1,539,539,539,10,1,10,10,10
29,70,6.6313e-05,1,6.6313e-05,6.6313e-05,6.6313e-05,557,1,557,557,557,13,1,13,13,13
29,70,6.5705e-05,1,6.5705e-05,6.5705e-05,6.5705e-05,543,1,543,543,543,11,1,11,11,11
29,70,6.9634e-05,1,6.9634e-05,6.9634e-05,6.9634e-05,539,1,539,539,539,11,1,11,11,11
29,70,6.803e-05,1,6.803e-05,6.803e-05,6.803e-05,551,1,551,551,551,12,1,12,12,12
29,70,6.4154e-05,1,6.4154e-05,6.4154e-05,6.4154e-05,544,1,544,544,544,11,1,11,11,11
29,70,6.4965e-05,1,6.4965e-05,6.4965e-05,6.4965e-05,549,1,549,549,549,12,1,12,12,12
29,70,6.4514e-05,1,6.4514e-05,6.4514e-05,6.4514e-05,557,1,557,557,557,11,1,11,11,11
29,70,6.8146e-05,1,6.8146e-05,6.8146e-05,6.8146e-05,535,1,535,535,535,11,1,11,11,11
29,70,6.4433e-05,1,6.4433e-05,6.4433e-05,6.4433e-05,535,1,535,535,535,10,1,10,10,10
29,70,6.5026e-05,1,6.5026e-05,6.5026e-05,6.5026e-05,556,1,556,556,556,11,1,11,11,11
29,70,7.3429e-05,1,7.3429e-05,7.3429e-05,7.3429e-05,530,1,530,530,530,11,1,11,11,11
29,70,6.3333e-05,1,6.3333e-05,6.3333e-05,6.3333e-05,532,1,532,532,532,10,1,10,10,10
29,70,6.5437e-05,1,6.5437e-05,6.5437e-05,6.5437e-05,548,1,548,548,548,11,1,11,11,11
29,70,6.7936e-05,1,6.7936e-05,6.7936e-05,6.7936e-05,544,1,544,544,544,12,1,12,12,12
29,70,8.3863e-05,1,8.3863e-05,8.3863e-05,8.3863e-05,532,1,532,532,532,10,1,10,10,10
29,70,6.4049e-05,1,6.4049e-05,6.4049e-05,6.4049e-05,550,1,550,550,550,11,1,11,11,11
29,70,6.4783e-05,1,6.4783e-05,6.4783e-05,6.4783e-05,546,1,546,546,546,11,1,11,11,11
29,70,6.4793e-05,1,6.4793e-05,6.4793e-05,6.4793e-05,528,1,528,528,528,10,1,10,10,10
29,70,6.4003e-05,1,6.4003e-05,6.4003e-05,6.4003e-05,546,1,546,546,546,11,1,11,11,11
29,70,6.6837e-05,1,6.6837e-05,6.6837e-05,6.6837e-05,551,1,551,551,551,11,1,11,11,11
29,70,6.5988e-05,1,6.5988e-05,6.5988e-05,6.5988e-05,548,1,548,548,548,11,1,11,11,11
29,70,6.7267e-05,1,6.7267e-05,6.7267e-05,6.7267e-05,556,1,556,556,556,11,1,11,11,11
29,70,6.5862e-05,1,6.5862e-05,6.5862e-05,6.5862e-05,532,1,532,532,532,11,1,11,11,11
29,70,6.5779e-05,1,6.5779e-05,6.5779e-05,6.5779e-05,547,1,547,547,547,12,1,12,12,12
29,70,6.5354e-05,1,6.5354e-05,6.5354e-05,6.5354e-05,536,1,536,536,536,12,1,12,12,12
29,70,6.5047e-05,1,6.5047e-05,6.5047e-05,6.5047e-05,544,1,544,544,544,11,1,11,11,11
29,70,6.4371e-05,1,6.4371e-05,6.4371e-05,6.4371e-05,524,1,524,524,524,10,1,10,10,10
29,70,6.5757e-05,1,6.5757e-05,6.5757e-05,6.5757e-05,554,1,554,554,554,12,1,12,12,12
29,70,6.416e-05,1,6.416e-05,6.416e-05,6.416e-05,555,1,555,555,555,12,1,12,12,12
29,70,7.4081e-05,1,7.4081e-05,7.4081e-05,7.4081e-05,552,1,552,552,552,11,1,11,11,11
29,70,6.8611e-05,1,6.8611e-05,6.8611e-05,6.8611e-05,558,1,558,558,558,12,1,12,12,12
29,70,6.4349e-05,1,6.4349e-05,6.4349e-05,6.4349e-05,541,1,541,541,541,11,1,11,11,11
29,70,6.7057e-05,1,6.7057e-05,6.7057e-05,6.7057e-05,545,1,545,545,545,11,1,11,11,11
29,70,6.431e-05,1,6.431e-05,6.431e-05,6.431e-05,569,1,569,569,569,12,1,12,12,12
29,70,6.4875e-05,1,6.4875e-05,6.4875e-05,6.4875e-05,544,1,544,544,544,11,1,11,11,11
29,70,6.4985e-05,1,6.4985e-05,6.4985e-05,6.4985e-05,542,1,542,542,542,11,1,11,11,11
29,70,6.6382e-05,1,6.6382e-05,6.6382e-05,6.6382e-05,569,1,569,569,569,12,1,12,12,12
29,70,6.6308e-05,1,6.6308e-05,6.6308e-05,6.6308e-05,551,1,551,551,551,10,1,10,10,10
29,70,6.3337e-05,1,6.3337e-05,6.3337e-05,6.3337e-05,538,1,538,538,538,11,1,11,11,11
29,70,6.5103e-05,1,6.5103e-05,6.5103e-05,6.5103e-05,550,1,550,550,550,12,1,12,12,12
29,70,6.4005e-05,1,6.4005e-05,6.4005e-05,6.4005e-05,555,1,555,555,555,11,1,11,11,11
29,70,6.3191e-05,1,6.3191e-05,6.3191e-05,6.3191e-05,541,1,541,541,541,11,1,11,11,11
29,70,6.534e-05,1,6.534e-05,6.534e-05,6.534e-05,546,1,546,546,546,11,1,11,11,11
29,70,6.4343e-05,1,6.4343e-05,6.4343e-05,6.4343e-05,543,1,543,543,543,11,1,11,11,11
29,70,6.6569e-05,1,6.6569e-05,6.6569e-05,6.6569e-05,546,1,546,546,546,11,1,11,11,11
29,70,6.626e-05,1,6.626e-05,6.626e-05,6.626e-05,550,1,550,550,550,11,1,11,11,11
29,70,6.4326e-05,1,6.4326e-05,6.4326e-05,6.4326e-05,537,1,537,537,537,11,1,11,11,11
29,70,6.3709e-05,1,6.3709e-05,6.3709e-05,6.3709e-05,509,1,509,509,509,9,1,9,9,9
29,70,6.5661e-05,1,6.5661e-05,6.5661e-05,6.5661e-05,557,1,557,557,557,11,1,11,11,11
29,70,6.5808e-05,1,6.5808e-05,6.5808e-05,6.5808e-05,558,1,558,558,558,12,1,12,12,12
29,70,8.2266e-05,1,8.2266e-05,8.2266e-05,8.2266e-05,512,1,512,512,512,9,1,9,9,9
29,70,8.5502e-05,1,8.5502e-05,8.5502e-05,8.5502e-05,536,1,536,536,536,10,1,10,10,10
29,70,6.4275e-05,1,6.4275e-05,6.4275e-05,6.4275e-05,548,1,548,548,548,11,1,11,11,11
29,70,6.3594e-05,1,6.3594e-05,6.3594e-05,6.3594e-05,539,1,539,539,539,10,1,10,10,10
29,70,6.4046e-05,1,6.4046e-05,6.4046e-05,6.4046e-05,547,1,547,547,547,11,1,11,11,11
29,70,6.5292e-05,1,6.5292e-05,6.5292e-05,6.5292e-05,548,1,548,548,548,11,1,11,11,11
29,70,6.4923e-05,1,6.4923e-05,6.4923e-05,6.4923e-05,530,1,530,530,530,10,1,10,10,10
29,70,6.8347e-05,1,6.8347e-05,6.8347e-05,6.8347e-05,550,1,550,550,550,11,1,11,11,11
29,70,6.7742e-05,1,6.7742e-05,6.7742e-05,6.7742e-05,544,1,544,544,544,11,1,11,11,11
29,70,6.8522e-05,1,6.8522e-05,6.8522e-05,6.8522e-05,546,1,546,546,546,11,1,11,11,11
29,70,6.6186e-05,1,6.6186e-05,6.6186e-05,6.6186e-05,545,1,545,545,545,11,1,11,11,11
29,70,6.54e-05,1,6.54e-05,6.54e-05,6.54e-05,539,1,539,539,539,11,1,11,11,11
29,70,6.4394e-05,1,6.4394e-05,6.4394e-05,6.4394e-05,525,1,525,525,525,10,1,10,10,10
29,70,6.4555e-05,1,6.4555e-05,6.4555e-05,6.4555e-05,537,1,537,537,537,11,1,11,11,11
29,70,6.4636e-05,1,6.4636e-05,6.4636e-05,6.4636e-05,547,1,547,547,547,11,1,11,11,11
29,70,6.4611e-05,1,6.4611e-05,6.4611e-05,6.4611e-05,556,1,556,556,556,12,1,12,12,12
29,70,6.461e-05,1,6.461e-05,6.461e-05,6.461e-05,538,1,538,538,538,11,1,11,11,11
29,70,7.2901e-05,1,7.2901e-05,7.2901e-05,7.2901e-05,544,1,544,544,544,11,1,11,11,11
29,70,6.4458e-05,1,6.4458e-05,6.4458e-05,6.4458e-05,533,1,533,533,533,10,1,10,10,10
29,70,6.5139e-05,1,6.5139e-05,6.5139e-05,6.5139e-05,545,1,545,545,545,11,1,11,11,11
29,70,6.5244e-05,1,6.5244e-05,6.5244e-05,6.5244e-05,558,1,558,558,558,11,1,11,11,11
29,70,6.7827e-05,1,6.7827e-05,6.7827e-05,6.7827e-05,543,1,543,543,543,11,1,11,11,11
29,70,8.159e-05,1,8.159e-05,8.159e-05,8.159e-05,525,1,525,525,525,10,1,10,10,10
29,70,6.4545e-05,1,6.4545e-05,6.4545e-05,6.4545e-05,535,1,535,535,535,10,1,10,10,10
29,70,6.4541e-05,1,6.4541e-05,6.4541e-05,6.4541e-05,537,1,537,537,537,11,1,11,11,11
29,70,6.4677e-05,1,6.4677e-05,6.4677e-05,6.4677e-05,547,1,547,547,547,11,1,11,11,11
29,70,6.5889e-05,1,6.5889e-05,6.5889e-05,6.5889e-05,545,1,545,545,545,11,1,11,11,11
29,70,6.5862e-05,1,6.5862e-05,6.5862e-05,6.5862e-05,538,1,538,538,538,10,1,10,10,10
29,70,6.5193e-05,1,6.5193e-05,6.5193e-05,6.5193e-05,539,1,539,539,539,11,1,11,11,11
29,70,6.4308e-05,1,6.4308e-05,6.4308e-05,6.4308e-05,548,1,548,548,548,11,1,11,11,11
29,70,6.2939e-05,1,6.2939e-05,6.2939e-05,6.2939e-05,536,1,536,536,536,11,1,11,11,11
29,70,6.3648e-05,1,6.3648e-05,6.3648e-05,6.3648e-05,550,1,550,550,550,11,1,11,11,11
29,70,6.5762e-05,1,6.5762e-05,6.5762e-05,6.5762e-05,539,1,539,539,539,11,1,11,11,11
29,70,6.447e-05,1,6.447e-05,6.447e-05,6.447e-05,557,1,557,557,557,12,1,12,12,12
29,70,6.4577e-05,1,6.4577e-05,6.4577e-05,6.4577e-05,547,1,547,547,547,11,1,11,11,11
29,70,6.4319e-05,1,6.4319e-05,6.4319e-05,6.4319e-05,539,1,539,539,539,11,1,11,11,11
29,70,6.5609e-05,1,6.5609e-05,6.5609e-05,6.5609e-05,557,1,557,557,557,12,1,12,12,12
29,70,6.5246e-05,1,6.5246e-05,6.5246e-05,6.5246e-05,550,1,550,550,550,11,1,11,11,11
29,70,6.4544e-05,1,6.4544e-05,6.4544e-05,6.4544e-05,522,1,522,522,522,10,1,10,10,10
29,70,6.8279e-05,1,6.8279e-05,6.8279e-05,6.8279e-05,535,1,535,535,535,11,1,11,11,11
29,70,6.3079e-05,1,6.3079e-05,6.3079e-05,6.3079e-05,515,1,515,515,515,9,1,9,9,9
29,70,6.5818e-05,1,6.5818e-05,6.5818e-05,6.5818e-05,551,1,551,551,551,12,1,12,12,12
29,70,6.3906e-05,1,6.3906e-05,6.3906e-05,6.3906e-05,538,1,538,538,538,10,1,10,10,10
29,70,6.4492e-05,1,6.4492e-05,6.4492e-05,6.4492e-05,539,1,539,539,539,11,1,11,11,11
29,70,6.846e-05,1,6.846e-05,6.846e-05,6.846e-05,573,1,573,573,573,12,1,12,12,12
29,70,6.542e-05,1,6.542e-05,6.542e-05,6.542e-05,575,1,575,575,575,13,1,13,13,13
29,70,6.4722e-05,1,6.4722e-05,6.4722e-05,6.4722e-05,538,1,538,538,538,11,1,11,11,11
29,70,6.5152e-05,1,6.5152e-05,6.5152e-05,6.5152e-05,544,1,544,544,544,11,1,11,11,11
29,70,6.7103e-05,1,6.7103e-05,6.7103e-05,6.7103e-05,551,1,551,551,551,12,1,12,12,12
29,70,6.3184e-05,1,6.3184e-05,6.3184e-05,6.3184e-05,557,1,557,557,557,12,1,12,12,12
29,70,6.5061e-05,1,6.5061e-05,6.5061e-05,6.5061e-05,558,1,558,558,558,11,1,11,11,11
29,70,6.6524e-05,1,6.6524e-05,6.6524e-05,6.6524e-05,524,1,524,524,524,10,1,10,10,10
29,70,6.7127e-05,1,6.7127e-05,6.7127e-05,6.7127e-05,550,1,550,550,550,11,1,11,11,11
29,70,6.4731e-05,1,6.4731e-05,6.4731e-05,6.4731e-05,545,1,545,545,545,12,1,12,12,12
29,70,6.4321e-05,1,6.4321e-05,6.4321e-05,6.4321e-05,542,1,542,542,542,11,1,11,11,11
29,70,6.4143e-05,1,6.4143e-05,6.4143e-05,6.4143e-05,531,1,531,531,531,11,1,11,11,11
29,70,6.459e-05,1,6.459e-05,6.459e-05,6.459e-05,537,1,537,537,537,10,1,10,10,10
29,70,6.4514e-05,1,6.4514e-05,6.4514e-05,6.4514e-05,523,1,523,523,523,9,1,9,9,9
29,70,6.4307e-05,1,6.4307e-05,6.4307e-05,6.4307e-05,542,1,542,542,542,11,1,11,11,11
29,70,6.5413e-05,1,6.5413e-05,6.5413e-05,6.5413e-05,575,1,575,575,575,13,1,13,13,13
29,70,6.48e-05,1,6.48e-05,6.48e-05,6.48e-05,549,1,549,549,549,11,1,11,11,11
29,70,6.4816e-05,1,6.4816e-05,6.4816e-05,6.4816e-05,563,1,563,563,563,12,1,12,12,12
29,70,6.4738e-05,1,6.4738e-05,6.4738e-05,6.4738e-05,548,1,548,548,548,11,1,11,11,11
29,70,6.8644e-05,1,6.8644e-05,6.8644e-05,6.8644e-05,541,1,541,541,541,11,1,11,11,11
29,70,8.2906e-05,1,8.2906e-05,8.2906e-05,8.2906e-05,534,1,534,534,534,11,1,11,11,11
29,70,6.5087e-05,1,6.5087e-05,6.5087e-05,6.5087e-05,542,1,542,542,542,11,1,11,11,11
29,70,6.484e-05,1,6.484e-05,6.484e-05,6.484e-05,556,1,556,556,556,13,1,13,13,13
29,70,6.6032e-05,1,6.6032e-05,6.6032e-05,6.6032e-05,566,1,566,566,566,12,1,12,12,12
29,70,6.4827e-05,1,6.4827e-05,6.4827e-05,6.4827e-05,542,1,542,542,542,11,1,11,11,11
29,70,6.5431e-05,1,6.5431e-05,6.5431e-05,6.5431e-05,571,1,571,571,571,12,1,12,12,12
29,70,6.4924e-05,1,6.4924e-05,6.4924e-05,6.4924e-05,551,1,551,551,551,11,1,11,11,11
29,70,6.3588e-05,1,6.3588e-05,6.3588e-05,6.3588e-05,542,1,542,542,542,11,1,11,11,11
29,70,6.7729e-05,1,6.7729e-05,6.7729e-05,6.7729e-05,545,1,545,545,545,12,1,12,12,12
29,70,6.6144e-05,1,6.6144e-05,6.6144e-05,6.6144e-05,537,1,537,537,537,11,1,11,11,11
29,70,6.5321e-05,1,6.5321e-05,6.5321e-05,6.5321e-05,567,1,567,567,567,13,1,13,13,13
29,70,6.3776e-05,1,6.3776e-05,6.3776e-05,6.3776e-05,543,1,543,543,543,11,1,11,11,11
29,70,6.354e-05,1,6.354e-05,6.354e-05,6.354e-05,528,1,528,528,528,10,1,10,10,10
29,70,6.4244e-05,1,6.4244e-05,6.4244e-05,6.4244e-05,539,1,539,539,539,11,1,11,11,11
29,70,8.4129e-05,1,8.4129e-05,8.4129e-05,8.4129e-05,534,1,534,534,534,11,1,11,11,11
29,70,6.5843e-05,1,6.5843e-05,6.5843e-05,6.5843e-05,550,1,550,550,550,11,1,11,11,11
29,70,6.5102e-05,1,6.5102e-05,6.5102e-05,6.5102e-05,521,1,521,521,521,10,1,10,10,10
29,70,6.5681e-05,1,6.5681e-05,6.5681e-05,6.5681e-05,558,1,558,558,558,12,1,12,12,12
29,70,6.4891e-05,1,6.4891e-05,6.4891e-05,6.4891e-05,552,1,552,552,552,11,1,11,11,11
29,70,6.6248e-05,1,6.6248e-05,6.6248e-05,6.6248e-05,557,1,557,557,557,12,1,12,12,12
29,70,6.465e-05,1,6.465e-05,6.465e-05,6.465e-05,546,1,546,546,546,11,1,11,11,11
29,70,6.6517e-05,1,6.6517e-05,6.6517e-05,6.6517e-05,548,1,548,548,548,11,1,11,11,11
29,70,6.3398e-05,1,6.3398e-05,6.3398e-05,6.3398e-05,530,1,530,530,530,9,1,9,9,9
29,70,6.4166e-05,1,6.4166e-05,6.4166e-05,6.4166e-05,563,1,563,563,563,12,1,12,12,12
29,70,6.4849e-05,1,6.4849e-05,6.4849e-05,6.4849e-05,552,1,552,552,552,11,1,11,11,11
29,70,6.5055e-05,1,6.5055e-05,6.5055e-05,6.5055e-05,540,1,540,540,540,11,1,11,11,11
29,70,6.6311e-05,1,6.6311e-05,6.6311e-05,6.6311e-05,555,1,555,555,555,12,1,12,12,12
29,70,6.4485e-05,1,6.4485e-05,6.4485e-05,6.4485e-05,538,1,538,538,538,11,1,11,11,11
29,70,6.4921e-05,1,6.4921e-05,6.4921e-05,6.4921e-05,546,1,546,546,546,12,1,12,12,12
29,70,6.3428e-05,1,6.3428e-05,6.3428e-05,6.3428e-05,527,1,527,527,527,10,1,10,10,10
29,70,6.8331e-05,1,6.8331e-05,6.8331e-05,6.8331e-05,553,1,553,553,553,11,1,11,11,11
29,70,6.6688e-05,1,6.6688e-05,6.6688e-05,6.6688e-05,553,1,553,553,553,12,1,12,12,12
29,70,6.481e-05,1,6.481e-05,6.481e-05,6.481e-05,554,1,554,554,554,12,1,12,12,12
29,70,6.5227e-05,1,6.5227e-05,6.5227e-05,6.5227e-05,562,1,562,562,562,12,1,12,12,12
29,70,6.6062e-05,1,6.6062e-05,6.6062e-05,6.6062e-05,547,1,547,547,547,11,1,11,11,11
29,70,6.5426e-05,1,6.5426e-05,6.5426e-05,6.5426e-05,548,1,548,548,548,13,1,13,13,13
29,70,6.4963e-05,1,6.4963e-05,6.4963e-05,6.4963e-05,553,1,553,553,553,12,1,12,12,12
29,70,6.4529e-05,1,6.4529e-05,6.4529e-05,6.4529e-05,561,1,561,561,561,12,1,12,12,12
29,70,6.5879e-05,1,6.5879e-05,6.5879e-05,6.5879e-05,562,1,562,562,562,12,1,12,12,12
29,70,6.8865e-05,1,6.8865e-05,6.8865e-05,6.8865e-05,554,1,554,554,554,11,1,11,11,11
29,70,6.7539e-05,1,6.7539e-05,6.7539e-05,6.7539e-05,521,1,521,521,521,10,1,10,10,10
29,70,6.4347e-05,1,6.4347e-05,6.4347e-05,6.4347e-05,545,1,545,545,545,10,1,10,10,10
29,70,6.4587e-05,1,6.4587e-05,6.4587e-05,6.4587e-05,553,1,553,553,553,12,1,12,12,12
29,70,6.5312e-05,1,6.5312e-05,6.5312e-05,6.5312e-05,529,1,529,529,529,10,1,10,10,10
29,70,6.479e-05,1,6.479e-05,6.479e-05,6.479e-05,539,1,539,539,539,10,1,10,10,10
29,70,6.4803e-05,1,6.4803e-05,6.4803e-05,6.4803e-05,551,1,551,551,551,11,1,11,11,11
29,70,6.3765e-05,1,6.3765e-05,6.3765e-05,6.3765e-05,548,1,548,548,548,11,1,11,11,11
29,70,6.529e-05,1,6.529e-05,6.529e-05,6.529e-05,534,1,534,534,534,10,1,10,10,10
29,70,6.4463e-05,1,6.4463e-05,6.4463e-05,6.4463e-05,563,1,563,563,563,13,1,13,13,13
29,70,6.607e-05,1,6.607e-05,6.607e-05,6.607e-05,571,1,571,571,571,13,1,13,13,13
29,70,6.4296e-05,1,6.4296e-05,6.4296e-05,6.4296e-05,539,1,539,539,539,11,1,11,11,11
29,70,6.587e-05,1,6.587e-05,6.587e-05,6.587e-05,536,1,536,536,536,10,1,10,10,10
29,70,6.5104e-05,1,6.5104e-05,6.5104e-05,6.5104e-05,557,1,557,557,557,11,1,11,11,11
29,70,6.5603e-05,1,6.5603e-05,6.5603e-05,6.5603e-05,562,1,562,562,562,12,1,12,12,12
29,70,6.3976e-05,1,6.3976e-05,6.3976e-05,6.3976e-05,531,1,531,531,531,10,1,10,10,10
29,70,8.4429e-05,1,8.4429e-05,8.4429e-05,8.4429e-05,526,1,526,526,526,10,1,10,10,10
29,70,6.7737e-05,1,6.7737e-05,6.7737e-05,6.7737e-05,531,1,531,531,531,10,1,10,10,10
29,70,6.3759e-05,1,6.3759e-05,6.3759e-05,6.3759e-05,527,1,527,527,527,10,1,10,10,10
29,70,6.5735e-05,1,6.5735e-05,6.5735e-05,6.5735e-05,539,1,539,539,539,10,1,10,10,10
29,70,6.4834e-05,1,6.4834e-05,6.4834e-05,6.4834e-05,553,1,553,553,553,12,1,12,12,12
29,70,6.5268e-05,1,6.5268e-05,6.5268e-05,6.5268e-05,543,1,543,543,543,11,1,11,11,11
29,70,6.5875e-05,1,6.5875e-05,6.5875e-05,6.5875e-05,547,1,547,547,547,11,1,11,11,11
29,70,6.629e-05,1,6.629e-05,6.629e-05,6.629e-05,571,1,571,571,571,13,1,13,13,13
29,70,6.3386e-05,1,6.3386e-05,6.3386e-05,6.3386e-05,542,1,542,542,542,11,1,11,11,11
29,70,6.511e-05,1,6.511e-05,6.511e-05,6.511e-05,534,1,534,534,534,10,1,10,10,10
29,70,6.4254e-05,1,6.4254e-05,6.4254e-05,6.4254e-05,551,1,551,551,551,11,1,11,11,11
29,70,6.4437e-05,1,6.4437e-05,6.4437e-05,6.4437e-05,534,1,534,534,534,10,1,10,10,10
29,70,6.5192e-05,1,6.5192e-05,6.5192e-05,6.5192e-05,576,1,576,576,576,13,1,13,13,13
29,70,6.4403e-05,1,6.4403e-05,6.4403e-05,6.4403e-05,531,1,531,531,531,10,1,10,10,10
29,70,6.4869e-05,1,6.4869e-05,6.4869e-05,6.4869e-05,528,1,528,528,528,10,1,10,10,10
29,70,6.4665e-05,1,6.4665e-05,6.4665e-05,6.4665e-05,551,1,551,551,551,11,1,11,11,11
29,70,6.359e-05,1,6.359e-05,6.359e-05,6.359e-05,538,1,538,538,538,10,1,10,10,10
29,70,6.457e-05,1,6.457e-05,6.457e-05,6.457e-05,542,1,542,542,542,11,1,11,11,11
29,70,6.8028e-05,1,6.8028e-05,6.8028e-05,6.8028e-05,553,1,553,553,553,12,1,12,12,12
29,70,6.6076e-05,1,6.6076e-05,6.6076e-05,6.6076e-05,543,1,543,543,543,10,1,10,10,10
29,70,6.5608e-05,1,6.5608e-05,6.5608e-05,6.5608e-05,539,1,539,539,539,10,1,10,10,10
29,70,6.5242e-05,1,6.5242e-05,6.5242e-05,6.5242e-05,558,1,558,558,558,12,1,12,12,12
29,70,6.4889e-05,1,6.4889e-05,6.4889e-05,6.4889e-05,535,1,535,535,535,11,1,11,11,11
29,70,6.4046e-05,1,6.4046e-05,6.4046e-05,6.4046e-05,543,1,543,543,543,10,1,10,10,10
29,70,6.4464e-05,1,6.4464e-05,6.4464e-05,6.4464e-05,537,1,537,537,537,11,1,11,11,11
29,70,6.363e-05,1,6.363e-05,6.363e-05,6.363e-05,530,1,530,530,530,11,1,11,11,11
29,70,6.6587e-05,1,6.6587e-05,6.6587e-05,6.6587e-05,557,1,557,557,557,11,1,11,11,11
29,70,6.5324e-05,1,6.5324e-05,6.5324e-05,6.5324e-05,557,1,557,557,557,13,1,13,13,13
29,70,6.4937e-05,1,6.4937e-05,6.4937e-05,6.4937e-05,555,1,555,555,555,11,1,11,11,11
29,70,6.7463e-05,1,6.7463e-05,6.7463e-05,6.7463e-05,539,1,539,539,539,11,1,11,11,11
29,70,6.5013e-05,1,6.5013e-05,6.5013e-05,6.5013e-05,560,1,560,560,560,12,1,12,12,12
29,70,6.5494e-05,1,6.5494e-05,6.5494e-05,6.5494e-05,547,1,547,547,547,12,1,12,12,12
29,70,6.6074e-05,1,6.6074e-05,6.6074e-05,6.6074e-05,549,1,549,549,549,11,1,11,11,11
29,70,6.4932e-05,1,6.4932e-05,6.4932e-05,6.4932e-05,557,1,557,557,557,11,1,11,11,11
29,70,6.3623e-05,1,6.3623e-05,6.3623e-05,6.3623e-05,531,1,531,531,531,11,1,11,11,11
29,70,6.4596e-05,1,6.4596e-05,6.4596e-05,6.4596e-05,549,1,549,549,549,11,1,11,11,11
29,70,6.802e-05,1,6.802e-05,6.802e-05,6.802e-05,544,1,544,544,544,11,1,11,11,11
29,70,6.3979e-05,1,6.3979e-05,6.3979e-05,6.3979e-05,533,1,533,533,533,11,1,11,11,11
29,70,6.6103e-05,1,6.6103e-05,6.6103e-05,6.6103e-05,550,1,550,550,550,12,1,12,12,12
29,70,6.3946e-05,1,6.3946e-05,6.3946e-05,6.3946e-05,534,1,534,534,534,10,1,10,10,10
29,70,6.5101e-05,1,6.5101e-05,6.5101e-05,6.5101e-05,535,1,535,535,535,11,1,11,11,11
29,70,7.1882e-05,1,7.1882e-05,7.1882e-05,7.1882e-05,540,1,540,540,540,11,1,11,11,11
29,70,6.7624e-05,1,6.7624e-05,6.7624e-05,6.7624e-05,536,1,536,536,536,10,1,10,10,10
29,70,6.9204e-05,1,6.9204e-05,6.9204e-05,6.9204e-05,542,1,542,542,542,11,1,11,11,11
29,70,6.4735e-05,1,6.4735e-05,6.4735e-05,6.4735e-05,525,1,525,525,525,10,1,10,10,10
29,70,6.4068e-05,1,6.4068e-05,6.4068e-05,6.4068e-05,557,1,557,557,557,11,1,11,11,11
29,70,6.4077e-05,1,6.4077e-05,6.4077e-05,6.4077e-05,530,1,530,530,530,11,1,11,11,11
29,70,6.3928e-05,1,6.3928e-05,6.3928e-05,6.3928e-05,532,1,532,532,532,11,1,11,11,11
29,70,6.4626e-05,1,6.4626e-05,6.4626e-05,6.4626e-05,572,1,572,572,572,13,1,13,13,13
29,70,6.3562e-05,1,6.3562e-05,6.3562e-05,6.3562e-05,549,1,549,549,549,10,1,10,10,10
29,70,6.4681e-05,1,6.4681e-05,6.4681e-05,6.4681e-05,551,1,551,551,551,11,1,11,11,11
29,70,6.4717e-05,1,6.4717e-05,6.4717e-05,6.4717e-05,535,1,535,535,535,11,1,11,11,11
29,70,8.4163e-05,1,8.4163e-05,8.4163e-05,8.4163e-05,526,1,526,526,526,10,1,10,10,10
29,70,6.9208e-05,1,6.9208e-05,6.9208e-05,6.9208e-05,547,1,547,547,547,12,1,12,12,12
29,70,6.3822e-05,1,6.3822e-05,6.3822e-05,6.3822e-05,535,1,535,535,535,10,1,10,10,10
29,70,6.4865e-05,1,6.4865e-05,6.4865e-05,6.4865e-05,528,1,528,528,528,10,1,10,10,10
29,70,6.4248e-05,1,6.4248e-05,6.4248e-05,6.4248e-05,547,1,547,547,547,12,1,12,12,12
29,70,6.6394e-05,1,6.6394e-05,6.6394e-05,6.6394e-05,555,1,555,555,555,11,1,11,11,11
29,70,6.5884e-05,1,6.5884e-05,6.5884e-05,6.5884e-05,549,1,549,549,549,12,1,12,12,12
29,70,6.569e-05,1,6.569e-05,6.569e-05,6.569e-05,541,1,541,541,541,11,1,11,11,11
29,70,6.7318e-05,1,6.7318e-05,6.7318e-05,6.7318e-05,532,1,532,532,532,11,1,11,11,11
29,70,6.4678e-05,1,6.4678e-05,6.4678e-05,6.4678e-05,527,1,527,527,527,10,1,10,10,10
29,70,6.4307e-05,1,6.4307e-05,6.4307e-05,6.4307e-05,532,1,532,532,532,10,1,10,10,10
29,70,6.4755e-05,1,6.4755e-05,6.4755e-05,6.4755e-05,548,1,548,548,548,11,1,11,11,11
29,70,6.5395e-05,1,6.5395e-05,6.5395e-05,6.5395e-05,548,1,548,548,548,12,1,12,12,12
29,70,6.4721e-05,1,6.4721e-05,6.4721e-05,6.4721e-05,539,1,539,539,539,11,1,11,11,11
29,70,6.2725e-05,1,6.2725e-05,6.2725e-05,6.2725e-05,548,1,548,548,548,11,1,11,11,11
29,70,6.4294e-05,1,6.4294e-05,6.4294e-05,6.4294e-05,552,1,552,552,552,12,1,12,12,12
29,70,6.5182e-05,1,6.5182e-05,6.5182e-05,6.5182e-05,535,1,535,535,535,11,1,11,11,11
29,70,6.5672e-05,1,6.5672e-05,6.5672e-05,6.5672e-05,540,1,540,540,540,11,1,11,11,11
29,70,6.452e-05,1,6.452e-05,6.452e-05,6.452e-05,532,1,532,532,532,10,1,10,10,10
29,70,6.5257e-05,1,6.5257e-05,6.5257e-05,6.5257e-05,550,1,550,550,550,12,1,12,12,12
29,70,6.7324e-05,1,6.7324e-05,6.7324e-05,6.7324e-05,534,1,534,534,534,11,1,11,11,11
29,70,6.5758e-05,1,6.5758e-05,6.5758e-05,6.5758e-05,544,1,544,544,544,11,1,11,11,11
29,70,6.5122e-05,1,6.5122e-05,6.5122e-05,6.5122e-05,527,1,527,527,527,10,1,10,10,10
29,70,6.3217e-05,1,6.3217e-05,6.3217e-05,6.3217e-05,533,1,533,533,533,10,1,10,10,10
29,70,6.4516e-05,1,6.4516e-05,6.4516e-05,6.4516e-05,556,1,556,556,556,12,1,12,12,12
29,70,6.5151e-05,1,6.5151e-05,6.5151e-05,6.5151e-05,559,1,559,559,559,10,1,10,10,10
29,70,6.5712e-05,1,6.5712e-05,6.5712e-05,6.5712e-05,554,1,554,554,554,11,1,11,11,11
29,70,6.2752e-05,1,6.2752e-05,6.2752e-05,6.2752e-05,527,1,527,527,527,10,1,10,10,10
29,70,6.5058e-05,1,6.5058e-05,6.5058e-05,6.5058e-05,544,1,544,544,544,12,1,12,12,12
29,70,6.5163e-05,1,6.5163e-05,6.5163e-05,6.5163e-05,573,1,573,573,573,12,1,12,12,12
29,70,6.5813e-05,1,6.5813e-05,6.5813e-05,6.5813e-05,543,1,543,543,543,11,1,11,11,11
29,70,6.5028e-05,1,6.5028e-05,6.5028e-05,6.5028e-05,554,1,554,554,554,12,1,12,12,12
29,70,6.6151e-05,1,6.6151e-05,6.6151e-05,6.6151e-05,544,1,544,544,544,10,1,10,10,10
29,70,6.5321e-05,1,6.5321e-05,6.5321e-05,6.5321e-05,559,1,559,559,559,11,1,11,11,11
29,70,8.1959e-05,1,8.1959e-05,8.1959e-05,8.1959e-05,552,1,552,552,552,11,1,11,11,11
29,70,6.9621e-05,1,6.9621e-05,6.9621e-05,6.9621e-05,535,1,535,535,535,10,1,10,10,10
29,70,6.4467e-05,1,6.4467e-05,6.4467e-05,6.4467e-05,553,1,553,553,553,12,1,12,12,12
29,70,6.5039e-05,1,6.5039e-05,6.5039e-05,6.5039e-05,531,1,531,531,531,11,1,11,11,11
29,70,6.5183e-05,1,6.5183e-05,6.5183e-05,6.5183e-05,525,1,525,525,525,11,1,11,11,11
29,70,6.3366e-05,1,6.3366e-05,6.3366e-05,6.3366e-05,529,1,529,529,529,10,1,10,10,10
29,70,6.786e-05,1,6.786e-05,6.786e-05,6.786e-05,578,1,578,578,578,13,1,13,13,13
29,70,6.5489e-05,1,6.5489e-05,6.5489e-05,6.5489e-05,558,1,558,558,558,11,1,11,11,11
29,70,6.4212e-05,1,6.4212e-05,6.4212e-05,6.4212e-05,541,1,541,541,541,12,1,12,12,12
29,70,6.5052e-05,1,6.5052e-05,6.5052e-05,6.5052e-05,567,1,567,567,567,12,1,12,12,12
29,70,6.4078e-05,1,6.4078e-05,6.4078e-05,6.4078e-05,548,1,548,548,548,11,1,11,11,11
29,70,6.5167e-05,1,6.5167e-05,6.5167e-05,6.5167e-05,550,1,550,550,550,12,1,12,12,12
29,70,6.3785e-05,1,6.3785e-05,6.3785e-05,6.3785e-05,524,1,524,524,524,10,1,10,10,10
29,70,6.468e-05,1,6.468e-05,6.468e-05,6.468e-05,557,1,557,557,557,11,1,11,11,11
29,70,6.6419e-05,1,6.6419e-05,6.6419e-05,6.6419e-05,561,1,561,561,561,12,1,12,12,12
29,70,6.8453e-05,1,6.8453e-05,6.8453e-05,6.8453e-05,533,1,533,533,533,11,1,11,11,11
29,70,6.6993e-05,1,6.6993e-05,6.6993e-05,6.6993e-05,534,1,534,534,534,10,1,10,10,10
29,70,6.5067e-05,1,6.5067e-05,6.5067e-05,6.5067e-05,547,1,547,547,547,12,1,12,12,12
29,70,6.5436e-05,1,6.5436e-05,6.5436e-05,6.5436e-05,533,1,533,533,533,11,1,11,11,11
29,70,6.5224e-05,1,6.5224e-05,6.5224e-05,6.5224e-05,560,1,560,560,560,11,1,11,11,11
29,70,6.5192e-05,1,6.5192e-05,6.5192e-05,6.5192e-05,547,1,547,547,547,12,1,12,12,12
29,70,6.4384e-05,1,6.4384e-05,6.4384e-05,6.4384e-05,546,1,546,546,546,11,1,11,11,11
29,70,6.5413e-05,1,6.5413e-05,6.5413e-05,6.5413e-05,527,1,527,527,527,11,1,11,11,11
29,70,6.6566e-05,1,6.6566e-05,6.6566e-05,6.6566e-05,523,1,523,523,523,10,1,10,10,10
29,70,8.2088e-05,1,8.2088e-05,8.2088e-05,8.2088e-05,532,1,532,532,532,11,1,11,11,11
29,70,6.5622e-05,1,6.5622e-05,6.5622e-05,6.5622e-05,529,1,529,529,529,10,1,10,10,10
29,70,6.4721e-05,1,6.4721e-05,6.4721e-05,6.4721e-05,552,1,552,552,552,11,1,11,11,11
29,70,6.4765e-05,1,6.4765e-05,6.4765e-05,6.4765e-05,565,1,565,565,565,13,1,13,13,13
29,70,6.3513e-05,1,6.3513e-05,6.3513e-05,6.3513e-05,551,1,551,551,551,11,1,11,11,11
29,70,6.4472e-05,1,6.4472e-05,6.4472e-05,6.4472e-05,535,1,535,535,535,11,1,11,11,11
29,70,6.5617e-05,1,6.5617e-05,6.5617e-05,6.5617e-05,535,1,535,535,535,11,1,11,11,11
29,70,6.44e-05,1,6.44e-05,6.44e-05,6.44e-05,545,1,545,545,545,11,1,11,11,11
29,70,6.5371e-05,1,6.5371e-05,6.5371e-05,6.5371e-05,536,1,536,536,536,11,1,11,11,11
29,70,6.6587e-05,1,6.6587e-05,6.6587e-05,6.6587e-05,586,1,586,586,586,13,1,13,13,13
29,70,6.7574e-05,1,6.7574e-05,6.7574e-05,6.7574e-05,520,1,520,520,520,10,1,10,10,10
29,70,6.5014e-05,1,6.5014e-05,6.5014e-05,6.5014e-05,541,1,541,541,541,12,1,12,12,12
29,70,6.517e-05,1,6.517e-05,6.517e-05,6.517e-05,560,1,560,560,560,12,1,12,12,12
29,70,6.3153e-05,1,6.3153e-05,6.3153e-05,6.3153e-05,535,1,535,535,535,11,1,11,11,11
29,70,6.5297e-05,1,6.5297e-05,6.5297e-05,6.5297e-05,526,1,526,526,526,10,1,10,10,10
29,70,6.643e-05,1,6.643e-05,6.643e-05,6.643e-05,534,1,534,534,534,10,1,10,10,10
29,70,6.4915e-05,1,6.4915e-05,6.4915e-05,6.4915e-05,534,1,534,534,534,11,1,11,11,11
29,70,6.619e-05,1,6.619e-05,6.619e-05,6.619e-05,559,1,559,559,559,11,1,11,11,11
29,70,6.5744e-05,1,6.5744e-05,6.5744e-05,6.5744e-05,542,1,542,542,542,12,1,12,12,12
29,70,6.3072e-05,1,6.3072e-05,6.3072e-05,6.3072e-05,536,1,536,536,536,11,1,11,11,11
29,70,6.4804e-05,1,6.4804e-05,6.4804e-05,6.4804e-05,556,1,556,556,556,12,1,12,12,12
29,70,6.8471e-05,1,6.8471e-05,6.8471e-05,6.8471e-05,530,1,530,530,530,10,1,10,10,10
29,70,6.3698e-05,1,6.3698e-05,6.3698e-05,6.3698e-05,534,1,534,534,534,10,1,10,10,10
29,70,6.4065e-05,1,6.4065e-05,6.4065e-05,6.4065e-05,540,1,540,540,540,11,1,11,11,11
29,70,6.4607e-05,1,6.4607e-05,6.4607e-05,6.4607e-05,533,1,533,533,533,11,1,11,11,11
29,70,6.6477e-05,1,6.6477e-05,6.6477e-05,6.6477e-05,553,1,553,553,553,12,1,12,12,12
29,70,6.3726e-05,1,6.3726e-05,6.3726e-05,6.3726e-05,561,1,561,561,561,12,1,12,12,12
29,70,6.4136e-05,1,6.4136e-05,6.4136e-05,6.4136e-05,554,1,554,554,554,12,1,12,12,12
29,70,6.4351e-05,1,6.4351e-05,6.4351e-05,6.4351e-05,527,1,527,527,527,11,1,11,11,11
29,70,6.3819e-05,1,6.3819e-05,6.3819e-05,6.3819e-05,542,1,542,542,542,11,1,11,11,11
29,70,6.4512e-05,1,6.4512e-05,6.4512e-05,6.4512e-05,544,1,544,544,544,11,1,11,11,11
29,70,6.4742e-05,1,6.4742e-05,6.4742e-05,6.4742e-05,557,1,557,557,557,11,1,11,11,11
29,70,8.4082e-05,1,8.4082e-05,8.4082e-05,8.4082e-05,559,1,559,559,559,11,1,11,11,11
29,70,6.428e-05,1,6.428e-05,6.428e-05,6.428e-05,535,1,535,535,535,10,1,10,10,10
29,70,6.3247e-05,1,6.3247e-05,6.3247e-05,6.3247e-05,532,1,532,532,532,11,1,11,11,11
29,70,6.4195e-05,1,6.4195e-05,6.4195e-05,6.4195e-05,541,1,541,541,541,10,1,10,10,10
29,70,6.7024e-05,1,6.7024e-05,6.7024e-05,6.7024e-05,550,1,550,550,550,11,1,11,11,11
29,70,6.4467e-05,1,6.4467e-05,6.4467e-05,6.4467e-05,530,1,530,530,530,10,1,10,10,10
29,70,6.4773e-05,1,6.4773e-05,6.4773e-05,6.4773e-05,534,1,534,534,534,10,1,10,10,10
29,70,6.3245e-05,1,6.3245e-05,6.3245e-05,6.3245e-05,534,1,534,534,534,10,1,10,10,10
29,70,6.3243e-05,1,6.3243e-05,6.3243e-05,6.3243e-05,546,1,546,546,546,11,1,11,11,11
29,70,6.5328e-05,1,6.5328e-05,6.5328e-05,6.5328e-05,543,1,543,543,543,11,1,11,11,11
29,70,6.4594e-05,1,6.4594e-05,6.4594e-05,6.4594e-05,530,1,530,530,530,11,1,11,11,11
29,70,6.4659e-05,1,6.4659e-05,6.4659e-05,6.4659e-05,544,1,544,544,544,10,1,10,10,10
29,70,6.5517e-05,1,6.5517e-05,6.5517e-05,6.5517e-05,575,1,575,575,575,13,1,13,13,13
29,70,6.4791e-05,1,6.4791e-05,6.4791e-05,6.4791e-05,534,1,534,534,534,10,1,10,10,10
29,70,6.3635e-05,1,6.3635e-05,6.3635e-05,6.3635e-05,538,1,538,538,538,11,1,11,11,11
29,70,6.5812e-05,1,6.5812e-05,6.5812e-05,6.5812e-05,541,1,541,541,541,10,1,10,10,10
29,70,8.4246e-05,1,8.4246e-05,8.4246e-05,8.4246e-05,546,1,546,546,546,11,1,11,11,11
29,70,6.8923e-05,1,6.8923e-05,6.8923e-05,6.8923e-05,567,1,567,567,567,13,1,13,13,13
29,70,6.3999e-05,1,6.3999e-05,6.3999e-05,6.3999e-05,563,1,563,563,563,12,1,12,12,12
29,70,6.438e-05,1,6.438e-05,6.438e-05,6.438e-05,539,1,539,539,539,10,1,10,10,10
29,70,6.4508e-05,1,6.4508e-05,6.4508e-05,6.4508e-05,530,1,530,530,530,10,1,10,10,10
29,70,6.3807e-05,1,6.3807e-05,6.3807e-05,6.3807e-05,535,1,535,535,535,10,1,10,10,10
29,70,6.2329e-05,1,6.2329e-05,6.2329e-05,6.2329e-05,526,1,526,526,526,10,1,10,10,10
29,70,7.053e-05,1,7.053e-05,7.053e-05,7.053e-05,548,1,548,548,548,11,1,11,11,11
29,70,6.4406e-05,1,6.4406e-05,6.4406e-05,6.4406e-05,536,1,536,536,536,10,1,10,10,10
29,70,8.1789e-05,1,8.1789e-05,8.1789e-05,8.1789e-05,549,1,549,549,549,11,1,11,11,11
29,70,6.6717e-05,1,6.6717e-05,6.6717e-05,6.6717e-05,540,1,540,540,540,11,1,11,11,11
29,70,6.452e-05,1,6.452e-05,6.452e-05,6.452e-05,559,1,559,559,559,12,1,12,12,12
29,70,6.46e-05,1,6.46e-05,6.46e-05,6.46e-05,558,1,558,558,558,13,1,13,13,13
29,70,6.6202e-05,1,6.6202e-05,6.6202e-05,6.6202e-05,562,1,562,562,562,12,1,12,12,12
29,70,6.8968e-05,1,6.8968e-05,6.8968e-05,6.8968e-05,543,1,543,543,543,11,1,11,11,11
29,70,8.4275e-05,1,8.4275e-05,8.4275e-05,8.4275e-05,530,1,530,530,530,10,1,10,10,10
29,70,6.4341e-05,1,6.4341e-05,6.4341e-05,6.4341e-05,536,1,536,536,536,10,1,10,10,10
29,70,6.5297e-05,1,6.5297e-05,6.5297e-05,6.5297e-05,540,1,540,540,540,10,1,10,10,10
29,70,6.489e-05,1,6.489e-05,6.489e-05,6.489e-05,565,1,565,565,565,13,1,13,13,13
29,70,6.4257e-05,1,6.4257e-05,6.4257e-05,6.4257e-05,544,1,544,544,544,11,1,11,11,11
29,70,6.3831e-05,1,6.3831e-05,6.3831e-05,6.3831e-05,526,1,526,526,526,10,1,10,10,10
29,70,6.5107e-05,1,6.5107e-05,6.5107e-05,6.5107e-05,542,1,542,542,542,11,1,11,11,11
29,70,6.8831e-05,1,6.8831e-05,6.8831e-05,6.8831e-05,550,1,550,550,550,13,1,13,13,13
29,70,8.1763e-05,1,8.1763e-05,8.1763e-05,8.1763e-05,549,1,549,549,549,12,1,12,12,12
29,70,6.3794e-05,1,6.3794e-05,6.3794e-05,6.3794e-05,536,1,536,536,536,11,1,11,11,11
29,70,6.5589e-05,1,6.5589e-05,6.5589e-05,6.5589e-05,548,1,548,548,548,12,1,12,12,12
29,70,6.5911e-05,1,6.5911e-05,6.5911e-05,6.5911e-05,542,1,542,542,542,11,1,11,11,11
29,70,6.5692e-05,1,6.5692e-05,6.5692e-05,6.5692e-05,548,1,548,548,548,11,1,11,11,11
29,70,6.4407e-05,1,6.4407e-05,6.4407e-05,6.4407e-05,549,1,549,549,549,11,1,11,11,11
29,70,6.4826e-05,1,6.4826e-05,6.4826e-05,6.4826e-05,551,1,551,551,551,12,1,12,12,12
29,70,6.4899e-05,1,6.4899e-05,6.4899e-05,6.4899e-05,543,1,543,543,543,11,1,11,11,11
29,70,6.5623e-05,1,6.5623e-05,6.5623e-05,6.5623e-05,548,1,548,548,548,11,1,11,11,11
29,70,6.5024e-05,1,6.5024e-05,6.5024e-05,6.5024e-05,542,1,542,542,542,11,1,11,11,11
29,70,6.5779e-05,1,6.5779e-05,6.5779e-05,6.5779e-05,530,1,530,530,530,10,1,10,10,10
29,70,6.4725e-05,1,6.4725e-05,6.4725e-05,6.4725e-05,535,1,535,535,535,11,1,11,11,11
29,70,6.4555e-05,1,6.4555e-05,6.4555e-05,6.4555e-05,538,1,538,538,538,10,1,10,10,10
29,70,6.5431e-05,1,6.5431e-05,6.5431e-05,6.5431e-05,538,1,538,538,538,10,1,10,10,10
29,70,6.31e-05,1,6.31e-05,6.31e-05,6.31e-05,542,1,542,542,542,10,1,10,10,10
29,70,8.5291e-05,1,8.5291e-05,8.5291e-05,8.5291e-05,562,1,562,562,562,12,1,12,12,12
29,70,8.2274e-05,1,8.2274e-05,8.2274e-05,8.2274e-05,528,1,528,528,528,10,1,10,10,10
29,70,6.3739e-05,1,6.3739e-05,6.3739e-05,6.3739e-05,526,1,526,526,526,11,1,11,11,11
29,70,6.5045e-05,1,6.5045e-05,6.5045e-05,6.5045e-05,539,1,539,539,539,11,1,11,11,11
29,70,6.4701e-05,1,6.4701e-05,6.4701e-05,6.4701e-05,535,1,535,535,535,11,1,11,11,11
29,70,6.9146e-05,1,6.9146e-05,6.9146e-05,6.9146e-05,559,1,559,559,559,12,1,12,12,12
29,70,6.6944e-05,1,6.6944e-05,6.6944e-05,6.6944e-05,560,1,560,560,560,12,1,12,12,12
29,70,6.4904e-05,1,6.4904e-05,6.4904e-05,6.4904e-05,526,1,526,526,526,10,1,10,10,10
29,70,6.564e-05,1,6.564e-05,6.564e-05,6.564e-05,556,1,556,556,556,12,1,12,12,12
29,70,6.5518e-05,1,6.5518e-05,6.5518e-05,6.5518e-05,546,1,546,546,546,11,1,11,11,11
29,70,6.4861e-05,1,6.4861e-05,6.4861e-05,6.4861e-05,528,1,528,528,528,11,1,11,11,11
29,70,6.3307e-05,1,6.3307e-05,6.3307e-05,6.3307e-05,530,1,530,530,530,11,1,11,11,11
29,70,6.3672e-05,1,6.3672e-05,6.3672e-05,6.3672e-05,551,1,551,551,551,11,1,11,11,11
29,70,6.4797e-05,1,6.4797e-05,6.4797e-05,6.4797e-05,565,1,565,565,565,12,1,12,12,12
29,70,6.2725e-05,1,6.2725e-05,6.2725e-05,6.2725e-05,536,1,536,536,536,11,1,11,11,11
29,70,6.4534e-05,1,6.4534e-05,6.4534e-05,6.4534e-05,550,1,550,550,550,11,1,11,11,11
29,70,6.4841e-05,1,6.4841e-05,6.4841e-05,6.4841e-05,559,1,559,559,559,12,1,12,12,12
29,70,6.6184e-05,1,6.6184e-05,6.6184e-05,6.6184e-05,578,1,578,578,578,13,1,13,13,13
29,70,6.459e-05,1,6.459e-05,6.459e-05,6.459e-05,550,1,550,550,550,11,1,11,11,11
29,70,6.5569e-05,1,6.5569e-05,6.5569e-05,6.5569e-05,544,1,544,544,544,11,1,11,11,11
29,70,6.5891e-05,1,6.5891e-05,6.5891e-05,6.5891e-05,552,1,552,552,552,11,1,11,11,11
29,70,6.58e-05,1,6.58e-05,6.58e-05,6.58e-05,548,1,548,548,548,12,1,12,12,12
29,70,6.5618e-05,1,6.5618e-05,6.5618e-05,6.5618e-05,548,1,548,548,548,11,1,11,11,11
29,70,6.5712e-05,1,6.5712e-05,6.5712e-05,6.5712e-05,544,1,544,544,544,11,1,11,11,11
29,70,6.4566e-05,1,6.4566e-05,6.4566e-05,6.4566e-05,529,1,529,529,529,10,1,10,10,10
29,70,6.5191e-05,1,6.5191e-05,6.5191e-05,6.5191e-05,524,1,524,524,524,10,1,10,10,10
29,70,6.5076e-05,1,6.5076e-05,6.5076e-05,6.5076e-05,530,1,530,530,530,10,1,10,10,10
29,70,6.52e-05,1,6.52e-05,6.52e-05,6.52e-05,534,1,534,534,534,10,1,10,10,10
29,70,6.6036e-05,1,6.6036e-05,6.6036e-05,6.6036e-05,572,1,572,572,572,12,1,12,12,12
29,70,6.5007e-05,1,6.5007e-05,6.5007e-05,6.5007e-05,535,1,535,535,535,11,1,11,11,11
29,70,6.5583e-05,1,6.5583e-05,6.5583e-05,6.5583e-05,547,1,547,547,547,11,1,11,11,11
29,70,6.3837e-05,1,6.3837e-05,6.3837e-05,6.3837e-05,527,1,527,527,527,10,1,10,10,10
29,70,6.4794e-05,1,6.4794e-05,6.4794e-05,6.4794e-05,547,1,547,547,547,11,1,11,11,11
29,70,6.6213e-05,1,6.6213e-05,6.6213e-05,6.6213e-05,560,1,560,560,560,11,1,11,11,11
29,70,6.4937e-05,1,6.4937e-05,6.4937e-05,6.4937e-05,554,1,554,554,554,13,1,13,13,13
29,70,6.4578e-05,1,6.4578e-05,6.4578e-05,6.4578e-05,545,1,545,545,545,11,1,11,11,11
29,70,6.4725e-05,1,6.4725e-05,6.4725e-05,6.4725e-05,532,1,532,532,532,11,1,11,11,11
29,70,6.437e-05,1,6.437e-05,6.437e-05,6.437e-05,533,1,533,533,533,10,1,10,10,10
29,70,6.4757e-05,1,6.4757e-05,6.4757e-05,6.4757e-05,547,1,547,547,547,11,1,11,11,11
29,70,8.1931e-05,1,8.1931e-05,8.1931e-05,8.1931e-05,534,1,534,534,534,10,1,10,10,10
29,70,6.6741e-05,1,6.6741e-05,6.6741e-05,6.6741e-05,532,1,532,532,532,10,1,10,10,10
29,70,6.4528e-05,1,6.4528e-05,6.4528e-05,6.4528e-05,547,1,547,547,547,11,1,11,11,11
29,70,6.3932e-05,1,6.3932e-05,6.3932e-05,6.3932e-05,550,1,550,550,550,11,1,11,11,11
29,70,6.3598e-05,1,6.3598e-05,6.3598e-05,6.3598e-05,554,1,554,554,554,11,1,11,11,11
29,70,6.43e-05,1,6.43e-05,6.43e-05,6.43e-05,550,1,550,550,550,12,1,12,12,12
29,70,6.9373e-05,1,6.9373e-05,6.9373e-05,6.9373e-05,542,1,542,542,542,10,1,10,10,10
29,70,6.5064e-05,1,6.5064e-05,6.5064e-05,6.5064e-05,538,1,538,538,538,11,1,11,11,11
29,70,8.3112e-05,1,8.3112e-05,8.3112e-05,8.3112e-05,524,1,524,524,524,9,1,9,9,9
29,70,6.9394e-05,1,6.9394e-05,6.9394e-05,6.9394e-05,557,1,557,557,557,12,1,12,12,12
29,70,6.5182e-05,1,6.5182e-05,6.5182e-05,6.5182e-05,548,1,548,548,548,11,1,11,11,11
29,70,6.5407e-05,1,6.5407e-05,6.5407e-05,6.5407e-05,530,1,530,530,530,10,1,10,10,10
29,70,6.6672e-05,1,6.6672e-05,6.6672e-05,6.6672e-05,551,1,551,551,551,11,1,11,11,11
29,70,6.4087e-05,1,6.4087e-05,6.4087e-05,6.4087e-05,546,1,546,546,546,11,1,11,11,11
29,70,6.4982e-05,1,6.4982e-05,6.4982e-05,6.4982e-05,568,1,568,568,568,13,1,13,13,13
29,70,6.3935e-05,1,6.3935e-05,6.3935e-05,6.3935e-05,541,1,541,541,541,10,1,10,10,10
29,70,6.5447e-05,1,6.5447e-05,6.5447e-05,6.5447e-05,560,1,560,560,560,12,1,12,12,12
29,70,6.4963e-05,1,6.4963e-05,6.4963e-05,6.4963e-05,537,1,537,537,537,11,1,11,11,11
29,70,6.547e-05,1,6.547e-05,6.547e-05,6.547e-05,538,1,538,538,538,10,1,10,10,10
29,70,6.8618e-05,1,6.8618e-05,6.8618e-05,6.8618e-05,534,1,534,534,534,11,1,11,11,11
29,70,6.7019e-05,1,6.7019e-05,6.7019e-05,6.7019e-05,530,1,530,530,530,11,1,11,11,11
29,70,6.6348e-05,1,6.6348e-05,6.6348e-05,6.6348e-05,561,1,561,561,561,12,1,12,12,12
29,70,6.5868e-05,1,6.5868e-05,6.5868e-05,6.5868e-05,561,1,561,561,561,12,1,12,12,12
29,70,6.5036e-05,1,6.5036e-05,6.5036e-05,6.5036e-05,532,1,532,532,532,11,1,11,11,11
29,70,6.4945e-05,1,6.4945e-05,6.4945e-05,6.4945e-05,553,1,553,553,553,12,1,12,12,12
29,70,6.5025e-05,1,6.5025e-05,6.5025e-05,6.5025e-05,547,1,547,547,547,12,1,12,12,12
29,70,6.4656e-05,1,6.4656e-05,6.4656e-05,6.4656e-05,563,1,563,563,563,13,1,13,13,13
29,70,6.5382e-05,1,6.5382e-05,6.5382e-05,6.5382e-05,552,1,552,552,552,11,1,11,11,11
29,70,6.4143e-05,1,6.4143e-05,6.4143e-05,6.4143e-05,519,1,519,519,519,10,1,10,10,10
29,70,6.4289e-05,1,6.4289e-05,6.4289e-05,6.4289e-05,547,1,547,547,547,12,1,12,12,12
29,70,6.4414e-05,1,6.4414e-05,6.4414e-05,6.4414e-05,525,1,525,525,525,11,1,11,11,11
29,70,6.4332e-05,1,6.4332e-05,6.4332e-05,6.4332e-05,531,1,531,531,531,10,1,10,10,10
29,70,6.5061e-05,1,6.5061e-05,6.5061e-05,6.5061e-05,543,1,543,543,543,11,1,11,11,11
29,70,6.5954e-05,1,6.5954e-05,6.5954e-05,6.5954e-05,556,1,556,556,556,12,1,12,12,12
29,70,6.4519e-05,1,6.4519e-05,6.4519e-05,6.4519e-05,543,1,543,543,543,11,1,11,11,11
29,70,6.4847e-05,1,6.4847e-05,6.4847e-05,6.4847e-05,551,1,551,551,551,11,1,11,11,11
29,70,6.578e-05,1,6.578e-05,6.578e-05,6.578e-05,550,1,550,550,550,12,1,12,12,12
29,70,6.4499e-05,1,6.4499e-05,6.4499e-05,6.4499e-05,560,1,560,560,560,13,1,13,13,13
29,70,6.4412e-05,1,6.4412e-05,6.4412e-05,6.4412e-05,531,1,531,531,531,9,1,9,9,9
29,70,6.6698e-05,1,6.6698e-05,6.6698e-05,6.6698e-05,553,1,553,553,553,11,1,11,11,11
29,70,6.5442e-05,1,6.5442e-05,6.5442e-05,6.5442e-05,519,1,519,519,519,10,1,10,10,10
29,70,6.4782e-05,1,6.4782e-05,6.4782e-05,6.4782e-05,537,1,537,537,537,12,1,12,12,12
29,70,6.4274e-05,1,6.4274e-05,6.4274e-05,6.4274e-05,548,1,548,548,548,11,1,11,11,11
29,70,6.7639e-05,1,6.7639e-05,6.7639e-05,6.7639e-05,541,1,541,541,541,11,1,11,11,11
29,70,6.9702e-05,1,6.9702e-05,6.9702e-05,6.9702e-05,551,1,551,551,551,11,1,11,11,11
29,70,6.9035e-05,1,6.9035e-05,6.9035e-05,6.9035e-05,575,1,575,575,575,12,1,12,12,12
29,70,6.4996e-05,1,6.4996e-05,6.4996e-05,6.4996e-05,552,1,552,552,552,12,1,12,12,12
29,70,6.5096e-05,1,6.5096e-05,6.5096e-05,6.5096e-05,525,1,525,525,525,10,1,10,10,10
29,70,6.4226e-05,1,6.4226e-05,6.4226e-05,6.4226e-05,554,1,554,554,554,12,1,12,12,12
29,70,6.6355e-05,1,6.6355e-05,6.6355e-05,6.6355e-05,541,1,541,541,541,11,1,11,11,11
29,70,6.5067e-05,1,6.5067e-05,6.5067e-05,6.5067e-05,548,1,548,548,548,11,1,11,11,11
29,70,6.9693e-05,1,6.9693e-05,6.9693e-05,6.9693e-05,551,1,551,551,551,11,1,11,11,11
29,70,6.5155e-05,1,6.5155e-05,6.5155e-05,6.5155e-05,542,1,542,542,542,11,1,11,11,11
29,70,6.4307e-05,1,6.4307e-05,6.4307e-05,6.4307e-05,550,1,550,550,550,10,1,10,10,10
29,70,6.5451e-05,1,6.5451e-05,6.5451e-05,6.5451e-05,536,1,536,536,536,11,1,11,11,11
29,70,6.5713e-05,1,6.5713e-05,6.5713e-05,6.5713e-05,552,1,552,552,552,13,1,13,13,13
29,70,6.5002e-05,1,6.5002e-05,6.5002e-05,6.5002e-05,537,1,537,537,537,10,1,10,10,10
29,70,0.000100679,1,0.000100679,0.000100679,0.000100679,544,1,544,544,544,11,1,11,11,11
29,70,8.3957e-05,1,8.3957e-05,8.3957e-05,8.3957e-05,558,1,558,558,558,12,1,12,12,12
29,70,6.4864e-05,1,6.4864e-05,6.4864e-05,6.4864e-05,550,1,550,550,550,11,1,11,11,11
29,70,6.4349e-05,1,6.4349e-05,6.4349e-05,6.4349e-05,560,1,560,560,560,12,1,12,12,12
29,70,6.5758e-05,1,6.5758e-05,6.5758e-05,6.5758e-05,538,1,538,538,538,11,1,11,11,11
29,70,6.8494e-05,1,6.8494e-05,6.8494e-05,6.8494e-05,547,1,547,547,547,12,1,12,12,12
29,70,6.9554e-05,1,6.9554e-05,6.9554e-05,6.9554e-05,528,1,528,528,528,10,1,10,10,10
29,70,6.8145e-05,1,6.8145e-05,6.8145e-05,6.8145e-05,556,1,556,556,556,11,1,11,11,11
29,70,6.45e-05,1,6.45e-05,6.45e-05,6.45e-05,553,1,553,553,553,11,1,11,11,11
29,70,6.4835e-05,1,6.4835e-05,6.4835e-05,6.4835e-05,548,1,548,548,548,11,1,11,11,11
29,70,6.5272e-05,1,6.5272e-05,6.5272e-05,6.5272e-05,558,1,558,558,558,12,1,12,12,12
29,70,6.5879e-05,1,6.5879e-05,6.5879e-05,6.5879e-05,556,1,556,556,556,12,1,12,12,12
29,70,6.5436e-05,1,6.5436e-05,6.5436e-05,6.5436e-05,543,1,543,543,543,10,1,10,10,10
29,70,6.5981e-05,1,6.5981e-05,6.5981e-05,6.5981e-05,548,1,548,548,548,11,1,11,11,11
29,70,6.3383e-05,1,6.3383e-05,6.3383e-05,6.3383e-05,531,1,531,531,531,11,1,11,11,11
29,70,6.534e-05,1,6.534e-05,6.534e-05,6.534e-05,549,1,549,549,549,11,1,11,11,11
29,70,6.4981e-05,1,6.4981e-05,6.4981e-05,6.4981e-05,551,1,551,551,551,12,1,12,12,12
29,70,6.5966e-05,1,6.5966e-05,6.5966e-05,6.5966e-05,535,1,535,535,535,10,1,10,10,10
29,70,6.4132e-05,1,6.4132e-05,6.4132e-05,6.4132e-05,532,1,532,532,532,11,1,11,11,11
29,70,6.306e-05,1,6.306e-05,6.306e-05,6.306e-05,535,1,535,535,535,11,1,11,11,11
29,70,6.5159e-05,1,6.5159e-05,6.5159e-05,6.5159e-05,536,1,536,536,536,11,1,11,11,11
29,70,6.474e-05,1,6.474e-05,6.474e-05,6.474e-05,551,1,551,551,551,12,1,12,12,12
29,70,6.4791e-05,1,6.4791e-05,6.4791e-05,6.4791e-05,549,1,549,549,549,12,1,12,12,12
29,70,6.849e-05,1,6.849e-05,6.849e-05,6.849e-05,539,1,539,539,539,11,1,11,11,11
29,70,6.8704e-05,1,6.8704e-05,6.8704e-05,6.8704e-05,553,1,553,553,553,12,1,12,12,12
29,70,6.4753e-05,1,6.4753e-05,6.4753e-05,6.4753e-05,552,1,552,552,552,12,1,12,12,12
29,70,6.5532e-05,1,6.5532e-05,6.5532e-05,6.5532e-05,552,1,552,552,552,11,1,11,11,11
29,70,6.489e-05,1,6.489e-05,6.489e-05,6.489e-05,547,1,547,547,547,10,1,10,10,10
29,70,6.6335e-05,1,6.6335e-05,6.6335e-05,6.6335e-05,534,1,534,534,534,11,1,11,11,11
29,70,6.4764e-05,1,6.4764e-05,6.4764e-05,6.4764e-05,517,1,517,517,517,10,1,10,10,10
29,70,6.4509e-05,1,6.4509e-05,6.4509e-05,6.4509e-05,536,1,536,536,536,11,1,11,11,11
29,70,6.8937e-05,1,6.8937e-05,6.8937e-05,6.8937e-05,564,1,564,564,564,12,1,12,12,12
29,70,6.5256e-05,1,6.5256e-05,6.5256e-05,6.5256e-05,555,1,555,555,555,12,1,12,12,12
29,70,6.5072e-05,1,6.5072e-05,6.5072e-05,6.5072e-05,539,1,539,539,539,11,1,11,11,11
29,70,6.4671e-05,1,6.4671e-05,6.4671e-05,6.4671e-05,533,1,533,533,533,11,1,11,11,11
29,70,6.446e-05,1,6.446e-05,6.446e-05,6.446e-05,540,1,540,540,540,11,1,11,11,11
29,70,6.4792e-05,1,6.4792e-05,6.4792e-05,6.4792e-05,558,1,558,558,558,12,1,12,12,12
29,70,6.6039e-05,1,6.6039e-05,6.6039e-05,6.6039e-05,548,1,548,548,548,11,1,11,11,11
29,70,6.462e-05,1,6.462e-05,6.462e-05,6.462e-05,531,1,531,531,531,10,1,10,10,10
29,70,6.5075e-05,1,6.5075e-05,6.5075e-05,6.5075e-05,554,1,554,554,554,11,1,11,11,11
29,70,6.5227e-05,1,6.5227e-05,6.5227e-05,6.5227e-05,556,1,556,556,556,12,1,12,12,12
29,70,6.4903e-05,1,6.4903e-05,6.4903e-05,6.4903e-05,552,1,552,552,552,11,1,11,11,11
29,70,6.8832e-05,1,6.8832e-05,6.8832e-05,6.8832e-05,536,1,536,536,536,11,1,11,11,11
29,70,6.7345e-05,1,6.7345e-05,6.7345e-05,6.7345e-05,522,1,522,522,522,11,1,11,11,11
29,70,6.5468e-05,1,6.5468e-05,6.5468e-05,6.5468e-05,554,1,554,554,554,12,1,12,12,12
29,70,6.5315e-05,1,6.5315e-05,6.5315e-05,6.5315e-05,544,1,544,544,544,11,1,11,11,11
29,70,6.5595e-05,1,6.5595e-05,6.5595e-05,6.5595e-05,547,1,547,547,547,12,1,12,12,12
29,70,6.5767e-05,1,6.5767e-05,6.5767e-05,6.5767e-05,540,1,540,540,540,11,1,11,11,11
29,70,6.6123e-05,1,6.6123e-05,6.6123e-05,6.6123e-05,553,1,553,553,553,11,1,11,11,11
29,70,6.5306e-05,1,6.5306e-05,6.5306e-05,6.5306e-05,538,1,538,538,538,11,1,11,11,11
29,70,6.5338e-05,1,6.5338e-05,6.5338e-05,6.5338e-05,536,1,536,536,536,10,1,10,10,10
29,70,6.5536e-05,1,6.5536e-05,6.5536e-05,6.5536e-05,541,1,541,541,541,11,1,11,11,11
29,70,6.481e-05,1,6.481e-05,6.481e-05,6.481e-05,572,1,572,572,572,13,1,13,13,13
29,70,6.5463e-05,1,6.5463e-05,6.5463e-05,6.5463e-05,565,1,565,565,565,12,1,12,12,12
29,70,6.5166e-05,1,6.5166e-05,6.5166e-05,6.5166e-05,540,1,540,540,540,11,1,11,11,11
29,70,6.5641e-05,1,6.5641e-05,6.5641e-05,6.5641e-05,552,1,552,552,552,11,1,11,11,11
29,70,6.4125e-05,1,6.4125e-05,6.4125e-05,6.4125e-05,520,1,520,520,520,11,1,11,11,11
29,70,6.5838e-05,1,6.5838e-05,6.5838e-05,6.5838e-05,583,1,583,583,583,13,1,13,13,13
29,70,6.3813e-05,1,6.3813e-05,6.3813e-05,6.3813e-05,518,1,518,518,518,10,1,10,10,10
29,70,6.5742e-05,1,6.5742e-05,6.5742e-05,6.5742e-05,543,1,543,543,543,11,1,11,11,11
29,70,6.5628e-05,1,6.5628e-05,6.5628e-05,6.5628e-05,552,1,552,552,552,12,1,12,12,12
29,70,6.4602e-05,1,6.4602e-05,6.4602e-05,6.4602e-05,522,1,522,522,522,10,1,10,10,10
29,70,6.4068e-05,1,6.4068e-05,6.4068e-05,6.4068e-05,552,1,552,552,552,12,1,12,12,12
29,70,6.5127e-05,1,6.5127e-05,6.5127e-05,6.5127e-05,571,1,571,571,571,12,1,12,12,12
29,70,8.5126e-05,1,8.5126e-05,8.5126e-05,8.5126e-05,566,1,566,566,566,13,1,13,13,13
29,70,8.4059e-05,1,8.4059e-05,8.4059e-05,8.4059e-05,541,1,541,541,541,11,1,11,11,11
29,70,6.4922e-05,1,6.4922e-05,6.4922e-05,6.4922e-05,545,1,545,545,545,12,1,12,12,12
29,70,6.4276e-05,1,6.4276e-05,6.4276e-05,6.4276e-05,546,1,546,546,546,12,1,12,12,12
29,70,6.4257e-05,1,6.4257e-05,6.4257e-05,6.4257e-05,549,1,549,549,549,11,1,11,11,11
29,70,6.5254e-05,1,6.5254e-05,6.5254e-05,6.5254e-05,559,1,559,559,559,12,1,12,12,12
29,70,6.4415e-05,1,6.4415e-05,6.4415e-05,6.4415e-05,534,1,534,534,534,10,1,10,10,10
29,70,6.3683e-05,1,6.3683e-05,6.3683e-05,6.3683e-05,546,1,546,546,546,11,1,11,11,11
29,70,8.2758e-05,1,8.2758e-05,8.2758e-05,8.2758e-05,546,1,546,546,546,11,1,11,11,11
29,70,6.9519e-05,1,6.9519e-05,6.9519e-05,6.9519e-05,541,1,541,541,541,12,1,12,12,12
29,70,6.4529e-05,1,6.4529e-05,6.4529e-05,6.4529e-05,537,1,537,537,537,12,1,12,12,12
29,70,6.3442e-05,1,6.3442e-05,6.3442e-05,6.3442e-05,519,1,519,519,519,11,1,11,11,11
29,70,6.4016e-05,1,6.4016e-05,6.4016e-05,6.4016e-05,530,1,530,530,530,11,1,11,11,11
29,70,6.5904e-05,1,6.5904e-05,6.5904e-05,6.5904e-05,549,1,549,549,549,12,1,12,12,12
29,70,6.5193e-05,1,6.5193e-05,6.5193e-05,6.5193e-05,544,1,544,544,544,11,1,11,11,11
29,70,6.5437e-05,1,6.5437e-05,6.5437e-05,6.5437e-05,532,1,532,532,532,11,1,11,11,11
29,70,6.4064e-05,1,6.4064e-05,6.4064e-05,6.4064e-05,531,1,531,531,531,11,1,11,11,11
29,70,6.4323e-05,1,6.4323e-05,6.4323e-05,6.4323e-05,557,1,557,557,557,12,1,12,12,12
29,70,6.5572e-05,1,6.5572e-05,6.5572e-05,6.5572e-05,564,1,564,564,564,11,1,11,11,11
29,70,6.4122e-05,1,6.4122e-05,6.4122e-05,6.4122e-05,538,1,538,538,538,11,1,11,11,11
29,70,6.5133e-05,1,6.5133e-05,6.5133e-05,6.5133e-05,551,1,551,551,551,12,1,12,12,12
29,70,6.5173e-05,1,6.5173e-05,6.5173e-05,6.5173e-05,548,1,548,548,548,12,1,12,12,12
29,70,6.4853e-05,1,6.4853e-05,6.4853e-05,6.4853e-05,543,1,543,543,543,12,1,12,12,12
29,70,6.3765e-05,1,6.3765e-05,6.3765e-05,6.3765e-05,516,1,516,516,516,9,1,9,9,9
29,70,6.5391e-05,1,6.5391e-05,6.5391e-05,6.5391e-05,536,1,536,536,536,11,1,11,11,11
29,70,6.5386e-05,1,6.5386e-05,6.5386e-05,6.5386e-05,563,1,563,563,563,12,1,12,12,12
29,70,6.4726e-05,1,6.4726e-05,6.4726e-05,6.4726e-05,542,1,542,542,542,11,1,11,11,11
29,70,6.45e-05,1,6.45e-05,6.45e-05,6.45e-05,559,1,559,559,559,12,1,12,12,12
29,70,6.5079e-05,1,6.5079e-05,6.5079e-05,6.5079e-05,558,1,558,558,558,11,1,11,11,11
29,70,6.4589e-05,1,6.4589e-05,6.4589e-05,6.4589e-05,551,1,551,551,551,11,1,11,11,11
29,70,6.4536e-05,1,6.4536e-05,6.4536e-05,6.4536e-05,525,1,525,525,525,10,1,10,10,10
29,70,6.5413e-05,1,6.5413e-05,6.5413e-05,6.5413e-05,557,1,557,557,557,12,1,12,12,12
29,70,6.7462e-05,1,6.7462e-05,6.7462e-05,6.7462e-05,556,1,556,556,556,11,1,11,11,11
29,70,6.753e-05,1,6.753e-05,6.753e-05,6.753e-05,538,1,538,538,538,11,1,11,11,11
29,70,6.616e-05,1,6.616e-05,6.616e-05,6.616e-05,550,1,550,550,550,11,1,11,11,11
29,70,6.4656e-05,1,6.4656e-05,6.4656e-05,6.4656e-05,545,1,545,545,545,11,1,11,11,11
