n,p,time_total,time_count,time_mean,time_min,time_max,steps_total,steps_count,steps_mean,steps_min,steps_max,number_total,number_count,number_mean,number_min,number_max
13,30,1.7713e-05,1,1.7713e-05,1.7713e-05,1.7713e-05,94,1,94,94,94,4,1,4,4,4
13,30,1.6983e-05,1,1.6983e-05,1.6983e-05,1.6983e-05,90,1,90,90,90,3,1,3,3,3
13,30,1.6906e-05,1,1.6906e-05,1.6906e-05,1.6906e-05,91,1,91,91,91,3,1,3,3,3
13,30,1.5668e-05,1,1.5668e-05,1.5668e-05,1.5668e-05,91,1,91,91,91,3,1,3,3,3
13,30,1.613e-05,1,1.613e-05,1.613e-05,1.613e-05,94,1,94,94,94,4,1,4,4,4
13,30,1.6722e-05,1,1.6722e-05,1.6722e-05,1.6722e-05,93,1,93,93,93,4,1,4,4,4
13,30,1.6542e-05,1,1.6542e-05,1.6542e-05,1.6542e-05,91,1,91,91,91,4,1,4,4,4
13,30,1.6023e-05,1,1.6023e-05,1.6023e-05,1.6023e-05,89,1,89,89,89,3,1,3,3,3
13,30,1.6495e-05,1,1.6495e-05,1.6495e-05,1.6495e-05,91,1,91,91,91,3,1,3,3,3
13,30,1.7931e-05,1,1.7931e-05,1.7931e-05,1.7931e-05,92,1,92,92,92,3,1,3,3,3
13,30,1.7001e-05,1,1.7001e-05,1.7001e-05,1.7001e-05,94,1,94,94,94,4,1,4,4,4
13,30,1.5961e-05,1,1.5961e-05,1.5961e-05,1.5961e-05,91,1,91,91,91,3,1,3,3,3
13,30,1.641e-05,1,1.641e-05,1.641e-05,1.641e-05,88,1,88,88,88,3,1,3,3,3
13,30,1.6175e-05,1,1.6175e-05,1.6175e-05,1.6175e-05,90,1,90,90,90,3,1,3,3,3
13,30,1.6946e-05,1,1.6946e-05,1.6946e-05,1.6946e-05,89,1,89,89,89,3,1,3,3,3
13,30,1.6215e-05,1,1.6215e-05,1.6215e-05,1.6215e-05,92,1,92,92,92,3,1,3,3,3
13,30,1.6359e-05,1,1.6359e-05,1.6359e-05,1.6359e-05,97,1,97,97,97,4,1,4,4,4
13,30,1.6931e-05,1,1.6931e-05,1.6931e-05,1.6931e-05,89,1,89,89,89,3,1,3,3,3
13,30,2.1801e-05,1,2.1801e-05,2.1801e-05,2.1801e-05,87,1,87,87,87,4,1,4,4,4
13,30,1.6227e-05,1,1.6227e-05,1.6227e-05,1.6227e-05,95,1,95,95,95,4,1,4,4,4
13,30,1.6436e-05,1,1.6436e-05,1.6436e-05,1.6436e-05,95,1,95,95,95,4,1,4,4,4
13,30,1.6187e-05,1,1.6187e-05,1.6187e-05,1.6187e-05,91,1,91,91,91,3,1,3,3,3
13,30,1.5879e-05,1,1.5879e-05,1.5879e-05,1.5879e-05,87,1,87,87,87,3,1,3,3,3
13,30,1.6199e-05,1,1.6199e-05,1.6199e-05,1.6199e-05,89,1,89,89,89,3,1,3,3,3
13,30,1.8154e-05,1,1.8154e-05,1.8154e-05,1.8154e-05,93,1,93,93,93,4,1,4,4,4
13,30,1.7248e-05,1,1.7248e-05,1.7248e-05,1.7248e-05,91,1,91,91,91,3,1,3,3,3
13,30,1.7732e-05,1,1.7732e-05,1.7732e-05,1.7732e-05,89,1,89,89,89,3,1,3,3,3
13,30,1.761e-05,1,1.761e-05,1.761e-05,1.761e-05,89,1,89,89,89,3,1,3,3,3
13,30,1.6005e-05,1,1.6005e-05,1.6005e-05,1.6005e-05,96,1,96,96,96,4,1,4,4,4
13,30,1.6426e-05,1,1.6426e-05,1.6426e-05,1.6426e-05,93,1,93,93,93,4,1,4,4,4
13,30,1.6133e-05,1,1.6133e-05,1.6133e-05,1.6133e-05,90,1,90,90,90,3,1,3,3,3
13,30,1.6582e-05,1,1.6582e-05,1.6582e-05,1.6582e-05,89,1,89,89,89,3,1,3,3,3
13,30,1.5716e-05,1,1.5716e-05,1.5716e-05,1.5716e-05,88,1,88,88,88,3,1,3,3,3
13,30,1.6395e-05,1,1.6395e-05,1.6395e-05,1.6395e-05,95,1,95,95,95,4,1,4,4,4
13,30,1.6143e-05,1,1.6143e-05,1.6143e-05,1.6143e-05,91,1,91,91,91,4,1,4,4,4
13,30,1.6444e-05,1,1.6444e-05,1.6444e-05,1.6444e-05,92,1,92,92,92,4,1,4,4,4
13,30,1.6442e-05,1,1.6442e-05,1.6442e-05,1.6442e-05,95,1,95,95,95,4,1,4,4,4
13,30,1.6352e-05,1,1.6352e-05,1.6352e-05,1.6352e-05,91,1,91,91,91,4,1,4,4,4
13,30,1.6323e-05,1,1.6323e-05,1.6323e-05,1.6323e-05,92,1,92,92,92,4,1,4,4,4
13,30,1.6505e-05,1,1.6505e-05,1.6505e-05,1.6505e-05,89,1,89,89,89,3,1,3,3,3
13,30,1.6001e-05,1,1.6001e-05,1.6001e-05,1.6001e-05,91,1,91,91,91,3,1,3,3,3
13,30,1.7386e-05,1,1.7386e-05,1.7386e-05,1.7386e-05,93,1,93,93,93,5,1,5,5,5
13,30,1.6807e-05,1,1.6807e-05,1.6807e-05,1.6807e-05,94,1,94,94,94,4,1,4,4,4
13,30,1.6548e-05,1,1.6548e-05,1.6548e-05,1.6548e-05,96,1,96,96,96,4,1,4,4,4
13,30,1.5612e-05,1,1.5612e-05,1.5612e-05,1.5612e-05,92,1,92,92,92,4,1,4,4,4
13,30,1.5788e-05,1,1.5788e-05,1.5788e-05,1.5788e-05,91,1,91,91,91,3,1,3,3,3
13,30,1.6815e-05,1,1.6815e-05,1.6815e-05,1.6815e-05,92,1,92,92,92,4,1,4,4,4
13,30,1.6408e-05,1,1.6408e-05,1.6408e-05,1.6408e-05,95,1,95,95,95,4,1,4,4,4
13,30,1.6722e-05,1,1.6722e-05,1.6722e-05,1.6722e-05,87,1,87,87,87,3,1,3,3,3
13,30,1.6322e-05,1,1.6322e-05,1.6322e-05,1.6322e-05,95,1,95,95,95,4,1,4,4,4
13,30,1.6129e-05,1,1.6129e-05,1.6129e-05,1.6129e-05,93,1,93,93,93,4,1,4,4,4
13,30,1.6646e-05,1,1.6646e-05,1.6646e-05,1.6646e-05,91,1,91,91,91,3,1,3,3,3
13,30,1.6389e-05,1,1.6389e-05,1.6389e-05,1.6389e-05,91,1,91,91,91,3,1,3,3,3
13,30,1.563e-05,1,1.563e-05,1.563e-05,1.563e-05,88,1,88,88,88,3,1,3,3,3
13,30,1.634e-05,1,1.634e-05,1.634e-05,1.634e-05,87,1,87,87,87,3,1,3,3,3
13,30,1.6844e-05,1,1.6844e-05,1.6844e-05,1.6844e-05,94,1,94,94,94,4,1,4,4,4
13,30,1.5881e-05,1,1.5881e-05,1.5881e-05,1.5881e-05,89,1,89,89,89,3,1,3,3,3
13,30,1.6335e-05,1,1.6335e-05,1.6335e-05,1.6335e-05,90,1,90,90,90,4,1,4,4,4
13,30,1.6392e-05,1,1.6392e-05,1.6392e-05,1.6392e-05,93,1,93,93,93,4,1,4,4,4
13,30,1.632e-05,1,1.632e-05,1.632e-05,1.632e-05,93,1,93,93,93,3,1,3,3,3
13,30,1.6598e-05,1,1.6598e-05,1.6598e-05,1.6598e-05,90,1,90,90,90,3,1,3,3,3
13,30,1.5896e-05,1,1.5896e-05,1.5896e-05,1.5896e-05,92,1,92,92,92,4,1,4,4,4
13,30,1.6965e-05,1,1.6965e-05,1.6965e-05,1.6965e-05,88,1,88,88,88,3,1,3,3,3
13,30,1.6271e-05,1,1.6271e-05,1.6271e-05,1.6271e-05,96,1,96,96,96,4,1,4,4,4
13,30,1.6549e-05,1,1.6549e-05,1.6549e-05,1.6549e-05,91,1,91,91,91,3,1,3,3,3
13,30,1.6943e-05,1,1.6943e-05,1.6943e-05,1.6943e-05,93,1,93,93,93,4,1,4,4,4
13,30,1.6243e-05,1,1.6243e-05,1.6243e-05,1.6243e-05,88,1,88,88,88,3,1,3,3,3
13,30,1.6307e-05,1,1.6307e-05,1.6307e-05,1.6307e-05,97,1,97,97,97,5,1,5,5,5
13,30,1.706e-05,1,1.706e-05,1.706e-05,1.706e-05,91,1,91,91,91,4,1,4,4,4
13,30,1.6736e-05,1,1.6736e-05,1.6736e-05,1.6736e-05,95,1,95,95,95,4,1,4,4,4
13,30,1.659e-05,1,1.659e-05,1.659e-05,1.659e-05,91,1,91,91,91,4,1,4,4,4
13,30,1.6381e-05,1,1.6381e-05,1.6381e-05,1.6381e-05,92,1,92,92,92,4,1,4,4,4
13,30,1.6313e-05,1,1.6313e-05,1.6313e-05,1.6313e-05,92,1,92,92,92,4,1,4,4,4
13,30,1.5991e-05,1,1.5991e-05,1.5991e-05,1.5991e-05,96,1,96,96,96,4,1,4,4,4
13,30,1.5484e-05,1,1.5484e-05,1.5484e-05,1.5484e-05,94,1,94,94,94,4,1,4,4,4
13,30,1.6386e-05,1,1.6386e-05,1.6386e-05,1.6386e-05,89,1,89,89,89,3,1,3,3,3
13,30,1.5817e-05,1,1.5817e-05,1.5817e-05,1.5817e-05,89,1,89,89,89,3,1,3,3,3
13,30,1.5888e-05,1,1.5888e-05,1.5888e-05,1.5888e-05,92,1,92,92,92,3,1,3,3,3
13,30,1.6063e-05,1,1.6063e-05,1.6063e-05,1.6063e-05,91,1,91,91,91,3,1,3,3,3
13,30,1.6459e-05,1,1.6459e-05,1.6459e-05,1.6459e-05,89,1,89,89,89,4,1,4,4,4
13,30,1.6543e-05,1,1.6543e-05,1.6543e-05,1.6543e-05,92,1,92,92,92,4,1,4,4,4
13,30,1.7089e-05,1,1.7089e-05,1.7089e-05,1.7089e-05,95,1,95,95,95,4,1,4,4,4
13,30,1.6584e-05,1,1.6584e-05,1.6584e-05,1.6584e-05,91,1,91,91,91,4,1,4,4,4
13,30,1.7031e-05,1,1.7031e-05,1.7031e-05,1.7031e-05,93,1,93,93,93,4,1,4,4,4
13,30,1.5918e-05,1,1.5918e-05,1.5918e-05,1.5918e-05,90,1,90,90,90,3,1,3,3,3
13,30,1.6335e-05,1,1.6335e-05,1.6335e-05,1.6335e-05,94,1,94,94,94,4,1,4,4,4
13,30,1.643e-05,1,1.643e-05,1.643e-05,1.643e-05,93,1,93,93,93,4,1,4,4,4
13,30,1.613e-05,1,1.613e-05,1.613e-05,1.613e-05,94,1,94,94,94,4,1,4,4,4
13,30,1.6683e-05,1,1.6683e-05,1.6683e-05,1.6683e-05,90,1,90,90,90,3,1,3,3,3
13,30,1.6823e-05,1,1.6823e-05,1.6823e-05,1.6823e-05,92,1,92,92,92,3,1,3,3,3
13,30,1.6105e-05,1,1.6105e-05,1.6105e-05,1.6105e-05,93,1,93,93,93,4,1,4,4,4
13,30,1.6561e-05,1,1.6561e-05,1.6561e-05,1.6561e-05,91,1,91,91,91,3,1,3,3,3
13,30,1.6331e-05,1,1.6331e-05,1.6331e-05,1.6331e-05,88,1,88,88,88,3,1,3,3,3
13,30,1.6575e-05,1,1.6575e-05,1.6575e-05,1.6575e-05,87,1,87,87,87,3,1,3,3,3
13,30,1.6207e-05,1,1.6207e-05,1.6207e-05,1.6207e-05,92,1,92,92,92,4,1,4,4,4
13,30,1.6054e-05,1,1.6054e-05,1.6054e-05,1.6054e-05,92,1,92,92,92,4,1,4,4,4
13,30,1.5606e-05,1,1.5606e-05,1.5606e-05,1.5606e-05,90,1,90,90,90,4,1,4,4,4
13,30,1.5996e-05,1,1.5996e-05,1.5996e-05,1.5996e-05,92,1,92,92,92,3,1,3,3,3
13,30,1.6098e-05,1,1.6098e-05,1.6098e-05,1.6098e-05,91,1,91,91,91,3,1,3,3,3
13,30,1.5788e-05,1,1.5788e-05,1.5788e-05,1.5788e-05,91,1,91,91,91,3,1,3,3,3
13,30,1.6269e-05,1,1.6269e-05,1.6269e-05,1.6269e-05,91,1,91,91,91,3,1,3,3,3
13,30,1.6469e-05,1,1.6469e-05,1.6469e-05,1.6469e-05,95,1,95,95,95,4,1,4,4,4
13,30,1.6042e-05,1,1.6042e-05,1.6042e-05,1.6042e-05,93,1,93,93,93,4,1,4,4,4
13,30,1.7197e-05,1,1.7197e-05,1.7197e-05,1.7197e-05,96,1,96,96,96,4,1,4,4,4
13,30,1.586e-05,1,1.586e-05,1.586e-05,1.586e-05,92,1,92,92,92,3,1,3,3,3
13,30,1.6359e-05,1,1.6359e-05,1.6359e-05,1.6359e-05,89,1,89,89,89,4,1,4,4,4
13,30,1.6001e-05,1,1.6001e-05,1.6001e-05,1.6001e-05,94,1,94,94,94,4,1,4,4,4
13,30,1.5747e-05,1,1.5747e-05,1.5747e-05,1.5747e-05,94,1,94,94,94,4,1,4,4,4
13,30,1.6495e-05,1,1.6495e-05,1.6495e-05,1.6495e-05,92,1,92,92,92,4,1,4,4,4
13,30,1.6288e-05,1,1.6288e-05,1.6288e-05,1.6288e-05,90,1,90,90,90,4,1,4,4,4
13,30,1.5813e-05,1,1.5813e-05,1.5813e-05,1.5813e-05,89,1,89,89,89,3,1,3,3,3
13,30,1.5639e-05,1,1.5639e-05,1.5639e-05,1.5639e-05,89,1,89,89,89,4,1,4,4,4
13,30,1.6514e-05,1,1.6514e-05,1.6514e-05,1.6514e-05,95,1,95,95,95,5,1,5,5,5
13,30,1.6168e-05,1,1.6168e-05,1.6168e-05,1.6168e-05,92,1,92,92,92,4,1,4,4,4
13,30,1.6686e-05,1,1.6686e-05,1.6686e-05,1.6686e-05,97,1,97,97,97,4,1,4,4,4
13,30,1.6571e-05,1,1.6571e-05,1.6571e-05,1.6571e-05,90,1,90,90,90,3,1,3,3,3
13,30,1.5953e-05,1,1.5953e-05,1.5953e-05,1.5953e-05,89,1,89,89,89,3,1,3,3,3
13,30,1.5504e-05,1,1.5504e-05,1.5504e-05,1.5504e-05,90,1,90,90,90,3,1,3,3,3
13,30,3.4094e-05,1,3.4094e-05,3.4094e-05,3.4094e-05,94,1,94,94,94,4,1,4,4,4
13,30,1.7162e-05,1,1.7162e-05,1.7162e-05,1.7162e-05,92,1,92,92,92,3,1,3,3,3
13,30,1.6998e-05,1,1.6998e-05,1.6998e-05,1.6998e-05,90,1,90,90,90,3,1,3,3,3
13,30,1.6573e-05,1,1.6573e-05,1.6573e-05,1.6573e-05,89,1,89,89,89,3,1,3,3,3
13,30,1.6783e-05,1,1.6783e-05,1.6783e-05,1.6783e-05,89,1,89,89,89,3,1,3,3,3
13,30,1.6502e-05,1,1.6502e-05,1.6502e-05,1.6502e-05,92,1,92,92,92,4,1,4,4,4
13,30,1.6919e-05,1,1.6919e-05,1.6919e-05,1.6919e-05,91,1,91,91,91,4,1,4,4,4
13,30,1.6167e-05,1,1.6167e-05,1.6167e-05,1.6167e-05,95,1,95,95,95,4,1,4,4,4
13,30,1.6599e-05,1,1.6599e-05,1.6599e-05,1.6599e-05,89,1,89,89,89,3,1,3,3,3
13,30,1.7225e-05,1,1.7225e-05,1.7225e-05,1.7225e-05,90,1,90,90,90,3,1,3,3,3
13,30,1.608e-05,1,1.608e-05,1.608e-05,1.608e-05,93,1,93,93,93,4,1,4,4,4
13,30,1.6781e-05,1,1.6781e-05,1.6781e-05,1.6781e-05,90,1,90,90,90,4,1,4,4,4
13,30,1.8915e-05,1,1.8915e-05,1.8915e-05,1.8915e-05,90,1,90,90,90,3,1,3,3,3
13,30,1.6335e-05,1,1.6335e-05,1.6335e-05,1.6335e-05,91,1,91,91,91,3,1,3,3,3
13,30,1.6889e-05,1,1.6889e-05,1.6889e-05,1.6889e-05,95,1,95,95,95,4,1,4,4,4
13,30,1.6331e-05,1,1.6331e-05,1.6331e-05,1.6331e-05,91,1,91,91,91,4,1,4,4,4
13,30,1.5847e-05,1,1.5847e-05,1.5847e-05,1.5847e-05,93,1,93,93,93,4,1,4,4,4
13,30,1.6403e-05,1,1.6403e-05,1.6403e-05,1.6403e-05,96,1,96,96,96,4,1,4,4,4
13,30,1.59e-05,1,1.59e-05,1.59e-05,1.59e-05,90,1,90,90,90,4,1,4,4,4
13,30,1.6409e-05,1,1.6409e-05,1.6409e-05,1.6409e-05,96,1,96,96,96,4,1,4,4,4
13,30,1.6146e-05,1,1.6146e-05,1.6146e-05,1.6146e-05,100,1,100,100,100,5,1,5,5,5
13,30,1.6353e-05,1,1.6353e-05,1.6353e-05,1.6353e-05,94,1,94,94,94,4,1,4,4,4
13,30,1.5707e-05,1,1.5707e-05,1.5707e-05,1.5707e-05,89,1,89,89,89,3,1,3,3,3
13,30,1.5737e-05,1,1.5737e-05,1.5737e-05,1.5737e-05,89,1,89,89,89,3,1,3,3,3
13,30,1.6519e-05,1,1.6519e-05,1.6519e-05,1.6519e-05,93,1,93,93,93,4,1,4,4,4
13,30,1.6464e-05,1,1.6464e-05,1.6464e-05,1.6464e-05,93,1,93,93,93,4,1,4,4,4
13,30,1.6976e-05,1,1.6976e-05,1.6976e-05,1.6976e-05,92,1,92,92,92,3,1,3,3,3
13,30,1.6309e-05,1,1.6309e-05,1.6309e-05,1.6309e-05,92,1,92,92,92,3,1,3,3,3
13,30,1.676e-05,1,1.676e-05,1.676e-05,1.676e-05,93,1,93,93,93,4,1,4,4,4
13,30,1.599e-05,1,1.599e-05,1.599e-05,1.599e-05,91,1,91,91,91,4,1,4,4,4
13,30,1.6798e-05,1,1.6798e-05,1.6798e-05,1.6798e-05,97,1,97,97,97,4,1,4,4,4
13,30,1.5615e-05,1,1.5615e-05,1.5615e-05,1.5615e-05,90,1,90,90,90,3,1,3,3,3
13,30,1.6364e-05,1,1.6364e-05,1.6364e-05,1.6364e-05,93,1,93,93,93,4,1,4,4,4
13,30,1.6541e-05,1,1.6541e-05,1.6541e-05,1.6541e-05,92,1,92,92,92,4,1,4,4,4
13,30,1.6491e-05,1,1.6491e-05,1.6491e-05,1.6491e-05,88,1,88,88,88,3,1,3,3,3
13,30,1.5856e-05,1,1.5856e-05,1.5856e-05,1.5856e-05,87,1,87,87,87,3,1,3,3,3
13,30,1.6081e-05,1,1.6081e-05,1.6081e-05,1.6081e-05,94,1,94,94,94,4,1,4,4,4
13,30,1.6055e-05,1,1.6055e-05,1.6055e-05,1.6055e-05,86,1,86,86,86,3,1,3,3,3
13,30,1.5941e-05,1,1.5941e-05,1.5941e-05,1.5941e-05,94,1,94,94,94,4,1,4,4,4
13,30,1.5877e-05,1,1.5877e-05,1.5877e-05,1.5877e-05,97,1,97,97,97,4,1,4,4,4
13,30,1.5854e-05,1,1.5854e-05,1.5854e-05,1.5854e-05,94,1,94,94,94,4,1,4,4,4
13,30,1.6662e-05,1,1.6662e-05,1.6662e-05,1.6662e-05,94,1,94,94,94,4,1,4,4,4
13,30,1.6315e-05,1,1.6315e-05,1.6315e-05,1.6315e-05,96,1,96,96,96,4,1,4,4,4
13,30,1.6451e-05,1,1.6451e-05,1.6451e-05,1.6451e-05,96,1,96,96,96,5,1,5,5,5
13,30,1.6089e-05,1,1.6089e-05,1.6089e-05,1.6089e-05,92,1,92,92,92,4,1,4,4,4
13,30,1.6957e-05,1,1.6957e-05,1.6957e-05,1.6957e-05,91,1,91,91,91,4,1,4,4,4
13,30,1.6712e-05,1,1.6712e-05,1.6712e-05,1.6712e-05,94,1,94,94,94,4,1,4,4,4
13,30,1.631e-05,1,1.631e-05,1.631e-05,1.631e-05,95,1,95,95,95,4,1,4,4,4
13,30,1.6246e-05,1,1.6246e-05,1.6246e-05,1.6246e-05,95,1,95,95,95,4,1,4,4,4
13,30,1.6603e-05,1,1.6603e-05,1.6603e-05,1.6603e-05,93,1,93,93,93,4,1,4,4,4
13,30,1.6529e-05,1,1.6529e-05,1.6529e-05,1.6529e-05,89,1,89,89,89,3,1,3,3,3
13,30,1.6696e-05,1,1.6696e-05,1.6696e-05,1.6696e-05,93,1,93,93,93,4,1,4,4,4
13,30,1.7145e-05,1,1.7145e-05,1.7145e-05,1.7145e-05,95,1,95,95,95,4,1,4,4,4
13,30,3.3861e-05,1,3.3861e-05,3.3861e-05,3.3861e-05,92,1,92,92,92,3,1,3,3,3
13,30,1.7835e-05,1,1.7835e-05,1.7835e-05,1.7835e-05,96,1,96,96,96,4,1,4,4,4
13,30,1.7247e-05,1,1.7247e-05,1.7247e-05,1.7247e-05,97,1,97,97,97,4,1,4,4,4
13,30,1.7112e-05,1,1.7112e-05,1.7112e-05,1.7112e-05,90,1,90,90,90,3,1,3,3,3
13,30,1.7779e-05,1,1.7779e-05,1.7779e-05,1.7779e-05,92,1,92,92,92,3,1,3,3,3
13,30,1.6281e-05,1,1.6281e-05,1.6281e-05,1.6281e-05,94,1,94,94,94,4,1,4,4,4
13,30,1.6799e-05,1,1.6799e-05,1.6799e-05,1.6799e-05,95,1,95,95,95,4,1,4,4,4
13,30,1.6752e-05,1,1.6752e-05,1.6752e-05,1.6752e-05,95,1,95,95,95,4,1,4,4,4
13,30,1.5961e-05,1,1.5961e-05,1.5961e-05,1.5961e-05,89,1,89,89,89,3,1,3,3,3
13,30,1.6077e-05,1,1.6077e-05,1.6077e-05,1.6077e-05,87,1,87,87,87,3,1,3,3,3
13,30,1.5987e-05,1,1.5987e-05,1.5987e-05,1.5987e-05,90,1,90,90,90,4,1,4,4,4
13,30,1.5787e-05,1,1.5787e-05,1.5787e-05,1.5787e-05,89,1,89,89,89,3,1,3,3,3
13,30,1.6765e-05,1,1.6765e-05,1.6765e-05,1.6765e-05,96,1,96,96,96,4,1,4,4,4
13,30,1.6146e-05,1,1.6146e-05,1.6146e-05,1.6146e-05,91,1,91,91,91,3,1,3,3,3
13,30,1.6504e-05,1,1.6504e-05,1.6504e-05,1.6504e-05,98,1,98,98,98,4,1,4,4,4
13,30,1.6499e-05,1,1.6499e-05,1.6499e-05,1.6499e-05,88,1,88,88,88,3,1,3,3,3
13,30,1.6044e-05,1,1.6044e-05,1.6044e-05,1.6044e-05,90,1,90,90,90,3,1,3,3,3
13,30,1.6415e-05,1,1.6415e-05,1.6415e-05,1.6415e-05,101,1,101,101,101,4,1,4,4,4
13,30,1.6845e-05,1,1.6845e-05,1.6845e-05,1.6845e-05,91,1,91,91,91,3,1,3,3,3
13,30,1.586e-05,1,1.586e-05,1.586e-05,1.586e-05,84,1,84,84,84,3,1,3,3,3
13,30,1.5978e-05,1,1.5978e-05,1.5978e-05,1.5978e-05,95,1,95,95,95,4,1,4,4,4
13,30,1.659e-05,1,1.659e-05,1.659e-05,1.659e-05,93,1,93,93,93,4,1,4,4,4
13,30,1.6022e-05,1,1.6022e-05,1.6022e-05,1.6022e-05,96,1,96,96,96,4,1,4,4,4
13,30,1.6451e-05,1,1.6451e-05,1.6451e-05,1.6451e-05,93,1,93,93,93,4,1,4,4,4
13,30,1.6446e-05,1,1.6446e-05,1.6446e-05,1.6446e-05,92,1,92,92,92,3,1,3,3,3
13,30,1.6186e-05,1,1.6186e-05,1.6186e-05,1.6186e-05,89,1,89,89,89,3,1,3,3,3
13,30,1.6535e-05,1,1.6535e-05,1.6535e-05,1.6535e-05,92,1,92,92,92,3,1,3,3,3
13,30,1.5702e-05,1,1.5702e-05,1.5702e-05,1.5702e-05,90,1,90,90,90,4,1,4,4,4
13,30,1.6153e-05,1,1.6153e-05,1.6153e-05,1.6153e-05,91,1,91,91,91,3,1,3,3,3
13,30,1.6507e-05,1,1.6507e-05,1.6507e-05,1.6507e-05,95,1,95,95,95,4,1,4,4,4
13,30,1.7006e-05,1,1.7006e-05,1.7006e-05,1.7006e-05,94,1,94,94,94,4,1,4,4,4
13,30,1.6473e-05,1,1.6473e-05,1.6473e-05,1.6473e-05,93,1,93,93,93,4,1,4,4,4
13,30,1.6757e-05,1,1.6757e-05,1.6757e-05,1.6757e-05,89,1,89,89,89,3,1,3,3,3
13,30,1.609e-05,1,1.609e-05,1.609e-05,1.609e-05,94,1,94,94,94,4,1,4,4,4
13,30,1.7027e-05,1,1.7027e-05,1.7027e-05,1.7027e-05,91,1,91,91,91,3,1,3,3,3
13,30,1.6576e-05,1,1.6576e-05,1.6576e-05,1.6576e-05,94,1,94,94,94,4,1,4,4,4
13,30,1.7322e-05,1,1.7322e-05,1.7322e-05,1.7322e-05,87,1,87,87,87,3,1,3,3,3
13,30,1.6691e-05,1,1.6691e-05,1.6691e-05,1.6691e-05,93,1,93,93,93,4,1,4,4,4
13,30,1.6934e-05,1,1.6934e-05,1.6934e-05,1.6934e-05,86,1,86,86,86,3,1,3,3,3
13,30,1.7227e-05,1,1.7227e-05,1.7227e-05,1.7227e-05,95,1,95,95,95,4,1,4,4,4
13,30,1.757e-05,1,1.757e-05,1.757e-05,1.757e-05,93,1,93,93,93,4,1,4,4,4
13,30,1.7049e-05,1,1.7049e-05,1.7049e-05,1.7049e-05,92,1,92,92,92,4,1,4,4,4
13,30,1.7545e-05,1,1.7545e-05,1.7545e-05,1.7545e-05,101,1,101,101,101,5,1,5,5,5
13,30,1.797e-05,1,1.797e-05,1.797e-05,1.797e-05,96,1,96,96,96,4,1,4,4,4
13,30,1.7144e-05,1,1.7144e-05,1.7144e-05,1.7144e-05,93,1,93,93,93,4,1,4,4,4
13,30,3.3094e-05,1,3.3094e-05,3.3094e-05,3.3094e-05,89,1,89,89,89,3,1,3,3,3
13,30,1.6244e-05,1,1.6244e-05,1.6244e-05,1.6244e-05,89,1,89,89,89,4,1,4,4,4
13,30,1.6855e-05,1,1.6855e-05,1.6855e-05,1.6855e-05,97,1,97,97,97,4,1,4,4,4
13,30,1.5775e-05,1,1.5775e-05,1.5775e-05,1.5775e-05,92,1,92,92,92,4,1,4,4,4
13,30,1.6336e-05,1,1.6336e-05,1.6336e-05,1.6336e-05,92,1,92,92,92,4,1,4,4,4
13,30,1.5707e-05,1,1.5707e-05,1.5707e-05,1.5707e-05,90,1,90,90,90,3,1,3,3,3
13,30,1.6598e-05,1,1.6598e-05,1.6598e-05,1.6598e-05,91,1,91,91,91,3,1,3,3,3
13,30,1.6384e-05,1,1.6384e-05,1.6384e-05,1.6384e-05,91,1,91,91,91,4,1,4,4,4
13,30,1.6497e-05,1,1.6497e-05,1.6497e-05,1.6497e-05,89,1,89,89,89,3,1,3,3,3
13,30,1.6807e-05,1,1.6807e-05,1.6807e-05,1.6807e-05,88,1,88,88,88,3,1,3,3,3
13,30,1.56e-05,1,1.56e-05,1.56e-05,1.56e-05,90,1,90,90,90,4,1,4,4,4
13,30,1.6056e-05,1,1.6056e-05,1.6056e-05,1.6056e-05,91,1,91,91,91,4,1,4,4,4
13,30,1.5997e-05,1,1.5997e-05,1.5997e-05,1.5997e-05,91,1,91,91,91,3,1,3,3,3
13,30,1.6461e-05,1,1.6461e-05,1.6461e-05,1.6461e-05,96,1,96,96,96,4,1,4,4,4
13,30,1.6491e-05,1,1.6491e-05,1.6491e-05,1.6491e-05,95,1,95,95,95,4,1,4,4,4
13,30,1.5428e-05,1,1.5428e-05,1.5428e-05,1.5428e-05,93,1,93,93,93,4,1,4,4,4
13,30,1.6381e-05,1,1.6381e-05,1.6381e-05,1.6381e-05,91,1,91,91,91,4,1,4,4,4
13,30,1.6145e-05,1,1.6145e-05,1.6145e-05,1.6145e-05,93,1,93,93,93,4,1,4,4,4
13,30,1.694e-05,1,1.694e-05,1.694e-05,1.694e-05,93,1,93,93,93,4,1,4,4,4
13,30,1.6362e-05,1,1.6362e-05,1.6362e-05,1.6362e-05,92,1,92,92,92,4,1,4,4,4
13,30,1.5754e-05,1,1.5754e-05,1.5754e-05,1.5754e-05,89,1,89,89,89,3,1,3,3,3
13,30,1.6545e-05,1,1.6545e-05,1.6545e-05,1.6545e-05,90,1,90,90,90,3,1,3,3,3
13,30,1.6016e-05,1,1.6016e-05,1.6016e-05,1.6016e-05,88,1,88,88,88,3,1,3,3,3
13,30,1.66e-05,1,1.66e-05,1.66e-05,1.66e-05,90,1,90,90,90,3,1,3,3,3
13,30,1.6814e-05,1,1.6814e-05,1.6814e-05,1.6814e-05,94,1,94,94,94,4,1,4,4,4
13,30,1.7039e-05,1,1.7039e-05,1.7039e-05,1.7039e-05,89,1,89,89,89,3,1,3,3,3
13,30,1.8036e-05,1,1.8036e-05,1.8036e-05,1.8036e-05,89,1,89,89,89,4,1,4,4,4
13,30,1.6939e-05,1,1.6939e-05,1.6939e-05,1.6939e-05,94,1,94,94,94,4,1,4,4,4
13,30,1.5643e-05,1,1.5643e-05,1.5643e-05,1.5643e-05,90,1,90,90,90,4,1,4,4,4
13,30,1.7122e-05,1,1.7122e-05,1.7122e-05,1.7122e-05,96,1,96,96,96,4,1,4,4,4
13,30,1.6312e-05,1,1.6312e-05,1.6312e-05,1.6312e-05,98,1,98,98,98,4,1,4,4,4
13,30,1.542e-05,1,1.542e-05,1.542e-05,1.542e-05,90,1,90,90,90,3,1,3,3,3
13,30,1.6787e-05,1,1.6787e-05,1.6787e-05,1.6787e-05,91,1,91,91,91,4,1,4,4,4
13,30,1.6392e-05,1,1.6392e-05,1.6392e-05,1.6392e-05,96,1,96,96,96,5,1,5,5,5
13,30,1.645e-05,1,1.645e-05,1.645e-05,1.645e-05,98,1,98,98,98,4,1,4,4,4
13,30,1.5922e-05,1,1.5922e-05,1.5922e-05,1.5922e-05,93,1,93,93,93,4,1,4,4,4
13,30,1.5877e-05,1,1.5877e-05,1.5877e-05,1.5877e-05,90,1,90,90,90,3,1,3,3,3
13,30,1.6509e-05,1,1.6509e-05,1.6509e-05,1.6509e-05,93,1,93,93,93,3,1,3,3,3
13,30,1.5255e-05,1,1.5255e-05,1.5255e-05,1.5255e-05,89,1,89,89,89,3,1,3,3,3
13,30,1.6313e-05,1,1.6313e-05,1.6313e-05,1.6313e-05,90,1,90,90,90,3,1,3,3,3
13,30,1.6115e-05,1,1.6115e-05,1.6115e-05,1.6115e-05,89,1,89,89,89,3,1,3,3,3
13,30,1.5998e-05,1,1.5998e-05,1.5998e-05,1.5998e-05,90,1,90,90,90,3,1,3,3,3
13,30,1.527e-05,1,1.527e-05,1.527e-05,1.527e-05,88,1,88,88,88,3,1,3,3,3
13,30,1.6751e-05,1,1.6751e-05,1.6751e-05,1.6751e-05,93,1,93,93,93,4,1,4,4,4
13,30,1.6627e-05,1,1.6627e-05,1.6627e-05,1.6627e-05,93,1,93,93,93,4,1,4,4,4
13,30,1.6408e-05,1,1.6408e-05,1.6408e-05,1.6408e-05,89,1,89,89,89,3,1,3,3,3
13,30,1.6378e-05,1,1.6378e-05,1.6378e-05,1.6378e-05,97,1,97,97,97,4,1,4,4,4
13,30,1.6556e-05,1,1.6556e-05,1.6556e-05,1.6556e-05,90,1,90,90,90,3,1,3,3,3
13,30,1.5856e-05,1,1.5856e-05,1.5856e-05,1.5856e-05,90,1,90,90,90,3,1,3,3,3
13,30,1.6656e-05,1,1.6656e-05,1.6656e-05,1.6656e-05,88,1,88,88,88,3,1,3,3,3
13,30,1.6075e-05,1,1.6075e-05,1.6075e-05,1.6075e-05,93,1,93,93,93,4,1,4,4,4
13,30,1.5494e-05,1,1.5494e-05,1.5494e-05,1.5494e-05,87,1,87,87,87,3,1,3,3,3
13,30,1.5763e-05,1,1.5763e-05,1.5763e-05,1.5763e-05,88,1,88,88,88,3,1,3,3,3
13,30,1.7186e-05,1,1.7186e-05,1.7186e-05,1.7186e-05,90,1,90,90,90,3,1,3,3,3
13,30,1.5571e-05,1,1.5571e-05,1.5571e-05,1.5571e-05,89,1,89,89,89,3,1,3,3,3
13,30,1.6767e-05,1,1.6767e-05,1.6767e-05,1.6767e-05,94,1,94,94,94,4,1,4,4,4
13,30,1.6501e-05,1,1.6501e-05,1.6501e-05,1.6501e-05,95,1,95,95,95,4,1,4,4,4
13,30,1.5658e-05,1,1.5658e-05,1.5658e-05,1.5658e-05,88,1,88,88,88,3,1,3,3,3
13,30,1.6133e-05,1,1.6133e-05,1.6133e-05,1.6133e-05,93,1,93,93,93,4,1,4,4,4
13,30,1.608e-05,1,1.608e-05,1.608e-05,1.608e-05,91,1,91,91,91,4,1,4,4,4
13,30,1.6439e-05,1,1.6439e-05,1.6439e-05,1.6439e-05,89,1,89,89,89,3,1,3,3,3
13,30,1.6727e-05,1,1.6727e-05,1.6727e-05,1.6727e-05,89,1,89,89,89,3,1,3,3,3
13,30,1.6309e-05,1,1.6309e-05,1.6309e-05,1.6309e-05,96,1,96,96,96,4,1,4,4,4
13,30,1.6803e-05,1,1.6803e-05,1.6803e-05,1.6803e-05,95,1,95,95,95,4,1,4,4,4
13,30,1.7143e-05,1,1.7143e-05,1.7143e-05,1.7143e-05,101,1,101,101,101,4,1,4,4,4
13,30,1.62e-05,1,1.62e-05,1.62e-05,1.62e-05,94,1,94,94,94,4,1,4,4,4
13,30,1.6222e-05,1,1.6222e-05,1.6222e-05,1.6222e-05,90,1,90,90,90,3,1,3,3,3
13,30,1.7082e-05,1,1.7082e-05,1.7082e-05,1.7082e-05,98,1,98,98,98,5,1,5,5,5
13,30,1.6402e-05,1,1.6402e-05,1.6402e-05,1.6402e-05,93,1,93,93,93,4,1,4,4,4
13,30,1.6923e-05,1,1.6923e-05,1.6923e-05,1.6923e-05,93,1,93,93,93,4,1,4,4,4
13,30,1.6839e-05,1,1.6839e-05,1.6839e-05,1.6839e-05,95,1,95,95,95,4,1,4,4,4
13,30,1.667e-05,1,1.667e-05,1.667e-05,1.667e-05,95,1,95,95,95,4,1,4,4,4
13,30,1.5836e-05,1,1.5836e-05,1.5836e-05,1.5836e-05,87,1,87,87,87,3,1,3,3,3
13,30,1.5961e-05,1,1.5961e-05,1.5961e-05,1.5961e-05,93,1,93,93,93,4,1,4,4,4
13,30,1.6236e-05,1,1.6236e-05,1.6236e-05,1.6236e-05,92,1,92,92,92,3,1,3,3,3
13,30,1.5858e-05,1,1.5858e-05,1.5858e-05,1.5858e-05,88,1,88,88,88,3,1,3,3,3
13,30,1.6497e-05,1,1.6497e-05,1.6497e-05,1.6497e-05,93,1,93,93,93,4,1,4,4,4
13,30,1.6044e-05,1,1.6044e-05,1.6044e-05,1.6044e-05,87,1,87,87,87,3,1,3,3,3
13,30,1.6408e-05,1,1.6408e-05,1.6408e-05,1.6408e-05,93,1,93,93,93,4,1,4,4,4
13,30,1.5214e-05,1,1.5214e-05,1.5214e-05,1.5214e-05,91,1,91,91,91,3,1,3,3,3
13,30,1.661e-05,1,1.661e-05,1.661e-05,1.661e-05,91,1,91,91,91,4,1,4,4,4
13,30,1.6055e-05,1,1.6055e-05,1.6055e-05,1.6055e-05,93,1,93,93,93,4,1,4,4,4
13,30,1.681e-05,1,1.681e-05,1.681e-05,1.681e-05,95,1,95,95,95,4,1,4,4,4
13,30,1.5887e-05,1,1.5887e-05,1.5887e-05,1.5887e-05,92,1,92,92,92,4,1,4,4,4
13,30,1.7135e-05,1,1.7135e-05,1.7135e-05,1.7135e-05,90,1,90,90,90,4,1,4,4,4
13,30,1.6248e-05,1,1.6248e-05,1.6248e-05,1.6248e-05,91,1,91,91,91,3,1,3,3,3
13,30,1.621e-05,1,1.621e-05,1.621e-05,1.621e-05,93,1,93,93,93,4,1,4,4,4
13,30,1.6106e-05,1,1.6106e-05,1.6106e-05,1.6106e-05,93,1,93,93,93,4,1,4,4,4
13,30,1.6718e-05,1,1.6718e-05,1.6718e-05,1.6718e-05,95,1,95,95,95,4,1,4,4,4
13,30,1.6327e-05,1,1.6327e-05,1.6327e-05,1.6327e-05,93,1,93,93,93,4,1,4,4,4
13,30,1.603e-05,1,1.603e-05,1.603e-05,1.603e-05,92,1,92,92,92,4,1,4,4,4
13,30,1.6945e-05,1,1.6945e-05,1.6945e-05,1.6945e-05,94,1,94,94,94,4,1,4,4,4
13,30,1.6057e-05,1,1.6057e-05,1.6057e-05,1.6057e-05,95,1,95,95,95,4,1,4,4,4
13,30,1.6597e-05,1,1.6597e-05,1.6597e-05,1.6597e-05,91,1,91,91,91,4,1,4,4,4
13,30,1.6054e-05,1,1.6054e-05,1.6054e-05,1.6054e-05,87,1,87,87,87,3,1,3,3,3
13,30,1.6202e-05,1,1.6202e-05,1.6202e-05,1.6202e-05,93,1,93,93,93,4,1,4,4,4
13,30,1.6694e-05,1,1.6694e-05,1.6694e-05,1.6694e-05,89,1,89,89,89,3,1,3,3,3
13,30,1.6664e-05,1,1.6664e-05,1.6664e-05,1.6664e-05,89,1,89,89,89,3,1,3,3,3
13,30,1.6174e-05,1,1.6174e-05,1.6174e-05,1.6174e-05,91,1,91,91,91,4,1,4,4,4
13,30,1.6091e-05,1,1.6091e-05,1.6091e-05,1.6091e-05,91,1,91,91,91,3,1,3,3,3
13,30,1.6311e-05,1,1.6311e-05,1.6311e-05,1.6311e-05,92,1,92,92,92,4,1,4,4,4
13,30,1.6551e-05,1,1.6551e-05,1.6551e-05,1.6551e-05,94,1,94,94,94,4,1,4,4,4
13,30,1.5994e-05,1,1.5994e-05,1.5994e-05,1.5994e-05,90,1,90,90,90,3,1,3,3,3
13,30,1.6071e-05,1,1.6071e-05,1.6071e-05,1.6071e-05,90,1,90,90,90,3,1,3,3,3
13,30,1.6525e-05,1,1.6525e-05,1.6525e-05,1.6525e-05,91,1,91,91,91,3,1,3,3,3
13,30,1.6599e-05,1,1.6599e-05,1.6599e-05,1.6599e-05,90,1,90,90,90,3,1,3,3,3
13,30,1.6124e-05,1,1.6124e-05,1.6124e-05,1.6124e-05,88,1,88,88,88,3,1,3,3,3
13,30,1.6058e-05,1,1.6058e-05,1.6058e-05,1.6058e-05,88,1,88,88,88,3,1,3,3,3
13,30,1.7006e-05,1,1.7006e-05,1.7006e-05,1.7006e-05,97,1,97,97,97,4,1,4,4,4
13,30,1.5796e-05,1,1.5796e-05,1.5796e-05,1.5796e-05,88,1,88,88,88,3,1,3,3,3
13,30,1.5609e-05,1,1.5609e-05,1.5609e-05,1.5609e-05,87,1,87,87,87,3,1,3,3,3
13,30,1.5682e-05,1,1.5682e-05,1.5682e-05,1.5682e-05,92,1,92,92,92,4,1,4,4,4
13,30,1.627e-05,1,1.627e-05,1.627e-05,1.627e-05,92,1,92,92,92,3,1,3,3,3
13,30,1.6813e-05,1,1.6813e-05,1.6813e-05,1.6813e-05,88,1,88,88,88,3,1,3,3,3
13,30,1.5625e-05,1,1.5625e-05,1.5625e-05,1.5625e-05,89,1,89,89,89,3,1,3,3,3
13,30,1.6922e-05,1,1.6922e-05,1.6922e-05,1.6922e-05,91,1,91,91,91,3,1,3,3,3
13,30,1.6213e-05,1,1.6213e-05,1.6213e-05,1.6213e-05,92,1,92,92,92,4,1,4,4,4
13,30,1.6543e-05,1,1.6543e-05,1.6543e-05,1.6543e-05,88,1,88,88,88,3,1,3,3,3
13,30,1.6371e-05,1,1.6371e-05,1.6371e-05,1.6371e-05,95,1,95,95,95,4,1,4,4,4
13,30,1.5284e-05,1,1.5284e-05,1.5284e-05,1.5284e-05,88,1,88,88,88,3,1,3,3,3
13,30,1.6727e-05,1,1.6727e-05,1.6727e-05,1.6727e-05,87,1,87,87,87,3,1,3,3,3
13,30,1.681e-05,1,1.681e-05,1.681e-05,1.681e-05,93,1,93,93,93,5,1,5,5,5
13,30,1.6871e-05,1,1.6871e-05,1.6871e-05,1.6871e-05,92,1,92,92,92,4,1,4,4,4
13,30,1.6671e-05,1,1.6671e-05,1.6671e-05,1.6671e-05,98,1,98,98,98,4,1,4,4,4
13,30,1.6021e-05,1,1.6021e-05,1.6021e-05,1.6021e-05,90,1,90,90,90,3,1,3,3,3
13,30,1.5676e-05,1,1.5676e-05,1.5676e-05,1.5676e-05,89,1,89,89,89,3,1,3,3,3
13,30,1.5715e-05,1,1.5715e-05,1.5715e-05,1.5715e-05,91,1,91,91,91,3,1,3,3,3
13,30,1.6302e-05,1,1.6302e-05,1.6302e-05,1.6302e-05,90,1,90,90,90,4,1,4,4,4
13,30,1.5853e-05,1,1.5853e-05,1.5853e-05,1.5853e-05,85,1,85,85,85,3,1,3,3,3
13,30,1.6325e-05,1,1.6325e-05,1.6325e-05,1.6325e-05,94,1,94,94,94,4,1,4,4,4
13,30,1.6881e-05,1,1.6881e-05,1.6881e-05,1.6881e-05,93,1,93,93,93,4,1,4,4,4
13,30,1.7607e-05,1,1.7607e-05,1.7607e-05,1.7607e-05,95,1,95,95,95,4,1,4,4,4
13,30,1.6654e-05,1,1.6654e-05,1.6654e-05,1.6654e-05,90,1,90,90,90,4,1,4,4,4
13,30,1.7607e-05,1,1.7607e-05,1.7607e-05,1.7607e-05,92,1,92,92,92,4,1,4,4,4
13,30,1.7466e-05,1,1.7466e-05,1.7466e-05,1.7466e-05,97,1,97,97,97,4,1,4,4,4
13,30,1.8086e-05,1,1.8086e-05,1.8086e-05,1.8086e-05,93,1,93,93,93,4,1,4,4,4
13,30,1.6897e-05,1,1.6897e-05,1.6897e-05,1.6897e-05,90,1,90,90,90,3,1,3,3,3
13,30,1.641e-05,1,1.641e-05,1.641e-05,1.641e-05,91,1,91,91,91,3,1,3,3,3
13,30,1.6092e-05,1,1.6092e-05,1.6092e-05,1.6092e-05,91,1,91,91,91,4,1,4,4,4
13,30,1.6015e-05,1,1.6015e-05,1.6015e-05,1.6015e-05,92,1,92,92,92,3,1,3,3,3
13,30,1.6826e-05,1,1.6826e-05,1.6826e-05,1.6826e-05,89,1,89,89,89,3,1,3,3,3
13,30,1.5719e-05,1,1.5719e-05,1.5719e-05,1.5719e-05,91,1,91,91,91,4,1,4,4,4
13,30,1.6857e-05,1,1.6857e-05,1.6857e-05,1.6857e-05,90,1,90,90,90,3,1,3,3,3
13,30,1.6474e-05,1,1.6474e-05,1.6474e-05,1.6474e-05,90,1,90,90,90,3,1,3,3,3
13,30,1.6455e-05,1,1.6455e-05,1.6455e-05,1.6455e-05,89,1,89,89,89,3,1,3,3,3
13,30,1.6154e-05,1,1.6154e-05,1.6154e-05,1.6154e-05,94,1,94,94,94,4,1,4,4,4
13,30,1.5802e-05,1,1.5802e-05,1.5802e-05,1.5802e-05,92,1,92,92,92,3,1,3,3,3
13,30,1.6513e-05,1,1.6513e-05,1.6513e-05,1.6513e-05,87,1,87,87,87,3,1,3,3,3
13,30,1.6281e-05,1,1.6281e-05,1.6281e-05,1.6281e-05,92,1,92,92,92,3,1,3,3,3
13,30,1.6765e-05,1,1.6765e-05,1.6765e-05,1.6765e-05,95,1,95,95,95,4,1,4,4,4
13,30,1.6018e-05,1,1.6018e-05,1.6018e-05,1.6018e-05,90,1,90,90,90,4,1,4,4,4
13,30,1.6305e-05,1,1.6305e-05,1.6305e-05,1.6305e-05,93,1,93,93,93,4,1,4,4,4
13,30,1.6723e-05,1,1.6723e-05,1.6723e-05,1.6723e-05,90,1,90,90,90,4,1,4,4,4
13,30,1.6314e-05,1,1.6314e-05,1.6314e-05,1.6314e-05,90,1,90,90,90,3,1,3,3,3
13,30,1.651e-05,1,1.651e-05,1.651e-05,1.651e-05,95,1,95,95,95,4,1,4,4,4
13,30,1.5894e-05,1,1.5894e-05,1.5894e-05,1.5894e-05,90,1,90,90,90,3,1,3,3,3
13,30,1.6569e-05,1,1.6569e-05,1.6569e-05,1.6569e-05,92,1,92,92,92,4,1,4,4,4
13,30,1.5882e-05,1,1.5882e-05,1.5882e-05,1.5882e-05,92,1,92,92,92,3,1,3,3,3
13,30,1.6734e-05,1,1.6734e-05,1.6734e-05,1.6734e-05,91,1,91,91,91,4,1,4,4,4
13,30,1.562e-05,1,1.562e-05,1.562e-05,1.562e-05,90,1,90,90,90,3,1,3,3,3
13,30,1.7075e-05,1,1.7075e-05,1.7075e-05,1.7075e-05,90,1,90,90,90,3,1,3,3,3
13,30,1.5487e-05,1,1.5487e-05,1.5487e-05,1.5487e-05,89,1,89,89,89,3,1,3,3,3
13,30,1.7034e-05,1,1.7034e-05,1.7034e-05,1.7034e-05,93,1,93,93,93,4,1,4,4,4
13,30,1.6362e-05,1,1.6362e-05,1.6362e-05,1.6362e-05,92,1,92,92,92,3,1,3,3,3
13,30,1.666e-05,1,1.666e-05,1.666e-05,1.666e-05,91,1,91,91,91,4,1,4,4,4
13,30,1.6398e-05,1,1.6398e-05,1.6398e-05,1.6398e-05,94,1,94,94,94,4,1,4,4,4
13,30,1.6771e-05,1,1.6771e-05,1.6771e-05,1.6771e-05,91,1,91,91,91,3,1,3,3,3
13,30,1.672e-05,1,1.672e-05,1.672e-05,1.672e-05,96,1,96,96,96,4,1,4,4,4
13,30,1.6625e-05,1,1.6625e-05,1.6625e-05,1.6625e-05,93,1,93,93,93,4,1,4,4,4
13,30,1.6129e-05,1,1.6129e-05,1.6129e-05,1.6129e-05,95,1,95,95,95,4,1,4,4,4
13,30,1.6208e-05,1,1.6208e-05,1.6208e-05,1.6208e-05,91,1,91,91,91,3,1,3,3,3
13,30,1.6241e-05,1,1.6241e-05,1.6241e-05,1.6241e-05,96,1,96,96,96,4,1,4,4,4
13,30,1.6472e-05,1,1.6472e-05,1.6472e-05,1.6472e-05,95,1,95,95,95,4,1,4,4,4
13,30,1.6351e-05,1,1.6351e-05,1.6351e-05,1.6351e-05,91,1,91,91,91,4,1,4,4,4
13,30,1.6388e-05,1,1.6388e-05,1.6388e-05,1.6388e-05,88,1,88,88,88,3,1,3,3,3
13,30,1.6742e-05,1,1.6742e-05,1.6742e-05,1.6742e-05,97,1,97,97,97,4,1,4,4,4
13,30,1.6292e-05,1,1.6292e-05,1.6292e-05,1.6292e-05,96,1,96,96,96,4,1,4,4,4
13,30,1.5996e-05,1,1.5996e-05,1.5996e-05,1.5996e-05,91,1,91,91,91,3,1,3,3,3
13,30,1.67e-05,1,1.67e-05,1.67e-05,1.67e-05,98,1,98,98,98,5,1,5,5,5
13,30,1.6445e-05,1,1.6445e-05,1.6445e-05,1.6445e-05,95,1,95,95,95,4,1,4,4,4
13,30,1.6297e-05,1,1.6297e-05,1.6297e-05,1.6297e-05,93,1,93,93,93,3,1,3,3,3
13,30,1.6111e-05,1,1.6111e-05,1.6111e-05,1.6111e-05,87,1,87,87,87,3,1,3,3,3
13,30,1.5698e-05,1,1.5698e-05,1.5698e-05,1.5698e-05,89,1,89,89,89,3,1,3,3,3
13,30,1.6605e-05,1,1.6605e-05,1.6605e-05,1.6605e-05,91,1,91,91,91,4,1,4,4,4
13,30,1.6435e-05,1,1.6435e-05,1.6435e-05,1.6435e-05,93,1,93,93,93,4,1,4,4,4
13,30,1.6247e-05,1,1.6247e-05,1.6247e-05,1.6247e-05,90,1,90,90,90,4,1,4,4,4
13,30,1.5481e-05,1,1.5481e-05,1.5481e-05,1.5481e-05,90,1,90,90,90,3,1,3,3,3
13,30,1.6213e-05,1,1.6213e-05,1.6213e-05,1.6213e-05,90,1,90,90,90,3,1,3,3,3
13,30,1.7081e-05,1,1.7081e-05,1.7081e-05,1.7081e-05,99,1,99,99,99,5,1,5,5,5
13,30,1.5934e-05,1,1.5934e-05,1.5934e-05,1.5934e-05,92,1,92,92,92,4,1,4,4,4
13,30,1.6059e-05,1,1.6059e-05,1.6059e-05,1.6059e-05,91,1,91,91,91,3,1,3,3,3
13,30,1.6403e-05,1,1.6403e-05,1.6403e-05,1.6403e-05,90,1,90,90,90,3,1,3,3,3
13,30,1.5862e-05,1,1.5862e-05,1.5862e-05,1.5862e-05,98,1,98,98,98,4,1,4,4,4
13,30,1.6154e-05,1,1.6154e-05,1.6154e-05,1.6154e-05,92,1,92,92,92,4,1,4,4,4
13,30,1.6557e-05,1,1.6557e-05,1.6557e-05,1.6557e-05,97,1,97,97,97,4,1,4,4,4
13,30,1.6354e-05,1,1.6354e-05,1.6354e-05,1.6354e-05,94,1,94,94,94,4,1,4,4,4
13,30,2.2143e-05,1,2.2143e-05,2.2143e-05,2.2143e-05,93,1,93,93,93,3,1,3,3,3
13,30,1.6872e-05,1,1.6872e-05,1.6872e-05,1.6872e-05,93,1,93,93,93,4,1,4,4,4
13,30,1.6669e-05,1,1.6669e-05,1.6669e-05,1.6669e-05,93,1,93,93,93,4,1,4,4,4
13,30,1.6444e-05,1,1.6444e-05,1.6444e-05,1.6444e-05,92,1,92,92,92,4,1,4,4,4
13,30,1.5944e-05,1,1.5944e-05,1.5944e-05,1.5944e-05,92,1,92,92,92,3,1,3,3,3
13,30,1.5645e-05,1,1.5645e-05,1.5645e-05,1.5645e-05,91,1,91,91,91,4,1,4,4,4
13,30,1.6605e-05,1,1.6605e-05,1.6605e-05,1.6605e-05,91,1,91,91,91,4,1,4,4,4
13,30,1.6106e-05,1,1.6106e-05,1.6106e-05,1.6106e-05,89,1,89,89,89,3,1,3,3,3
13,30,1.6436e-05,1,1.6436e-05,1.6436e-05,1.6436e-05,91,1,91,91,91,3,1,3,3,3
13,30,1.606e-05,1,1.606e-05,1.606e-05,1.606e-05,88,1,88,88,88,3,1,3,3,3
13,30,1.6453e-05,1,1.6453e-05,1.6453e-05,1.6453e-05,99,1,99,99,99,4,1,4,4,4
13,30,1.6559e-05,1,1.6559e-05,1.6559e-05,1.6559e-05,96,1,96,96,96,4,1,4,4,4
13,30,1.66e-05,1,1.66e-05,1.66e-05,1.66e-05,89,1,89,89,89,3,1,3,3,3
13,30,1.6444e-05,1,1.6444e-05,1.6444e-05,1.6444e-05,94,1,94,94,94,4,1,4,4,4
13,30,1.5992e-05,1,1.5992e-05,1.5992e-05,1.5992e-05,88,1,88,88,88,3,1,3,3,3
13,30,1.6983e-05,1,1.6983e-05,1.6983e-05,1.6983e-05,89,1,89,89,89,3,1,3,3,3
13,30,1.6406e-05,1,1.6406e-05,1.6406e-05,1.6406e-05,94,1,94,94,94,4,1,4,4,4
13,30,1.6337e-05,1,1.6337e-05,1.6337e-05,1.6337e-05,93,1,93,93,93,4,1,4,4,4
13,30,1.6065e-05,1,1.6065e-05,1.6065e-05,1.6065e-05,92,1,92,92,92,4,1,4,4,4
13,30,1.6041e-05,1,1.6041e-05,1.6041e-05,1.6041e-05,91,1,91,91,91,3,1,3,3,3
13,30,1.6621e-05,1,1.6621e-05,1.6621e-05,1.6621e-05,90,1,90,90,90,3,1,3,3,3
13,30,1.6142e-05,1,1.6142e-05,1.6142e-05,1.6142e-05,95,1,95,95,95,4,1,4,4,4
13,30,1.6335e-05,1,1.6335e-05,1.6335e-05,1.6335e-05,91,1,91,91,91,4,1,4,4,4
13,30,1.6446e-05,1,1.6446e-05,1.6446e-05,1.6446e-05,91,1,91,91,91,4,1,4,4,4
13,30,1.7001e-05,1,1.7001e-05,1.7001e-05,1.7001e-05,94,1,94,94,94,4,1,4,4,4
13,30,1.632e-05,1,1.632e-05,1.632e-05,1.632e-05,93,1,93,93,93,4,1,4,4,4
13,30,1.6328e-05,1,1.6328e-05,1.6328e-05,1.6328e-05,88,1,88,88,88,3,1,3,3,3
13,30,1.7171e-05,1,1.7171e-05,1.7171e-05,1.7171e-05,96,1,96,96,96,4,1,4,4,4
13,30,1.7997e-05,1,1.7997e-05,1.7997e-05,1.7997e-05,99,1,99,99,99,5,1,5,5,5
13,30,1.6899e-05,1,1.6899e-05,1.6899e-05,1.6899e-05,91,1,91,91,91,4,1,4,4,4
13,30,1.7586e-05,1,1.7586e-05,1.7586e-05,1.7586e-05,92,1,92,92,92,4,1,4,4,4
13,30,1.6805e-05,1,1.6805e-05,1.6805e-05,1.6805e-05,92,1,92,92,92,4,1,4,4,4
13,30,1.7094e-05,1,1.7094e-05,1.7094e-05,1.7094e-05,95,1,95,95,95,4,1,4,4,4
13,30,1.7146e-05,1,1.7146e-05,1.7146e-05,1.7146e-05,88,1,88,88,88,3,1,3,3,3
13,30,1.6527e-05,1,1.6527e-05,1.6527e-05,1.6527e-05,89,1,89,89,89,4,1,4,4,4
13,30,1.7281e-05,1,1.7281e-05,1.7281e-05,1.7281e-05,94,1,94,94,94,4,1,4,4,4
13,30,1.8099e-05,1,1.8099e-05,1.8099e-05,1.8099e-05,90,1,90,90,90,3,1,3,3,3
13,30,1.8019e-05,1,1.8019e-05,1.8019e-05,1.8019e-05,96,1,96,96,96,4,1,4,4,4
13,30,1.7675e-05,1,1.7675e-05,1.7675e-05,1.7675e-05,94,1,94,94,94,3,1,3,3,3
13,30,1.7084e-05,1,1.7084e-05,1.7084e-05,1.7084e-05,96,1,96,96,96,4,1,4,4,4
13,30,1.8005e-05,1,1.8005e-05,1.8005e-05,1.8005e-05,91,1,91,91,91,4,1,4,4,4
13,30,2.0821e-05,1,2.0821e-05,2.0821e-05,2.0821e-05,92,1,92,92,92,4,1,4,4,4
13,30,1.7307e-05,1,1.7307e-05,1.7307e-05,1.7307e-05,93,1,93,93,93,3,1,3,3,3
13,30,1.7293e-05,1,1.7293e-05,1.7293e-05,1.7293e-05,93,1,93,93,93,4,1,4,4,4
13,30,1.7638e-05,1,1.7638e-05,1.7638e-05,1.7638e-05,89,1,89,89,89,3,1,3,3,3
13,30,1.6948e-05,1,1.6948e-05,1.6948e-05,1.6948e-05,94,1,94,94,94,4,1,4,4,4
13,30,1.6408e-05,1,1.6408e-05,1.6408e-05,1.6408e-05,93,1,93,93,93,3,1,3,3,3
13,30,1.6608e-05,1,1.6608e-05,1.6608e-05,1.6608e-05,95,1,95,95,95,4,1,4,4,4
13,30,1.6334e-05,1,1.6334e-05,1.6334e-05,1.6334e-05,88,1,88,88,88,3,1,3,3,3
13,30,1.6783e-05,1,1.6783e-05,1.6783e-05,1.6783e-05,88,1,88,88,88,3,1,3,3,3
13,30,1.8669e-05,1,1.8669e-05,1.8669e-05,1.8669e-05,93,1,93,93,93,4,1,4,4,4
13,30,1.6908e-05,1,1.6908e-05,1.6908e-05,1.6908e-05,88,1,88,88,88,3,1,3,3,3
13,30,3.2725e-05,1,3.2725e-05,3.2725e-05,3.2725e-05,90,1,90,90,90,3,1,3,3,3
13,30,1.5669e-05,1,1.5669e-05,1.5669e-05,1.5669e-05,90,1,90,90,90,3,1,3,3,3
13,30,1.9176e-05,1,1.9176e-05,1.9176e-05,1.9176e-05,93,1,93,93,93,4,1,4,4,4
13,30,1.6864e-05,1,1.6864e-05,1.6864e-05,1.6864e-05,91,1,91,91,91,4,1,4,4,4
13,30,1.6427e-05,1,1.6427e-05,1.6427e-05,1.6427e-05,90,1,90,90,90,4,1,4,4,4
13,30,1.649e-05,1,1.649e-05,1.649e-05,1.649e-05,87,1,87,87,87,3,1,3,3,3
13,30,1.6746e-05,1,1.6746e-05,1.6746e-05,1.6746e-05,88,1,88,88,88,3,1,3,3,3
13,30,1.6822e-05,1,1.6822e-05,1.6822e-05,1.6822e-05,99,1,99,99,99,5,1,5,5,5
13,30,1.6342e-05,1,1.6342e-05,1.6342e-05,1.6342e-05,95,1,95,95,95,4,1,4,4,4
13,30,1.674e-05,1,1.674e-05,1.674e-05,1.674e-05,90,1,90,90,90,4,1,4,4,4
13,30,1.6818e-05,1,1.6818e-05,1.6818e-05,1.6818e-05,94,1,94,94,94,4,1,4,4,4
13,30,1.6276e-05,1,1.6276e-05,1.6276e-05,1.6276e-05,89,1,89,89,89,3,1,3,3,3
13,30,1.6314e-05,1,1.6314e-05,1.6314e-05,1.6314e-05,93,1,93,93,93,4,1,4,4,4
13,30,1.6218e-05,1,1.6218e-05,1.6218e-05,1.6218e-05,95,1,95,95,95,4,1,4,4,4
13,30,1.6447e-05,1,1.6447e-05,1.6447e-05,1.6447e-05,92,1,92,92,92,4,1,4,4,4
13,30,1.6355e-05,1,1.6355e-05,1.6355e-05,1.6355e-05,95,1,95,95,95,4,1,4,4,4
13,30,1.6045e-05,1,1.6045e-05,1.6045e-05,1.6045e-05,89,1,89,89,89,3,1,3,3,3
13,30,1.6938e-05,1,1.6938e-05,1.6938e-05,1.6938e-05,92,1,92,92,92,4,1,4,4,4
13,30,1.5763e-05,1,1.5763e-05,1.5763e-05,1.5763e-05,93,1,93,93,93,4,1,4,4,4
13,30,1.6573e-05,1,1.6573e-05,1.6573e-05,1.6573e-05,94,1,94,94,94,4,1,4,4,4
13,30,1.5586e-05,1,1.5586e-05,1.5586e-05,1.5586e-05,86,1,86,86,86,3,1,3,3,3
13,30,1.6639e-05,1,1.6639e-05,1.6639e-05,1.6639e-05,88,1,88,88,88,3,1,3,3,3
13,30,1.6376e-05,1,1.6376e-05,1.6376e-05,1.6376e-05,90,1,90,90,90,3,1,3,3,3
13,30,1.601e-05,1,1.601e-05,1.601e-05,1.601e-05,90,1,90,90,90,3,1,3,3,3
13,30,1.6171e-05,1,1.6171e-05,1.6171e-05,1.6171e-05,91,1,91,91,91,4,1,4,4,4
13,30,1.6873e-05,1,1.6873e-05,1.6873e-05,1.6873e-05,96,1,96,96,96,4,1,4,4,4
13,30,1.597e-05,1,1.597e-05,1.597e-05,1.597e-05,91,1,91,91,91,4,1,4,4,4
13,30,1.5914e-05,1,1.5914e-05,1.5914e-05,1.5914e-05,96,1,96,96,96,4,1,4,4,4
13,30,1.683e-05,1,1.683e-05,1.683e-05,1.683e-05,92,1,92,92,92,4,1,4,4,4
13,30,1.6825e-05,1,1.6825e-05,1.6825e-05,1.6825e-05,92,1,92,92,92,4,1,4,4,4
13,30,1.7142e-05,1,1.7142e-05,1.7142e-05,1.7142e-05,93,1,93,93,93,4,1,4,4,4
13,30,1.5974e-05,1,1.5974e-05,1.5974e-05,1.5974e-05,92,1,92,92,92,4,1,4,4,4
13,30,1.6634e-05,1,1.6634e-05,1.6634e-05,1.6634e-05,93,1,93,93,93,3,1,3,3,3
13,30,1.6311e-05,1,1.6311e-05,1.6311e-05,1.6311e-05,100,1,100,100,100,5,1,5,5,5
13,30,1.6482e-05,1,1.6482e-05,1.6482e-05,1.6482e-05,91,1,91,91,91,4,1,4,4,4
13,30,1.6415e-05,1,1.6415e-05,1.6415e-05,1.6415e-05,93,1,93,93,93,4,1,4,4,4
13,30,1.6722e-05,1,1.6722e-05,1.6722e-05,1.6722e-05,93,1,93,93,93,4,1,4,4,4
13,30,1.6702e-05,1,1.6702e-05,1.6702e-05,1.6702e-05,95,1,95,95,95,4,1,4,4,4
13,30,1.6797e-05,1,1.6797e-05,1.6797e-05,1.6797e-05,87,1,87,87,87,3,1,3,3,3
13,30,1.7071e-05,1,1.7071e-05,1.7071e-05,1.7071e-05,103,1,103,103,103,5,1,5,5,5
13,30,1.5894e-05,1,1.5894e-05,1.5894e-05,1.5894e-05,91,1,91,91,91,3,1,3,3,3
13,30,1.658e-05,1,1.658e-05,1.658e-05,1.658e-05,95,1,95,95,95,4,1,4,4,4
13,30,1.6164e-05,1,1.6164e-05,1.6164e-05,1.6164e-05,93,1,93,93,93,3,1,3,3,3
13,30,1.5948e-05,1,1.5948e-05,1.5948e-05,1.5948e-05,90,1,90,90,90,4,1,4,4,4
13,30,1.7476e-05,1,1.7476e-05,1.7476e-05,1.7476e-05,89,1,89,89,89,3,1,3,3,3
13,30,1.7285e-05,1,1.7285e-05,1.7285e-05,1.7285e-05,90,1,90,90,90,3,1,3,3,3
13,30,1.746e-05,1,1.746e-05,1.746e-05,1.746e-05,95,1,95,95,95,4,1,4,4,4
13,30,1.7118e-05,1,1.7118e-05,1.7118e-05,1.7118e-05,90,1,90,90,90,3,1,3,3,3
13,30,1.7464e-05,1,1.7464e-05,1.7464e-05,1.7464e-05,90,1,90,90,90,3,1,3,3,3
13,30,1.7413e-05,1,1.7413e-05,1.7413e-05,1.7413e-05,93,1,93,93,93,4,1,4,4,4
13,30,1.7144e-05,1,1.7144e-05,1.7144e-05,1.7144e-05,91,1,91,91,91,4,1,4,4,4
13,30,1.7237e-05,1,1.7237e-05,1.7237e-05,1.7237e-05,94,1,94,94,94,4,1,4,4,4
13,30,1.7036e-05,1,1.7036e-05,1.7036e-05,1.7036e-05,88,1,88,88,88,3,1,3,3,3
13,30,1.6985e-05,1,1.6985e-05,1.6985e-05,1.6985e-05,94,1,94,94,94,4,1,4,4,4
13,30,1.6222e-05,1,1.6222e-05,1.6222e-05,1.6222e-05,88,1,88,88,88,3,1,3,3,3
13,30,1.6574e-05,1,1.6574e-05,1.6574e-05,1.6574e-05,92,1,92,92,92,3,1,3,3,3
13,30,1.6481e-05,1,1.6481e-05,1.6481e-05,1.6481e-05,87,1,87,87,87,4,1,4,4,4
13,30,1.6588e-05,1,1.6588e-05,1.6588e-05,1.6588e-05,92,1,92,92,92,4,1,4,4,4
13,30,1.6575e-05,1,1.6575e-05,1.6575e-05,1.6575e-05,97,1,97,97,97,4,1,4,4,4
13,30,1.613e-05,1,1.613e-05,1.613e-05,1.613e-05,92,1,92,92,92,3,1,3,3,3
13,30,1.5931e-05,1,1.5931e-05,1.5931e-05,1.5931e-05,87,1,87,87,87,3,1,3,3,3
13,30,1.6677e-05,1,1.6677e-05,1.6677e-05,1.6677e-05,90,1,90,90,90,3,1,3,3,3
13,30,1.5767e-05,1,1.5767e-05,1.5767e-05,1.5767e-05,92,1,92,92,92,3,1,3,3,3
13,30,1.6485e-05,1,1.6485e-05,1.6485e-05,1.6485e-05,94,1,94,94,94,4,1,4,4,4
13,30,1.65e-05,1,1.65e-05,1.65e-05,1.65e-05,95,1,95,95,95,4,1,4,4,4
13,30,1.5662e-05,1,1.5662e-05,1.5662e-05,1.5662e-05,92,1,92,92,92,3,1,3,3,3
13,30,1.6555e-05,1,1.6555e-05,1.6555e-05,1.6555e-05,94,1,94,94,94,4,1,4,4,4
13,30,1.616e-05,1,1.616e-05,1.616e-05,1.616e-05,96,1,96,96,96,4,1,4,4,4
13,30,1.6998e-05,1,1.6998e-05,1.6998e-05,1.6998e-05,93,1,93,93,93,4,1,4,4,4
13,30,1.6128e-05,1,1.6128e-05,1.6128e-05,1.6128e-05,89,1,89,89,89,3,1,3,3,3
13,30,1.5479e-05,1,1.5479e-05,1.5479e-05,1.5479e-05,93,1,93,93,93,4,1,4,4,4
13,30,1.5555e-05,1,1.5555e-05,1.5555e-05,1.5555e-05,90,1,90,90,90,3,1,3,3,3
13,30,1.6767e-05,1,1.6767e-05,1.6767e-05,1.6767e-05,95,1,95,95,95,4,1,4,4,4
13,30,1.6519e-05,1,1.6519e-05,1.6519e-05,1.6519e-05,90,1,90,90,90,3,1,3,3,3
13,30,1.6206e-05,1,1.6206e-05,1.6206e-05,1.6206e-05,90,1,90,90,90,4,1,4,4,4
13,30,1.6641e-05,1,1.6641e-05,1.6641e-05,1.6641e-05,90,1,90,90,90,3,1,3,3,3
13,30,1.6358e-05,1,1.6358e-05,1.6358e-05,1.6358e-05,94,1,94,94,94,4,1,4,4,4
13,30,1.5695e-05,1,1.5695e-05,1.5695e-05,1.5695e-05,93,1,93,93,93,4,1,4,4,4
13,30,1.5986e-05,1,1.5986e-05,1.5986e-05,1.5986e-05,88,1,88,88,88,3,1,3,3,3
13,30,1.6414e-05,1,1.6414e-05,1.6414e-05,1.6414e-05,88,1,88,88,88,3,1,3,3,3
13,30,1.5844e-05,1,1.5844e-05,1.5844e-05,1.5844e-05,94,1,94,94,94,4,1,4,4,4
13,30,1.6074e-05,1,1.6074e-05,1.6074e-05,1.6074e-05,97,1,97,97,97,4,1,4,4,4
13,30,1.6501e-05,1,1.6501e-05,1.6501e-05,1.6501e-05,89,1,89,89,89,3,1,3,3,3
13,30,1.6574e-05,1,1.6574e-05,1.6574e-05,1.6574e-05,92,1,92,92,92,4,1,4,4,4
13,30,1.6469e-05,1,1.6469e-05,1.6469e-05,1.6469e-05,89,1,89,89,89,3,1,3,3,3
13,30,1.6563e-05,1,1.6563e-05,1.6563e-05,1.6563e-05,91,1,91,91,91,4,1,4,4,4
13,30,1.5917e-05,1,1.5917e-05,1.5917e-05,1.5917e-05,92,1,92,92,92,4,1,4,4,4
13,30,1.6561e-05,1,1.6561e-05,1.6561e-05,1.6561e-05,94,1,94,94,94,4,1,4,4,4
13,30,1.6569e-05,1,1.6569e-05,1.6569e-05,1.6569e-05,87,1,87,87,87,3,1,3,3,3
13,30,1.6297e-05,1,1.6297e-05,1.6297e-05,1.6297e-05,92,1,92,92,92,4,1,4,4,4
13,30,1.6036e-05,1,1.6036e-05,1.6036e-05,1.6036e-05,90,1,90,90,90,3,1,3,3,3
13,30,1.6123e-05,1,1.6123e-05,1.6123e-05,1.6123e-05,92,1,92,92,92,4,1,4,4,4
13,30,1.63e-05,1,1.63e-05,1.63e-05,1.63e-05,89,1,89,89,89,4,1,4,4,4
13,30,1.6961e-05,1,1.6961e-05,1.6961e-05,1.6961e-05,88,1,88,88,88,3,1,3,3,3
13,30,1.6155e-05,1,1.6155e-05,1.6155e-05,1.6155e-05,91,1,91,91,91,3,1,3,3,3
13,30,1.6374e-05,1,1.6374e-05,1.6374e-05,1.6374e-05,95,1,95,95,95,4,1,4,4,4
13,30,1.5673e-05,1,1.5673e-05,1.5673e-05,1.5673e-05,95,1,95,95,95,4,1,4,4,4
13,30,1.6783e-05,1,1.6783e-05,1.6783e-05,1.6783e-05,98,1,98,98,98,4,1,4,4,4
13,30,1.6036e-05,1,1.6036e-05,1.6036e-05,1.6036e-05,91,1,91,91,91,3,1,3,3,3
13,30,1.6878e-05,1,1.6878e-05,1.6878e-05,1.6878e-05,94,1,94,94,94,4,1,4,4,4
13,30,1.6802e-05,1,1.6802e-05,1.6802e-05,1.6802e-05,100,1,100,100,100,5,1,5,5,5
13,30,1.6008e-05,1,1.6008e-05,1.6008e-05,1.6008e-05,93,1,93,93,93,4,1,4,4,4
13,30,1.6522e-05,1,1.6522e-05,1.6522e-05,1.6522e-05,93,1,93,93,93,5,1,5,5,5
13,30,1.5937e-05,1,1.5937e-05,1.5937e-05,1.5937e-05,90,1,90,90,90,3,1,3,3,3
13,30,1.659e-05,1,1.659e-05,1.659e-05,1.659e-05,92,1,92,92,92,3,1,3,3,3
13,30,1.5758e-05,1,1.5758e-05,1.5758e-05,1.5758e-05,89,1,89,89,89,3,1,3,3,3
13,30,1.6079e-05,1,1.6079e-05,1.6079e-05,1.6079e-05,94,1,94,94,94,4,1,4,4,4
13,30,1.68e-05,1,1.68e-05,1.68e-05,1.68e-05,95,1,95,95,95,4,1,4,4,4
13,30,1.6645e-05,1,1.6645e-05,1.6645e-05,1.6645e-05,93,1,93,93,93,4,1,4,4,4
13,30,1.6004e-05,1,1.6004e-05,1.6004e-05,1.6004e-05,94,1,94,94,94,4,1,4,4,4
13,30,1.6448e-05,1,1.6448e-05,1.6448e-05,1.6448e-05,89,1,89,89,89,3,1,3,3,3
13,30,1.5779e-05,1,1.5779e-05,1.5779e-05,1.5779e-05,94,1,94,94,94,3,1,3,3,3
13,30,1.6478e-05,1,1.6478e-05,1.6478e-05,1.6478e-05,91,1,91,91,91,3,1,3,3,3
13,30,1.6331e-05,1,1.6331e-05,1.6331e-05,1.6331e-05,92,1,92,92,92,4,1,4,4,4
13,30,2.2603e-05,1,2.2603e-05,2.2603e-05,2.2603e-05,94,1,94,94,94,4,1,4,4,4
13,30,1.677e-05,1,1.677e-05,1.677e-05,1.677e-05,89,1,89,89,89,3,1,3,3,3
13,30,1.6522e-05,1,1.6522e-05,1.6522e-05,1.6522e-05,96,1,96,96,96,4,1,4,4,4
13,30,1.6842e-05,1,1.6842e-05,1.6842e-05,1.6842e-05,96,1,96,96,96,4,1,4,4,4
13,30,1.7979e-05,1,1.7979e-05,1.7979e-05,1.7979e-05,89,1,89,89,89,3,1,3,3,3
13,30,1.7171e-05,1,1.7171e-05,1.7171e-05,1.7171e-05,93,1,93,93,93,4,1,4,4,4
13,30,1.6529e-05,1,1.6529e-05,1.6529e-05,1.6529e-05,90,1,90,90,90,3,1,3,3,3
13,30,1.6973e-05,1,1.6973e-05,1.6973e-05,1.6973e-05,89,1,89,89,89,3,1,3,3,3
13,30,1.7987e-05,1,1.7987e-05,1.7987e-05,1.7987e-05,91,1,91,91,91,4,1,4,4,4
13,30,1.7241e-05,1,1.7241e-05,1.7241e-05,1.7241e-05,95,1,95,95,95,4,1,4,4,4
13,30,1.6654e-05,1,1.6654e-05,1.6654e-05,1.6654e-05,90,1,90,90,90,3,1,3,3,3
13,30,1.6785e-05,1,1.6785e-05,1.6785e-05,1.6785e-05,93,1,93,93,93,4,1,4,4,4
13,30,1.6207e-05,1,1.6207e-05,1.6207e-05,1.6207e-05,93,1,93,93,93,4,1,4,4,4
13,30,1.6837e-05,1,1.6837e-05,1.6837e-05,1.6837e-05,92,1,92,92,92,3,1,3,3,3
13,30,1.6338e-05,1,1.6338e-05,1.6338e-05,1.6338e-05,95,1,95,95,95,4,1,4,4,4
13,30,1.6402e-05,1,1.6402e-05,1.6402e-05,1.6402e-05,90,1,90,90,90,3,1,3,3,3
13,30,1.6957e-05,1,1.6957e-05,1.6957e-05,1.6957e-05,93,1,93,93,93,4,1,4,4,4
13,30,1.6766e-05,1,1.6766e-05,1.6766e-05,1.6766e-05,91,1,91,91,91,4,1,4,4,4
13,30,1.6229e-05,1,1.6229e-05,1.6229e-05,1.6229e-05,93,1,93,93,93,4,1,4,4,4
13,30,1.6836e-05,1,1.6836e-05,1.6836e-05,1.6836e-05,93,1,93,93,93,4,1,4,4,4
13,30,1.5842e-05,1,1.5842e-05,1.5842e-05,1.5842e-05,88,1,88,88,88,3,1,3,3,3
13,30,1.6644e-05,1,1.6644e-05,1.6644e-05,1.6644e-05,96,1,96,96,96,4,1,4,4,4
13,30,1.7295e-05,1,1.7295e-05,1.7295e-05,1.7295e-05,94,1,94,94,94,4,1,4,4,4
13,30,1.6288e-05,1,1.6288e-05,1.6288e-05,1.6288e-05,89,1,89,89,89,3,1,3,3,3
13,30,1.6619e-05,1,1.6619e-05,1.6619e-05,1.6619e-05,95,1,95,95,95,4,1,4,4,4
13,30,1.5516e-05,1,1.5516e-05,1.5516e-05,1.5516e-05,91,1,91,91,91,3,1,3,3,3
13,30,1.5739e-05,1,1.5739e-05,1.5739e-05,1.5739e-05,92,1,92,92,92,4,1,4,4,4
13,30,1.6339e-05,1,1.6339e-05,1.6339e-05,1.6339e-05,89,1,89,89,89,3,1,3,3,3
13,30,1.6397e-05,1,1.6397e-05,1.6397e-05,1.6397e-05,89,1,89,89,89,3,1,3,3,3
13,30,1.6895e-05,1,1.6895e-05,1.6895e-05,1.6895e-05,98,1,98,98,98,4,1,4,4,4
13,30,1.6686e-05,1,1.6686e-05,1.6686e-05,1.6686e-05,89,1,89,89,89,3,1,3,3,3
13,30,1.5927e-05,1,1.5927e-05,1.5927e-05,1.5927e-05,91,1,91,91,91,4,1,4,4,4
13,30,1.6489e-05,1,1.6489e-05,1.6489e-05,1.6489e-05,87,1,87,87,87,3,1,3,3,3
13,30,1.6356e-05,1,1.6356e-05,1.6356e-05,1.6356e-05,94,1,94,94,94,4,1,4,4,4
13,30,1.668e-05,1,1.668e-05,1.668e-05,1.668e-05,90,1,90,90,90,4,1,4,4,4
13,30,1.7208e-05,1,1.7208e-05,1.7208e-05,1.7208e-05,95,1,95,95,95,4,1,4,4,4
13,30,1.674e-05,1,1.674e-05,1.674e-05,1.674e-05,88,1,88,88,88,3,1,3,3,3
13,30,1.6966e-05,1,1.6966e-05,1.6966e-05,1.6966e-05,96,1,96,96,96,4,1,4,4,4
13,30,1.6509e-05,1,1.6509e-05,1.6509e-05,1.6509e-05,90,1,90,90,90,4,1,4,4,4
13,30,1.6125e-05,1,1.6125e-05,1.6125e-05,1.6125e-05,96,1,96,96,96,4,1,4,4,4
13,30,1.6537e-05,1,1.6537e-05,1.6537e-05,1.6537e-05,92,1,92,92,92,3,1,3,3,3
13,30,1.6895e-05,1,1.6895e-05,1.6895e-05,1.6895e-05,93,1,93,93,93,4,1,4,4,4
13,30,1.6123e-05,1,1.6123e-05,1.6123e-05,1.6123e-05,92,1,92,92,92,4,1,4,4,4
13,30,1.6313e-05,1,1.6313e-05,1.6313e-05,1.6313e-05,93,1,93,93,93,4,1,4,4,4
13,30,1.6667e-05,1,1.6667e-05,1.6667e-05,1.6667e-05,95,1,95,95,95,4,1,4,4,4
13,30,1.6246e-05,1,1.6246e-05,1.6246e-05,1.6246e-05,95,1,95,95,95,4,1,4,4,4
13,30,1.591e-05,1,1.591e-05,1.591e-05,1.591e-05,89,1,89,89,89,3,1,3,3,3
13,30,1.6208e-05,1,1.6208e-05,1.6208e-05,1.6208e-05,89,1,89,89,89,3,1,3,3,3
13,30,1.7096e-05,1,1.7096e-05,1.7096e-05,1.7096e-05,94,1,94,94,94,4,1,4,4,4
13,30,1.6344e-05,1,1.6344e-05,1.6344e-05,1.6344e-05,90,1,90,90,90,3,1,3,3,3
13,30,1.6346e-05,1,1.6346e-05,1.6346e-05,1.6346e-05,88,1,88,88,88,3,1,3,3,3
13,30,1.6761e-05,1,1.6761e-05,1.6761e-05,1.6761e-05,94,1,94,94,94,4,1,4,4,4
13,30,1.5975e-05,1,1.5975e-05,1.5975e-05,1.5975e-05,90,1,90,90,90,4,1,4,4,4
13,30,1.6349e-05,1,1.6349e-05,1.6349e-05,1.6349e-05,89,1,89,89,89,3,1,3,3,3
13,30,1.6634e-05,1,1.6634e-05,1.6634e-05,1.6634e-05,91,1,91,91,91,3,1,3,3,3
13,30,1.6181e-05,1,1.6181e-05,1.6181e-05,1.6181e-05,89,1,89,89,89,3,1,3,3,3
13,30,2.1759e-05,1,2.1759e-05,2.1759e-05,2.1759e-05,87,1,87,87,87,3,1,3,3,3
13,30,1.7353e-05,1,1.7353e-05,1.7353e-05,1.7353e-05,93,1,93,93,93,4,1,4,4,4
13,30,1.651e-05,1,1.651e-05,1.651e-05,1.651e-05,95,1,95,95,95,4,1,4,4,4
13,30,1.6066e-05,1,1.6066e-05,1.6066e-05,1.6066e-05,91,1,91,91,91,4,1,4,4,4
13,30,1.5593e-05,1,1.5593e-05,1.5593e-05,1.5593e-05,87,1,87,87,87,3,1,3,3,3
13,30,1.6579e-05,1,1.6579e-05,1.6579e-05,1.6579e-05,89,1,89,89,89,3,1,3,3,3
13,30,1.7625e-05,1,1.7625e-05,1.7625e-05,1.7625e-05,89,1,89,89,89,3,1,3,3,3
13,30,1.8319e-05,1,1.8319e-05,1.8319e-05,1.8319e-05,101,1,101,101,101,5,1,5,5,5
13,30,1.7715e-05,1,1.7715e-05,1.7715e-05,1.7715e-05,98,1,98,98,98,4,1,4,4,4
13,30,1.7365e-05,1,1.7365e-05,1.7365e-05,1.7365e-05,95,1,95,95,95,4,1,4,4,4
13,30,1.7273e-05,1,1.7273e-05,1.7273e-05,1.7273e-05,93,1,93,93,93,3,1,3,3,3
13,30,1.7553e-05,1,1.7553e-05,1.7553e-05,1.7553e-05,86,1,86,86,86,3,1,3,3,3
13,30,1.6749e-05,1,1.6749e-05,1.6749e-05,1.6749e-05,89,1,89,89,89,3,1,3,3,3
13,30,1.6957e-05,1,1.6957e-05,1.6957e-05,1.6957e-05,94,1,94,94,94,4,1,4,4,4
13,30,1.6938e-05,1,1.6938e-05,1.6938e-05,1.6938e-05,91,1,91,91,91,4,1,4,4,4
13,30,1.7229e-05,1,1.7229e-05,1.7229e-05,1.7229e-05,93,1,93,93,93,4,1,4,4,4
13,30,1.7535e-05,1,1.7535e-05,1.7535e-05,1.7535e-05,96,1,96,96,96,4,1,4,4,4
13,30,1.8173e-05,1,1.8173e-05,1.8173e-05,1.8173e-05,91,1,91,91,91,4,1,4,4,4
13,30,1.7577e-05,1,1.7577e-05,1.7577e-05,1.7577e-05,96,1,96,96,96,4,1,4,4,4
13,30,1.6956e-05,1,1.6956e-05,1.6956e-05,1.6956e-05,90,1,90,90,90,3,1,3,3,3
13,30,1.6669e-05,1,1.6669e-05,1.6669e-05,1.6669e-05,92,1,92,92,92,4,1,4,4,4
13,30,1.638e-05,1,1.638e-05,1.638e-05,1.638e-05,92,1,92,92,92,4,1,4,4,4
13,30,1.6408e-05,1,1.6408e-05,1.6408e-05,1.6408e-05,93,1,93,93,93,4,1,4,4,4
13,30,1.6243e-05,1,1.6243e-05,1.6243e-05,1.6243e-05,87,1,87,87,87,3,1,3,3,3
13,30,1.619e-05,1,1.619e-05,1.619e-05,1.619e-05,92,1,92,92,92,3,1,3,3,3
13,30,1.6171e-05,1,1.6171e-05,1.6171e-05,1.6171e-05,95,1,95,95,95,4,1,4,4,4
13,30,1.6009e-05,1,1.6009e-05,1.6009e-05,1.6009e-05,91,1,91,91,91,3,1,3,3,3
13,30,1.6039e-05,1,1.6039e-05,1.6039e-05,1.6039e-05,92,1,92,92,92,3,1,3,3,3
13,30,1.7046e-05,1,1.7046e-05,1.7046e-05,1.7046e-05,93,1,93,93,93,4,1,4,4,4
13,30,1.6889e-05,1,1.6889e-05,1.6889e-05,1.6889e-05,96,1,96,96,96,4,1,4,4,4
13,30,1.6586e-05,1,1.6586e-05,1.6586e-05,1.6586e-05,88,1,88,88,88,3,1,3,3,3
13,30,1.6581e-05,1,1.6581e-05,1.6581e-05,1.6581e-05,90,1,90,90,90,3,1,3,3,3
13,30,1.6284e-05,1,1.6284e-05,1.6284e-05,1.6284e-05,93,1,93,93,93,4,1,4,4,4
13,30,1.5951e-05,1,1.5951e-05,1.5951e-05,1.5951e-05,88,1,88,88,88,3,1,3,3,3
13,30,1.5856e-05,1,1.5856e-05,1.5856e-05,1.5856e-05,94,1,94,94,94,4,1,4,4,4
13,30,1.603e-05,1,1.603e-05,1.603e-05,1.603e-05,90,1,90,90,90,3,1,3,3,3
13,30,1.7044e-05,1,1.7044e-05,1.7044e-05,1.7044e-05,91,1,91,91,91,3,1,3,3,3
13,30,1.5799e-05,1,1.5799e-05,1.5799e-05,1.5799e-05,90,1,90,90,90,4,1,4,4,4
13,30,1.6275e-05,1,1.6275e-05,1.6275e-05,1.6275e-05,92,1,92,92,92,4,1,4,4,4
13,30,1.5801e-05,1,1.5801e-05,1.5801e-05,1.5801e-05,95,1,95,95,95,4,1,4,4,4
13,30,1.6307e-05,1,1.6307e-05,1.6307e-05,1.6307e-05,93,1,93,93,93,4,1,4,4,4
13,30,1.5204e-05,1,1.5204e-05,1.5204e-05,1.5204e-05,89,1,89,89,89,3,1,3,3,3
13,30,1.6621e-05,1,1.6621e-05,1.6621e-05,1.6621e-05,94,1,94,94,94,4,1,4,4,4
13,30,1.7021e-05,1,1.7021e-05,1.7021e-05,1.7021e-05,94,1,94,94,94,4,1,4,4,4
13,30,1.6438e-05,1,1.6438e-05,1.6438e-05,1.6438e-05,90,1,90,90,90,4,1,4,4,4
13,30,1.626e-05,1,1.626e-05,1.626e-05,1.626e-05,93,1,93,93,93,4,1,4,4,4
13,30,1.5462e-05,1,1.5462e-05,1.5462e-05,1.5462e-05,92,1,92,92,92,4,1,4,4,4
13,30,1.616e-05,1,1.616e-05,1.616e-05,1.616e-05,90,1,90,90,90,3,1,3,3,3
13,30,1.6355e-05,1,1.6355e-05,1.6355e-05,1.6355e-05,94,1,94,94,94,4,1,4,4,4
13,30,1.664e-05,1,1.664e-05,1.664e-05,1.664e-05,92,1,92,92,92,4,1,4,4,4
13,30,1.6873e-05,1,1.6873e-05,1.6873e-05,1.6873e-05,95,1,95,95,95,4,1,4,4,4
13,30,1.6262e-05,1,1.6262e-05,1.6262e-05,1.6262e-05,89,1,89,89,89,3,1,3,3,3
13,30,1.6785e-05,1,1.6785e-05,1.6785e-05,1.6785e-05,96,1,96,96,96,4,1,4,4,4
13,30,1.6621e-05,1,1.6621e-05,1.6621e-05,1.6621e-05,92,1,92,92,92,4,1,4,4,4
13,30,1.623e-05,1,1.623e-05,1.623e-05,1.623e-05,93,1,93,93,93,4,1,4,4,4
13,30,1.6555e-05,1,1.6555e-05,1.6555e-05,1.6555e-05,91,1,91,91,91,3,1,3,3,3
13,30,1.6796e-05,1,1.6796e-05,1.6796e-05,1.6796e-05,89,1,89,89,89,3,1,3,3,3
13,30,1.6273e-05,1,1.6273e-05,1.6273e-05,1.6273e-05,93,1,93,93,93,4,1,4,4,4
13,30,1.6111e-05,1,1.6111e-05,1.6111e-05,1.6111e-05,89,1,89,89,89,3,1,3,3,3
13,30,1.627e-05,1,1.627e-05,1.627e-05,1.627e-05,94,1,94,94,94,4,1,4,4,4
13,30,1.5693e-05,1,1.5693e-05,1.5693e-05,1.5693e-05,95,1,95,95,95,4,1,4,4,4
13,30,1.5844e-05,1,1.5844e-05,1.5844e-05,1.5844e-05,94,1,94,94,94,4,1,4,4,4
13,30,1.7002e-05,1,1.7002e-05,1.7002e-05,1.7002e-05,94,1,94,94,94,4,1,4,4,4
13,30,1.6898e-05,1,1.6898e-05,1.6898e-05,1.6898e-05,90,1,90,90,90,4,1,4,4,4
13,30,1.6571e-05,1,1.6571e-05,1.6571e-05,1.6571e-05,93,1,93,93,93,4,1,4,4,4
13,30,1.635e-05,1,1.635e-05,1.635e-05,1.635e-05,95,1,95,95,95,5,1,5,5,5
13,30,1.6349e-05,1,1.6349e-05,1.6349e-05,1.6349e-05,91,1,91,91,91,3,1,3,3,3
13,30,1.6836e-05,1,1.6836e-05,1.6836e-05,1.6836e-05,94,1,94,94,94,4,1,4,4,4
13,30,1.6648e-05,1,1.6648e-05,1.6648e-05,1.6648e-05,99,1,99,99,99,4,1,4,4,4
13,30,1.6632e-05,1,1.6632e-05,1.6632e-05,1.6632e-05,89,1,89,89,89,3,1,3,3,3
13,30,1.6186e-05,1,1.6186e-05,1.6186e-05,1.6186e-05,94,1,94,94,94,4,1,4,4,4
13,30,1.657e-05,1,1.657e-05,1.657e-05,1.657e-05,95,1,95,95,95,4,1,4,4,4
13,30,1.5703e-05,1,1.5703e-05,1.5703e-05,1.5703e-05,95,1,95,95,95,4,1,4,4,4
13,30,1.6499e-05,1,1.6499e-05,1.6499e-05,1.6499e-05,95,1,95,95,95,4,1,4,4,4
13,30,1.6889e-05,1,1.6889e-05,1.6889e-05,1.6889e-05,95,1,95,95,95,4,1,4,4,4
13,30,1.7681e-05,1,1.7681e-05,1.7681e-05,1.7681e-05,92,1,92,92,92,4,1,4,4,4
13,30,1.7121e-05,1,1.7121e-05,1.7121e-05,1.7121e-05,95,1,95,95,95,4,1,4,4,4
13,30,1.7106e-05,1,1.7106e-05,1.7106e-05,1.7106e-05,85,1,85,85,85,3,1,3,3,3
13,30,1.6899e-05,1,1.6899e-05,1.6899e-05,1.6899e-05,95,1,95,95,95,4,1,4,4,4
13,30,1.7573e-05,1,1.7573e-05,1.7573e-05,1.7573e-05,97,1,97,97,97,4,1,4,4,4
13,30,1.7808e-05,1,1.7808e-05,1.7808e-05,1.7808e-05,96,1,96,96,96,4,1,4,4,4
13,30,1.7126e-05,1,1.7126e-05,1.7126e-05,1.7126e-05,90,1,90,90,90,4,1,4,4,4
13,30,1.7662e-05,1,1.7662e-05,1.7662e-05,1.7662e-05,87,1,87,87,87,3,1,3,3,3
13,30,1.6692e-05,1,1.6692e-05,1.6692e-05,1.6692e-05,92,1,92,92,92,4,1,4,4,4
13,30,1.6628e-05,1,1.6628e-05,1.6628e-05,1.6628e-05,87,1,87,87,87,3,1,3,3,3
13,30,1.6544e-05,1,1.6544e-05,1.6544e-05,1.6544e-05,87,1,87,87,87,3,1,3,3,3
13,30,1.6957e-05,1,1.6957e-05,1.6957e-05,1.6957e-05,93,1,93,93,93,4,1,4,4,4
13,30,1.678e-05,1,1.678e-05,1.678e-05,1.678e-05,88,1,88,88,88,3,1,3,3,3
13,30,1.6134e-05,1,1.6134e-05,1.6134e-05,1.6134e-05,93,1,93,93,93,4,1,4,4,4
13,30,1.7222e-05,1,1.7222e-05,1.7222e-05,1.7222e-05,94,1,94,94,94,4,1,4,4,4
13,30,1.569e-05,1,1.569e-05,1.569e-05,1.569e-05,92,1,92,92,92,4,1,4,4,4
13,30,1.6615e-05,1,1.6615e-05,1.6615e-05,1.6615e-05,97,1,97,97,97,4,1,4,4,4
13,30,1.6425e-05,1,1.6425e-05,1.6425e-05,1.6425e-05,91,1,91,91,91,4,1,4,4,4
13,30,1.6573e-05,1,1.6573e-05,1.6573e-05,1.6573e-05,92,1,92,92,92,3,1,3,3,3
13,30,1.6894e-05,1,1.6894e-05,1.6894e-05,1.6894e-05,91,1,91,91,91,4,1,4,4,4
13,30,1.6092e-05,1,1.6092e-05,1.6092e-05,1.6092e-05,89,1,89,89,89,3,1,3,3,3
13,30,1.6204e-05,1,1.6204e-05,1.6204e-05,1.6204e-05,92,1,92,92,92,3,1,3,3,3
13,30,1.6059e-05,1,1.6059e-05,1.6059e-05,1.6059e-05,94,1,94,94,94,4,1,4,4,4
13,30,1.6412e-05,1,1.6412e-05,1.6412e-05,1.6412e-05,90,1,90,90,90,3,1,3,3,3
13,30,1.5904e-05,1,1.5904e-05,1.5904e-05,1.5904e-05,94,1,94,94,94,3,1,3,3,3
13,30,1.6267e-05,1,1.6267e-05,1.6267e-05,1.6267e-05,94,1,94,94,94,4,1,4,4,4
13,30,1.6529e-05,1,1.6529e-05,1.6529e-05,1.6529e-05,94,1,94,94,94,4,1,4,4,4
13,30,1.6079e-05,1,1.6079e-05,1.6079e-05,1.6079e-05,88,1,88,88,88,3,1,3,3,3
13,30,1.6162e-05,1,1.6162e-05,1.6162e-05,1.6162e-05,95,1,95,95,95,4,1,4,4,4
13,30,1.6366e-05,1,1.6366e-05,1.6366e-05,1.6366e-05,85,1,85,85,85,3,1,3,3,3
13,30,1.6829e-05,1,1.6829e-05,1.6829e-05,1.6829e-05,94,1,94,94,94,4,1,4,4,4
13,30,1.6617e-05,1,1.6617e-05,1.6617e-05,1.6617e-05,90,1,90,90,90,3,1,3,3,3
13,30,1.5968e-05,1,1.5968e-05,1.5968e-05,1.5968e-05,87,1,87,87,87,3,1,3,3,3
13,30,1.5983e-05,1,1.5983e-05,1.5983e-05,1.5983e-05,95,1,95,95,95,4,1,4,4,4
13,30,1.6819e-05,1,1.6819e-05,1.6819e-05,1.6819e-05,95,1,95,95,95,4,1,4,4,4
13,30,1.5893e-05,1,1.5893e-05,1.5893e-05,1.5893e-05,87,1,87,87,87,3,1,3,3,3
13,30,1.7026e-05,1,1.7026e-05,1.7026e-05,1.7026e-05,93,1,93,93,93,3,1,3,3,3
13,30,1.6412e-05,1,1.6412e-05,1.6412e-05,1.6412e-05,98,1,98,98,98,4,1,4,4,4
13,30,1.6346e-05,1,1.6346e-05,1.6346e-05,1.6346e-05,90,1,90,90,90,3,1,3,3,3
13,30,1.5759e-05,1,1.5759e-05,1.5759e-05,1.5759e-05,90,1,90,90,90,3,1,3,3,3
13,30,1.623e-05,1,1.623e-05,1.623e-05,1.623e-05,93,1,93,93,93,3,1,3,3,3
13,30,1.6433e-05,1,1.6433e-05,1.6433e-05,1.6433e-05,93,1,93,93,93,4,1,4,4,4
13,30,1.5981e-05,1,1.5981e-05,1.5981e-05,1.5981e-05,92,1,92,92,92,4,1,4,4,4
13,30,1.6797e-05,1,1.6797e-05,1.6797e-05,1.6797e-05,96,1,96,96,96,4,1,4,4,4
13,30,1.6576e-05,1,1.6576e-05,1.6576e-05,1.6576e-05,89,1,89,89,89,3,1,3,3,3
13,30,1.6747e-05,1,1.6747e-05,1.6747e-05,1.6747e-05,95,1,95,95,95,4,1,4,4,4
13,30,1.6572e-05,1,1.6572e-05,1.6572e-05,1.6572e-05,94,1,94,94,94,3,1,3,3,3
13,30,1.7189e-05,1,1.7189e-05,1.7189e-05,1.7189e-05,94,1,94,94,94,4,1,4,4,4
13,30,1.7177e-05,1,1.7177e-05,1.7177e-05,1.7177e-05,102,1,102,102,102,5,1,5,5,5
13,30,1.6803e-05,1,1.6803e-05,1.6803e-05,1.6803e-05,92,1,92,92,92,3,1,3,3,3
13,30,1.63e-05,1,1.63e-05,1.63e-05,1.63e-05,92,1,92,92,92,4,1,4,4,4
13,30,1.6246e-05,1,1.6246e-05,1.6246e-05,1.6246e-05,92,1,92,92,92,4,1,4,4,4
13,30,1.6929e-05,1,1.6929e-05,1.6929e-05,1.6929e-05,90,1,90,90,90,3,1,3,3,3
13,30,1.7351e-05,1,1.7351e-05,1.7351e-05,1.7351e-05,93,1,93,93,93,4,1,4,4,4
13,30,1.6945e-05,1,1.6945e-05,1.6945e-05,1.6945e-05,97,1,97,97,97,4,1,4,4,4
13,30,1.7216e-05,1,1.7216e-05,1.7216e-05,1.7216e-05,89,1,89,89,89,3,1,3,3,3
13,30,1.7522e-05,1,1.7522e-05,1.7522e-05,1.7522e-05,91,1,91,91,91,4,1,4,4,4
13,30,1.5969e-05,1,1.5969e-05,1.5969e-05,1.5969e-05,90,1,90,90,90,3,1,3,3,3
13,30,1.653e-05,1,1.653e-05,1.653e-05,1.653e-05,93,1,93,93,93,4,1,4,4,4
13,30,1.6395e-05,1,1.6395e-05,1.6395e-05,1.6395e-05,92,1,92,92,92,4,1,4,4,4
13,30,1.6544e-05,1,1.6544e-05,1.6544e-05,1.6544e-05,93,1,93,93,93,4,1,4,4,4
13,30,1.6418e-05,1,1.6418e-05,1.6418e-05,1.6418e-05,90,1,90,90,90,3,1,3,3,3
13,30,1.5765e-05,1,1.5765e-05,1.5765e-05,1.5765e-05,92,1,92,92,92,4,1,4,4,4
13,30,1.6353e-05,1,1.6353e-05,1.6353e-05,1.6353e-05,96,1,96,96,96,4,1,4,4,4
13,30,1.5633e-05,1,1.5633e-05,1.5633e-05,1.5633e-05,90,1,90,90,90,3,1,3,3,3
13,30,1.6084e-05,1,1.6084e-05,1.6084e-05,1.6084e-05,89,1,89,89,89,3,1,3,3,3
13,30,1.5622e-05,1,1.5622e-05,1.5622e-05,1.5622e-05,88,1,88,88,88,3,1,3,3,3
13,30,1.6425e-05,1,1.6425e-05,1.6425e-05,1.6425e-05,92,1,92,92,92,3,1,3,3,3
13,30,1.7057e-05,1,1.7057e-05,1.7057e-05,1.7057e-05,95,1,95,95,95,4,1,4,4,4
13,30,1.5945e-05,1,1.5945e-05,1.5945e-05,1.5945e-05,88,1,88,88,88,3,1,3,3,3
13,30,1.5789e-05,1,1.5789e-05,1.5789e-05,1.5789e-05,90,1,90,90,90,4,1,4,4,4
13,30,1.6355e-05,1,1.6355e-05,1.6355e-05,1.6355e-05,89,1,89,89,89,4,1,4,4,4
13,30,1.6016e-05,1,1.6016e-05,1.6016e-05,1.6016e-05,87,1,87,87,87,3,1,3,3,3
13,30,1.6222e-05,1,1.6222e-05,1.6222e-05,1.6222e-05,94,1,94,94,94,4,1,4,4,4
13,30,1.6411e-05,1,1.6411e-05,1.6411e-05,1.6411e-05,87,1,87,87,87,3,1,3,3,3
13,30,1.6102e-05,1,1.6102e-05,1.6102e-05,1.6102e-05,88,1,88,88,88,3,1,3,3,3
13,30,1.6168e-05,1,1.6168e-05,1.6168e-05,1.6168e-05,91,1,91,91,91,3,1,3,3,3
13,30,1.6336e-05,1,1.6336e-05,1.6336e-05,1.6336e-05,87,1,87,87,87,3,1,3,3,3
13,30,1.6469e-05,1,1.6469e-05,1.6469e-05,1.6469e-05,90,1,90,90,90,3,1,3,3,3
13,30,1.6119e-05,1,1.6119e-05,1.6119e-05,1.6119e-05,95,1,95,95,95,4,1,4,4,4
13,30,1.6171e-05,1,1.6171e-05,1.6171e-05,1.6171e-05,90,1,90,90,90,3,1,3,3,3
13,30,1.6193e-05,1,1.6193e-05,1.6193e-05,1.6193e-05,91,1,91,91,91,3,1,3,3,3
13,30,1.6121e-05,1,1.6121e-05,1.6121e-05,1.6121e-05,86,1,86,86,86,3,1,3,3,3
13,30,1.6882e-05,1,1.6882e-05,1.6882e-05,1.6882e-05,91,1,91,91,91,3,1,3,3,3
13,30,1.645e-05,1,1.645e-05,1.645e-05,1.645e-05,90,1,90,90,90,3,1,3,3,3
13,30,1.6505e-05,1,1.6505e-05,1.6505e-05,1.6505e-05,91,1,91,91,91,4,1,4,4,4
13,30,1.5797e-05,1,1.5797e-05,1.5797e-05,1.5797e-05,87,1,87,87,87,3,1,3,3,3
13,30,1.6609e-05,1,1.6609e-05,1.6609e-05,1.6609e-05,92,1,92,92,92,3,1,3,3,3
13,30,1.6352e-05,1,1.6352e-05,1.6352e-05,1.6352e-05,90,1,90,90,90,4,1,4,4,4
13,30,1.7029e-05,1,1.7029e-05,1.7029e-05,1.7029e-05,90,1,90,90,90,3,1,3,3,3
13,30,1.5167e-05,1,1.5167e-05,1.5167e-05,1.5167e-05,88,1,88,88,88,3,1,3,3,3
13,30,1.6282e-05,1,1.6282e-05,1.6282e-05,1.6282e-05,95,1,95,95,95,4,1,4,4,4
13,30,1.6724e-05,1,1.6724e-05,1.6724e-05,1.6724e-05,88,1,88,88,88,3,1,3,3,3
13,30,1.6318e-05,1,1.6318e-05,1.6318e-05,1.6318e-05,90,1,90,90,90,4,1,4,4,4
13,30,1.6845e-05,1,1.6845e-05,1.6845e-05,1.6845e-05,89,1,89,89,89,3,1,3,3,3
13,30,1.7288e-05,1,1.7288e-05,1.7288e-05,1.7288e-05,95,1,95,95,95,4,1,4,4,4
13,30,1.6987e-05,1,1.6987e-05,1.6987e-05,1.6987e-05,91,1,91,91,91,3,1,3,3,3
13,30,1.6175e-05,1,1.6175e-05,1.6175e-05,1.6175e-05,96,1,96,96,96,4,1,4,4,4
13,30,1.6508e-05,1,1.6508e-05,1.6508e-05,1.6508e-05,90,1,90,90,90,4,1,4,4,4
13,30,1.6847e-05,1,1.6847e-05,1.6847e-05,1.6847e-05,94,1,94,94,94,4,1,4,4,4
13,30,1.7264e-05,1,1.7264e-05,1.7264e-05,1.7264e-05,93,1,93,93,93,4,1,4,4,4
13,30,1.643e-05,1,1.643e-05,1.643e-05,1.643e-05,93,1,93,93,93,4,1,4,4,4
13,30,1.6466e-05,1,1.6466e-05,1.6466e-05,1.6466e-05,98,1,98,98,98,4,1,4,4,4
13,30,1.6249e-05,1,1.6249e-05,1.6249e-05,1.6249e-05,90,1,90,90,90,3,1,3,3,3
13,30,1.6291e-05,1,1.6291e-05,1.6291e-05,1.6291e-05,87,1,87,87,87,3,1,3,3,3
13,30,1.6218e-05,1,1.6218e-05,1.6218e-05,1.6218e-05,91,1,91,91,91,4,1,4,4,4
13,30,1.5741e-05,1,1.5741e-05,1.5741e-05,1.5741e-05,88,1,88,88,88,3,1,3,3,3
13,30,1.5955e-05,1,1.5955e-05,1.5955e-05,1.5955e-05,88,1,88,88,88,3,1,3,3,3
13,30,1.5841e-05,1,1.5841e-05,1.5841e-05,1.5841e-05,93,1,93,93,93,4,1,4,4,4
13,30,1.6715e-05,1,1.6715e-05,1.6715e-05,1.6715e-05,92,1,92,92,92,4,1,4,4,4
13,30,1.6872e-05,1,1.6872e-05,1.6872e-05,1.6872e-05,97,1,97,97,97,5,1,5,5,5
13,30,1.5977e-05,1,1.5977e-05,1.5977e-05,1.5977e-05,95,1,95,95,95,4,1,4,4,4
13,30,1.7019e-05,1,1.7019e-05,1.7019e-05,1.7019e-05,87,1,87,87,87,3,1,3,3,3
13,30,1.5906e-05,1,1.5906e-05,1.5906e-05,1.5906e-05,95,1,95,95,95,4,1,4,4,4
13,30,1.695e-05,1,1.695e-05,1.695e-05,1.695e-05,93,1,93,93,93,4,1,4,4,4
13,30,1.6185e-05,1,1.6185e-05,1.6185e-05,1.6185e-05,94,1,94,94,94,4,1,4,4,4
13,30,1.6643e-05,1,1.6643e-05,1.6643e-05,1.6643e-05,94,1,94,94,94,3,1,3,3,3
13,30,1.6651e-05,1,1.6651e-05,1.6651e-05,1.6651e-05,87,1,87,87,87,3,1,3,3,3
13,30,1.5952e-05,1,1.5952e-05,1.5952e-05,1.5952e-05,89,1,89,89,89,3,1,3,3,3
13,30,1.6142e-05,1,1.6142e-05,1.6142e-05,1.6142e-05,93,1,93,93,93,4,1,4,4,4
13,30,1.6256e-05,1,1.6256e-05,1.6256e-05,1.6256e-05,87,1,87,87,87,3,1,3,3,3
13,30,1.6256e-05,1,1.6256e-05,1.6256e-05,1.6256e-05,93,1,93,93,93,4,1,4,4,4
13,30,1.6206e-05,1,1.6206e-05,1.6206e-05,1.6206e-05,91,1,91,91,91,4,1,4,4,4
13,30,1.6238e-05,1,1.6238e-05,1.6238e-05,1.6238e-05,90,1,90,90,90,3,1,3,3,3
13,30,1.7102e-05,1,1.7102e-05,1.7102e-05,1.7102e-05,98,1,98,98,98,4,1,4,4,4
13,30,1.6545e-05,1,1.6545e-05,1.6545e-05,1.6545e-05,92,1,92,92,92,4,1,4,4,4
13,30,1.6848e-05,1,1.6848e-05,1.6848e-05,1.6848e-05,92,1,92,92,92,3,1,3,3,3
13,30,1.6286e-05,1,1.6286e-05,1.6286e-05,1.6286e-05,92,1,92,92,92,4,1,4,4,4
13,30,1.644e-05,1,1.644e-05,1.644e-05,1.644e-05,88,1,88,88,88,3,1,3,3,3
13,30,1.643e-05,1,1.643e-05,1.643e-05,1.643e-05,95,1,95,95,95,4,1,4,4,4
13,30,1.6421e-05,1,1.6421e-05,1.6421e-05,1.6421e-05,90,1,90,90,90,3,1,3,3,3
13,30,1.677e-05,1,1.677e-05,1.677e-05,1.677e-05,89,1,89,89,89,3,1,3,3,3
13,30,1.6959e-05,1,1.6959e-05,1.6959e-05,1.6959e-05,88,1,88,88,88,3,1,3,3,3
13,30,1.6383e-05,1,1.6383e-05,1.6383e-05,1.6383e-05,93,1,93,93,93,4,1,4,4,4
13,30,1.6482e-05,1,1.6482e-05,1.6482e-05,1.6482e-05,90,1,90,90,90,4,1,4,4,4
13,30,1.5876e-05,1,1.5876e-05,1.5876e-05,1.5876e-05,93,1,93,93,93,4,1,4,4,4
13,30,1.5916e-05,1,1.5916e-05,1.5916e-05,1.5916e-05,91,1,91,91,91,4,1,4,4,4
13,30,1.5758e-05,1,1.5758e-05,1.5758e-05,1.5758e-05,87,1,87,87,87,3,1,3,3,3
13,30,1.6633e-05,1,1.6633e-05,1.6633e-05,1.6633e-05,96,1,96,96,96,4,1,4,4,4
13,30,1.666e-05,1,1.666e-05,1.666e-05,1.666e-05,94,1,94,94,94,4,1,4,4,4
13,30,1.5644e-05,1,1.5644e-05,1.5644e-05,1.5644e-05,91,1,91,91,91,4,1,4,4,4
13,30,1.5918e-05,1,1.5918e-05,1.5918e-05,1.5918e-05,87,1,87,87,87,3,1,3,3,3
13,30,1.6342e-05,1,1.6342e-05,1.6342e-05,1.6342e-05,91,1,91,91,91,3,1,3,3,3
13,30,1.6651e-05,1,1.6651e-05,1.6651e-05,1.6651e-05,97,1,97,97,97,4,1,4,4,4
13,30,1.7239e-05,1,1.7239e-05,1.7239e-05,1.7239e-05,93,1,93,93,93,4,1,4,4,4
13,30,1.6955e-05,1,1.6955e-05,1.6955e-05,1.6955e-05,93,1,93,93,93,4,1,4,4,4
13,30,1.6841e-05,1,1.6841e-05,1.6841e-05,1.6841e-05,97,1,97,97,97,4,1,4,4,4
13,30,1.6524e-05,1,1.6524e-05,1.6524e-05,1.6524e-05,92,1,92,92,92,3,1,3,3,3
13,30,1.6167e-05,1,1.6167e-05,1.6167e-05,1.6167e-05,96,1,96,96,96,4,1,4,4,4
13,30,1.5331e-05,1,1.5331e-05,1.5331e-05,1.5331e-05,89,1,89,89,89,3,1,3,3,3
13,30,1.8882e-05,1,1.8882e-05,1.8882e-05,1.8882e-05,91,1,91,91,91,3,1,3,3,3
13,30,1.6913e-05,1,1.6913e-05,1.6913e-05,1.6913e-05,93,1,93,93,93,4,1,4,4,4
13,30,1.6595e-05,1,1.6595e-05,1.6595e-05,1.6595e-05,90,1,90,90,90,3,1,3,3,3
13,30,1.6106e-05,1,1.6106e-05,1.6106e-05,1.6106e-05,93,1,93,93,93,4,1,4,4,4
13,30,1.6534e-05,1,1.6534e-05,1.6534e-05,1.6534e-05,87,1,87,87,87,3,1,3,3,3
13,30,1.6239e-05,1,1.6239e-05,1.6239e-05,1.6239e-05,95,1,95,95,95,4,1,4,4,4
13,30,1.5642e-05,1,1.5642e-05,1.5642e-05,1.5642e-05,90,1,90,90,90,3,1,3,3,3
13,30,1.6959e-05,1,1.6959e-05,1.6959e-05,1.6959e-05,99,1,99,99,99,4,1,4,4,4
13,30,1.6494e-05,1,1.6494e-05,1.6494e-05,1.6494e-05,90,1,90,90,90,4,1,4,4,4
13,30,1.6173e-05,1,1.6173e-05,1.6173e-05,1.6173e-05,88,1,88,88,88,3,1,3,3,3
13,30,1.697e-05,1,1.697e-05,1.697e-05,1.697e-05,89,1,89,89,89,4,1,4,4,4
13,30,1.6504e-05,1,1.6504e-05,1.6504e-05,1.6504e-05,91,1,91,91,91,3,1,3,3,3
13,30,1.6468e-05,1,1.6468e-05,1.6468e-05,1.6468e-05,90,1,90,90,90,4,1,4,4,4
13,30,1.6582e-05,1,1.6582e-05,1.6582e-05,1.6582e-05,89,1,89,89,89,3,1,3,3,3
13,30,1.7598e-05,1,1.7598e-05,1.7598e-05,1.7598e-05,97,1,97,97,97,4,1,4,4,4
13,30,1.7127e-05,1,1.7127e-05,1.7127e-05,1.7127e-05,96,1,96,96,96,4,1,4,4,4
13,30,1.6475e-05,1,1.6475e-05,1.6475e-05,1.6475e-05,90,1,90,90,90,4,1,4,4,4
13,30,1.7855e-05,1,1.7855e-05,1.7855e-05,1.7855e-05,87,1,87,87,87,3,1,3,3,3
13,30,1.7581e-05,1,1.7581e-05,1.7581e-05,1.7581e-05,94,1,94,94,94,4,1,4,4,4
13,30,1.7106e-05,1,1.7106e-05,1.7106e-05,1.7106e-05,88,1,88,88,88,4,1,4,4,4
13,30,1.7392e-05,1,1.7392e-05,1.7392e-05,1.7392e-05,93,1,93,93,93,4,1,4,4,4
13,30,1.7515e-05,1,1.7515e-05,1.7515e-05,1.7515e-05,90,1,90,90,90,3,1,3,3,3
13,30,1.7798e-05,1,1.7798e-05,1.7798e-05,1.7798e-05,93,1,93,93,93,4,1,4,4,4
13,30,1.8286e-05,1,1.8286e-05,1.8286e-05,1.8286e-05,92,1,92,92,92,3,1,3,3,3
13,30,1.7784e-05,1,1.7784e-05,1.7784e-05,1.7784e-05,96,1,96,96,96,4,1,4,4,4
13,30,1.71e-05,1,1.71e-05,1.71e-05,1.71e-05,94,1,94,94,94,4,1,4,4,4
13,30,1.6547e-05,1,1.6547e-05,1.6547e-05,1.6547e-05,92,1,92,92,92,3,1,3,3,3
13,30,1.7289e-05,1,1.7289e-05,1.7289e-05,1.7289e-05,94,1,94,94,94,5,1,5,5,5
13,30,1.5659e-05,1,1.5659e-05,1.5659e-05,1.5659e-05,94,1,94,94,94,4,1,4,4,4
13,30,1.5937e-05,1,1.5937e-05,1.5937e-05,1.5937e-05,88,1,88,88,88,3,1,3,3,3
13,30,1.6773e-05,1,1.6773e-05,1.6773e-05,1.6773e-05,91,1,91,91,91,3,1,3,3,3
13,30,1.6747e-05,1,1.6747e-05,1.6747e-05,1.6747e-05,89,1,89,89,89,3,1,3,3,3
13,30,1.6255e-05,1,1.6255e-05,1.6255e-05,1.6255e-05,93,1,93,93,93,4,1,4,4,4
13,30,1.6224e-05,1,1.6224e-05,1.6224e-05,1.6224e-05,87,1,87,87,87,3,1,3,3,3
13,30,1.578e-05,1,1.578e-05,1.578e-05,1.578e-05,89,1,89,89,89,3,1,3,3,3
13,30,1.5866e-05,1,1.5866e-05,1.5866e-05,1.5866e-05,96,1,96,96,96,4,1,4,4,4
13,30,1.6988e-05,1,1.6988e-05,1.6988e-05,1.6988e-05,95,1,95,95,95,4,1,4,4,4
13,30,1.7152e-05,1,1.7152e-05,1.7152e-05,1.7152e-05,92,1,92,92,92,4,1,4,4,4
13,30,1.6693e-05,1,1.6693e-05,1.6693e-05,1.6693e-05,97,1,97,97,97,4,1,4,4,4
13,30,1.6406e-05,1,1.6406e-05,1.6406e-05,1.6406e-05,90,1,90,90,90,4,1,4,4,4
13,30,1.5846e-05,1,1.5846e-05,1.5846e-05,1.5846e-05,88,1,88,88,88,3,1,3,3,3
13,30,1.6404e-05,1,1.6404e-05,1.6404e-05,1.6404e-05,89,1,89,89,89,3,1,3,3,3
13,30,1.5957e-05,1,1.5957e-05,1.5957e-05,1.5957e-05,93,1,93,93,93,4,1,4,4,4
13,30,1.6654e-05,1,1.6654e-05,1.6654e-05,1.6654e-05,92,1,92,92,92,3,1,3,3,3
13,30,1.6324e-05,1,1.6324e-05,1.6324e-05,1.6324e-05,89,1,89,89,89,3,1,3,3,3
13,30,1.5764e-05,1,1.5764e-05,1.5764e-05,1.5764e-05,95,1,95,95,95,4,1,4,4,4
13,30,1.5942e-05,1,1.5942e-05,1.5942e-05,1.5942e-05,92,1,92,92,92,3,1,3,3,3
13,30,1.6314e-05,1,1.6314e-05,1.6314e-05,1.6314e-05,91,1,91,91,91,3,1,3,3,3
13,30,1.692e-05,1,1.692e-05,1.692e-05,1.692e-05,93,1,93,93,93,4,1,4,4,4
13,30,1.552e-05,1,1.552e-05,1.552e-05,1.552e-05,92,1,92,92,92,4,1,4,4,4
13,30,1.6537e-05,1,1.6537e-05,1.6537e-05,1.6537e-05,89,1,89,89,89,3,1,3,3,3
13,30,1.5993e-05,1,1.5993e-05,1.5993e-05,1.5993e-05,92,1,92,92,92,3,1,3,3,3
13,30,1.6061e-05,1,1.6061e-05,1.6061e-05,1.6061e-05,93,1,93,93,93,4,1,4,4,4
13,30,1.5706e-05,1,1.5706e-05,1.5706e-05,1.5706e-05,88,1,88,88,88,3,1,3,3,3
13,30,1.6819e-05,1,1.6819e-05,1.6819e-05,1.6819e-05,92,1,92,92,92,3,1,3,3,3
13,30,1.6352e-05,1,1.6352e-05,1.6352e-05,1.6352e-05,90,1,90,90,90,4,1,4,4,4
13,30,2.1759e-05,1,2.1759e-05,2.1759e-05,2.1759e-05,90,1,90,90,90,4,1,4,4,4
13,30,1.5905e-05,1,1.5905e-05,1.5905e-05,1.5905e-05,94,1,94,94,94,4,1,4,4,4
13,30,1.6417e-05,1,1.6417e-05,1.6417e-05,1.6417e-05,85,1,85,85,85,3,1,3,3,3
13,30,1.5838e-05,1,1.5838e-05,1.5838e-05,1.5838e-05,92,1,92,92,92,4,1,4,4,4
13,30,1.65e-05,1,1.65e-05,1.65e-05,1.65e-05,94,1,94,94,94,3,1,3,3,3
13,30,1.5909e-05,1,1.5909e-05,1.5909e-05,1.5909e-05,91,1,91,91,91,3,1,3,3,3
13,30,1.6593e-05,1,1.6593e-05,1.6593e-05,1.6593e-05,94,1,94,94,94,4,1,4,4,4
13,30,1.69e-05,1,1.69e-05,1.69e-05,1.69e-05,92,1,92,92,92,4,1,4,4,4
13,30,1.6085e-05,1,1.6085e-05,1.6085e-05,1.6085e-05,97,1,97,97,97,4,1,4,4,4
13,30,1.6574e-05,1,1.6574e-05,1.6574e-05,1.6574e-05,99,1,99,99,99,4,1,4,4,4
13,30,1.5886e-05,1,1.5886e-05,1.5886e-05,1.5886e-05,89,1,89,89,89,4,1,4,4,4
13,30,1.5639e-05,1,1.5639e-05,1.5639e-05,1.5639e-05,87,1,87,87,87,3,1,3,3,3
13,30,1.6081e-05,1,1.6081e-05,1.6081e-05,1.6081e-05,91,1,91,91,91,4,1,4,4,4
13,30,1.6908e-05,1,1.6908e-05,1.6908e-05,1.6908e-05,92,1,92,92,92,4,1,4,4,4
13,30,1.6076e-05,1,1.6076e-05,1.6076e-05,1.6076e-05,87,1,87,87,87,3,1,3,3,3
13,30,1.5779e-05,1,1.5779e-05,1.5779e-05,1.5779e-05,91,1,91,91,91,3,1,3,3,3
13,30,1.6879e-05,1,1.6879e-05,1.6879e-05,1.6879e-05,92,1,92,92,92,4,1,4,4,4
13,30,1.6272e-05,1,1.6272e-05,1.6272e-05,1.6272e-05,88,1,88,88,88,3,1,3,3,3
13,30,1.7788e-05,1,1.7788e-05,1.7788e-05,1.7788e-05,98,1,98,98,98,4,1,4,4,4
13,30,1.648e-05,1,1.648e-05,1.648e-05,1.648e-05,95,1,95,95,95,4,1,4,4,4
13,30,3.377e-05,1,3.377e-05,3.377e-05,3.377e-05,89,1,89,89,89,3,1,3,3,3
13,30,1.6216e-05,1,1.6216e-05,1.6216e-05,1.6216e-05,90,1,90,90,90,3,1,3,3,3
13,30,1.728e-05,1,1.728e-05,1.728e-05,1.728e-05,91,1,91,91,91,3,1,3,3,3
13,30,1.6048e-05,1,1.6048e-05,1.6048e-05,1.6048e-05,91,1,91,91,91,4,1,4,4,4
13,30,1.5807e-05,1,1.5807e-05,1.5807e-05,1.5807e-05,88,1,88,88,88,3,1,3,3,3
13,30,1.6483e-05,1,1.6483e-05,1.6483e-05,1.6483e-05,95,1,95,95,95,4,1,4,4,4
13,30,1.6337e-05,1,1.6337e-05,1.6337e-05,1.6337e-05,96,1,96,96,96,4,1,4,4,4
13,30,1.6222e-05,1,1.6222e-05,1.6222e-05,1.6222e-05,89,1,89,89,89,4,1,4,4,4
13,30,1.5924e-05,1,1.5924e-05,1.5924e-05,1.5924e-05,92,1,92,92,92,4,1,4,4,4
13,30,1.619e-05,1,1.619e-05,1.619e-05,1.619e-05,96,1,96,96,96,4,1,4,4,4
13,30,1.6118e-05,1,1.6118e-05,1.6118e-05,1.6118e-05,91,1,91,91,91,3,1,3,3,3
13,30,1.5763e-05,1,1.5763e-05,1.5763e-05,1.5763e-05,87,1,87,87,87,3,1,3,3,3
13,30,1.6606e-05,1,1.6606e-05,1.6606e-05,1.6606e-05,94,1,94,94,94,4,1,4,4,4
13,30,1.622e-05,1,1.622e-05,1.622e-05,1.622e-05,95,1,95,95,95,4,1,4,4,4
13,30,1.6234e-05,1,1.6234e-05,1.6234e-05,1.6234e-05,95,1,95,95,95,4,1,4,4,4
13,30,1.6726e-05,1,1.6726e-05,1.6726e-05,1.6726e-05,89,1,89,89,89,3,1,3,3,3
13,30,1.6743e-05,1,1.6743e-05,1.6743e-05,1.6743e-05,93,1,93,93,93,3,1,3,3,3
13,30,1.6518e-05,1,1.6518e-05,1.6518e-05,1.6518e-05,92,1,92,92,92,4,1,4,4,4
13,30,1.6935e-05,1,1.6935e-05,1.6935e-05,1.6935e-05,89,1,89,89,89,3,1,3,3,3
13,30,1.5961e-05,1,1.5961e-05,1.5961e-05,1.5961e-05,90,1,90,90,90,3,1,3,3,3
13,30,1.6164e-05,1,1.6164e-05,1.6164e-05,1.6164e-05,94,1,94,94,94,4,1,4,4,4
13,30,1.6656e-05,1,1.6656e-05,1.6656e-05,1.6656e-05,92,1,92,92,92,4,1,4,4,4
13,30,1.6711e-05,1,1.6711e-05,1.6711e-05,1.6711e-05,95,1,95,95,95,4,1,4,4,4
13,30,1.6245e-05,1,1.6245e-05,1.6245e-05,1.6245e-05,93,1,93,93,93,4,1,4,4,4
13,30,1.6936e-05,1,1.6936e-05,1.6936e-05,1.6936e-05,97,1,97,97,97,4,1,4,4,4
13,30,1.5994e-05,1,1.5994e-05,1.5994e-05,1.5994e-05,93,1,93,93,93,4,1,4,4,4
13,30,1.6054e-05,1,1.6054e-05,1.6054e-05,1.6054e-05,89,1,89,89,89,3,1,3,3,3
13,30,1.6449e-05,1,1.6449e-05,1.6449e-05,1.6449e-05,91,1,91,91,91,3,1,3,3,3
13,30,1.6411e-05,1,1.6411e-05,1.6411e-05,1.6411e-05,92,1,92,92,92,4,1,4,4,4
13,30,1.6569e-05,1,1.6569e-05,1.6569e-05,1.6569e-05,88,1,88,88,88,3,1,3,3,3
13,30,1.662e-05,1,1.662e-05,1.662e-05,1.662e-05,94,1,94,94,94,3,1,3,3,3
13,30,1.6133e-05,1,1.6133e-05,1.6133e-05,1.6133e-05,92,1,92,92,92,4,1,4,4,4
13,30,1.5673e-05,1,1.5673e-05,1.5673e-05,1.5673e-05,89,1,89,89,89,3,1,3,3,3
13,30,1.589e-05,1,1.589e-05,1.589e-05,1.589e-05,93,1,93,93,93,4,1,4,4,4
13,30,1.5098e-05,1,1.5098e-05,1.5098e-05,1.5098e-05,91,1,91,91,91,3,1,3,3,3
13,30,1.6296e-05,1,1.6296e-05,1.6296e-05,1.6296e-05,92,1,92,92,92,4,1,4,4,4
13,30,1.6893e-05,1,1.6893e-05,1.6893e-05,1.6893e-05,87,1,87,87,87,3,1,3,3,3
13,30,1.7872e-05,1,1.7872e-05,1.7872e-05,1.7872e-05,90,1,90,90,90,3,1,3,3,3
13,30,1.6459e-05,1,1.6459e-05,1.6459e-05,1.6459e-05,93,1,93,93,93,4,1,4,4,4
13,30,1.6676e-05,1,1.6676e-05,1.6676e-05,1.6676e-05,93,1,93,93,93,4,1,4,4,4
13,30,1.5448e-05,1,1.5448e-05,1.5448e-05,1.5448e-05,90,1,90,90,90,4,1,4,4,4
13,30,1.649e-05,1,1.649e-05,1.649e-05,1.649e-05,91,1,91,91,91,3,1,3,3,3
13,30,1.5781e-05,1,1.5781e-05,1.5781e-05,1.5781e-05,94,1,94,94,94,4,1,4,4,4
13,30,1.5801e-05,1,1.5801e-05,1.5801e-05,1.5801e-05,89,1,89,89,89,3,1,3,3,3
13,30,1.6621e-05,1,1.6621e-05,1.6621e-05,1.6621e-05,92,1,92,92,92,4,1,4,4,4
13,30,1.652e-05,1,1.652e-05,1.652e-05,1.652e-05,90,1,90,90,90,3,1,3,3,3
13,30,1.6611e-05,1,1.6611e-05,1.6611e-05,1.6611e-05,90,1,90,90,90,3,1,3,3,3
13,30,1.6465e-05,1,1.6465e-05,1.6465e-05,1.6465e-05,87,1,87,87,87,3,1,3,3,3
13,30,1.5986e-05,1,1.5986e-05,1.5986e-05,1.5986e-05,97,1,97,97,97,4,1,4,4,4
13,30,1.6392e-05,1,1.6392e-05,1.6392e-05,1.6392e-05,91,1,91,91,91,3,1,3,3,3
13,30,1.6438e-05,1,1.6438e-05,1.6438e-05,1.6438e-05,92,1,92,92,92,4,1,4,4,4
13,30,1.622e-05,1,1.622e-05,1.622e-05,1.622e-05,96,1,96,96,96,4,1,4,4,4
13,30,1.6789e-05,1,1.6789e-05,1.6789e-05,1.6789e-05,90,1,90,90,90,4,1,4,4,4
13,30,1.5056e-05,1,1.5056e-05,1.5056e-05,1.5056e-05,93,1,93,93,93,4,1,4,4,4
13,30,1.6955e-05,1,1.6955e-05,1.6955e-05,1.6955e-05,98,1,98,98,98,5,1,5,5,5
13,30,1.6579e-05,1,1.6579e-05,1.6579e-05,1.6579e-05,98,1,98,98,98,4,1,4,4,4
13,30,1.6097e-05,1,1.6097e-05,1.6097e-05,1.6097e-05,89,1,89,89,89,3,1,3,3,3
13,30,1.6199e-05,1,1.6199e-05,1.6199e-05,1.6199e-05,91,1,91,91,91,3,1,3,3,3
13,30,1.6277e-05,1,1.6277e-05,1.6277e-05,1.6277e-05,96,1,96,96,96,4,1,4,4,4
13,30,1.6485e-05,1,1.6485e-05,1.6485e-05,1.6485e-05,91,1,91,91,91,4,1,4,4,4
13,30,1.6534e-05,1,1.6534e-05,1.6534e-05,1.6534e-05,92,1,92,92,92,3,1,3,3,3
13,30,1.686e-05,1,1.686e-05,1.686e-05,1.686e-05,95,1,95,95,95,4,1,4,4,4
13,30,1.694e-05,1,1.694e-05,1.694e-05,1.694e-05,93,1,93,93,93,4,1,4,4,4
13,30,1.6391e-05,1,1.6391e-05,1.6391e-05,1.6391e-05,91,1,91,91,91,4,1,4,4,4
13,30,1.6637e-05,1,1.6637e-05,1.6637e-05,1.6637e-05,94,1,94,94,94,4,1,4,4,4
