n,p,time_total,time_count,time_mean,time_min,time_max,steps_total,steps_count,steps_mean,steps_min,steps_max,number_total,number_count,number_mean,number_min,number_max
42,70,0.000115382,1,0.000115382,0.000115382,0.000115382,1133,1,1133,1133,1133,14,1,14,14,14
42,70,0.000116841,1,0.000116841,0.000116841,0.000116841,1127,1,1127,1127,1127,15,1,15,15,15
42,70,0.000117921,1,0.000117921,0.000117921,0.000117921,1127,1,1127,1127,1127,15,1,15,15,15
42,70,0.00011755,1,0.00011755,0.00011755,0.00011755,1133,1,1133,1133,1133,14,1,14,14,14
42,70,0.000114534,1,0.000114534,0.000114534,0.000114534,1119,1,1119,1119,1119,14,1,14,14,14
42,70,0.000116031,1,0.000116031,0.000116031,0.000116031,1128,1,1128,1128,1128,15,1,15,15,15
42,70,0.000117067,1,0.000117067,0.000117067,0.000117067,1137,1,1137,1137,1137,14,1,14,14,14
42,70,0.000115128,1,0.000115128,0.000115128,0.000115128,1133,1,1133,1133,1133,15,1,15,15,15
42,70,0.000116878,1,0.000116878,0.000116878,0.000116878,1136,1,1136,1136,1136,15,1,15,15,15
42,70,0.000117004,1,0.000117004,0.000117004,0.000117004,1179,1,1179,1179,1179,16,1,16,16,16
42,70,0.000117127,1,0.000117127,0.000117127,0.000117127,1133,1,1133,1133,1133,15,1,15,15,15
42,70,0.000122458,1,0.000122458,0.000122458,0.000122458,1129,1,1129,1129,1129,14,1,14,14,14
42,70,0.000117213,1,0.000117213,0.000117213,0.000117213,1151,1,1151,1151,1151,16,1,16,16,16
42,70,0.000117299,1,0.000117299,0.000117299,0.000117299,1136,1,1136,1136,1136,15,1,15,15,15
42,70,0.000120192,1,0.000120192,0.000120192,0.000120192,1101,1,1101,1101,1101,14,1,14,14,14
42,70,0.00011549,1,0.00011549,0.00011549,0.00011549,1092,1,1092,1092,1092,13,1,13,13,13
42,70,0.000117131,1,0.000117131,0.000117131,0.000117131,1116,1,1116,1116,1116,13,1,13,13,13
42,70,0.000116297,1,0.000116297,0.000116297,0.000116297,1100,1,1100,1100,1100,14,1,14,14,14
42,70,0.000115614,1,0.000115614,0.000115614,0.000115614,1120,1,1120,1120,1120,14,1,14,14,14
42,70,0.000116459,1,0.000116459,0.000116459,0.000116459,1132,1,1132,1132,1132,15,1,15,15,15
42,70,0.000118058,1,0.000118058,0.000118058,0.000118058,1122,1,1122,1122,1122,15,1,15,15,15
42,70,0.000121429,1,0.000121429,0.000121429,0.000121429,1137,1,1137,1137,1137,15,1,15,15,15
42,70,0.00011727,1,0.00011727,0.00011727,0.00011727,1149,1,1149,1149,1149,15,1,15,15,15
42,70,0.000122726,1,0.000122726,0.000122726,0.000122726,1131,1,1131,1131,1131,15,1,15,15,15
42,70,0.000115347,1,0.000115347,0.000115347,0.000115347,1125,1,1125,1125,1125,15,1,15,15,15
42,70,0.000117541,1,0.000117541,0.000117541,0.000117541,1120,1,1120,1120,1120,15,1,15,15,15
42,70,0.000122045,1,0.000122045,0.000122045,0.000122045,1156,1,1156,1156,1156,15,1,15,15,15
42,70,0.000117513,1,0.000117513,0.000117513,0.000117513,1126,1,1126,1126,1126,15,1,15,15,15
42,70,0.00011622,1,0.00011622,0.00011622,0.00011622,1135,1,1135,1135,1135,15,1,15,15,15
42,70,0.000114735,1,0.000114735,0.000114735,0.000114735,1124,1,1124,1124,1124,14,1,14,14,14
42,70,0.000114406,1,0.000114406,0.000114406,0.000114406,1114,1,1114,1114,1114,14,1,14,14,14
42,70,0.000116606,1,0.000116606,0.000116606,0.000116606,1116,1,1116,1116,1116,15,1,15,15,15
42,70,0.00011851,1,0.00011851,0.00011851,0.00011851,1123,1,1123,1123,1123,14,1,14,14,14
42,70,0.000118651,1,0.000118651,0.000118651,0.000118651,1137,1,1137,1137,1137,15,1,15,15,15
42,70,0.000115788,1,0.000115788,0.000115788,0.000115788,1127,1,1127,1127,1127,14,1,14,14,14
42,70,0.000117657,1,0.000117657,0.000117657,0.000117657,1147,1,1147,1147,1147,16,1,16,16,16
42,70,0.000122844,1,0.000122844,0.000122844,0.000122844,1116,1,1116,1116,1116,14,1,14,14,14
42,70,0.000115985,1,0.000115985,0.000115985,0.000115985,1139,1,1139,1139,1139,15,1,15,15,15
42,70,0.000116966,1,0.000116966,0.000116966,0.000116966,1146,1,1146,1146,1146,15,1,15,15,15
42,70,0.00011615,1,0.00011615,0.00011615,0.00011615,1138,1,1138,1138,1138,15,1,15,15,15
42,70,0.000114784,1,0.000114784,0.000114784,0.000114784,1125,1,1125,1125,1125,15,1,15,15,15
42,70,0.000117045,1,0.000117045,0.000117045,0.000117045,1165,1,1165,1165,1165,17,1,17,17,17
42,70,0.000118202,1,0.000118202,0.000118202,0.000118202,1137,1,1137,1137,1137,15,1,15,15,15
42,70,0.000117025,1,0.000117025,0.000117025,0.000117025,1146,1,1146,1146,1146,15,1,15,15,15
42,70,0.000116134,1,0.000116134,0.000116134,0.000116134,1116,1,1116,1116,1116,14,1,14,14,14
42,70,0.000117238,1,0.000117238,0.000117238,0.000117238,1124,1,1124,1124,1124,14,1,14,14,14
42,70,0.000117401,1,0.000117401,0.000117401,0.000117401,1102,1,1102,1102,1102,14,1,14,14,14
42,70,0.00011598,1,0.00011598,0.00011598,0.00011598,1125,1,1125,1125,1125,14,1,14,14,14
42,70,0.00011547,1,0.00011547,0.00011547,0.00011547,1117,1,1117,1117,1117,15,1,15,15,15
42,70,0.00011729,1,0.00011729,0.00011729,0.00011729,1144,1,1144,1144,1144,14,1,14,14,14
42,70,0.000115595,1,0.000115595,0.000115595,0.000115595,1116,1,1116,1116,1116,13,1,13,13,13
42,70,0.000115714,1,0.000115714,0.000115714,0.000115714,1139,1,1139,1139,1139,15,1,15,15,15
42,70,0.000124081,1,0.000124081,0.000124081,0.000124081,1146,1,1146,1146,1146,16,1,16,16,16
42,70,0.000115836,1,0.000115836,0.000115836,0.000115836,1125,1,1125,1125,1125,14,1,14,14,14
42,70,0.000117005,1,0.000117005,0.000117005,0.000117005,1135,1,1135,1135,1135,14,1,14,14,14
42,70,0.00011788,1,0.00011788,0.00011788,0.00011788,1130,1,1130,1130,1130,14,1,14,14,14
42,70,0.000116772,1,0.000116772,0.000116772,0.000116772,1142,1,1142,1142,1142,15,1,15,15,15
42,70,0.000118151,1,0.000118151,0.000118151,0.000118151,1142,1,1142,1142,1142,16,1,16,16,16
42,70,0.000115213,1,0.000115213,0.000115213,0.000115213,1147,1,1147,1147,1147,16,1,16,16,16
42,70,0.000115133,1,0.000115133,0.000115133,0.000115133,1141,1,1141,1141,1141,16,1,16,16,16
42,70,0.000115705,1,0.000115705,0.000115705,0.000115705,1118,1,1118,1118,1118,14,1,14,14,14
42,70,0.000116689,1,0.000116689,0.000116689,0.000116689,1138,1,1138,1138,1138,14,1,14,14,14
42,70,0.00011657,1,0.00011657,0.00011657,0.00011657,1137,1,1137,1137,1137,15,1,15,15,15
42,70,0.000114802,1,0.000114802,0.000114802,0.000114802,1130,1,1130,1130,1130,15,1,15,15,15
42,70,0.000123549,1,0.000123549,0.000123549,0.000123549,1154,1,1154,1154,1154,16,1,16,16,16
42,70,0.000115422,1,0.000115422,0.000115422,0.000115422,1112,1,1112,1112,1112,14,1,14,14,14
42,70,0.000117081,1,0.000117081,0.000117081,0.000117081,1156,1,1156,1156,1156,16,1,16,16,16
42,70,0.000116965,1,0.000116965,0.000116965,0.000116965,1105,1,1105,1105,1105,13,1,13,13,13
42,70,0.000119152,1,0.000119152,0.000119152,0.000119152,1167,1,1167,1167,1167,16,1,16,16,16
42,70,0.000116344,1,0.000116344,0.000116344,0.000116344,1156,1,1156,1156,1156,15,1,15,15,15
42,70,0.000116943,1,0.000116943,0.000116943,0.000116943,1127,1,1127,1127,1127,15,1,15,15,15
42,70,0.000117228,1,0.000117228,0.000117228,0.000117228,1135,1,1135,1135,1135,15,1,15,15,15
42,70,0.000118131,1,0.000118131,0.000118131,0.000118131,1139,1,1139,1139,1139,15,1,15,15,15
42,70,0.000117044,1,0.000117044,0.000117044,0.000117044,1143,1,1143,1143,1143,15,1,15,15,15
42,70,0.000117168,1,0.000117168,0.000117168,0.000117168,1106,1,1106,1106,1106,13,1,13,13,13
42,70,0.000117172,1,0.000117172,0.000117172,0.000117172,1132,1,1132,1132,1132,14,1,14,14,14
42,70,0.00011705,1,0.00011705,0.00011705,0.00011705,1120,1,1120,1120,1120,14,1,14,14,14
42,70,0.000122465,1,0.000122465,0.000122465,0.000122465,1123,1,1123,1123,1123,15,1,15,15,15
42,70,0.000115819,1,0.000115819,0.000115819,0.000115819,1119,1,1119,1119,1119,15,1,15,15,15
42,70,0.000116246,1,0.000116246,0.000116246,0.000116246,1124,1,1124,1124,1124,15,1,15,15,15
42,70,0.000132992,1,0.000132992,0.000132992,0.000132992,1148,1,1148,1148,1148,15,1,15,15,15
42,70,0.000115786,1,0.000115786,0.000115786,0.000115786,1088,1,1088,1088,1088,15,1,15,15,15
42,70,0.00011652,1,0.00011652,0.00011652,0.00011652,1147,1,1147,1147,1147,14,1,14,14,14
42,70,0.000116618,1,0.000116618,0.000116618,0.000116618,1160,1,1160,1160,1160,16,1,16,16,16
42,70,0.000119312,1,0.000119312,0.000119312,0.000119312,1160,1,1160,1160,1160,16,1,16,16,16
42,70,0.000116505,1,0.000116505,0.000116505,0.000116505,1125,1,1125,1125,1125,15,1,15,15,15
42,70,0.000114851,1,0.000114851,0.000114851,0.000114851,1111,1,1111,1111,1111,14,1,14,14,14
42,70,0.000117126,1,0.000117126,0.000117126,0.000117126,1152,1,1152,1152,1152,16,1,16,16,16
42,70,0.000115862,1,0.000115862,0.000115862,0.000115862,1130,1,1130,1130,1130,14,1,14,14,14
42,70,0.000116569,1,0.000116569,0.000116569,0.000116569,1148,1,1148,1148,1148,16,1,16,16,16
42,70,0.000116136,1,0.000116136,0.000116136,0.000116136,1130,1,1130,1130,1130,14,1,14,14,14
42,70,0.000115621,1,0.000115621,0.000115621,0.000115621,1104,1,1104,1104,1104,14,1,14,14,14
42,70,0.000115823,1,0.000115823,0.000115823,0.000115823,1151,1,1151,1151,1151,16,1,16,16,16
42,70,0.000114746,1,0.000114746,0.000114746,0.000114746,1116,1,1116,1116,1116,14,1,14,14,14
42,70,0.00011731,1,0.00011731,0.00011731,0.00011731,1143,1,1143,1143,1143,15,1,15,15,15
42,70,0.000116083,1,0.000116083,0.000116083,0.000116083,1128,1,1128,1128,1128,15,1,15,15,15
42,70,0.000117942,1,0.000117942,0.000117942,0.000117942,1140,1,1140,1140,1140,15,1,15,15,15
42,70,0.000117633,1,0.000117633,0.000117633,0.000117633,1117,1,1117,1117,1117,14,1,14,14,14
42,70,0.000123972,1,0.000123972,0.000123972,0.000123972,1128,1,1128,1128,1128,15,1,15,15,15
42,70,0.000116703,1,0.000116703,0.000116703,0.000116703,1113,1,1113,1113,1113,14,1,14,14,14
42,70,0.000116325,1,0.000116325,0.000116325,0.000116325,1169,1,1169,1169,1169,15,1,15,15,15
42,70,0.000116973,1,0.000116973,0.000116973,0.000116973,1134,1,1134,1134,1134,16,1,16,16,16
42,70,0.000118122,1,0.000118122,0.000118122,0.000118122,1142,1,1142,1142,1142,15,1,15,15,15
42,70,0.000116822,1,0.000116822,0.000116822,0.000116822,1112,1,1112,1112,1112,14,1,14,14,14
42,70,0.000117149,1,0.000117149,0.000117149,0.000117149,1169,1,1169,1169,1169,16,1,16,16,16
42,70,0.000116337,1,0.000116337,0.000116337,0.000116337,1151,1,1151,1151,1151,16,1,16,16,16
42,70,0.000115101,1,0.000115101,0.000115101,0.000115101,1137,1,1137,1137,1137,16,1,16,16,16
42,70,0.000115783,1,0.000115783,0.000115783,0.000115783,1137,1,1137,1137,1137,15,1,15,15,15
42,70,0.000136445,1,0.000136445,0.000136445,0.000136445,1137,1,1137,1137,1137,15,1,15,15,15
42,70,0.000115514,1,0.000115514,0.000115514,0.000115514,1113,1,1113,1113,1113,14,1,14,14,14
42,70,0.000116744,1,0.000116744,0.000116744,0.000116744,1130,1,1130,1130,1130,15,1,15,15,15
42,70,0.000117235,1,0.000117235,0.000117235,0.000117235,1109,1,1109,1109,1109,14,1,14,14,14
42,70,0.00011535,1,0.00011535,0.00011535,0.00011535,1102,1,1102,1102,1102,13,1,13,13,13
42,70,0.000117823,1,0.000117823,0.000117823,0.000117823,1164,1,1164,1164,1164,16,1,16,16,16
42,70,0.000115827,1,0.000115827,0.000115827,0.000115827,1085,1,1085,1085,1085,13,1,13,13,13
42,70,0.000115457,1,0.000115457,0.000115457,0.000115457,1113,1,1113,1113,1113,14,1,14,14,14
42,70,0.000117546,1,0.000117546,0.000117546,0.000117546,1152,1,1152,1152,1152,16,1,16,16,16
42,70,0.000117704,1,0.000117704,0.000117704,0.000117704,1130,1,1130,1130,1130,16,1,16,16,16
42,70,0.000115279,1,0.000115279,0.000115279,0.000115279,1103,1,1103,1103,1103,14,1,14,14,14
42,70,0.000117116,1,0.000117116,0.000117116,0.000117116,1109,1,1109,1109,1109,14,1,14,14,14
42,70,0.000115818,1,0.000115818,0.000115818,0.000115818,1104,1,1104,1104,1104,13,1,13,13,13
42,70,0.00011737,1,0.00011737,0.00011737,0.00011737,1149,1,1149,1149,1149,16,1,16,16,16
42,70,0.000116204,1,0.000116204,0.000116204,0.000116204,1129,1,1129,1129,1129,14,1,14,14,14
42,70,0.000115709,1,0.000115709,0.000115709,0.000115709,1138,1,1138,1138,1138,15,1,15,15,15
42,70,0.000116371,1,0.000116371,0.000116371,0.000116371,1135,1,1135,1135,1135,15,1,15,15,15
42,70,0.000116409,1,0.000116409,0.000116409,0.000116409,1111,1,1111,1111,1111,13,1,13,13,13
42,70,0.000115051,1,0.000115051,0.000115051,0.000115051,1120,1,1120,1120,1120,15,1,15,15,15
42,70,0.00011689,1,0.00011689,0.00011689,0.00011689,1134,1,1134,1134,1134,14,1,14,14,14
42,70,0.000116462,1,0.000116462,0.000116462,0.000116462,1126,1,1126,1126,1126,15,1,15,15,15
42,70,0.000116652,1,0.000116652,0.000116652,0.000116652,1167,1,1167,1167,1167,15,1,15,15,15
42,70,0.000117347,1,0.000117347,0.000117347,0.000117347,1115,1,1115,1115,1115,13,1,13,13,13
42,70,0.00011728,1,0.00011728,0.00011728,0.00011728,1136,1,1136,1136,1136,14,1,14,14,14
42,70,0.000117261,1,0.000117261,0.000117261,0.000117261,1114,1,1114,1114,1114,14,1,14,14,14
42,70,0.000126794,1,0.000126794,0.000126794,0.000126794,1109,1,1109,1109,1109,14,1,14,14,14
42,70,0.00011645,1,0.00011645,0.00011645,0.00011645,1147,1,1147,1147,1147,16,1,16,16,16
42,70,0.00011666,1,0.00011666,0.00011666,0.00011666,1116,1,1116,1116,1116,14,1,14,14,14
42,70,0.000117334,1,0.000117334,0.000117334,0.000117334,1147,1,1147,1147,1147,15,1,15,15,15
42,70,0.000114068,1,0.000114068,0.000114068,0.000114068,1109,1,1109,1109,1109,13,1,13,13,13
42,70,0.000124579,1,0.000124579,0.000124579,0.000124579,1141,1,1141,1141,1141,16,1,16,16,16
42,70,0.000114707,1,0.000114707,0.000114707,0.000114707,1127,1,1127,1127,1127,15,1,15,15,15
42,70,0.000117083,1,0.000117083,0.000117083,0.000117083,1102,1,1102,1102,1102,14,1,14,14,14
42,70,0.000115387,1,0.000115387,0.000115387,0.000115387,1154,1,1154,1154,1154,17,1,17,17,17
42,70,0.000118084,1,0.000118084,0.000118084,0.000118084,1112,1,1112,1112,1112,14,1,14,14,14
42,70,0.000116195,1,0.000116195,0.000116195,0.000116195,1122,1,1122,1122,1122,15,1,15,15,15
42,70,0.000116705,1,0.000116705,0.000116705,0.000116705,1104,1,1104,1104,1104,14,1,14,14,14
42,70,0.000123138,1,0.000123138,0.000123138,0.000123138,1122,1,1122,1122,1122,15,1,15,15,15
42,70,0.00011735,1,0.00011735,0.00011735,0.00011735,1162,1,1162,1162,1162,15,1,15,15,15
42,70,0.000117769,1,0.000117769,0.000117769,0.000117769,1155,1,1155,1155,1155,15,1,15,15,15
42,70,0.000113938,1,0.000113938,0.000113938,0.000113938,1094,1,1094,1094,1094,12,1,12,12,12
42,70,0.000116972,1,0.000116972,0.000116972,0.000116972,1106,1,1106,1106,1106,14,1,14,14,14
42,70,0.000116546,1,0.000116546,0.000116546,0.000116546,1134,1,1134,1134,1134,15,1,15,15,15
42,70,0.000117254,1,0.000117254,0.000117254,0.000117254,1140,1,1140,1140,1140,16,1,16,16,16
42,70,0.000116076,1,0.000116076,0.000116076,0.000116076,1133,1,1133,1133,1133,16,1,16,16,16
42,70,0.000118026,1,0.000118026,0.000118026,0.000118026,1182,1,1182,1182,1182,16,1,16,16,16
42,70,0.000115555,1,0.000115555,0.000115555,0.000115555,1112,1,1112,1112,1112,15,1,15,15,15
42,70,0.000117085,1,0.000117085,0.000117085,0.000117085,1154,1,1154,1154,1154,16,1,16,16,16
42,70,0.000114483,1,0.000114483,0.000114483,0.000114483,1120,1,1120,1120,1120,15,1,15,15,15
42,70,0.000114975,1,0.000114975,0.000114975,0.000114975,1094,1,1094,1094,1094,13,1,13,13,13
42,70,0.000114892,1,0.000114892,0.000114892,0.000114892,1122,1,1122,1122,1122,15,1,15,15,15
42,70,0.000116971,1,0.000116971,0.000116971,0.000116971,1148,1,1148,1148,1148,15,1,15,15,15
42,70,0.000115646,1,0.000115646,0.000115646,0.000115646,1124,1,1124,1124,1124,15,1,15,15,15
42,70,0.000118733,1,0.000118733,0.000118733,0.000118733,1120,1,1120,1120,1120,13,1,13,13,13
42,70,0.000116904,1,0.000116904,0.000116904,0.000116904,1130,1,1130,1130,1130,16,1,16,16,16
42,70,0.000116913,1,0.000116913,0.000116913,0.000116913,1143,1,1143,1143,1143,14,1,14,14,14
42,70,0.000116676,1,0.000116676,0.000116676,0.000116676,1145,1,1145,1145,1145,15,1,15,15,15
42,70,0.000133857,1,0.000133857,0.000133857,0.000133857,1145,1,1145,1145,1145,14,1,14,14,14
42,70,0.000116729,1,0.000116729,0.000116729,0.000116729,1120,1,1120,1120,1120,14,1,14,14,14
42,70,0.000114709,1,0.000114709,0.000114709,0.000114709,1099,1,1099,1099,1099,13,1,13,13,13
42,70,0.000115879,1,0.000115879,0.000115879,0.000115879,1135,1,1135,1135,1135,15,1,15,15,15
42,70,0.000115325,1,0.000115325,0.000115325,0.000115325,1118,1,1118,1118,1118,15,1,15,15,15
42,70,0.000116098,1,0.000116098,0.000116098,0.000116098,1127,1,1127,1127,1127,15,1,15,15,15
42,70,0.000116772,1,0.000116772,0.000116772,0.000116772,1132,1,1132,1132,1132,14,1,14,14,14
42,70,0.000116634,1,0.000116634,0.000116634,0.000116634,1146,1,1146,1146,1146,15,1,15,15,15
42,70,0.000116976,1,0.000116976,0.000116976,0.000116976,1120,1,1120,1120,1120,14,1,14,14,14
42,70,0.000116113,1,0.000116113,0.000116113,0.000116113,1171,1,1171,1171,1171,16,1,16,16,16
42,70,0.000116185,1,0.000116185,0.000116185,0.000116185,1149,1,1149,1149,1149,15,1,15,15,15
42,70,0.000115905,1,0.000115905,0.000115905,0.000115905,1133,1,1133,1133,1133,15,1,15,15,15
42,70,0.000131392,1,0.000131392,0.000131392,0.000131392,1107,1,1107,1107,1107,14,1,14,14,14
42,70,0.000116064,1,0.000116064,0.000116064,0.000116064,1128,1,1128,1128,1128,14,1,14,14,14
42,70,0.000116563,1,0.000116563,0.000116563,0.000116563,1150,1,1150,1150,1150,16,1,16,16,16
42,70,0.000114962,1,0.000114962,0.000114962,0.000114962,1118,1,1118,1118,1118,15,1,15,15,15
42,70,0.000117967,1,0.000117967,0.000117967,0.000117967,1150,1,1150,1150,1150,16,1,16,16,16
42,70,0.000116978,1,0.000116978,0.000116978,0.000116978,1126,1,1126,1126,1126,15,1,15,15,15
42,70,0.000116575,1,0.000116575,0.000116575,0.000116575,1115,1,1115,1115,1115,14,1,14,14,14
42,70,0.000115628,1,0.000115628,0.000115628,0.000115628,1159,1,1159,1159,1159,16,1,16,16,16
42,70,0.000115826,1,0.000115826,0.000115826,0.000115826,1142,1,1142,1142,1142,16,1,16,16,16
42,70,0.000116578,1,0.000116578,0.000116578,0.000116578,1125,1,1125,1125,1125,14,1,14,14,14
42,70,0.000116651,1,0.000116651,0.000116651,0.000116651,1143,1,1143,1143,1143,14,1,14,14,14
42,70,0.000117127,1,0.000117127,0.000117127,0.000117127,1125,1,1125,1125,1125,15,1,15,15,15
42,70,0.000118895,1,0.000118895,0.000118895,0.000118895,1161,1,1161,1161,1161,16,1,16,16,16
42,70,0.00012079,1,0.00012079,0.00012079,0.00012079,1145,1,1145,1145,1145,16,1,16,16,16
42,70,0.000117294,1,0.000117294,0.000117294,0.000117294,1156,1,1156,1156,1156,16,1,16,16,16
42,70,0.00011533,1,0.00011533,0.00011533,0.00011533,1120,1,1120,1120,1120,14,1,14,14,14
42,70,0.000122544,1,0.000122544,0.000122544,0.000122544,1140,1,1140,1140,1140,15,1,15,15,15
42,70,0.000115561,1,0.000115561,0.000115561,0.000115561,1106,1,1106,1106,1106,14,1,14,14,14
42,70,0.000115026,1,0.000115026,0.000115026,0.000115026,1134,1,1134,1134,1134,15,1,15,15,15
42,70,0.000117681,1,0.000117681,0.000117681,0.000117681,1151,1,1151,1151,1151,16,1,16,16,16
42,70,0.000117415,1,0.000117415,0.000117415,0.000117415,1149,1,1149,1149,1149,16,1,16,16,16
42,70,0.000118807,1,0.000118807,0.000118807,0.000118807,1130,1,1130,1130,1130,14,1,14,14,14
42,70,0.000122234,1,0.000122234,0.000122234,0.000122234,1107,1,1107,1107,1107,15,1,15,15,15
42,70,0.000117371,1,0.000117371,0.000117371,0.000117371,1152,1,1152,1152,1152,16,1,16,16,16
42,70,0.000116606,1,0.000116606,0.000116606,0.000116606,1130,1,1130,1130,1130,14,1,14,14,14
42,70,0.000114639,1,0.000114639,0.000114639,0.000114639,1107,1,1107,1107,1107,14,1,14,14,14
42,70,0.00011524,1,0.00011524,0.00011524,0.00011524,1108,1,1108,1108,1108,13,1,13,13,13
42,70,0.000131701,1,0.000131701,0.000131701,0.000131701,1083,1,1083,1083,1083,14,1,14,14,14
42,70,0.000132793,1,0.000132793,0.000132793,0.000132793,1118,1,1118,1118,1118,14,1,14,14,14
42,70,0.000117325,1,0.000117325,0.000117325,0.000117325,1182,1,1182,1182,1182,16,1,16,16,16
42,70,0.000115418,1,0.000115418,0.000115418,0.000115418,1119,1,1119,1119,1119,15,1,15,15,15
42,70,0.00011698,1,0.00011698,0.00011698,0.00011698,1132,1,1132,1132,1132,14,1,14,14,14
42,70,0.000115226,1,0.000115226,0.000115226,0.000115226,1115,1,1115,1115,1115,15,1,15,15,15
42,70,0.000115497,1,0.000115497,0.000115497,0.000115497,1119,1,1119,1119,1119,13,1,13,13,13
42,70,0.000118658,1,0.000118658,0.000118658,0.000118658,1140,1,1140,1140,1140,15,1,15,15,15
42,70,0.000118869,1,0.000118869,0.000118869,0.000118869,1138,1,1138,1138,1138,15,1,15,15,15
42,70,0.000116154,1,0.000116154,0.000116154,0.000116154,1111,1,1111,1111,1111,14,1,14,14,14
42,70,0.000117272,1,0.000117272,0.000117272,0.000117272,1128,1,1128,1128,1128,14,1,14,14,14
42,70,0.000115731,1,0.000115731,0.000115731,0.000115731,1117,1,1117,1117,1117,14,1,14,14,14
42,70,0.000116475,1,0.000116475,0.000116475,0.000116475,1129,1,1129,1129,1129,15,1,15,15,15
42,70,0.000115497,1,0.000115497,0.000115497,0.000115497,1105,1,1105,1105,1105,14,1,14,14,14
42,70,0.000118399,1,0.000118399,0.000118399,0.000118399,1139,1,1139,1139,1139,15,1,15,15,15
42,70,0.00012034,1,0.00012034,0.00012034,0.00012034,1112,1,1112,1112,1112,14,1,14,14,14
42,70,0.000121669,1,0.000121669,0.000121669,0.000121669,1158,1,1158,1158,1158,16,1,16,16,16
42,70,0.000115093,1,0.000115093,0.000115093,0.000115093,1116,1,1116,1116,1116,13,1,13,13,13
42,70,0.000117717,1,0.000117717,0.000117717,0.000117717,1138,1,1138,1138,1138,14,1,14,14,14
42,70,0.000116365,1,0.000116365,0.000116365,0.000116365,1126,1,1126,1126,1126,15,1,15,15,15
42,70,0.000115081,1,0.000115081,0.000115081,0.000115081,1152,1,1152,1152,1152,15,1,15,15,15
42,70,0.000116003,1,0.000116003,0.000116003,0.000116003,1119,1,1119,1119,1119,14,1,14,14,14
42,70,0.000115342,1,0.000115342,0.000115342,0.000115342,1141,1,1141,1141,1141,16,1,16,16,16
42,70,0.000115945,1,0.000115945,0.000115945,0.000115945,1105,1,1105,1105,1105,14,1,14,14,14
42,70,0.000115682,1,0.000115682,0.000115682,0.000115682,1146,1,1146,1146,1146,14,1,14,14,14
42,70,0.000117695,1,0.000117695,0.000117695,0.000117695,1138,1,1138,1138,1138,15,1,15,15,15
42,70,0.000115927,1,0.000115927,0.000115927,0.000115927,1125,1,1125,1125,1125,15,1,15,15,15
42,70,0.000116937,1,0.000116937,0.000116937,0.000116937,1120,1,1120,1120,1120,14,1,14,14,14
42,70,0.000116085,1,0.000116085,0.000116085,0.000116085,1152,1,1152,1152,1152,15,1,15,15,15
42,70,0.000115656,1,0.000115656,0.000115656,0.000115656,1124,1,1124,1124,1124,15,1,15,15,15
42,70,0.000115618,1,0.000115618,0.000115618,0.000115618,1112,1,1112,1112,1112,14,1,14,14,14
42,70,0.00011595,1,0.00011595,0.00011595,0.00011595,1108,1,1108,1108,1108,15,1,15,15,15
42,70,0.000116747,1,0.000116747,0.000116747,0.000116747,1122,1,1122,1122,1122,15,1,15,15,15
42,70,0.000116307,1,0.000116307,0.000116307,0.000116307,1144,1,1144,1144,1144,15,1,15,15,15
42,70,0.000116914,1,0.000116914,0.000116914,0.000116914,1151,1,1151,1151,1151,16,1,16,16,16
42,70,0.000124037,1,0.000124037,0.000124037,0.000124037,1141,1,1141,1141,1141,16,1,16,16,16
42,70,0.000120672,1,0.000120672,0.000120672,0.000120672,1111,1,1111,1111,1111,13,1,13,13,13
42,70,0.000131931,1,0.000131931,0.000131931,0.000131931,1138,1,1138,1138,1138,14,1,14,14,14
42,70,0.000115596,1,0.000115596,0.000115596,0.000115596,1132,1,1132,1132,1132,15,1,15,15,15
42,70,0.000116479,1,0.000116479,0.000116479,0.000116479,1124,1,1124,1124,1124,14,1,14,14,14
42,70,0.000116028,1,0.000116028,0.000116028,0.000116028,1122,1,1122,1122,1122,14,1,14,14,14
42,70,0.000124753,1,0.000124753,0.000124753,0.000124753,1130,1,1130,1130,1130,14,1,14,14,14
42,70,0.000115364,1,0.000115364,0.000115364,0.000115364,1124,1,1124,1124,1124,14,1,14,14,14
42,70,0.000155596,1,0.000155596,0.000155596,0.000155596,1131,1,1131,1131,1131,15,1,15,15,15
42,70,0.000117584,1,0.000117584,0.000117584,0.000117584,1143,1,1143,1143,1143,15,1,15,15,15
42,70,0.000120251,1,0.000120251,0.000120251,0.000120251,1132,1,1132,1132,1132,14,1,14,14,14
42,70,0.000118947,1,0.000118947,0.000118947,0.000118947,1143,1,1143,1143,1143,15,1,15,15,15
42,70,0.000119169,1,0.000119169,0.000119169,0.000119169,1117,1,1117,1117,1117,15,1,15,15,15
42,70,0.000117452,1,0.000117452,0.000117452,0.000117452,1114,1,1114,1114,1114,14,1,14,14,14
42,70,0.000115308,1,0.000115308,0.000115308,0.000115308,1111,1,1111,1111,1111,14,1,14,14,14
42,70,0.000123061,1,0.000123061,0.000123061,0.000123061,1158,1,1158,1158,1158,16,1,16,16,16
42,70,0.000116564,1,0.000116564,0.000116564,0.000116564,1151,1,1151,1151,1151,15,1,15,15,15
42,70,0.000114494,1,0.000114494,0.000114494,0.000114494,1132,1,1132,1132,1132,14,1,14,14,14
42,70,0.000116615,1,0.000116615,0.000116615,0.000116615,1140,1,1140,1140,1140,15,1,15,15,15
42,70,0.000117315,1,0.000117315,0.000117315,0.000117315,1149,1,1149,1149,1149,15,1,15,15,15
42,70,0.000114999,1,0.000114999,0.000114999,0.000114999,1108,1,1108,1108,1108,15,1,15,15,15
42,70,0.000115745,1,0.000115745,0.000115745,0.000115745,1139,1,1139,1139,1139,16,1,16,16,16
42,70,0.000136144,1,0.000136144,0.000136144,0.000136144,1148,1,1148,1148,1148,15,1,15,15,15
42,70,0.000116386,1,0.000116386,0.000116386,0.000116386,1129,1,1129,1129,1129,15,1,15,15,15
42,70,0.00011823,1,0.00011823,0.00011823,0.00011823,1136,1,1136,1136,1136,15,1,15,15,15
42,70,0.000115476,1,0.000115476,0.000115476,0.000115476,1109,1,1109,1109,1109,15,1,15,15,15
42,70,0.000116592,1,0.000116592,0.000116592,0.000116592,1123,1,1123,1123,1123,14,1,14,14,14
42,70,0.000115367,1,0.000115367,0.000115367,0.000115367,1090,1,1090,1090,1090,13,1,13,13,13
42,70,0.000115803,1,0.000115803,0.000115803,0.000115803,1125,1,1125,1125,1125,14,1,14,14,14
42,70,0.000116074,1,0.000116074,0.000116074,0.000116074,1142,1,1142,1142,1142,16,1,16,16,16
42,70,0.000118107,1,0.000118107,0.000118107,0.000118107,1156,1,1156,1156,1156,15,1,15,15,15
42,70,0.000122956,1,0.000122956,0.000122956,0.000122956,1157,1,1157,1157,1157,15,1,15,15,15
42,70,0.000116213,1,0.000116213,0.000116213,0.000116213,1168,1,1168,1168,1168,16,1,16,16,16
42,70,0.000120788,1,0.000120788,0.000120788,0.000120788,1110,1,1110,1110,1110,14,1,14,14,14
42,70,0.000116323,1,0.000116323,0.000116323,0.000116323,1119,1,1119,1119,1119,15,1,15,15,15
42,70,0.000116996,1,0.000116996,0.000116996,0.000116996,1143,1,1143,1143,1143,16,1,16,16,16
42,70,0.00011579,1,0.00011579,0.00011579,0.00011579,1123,1,1123,1123,1123,15,1,15,15,15
42,70,0.000117344,1,0.000117344,0.000117344,0.000117344,1118,1,1118,1118,1118,15,1,15,15,15
42,70,0.000115035,1,0.000115035,0.000115035,0.000115035,1124,1,1124,1124,1124,15,1,15,15,15
42,70,0.000118852,1,0.000118852,0.000118852,0.000118852,1177,1,1177,1177,1177,17,1,17,17,17
42,70,0.000117363,1,0.000117363,0.000117363,0.000117363,1116,1,1116,1116,1116,13,1,13,13,13
42,70,0.000114853,1,0.000114853,0.000114853,0.000114853,1102,1,1102,1102,1102,14,1,14,14,14
42,70,0.000118542,1,0.000118542,0.000118542,0.000118542,1109,1,1109,1109,1109,14,1,14,14,14
42,70,0.000115696,1,0.000115696,0.000115696,0.000115696,1134,1,1134,1134,1134,14,1,14,14,14
42,70,0.000136978,1,0.000136978,0.000136978,0.000136978,1138,1,1138,1138,1138,15,1,15,15,15
42,70,0.000115293,1,0.000115293,0.000115293,0.000115293,1115,1,1115,1115,1115,14,1,14,14,14
42,70,0.000117466,1,0.000117466,0.000117466,0.000117466,1103,1,1103,1103,1103,14,1,14,14,14
42,70,0.000115405,1,0.000115405,0.000115405,0.000115405,1133,1,1133,1133,1133,15,1,15,15,15
42,70,0.000116421,1,0.000116421,0.000116421,0.000116421,1122,1,1122,1122,1122,15,1,15,15,15
42,70,0.000115863,1,0.000115863,0.000115863,0.000115863,1131,1,1131,1131,1131,14,1,14,14,14
42,70,0.000117408,1,0.000117408,0.000117408,0.000117408,1136,1,1136,1136,1136,14,1,14,14,14
42,70,0.000117056,1,0.000117056,0.000117056,0.000117056,1148,1,1148,1148,1148,15,1,15,15,15
42,70,0.000115766,1,0.000115766,0.000115766,0.000115766,1126,1,1126,1126,1126,14,1,14,14,14
42,70,0.000117407,1,0.000117407,0.000117407,0.000117407,1099,1,1099,1099,1099,13,1,13,13,13
42,70,0.000116753,1,0.000116753,0.000116753,0.000116753,1140,1,1140,1140,1140,15,1,15,15,15
42,70,0.000116552,1,0.000116552,0.000116552,0.000116552,1127,1,1127,1127,1127,14,1,14,14,14
42,70,0.00011476,1,0.00011476,0.00011476,0.00011476,1125,1,1125,1125,1125,15,1,15,15,15
42,70,0.000116216,1,0.000116216,0.000116216,0.000116216,1107,1,1107,1107,1107,13,1,13,13,13
42,70,0.000116823,1,0.000116823,0.000116823,0.000116823,1125,1,1125,1125,1125,15,1,15,15,15
42,70,0.000116503,1,0.000116503,0.000116503,0.000116503,1142,1,1142,1142,1142,15,1,15,15,15
42,70,0.000115309,1,0.000115309,0.000115309,0.000115309,1126,1,1126,1126,1126,14,1,14,14,14
42,70,0.000116419,1,0.000116419,0.000116419,0.000116419,1133,1,1133,1133,1133,15,1,15,15,15
42,70,0.000115856,1,0.000115856,0.000115856,0.000115856,1118,1,1118,1118,1118,14,1,14,14,14
42,70,0.000115833,1,0.000115833,0.000115833,0.000115833,1126,1,1126,1126,1126,14,1,14,14,14
42,70,0.000118234,1,0.000118234,0.000118234,0.000118234,1132,1,1132,1132,1132,15,1,15,15,15
42,70,0.000117392,1,0.000117392,0.000117392,0.000117392,1125,1,1125,1125,1125,14,1,14,14,14
42,70,0.000117029,1,0.000117029,0.000117029,0.000117029,1136,1,1136,1136,1136,15,1,15,15,15
42,70,0.000118746,1,0.000118746,0.000118746,0.000118746,1121,1,1121,1121,1121,14,1,14,14,14
42,70,0.00011908,1,0.00011908,0.00011908,0.00011908,1139,1,1139,1139,1139,16,1,16,16,16
42,70,0.000117809,1,0.000117809,0.000117809,0.000117809,1146,1,1146,1146,1146,15,1,15,15,15
42,70,0.000115737,1,0.000115737,0.000115737,0.000115737,1108,1,1108,1108,1108,13,1,13,13,13
42,70,0.000117274,1,0.000117274,0.000117274,0.000117274,1171,1,1171,1171,1171,16,1,16,16,16
42,70,0.000116072,1,0.000116072,0.000116072,0.000116072,1113,1,1113,1113,1113,14,1,14,14,14
42,70,0.000116745,1,0.000116745,0.000116745,0.000116745,1118,1,1118,1118,1118,15,1,15,15,15
42,70,0.000116122,1,0.000116122,0.000116122,0.000116122,1123,1,1123,1123,1123,15,1,15,15,15
42,70,0.000115786,1,0.000115786,0.000115786,0.000115786,1129,1,1129,1129,1129,14,1,14,14,14
42,70,0.000116483,1,0.000116483,0.000116483,0.000116483,1121,1,1121,1121,1121,14,1,14,14,14
42,70,0.000124118,1,0.000124118,0.000124118,0.000124118,1094,1,1094,1094,1094,13,1,13,13,13
42,70,0.000118017,1,0.000118017,0.000118017,0.000118017,1106,1,1106,1106,1106,14,1,14,14,14
42,70,0.000131995,1,0.000131995,0.000131995,0.000131995,1107,1,1107,1107,1107,14,1,14,14,14
42,70,0.000119063,1,0.000119063,0.000119063,0.000119063,1116,1,1116,1116,1116,15,1,15,15,15
42,70,0.000116609,1,0.000116609,0.000116609,0.000116609,1132,1,1132,1132,1132,14,1,14,14,14
42,70,0.000123731,1,0.000123731,0.000123731,0.000123731,1132,1,1132,1132,1132,15,1,15,15,15
42,70,0.000116863,1,0.000116863,0.000116863,0.000116863,1100,1,1100,1100,1100,13,1,13,13,13
42,70,0.000116258,1,0.000116258,0.000116258,0.000116258,1108,1,1108,1108,1108,14,1,14,14,14
42,70,0.000115839,1,0.000115839,0.000115839,0.000115839,1093,1,1093,1093,1093,13,1,13,13,13
42,70,0.000115128,1,0.000115128,0.000115128,0.000115128,1130,1,1130,1130,1130,14,1,14,14,14
42,70,0.000118845,1,0.000118845,0.000118845,0.000118845,1112,1,1112,1112,1112,13,1,13,13,13
42,70,0.000122131,1,0.000122131,0.000122131,0.000122131,1166,1,1166,1166,1166,16,1,16,16,16
42,70,0.000121032,1,0.000121032,0.000121032,0.000121032,1124,1,1124,1124,1124,15,1,15,15,15
42,70,0.000116491,1,0.000116491,0.000116491,0.000116491,1144,1,1144,1144,1144,15,1,15,15,15
42,70,0.000115764,1,0.000115764,0.000115764,0.000115764,1115,1,1115,1115,1115,15,1,15,15,15
42,70,0.000118102,1,0.000118102,0.000118102,0.000118102,1128,1,1128,1128,1128,14,1,14,14,14
42,70,0.000115746,1,0.000115746,0.000115746,0.000115746,1115,1,1115,1115,1115,15,1,15,15,15
42,70,0.000116183,1,0.000116183,0.000116183,0.000116183,1127,1,1127,1127,1127,15,1,15,15,15
42,70,0.000118998,1,0.000118998,0.000118998,0.000118998,1124,1,1124,1124,1124,14,1,14,14,14
42,70,0.000116748,1,0.000116748,0.000116748,0.000116748,1124,1,1124,1124,1124,14,1,14,14,14
42,70,0.000115266,1,0.000115266,0.000115266,0.000115266,1093,1,1093,1093,1093,13,1,13,13,13
42,70,0.000116469,1,0.000116469,0.000116469,0.000116469,1102,1,1102,1102,1102,13,1,13,13,13
42,70,0.00011488,1,0.00011488,0.00011488,0.00011488,1088,1,1088,1088,1088,13,1,13,13,13
42,70,0.000119515,1,0.000119515,0.000119515,0.000119515,1110,1,1110,1110,1110,14,1,14,14,14
42,70,0.000116497,1,0.000116497,0.000116497,0.000116497,1116,1,1116,1116,1116,14,1,14,14,14
42,70,0.000115069,1,0.000115069,0.000115069,0.000115069,1111,1,1111,1111,1111,13,1,13,13,13
42,70,0.00011664,1,0.00011664,0.00011664,0.00011664,1122,1,1122,1122,1122,14,1,14,14,14
42,70,0.000113253,1,0.000113253,0.000113253,0.000113253,1116,1,1116,1116,1116,15,1,15,15,15
42,70,0.000115044,1,0.000115044,0.000115044,0.000115044,1146,1,1146,1146,1146,16,1,16,16,16
42,70,0.000117649,1,0.000117649,0.000117649,0.000117649,1089,1,1089,1089,1089,12,1,12,12,12
42,70,0.000129588,1,0.000129588,0.000129588,0.000129588,1105,1,1105,1105,1105,14,1,14,14,14
42,70,0.000128802,1,0.000128802,0.000128802,0.000128802,1152,1,1152,1152,1152,15,1,15,15,15
42,70,0.000117588,1,0.000117588,0.000117588,0.000117588,1128,1,1128,1128,1128,15,1,15,15,15
42,70,0.000117091,1,0.000117091,0.000117091,0.000117091,1096,1,1096,1096,1096,14,1,14,14,14
42,70,0.000115095,1,0.000115095,0.000115095,0.000115095,1125,1,1125,1125,1125,14,1,14,14,14
42,70,0.000115423,1,0.000115423,0.000115423,0.000115423,1115,1,1115,1115,1115,14,1,14,14,14
42,70,0.00012114,1,0.00012114,0.00012114,0.00012114,1133,1,1133,1133,1133,15,1,15,15,15
42,70,0.000116402,1,0.000116402,0.000116402,0.000116402,1131,1,1131,1131,1131,14,1,14,14,14
42,70,0.000115685,1,0.000115685,0.000115685,0.000115685,1118,1,1118,1118,1118,14,1,14,14,14
42,70,0.000117169,1,0.000117169,0.000117169,0.000117169,1158,1,1158,1158,1158,16,1,16,16,16
42,70,0.000115773,1,0.000115773,0.000115773,0.000115773,1122,1,1122,1122,1122,15,1,15,15,15
42,70,0.000114883,1,0.000114883,0.000114883,0.000114883,1126,1,1126,1126,1126,14,1,14,14,14
42,70,0.000116865,1,0.000116865,0.000116865,0.000116865,1135,1,1135,1135,1135,16,1,16,16,16
42,70,0.000116736,1,0.000116736,0.000116736,0.000116736,1127,1,1127,1127,1127,15,1,15,15,15
42,70,0.000115112,1,0.000115112,0.000115112,0.000115112,1107,1,1107,1107,1107,14,1,14,14,14
42,70,0.000117724,1,0.000117724,0.000117724,0.000117724,1141,1,1141,1141,1141,15,1,15,15,15
42,70,0.000119004,1,0.000119004,0.000119004,0.000119004,1119,1,1119,1119,1119,14,1,14,14,14
42,70,0.000115143,1,0.000115143,0.000115143,0.000115143,1122,1,1122,1122,1122,14,1,14,14,14
42,70,0.000120823,1,0.000120823,0.000120823,0.000120823,1148,1,1148,1148,1148,15,1,15,15,15
42,70,0.000117134,1,0.000117134,0.000117134,0.000117134,1147,1,1147,1147,1147,15,1,15,15,15
42,70,0.000122223,1,0.000122223,0.000122223,0.000122223,1139,1,1139,1139,1139,15,1,15,15,15
42,70,0.000117146,1,0.000117146,0.000117146,0.000117146,1149,1,1149,1149,1149,16,1,16,16,16
42,70,0.000117064,1,0.000117064,0.000117064,0.000117064,1119,1,1119,1119,1119,15,1,15,15,15
42,70,0.000115602,1,0.000115602,0.000115602,0.000115602,1132,1,1132,1132,1132,14,1,14,14,14
42,70,0.000115279,1,0.000115279,0.000115279,0.000115279,1116,1,1116,1116,1116,14,1,14,14,14
42,70,0.000115764,1,0.000115764,0.000115764,0.000115764,1119,1,1119,1119,1119,14,1,14,14,14
42,70,0.000115905,1,0.000115905,0.000115905,0.000115905,1103,1,1103,1103,1103,13,1,13,13,13
42,70,0.000116647,1,0.000116647,0.000116647,0.000116647,1132,1,1132,1132,1132,15,1,15,15,15
42,70,0.000117315,1,0.000117315,0.000117315,0.000117315,1108,1,1108,1108,1108,14,1,14,14,14
42,70,0.000129198,1,0.000129198,0.000129198,0.000129198,1135,1,1135,1135,1135,14,1,14,14,14
42,70,0.000116917,1,0.000116917,0.000116917,0.000116917,1143,1,1143,1143,1143,15,1,15,15,15
42,70,0.000119028,1,0.000119028,0.000119028,0.000119028,1135,1,1135,1135,1135,15,1,15,15,15
42,70,0.000115344,1,0.000115344,0.000115344,0.000115344,1108,1,1108,1108,1108,13,1,13,13,13
42,70,0.000132739,1,0.000132739,0.000132739,0.000132739,1108,1,1108,1108,1108,14,1,14,14,14
42,70,0.000120087,1,0.000120087,0.000120087,0.000120087,1098,1,1098,1098,1098,13,1,13,13,13
42,70,0.000118116,1,0.000118116,0.000118116,0.000118116,1111,1,1111,1111,1111,14,1,14,14,14
42,70,0.000119567,1,0.000119567,0.000119567,0.000119567,1108,1,1108,1108,1108,14,1,14,14,14
42,70,0.000116629,1,0.000116629,0.000116629,0.000116629,1145,1,1145,1145,1145,14,1,14,14,14
42,70,0.000115086,1,0.000115086,0.000115086,0.000115086,1123,1,1123,1123,1123,15,1,15,15,15
42,70,0.000117603,1,0.000117603,0.000117603,0.000117603,1113,1,1113,1113,1113,14,1,14,14,14
42,70,0.000117791,1,0.000117791,0.000117791,0.000117791,1165,1,1165,1165,1165,15,1,15,15,15
42,70,0.000122751,1,0.000122751,0.000122751,0.000122751,1145,1,1145,1145,1145,15,1,15,15,15
42,70,0.000119076,1,0.000119076,0.000119076,0.000119076,1108,1,1108,1108,1108,14,1,14,14,14
42,70,0.000129964,1,0.000129964,0.000129964,0.000129964,1120,1,1120,1120,1120,14,1,14,14,14
42,70,0.000114609,1,0.000114609,0.000114609,0.000114609,1105,1,1105,1105,1105,14,1,14,14,14
42,70,0.000116617,1,0.000116617,0.000116617,0.000116617,1145,1,1145,1145,1145,15,1,15,15,15
42,70,0.000117203,1,0.000117203,0.000117203,0.000117203,1118,1,1118,1118,1118,15,1,15,15,15
42,70,0.000116428,1,0.000116428,0.000116428,0.000116428,1130,1,1130,1130,1130,15,1,15,15,15
42,70,0.000116565,1,0.000116565,0.000116565,0.000116565,1122,1,1122,1122,1122,14,1,14,14,14
42,70,0.00011546,1,0.00011546,0.00011546,0.00011546,1126,1,1126,1126,1126,15,1,15,15,15
42,70,0.000121947,1,0.000121947,0.000121947,0.000121947,1137,1,1137,1137,1137,15,1,15,15,15
42,70,0.000117244,1,0.000117244,0.000117244,0.000117244,1151,1,1151,1151,1151,15,1,15,15,15
42,70,0.000117392,1,0.000117392,0.000117392,0.000117392,1107,1,1107,1107,1107,14,1,14,14,14
42,70,0.0001155,1,0.0001155,0.0001155,0.0001155,1124,1,1124,1124,1124,15,1,15,15,15
42,70,0.00011866,1,0.00011866,0.00011866,0.00011866,1119,1,1119,1119,1119,15,1,15,15,15
42,70,0.0001178,1,0.0001178,0.0001178,0.0001178,1118,1,1118,1118,1118,14,1,14,14,14
42,70,0.000117252,1,0.000117252,0.000117252,0.000117252,1137,1,1137,1137,1137,15,1,15,15,15
42,70,0.000114235,1,0.000114235,0.000114235,0.000114235,1120,1,1120,1120,1120,15,1,15,15,15
42,70,0.000117679,1,0.000117679,0.000117679,0.000117679,1154,1,1154,1154,1154,16,1,16,16,16
42,70,0.000114641,1,0.000114641,0.000114641,0.000114641,1126,1,1126,1126,1126,14,1,14,14,14
42,70,0.000115749,1,0.000115749,0.000115749,0.000115749,1090,1,1090,1090,1090,14,1,14,14,14
42,70,0.000118409,1,0.000118409,0.000118409,0.000118409,1118,1,1118,1118,1118,15,1,15,15,15
42,70,0.000132689,1,0.000132689,0.000132689,0.000132689,1107,1,1107,1107,1107,14,1,14,14,14
42,70,0.000117836,1,0.000117836,0.000117836,0.000117836,1125,1,1125,1125,1125,15,1,15,15,15
42,70,0.000115235,1,0.000115235,0.000115235,0.000115235,1131,1,1131,1131,1131,15,1,15,15,15
42,70,0.000116341,1,0.000116341,0.000116341,0.000116341,1118,1,1118,1118,1118,14,1,14,14,14
42,70,0.000115987,1,0.000115987,0.000115987,0.000115987,1144,1,1144,1144,1144,15,1,15,15,15
42,70,0.000117211,1,0.000117211,0.000117211,0.000117211,1137,1,1137,1137,1137,14,1,14,14,14
42,70,0.000117872,1,0.000117872,0.000117872,0.000117872,1132,1,1132,1132,1132,15,1,15,15,15
42,70,0.000116202,1,0.000116202,0.000116202,0.000116202,1138,1,1138,1138,1138,15,1,15,15,15
42,70,0.000116503,1,0.000116503,0.000116503,0.000116503,1118,1,1118,1118,1118,14,1,14,14,14
42,70,0.000115904,1,0.000115904,0.000115904,0.000115904,1147,1,1147,1147,1147,15,1,15,15,15
42,70,0.000117023,1,0.000117023,0.000117023,0.000117023,1146,1,1146,1146,1146,15,1,15,15,15
42,70,0.000115827,1,0.000115827,0.000115827,0.000115827,1117,1,1117,1117,1117,14,1,14,14,14
42,70,0.000117903,1,0.000117903,0.000117903,0.000117903,1158,1,1158,1158,1158,15,1,15,15,15
42,70,0.000117532,1,0.000117532,0.000117532,0.000117532,1108,1,1108,1108,1108,14,1,14,14,14
42,70,0.000131052,1,0.000131052,0.000131052,0.000131052,1133,1,1133,1133,1133,15,1,15,15,15
42,70,0.000116516,1,0.000116516,0.000116516,0.000116516,1137,1,1137,1137,1137,15,1,15,15,15
42,70,0.000114786,1,0.000114786,0.000114786,0.000114786,1130,1,1130,1130,1130,15,1,15,15,15
42,70,0.000122318,1,0.000122318,0.000122318,0.000122318,1124,1,1124,1124,1124,15,1,15,15,15
42,70,0.000116799,1,0.000116799,0.000116799,0.000116799,1125,1,1125,1125,1125,14,1,14,14,14
42,70,0.000123656,1,0.000123656,0.000123656,0.000123656,1120,1,1120,1120,1120,14,1,14,14,14
42,70,0.000115811,1,0.000115811,0.000115811,0.000115811,1134,1,1134,1134,1134,15,1,15,15,15
42,70,0.000116606,1,0.000116606,0.000116606,0.000116606,1143,1,1143,1143,1143,15,1,15,15,15
42,70,0.00011553,1,0.00011553,0.00011553,0.00011553,1104,1,1104,1104,1104,14,1,14,14,14
42,70,0.000116754,1,0.000116754,0.000116754,0.000116754,1129,1,1129,1129,1129,15,1,15,15,15
42,70,0.000115737,1,0.000115737,0.000115737,0.000115737,1120,1,1120,1120,1120,14,1,14,14,14
42,70,0.000116784,1,0.000116784,0.000116784,0.000116784,1161,1,1161,1161,1161,15,1,15,15,15
42,70,0.000116453,1,0.000116453,0.000116453,0.000116453,1106,1,1106,1106,1106,14,1,14,14,14
42,70,0.000117192,1,0.000117192,0.000117192,0.000117192,1096,1,1096,1096,1096,13,1,13,13,13
42,70,0.000118555,1,0.000118555,0.000118555,0.000118555,1145,1,1145,1145,1145,16,1,16,16,16
42,70,0.000115184,1,0.000115184,0.000115184,0.000115184,1122,1,1122,1122,1122,14,1,14,14,14
42,70,0.00011882,1,0.00011882,0.00011882,0.00011882,1133,1,1133,1133,1133,15,1,15,15,15
42,70,0.00011682,1,0.00011682,0.00011682,0.00011682,1138,1,1138,1138,1138,15,1,15,15,15
42,70,0.000117516,1,0.000117516,0.000117516,0.000117516,1121,1,1121,1121,1121,15,1,15,15,15
42,70,0.000114945,1,0.000114945,0.000114945,0.000114945,1100,1,1100,1100,1100,13,1,13,13,13
42,70,0.000117887,1,0.000117887,0.000117887,0.000117887,1100,1,1100,1100,1100,13,1,13,13,13
42,70,0.000121403,1,0.000121403,0.000121403,0.000121403,1132,1,1132,1132,1132,15,1,15,15,15
42,70,0.000115138,1,0.000115138,0.000115138,0.000115138,1154,1,1154,1154,1154,16,1,16,16,16
42,70,0.000122404,1,0.000122404,0.000122404,0.000122404,1125,1,1125,1125,1125,14,1,14,14,14
42,70,0.000115351,1,0.000115351,0.000115351,0.000115351,1126,1,1126,1126,1126,14,1,14,14,14
42,70,0.000116472,1,0.000116472,0.000116472,0.000116472,1103,1,1103,1103,1103,14,1,14,14,14
42,70,0.000121268,1,0.000121268,0.000121268,0.000121268,1126,1,1126,1126,1126,15,1,15,15,15
42,70,0.00011662,1,0.00011662,0.00011662,0.00011662,1122,1,1122,1122,1122,15,1,15,15,15
42,70,0.000115329,1,0.000115329,0.000115329,0.000115329,1139,1,1139,1139,1139,15,1,15,15,15
42,70,0.000115641,1,0.000115641,0.000115641,0.000115641,1136,1,1136,1136,1136,15,1,15,15,15
42,70,0.000117025,1,0.000117025,0.000117025,0.000117025,1121,1,1121,1121,1121,14,1,14,14,14
42,70,0.000123294,1,0.000123294,0.000123294,0.000123294,1110,1,1110,1110,1110,14,1,14,14,14
42,70,0.00012449,1,0.00012449,0.00012449,0.00012449,1136,1,1136,1136,1136,15,1,15,15,15
42,70,0.000115502,1,0.000115502,0.000115502,0.000115502,1118,1,1118,1118,1118,15,1,15,15,15
42,70,0.000122454,1,0.000122454,0.000122454,0.000122454,1093,1,1093,1093,1093,13,1,13,13,13
42,70,0.000116182,1,0.000116182,0.000116182,0.000116182,1126,1,1126,1126,1126,15,1,15,15,15
42,70,0.000116566,1,0.000116566,0.000116566,0.000116566,1140,1,1140,1140,1140,14,1,14,14,14
42,70,0.0001177,1,0.0001177,0.0001177,0.0001177,1133,1,1133,1133,1133,14,1,14,14,14
42,70,0.000117099,1,0.000117099,0.000117099,0.000117099,1129,1,1129,1129,1129,14,1,14,14,14
42,70,0.000115272,1,0.000115272,0.000115272,0.000115272,1124,1,1124,1124,1124,14,1,14,14,14
42,70,0.000115946,1,0.000115946,0.000115946,0.000115946,1115,1,1115,1115,1115,14,1,14,14,14
42,70,0.000115609,1,0.000115609,0.000115609,0.000115609,1125,1,1125,1125,1125,15,1,15,15,15
42,70,0.000115434,1,0.000115434,0.000115434,0.000115434,1117,1,1117,1117,1117,14,1,14,14,14
42,70,0.000117271,1,0.000117271,0.000117271,0.000117271,1151,1,1151,1151,1151,16,1,16,16,16
42,70,0.000115523,1,0.000115523,0.000115523,0.000115523,1142,1,1142,1142,1142,15,1,15,15,15
42,70,0.000115743,1,0.000115743,0.000115743,0.000115743,1115,1,1115,1115,1115,14,1,14,14,14
42,70,0.000116687,1,0.000116687,0.000116687,0.000116687,1110,1,1110,1110,1110,13,1,13,13,13
42,70,0.000117857,1,0.000117857,0.000117857,0.000117857,1156,1,1156,1156,1156,15,1,15,15,15
42,70,0.0001163,1,0.0001163,0.0001163,0.0001163,1133,1,1133,1133,1133,15,1,15,15,15
42,70,0.000117063,1,0.000117063,0.000117063,0.000117063,1132,1,1132,1132,1132,14,1,14,14,14
42,70,0.000114575,1,0.000114575,0.000114575,0.000114575,1122,1,1122,1122,1122,14,1,14,14,14
42,70,0.000115274,1,0.000115274,0.000115274,0.000115274,1139,1,1139,1139,1139,15,1,15,15,15
42,70,0.000117373,1,0.000117373,0.000117373,0.000117373,1154,1,1154,1154,1154,17,1,17,17,17
42,70,0.000115503,1,0.000115503,0.000115503,0.000115503,1104,1,1104,1104,1104,14,1,14,14,14
42,70,0.000115444,1,0.000115444,0.000115444,0.000115444,1091,1,1091,1091,1091,13,1,13,13,13
42,70,0.000115649,1,0.000115649,0.000115649,0.000115649,1111,1,1111,1111,1111,14,1,14,14,14
42,70,0.000117054,1,0.000117054,0.000117054,0.000117054,1154,1,1154,1154,1154,15,1,15,15,15
42,70,0.000117314,1,0.000117314,0.000117314,0.000117314,1145,1,1145,1145,1145,15,1,15,15,15
42,70,0.000118735,1,0.000118735,0.000118735,0.000118735,1134,1,1134,1134,1134,14,1,14,14,14
42,70,0.000117573,1,0.000117573,0.000117573,0.000117573,1127,1,1127,1127,1127,14,1,14,14,14
42,70,0.000117558,1,0.000117558,0.000117558,0.000117558,1133,1,1133,1133,1133,16,1,16,16,16
42,70,0.000116384,1,0.000116384,0.000116384,0.000116384,1134,1,1134,1134,1134,15,1,15,15,15
42,70,0.000116724,1,0.000116724,0.000116724,0.000116724,1122,1,1122,1122,1122,14,1,14,14,14
42,70,0.00011802,1,0.00011802,0.00011802,0.00011802,1112,1,1112,1112,1112,15,1,15,15,15
42,70,0.000116669,1,0.000116669,0.000116669,0.000116669,1135,1,1135,1135,1135,14,1,14,14,14
42,70,0.000117142,1,0.000117142,0.000117142,0.000117142,1131,1,1131,1131,1131,15,1,15,15,15
42,70,0.000118983,1,0.000118983,0.000118983,0.000118983,1106,1,1106,1106,1106,14,1,14,14,14
42,70,0.00013331,1,0.00013331,0.00013331,0.00013331,1121,1,1121,1121,1121,15,1,15,15,15
42,70,0.000133427,1,0.000133427,0.000133427,0.000133427,1162,1,1162,1162,1162,16,1,16,16,16
42,70,0.000116462,1,0.000116462,0.000116462,0.000116462,1124,1,1124,1124,1124,14,1,14,14,14
42,70,0.000115986,1,0.000115986,0.000115986,0.000115986,1155,1,1155,1155,1155,16,1,16,16,16
42,70,0.000121413,1,0.000121413,0.000121413,0.000121413,1087,1,1087,1087,1087,13,1,13,13,13
42,70,0.000115643,1,0.000115643,0.000115643,0.000115643,1125,1,1125,1125,1125,14,1,14,14,14
42,70,0.000117128,1,0.000117128,0.000117128,0.000117128,1145,1,1145,1145,1145,15,1,15,15,15
42,70,0.000117218,1,0.000117218,0.000117218,0.000117218,1140,1,1140,1140,1140,15,1,15,15,15
42,70,0.000116395,1,0.000116395,0.000116395,0.000116395,1119,1,1119,1119,1119,15,1,15,15,15
42,70,0.000117673,1,0.000117673,0.000117673,0.000117673,1132,1,1132,1132,1132,14,1,14,14,14
42,70,0.000115969,1,0.000115969,0.000115969,0.000115969,1118,1,1118,1118,1118,13,1,13,13,13
42,70,0.000116576,1,0.000116576,0.000116576,0.000116576,1123,1,1123,1123,1123,14,1,14,14,14
42,70,0.000117385,1,0.000117385,0.000117385,0.000117385,1132,1,1132,1132,1132,16,1,16,16,16
42,70,0.000131111,1,0.000131111,0.000131111,0.000131111,1147,1,1147,1147,1147,16,1,16,16,16
42,70,0.000121112,1,0.000121112,0.000121112,0.000121112,1147,1,1147,1147,1147,15,1,15,15,15
42,70,0.00011644,1,0.00011644,0.00011644,0.00011644,1147,1,1147,1147,1147,15,1,15,15,15
42,70,0.000117401,1,0.000117401,0.000117401,0.000117401,1172,1,1172,1172,1172,16,1,16,16,16
42,70,0.000116618,1,0.000116618,0.000116618,0.000116618,1133,1,1133,1133,1133,14,1,14,14,14
42,70,0.000117675,1,0.000117675,0.000117675,0.000117675,1179,1,1179,1179,1179,17,1,17,17,17
42,70,0.000123521,1,0.000123521,0.000123521,0.000123521,1108,1,1108,1108,1108,15,1,15,15,15
42,70,0.000116198,1,0.000116198,0.000116198,0.000116198,1111,1,1111,1111,1111,14,1,14,14,14
42,70,0.000116282,1,0.000116282,0.000116282,0.000116282,1119,1,1119,1119,1119,15,1,15,15,15
42,70,0.000117353,1,0.000117353,0.000117353,0.000117353,1104,1,1104,1104,1104,14,1,14,14,14
42,70,0.000116905,1,0.000116905,0.000116905,0.000116905,1127,1,1127,1127,1127,15,1,15,15,15
42,70,0.000116857,1,0.000116857,0.000116857,0.000116857,1140,1,1140,1140,1140,16,1,16,16,16
42,70,0.000119716,1,0.000119716,0.000119716,0.000119716,1091,1,1091,1091,1091,13,1,13,13,13
42,70,0.000116897,1,0.000116897,0.000116897,0.000116897,1094,1,1094,1094,1094,13,1,13,13,13
42,70,0.000118325,1,0.000118325,0.000118325,0.000118325,1124,1,1124,1124,1124,16,1,16,16,16
42,70,0.000121689,1,0.000121689,0.000121689,0.000121689,1123,1,1123,1123,1123,15,1,15,15,15
42,70,0.00011631,1,0.00011631,0.00011631,0.00011631,1125,1,1125,1125,1125,15,1,15,15,15
42,70,0.000123847,1,0.000123847,0.000123847,0.000123847,1114,1,1114,1114,1114,14,1,14,14,14
42,70,0.00011619,1,0.00011619,0.00011619,0.00011619,1115,1,1115,1115,1115,14,1,14,14,14
42,70,0.000118193,1,0.000118193,0.000118193,0.000118193,1158,1,1158,1158,1158,16,1,16,16,16
42,70,0.000115737,1,0.000115737,0.000115737,0.000115737,1153,1,1153,1153,1153,16,1,16,16,16
42,70,0.000115224,1,0.000115224,0.000115224,0.000115224,1134,1,1134,1134,1134,15,1,15,15,15
42,70,0.00011605,1,0.00011605,0.00011605,0.00011605,1129,1,1129,1129,1129,15,1,15,15,15
42,70,0.000116716,1,0.000116716,0.000116716,0.000116716,1124,1,1124,1124,1124,14,1,14,14,14
42,70,0.000121177,1,0.000121177,0.000121177,0.000121177,1117,1,1117,1117,1117,14,1,14,14,14
42,70,0.000116077,1,0.000116077,0.000116077,0.000116077,1142,1,1142,1142,1142,15,1,15,15,15
42,70,0.000115174,1,0.000115174,0.000115174,0.000115174,1119,1,1119,1119,1119,14,1,14,14,14
42,70,0.000115692,1,0.000115692,0.000115692,0.000115692,1125,1,1125,1125,1125,15,1,15,15,15
42,70,0.000122928,1,0.000122928,0.000122928,0.000122928,1121,1,1121,1121,1121,15,1,15,15,15
42,70,0.000121122,1,0.000121122,0.000121122,0.000121122,1133,1,1133,1133,1133,14,1,14,14,14
42,70,0.000115584,1,0.000115584,0.000115584,0.000115584,1116,1,1116,1116,1116,14,1,14,14,14
42,70,0.000116894,1,0.000116894,0.000116894,0.000116894,1149,1,1149,1149,1149,15,1,15,15,15
42,70,0.000116339,1,0.000116339,0.000116339,0.000116339,1112,1,1112,1112,1112,13,1,13,13,13
42,70,0.000118008,1,0.000118008,0.000118008,0.000118008,1132,1,1132,1132,1132,14,1,14,14,14
42,70,0.000116797,1,0.000116797,0.000116797,0.000116797,1154,1,1154,1154,1154,16,1,16,16,16
42,70,0.000115908,1,0.000115908,0.000115908,0.000115908,1154,1,1154,1154,1154,15,1,15,15,15
42,70,0.000114949,1,0.000114949,0.000114949,0.000114949,1115,1,1115,1115,1115,13,1,13,13,13
42,70,0.000115132,1,0.000115132,0.000115132,0.000115132,1161,1,1161,1161,1161,16,1,16,16,16
42,70,0.000117641,1,0.000117641,0.000117641,0.000117641,1138,1,1138,1138,1138,14,1,14,14,14
42,70,0.000114865,1,0.000114865,0.000114865,0.000114865,1095,1,1095,1095,1095,14,1,14,14,14
42,70,0.000117103,1,0.000117103,0.000117103,0.000117103,1137,1,1137,1137,1137,15,1,15,15,15
42,70,0.000116162,1,0.000116162,0.000116162,0.000116162,1134,1,1134,1134,1134,15,1,15,15,15
42,70,0.000122051,1,0.000122051,0.000122051,0.000122051,1116,1,1116,1116,1116,13,1,13,13,13
42,70,0.00011919,1,0.00011919,0.00011919,0.00011919,1146,1,1146,1146,1146,15,1,15,15,15
42,70,0.000116101,1,0.000116101,0.000116101,0.000116101,1136,1,1136,1136,1136,15,1,15,15,15
42,70,0.0001145,1,0.0001145,0.0001145,0.0001145,1142,1,1142,1142,1142,16,1,16,16,16
42,70,0.000118496,1,0.000118496,0.000118496,0.000118496,1148,1,1148,1148,1148,15,1,15,15,15
42,70,0.000115826,1,0.000115826,0.000115826,0.000115826,1128,1,1128,1128,1128,15,1,15,15,15
42,70,0.000116777,1,0.000116777,0.000116777,0.000116777,1145,1,1145,1145,1145,16,1,16,16,16
42,70,0.000116913,1,0.000116913,0.000116913,0.000116913,1140,1,1140,1140,1140,15,1,15,15,15
42,70,0.000118197,1,0.000118197,0.000118197,0.000118197,1109,1,1109,1109,1109,14,1,14,14,14
42,70,0.000116795,1,0.000116795,0.000116795,0.000116795,1137,1,1137,1137,1137,15,1,15,15,15
42,70,0.000117109,1,0.000117109,0.000117109,0.000117109,1139,1,1139,1139,1139,15,1,15,15,15
42,70,0.000117897,1,0.000117897,0.000117897,0.000117897,1136,1,1136,1136,1136,15,1,15,15,15
42,70,0.00013194,1,0.00013194,0.00013194,0.00013194,1113,1,1113,1113,1113,14,1,14,14,14
42,70,0.000131032,1,0.000131032,0.000131032,0.000131032,1083,1,1083,1083,1083,13,1,13,13,13
42,70,0.000120749,1,0.000120749,0.000120749,0.000120749,1146,1,1146,1146,1146,16,1,16,16,16
42,70,0.000117237,1,0.000117237,0.000117237,0.000117237,1126,1,1126,1126,1126,16,1,16,16,16
42,70,0.000118359,1,0.000118359,0.000118359,0.000118359,1144,1,1144,1144,1144,14,1,14,14,14
42,70,0.000118374,1,0.000118374,0.000118374,0.000118374,1113,1,1113,1113,1113,15,1,15,15,15
42,70,0.000114361,1,0.000114361,0.000114361,0.000114361,1091,1,1091,1091,1091,13,1,13,13,13
42,70,0.000118245,1,0.000118245,0.000118245,0.000118245,1142,1,1142,1142,1142,15,1,15,15,15
42,70,0.000116761,1,0.000116761,0.000116761,0.000116761,1134,1,1134,1134,1134,14,1,14,14,14
42,70,0.000116824,1,0.000116824,0.000116824,0.000116824,1128,1,1128,1128,1128,14,1,14,14,14
42,70,0.000117109,1,0.000117109,0.000117109,0.000117109,1153,1,1153,1153,1153,15,1,15,15,15
42,70,0.000134405,1,0.000134405,0.000134405,0.000134405,1106,1,1106,1106,1106,14,1,14,14,14
42,70,0.000117064,1,0.000117064,0.000117064,0.000117064,1129,1,1129,1129,1129,14,1,14,14,14
42,70,0.000114934,1,0.000114934,0.000114934,0.000114934,1126,1,1126,1126,1126,14,1,14,14,14
42,70,0.000135391,1,0.000135391,0.000135391,0.000135391,1144,1,1144,1144,1144,16,1,16,16,16
42,70,0.000123682,1,0.000123682,0.000123682,0.000123682,1139,1,1139,1139,1139,16,1,16,16,16
42,70,0.000115085,1,0.000115085,0.000115085,0.000115085,1115,1,1115,1115,1115,14,1,14,14,14
42,70,0.000116642,1,0.000116642,0.000116642,0.000116642,1109,1,1109,1109,1109,13,1,13,13,13
42,70,0.000117025,1,0.000117025,0.000117025,0.000117025,1133,1,1133,1133,1133,15,1,15,15,15
42,70,0.000116612,1,0.000116612,0.000116612,0.000116612,1142,1,1142,1142,1142,16,1,16,16,16
42,70,0.000115742,1,0.000115742,0.000115742,0.000115742,1102,1,1102,1102,1102,13,1,13,13,13
42,70,0.000122143,1,0.000122143,0.000122143,0.000122143,1127,1,1127,1127,1127,14,1,14,14,14
42,70,0.000116833,1,0.000116833,0.000116833,0.000116833,1166,1,1166,1166,1166,16,1,16,16,16
42,70,0.000116303,1,0.000116303,0.000116303,0.000116303,1139,1,1139,1139,1139,15,1,15,15,15
42,70,0.000116183,1,0.000116183,0.000116183,0.000116183,1104,1,1104,1104,1104,13,1,13,13,13
42,70,0.000114861,1,0.000114861,0.000114861,0.000114861,1111,1,1111,1111,1111,14,1,14,14,14
42,70,0.000116903,1,0.000116903,0.000116903,0.000116903,1121,1,1121,1121,1121,14,1,14,14,14
42,70,0.000113776,1,0.000113776,0.000113776,0.000113776,1095,1,1095,1095,1095,14,1,14,14,14
42,70,0.000116545,1,0.000116545,0.000116545,0.000116545,1127,1,1127,1127,1127,14,1,14,14,14
42,70,0.000121127,1,0.000121127,0.000121127,0.000121127,1130,1,1130,1130,1130,15,1,15,15,15
42,70,0.000117639,1,0.000117639,0.000117639,0.000117639,1143,1,1143,1143,1143,15,1,15,15,15
42,70,0.000115994,1,0.000115994,0.000115994,0.000115994,1145,1,1145,1145,1145,15,1,15,15,15
42,70,0.000117983,1,0.000117983,0.000117983,0.000117983,1128,1,1128,1128,1128,15,1,15,15,15
42,70,0.000115313,1,0.000115313,0.000115313,0.000115313,1133,1,1133,1133,1133,14,1,14,14,14
42,70,0.000116033,1,0.000116033,0.000116033,0.000116033,1115,1,1115,1115,1115,14,1,14,14,14
42,70,0.000123106,1,0.000123106,0.000123106,0.000123106,1129,1,1129,1129,1129,14,1,14,14,14
42,70,0.000118572,1,0.000118572,0.000118572,0.000118572,1149,1,1149,1149,1149,16,1,16,16,16
42,70,0.000116745,1,0.000116745,0.000116745,0.000116745,1122,1,1122,1122,1122,14,1,14,14,14
42,70,0.000144933,1,0.000144933,0.000144933,0.000144933,1125,1,1125,1125,1125,15,1,15,15,15
42,70,0.000116506,1,0.000116506,0.000116506,0.000116506,1114,1,1114,1114,1114,14,1,14,14,14
42,70,0.000116701,1,0.000116701,0.000116701,0.000116701,1115,1,1115,1115,1115,14,1,14,14,14
42,70,0.000120017,1,0.000120017,0.000120017,0.000120017,1133,1,1133,1133,1133,15,1,15,15,15
42,70,0.000116057,1,0.000116057,0.000116057,0.000116057,1110,1,1110,1110,1110,14,1,14,14,14
42,70,0.000124717,1,0.000124717,0.000124717,0.000124717,1135,1,1135,1135,1135,15,1,15,15,15
42,70,0.00011772,1,0.00011772,0.00011772,0.00011772,1113,1,1113,1113,1113,15,1,15,15,15
42,70,0.000116049,1,0.000116049,0.000116049,0.000116049,1126,1,1126,1126,1126,15,1,15,15,15
42,70,0.000122649,1,0.000122649,0.000122649,0.000122649,1136,1,1136,1136,1136,15,1,15,15,15
42,70,0.000121014,1,0.000121014,0.000121014,0.000121014,1091,1,1091,1091,1091,13,1,13,13,13
42,70,0.000115828,1,0.000115828,0.000115828,0.000115828,1119,1,1119,1119,1119,14,1,14,14,14
42,70,0.000117398,1,0.000117398,0.000117398,0.000117398,1139,1,1139,1139,1139,15,1,15,15,15
42,70,0.000115285,1,0.000115285,0.000115285,0.000115285,1144,1,1144,1144,1144,15,1,15,15,15
42,70,0.000121807,1,0.000121807,0.000121807,0.000121807,1103,1,1103,1103,1103,15,1,15,15,15
42,70,0.000118447,1,0.000118447,0.000118447,0.000118447,1112,1,1112,1112,1112,15,1,15,15,15
42,70,0.000117699,1,0.000117699,0.000117699,0.000117699,1143,1,1143,1143,1143,14,1,14,14,14
42,70,0.000117929,1,0.000117929,0.000117929,0.000117929,1120,1,1120,1120,1120,14,1,14,14,14
42,70,0.000118534,1,0.000118534,0.000118534,0.000118534,1172,1,1172,1172,1172,16,1,16,16,16
42,70,0.000116413,1,0.000116413,0.000116413,0.000116413,1123,1,1123,1123,1123,14,1,14,14,14
42,70,0.000136392,1,0.000136392,0.000136392,0.000136392,1136,1,1136,1136,1136,16,1,16,16,16
42,70,0.000116492,1,0.000116492,0.000116492,0.000116492,1134,1,1134,1134,1134,14,1,14,14,14
42,70,0.000115766,1,0.000115766,0.000115766,0.000115766,1110,1,1110,1110,1110,13,1,13,13,13
42,70,0.00011686,1,0.00011686,0.00011686,0.00011686,1136,1,1136,1136,1136,15,1,15,15,15
42,70,0.000115779,1,0.000115779,0.000115779,0.000115779,1140,1,1140,1140,1140,15,1,15,15,15
42,70,0.00011618,1,0.00011618,0.00011618,0.00011618,1090,1,1090,1090,1090,14,1,14,14,14
42,70,0.000116546,1,0.000116546,0.000116546,0.000116546,1127,1,1127,1127,1127,14,1,14,14,14
42,70,0.000115274,1,0.000115274,0.000115274,0.000115274,1121,1,1121,1121,1121,14,1,14,14,14
42,70,0.000116908,1,0.000116908,0.000116908,0.000116908,1115,1,1115,1115,1115,14,1,14,14,14
42,70,0.000116508,1,0.000116508,0.000116508,0.000116508,1132,1,1132,1132,1132,15,1,15,15,15
42,70,0.000116616,1,0.000116616,0.000116616,0.000116616,1135,1,1135,1135,1135,15,1,15,15,15
42,70,0.000117577,1,0.000117577,0.000117577,0.000117577,1142,1,1142,1142,1142,15,1,15,15,15
42,70,0.000118066,1,0.000118066,0.000118066,0.000118066,1152,1,1152,1152,1152,16,1,16,16,16
42,70,0.000116486,1,0.000116486,0.000116486,0.000116486,1146,1,1146,1146,1146,15,1,15,15,15
42,70,0.000117139,1,0.000117139,0.000117139,0.000117139,1101,1,1101,1101,1101,13,1,13,13,13
42,70,0.000117778,1,0.000117778,0.000117778,0.000117778,1131,1,1131,1131,1131,15,1,15,15,15
42,70,0.000113849,1,0.000113849,0.000113849,0.000113849,1128,1,1128,1128,1128,15,1,15,15,15
42,70,0.000116376,1,0.000116376,0.000116376,0.000116376,1133,1,1133,1133,1133,15,1,15,15,15
42,70,0.000116643,1,0.000116643,0.000116643,0.000116643,1150,1,1150,1150,1150,15,1,15,15,15
42,70,0.000117107,1,0.000117107,0.000117107,0.000117107,1124,1,1124,1124,1124,15,1,15,15,15
42,70,0.000116336,1,0.000116336,0.000116336,0.000116336,1121,1,1121,1121,1121,14,1,14,14,14
42,70,0.000115738,1,0.000115738,0.000115738,0.000115738,1124,1,1124,1124,1124,13,1,13,13,13
42,70,0.000116959,1,0.000116959,0.000116959,0.000116959,1136,1,1136,1136,1136,15,1,15,15,15
42,70,0.00011584,1,0.00011584,0.00011584,0.00011584,1130,1,1130,1130,1130,15,1,15,15,15
42,70,0.000134529,1,0.000134529,0.000134529,0.000134529,1135,1,1135,1135,1135,15,1,15,15,15
42,70,0.000116819,1,0.000116819,0.000116819,0.000116819,1114,1,1114,1114,1114,14,1,14,14,14
42,70,0.000114811,1,0.000114811,0.000114811,0.000114811,1134,1,1134,1134,1134,14,1,14,14,14
42,70,0.000116244,1,0.000116244,0.000116244,0.000116244,1115,1,1115,1115,1115,14,1,14,14,14
42,70,0.000115152,1,0.000115152,0.000115152,0.000115152,1143,1,1143,1143,1143,15,1,15,15,15
42,70,0.000116243,1,0.000116243,0.000116243,0.000116243,1111,1,1111,1111,1111,14,1,14,14,14
42,70,0.000114772,1,0.000114772,0.000114772,0.000114772,1115,1,1115,1115,1115,13,1,13,13,13
42,70,0.000116676,1,0.000116676,0.000116676,0.000116676,1136,1,1136,1136,1136,15,1,15,15,15
42,70,0.000117597,1,0.000117597,0.000117597,0.000117597,1151,1,1151,1151,1151,15,1,15,15,15
42,70,0.000120607,1,0.000120607,0.000120607,0.000120607,1131,1,1131,1131,1131,16,1,16,16,16
42,70,0.000117038,1,0.000117038,0.000117038,0.000117038,1136,1,1136,1136,1136,15,1,15,15,15
42,70,0.000121527,1,0.000121527,0.000121527,0.000121527,1134,1,1134,1134,1134,15,1,15,15,15
42,70,0.000116208,1,0.000116208,0.000116208,0.000116208,1123,1,1123,1123,1123,15,1,15,15,15
42,70,0.000116819,1,0.000116819,0.000116819,0.000116819,1129,1,1129,1129,1129,15,1,15,15,15
42,70,0.000122866,1,0.000122866,0.000122866,0.000122866,1137,1,1137,1137,1137,15,1,15,15,15
42,70,0.000115915,1,0.000115915,0.000115915,0.000115915,1141,1,1141,1141,1141,15,1,15,15,15
42,70,0.000116499,1,0.000116499,0.000116499,0.000116499,1126,1,1126,1126,1126,14,1,14,14,14
42,70,0.000116086,1,0.000116086,0.000116086,0.000116086,1094,1,1094,1094,1094,13,1,13,13,13
42,70,0.000114765,1,0.000114765,0.000114765,0.000114765,1149,1,1149,1149,1149,15,1,15,15,15
42,70,0.000117221,1,0.000117221,0.000117221,0.000117221,1170,1,1170,1170,1170,16,1,16,16,16
42,70,0.00011845,1,0.00011845,0.00011845,0.00011845,1143,1,1143,1143,1143,15,1,15,15,15
42,70,0.000118083,1,0.000118083,0.000118083,0.000118083,1115,1,1115,1115,1115,14,1,14,14,14
42,70,0.000115371,1,0.000115371,0.000115371,0.000115371,1121,1,1121,1121,1121,14,1,14,14,14
42,70,0.000117125,1,0.000117125,0.000117125,0.000117125,1128,1,1128,1128,1128,14,1,14,14,14
42,70,0.000115104,1,0.000115104,0.000115104,0.000115104,1122,1,1122,1122,1122,15,1,15,15,15
42,70,0.00011727,1,0.00011727,0.00011727,0.00011727,1140,1,1140,1140,1140,15,1,15,15,15
42,70,0.000126257,1,0.000126257,0.000126257,0.000126257,1125,1,1125,1125,1125,15,1,15,15,15
42,70,0.000115176,1,0.000115176,0.000115176,0.000115176,1127,1,1127,1127,1127,15,1,15,15,15
42,70,0.000118,1,0.000118,0.000118,0.000118,1130,1,1130,1130,1130,15,1,15,15,15
42,70,0.000117373,1,0.000117373,0.000117373,0.000117373,1157,1,1157,1157,1157,15,1,15,15,15
42,70,0.000116709,1,0.000116709,0.000116709,0.000116709,1112,1,1112,1112,1112,14,1,14,14,14
42,70,0.000115252,1,0.000115252,0.000115252,0.000115252,1125,1,1125,1125,1125,15,1,15,15,15
42,70,0.000117018,1,0.000117018,0.000117018,0.000117018,1114,1,1114,1114,1114,14,1,14,14,14
42,70,0.000114866,1,0.000114866,0.000114866,0.000114866,1104,1,1104,1104,1104,13,1,13,13,13
42,70,0.000115694,1,0.000115694,0.000115694,0.000115694,1125,1,1125,1125,1125,14,1,14,14,14
42,70,0.000116361,1,0.000116361,0.000116361,0.000116361,1137,1,1137,1137,1137,14,1,14,14,14
42,70,0.000117861,1,0.000117861,0.000117861,0.000117861,1116,1,1116,1116,1116,13,1,13,13,13
42,70,0.000119651,1,0.000119651,0.000119651,0.000119651,1123,1,1123,1123,1123,14,1,14,14,14
42,70,0.000116727,1,0.000116727,0.000116727,0.000116727,1134,1,1134,1134,1134,15,1,15,15,15
42,70,0.000114673,1,0.000114673,0.000114673,0.000114673,1094,1,1094,1094,1094,13,1,13,13,13
42,70,0.000122757,1,0.000122757,0.000122757,0.000122757,1109,1,1109,1109,1109,14,1,14,14,14
42,70,0.000133741,1,0.000133741,0.000133741,0.000133741,1153,1,1153,1153,1153,15,1,15,15,15
42,70,0.00011791,1,0.00011791,0.00011791,0.00011791,1156,1,1156,1156,1156,15,1,15,15,15
42,70,0.000117107,1,0.000117107,0.000117107,0.000117107,1145,1,1145,1145,1145,15,1,15,15,15
42,70,0.000116942,1,0.000116942,0.000116942,0.000116942,1145,1,1145,1145,1145,15,1,15,15,15
42,70,0.00011786,1,0.00011786,0.00011786,0.00011786,1132,1,1132,1132,1132,15,1,15,15,15
42,70,0.000119422,1,0.000119422,0.000119422,0.000119422,1151,1,1151,1151,1151,15,1,15,15,15
42,70,0.000116362,1,0.000116362,0.000116362,0.000116362,1123,1,1123,1123,1123,14,1,14,14,14
42,70,0.000116069,1,0.000116069,0.000116069,0.000116069,1142,1,1142,1142,1142,15,1,15,15,15
42,70,0.00011682,1,0.00011682,0.00011682,0.00011682,1115,1,1115,1115,1115,14,1,14,14,14
42,70,0.000115939,1,0.000115939,0.000115939,0.000115939,1111,1,1111,1111,1111,14,1,14,14,14
42,70,0.000116285,1,0.000116285,0.000116285,0.000116285,1152,1,1152,1152,1152,16,1,16,16,16
42,70,0.000114296,1,0.000114296,0.000114296,0.000114296,1135,1,1135,1135,1135,14,1,14,14,14
42,70,0.000117371,1,0.000117371,0.000117371,0.000117371,1136,1,1136,1136,1136,15,1,15,15,15
42,70,0.00011746,1,0.00011746,0.00011746,0.00011746,1122,1,1122,1122,1122,14,1,14,14,14
42,70,0.000118162,1,0.000118162,0.000118162,0.000118162,1174,1,1174,1174,1174,16,1,16,16,16
42,70,0.000121424,1,0.000121424,0.000121424,0.000121424,1105,1,1105,1105,1105,14,1,14,14,14
42,70,0.000116154,1,0.000116154,0.000116154,0.000116154,1138,1,1138,1138,1138,15,1,15,15,15
42,70,0.000117629,1,0.000117629,0.000117629,0.000117629,1155,1,1155,1155,1155,16,1,16,16,16
42,70,0.000115056,1,0.000115056,0.000115056,0.000115056,1116,1,1116,1116,1116,14,1,14,14,14
42,70,0.000116107,1,0.000116107,0.000116107,0.000116107,1104,1,1104,1104,1104,13,1,13,13,13
42,70,0.000113412,1,0.000113412,0.000113412,0.000113412,1104,1,1104,1104,1104,13,1,13,13,13
42,70,0.000117357,1,0.000117357,0.000117357,0.000117357,1154,1,1154,1154,1154,16,1,16,16,16
42,70,0.000117281,1,0.000117281,0.000117281,0.000117281,1155,1,1155,1155,1155,16,1,16,16,16
42,70,0.000118464,1,0.000118464,0.000118464,0.000118464,1169,1,1169,1169,1169,16,1,16,16,16
42,70,0.000124686,1,0.000124686,0.000124686,0.000124686,1128,1,1128,1128,1128,14,1,14,14,14
42,70,0.000115154,1,0.000115154,0.000115154,0.000115154,1114,1,1114,1114,1114,14,1,14,14,14
42,70,0.000115167,1,0.000115167,0.000115167,0.000115167,1121,1,1121,1121,1121,14,1,14,14,14
42,70,0.000119172,1,0.000119172,0.000119172,0.000119172,1159,1,1159,1159,1159,16,1,16,16,16
42,70,0.000115961,1,0.000115961,0.000115961,0.000115961,1118,1,1118,1118,1118,15,1,15,15,15
42,70,0.000116975,1,0.000116975,0.000116975,0.000116975,1151,1,1151,1151,1151,16,1,16,16,16
42,70,0.000116411,1,0.000116411,0.000116411,0.000116411,1122,1,1122,1122,1122,14,1,14,14,14
42,70,0.000116457,1,0.000116457,0.000116457,0.000116457,1131,1,1131,1131,1131,14,1,14,14,14
42,70,0.000117805,1,0.000117805,0.000117805,0.000117805,1133,1,1133,1133,1133,16,1,16,16,16
42,70,0.000119521,1,0.000119521,0.000119521,0.000119521,1150,1,1150,1150,1150,16,1,16,16,16
42,70,0.000115415,1,0.000115415,0.000115415,0.000115415,1106,1,1106,1106,1106,14,1,14,14,14
42,70,0.00012356,1,0.00012356,0.00012356,0.00012356,1142,1,1142,1142,1142,15,1,15,15,15
42,70,0.00011573,1,0.00011573,0.00011573,0.00011573,1102,1,1102,1102,1102,14,1,14,14,14
42,70,0.000117673,1,0.000117673,0.000117673,0.000117673,1131,1,1131,1131,1131,15,1,15,15,15
42,70,0.000115184,1,0.000115184,0.000115184,0.000115184,1112,1,1112,1112,1112,14,1,14,14,14
42,70,0.000114726,1,0.000114726,0.000114726,0.000114726,1096,1,1096,1096,1096,14,1,14,14,14
42,70,0.000118177,1,0.000118177,0.000118177,0.000118177,1127,1,1127,1127,1127,15,1,15,15,15
42,70,0.000116802,1,0.000116802,0.000116802,0.000116802,1138,1,1138,1138,1138,16,1,16,16,16
42,70,0.000115428,1,0.000115428,0.000115428,0.000115428,1111,1,1111,1111,1111,14,1,14,14,14
42,70,0.000116578,1,0.000116578,0.000116578,0.000116578,1142,1,1142,1142,1142,15,1,15,15,15
42,70,0.000118539,1,0.000118539,0.000118539,0.000118539,1120,1,1120,1120,1120,14,1,14,14,14
42,70,0.000118418,1,0.000118418,0.000118418,0.000118418,1140,1,1140,1140,1140,15,1,15,15,15
42,70,0.000117787,1,0.000117787,0.000117787,0.000117787,1154,1,1154,1154,1154,15,1,15,15,15
42,70,0.00011741,1,0.00011741,0.00011741,0.00011741,1146,1,1146,1146,1146,15,1,15,15,15
42,70,0.000114851,1,0.000114851,0.000114851,0.000114851,1103,1,1103,1103,1103,13,1,13,13,13
42,70,0.00011718,1,0.00011718,0.00011718,0.00011718,1126,1,1126,1126,1126,15,1,15,15,15
42,70,0.000128122,1,0.000128122,0.000128122,0.000128122,1155,1,1155,1155,1155,16,1,16,16,16
42,70,0.000116585,1,0.000116585,0.000116585,0.000116585,1154,1,1154,1154,1154,17,1,17,17,17
42,70,0.000118089,1,0.000118089,0.000118089,0.000118089,1123,1,1123,1123,1123,14,1,14,14,14
42,70,0.000117613,1,0.000117613,0.000117613,0.000117613,1119,1,1119,1119,1119,15,1,15,15,15
42,70,0.000117139,1,0.000117139,0.000117139,0.000117139,1139,1,1139,1139,1139,16,1,16,16,16
42,70,0.000114968,1,0.000114968,0.000114968,0.000114968,1108,1,1108,1108,1108,14,1,14,14,14
42,70,0.000116176,1,0.000116176,0.000116176,0.000116176,1130,1,1130,1130,1130,14,1,14,14,14
42,70,0.000116725,1,0.000116725,0.000116725,0.000116725,1145,1,1145,1145,1145,15,1,15,15,15
42,70,0.000114808,1,0.000114808,0.000114808,0.000114808,1110,1,1110,1110,1110,13,1,13,13,13
42,70,0.000116331,1,0.000116331,0.000116331,0.000116331,1129,1,1129,1129,1129,15,1,15,15,15
42,70,0.000116414,1,0.000116414,0.000116414,0.000116414,1136,1,1136,1136,1136,16,1,16,16,16
42,70,0.000116278,1,0.000116278,0.000116278,0.000116278,1121,1,1121,1121,1121,14,1,14,14,14
42,70,0.00012169,1,0.00012169,0.00012169,0.00012169,1120,1,1120,1120,1120,14,1,14,14,14
42,70,0.000119429,1,0.000119429,0.000119429,0.000119429,1126,1,1126,1126,1126,14,1,14,14,14
42,70,0.000116117,1,0.000116117,0.000116117,0.000116117,1122,1,1122,1122,1122,14,1,14,14,14
42,70,0.000115924,1,0.000115924,0.000115924,0.000115924,1120,1,1120,1120,1120,14,1,14,14,14
42,70,0.000118618,1,0.000118618,0.000118618,0.000118618,1151,1,1151,1151,1151,15,1,15,15,15
42,70,0.000116708,1,0.000116708,0.000116708,0.000116708,1115,1,1115,1115,1115,14,1,14,14,14
42,70,0.000115878,1,0.000115878,0.000115878,0.000115878,1137,1,1137,1137,1137,15,1,15,15,15
42,70,0.000116375,1,0.000116375,0.000116375,0.000116375,1124,1,1124,1124,1124,14,1,14,14,14
42,70,0.000115701,1,0.000115701,0.000115701,0.000115701,1145,1,1145,1145,1145,15,1,15,15,15
42,70,0.000116609,1,0.000116609,0.000116609,0.000116609,1143,1,1143,1143,1143,16,1,16,16,16
42,70,0.000118089,1,0.000118089,0.000118089,0.000118089,1148,1,1148,1148,1148,15,1,15,15,15
42,70,0.000116049,1,0.000116049,0.000116049,0.000116049,1130,1,1130,1130,1130,16,1,16,16,16
42,70,0.000114259,1,0.000114259,0.000114259,0.000114259,1120,1,1120,1120,1120,13,1,13,13,13
42,70,0.000122119,1,0.000122119,0.000122119,0.000122119,1114,1,1114,1114,1114,15,1,15,15,15
42,70,0.000116647,1,0.000116647,0.000116647,0.000116647,1140,1,1140,1140,1140,14,1,14,14,14
42,70,0.000115166,1,0.000115166,0.000115166,0.000115166,1102,1,1102,1102,1102,14,1,14,14,14
42,70,0.000116159,1,0.000116159,0.000116159,0.000116159,1142,1,1142,1142,1142,15,1,15,15,15
42,70,0.000119925,1,0.000119925,0.000119925,0.000119925,1128,1,1128,1128,1128,14,1,14,14,14
42,70,0.000120595,1,0.000120595,0.000120595,0.000120595,1112,1,1112,1112,1112,13,1,13,13,13
42,70,0.000115764,1,0.000115764,0.000115764,0.000115764,1128,1,1128,1128,1128,15,1,15,15,15
42,70,0.000116837,1,0.000116837,0.000116837,0.000116837,1139,1,1139,1139,1139,14,1,14,14,14
42,70,0.000134157,1,0.000134157,0.000134157,0.000134157,1143,1,1143,1143,1143,15,1,15,15,15
42,70,0.000117195,1,0.000117195,0.000117195,0.000117195,1117,1,1117,1117,1117,15,1,15,15,15
42,70,0.000114898,1,0.000114898,0.000114898,0.000114898,1104,1,1104,1104,1104,14,1,14,14,14
42,70,0.000117014,1,0.000117014,0.000117014,0.000117014,1111,1,1111,1111,1111,14,1,14,14,14
42,70,0.000115225,1,0.000115225,0.000115225,0.000115225,1132,1,1132,1132,1132,15,1,15,15,15
42,70,0.000117674,1,0.000117674,0.000117674,0.000117674,1114,1,1114,1114,1114,14,1,14,14,14
42,70,0.000116749,1,0.000116749,0.000116749,0.000116749,1142,1,1142,1142,1142,15,1,15,15,15
42,70,0.000117238,1,0.000117238,0.000117238,0.000117238,1131,1,1131,1131,1131,15,1,15,15,15
42,70,0.000115317,1,0.000115317,0.000115317,0.000115317,1118,1,1118,1118,1118,15,1,15,15,15
42,70,0.000116619,1,0.000116619,0.000116619,0.000116619,1133,1,1133,1133,1133,16,1,16,16,16
42,70,0.00011721,1,0.00011721,0.00011721,0.00011721,1143,1,1143,1143,1143,16,1,16,16,16
42,70,0.000116368,1,0.000116368,0.000116368,0.000116368,1134,1,1134,1134,1134,14,1,14,14,14
42,70,0.000117798,1,0.000117798,0.000117798,0.000117798,1121,1,1121,1121,1121,14,1,14,14,14
42,70,0.000118904,1,0.000118904,0.000118904,0.000118904,1136,1,1136,1136,1136,15,1,15,15,15
42,70,0.000116934,1,0.000116934,0.000116934,0.000116934,1183,1,1183,1183,1183,17,1,17,17,17
42,70,0.000117692,1,0.000117692,0.000117692,0.000117692,1166,1,1166,1166,1166,16,1,16,16,16
42,70,0.000114469,1,0.000114469,0.000114469,0.000114469,1120,1,1120,1120,1120,15,1,15,15,15
42,70,0.000119016,1,0.000119016,0.000119016,0.000119016,1148,1,1148,1148,1148,16,1,16,16,16
42,70,0.000134464,1,0.000134464,0.000134464,0.000134464,1169,1,1169,1169,1169,16,1,16,16,16
42,70,0.00011637,1,0.00011637,0.00011637,0.00011637,1105,1,1105,1105,1105,13,1,13,13,13
42,70,0.000116112,1,0.000116112,0.000116112,0.000116112,1142,1,1142,1142,1142,15,1,15,15,15
42,70,0.000115419,1,0.000115419,0.000115419,0.000115419,1101,1,1101,1101,1101,15,1,15,15,15
42,70,0.00011728,1,0.00011728,0.00011728,0.00011728,1155,1,1155,1155,1155,15,1,15,15,15
42,70,0.000118234,1,0.000118234,0.000118234,0.000118234,1112,1,1112,1112,1112,15,1,15,15,15
42,70,0.000117792,1,0.000117792,0.000117792,0.000117792,1106,1,1106,1106,1106,14,1,14,14,14
42,70,0.000119739,1,0.000119739,0.000119739,0.000119739,1162,1,1162,1162,1162,16,1,16,16,16
42,70,0.000120351,1,0.000120351,0.000120351,0.000120351,1136,1,1136,1136,1136,16,1,16,16,16
42,70,0.000116348,1,0.000116348,0.000116348,0.000116348,1133,1,1133,1133,1133,15,1,15,15,15
42,70,0.000122284,1,0.000122284,0.000122284,0.000122284,1120,1,1120,1120,1120,16,1,16,16,16
42,70,0.000117715,1,0.000117715,0.000117715,0.000117715,1143,1,1143,1143,1143,15,1,15,15,15
42,70,0.000117461,1,0.000117461,0.000117461,0.000117461,1155,1,1155,1155,1155,15,1,15,15,15
42,70,0.000115344,1,0.000115344,0.000115344,0.000115344,1176,1,1176,1176,1176,16,1,16,16,16
42,70,0.00011671,1,0.00011671,0.00011671,0.00011671,1115,1,1115,1115,1115,14,1,14,14,14
42,70,0.000117131,1,0.000117131,0.000117131,0.000117131,1152,1,1152,1152,1152,17,1,17,17,17
42,70,0.000115761,1,0.000115761,0.000115761,0.000115761,1113,1,1113,1113,1113,14,1,14,14,14
42,70,0.00012124,1,0.00012124,0.00012124,0.00012124,1161,1,1161,1161,1161,15,1,15,15,15
42,70,0.00011574,1,0.00011574,0.00011574,0.00011574,1129,1,1129,1129,1129,15,1,15,15,15
42,70,0.000114147,1,0.000114147,0.000114147,0.000114147,1099,1,1099,1099,1099,13,1,13,13,13
42,70,0.00011767,1,0.00011767,0.00011767,0.00011767,1131,1,1131,1131,1131,15,1,15,15,15
42,70,0.000120093,1,0.000120093,0.000120093,0.000120093,1109,1,1109,1109,1109,13,1,13,13,13
42,70,0.0001182,1,0.0001182,0.0001182,0.0001182,1106,1,1106,1106,1106,14,1,14,14,14
42,70,0.000117327,1,0.000117327,0.000117327,0.000117327,1130,1,1130,1130,1130,15,1,15,15,15
42,70,0.000114226,1,0.000114226,0.000114226,0.000114226,1094,1,1094,1094,1094,13,1,13,13,13
42,70,0.000118244,1,0.000118244,0.000118244,0.000118244,1133,1,1133,1133,1133,14,1,14,14,14
42,70,0.000117125,1,0.000117125,0.000117125,0.000117125,1130,1,1130,1130,1130,15,1,15,15,15
42,70,0.000114656,1,0.000114656,0.000114656,0.000114656,1133,1,1133,1133,1133,15,1,15,15,15
42,70,0.000116154,1,0.000116154,0.000116154,0.000116154,1115,1,1115,1115,1115,14,1,14,14,14
42,70,0.000118726,1,0.000118726,0.000118726,0.000118726,1169,1,1169,1169,1169,15,1,15,15,15
42,70,0.000116498,1,0.000116498,0.000116498,0.000116498,1115,1,1115,1115,1115,14,1,14,14,14
42,70,0.000117954,1,0.000117954,0.000117954,0.000117954,1128,1,1128,1128,1128,15,1,15,15,15
42,70,0.000123057,1,0.000123057,0.000123057,0.000123057,1116,1,1116,1116,1116,14,1,14,14,14
42,70,0.00011756,1,0.00011756,0.00011756,0.00011756,1095,1,1095,1095,1095,13,1,13,13,13
42,70,0.00011486,1,0.00011486,0.00011486,0.00011486,1113,1,1113,1113,1113,15,1,15,15,15
42,70,0.000116263,1,0.000116263,0.000116263,0.000116263,1126,1,1126,1126,1126,14,1,14,14,14
42,70,0.000119743,1,0.000119743,0.000119743,0.000119743,1136,1,1136,1136,1136,15,1,15,15,15
42,70,0.000118623,1,0.000118623,0.000118623,0.000118623,1189,1,1189,1189,1189,17,1,17,17,17
42,70,0.000116372,1,0.000116372,0.000116372,0.000116372,1107,1,1107,1107,1107,14,1,14,14,14
42,70,0.000114884,1,0.000114884,0.000114884,0.000114884,1121,1,1121,1121,1121,14,1,14,14,14
42,70,0.000121885,1,0.000121885,0.000121885,0.000121885,1127,1,1127,1127,1127,15,1,15,15,15
42,70,0.000122555,1,0.000122555,0.000122555,0.000122555,1159,1,1159,1159,1159,15,1,15,15,15
42,70,0.000118185,1,0.000118185,0.000118185,0.000118185,1150,1,1150,1150,1150,16,1,16,16,16
42,70,0.000116192,1,0.000116192,0.000116192,0.000116192,1130,1,1130,1130,1130,14,1,14,14,14
42,70,0.000116091,1,0.000116091,0.000116091,0.000116091,1101,1,1101,1101,1101,14,1,14,14,14
42,70,0.000123431,1,0.000123431,0.000123431,0.000123431,1111,1,1111,1111,1111,14,1,14,14,14
42,70,0.000116888,1,0.000116888,0.000116888,0.000116888,1113,1,1113,1113,1113,13,1,13,13,13
42,70,0.000115342,1,0.000115342,0.000115342,0.000115342,1126,1,1126,1126,1126,14,1,14,14,14
42,70,0.00011729,1,0.00011729,0.00011729,0.00011729,1116,1,1116,1116,1116,14,1,14,14,14
42,70,0.000133286,1,0.000133286,0.000133286,0.000133286,1128,1,1128,1128,1128,15,1,15,15,15
42,70,0.000118207,1,0.000118207,0.000118207,0.000118207,1124,1,1124,1124,1124,13,1,13,13,13
42,70,0.000116363,1,0.000116363,0.000116363,0.000116363,1124,1,1124,1124,1124,15,1,15,15,15
42,70,0.000118659,1,0.000118659,0.000118659,0.000118659,1127,1,1127,1127,1127,15,1,15,15,15
42,70,0.000116931,1,0.000116931,0.000116931,0.000116931,1140,1,1140,1140,1140,15,1,15,15,15
42,70,0.000114333,1,0.000114333,0.000114333,0.000114333,1121,1,1121,1121,1121,14,1,14,14,14
42,70,0.000116356,1,0.000116356,0.000116356,0.000116356,1124,1,1124,1124,1124,15,1,15,15,15
42,70,0.000117481,1,0.000117481,0.000117481,0.000117481,1132,1,1132,1132,1132,15,1,15,15,15
42,70,0.00011515,1,0.00011515,0.00011515,0.00011515,1115,1,1115,1115,1115,13,1,13,13,13
42,70,0.000116627,1,0.000116627,0.000116627,0.000116627,1120,1,1120,1120,1120,13,1,13,13,13
42,70,0.000117591,1,0.000117591,0.000117591,0.000117591,1127,1,1127,1127,1127,14,1,14,14,14
42,70,0.000120377,1,0.000120377,0.000120377,0.000120377,1106,1,1106,1106,1106,14,1,14,14,14
42,70,0.000134358,1,0.000134358,0.000134358,0.000134358,1148,1,1148,1148,1148,16,1,16,16,16
42,70,0.000116465,1,0.000116465,0.000116465,0.000116465,1139,1,1139,1139,1139,15,1,15,15,15
42,70,0.000123413,1,0.000123413,0.000123413,0.000123413,1128,1,1128,1128,1128,14,1,14,14,14
42,70,0.000116248,1,0.000116248,0.000116248,0.000116248,1125,1,1125,1125,1125,14,1,14,14,14
42,70,0.0001153,1,0.0001153,0.0001153,0.0001153,1134,1,1134,1134,1134,14,1,14,14,14
42,70,0.00012257,1,0.00012257,0.00012257,0.00012257,1127,1,1127,1127,1127,15,1,15,15,15
42,70,0.000115844,1,0.000115844,0.000115844,0.000115844,1102,1,1102,1102,1102,13,1,13,13,13
42,70,0.000121986,1,0.000121986,0.000121986,0.000121986,1144,1,1144,1144,1144,15,1,15,15,15
42,70,0.000115795,1,0.000115795,0.000115795,0.000115795,1099,1,1099,1099,1099,14,1,14,14,14
42,70,0.000117615,1,0.000117615,0.000117615,0.000117615,1145,1,1145,1145,1145,14,1,14,14,14
42,70,0.000122359,1,0.000122359,0.000122359,0.000122359,1137,1,1137,1137,1137,15,1,15,15,15
42,70,0.000116584,1,0.000116584,0.000116584,0.000116584,1145,1,1145,1145,1145,15,1,15,15,15
42,70,0.000116049,1,0.000116049,0.000116049,0.000116049,1111,1,1111,1111,1111,13,1,13,13,13
42,70,0.000116554,1,0.000116554,0.000116554,0.000116554,1157,1,1157,1157,1157,16,1,16,16,16
42,70,0.000115192,1,0.000115192,0.000115192,0.000115192,1155,1,1155,1155,1155,15,1,15,15,15
42,70,0.000128245,1,0.000128245,0.000128245,0.000128245,1150,1,1150,1150,1150,15,1,15,15,15
42,70,0.000115194,1,0.000115194,0.000115194,0.000115194,1110,1,1110,1110,1110,14,1,14,14,14
42,70,0.000116183,1,0.000116183,0.000116183,0.000116183,1138,1,1138,1138,1138,15,1,15,15,15
42,70,0.000115003,1,0.000115003,0.000115003,0.000115003,1119,1,1119,1119,1119,15,1,15,15,15
42,70,0.000116777,1,0.000116777,0.000116777,0.000116777,1140,1,1140,1140,1140,14,1,14,14,14
42,70,0.000117289,1,0.000117289,0.000117289,0.000117289,1166,1,1166,1166,1166,16,1,16,16,16
42,70,0.000116495,1,0.000116495,0.000116495,0.000116495,1139,1,1139,1139,1139,15,1,15,15,15
42,70,0.000115603,1,0.000115603,0.000115603,0.000115603,1090,1,1090,1090,1090,13,1,13,13,13
42,70,0.000116787,1,0.000116787,0.000116787,0.000116787,1142,1,1142,1142,1142,15,1,15,15,15
42,70,0.000117478,1,0.000117478,0.000117478,0.000117478,1134,1,1134,1134,1134,14,1,14,14,14
42,70,0.000118898,1,0.000118898,0.000118898,0.000118898,1135,1,1135,1135,1135,15,1,15,15,15
42,70,0.000116682,1,0.000116682,0.000116682,0.000116682,1124,1,1124,1124,1124,14,1,14,14,14
42,70,0.00011707,1,0.00011707,0.00011707,0.00011707,1152,1,1152,1152,1152,15,1,15,15,15
42,70,0.000116914,1,0.000116914,0.000116914,0.000116914,1149,1,1149,1149,1149,16,1,16,16,16
42,70,0.000115321,1,0.000115321,0.000115321,0.000115321,1127,1,1127,1127,1127,14,1,14,14,14
42,70,0.000116527,1,0.000116527,0.000116527,0.000116527,1123,1,1123,1123,1123,14,1,14,14,14
42,70,0.000116631,1,0.000116631,0.000116631,0.000116631,1132,1,1132,1132,1132,15,1,15,15,15
42,70,0.000117393,1,0.000117393,0.000117393,0.000117393,1145,1,1145,1145,1145,15,1,15,15,15
42,70,0.000131293,1,0.000131293,0.000131293,0.000131293,1106,1,1106,1106,1106,15,1,15,15,15
42,70,0.000115179,1,0.000115179,0.000115179,0.000115179,1114,1,1114,1114,1114,14,1,14,14,14
42,70,0.00011974,1,0.00011974,0.00011974,0.00011974,1154,1,1154,1154,1154,15,1,15,15,15
42,70,0.000116809,1,0.000116809,0.000116809,0.000116809,1142,1,1142,1142,1142,15,1,15,15,15
42,70,0.000115681,1,0.000115681,0.000115681,0.000115681,1116,1,1116,1116,1116,15,1,15,15,15
42,70,0.000116874,1,0.000116874,0.000116874,0.000116874,1121,1,1121,1121,1121,15,1,15,15,15
42,70,0.000115052,1,0.000115052,0.000115052,0.000115052,1108,1,1108,1108,1108,13,1,13,13,13
42,70,0.00012206,1,0.00012206,0.00012206,0.00012206,1119,1,1119,1119,1119,14,1,14,14,14
42,70,0.000115628,1,0.000115628,0.000115628,0.000115628,1114,1,1114,1114,1114,14,1,14,14,14
42,70,0.000120022,1,0.000120022,0.000120022,0.000120022,1131,1,1131,1131,1131,14,1,14,14,14
42,70,0.000114133,1,0.000114133,0.000114133,0.000114133,1114,1,1114,1114,1114,14,1,14,14,14
42,70,0.000118031,1,0.000118031,0.000118031,0.000118031,1160,1,1160,1160,1160,15,1,15,15,15
42,70,0.000116143,1,0.000116143,0.000116143,0.000116143,1146,1,1146,1146,1146,16,1,16,16,16
42,70,0.000114923,1,0.000114923,0.000114923,0.000114923,1117,1,1117,1117,1117,15,1,15,15,15
42,70,0.000117502,1,0.000117502,0.000117502,0.000117502,1123,1,1123,1123,1123,14,1,14,14,14
42,70,0.000115728,1,0.000115728,0.000115728,0.000115728,1150,1,1150,1150,1150,15,1,15,15,15
42,70,0.000115189,1,0.000115189,0.000115189,0.000115189,1168,1,1168,1168,1168,16,1,16,16,16
42,70,0.000116139,1,0.000116139,0.000116139,0.000116139,1134,1,1134,1134,1134,15,1,15,15,15
42,70,0.00012276,1,0.00012276,0.00012276,0.00012276,1115,1,1115,1115,1115,14,1,14,14,14
42,70,0.000120394,1,0.000120394,0.000120394,0.000120394,1121,1,1121,1121,1121,14,1,14,14,14
42,70,0.000116305,1,0.000116305,0.000116305,0.000116305,1128,1,1128,1128,1128,15,1,15,15,15
42,70,0.000114269,1,0.000114269,0.000114269,0.000114269,1115,1,1115,1115,1115,15,1,15,15,15
42,70,0.000117306,1,0.000117306,0.000117306,0.000117306,1121,1,1121,1121,1121,15,1,15,15,15
42,70,0.000116558,1,0.000116558,0.000116558,0.000116558,1132,1,1132,1132,1132,14,1,14,14,14
42,70,0.000117372,1,0.000117372,0.000117372,0.000117372,1166,1,1166,1166,1166,16,1,16,16,16
42,70,0.000116345,1,0.000116345,0.000116345,0.000116345,1153,1,1153,1153,1153,15,1,15,15,15
42,70,0.000116542,1,0.000116542,0.000116542,0.000116542,1157,1,1157,1157,1157,15,1,15,15,15
42,70,0.000115324,1,0.000115324,0.000115324,0.000115324,1144,1,1144,1144,1144,14,1,14,14,14
42,70,0.000115827,1,0.000115827,0.000115827,0.000115827,1095,1,1095,1095,1095,13,1,13,13,13
42,70,0.000117235,1,0.000117235,0.000117235,0.000117235,1156,1,1156,1156,1156,16,1,16,16,16
42,70,0.000116458,1,0.000116458,0.000116458,0.000116458,1144,1,1144,1144,1144,15,1,15,15,15
42,70,0.000116793,1,0.000116793,0.000116793,0.000116793,1115,1,1115,1115,1115,14,1,14,14,14
42,70,0.000121108,1,0.000121108,0.000121108,0.000121108,1126,1,1126,1126,1126,14,1,14,14,14
42,70,0.000122826,1,0.000122826,0.000122826,0.000122826,1123,1,1123,1123,1123,14,1,14,14,14
42,70,0.000117074,1,0.000117074,0.000117074,0.000117074,1136,1,1136,1136,1136,16,1,16,16,16
42,70,0.000116043,1,0.000116043,0.000116043,0.000116043,1131,1,1131,1131,1131,14,1,14,14,14
42,70,0.000117617,1,0.000117617,0.000117617,0.000117617,1111,1,1111,1111,1111,14,1,14,14,14
42,70,0.000117526,1,0.000117526,0.000117526,0.000117526,1140,1,1140,1140,1140,15,1,15,15,15
42,70,0.000115328,1,0.000115328,0.000115328,0.000115328,1099,1,1099,1099,1099,13,1,13,13,13
42,70,0.0001153,1,0.0001153,0.0001153,0.0001153,1144,1,1144,1144,1144,15,1,15,15,15
42,70,0.000123922,1,0.000123922,0.000123922,0.000123922,1120,1,1120,1120,1120,15,1,15,15,15
42,70,0.00011577,1,0.00011577,0.00011577,0.00011577,1115,1,1115,1115,1115,14,1,14,14,14
42,70,0.000116418,1,0.000116418,0.000116418,0.000116418,1150,1,1150,1150,1150,15,1,15,15,15
42,70,0.000124079,1,0.000124079,0.000124079,0.000124079,1140,1,1140,1140,1140,15,1,15,15,15
42,70,0.000115796,1,0.000115796,0.000115796,0.000115796,1135,1,1135,1135,1135,15,1,15,15,15
42,70,0.000118146,1,0.000118146,0.000118146,0.000118146,1097,1,1097,1097,1097,14,1,14,14,14
42,70,0.00011712,1,0.00011712,0.00011712,0.00011712,1143,1,1143,1143,1143,16,1,16,16,16
42,70,0.000115801,1,0.000115801,0.000115801,0.000115801,1134,1,1134,1134,1134,14,1,14,14,14
42,70,0.00011803,1,0.00011803,0.00011803,0.00011803,1123,1,1123,1123,1123,14,1,14,14,14
42,70,0.000116166,1,0.000116166,0.000116166,0.000116166,1123,1,1123,1123,1123,14,1,14,14,14
42,70,0.000116789,1,0.000116789,0.000116789,0.000116789,1139,1,1139,1139,1139,14,1,14,14,14
42,70,0.00012139,1,0.00012139,0.00012139,0.00012139,1126,1,1126,1126,1126,15,1,15,15,15
42,70,0.00011654,1,0.00011654,0.00011654,0.00011654,1110,1,1110,1110,1110,14,1,14,14,14
42,70,0.000116142,1,0.000116142,0.000116142,0.000116142,1114,1,1114,1114,1114,15,1,15,15,15
42,70,0.000113847,1,0.000113847,0.000113847,0.000113847,1142,1,1142,1142,1142,15,1,15,15,15
42,70,0.00012225,1,0.00012225,0.00012225,0.00012225,1112,1,1112,1112,1112,14,1,14,14,14
42,70,0.000118716,1,0.000118716,0.000118716,0.000118716,1136,1,1136,1136,1136,14,1,14,14,14
42,70,0.00011713,1,0.00011713,0.00011713,0.00011713,1170,1,1170,1170,1170,16,1,16,16,16
42,70,0.000115328,1,0.000115328,0.000115328,0.000115328,1112,1,1112,1112,1112,14,1,14,14,14
42,70,0.000120875,1,0.000120875,0.000120875,0.000120875,1091,1,1091,1091,1091,14,1,14,14,14
42,70,0.000116153,1,0.000116153,0.000116153,0.000116153,1123,1,1123,1123,1123,15,1,15,15,15
42,70,0.000115311,1,0.000115311,0.000115311,0.000115311,1118,1,1118,1118,1118,14,1,14,14,14
42,70,0.000115444,1,0.000115444,0.000115444,0.000115444,1115,1,1115,1115,1115,14,1,14,14,14
42,70,0.000115923,1,0.000115923,0.000115923,0.000115923,1144,1,1144,1144,1144,15,1,15,15,15
42,70,0.000124561,1,0.000124561,0.000124561,0.000124561,1164,1,1164,1164,1164,16,1,16,16,16
42,70,0.000124455,1,0.000124455,0.000124455,0.000124455,1135,1,1135,1135,1135,14,1,14,14,14
42,70,0.000116152,1,0.000116152,0.000116152,0.000116152,1146,1,1146,1146,1146,15,1,15,15,15
42,70,0.000115898,1,0.000115898,0.000115898,0.000115898,1146,1,1146,1146,1146,16,1,16,16,16
42,70,0.000117816,1,0.000117816,0.000117816,0.000117816,1118,1,1118,1118,1118,14,1,14,14,14
42,70,0.000116223,1,0.000116223,0.000116223,0.000116223,1168,1,1168,1168,1168,17,1,17,17,17
42,70,0.000115734,1,0.000115734,0.000115734,0.000115734,1119,1,1119,1119,1119,14,1,14,14,14
42,70,0.000115224,1,0.000115224,0.000115224,0.000115224,1092,1,1092,1092,1092,13,1,13,13,13
42,70,0.000132097,1,0.000132097,0.000132097,0.000132097,1149,1,1149,1149,1149,16,1,16,16,16
42,70,0.000123084,1,0.000123084,0.000123084,0.000123084,1162,1,1162,1162,1162,16,1,16,16,16
42,70,0.000115491,1,0.000115491,0.000115491,0.000115491,1155,1,1155,1155,1155,16,1,16,16,16
42,70,0.000116603,1,0.000116603,0.000116603,0.000116603,1124,1,1124,1124,1124,15,1,15,15,15
42,70,0.00011518,1,0.00011518,0.00011518,0.00011518,1130,1,1130,1130,1130,14,1,14,14,14
42,70,0.000115947,1,0.000115947,0.000115947,0.000115947,1126,1,1126,1126,1126,15,1,15,15,15
42,70,0.000115677,1,0.000115677,0.000115677,0.000115677,1118,1,1118,1118,1118,15,1,15,15,15
42,70,0.000116469,1,0.000116469,0.000116469,0.000116469,1116,1,1116,1116,1116,14,1,14,14,14
42,70,0.000116517,1,0.000116517,0.000116517,0.000116517,1130,1,1130,1130,1130,15,1,15,15,15
42,70,0.000119076,1,0.000119076,0.000119076,0.000119076,1132,1,1132,1132,1132,14,1,14,14,14
42,70,0.000117439,1,0.000117439,0.000117439,0.000117439,1142,1,1142,1142,1142,15,1,15,15,15
42,70,0.000117103,1,0.000117103,0.000117103,0.000117103,1100,1,1100,1100,1100,13,1,13,13,13
42,70,0.000115844,1,0.000115844,0.000115844,0.000115844,1129,1,1129,1129,1129,15,1,15,15,15
42,70,0.000116824,1,0.000116824,0.000116824,0.000116824,1101,1,1101,1101,1101,13,1,13,13,13
42,70,0.000122121,1,0.000122121,0.000122121,0.000122121,1109,1,1109,1109,1109,14,1,14,14,14
42,70,0.000114513,1,0.000114513,0.000114513,0.000114513,1128,1,1128,1128,1128,14,1,14,14,14
42,70,0.00011645,1,0.00011645,0.00011645,0.00011645,1152,1,1152,1152,1152,16,1,16,16,16
42,70,0.000117224,1,0.000117224,0.000117224,0.000117224,1105,1,1105,1105,1105,14,1,14,14,14
42,70,0.000116671,1,0.000116671,0.000116671,0.000116671,1164,1,1164,1164,1164,17,1,17,17,17
42,70,0.000119719,1,0.000119719,0.000119719,0.000119719,1161,1,1161,1161,1161,16,1,16,16,16
42,70,0.000114926,1,0.000114926,0.000114926,0.000114926,1109,1,1109,1109,1109,14,1,14,14,14
42,70,0.000122094,1,0.000122094,0.000122094,0.000122094,1139,1,1139,1139,1139,15,1,15,15,15
42,70,0.000117315,1,0.000117315,0.000117315,0.000117315,1153,1,1153,1153,1153,16,1,16,16,16
42,70,0.000115118,1,0.000115118,0.000115118,0.000115118,1122,1,1122,1122,1122,15,1,15,15,15
42,70,0.000116498,1,0.000116498,0.000116498,0.000116498,1134,1,1134,1134,1134,14,1,14,14,14
42,70,0.000117329,1,0.000117329,0.000117329,0.000117329,1114,1,1114,1114,1114,14,1,14,14,14
42,70,0.000133791,1,0.000133791,0.000133791,0.000133791,1123,1,1123,1123,1123,14,1,14,14,14
42,70,0.000123189,1,0.000123189,0.000123189,0.000123189,1129,1,1129,1129,1129,15,1,15,15,15
42,70,0.000115939,1,0.000115939,0.000115939,0.000115939,1137,1,1137,1137,1137,15,1,15,15,15
42,70,0.000118984,1,0.000118984,0.000118984,0.000118984,1124,1,1124,1124,1124,14,1,14,14,14
42,70,0.000116158,1,0.000116158,0.000116158,0.000116158,1147,1,1147,1147,1147,16,1,16,16,16
42,70,0.000113605,1,0.000113605,0.000113605,0.000113605,1105,1,1105,1105,1105,15,1,15,15,15
42,70,0.000116259,1,0.000116259,0.000116259,0.000116259,1129,1,1129,1129,1129,14,1,14,14,14
42,70,0.000117971,1,0.000117971,0.000117971,0.000117971,1111,1,1111,1111,1111,14,1,14,14,14
42,70,0.000117591,1,0.000117591,0.000117591,0.000117591,1126,1,1126,1126,1126,13,1,13,13,13
42,70,0.000115663,1,0.000115663,0.000115663,0.000115663,1113,1,1113,1113,1113,14,1,14,14,14
42,70,0.000117006,1,0.000117006,0.000117006,0.000117006,1128,1,1128,1128,1128,14,1,14,14,14
42,70,0.000116486,1,0.000116486,0.000116486,0.000116486,1152,1,1152,1152,1152,16,1,16,16,16
42,70,0.000119393,1,0.000119393,0.000119393,0.000119393,1083,1,1083,1083,1083,14,1,14,14,14
42,70,0.000116613,1,0.000116613,0.000116613,0.000116613,1114,1,1114,1114,1114,15,1,15,15,15
42,70,0.000118067,1,0.000118067,0.000118067,0.000118067,1130,1,1130,1130,1130,14,1,14,14,14
42,70,0.000115386,1,0.000115386,0.000115386,0.000115386,1122,1,1122,1122,1122,14,1,14,14,14
42,70,0.000117679,1,0.000117679,0.000117679,0.000117679,1139,1,1139,1139,1139,15,1,15,15,15
42,70,0.000115,1,0.000115,0.000115,0.000115,1124,1,1124,1124,1124,14,1,14,14,14
42,70,0.000118117,1,0.000118117,0.000118117,0.000118117,1109,1,1109,1109,1109,14,1,14,14,14
42,70,0.000116725,1,0.000116725,0.000116725,0.000116725,1109,1,1109,1109,1109,14,1,14,14,14
42,70,0.000117429,1,0.000117429,0.000117429,0.000117429,1123,1,1123,1123,1123,15,1,15,15,15
42,70,0.000116396,1,0.000116396,0.000116396,0.000116396,1138,1,1138,1138,1138,15,1,15,15,15
42,70,0.000118288,1,0.000118288,0.000118288,0.000118288,1168,1,1168,1168,1168,17,1,17,17,17
42,70,0.000117985,1,0.000117985,0.000117985,0.000117985,1137,1,1137,1137,1137,15,1,15,15,15
42,70,0.000114895,1,0.000114895,0.000114895,0.000114895,1125,1,1125,1125,1125,15,1,15,15,15
42,70,0.00012316,1,0.00012316,0.00012316,0.00012316,1151,1,1151,1151,1151,16,1,16,16,16
42,70,0.000123595,1,0.000123595,0.000123595,0.000123595,1166,1,1166,1166,1166,16,1,16,16,16
42,70,0.000117136,1,0.000117136,0.000117136,0.000117136,1139,1,1139,1139,1139,15,1,15,15,15
42,70,0.000116216,1,0.000116216,0.000116216,0.000116216,1158,1,1158,1158,1158,16,1,16,16,16
