n,p,time_total,time_count,time_mean,time_min,time_max,steps_total,steps_count,steps_mean,steps_min,steps_max,number_total,number_count,number_mean,number_min,number_max
34,50,8.3721e-05,1,8.3721e-05,8.3721e-05,8.3721e-05,680,1,680,680,680,8,1,8,8,8
34,50,8.1727e-05,1,8.1727e-05,8.1727e-05,8.1727e-05,674,1,674,674,674,8,1,8,8,8
34,50,8.0826e-05,1,8.0826e-05,8.0826e-05,8.0826e-05,689,1,689,689,689,9,1,9,9,9
34,50,8.3183e-05,1,8.3183e-05,8.3183e-05,8.3183e-05,692,1,692,692,692,9,1,9,9,9
34,50,8.1286e-05,1,8.1286e-05,8.1286e-05,8.1286e-05,667,1,667,667,667,8,1,8,8,8
34,50,8.6593e-05,1,8.6593e-05,8.6593e-05,8.6593e-05,688,1,688,688,688,9,1,9,9,9
34,50,8.7176e-05,1,8.7176e-05,8.7176e-05,8.7176e-05,679,1,679,679,679,9,1,9,9,9
34,50,8.1524e-05,1,8.1524e-05,8.1524e-05,8.1524e-05,694,1,694,694,694,9,1,9,9,9
34,50,8.3186e-05,1,8.3186e-05,8.3186e-05,8.3186e-05,698,1,698,698,698,10,1,10,10,10
34,50,8.3675e-05,1,8.3675e-05,8.3675e-05,8.3675e-05,689,1,689,689,689,9,1,9,9,9
34,50,8.1273e-05,1,8.1273e-05,8.1273e-05,8.1273e-05,673,1,673,673,673,9,1,9,9,9
34,50,8.0561e-05,1,8.0561e-05,8.0561e-05,8.0561e-05,671,1,671,671,671,8,1,8,8,8
34,50,8.144e-05,1,8.144e-05,8.144e-05,8.144e-05,690,1,690,690,690,10,1,10,10,10
34,50,8.1898e-05,1,8.1898e-05,8.1898e-05,8.1898e-05,688,1,688,688,688,9,1,9,9,9
34,50,8.2227e-05,1,8.2227e-05,8.2227e-05,8.2227e-05,700,1,700,700,700,10,1,10,10,10
34,50,8.3418e-05,1,8.3418e-05,8.3418e-05,8.3418e-05,701,1,701,701,701,10,1,10,10,10
34,50,8.1997e-05,1,8.1997e-05,8.1997e-05,8.1997e-05,687,1,687,687,687,9,1,9,9,9
34,50,9.2292e-05,1,9.2292e-05,9.2292e-05,9.2292e-05,686,1,686,686,686,9,1,9,9,9
34,50,8.2743e-05,1,8.2743e-05,8.2743e-05,8.2743e-05,688,1,688,688,688,9,1,9,9,9
34,50,8.2726e-05,1,8.2726e-05,8.2726e-05,8.2726e-05,708,1,708,708,708,11,1,11,11,11
34,50,8.1175e-05,1,8.1175e-05,8.1175e-05,8.1175e-05,685,1,685,685,685,9,1,9,9,9
34,50,8.2085e-05,1,8.2085e-05,8.2085e-05,8.2085e-05,680,1,680,680,680,9,1,9,9,9
34,50,8.2154e-05,1,8.2154e-05,8.2154e-05,8.2154e-05,690,1,690,690,690,10,1,10,10,10
34,50,8.2437e-05,1,8.2437e-05,8.2437e-05,8.2437e-05,695,1,695,695,695,10,1,10,10,10
34,50,8.2189e-05,1,8.2189e-05,8.2189e-05,8.2189e-05,690,1,690,690,690,9,1,9,9,9
34,50,8.28e-05,1,8.28e-05,8.28e-05,8.28e-05,695,1,695,695,695,9,1,9,9,9
34,50,8.3033e-05,1,8.3033e-05,8.3033e-05,8.3033e-05,679,1,679,679,679,9,1,9,9,9
34,50,8.2628e-05,1,8.2628e-05,8.2628e-05,8.2628e-05,690,1,690,690,690,10,1,10,10,10
34,50,8.3919e-05,1,8.3919e-05,8.3919e-05,8.3919e-05,696,1,696,696,696,10,1,10,10,10
34,50,8.1376e-05,1,8.1376e-05,8.1376e-05,8.1376e-05,668,1,668,668,668,9,1,9,9,9
34,50,8.7642e-05,1,8.7642e-05,8.7642e-05,8.7642e-05,680,1,680,680,680,9,1,9,9,9
34,50,8.1594e-05,1,8.1594e-05,8.1594e-05,8.1594e-05,682,1,682,682,682,9,1,9,9,9
34,50,8.2146e-05,1,8.2146e-05,8.2146e-05,8.2146e-05,683,1,683,683,683,9,1,9,9,9
34,50,8.3789e-05,1,8.3789e-05,8.3789e-05,8.3789e-05,687,1,687,687,687,10,1,10,10,10
34,50,8.1182e-05,1,8.1182e-05,8.1182e-05,8.1182e-05,690,1,690,690,690,9,1,9,9,9
34,50,8.2961e-05,1,8.2961e-05,8.2961e-05,8.2961e-05,672,1,672,672,672,8,1,8,8,8
34,50,8.2411e-05,1,8.2411e-05,8.2411e-05,8.2411e-05,715,1,715,715,715,11,1,11,11,11
34,50,8.2651e-05,1,8.2651e-05,8.2651e-05,8.2651e-05,687,1,687,687,687,9,1,9,9,9
34,50,8.6501e-05,1,8.6501e-05,8.6501e-05,8.6501e-05,675,1,675,675,675,9,1,9,9,9
34,50,9.8904e-05,1,9.8904e-05,9.8904e-05,9.8904e-05,685,1,685,685,685,9,1,9,9,9
34,50,8.2485e-05,1,8.2485e-05,8.2485e-05,8.2485e-05,675,1,675,675,675,8,1,8,8,8
34,50,8.1737e-05,1,8.1737e-05,8.1737e-05,8.1737e-05,685,1,685,685,685,9,1,9,9,9
34,50,8.2231e-05,1,8.2231e-05,8.2231e-05,8.2231e-05,672,1,672,672,672,8,1,8,8,8
34,50,9.5347e-05,1,9.5347e-05,9.5347e-05,9.5347e-05,691,1,691,691,691,9,1,9,9,9
34,50,8.6336e-05,1,8.6336e-05,8.6336e-05,8.6336e-05,685,1,685,685,685,10,1,10,10,10
34,50,8.1912e-05,1,8.1912e-05,8.1912e-05,8.1912e-05,690,1,690,690,690,10,1,10,10,10
34,50,8.4633e-05,1,8.4633e-05,8.4633e-05,8.4633e-05,692,1,692,692,692,9,1,9,9,9
34,50,8.2883e-05,1,8.2883e-05,8.2883e-05,8.2883e-05,708,1,708,708,708,11,1,11,11,11
34,50,8.2061e-05,1,8.2061e-05,8.2061e-05,8.2061e-05,691,1,691,691,691,9,1,9,9,9
34,50,8.2079e-05,1,8.2079e-05,8.2079e-05,8.2079e-05,674,1,674,674,674,9,1,9,9,9
34,50,8.1843e-05,1,8.1843e-05,8.1843e-05,8.1843e-05,673,1,673,673,673,9,1,9,9,9
34,50,8.1826e-05,1,8.1826e-05,8.1826e-05,8.1826e-05,695,1,695,695,695,9,1,9,9,9
34,50,8.2845e-05,1,8.2845e-05,8.2845e-05,8.2845e-05,696,1,696,696,696,9,1,9,9,9
34,50,8.7755e-05,1,8.7755e-05,8.7755e-05,8.7755e-05,679,1,679,679,679,9,1,9,9,9
34,50,8.399e-05,1,8.399e-05,8.399e-05,8.399e-05,678,1,678,678,678,9,1,9,9,9
34,50,8.2501e-05,1,8.2501e-05,8.2501e-05,8.2501e-05,684,1,684,684,684,10,1,10,10,10
34,50,8.2019e-05,1,8.2019e-05,8.2019e-05,8.2019e-05,692,1,692,692,692,9,1,9,9,9
34,50,8.2161e-05,1,8.2161e-05,8.2161e-05,8.2161e-05,687,1,687,687,687,9,1,9,9,9
34,50,8.2744e-05,1,8.2744e-05,8.2744e-05,8.2744e-05,682,1,682,682,682,9,1,9,9,9
34,50,8.2589e-05,1,8.2589e-05,8.2589e-05,8.2589e-05,682,1,682,682,682,8,1,8,8,8
34,50,8.1295e-05,1,8.1295e-05,8.1295e-05,8.1295e-05,708,1,708,708,708,10,1,10,10,10
34,50,8.4111e-05,1,8.4111e-05,8.4111e-05,8.4111e-05,695,1,695,695,695,9,1,9,9,9
34,50,8.0494e-05,1,8.0494e-05,8.0494e-05,8.0494e-05,649,1,649,649,649,7,1,7,7,7
34,50,8.2059e-05,1,8.2059e-05,8.2059e-05,8.2059e-05,695,1,695,695,695,11,1,11,11,11
34,50,8.1864e-05,1,8.1864e-05,8.1864e-05,8.1864e-05,670,1,670,670,670,9,1,9,9,9
34,50,8.1579e-05,1,8.1579e-05,8.1579e-05,8.1579e-05,670,1,670,670,670,9,1,9,9,9
34,50,8.1461e-05,1,8.1461e-05,8.1461e-05,8.1461e-05,678,1,678,678,678,9,1,9,9,9
34,50,8.1875e-05,1,8.1875e-05,8.1875e-05,8.1875e-05,684,1,684,684,684,10,1,10,10,10
34,50,8.2157e-05,1,8.2157e-05,8.2157e-05,8.2157e-05,672,1,672,672,672,8,1,8,8,8
34,50,8.799e-05,1,8.799e-05,8.799e-05,8.799e-05,697,1,697,697,697,9,1,9,9,9
34,50,8.2225e-05,1,8.2225e-05,8.2225e-05,8.2225e-05,681,1,681,681,681,9,1,9,9,9
34,50,8.2451e-05,1,8.2451e-05,8.2451e-05,8.2451e-05,701,1,701,701,701,10,1,10,10,10
34,50,8.2405e-05,1,8.2405e-05,8.2405e-05,8.2405e-05,691,1,691,691,691,10,1,10,10,10
34,50,8.2019e-05,1,8.2019e-05,8.2019e-05,8.2019e-05,684,1,684,684,684,9,1,9,9,9
34,50,8.1889e-05,1,8.1889e-05,8.1889e-05,8.1889e-05,677,1,677,677,677,8,1,8,8,8
34,50,8.538e-05,1,8.538e-05,8.538e-05,8.538e-05,670,1,670,670,670,8,1,8,8,8
34,50,0.000101498,1,0.000101498,0.000101498,0.000101498,687,1,687,687,687,9,1,9,9,9
34,50,8.3625e-05,1,8.3625e-05,8.3625e-05,8.3625e-05,689,1,689,689,689,10,1,10,10,10
34,50,8.369e-05,1,8.369e-05,8.369e-05,8.369e-05,703,1,703,703,703,10,1,10,10,10
34,50,8.185e-05,1,8.185e-05,8.185e-05,8.185e-05,681,1,681,681,681,8,1,8,8,8
34,50,8.2577e-05,1,8.2577e-05,8.2577e-05,8.2577e-05,689,1,689,689,689,10,1,10,10,10
34,50,8.128e-05,1,8.128e-05,8.128e-05,8.128e-05,695,1,695,695,695,10,1,10,10,10
34,50,8.0559e-05,1,8.0559e-05,8.0559e-05,8.0559e-05,670,1,670,670,670,8,1,8,8,8
34,50,8.3319e-05,1,8.3319e-05,8.3319e-05,8.3319e-05,683,1,683,683,683,9,1,9,9,9
34,50,0.000100867,1,0.000100867,0.000100867,0.000100867,683,1,683,683,683,9,1,9,9,9
34,50,0.000100675,1,0.000100675,0.000100675,0.000100675,677,1,677,677,677,9,1,9,9,9
34,50,8.1404e-05,1,8.1404e-05,8.1404e-05,8.1404e-05,678,1,678,678,678,8,1,8,8,8
34,50,8.2011e-05,1,8.2011e-05,8.2011e-05,8.2011e-05,701,1,701,701,701,10,1,10,10,10
34,50,8.3447e-05,1,8.3447e-05,8.3447e-05,8.3447e-05,683,1,683,683,683,8,1,8,8,8
34,50,8.1552e-05,1,8.1552e-05,8.1552e-05,8.1552e-05,671,1,671,671,671,9,1,9,9,9
34,50,8.7373e-05,1,8.7373e-05,8.7373e-05,8.7373e-05,690,1,690,690,690,9,1,9,9,9
34,50,9.937e-05,1,9.937e-05,9.937e-05,9.937e-05,678,1,678,678,678,9,1,9,9,9
34,50,8.2619e-05,1,8.2619e-05,8.2619e-05,8.2619e-05,694,1,694,694,694,10,1,10,10,10
34,50,8.405e-05,1,8.405e-05,8.405e-05,8.405e-05,681,1,681,681,681,9,1,9,9,9
34,50,8.2392e-05,1,8.2392e-05,8.2392e-05,8.2392e-05,667,1,667,667,667,9,1,9,9,9
34,50,8.1043e-05,1,8.1043e-05,8.1043e-05,8.1043e-05,666,1,666,666,666,8,1,8,8,8
34,50,8.1172e-05,1,8.1172e-05,8.1172e-05,8.1172e-05,679,1,679,679,679,9,1,9,9,9
34,50,8.3013e-05,1,8.3013e-05,8.3013e-05,8.3013e-05,692,1,692,692,692,10,1,10,10,10
34,50,8.2922e-05,1,8.2922e-05,8.2922e-05,8.2922e-05,690,1,690,690,690,10,1,10,10,10
34,50,0.000105403,1,0.000105403,0.000105403,0.000105403,684,1,684,684,684,9,1,9,9,9
34,50,8.6576e-05,1,8.6576e-05,8.6576e-05,8.6576e-05,676,1,676,676,676,9,1,9,9,9
34,50,8.2823e-05,1,8.2823e-05,8.2823e-05,8.2823e-05,699,1,699,699,699,10,1,10,10,10
34,50,8.1464e-05,1,8.1464e-05,8.1464e-05,8.1464e-05,702,1,702,702,702,9,1,9,9,9
34,50,8.1396e-05,1,8.1396e-05,8.1396e-05,8.1396e-05,669,1,669,669,669,8,1,8,8,8
34,50,8.2142e-05,1,8.2142e-05,8.2142e-05,8.2142e-05,707,1,707,707,707,10,1,10,10,10
34,50,8.2391e-05,1,8.2391e-05,8.2391e-05,8.2391e-05,665,1,665,665,665,8,1,8,8,8
34,50,8.1451e-05,1,8.1451e-05,8.1451e-05,8.1451e-05,686,1,686,686,686,9,1,9,9,9
34,50,8.2053e-05,1,8.2053e-05,8.2053e-05,8.2053e-05,689,1,689,689,689,9,1,9,9,9
34,50,8.2078e-05,1,8.2078e-05,8.2078e-05,8.2078e-05,684,1,684,684,684,8,1,8,8,8
34,50,8.2381e-05,1,8.2381e-05,8.2381e-05,8.2381e-05,682,1,682,682,682,9,1,9,9,9
34,50,8.1875e-05,1,8.1875e-05,8.1875e-05,8.1875e-05,693,1,693,693,693,9,1,9,9,9
34,50,8.1958e-05,1,8.1958e-05,8.1958e-05,8.1958e-05,681,1,681,681,681,10,1,10,10,10
34,50,8.2651e-05,1,8.2651e-05,8.2651e-05,8.2651e-05,679,1,679,679,679,9,1,9,9,9
34,50,8.3814e-05,1,8.3814e-05,8.3814e-05,8.3814e-05,711,1,711,711,711,11,1,11,11,11
34,50,8.2133e-05,1,8.2133e-05,8.2133e-05,8.2133e-05,691,1,691,691,691,10,1,10,10,10
34,50,8.1265e-05,1,8.1265e-05,8.1265e-05,8.1265e-05,706,1,706,706,706,11,1,11,11,11
34,50,8.2799e-05,1,8.2799e-05,8.2799e-05,8.2799e-05,693,1,693,693,693,9,1,9,9,9
34,50,8.0583e-05,1,8.0583e-05,8.0583e-05,8.0583e-05,678,1,678,678,678,8,1,8,8,8
34,50,8.2857e-05,1,8.2857e-05,8.2857e-05,8.2857e-05,677,1,677,677,677,9,1,9,9,9
34,50,8.7108e-05,1,8.7108e-05,8.7108e-05,8.7108e-05,680,1,680,680,680,9,1,9,9,9
34,50,8.2184e-05,1,8.2184e-05,8.2184e-05,8.2184e-05,703,1,703,703,703,10,1,10,10,10
34,50,8.2022e-05,1,8.2022e-05,8.2022e-05,8.2022e-05,690,1,690,690,690,9,1,9,9,9
34,50,8.235e-05,1,8.235e-05,8.235e-05,8.235e-05,695,1,695,695,695,9,1,9,9,9
34,50,8.1185e-05,1,8.1185e-05,8.1185e-05,8.1185e-05,686,1,686,686,686,9,1,9,9,9
34,50,8.1352e-05,1,8.1352e-05,8.1352e-05,8.1352e-05,670,1,670,670,670,9,1,9,9,9
34,50,8.0042e-05,1,8.0042e-05,8.0042e-05,8.0042e-05,683,1,683,683,683,8,1,8,8,8
34,50,8.2494e-05,1,8.2494e-05,8.2494e-05,8.2494e-05,690,1,690,690,690,9,1,9,9,9
34,50,8.3052e-05,1,8.3052e-05,8.3052e-05,8.3052e-05,700,1,700,700,700,10,1,10,10,10
34,50,8.6309e-05,1,8.6309e-05,8.6309e-05,8.6309e-05,692,1,692,692,692,10,1,10,10,10
34,50,8.6527e-05,1,8.6527e-05,8.6527e-05,8.6527e-05,692,1,692,692,692,9,1,9,9,9
34,50,8.7398e-05,1,8.7398e-05,8.7398e-05,8.7398e-05,671,1,671,671,671,8,1,8,8,8
34,50,8.0836e-05,1,8.0836e-05,8.0836e-05,8.0836e-05,680,1,680,680,680,8,1,8,8,8
34,50,8.1765e-05,1,8.1765e-05,8.1765e-05,8.1765e-05,690,1,690,690,690,9,1,9,9,9
34,50,8.1531e-05,1,8.1531e-05,8.1531e-05,8.1531e-05,679,1,679,679,679,9,1,9,9,9
34,50,8.3433e-05,1,8.3433e-05,8.3433e-05,8.3433e-05,697,1,697,697,697,10,1,10,10,10
34,50,8.1602e-05,1,8.1602e-05,8.1602e-05,8.1602e-05,675,1,675,675,675,9,1,9,9,9
34,50,8.1896e-05,1,8.1896e-05,8.1896e-05,8.1896e-05,694,1,694,694,694,10,1,10,10,10
34,50,8.0975e-05,1,8.0975e-05,8.0975e-05,8.0975e-05,671,1,671,671,671,9,1,9,9,9
34,50,8.1552e-05,1,8.1552e-05,8.1552e-05,8.1552e-05,677,1,677,677,677,8,1,8,8,8
34,50,8.3631e-05,1,8.3631e-05,8.3631e-05,8.3631e-05,692,1,692,692,692,9,1,9,9,9
34,50,8.1577e-05,1,8.1577e-05,8.1577e-05,8.1577e-05,687,1,687,687,687,9,1,9,9,9
34,50,8.1502e-05,1,8.1502e-05,8.1502e-05,8.1502e-05,675,1,675,675,675,8,1,8,8,8
34,50,8.1606e-05,1,8.1606e-05,8.1606e-05,8.1606e-05,673,1,673,673,673,8,1,8,8,8
34,50,8.5966e-05,1,8.5966e-05,8.5966e-05,8.5966e-05,690,1,690,690,690,9,1,9,9,9
34,50,8.4619e-05,1,8.4619e-05,8.4619e-05,8.4619e-05,709,1,709,709,709,10,1,10,10,10
34,50,8.1905e-05,1,8.1905e-05,8.1905e-05,8.1905e-05,684,1,684,684,684,9,1,9,9,9
34,50,8.1558e-05,1,8.1558e-05,8.1558e-05,8.1558e-05,684,1,684,684,684,9,1,9,9,9
34,50,8.1965e-05,1,8.1965e-05,8.1965e-05,8.1965e-05,689,1,689,689,689,9,1,9,9,9
34,50,8.1844e-05,1,8.1844e-05,8.1844e-05,8.1844e-05,680,1,680,680,680,9,1,9,9,9
34,50,8.3713e-05,1,8.3713e-05,8.3713e-05,8.3713e-05,681,1,681,681,681,9,1,9,9,9
34,50,8.4706e-05,1,8.4706e-05,8.4706e-05,8.4706e-05,676,1,676,676,676,9,1,9,9,9
34,50,8.2396e-05,1,8.2396e-05,8.2396e-05,8.2396e-05,696,1,696,696,696,10,1,10,10,10
34,50,8.3679e-05,1,8.3679e-05,8.3679e-05,8.3679e-05,698,1,698,698,698,9,1,9,9,9
34,50,8.6837e-05,1,8.6837e-05,8.6837e-05,8.6837e-05,682,1,682,682,682,9,1,9,9,9
34,50,8.781e-05,1,8.781e-05,8.781e-05,8.781e-05,688,1,688,688,688,9,1,9,9,9
34,50,8.1461e-05,1,8.1461e-05,8.1461e-05,8.1461e-05,677,1,677,677,677,9,1,9,9,9
34,50,8.9286e-05,1,8.9286e-05,8.9286e-05,8.9286e-05,695,1,695,695,695,10,1,10,10,10
34,50,8.1657e-05,1,8.1657e-05,8.1657e-05,8.1657e-05,668,1,668,668,668,8,1,8,8,8
34,50,8.1702e-05,1,8.1702e-05,8.1702e-05,8.1702e-05,684,1,684,684,684,9,1,9,9,9
34,50,8.1904e-05,1,8.1904e-05,8.1904e-05,8.1904e-05,693,1,693,693,693,9,1,9,9,9
34,50,8.3143e-05,1,8.3143e-05,8.3143e-05,8.3143e-05,707,1,707,707,707,10,1,10,10,10
34,50,8.2048e-05,1,8.2048e-05,8.2048e-05,8.2048e-05,682,1,682,682,682,9,1,9,9,9
34,50,8.1124e-05,1,8.1124e-05,8.1124e-05,8.1124e-05,685,1,685,685,685,9,1,9,9,9
34,50,8.3362e-05,1,8.3362e-05,8.3362e-05,8.3362e-05,690,1,690,690,690,9,1,9,9,9
34,50,8.2754e-05,1,8.2754e-05,8.2754e-05,8.2754e-05,699,1,699,699,699,10,1,10,10,10
34,50,8.2974e-05,1,8.2974e-05,8.2974e-05,8.2974e-05,696,1,696,696,696,10,1,10,10,10
34,50,8.1502e-05,1,8.1502e-05,8.1502e-05,8.1502e-05,688,1,688,688,688,9,1,9,9,9
34,50,8.157e-05,1,8.157e-05,8.157e-05,8.157e-05,670,1,670,670,670,8,1,8,8,8
34,50,8.1913e-05,1,8.1913e-05,8.1913e-05,8.1913e-05,679,1,679,679,679,9,1,9,9,9
34,50,8.7437e-05,1,8.7437e-05,8.7437e-05,8.7437e-05,692,1,692,692,692,10,1,10,10,10
34,50,8.2566e-05,1,8.2566e-05,8.2566e-05,8.2566e-05,692,1,692,692,692,10,1,10,10,10
34,50,8.8916e-05,1,8.8916e-05,8.8916e-05,8.8916e-05,693,1,693,693,693,9,1,9,9,9
34,50,8.2957e-05,1,8.2957e-05,8.2957e-05,8.2957e-05,676,1,676,676,676,8,1,8,8,8
34,50,8.1046e-05,1,8.1046e-05,8.1046e-05,8.1046e-05,681,1,681,681,681,9,1,9,9,9
34,50,8.3481e-05,1,8.3481e-05,8.3481e-05,8.3481e-05,692,1,692,692,692,10,1,10,10,10
34,50,8.1484e-05,1,8.1484e-05,8.1484e-05,8.1484e-05,686,1,686,686,686,8,1,8,8,8
34,50,8.3662e-05,1,8.3662e-05,8.3662e-05,8.3662e-05,680,1,680,680,680,8,1,8,8,8
34,50,8.0557e-05,1,8.0557e-05,8.0557e-05,8.0557e-05,681,1,681,681,681,9,1,9,9,9
34,50,8.0909e-05,1,8.0909e-05,8.0909e-05,8.0909e-05,680,1,680,680,680,9,1,9,9,9
34,50,8.2532e-05,1,8.2532e-05,8.2532e-05,8.2532e-05,687,1,687,687,687,9,1,9,9,9
34,50,0.000101711,1,0.000101711,0.000101711,0.000101711,671,1,671,671,671,8,1,8,8,8
34,50,8.6963e-05,1,8.6963e-05,8.6963e-05,8.6963e-05,693,1,693,693,693,9,1,9,9,9
34,50,8.8542e-05,1,8.8542e-05,8.8542e-05,8.8542e-05,684,1,684,684,684,9,1,9,9,9
34,50,8.226e-05,1,8.226e-05,8.226e-05,8.226e-05,682,1,682,682,682,8,1,8,8,8
34,50,8.2126e-05,1,8.2126e-05,8.2126e-05,8.2126e-05,682,1,682,682,682,9,1,9,9,9
34,50,8.322e-05,1,8.322e-05,8.322e-05,8.322e-05,662,1,662,662,662,8,1,8,8,8
34,50,8.2266e-05,1,8.2266e-05,8.2266e-05,8.2266e-05,690,1,690,690,690,10,1,10,10,10
34,50,8.1296e-05,1,8.1296e-05,8.1296e-05,8.1296e-05,673,1,673,673,673,8,1,8,8,8
34,50,8.2356e-05,1,8.2356e-05,8.2356e-05,8.2356e-05,681,1,681,681,681,9,1,9,9,9
34,50,8.1556e-05,1,8.1556e-05,8.1556e-05,8.1556e-05,693,1,693,693,693,9,1,9,9,9
34,50,8.2131e-05,1,8.2131e-05,8.2131e-05,8.2131e-05,681,1,681,681,681,9,1,9,9,9
34,50,8.2962e-05,1,8.2962e-05,8.2962e-05,8.2962e-05,681,1,681,681,681,9,1,9,9,9
34,50,8.0944e-05,1,8.0944e-05,8.0944e-05,8.0944e-05,676,1,676,676,676,9,1,9,9,9
34,50,8.3852e-05,1,8.3852e-05,8.3852e-05,8.3852e-05,689,1,689,689,689,10,1,10,10,10
34,50,8.4242e-05,1,8.4242e-05,8.4242e-05,8.4242e-05,679,1,679,679,679,8,1,8,8,8
34,50,8.1371e-05,1,8.1371e-05,8.1371e-05,8.1371e-05,679,1,679,679,679,9,1,9,9,9
34,50,8.2982e-05,1,8.2982e-05,8.2982e-05,8.2982e-05,696,1,696,696,696,10,1,10,10,10
34,50,8.3161e-05,1,8.3161e-05,8.3161e-05,8.3161e-05,701,1,701,701,701,9,1,9,9,9
34,50,8.0534e-05,1,8.0534e-05,8.0534e-05,8.0534e-05,674,1,674,674,674,9,1,9,9,9
34,50,8.176e-05,1,8.176e-05,8.176e-05,8.176e-05,698,1,698,698,698,10,1,10,10,10
34,50,8.4449e-05,1,8.4449e-05,8.4449e-05,8.4449e-05,697,1,697,697,697,10,1,10,10,10
34,50,8.3553e-05,1,8.3553e-05,8.3553e-05,8.3553e-05,700,1,700,700,700,9,1,9,9,9
34,50,8.118e-05,1,8.118e-05,8.118e-05,8.118e-05,671,1,671,671,671,8,1,8,8,8
34,50,8.1271e-05,1,8.1271e-05,8.1271e-05,8.1271e-05,698,1,698,698,698,10,1,10,10,10
34,50,8.2248e-05,1,8.2248e-05,8.2248e-05,8.2248e-05,676,1,676,676,676,9,1,9,9,9
34,50,8.177e-05,1,8.177e-05,8.177e-05,8.177e-05,681,1,681,681,681,8,1,8,8,8
34,50,8.7395e-05,1,8.7395e-05,8.7395e-05,8.7395e-05,687,1,687,687,687,9,1,9,9,9
34,50,8.1771e-05,1,8.1771e-05,8.1771e-05,8.1771e-05,702,1,702,702,702,10,1,10,10,10
34,50,8.2084e-05,1,8.2084e-05,8.2084e-05,8.2084e-05,669,1,669,669,669,8,1,8,8,8
34,50,8.3206e-05,1,8.3206e-05,8.3206e-05,8.3206e-05,695,1,695,695,695,9,1,9,9,9
34,50,8.0797e-05,1,8.0797e-05,8.0797e-05,8.0797e-05,682,1,682,682,682,9,1,9,9,9
34,50,8.2331e-05,1,8.2331e-05,8.2331e-05,8.2331e-05,700,1,700,700,700,10,1,10,10,10
34,50,8.2926e-05,1,8.2926e-05,8.2926e-05,8.2926e-05,681,1,681,681,681,9,1,9,9,9
34,50,8.24e-05,1,8.24e-05,8.24e-05,8.24e-05,676,1,676,676,676,9,1,9,9,9
34,50,8.2197e-05,1,8.2197e-05,8.2197e-05,8.2197e-05,668,1,668,668,668,8,1,8,8,8
34,50,8.2557e-05,1,8.2557e-05,8.2557e-05,8.2557e-05,685,1,685,685,685,9,1,9,9,9
34,50,8.0363e-05,1,8.0363e-05,8.0363e-05,8.0363e-05,687,1,687,687,687,9,1,9,9,9
34,50,8.9055e-05,1,8.9055e-05,8.9055e-05,8.9055e-05,683,1,683,683,683,9,1,9,9,9
34,50,8.1371e-05,1,8.1371e-05,8.1371e-05,8.1371e-05,678,1,678,678,678,9,1,9,9,9
34,50,8.0784e-05,1,8.0784e-05,8.0784e-05,8.0784e-05,684,1,684,684,684,9,1,9,9,9
34,50,8.2306e-05,1,8.2306e-05,8.2306e-05,8.2306e-05,700,1,700,700,700,10,1,10,10,10
34,50,8.1796e-05,1,8.1796e-05,8.1796e-05,8.1796e-05,688,1,688,688,688,9,1,9,9,9
34,50,8.1999e-05,1,8.1999e-05,8.1999e-05,8.1999e-05,683,1,683,683,683,8,1,8,8,8
34,50,8.2562e-05,1,8.2562e-05,8.2562e-05,8.2562e-05,690,1,690,690,690,9,1,9,9,9
34,50,8.301e-05,1,8.301e-05,8.301e-05,8.301e-05,692,1,692,692,692,9,1,9,9,9
34,50,8.6653e-05,1,8.6653e-05,8.6653e-05,8.6653e-05,678,1,678,678,678,9,1,9,9,9
34,50,8.6935e-05,1,8.6935e-05,8.6935e-05,8.6935e-05,685,1,685,685,685,9,1,9,9,9
34,50,8.6015e-05,1,8.6015e-05,8.6015e-05,8.6015e-05,673,1,673,673,673,9,1,9,9,9
34,50,8.1008e-05,1,8.1008e-05,8.1008e-05,8.1008e-05,685,1,685,685,685,9,1,9,9,9
34,50,8.1153e-05,1,8.1153e-05,8.1153e-05,8.1153e-05,679,1,679,679,679,10,1,10,10,10
34,50,8.3315e-05,1,8.3315e-05,8.3315e-05,8.3315e-05,696,1,696,696,696,10,1,10,10,10
34,50,8.2662e-05,1,8.2662e-05,8.2662e-05,8.2662e-05,676,1,676,676,676,8,1,8,8,8
34,50,8.2972e-05,1,8.2972e-05,8.2972e-05,8.2972e-05,687,1,687,687,687,9,1,9,9,9
34,50,8.3595e-05,1,8.3595e-05,8.3595e-05,8.3595e-05,692,1,692,692,692,10,1,10,10,10
34,50,8.4084e-05,1,8.4084e-05,8.4084e-05,8.4084e-05,686,1,686,686,686,9,1,9,9,9
34,50,8.1613e-05,1,8.1613e-05,8.1613e-05,8.1613e-05,686,1,686,686,686,10,1,10,10,10
34,50,8.2482e-05,1,8.2482e-05,8.2482e-05,8.2482e-05,685,1,685,685,685,9,1,9,9,9
34,50,8.2244e-05,1,8.2244e-05,8.2244e-05,8.2244e-05,678,1,678,678,678,9,1,9,9,9
34,50,8.1899e-05,1,8.1899e-05,8.1899e-05,8.1899e-05,679,1,679,679,679,9,1,9,9,9
34,50,8.2738e-05,1,8.2738e-05,8.2738e-05,8.2738e-05,685,1,685,685,685,9,1,9,9,9
34,50,8.6984e-05,1,8.6984e-05,8.6984e-05,8.6984e-05,668,1,668,668,668,8,1,8,8,8
34,50,8.0315e-05,1,8.0315e-05,8.0315e-05,8.0315e-05,655,1,655,655,655,7,1,7,7,7
34,50,8.296e-05,1,8.296e-05,8.296e-05,8.296e-05,682,1,682,682,682,10,1,10,10,10
34,50,8.1995e-05,1,8.1995e-05,8.1995e-05,8.1995e-05,678,1,678,678,678,9,1,9,9,9
34,50,8.3185e-05,1,8.3185e-05,8.3185e-05,8.3185e-05,674,1,674,674,674,9,1,9,9,9
34,50,8.1154e-05,1,8.1154e-05,8.1154e-05,8.1154e-05,688,1,688,688,688,9,1,9,9,9
34,50,8.299e-05,1,8.299e-05,8.299e-05,8.299e-05,682,1,682,682,682,9,1,9,9,9
34,50,8.2459e-05,1,8.2459e-05,8.2459e-05,8.2459e-05,676,1,676,676,676,9,1,9,9,9
34,50,8.2341e-05,1,8.2341e-05,8.2341e-05,8.2341e-05,687,1,687,687,687,10,1,10,10,10
34,50,8.1537e-05,1,8.1537e-05,8.1537e-05,8.1537e-05,685,1,685,685,685,9,1,9,9,9
34,50,8.2449e-05,1,8.2449e-05,8.2449e-05,8.2449e-05,677,1,677,677,677,9,1,9,9,9
34,50,8.1944e-05,1,8.1944e-05,8.1944e-05,8.1944e-05,685,1,685,685,685,10,1,10,10,10
34,50,9.0725e-05,1,9.0725e-05,9.0725e-05,9.0725e-05,682,1,682,682,682,8,1,8,8,8
34,50,8.2886e-05,1,8.2886e-05,8.2886e-05,8.2886e-05,685,1,685,685,685,9,1,9,9,9
34,50,8.1388e-05,1,8.1388e-05,8.1388e-05,8.1388e-05,688,1,688,688,688,10,1,10,10,10
34,50,8.3262e-05,1,8.3262e-05,8.3262e-05,8.3262e-05,703,1,703,703,703,10,1,10,10,10
34,50,8.6588e-05,1,8.6588e-05,8.6588e-05,8.6588e-05,685,1,685,685,685,9,1,9,9,9
34,50,8.5847e-05,1,8.5847e-05,8.5847e-05,8.5847e-05,670,1,670,670,670,8,1,8,8,8
34,50,8.2669e-05,1,8.2669e-05,8.2669e-05,8.2669e-05,686,1,686,686,686,9,1,9,9,9
34,50,8.1635e-05,1,8.1635e-05,8.1635e-05,8.1635e-05,672,1,672,672,672,9,1,9,9,9
34,50,8.1988e-05,1,8.1988e-05,8.1988e-05,8.1988e-05,684,1,684,684,684,9,1,9,9,9
34,50,8.301e-05,1,8.301e-05,8.301e-05,8.301e-05,689,1,689,689,689,9,1,9,9,9
34,50,8.1939e-05,1,8.1939e-05,8.1939e-05,8.1939e-05,674,1,674,674,674,8,1,8,8,8
34,50,8.1e-05,1,8.1e-05,8.1e-05,8.1e-05,664,1,664,664,664,8,1,8,8,8
34,50,8.301e-05,1,8.301e-05,8.301e-05,8.301e-05,672,1,672,672,672,9,1,9,9,9
34,50,8.2122e-05,1,8.2122e-05,8.2122e-05,8.2122e-05,687,1,687,687,687,9,1,9,9,9
34,50,8.1295e-05,1,8.1295e-05,8.1295e-05,8.1295e-05,688,1,688,688,688,9,1,9,9,9
34,50,8.2631e-05,1,8.2631e-05,8.2631e-05,8.2631e-05,667,1,667,667,667,9,1,9,9,9
34,50,8.7928e-05,1,8.7928e-05,8.7928e-05,8.7928e-05,681,1,681,681,681,10,1,10,10,10
34,50,8.3909e-05,1,8.3909e-05,8.3909e-05,8.3909e-05,673,1,673,673,673,9,1,9,9,9
34,50,8.1361e-05,1,8.1361e-05,8.1361e-05,8.1361e-05,663,1,663,663,663,8,1,8,8,8
34,50,8.2501e-05,1,8.2501e-05,8.2501e-05,8.2501e-05,680,1,680,680,680,8,1,8,8,8
34,50,8.189e-05,1,8.189e-05,8.189e-05,8.189e-05,685,1,685,685,685,9,1,9,9,9
34,50,8.3481e-05,1,8.3481e-05,8.3481e-05,8.3481e-05,701,1,701,701,701,10,1,10,10,10
34,50,8.1818e-05,1,8.1818e-05,8.1818e-05,8.1818e-05,678,1,678,678,678,8,1,8,8,8
34,50,8.1072e-05,1,8.1072e-05,8.1072e-05,8.1072e-05,688,1,688,688,688,9,1,9,9,9
34,50,8.1211e-05,1,8.1211e-05,8.1211e-05,8.1211e-05,699,1,699,699,699,10,1,10,10,10
34,50,8.3646e-05,1,8.3646e-05,8.3646e-05,8.3646e-05,686,1,686,686,686,9,1,9,9,9
34,50,9.9865e-05,1,9.9865e-05,9.9865e-05,9.9865e-05,683,1,683,683,683,8,1,8,8,8
34,50,8.7429e-05,1,8.7429e-05,8.7429e-05,8.7429e-05,673,1,673,673,673,9,1,9,9,9
34,50,8.4116e-05,1,8.4116e-05,8.4116e-05,8.4116e-05,702,1,702,702,702,10,1,10,10,10
34,50,8.2237e-05,1,8.2237e-05,8.2237e-05,8.2237e-05,694,1,694,694,694,9,1,9,9,9
34,50,8.3087e-05,1,8.3087e-05,8.3087e-05,8.3087e-05,673,1,673,673,673,9,1,9,9,9
34,50,8.181e-05,1,8.181e-05,8.181e-05,8.181e-05,685,1,685,685,685,10,1,10,10,10
34,50,8.2768e-05,1,8.2768e-05,8.2768e-05,8.2768e-05,695,1,695,695,695,9,1,9,9,9
34,50,8.207e-05,1,8.207e-05,8.207e-05,8.207e-05,685,1,685,685,685,9,1,9,9,9
34,50,8.2822e-05,1,8.2822e-05,8.2822e-05,8.2822e-05,680,1,680,680,680,8,1,8,8,8
34,50,9.0293e-05,1,9.0293e-05,9.0293e-05,9.0293e-05,695,1,695,695,695,9,1,9,9,9
34,50,8.2137e-05,1,8.2137e-05,8.2137e-05,8.2137e-05,702,1,702,702,702,10,1,10,10,10
34,50,8.2946e-05,1,8.2946e-05,8.2946e-05,8.2946e-05,678,1,678,678,678,8,1,8,8,8
34,50,8.256e-05,1,8.256e-05,8.256e-05,8.256e-05,683,1,683,683,683,9,1,9,9,9
34,50,8.2222e-05,1,8.2222e-05,8.2222e-05,8.2222e-05,673,1,673,673,673,9,1,9,9,9
34,50,8.3683e-05,1,8.3683e-05,8.3683e-05,8.3683e-05,699,1,699,699,699,10,1,10,10,10
34,50,8.2408e-05,1,8.2408e-05,8.2408e-05,8.2408e-05,680,1,680,680,680,9,1,9,9,9
34,50,8.6256e-05,1,8.6256e-05,8.6256e-05,8.6256e-05,674,1,674,674,674,8,1,8,8,8
34,50,8.2887e-05,1,8.2887e-05,8.2887e-05,8.2887e-05,692,1,692,692,692,9,1,9,9,9
34,50,8.2883e-05,1,8.2883e-05,8.2883e-05,8.2883e-05,668,1,668,668,668,8,1,8,8,8
34,50,8.2218e-05,1,8.2218e-05,8.2218e-05,8.2218e-05,690,1,690,690,690,10,1,10,10,10
34,50,8.206e-05,1,8.206e-05,8.206e-05,8.206e-05,682,1,682,682,682,10,1,10,10,10
34,50,8.098e-05,1,8.098e-05,8.098e-05,8.098e-05,671,1,671,671,671,9,1,9,9,9
34,50,8.105e-05,1,8.105e-05,8.105e-05,8.105e-05,684,1,684,684,684,9,1,9,9,9
34,50,8.1978e-05,1,8.1978e-05,8.1978e-05,8.1978e-05,690,1,690,690,690,9,1,9,9,9
34,50,8.1014e-05,1,8.1014e-05,8.1014e-05,8.1014e-05,688,1,688,688,688,9,1,9,9,9
34,50,8.207e-05,1,8.207e-05,8.207e-05,8.207e-05,690,1,690,690,690,9,1,9,9,9
34,50,8.0956e-05,1,8.0956e-05,8.0956e-05,8.0956e-05,685,1,685,685,685,8,1,8,8,8
34,50,8.3444e-05,1,8.3444e-05,8.3444e-05,8.3444e-05,693,1,693,693,693,10,1,10,10,10
34,50,8.2319e-05,1,8.2319e-05,8.2319e-05,8.2319e-05,671,1,671,671,671,8,1,8,8,8
34,50,8.2255e-05,1,8.2255e-05,8.2255e-05,8.2255e-05,689,1,689,689,689,9,1,9,9,9
34,50,8.0944e-05,1,8.0944e-05,8.0944e-05,8.0944e-05,685,1,685,685,685,9,1,9,9,9
34,50,8.6977e-05,1,8.6977e-05,8.6977e-05,8.6977e-05,681,1,681,681,681,9,1,9,9,9
34,50,9.9192e-05,1,9.9192e-05,9.9192e-05,9.9192e-05,674,1,674,674,674,8,1,8,8,8
34,50,8.3181e-05,1,8.3181e-05,8.3181e-05,8.3181e-05,675,1,675,675,675,8,1,8,8,8
34,50,8.2438e-05,1,8.2438e-05,8.2438e-05,8.2438e-05,681,1,681,681,681,9,1,9,9,9
34,50,7.9944e-05,1,7.9944e-05,7.9944e-05,7.9944e-05,670,1,670,670,670,9,1,9,9,9
34,50,8.0882e-05,1,8.0882e-05,8.0882e-05,8.0882e-05,681,1,681,681,681,8,1,8,8,8
34,50,8.2667e-05,1,8.2667e-05,8.2667e-05,8.2667e-05,669,1,669,669,669,8,1,8,8,8
34,50,8.0563e-05,1,8.0563e-05,8.0563e-05,8.0563e-05,666,1,666,666,666,8,1,8,8,8
34,50,8.5807e-05,1,8.5807e-05,8.5807e-05,8.5807e-05,709,1,709,709,709,11,1,11,11,11
34,50,8.2094e-05,1,8.2094e-05,8.2094e-05,8.2094e-05,689,1,689,689,689,10,1,10,10,10
34,50,8.225e-05,1,8.225e-05,8.225e-05,8.225e-05,687,1,687,687,687,8,1,8,8,8
34,50,8.1456e-05,1,8.1456e-05,8.1456e-05,8.1456e-05,678,1,678,678,678,9,1,9,9,9
34,50,8.2728e-05,1,8.2728e-05,8.2728e-05,8.2728e-05,697,1,697,697,697,10,1,10,10,10
34,50,8.2234e-05,1,8.2234e-05,8.2234e-05,8.2234e-05,678,1,678,678,678,9,1,9,9,9
34,50,8.6168e-05,1,8.6168e-05,8.6168e-05,8.6168e-05,668,1,668,668,668,9,1,9,9,9
34,50,8.098e-05,1,8.098e-05,8.098e-05,8.098e-05,673,1,673,673,673,8,1,8,8,8
34,50,8.2585e-05,1,8.2585e-05,8.2585e-05,8.2585e-05,677,1,677,677,677,9,1,9,9,9
34,50,8.1711e-05,1,8.1711e-05,8.1711e-05,8.1711e-05,675,1,675,675,675,9,1,9,9,9
34,50,8.1068e-05,1,8.1068e-05,8.1068e-05,8.1068e-05,681,1,681,681,681,9,1,9,9,9
34,50,8.2664e-05,1,8.2664e-05,8.2664e-05,8.2664e-05,705,1,705,705,705,10,1,10,10,10
34,50,8.1452e-05,1,8.1452e-05,8.1452e-05,8.1452e-05,684,1,684,684,684,9,1,9,9,9
34,50,8.2958e-05,1,8.2958e-05,8.2958e-05,8.2958e-05,707,1,707,707,707,10,1,10,10,10
34,50,8.2899e-05,1,8.2899e-05,8.2899e-05,8.2899e-05,687,1,687,687,687,9,1,9,9,9
34,50,8.1968e-05,1,8.1968e-05,8.1968e-05,8.1968e-05,687,1,687,687,687,9,1,9,9,9
34,50,8.2584e-05,1,8.2584e-05,8.2584e-05,8.2584e-05,683,1,683,683,683,9,1,9,9,9
34,50,8.304e-05,1,8.304e-05,8.304e-05,8.304e-05,686,1,686,686,686,10,1,10,10,10
34,50,8.7058e-05,1,8.7058e-05,8.7058e-05,8.7058e-05,672,1,672,672,672,8,1,8,8,8
34,50,0.000100139,1,0.000100139,0.000100139,0.000100139,675,1,675,675,675,9,1,9,9,9
34,50,8.2721e-05,1,8.2721e-05,8.2721e-05,8.2721e-05,702,1,702,702,702,10,1,10,10,10
34,50,8.3183e-05,1,8.3183e-05,8.3183e-05,8.3183e-05,687,1,687,687,687,9,1,9,9,9
34,50,8.2716e-05,1,8.2716e-05,8.2716e-05,8.2716e-05,691,1,691,691,691,9,1,9,9,9
34,50,8.2956e-05,1,8.2956e-05,8.2956e-05,8.2956e-05,676,1,676,676,676,9,1,9,9,9
34,50,8.1588e-05,1,8.1588e-05,8.1588e-05,8.1588e-05,668,1,668,668,668,8,1,8,8,8
34,50,8.1468e-05,1,8.1468e-05,8.1468e-05,8.1468e-05,677,1,677,677,677,9,1,9,9,9
34,50,8.1827e-05,1,8.1827e-05,8.1827e-05,8.1827e-05,672,1,672,672,672,8,1,8,8,8
34,50,8.1697e-05,1,8.1697e-05,8.1697e-05,8.1697e-05,680,1,680,680,680,10,1,10,10,10
34,50,8.2828e-05,1,8.2828e-05,8.2828e-05,8.2828e-05,669,1,669,669,669,9,1,9,9,9
34,50,8.3695e-05,1,8.3695e-05,8.3695e-05,8.3695e-05,684,1,684,684,684,9,1,9,9,9
34,50,8.1744e-05,1,8.1744e-05,8.1744e-05,8.1744e-05,674,1,674,674,674,9,1,9,9,9
34,50,8.3433e-05,1,8.3433e-05,8.3433e-05,8.3433e-05,683,1,683,683,683,9,1,9,9,9
34,50,8.3298e-05,1,8.3298e-05,8.3298e-05,8.3298e-05,681,1,681,681,681,9,1,9,9,9
34,50,8.4335e-05,1,8.4335e-05,8.4335e-05,8.4335e-05,705,1,705,705,705,10,1,10,10,10
34,50,8.2833e-05,1,8.2833e-05,8.2833e-05,8.2833e-05,686,1,686,686,686,10,1,10,10,10
34,50,8.5457e-05,1,8.5457e-05,8.5457e-05,8.5457e-05,681,1,681,681,681,9,1,9,9,9
34,50,0.000102157,1,0.000102157,0.000102157,0.000102157,694,1,694,694,694,10,1,10,10,10
34,50,8.3798e-05,1,8.3798e-05,8.3798e-05,8.3798e-05,683,1,683,683,683,10,1,10,10,10
34,50,8.1163e-05,1,8.1163e-05,8.1163e-05,8.1163e-05,675,1,675,675,675,9,1,9,9,9
34,50,8.1283e-05,1,8.1283e-05,8.1283e-05,8.1283e-05,685,1,685,685,685,9,1,9,9,9
34,50,8.0518e-05,1,8.0518e-05,8.0518e-05,8.0518e-05,677,1,677,677,677,9,1,9,9,9
34,50,8.2048e-05,1,8.2048e-05,8.2048e-05,8.2048e-05,693,1,693,693,693,9,1,9,9,9
34,50,8.5843e-05,1,8.5843e-05,8.5843e-05,8.5843e-05,691,1,691,691,691,9,1,9,9,9
34,50,8.643e-05,1,8.643e-05,8.643e-05,8.643e-05,673,1,673,673,673,9,1,9,9,9
34,50,8.4823e-05,1,8.4823e-05,8.4823e-05,8.4823e-05,686,1,686,686,686,10,1,10,10,10
34,50,8.3439e-05,1,8.3439e-05,8.3439e-05,8.3439e-05,696,1,696,696,696,9,1,9,9,9
34,50,8.3357e-05,1,8.3357e-05,8.3357e-05,8.3357e-05,675,1,675,675,675,8,1,8,8,8
34,50,8.1527e-05,1,8.1527e-05,8.1527e-05,8.1527e-05,684,1,684,684,684,9,1,9,9,9
34,50,8.1917e-05,1,8.1917e-05,8.1917e-05,8.1917e-05,682,1,682,682,682,9,1,9,9,9
34,50,8.2718e-05,1,8.2718e-05,8.2718e-05,8.2718e-05,672,1,672,672,672,9,1,9,9,9
34,50,8.1335e-05,1,8.1335e-05,8.1335e-05,8.1335e-05,676,1,676,676,676,9,1,9,9,9
34,50,8.3582e-05,1,8.3582e-05,8.3582e-05,8.3582e-05,675,1,675,675,675,8,1,8,8,8
34,50,8.2821e-05,1,8.2821e-05,8.2821e-05,8.2821e-05,681,1,681,681,681,9,1,9,9,9
34,50,8.1857e-05,1,8.1857e-05,8.1857e-05,8.1857e-05,665,1,665,665,665,8,1,8,8,8
34,50,8.2812e-05,1,8.2812e-05,8.2812e-05,8.2812e-05,694,1,694,694,694,9,1,9,9,9
34,50,8.1867e-05,1,8.1867e-05,8.1867e-05,8.1867e-05,688,1,688,688,688,10,1,10,10,10
34,50,8.284e-05,1,8.284e-05,8.284e-05,8.284e-05,681,1,681,681,681,9,1,9,9,9
34,50,8.2255e-05,1,8.2255e-05,8.2255e-05,8.2255e-05,696,1,696,696,696,9,1,9,9,9
34,50,8.2742e-05,1,8.2742e-05,8.2742e-05,8.2742e-05,699,1,699,699,699,10,1,10,10,10
34,50,8.2934e-05,1,8.2934e-05,8.2934e-05,8.2934e-05,688,1,688,688,688,9,1,9,9,9
34,50,8.257e-05,1,8.257e-05,8.257e-05,8.257e-05,694,1,694,694,694,10,1,10,10,10
34,50,8.1185e-05,1,8.1185e-05,8.1185e-05,8.1185e-05,694,1,694,694,694,10,1,10,10,10
34,50,8.3227e-05,1,8.3227e-05,8.3227e-05,8.3227e-05,682,1,682,682,682,9,1,9,9,9
34,50,8.0981e-05,1,8.0981e-05,8.0981e-05,8.0981e-05,669,1,669,669,669,10,1,10,10,10
34,50,0.000103265,1,0.000103265,0.000103265,0.000103265,678,1,678,678,678,10,1,10,10,10
34,50,8.569e-05,1,8.569e-05,8.569e-05,8.569e-05,670,1,670,670,670,8,1,8,8,8
34,50,8.2228e-05,1,8.2228e-05,8.2228e-05,8.2228e-05,687,1,687,687,687,9,1,9,9,9
34,50,8.2225e-05,1,8.2225e-05,8.2225e-05,8.2225e-05,689,1,689,689,689,9,1,9,9,9
34,50,8.238e-05,1,8.238e-05,8.238e-05,8.238e-05,689,1,689,689,689,9,1,9,9,9
34,50,0.000100039,1,0.000100039,0.000100039,0.000100039,680,1,680,680,680,9,1,9,9,9
34,50,0.000107778,1,0.000107778,0.000107778,0.000107778,687,1,687,687,687,10,1,10,10,10
34,50,0.000108151,1,0.000108151,0.000108151,0.000108151,706,1,706,706,706,10,1,10,10,10
34,50,8.8083e-05,1,8.8083e-05,8.8083e-05,8.8083e-05,675,1,675,675,675,9,1,9,9,9
34,50,0.000102773,1,0.000102773,0.000102773,0.000102773,680,1,680,680,680,9,1,9,9,9
34,50,8.6392e-05,1,8.6392e-05,8.6392e-05,8.6392e-05,675,1,675,675,675,9,1,9,9,9
34,50,9.9214e-05,1,9.9214e-05,9.9214e-05,9.9214e-05,689,1,689,689,689,10,1,10,10,10
34,50,8.3426e-05,1,8.3426e-05,8.3426e-05,8.3426e-05,689,1,689,689,689,9,1,9,9,9
34,50,8.1008e-05,1,8.1008e-05,8.1008e-05,8.1008e-05,680,1,680,680,680,9,1,9,9,9
34,50,8.3138e-05,1,8.3138e-05,8.3138e-05,8.3138e-05,695,1,695,695,695,11,1,11,11,11
34,50,8.0693e-05,1,8.0693e-05,8.0693e-05,8.0693e-05,663,1,663,663,663,8,1,8,8,8
34,50,8.3252e-05,1,8.3252e-05,8.3252e-05,8.3252e-05,692,1,692,692,692,9,1,9,9,9
34,50,8.3027e-05,1,8.3027e-05,8.3027e-05,8.3027e-05,678,1,678,678,678,9,1,9,9,9
34,50,8.3384e-05,1,8.3384e-05,8.3384e-05,8.3384e-05,688,1,688,688,688,10,1,10,10,10
34,50,8.632e-05,1,8.632e-05,8.632e-05,8.632e-05,684,1,684,684,684,8,1,8,8,8
34,50,0.000102073,1,0.000102073,0.000102073,0.000102073,670,1,670,670,670,9,1,9,9,9
34,50,8.2681e-05,1,8.2681e-05,8.2681e-05,8.2681e-05,702,1,702,702,702,10,1,10,10,10
34,50,8.2022e-05,1,8.2022e-05,8.2022e-05,8.2022e-05,700,1,700,700,700,10,1,10,10,10
34,50,8.2249e-05,1,8.2249e-05,8.2249e-05,8.2249e-05,681,1,681,681,681,9,1,9,9,9
34,50,8.7067e-05,1,8.7067e-05,8.7067e-05,8.7067e-05,703,1,703,703,703,9,1,9,9,9
34,50,0.00010123,1,0.00010123,0.00010123,0.00010123,686,1,686,686,686,9,1,9,9,9
34,50,8.181e-05,1,8.181e-05,8.181e-05,8.181e-05,671,1,671,671,671,9,1,9,9,9
34,50,8.0749e-05,1,8.0749e-05,8.0749e-05,8.0749e-05,675,1,675,675,675,9,1,9,9,9
34,50,8.2563e-05,1,8.2563e-05,8.2563e-05,8.2563e-05,686,1,686,686,686,9,1,9,9,9
34,50,8.3408e-05,1,8.3408e-05,8.3408e-05,8.3408e-05,693,1,693,693,693,10,1,10,10,10
34,50,8.303e-05,1,8.303e-05,8.303e-05,8.303e-05,689,1,689,689,689,9,1,9,9,9
34,50,8.6069e-05,1,8.6069e-05,8.6069e-05,8.6069e-05,702,1,702,702,702,10,1,10,10,10
34,50,8.2189e-05,1,8.2189e-05,8.2189e-05,8.2189e-05,684,1,684,684,684,9,1,9,9,9
34,50,8.2474e-05,1,8.2474e-05,8.2474e-05,8.2474e-05,684,1,684,684,684,9,1,9,9,9
34,50,8.2642e-05,1,8.2642e-05,8.2642e-05,8.2642e-05,712,1,712,712,712,10,1,10,10,10
34,50,9.0049e-05,1,9.0049e-05,9.0049e-05,9.0049e-05,676,1,676,676,676,9,1,9,9,9
34,50,8.6038e-05,1,8.6038e-05,8.6038e-05,8.6038e-05,666,1,666,666,666,9,1,9,9,9
34,50,8.4179e-05,1,8.4179e-05,8.4179e-05,8.4179e-05,701,1,701,701,701,11,1,11,11,11
34,50,8.249e-05,1,8.249e-05,8.249e-05,8.249e-05,683,1,683,683,683,9,1,9,9,9
34,50,8.3471e-05,1,8.3471e-05,8.3471e-05,8.3471e-05,678,1,678,678,678,9,1,9,9,9
34,50,8.1821e-05,1,8.1821e-05,8.1821e-05,8.1821e-05,693,1,693,693,693,10,1,10,10,10
34,50,8.0913e-05,1,8.0913e-05,8.0913e-05,8.0913e-05,673,1,673,673,673,9,1,9,9,9
34,50,8.1416e-05,1,8.1416e-05,8.1416e-05,8.1416e-05,678,1,678,678,678,9,1,9,9,9
34,50,8.1173e-05,1,8.1173e-05,8.1173e-05,8.1173e-05,683,1,683,683,683,9,1,9,9,9
34,50,8.753e-05,1,8.753e-05,8.753e-05,8.753e-05,680,1,680,680,680,9,1,9,9,9
34,50,8.4073e-05,1,8.4073e-05,8.4073e-05,8.4073e-05,658,1,658,658,658,9,1,9,9,9
34,50,8.2981e-05,1,8.2981e-05,8.2981e-05,8.2981e-05,687,1,687,687,687,9,1,9,9,9
34,50,8.0749e-05,1,8.0749e-05,8.0749e-05,8.0749e-05,683,1,683,683,683,9,1,9,9,9
34,50,8.2275e-05,1,8.2275e-05,8.2275e-05,8.2275e-05,676,1,676,676,676,9,1,9,9,9
34,50,8.2882e-05,1,8.2882e-05,8.2882e-05,8.2882e-05,701,1,701,701,701,11,1,11,11,11
34,50,8.2928e-05,1,8.2928e-05,8.2928e-05,8.2928e-05,691,1,691,691,691,9,1,9,9,9
34,50,8.0571e-05,1,8.0571e-05,8.0571e-05,8.0571e-05,686,1,686,686,686,9,1,9,9,9
34,50,0.000100621,1,0.000100621,0.000100621,0.000100621,694,1,694,694,694,9,1,9,9,9
34,50,8.7142e-05,1,8.7142e-05,8.7142e-05,8.7142e-05,692,1,692,692,692,9,1,9,9,9
34,50,8.2152e-05,1,8.2152e-05,8.2152e-05,8.2152e-05,692,1,692,692,692,10,1,10,10,10
34,50,8.2356e-05,1,8.2356e-05,8.2356e-05,8.2356e-05,678,1,678,678,678,9,1,9,9,9
34,50,8.2843e-05,1,8.2843e-05,8.2843e-05,8.2843e-05,683,1,683,683,683,9,1,9,9,9
34,50,8.201e-05,1,8.201e-05,8.201e-05,8.201e-05,683,1,683,683,683,10,1,10,10,10
34,50,8.8077e-05,1,8.8077e-05,8.8077e-05,8.8077e-05,686,1,686,686,686,9,1,9,9,9
34,50,0.000100399,1,0.000100399,0.000100399,0.000100399,693,1,693,693,693,9,1,9,9,9
34,50,8.181e-05,1,8.181e-05,8.181e-05,8.181e-05,702,1,702,702,702,10,1,10,10,10
34,50,8.2186e-05,1,8.2186e-05,8.2186e-05,8.2186e-05,674,1,674,674,674,8,1,8,8,8
34,50,8.2148e-05,1,8.2148e-05,8.2148e-05,8.2148e-05,684,1,684,684,684,9,1,9,9,9
34,50,8.2786e-05,1,8.2786e-05,8.2786e-05,8.2786e-05,684,1,684,684,684,9,1,9,9,9
34,50,8.1989e-05,1,8.1989e-05,8.1989e-05,8.1989e-05,695,1,695,695,695,9,1,9,9,9
34,50,8.2471e-05,1,8.2471e-05,8.2471e-05,8.2471e-05,688,1,688,688,688,8,1,8,8,8
34,50,8.6952e-05,1,8.6952e-05,8.6952e-05,8.6952e-05,687,1,687,687,687,9,1,9,9,9
34,50,8.5718e-05,1,8.5718e-05,8.5718e-05,8.5718e-05,685,1,685,685,685,9,1,9,9,9
34,50,8.1607e-05,1,8.1607e-05,8.1607e-05,8.1607e-05,679,1,679,679,679,9,1,9,9,9
34,50,8.4073e-05,1,8.4073e-05,8.4073e-05,8.4073e-05,671,1,671,671,671,9,1,9,9,9
34,50,8.1609e-05,1,8.1609e-05,8.1609e-05,8.1609e-05,697,1,697,697,697,9,1,9,9,9
34,50,8.028e-05,1,8.028e-05,8.028e-05,8.028e-05,670,1,670,670,670,9,1,9,9,9
34,50,8.1776e-05,1,8.1776e-05,8.1776e-05,8.1776e-05,685,1,685,685,685,10,1,10,10,10
34,50,8.2466e-05,1,8.2466e-05,8.2466e-05,8.2466e-05,683,1,683,683,683,8,1,8,8,8
34,50,8.2042e-05,1,8.2042e-05,8.2042e-05,8.2042e-05,684,1,684,684,684,9,1,9,9,9
34,50,8.1396e-05,1,8.1396e-05,8.1396e-05,8.1396e-05,675,1,675,675,675,8,1,8,8,8
34,50,8.7803e-05,1,8.7803e-05,8.7803e-05,8.7803e-05,670,1,670,670,670,8,1,8,8,8
34,50,8.1651e-05,1,8.1651e-05,8.1651e-05,8.1651e-05,664,1,664,664,664,8,1,8,8,8
34,50,9.2593e-05,1,9.2593e-05,9.2593e-05,9.2593e-05,676,1,676,676,676,9,1,9,9,9
34,50,8.2098e-05,1,8.2098e-05,8.2098e-05,8.2098e-05,687,1,687,687,687,9,1,9,9,9
34,50,8.1885e-05,1,8.1885e-05,8.1885e-05,8.1885e-05,681,1,681,681,681,9,1,9,9,9
34,50,8.1505e-05,1,8.1505e-05,8.1505e-05,8.1505e-05,676,1,676,676,676,9,1,9,9,9
34,50,8.131e-05,1,8.131e-05,8.131e-05,8.131e-05,703,1,703,703,703,10,1,10,10,10
34,50,8.4401e-05,1,8.4401e-05,8.4401e-05,8.4401e-05,684,1,684,684,684,9,1,9,9,9
34,50,8.3126e-05,1,8.3126e-05,8.3126e-05,8.3126e-05,692,1,692,692,692,9,1,9,9,9
34,50,8.3203e-05,1,8.3203e-05,8.3203e-05,8.3203e-05,686,1,686,686,686,9,1,9,9,9
34,50,8.3516e-05,1,8.3516e-05,8.3516e-05,8.3516e-05,685,1,685,685,685,8,1,8,8,8
34,50,8.3436e-05,1,8.3436e-05,8.3436e-05,8.3436e-05,697,1,697,697,697,9,1,9,9,9
34,50,0.000103772,1,0.000103772,0.000103772,0.000103772,684,1,684,684,684,9,1,9,9,9
34,50,8.6745e-05,1,8.6745e-05,8.6745e-05,8.6745e-05,683,1,683,683,683,9,1,9,9,9
34,50,8.2833e-05,1,8.2833e-05,8.2833e-05,8.2833e-05,708,1,708,708,708,10,1,10,10,10
34,50,8.223e-05,1,8.223e-05,8.223e-05,8.223e-05,700,1,700,700,700,10,1,10,10,10
34,50,8.1779e-05,1,8.1779e-05,8.1779e-05,8.1779e-05,690,1,690,690,690,9,1,9,9,9
34,50,8.1147e-05,1,8.1147e-05,8.1147e-05,8.1147e-05,679,1,679,679,679,9,1,9,9,9
34,50,8.0469e-05,1,8.0469e-05,8.0469e-05,8.0469e-05,687,1,687,687,687,9,1,9,9,9
34,50,8.1553e-05,1,8.1553e-05,8.1553e-05,8.1553e-05,700,1,700,700,700,10,1,10,10,10
34,50,8.3766e-05,1,8.3766e-05,8.3766e-05,8.3766e-05,684,1,684,684,684,9,1,9,9,9
34,50,8.1284e-05,1,8.1284e-05,8.1284e-05,8.1284e-05,679,1,679,679,679,9,1,9,9,9
34,50,8.0222e-05,1,8.0222e-05,8.0222e-05,8.0222e-05,681,1,681,681,681,9,1,9,9,9
34,50,8.2608e-05,1,8.2608e-05,8.2608e-05,8.2608e-05,692,1,692,692,692,9,1,9,9,9
34,50,8.271e-05,1,8.271e-05,8.271e-05,8.271e-05,682,1,682,682,682,9,1,9,9,9
34,50,8.3748e-05,1,8.3748e-05,8.3748e-05,8.3748e-05,681,1,681,681,681,9,1,9,9,9
34,50,8.2729e-05,1,8.2729e-05,8.2729e-05,8.2729e-05,677,1,677,677,677,9,1,9,9,9
34,50,8.304e-05,1,8.304e-05,8.304e-05,8.304e-05,701,1,701,701,701,10,1,10,10,10
34,50,8.1603e-05,1,8.1603e-05,8.1603e-05,8.1603e-05,670,1,670,670,670,9,1,9,9,9
34,50,8.4114e-05,1,8.4114e-05,8.4114e-05,8.4114e-05,704,1,704,704,704,10,1,10,10,10
34,50,8.1819e-05,1,8.1819e-05,8.1819e-05,8.1819e-05,694,1,694,694,694,9,1,9,9,9
34,50,8.2666e-05,1,8.2666e-05,8.2666e-05,8.2666e-05,699,1,699,699,699,10,1,10,10,10
34,50,8.6802e-05,1,8.6802e-05,8.6802e-05,8.6802e-05,685,1,685,685,685,9,1,9,9,9
34,50,8.1143e-05,1,8.1143e-05,8.1143e-05,8.1143e-05,692,1,692,692,692,10,1,10,10,10
34,50,8.1372e-05,1,8.1372e-05,8.1372e-05,8.1372e-05,684,1,684,684,684,9,1,9,9,9
34,50,8.2582e-05,1,8.2582e-05,8.2582e-05,8.2582e-05,690,1,690,690,690,10,1,10,10,10
34,50,8.2279e-05,1,8.2279e-05,8.2279e-05,8.2279e-05,715,1,715,715,715,10,1,10,10,10
34,50,8.3681e-05,1,8.3681e-05,8.3681e-05,8.3681e-05,683,1,683,683,683,9,1,9,9,9
34,50,8.2835e-05,1,8.2835e-05,8.2835e-05,8.2835e-05,682,1,682,682,682,9,1,9,9,9
34,50,8.0992e-05,1,8.0992e-05,8.0992e-05,8.0992e-05,684,1,684,684,684,10,1,10,10,10
34,50,8.2785e-05,1,8.2785e-05,8.2785e-05,8.2785e-05,688,1,688,688,688,9,1,9,9,9
34,50,8.2524e-05,1,8.2524e-05,8.2524e-05,8.2524e-05,683,1,683,683,683,9,1,9,9,9
34,50,8.2169e-05,1,8.2169e-05,8.2169e-05,8.2169e-05,690,1,690,690,690,9,1,9,9,9
34,50,8.1792e-05,1,8.1792e-05,8.1792e-05,8.1792e-05,675,1,675,675,675,9,1,9,9,9
34,50,8.2346e-05,1,8.2346e-05,8.2346e-05,8.2346e-05,703,1,703,703,703,10,1,10,10,10
34,50,8.237e-05,1,8.237e-05,8.237e-05,8.237e-05,692,1,692,692,692,9,1,9,9,9
34,50,8.2137e-05,1,8.2137e-05,8.2137e-05,8.2137e-05,678,1,678,678,678,8,1,8,8,8
34,50,8.2608e-05,1,8.2608e-05,8.2608e-05,8.2608e-05,685,1,685,685,685,9,1,9,9,9
34,50,8.1186e-05,1,8.1186e-05,8.1186e-05,8.1186e-05,663,1,663,663,663,8,1,8,8,8
34,50,8.359e-05,1,8.359e-05,8.359e-05,8.359e-05,707,1,707,707,707,10,1,10,10,10
34,50,0.000101759,1,0.000101759,0.000101759,0.000101759,687,1,687,687,687,9,1,9,9,9
34,50,8.3506e-05,1,8.3506e-05,8.3506e-05,8.3506e-05,676,1,676,676,676,9,1,9,9,9
34,50,8.2274e-05,1,8.2274e-05,8.2274e-05,8.2274e-05,678,1,678,678,678,8,1,8,8,8
34,50,8.2208e-05,1,8.2208e-05,8.2208e-05,8.2208e-05,687,1,687,687,687,9,1,9,9,9
34,50,8.2031e-05,1,8.2031e-05,8.2031e-05,8.2031e-05,687,1,687,687,687,9,1,9,9,9
34,50,8.2552e-05,1,8.2552e-05,8.2552e-05,8.2552e-05,674,1,674,674,674,9,1,9,9,9
34,50,8.2387e-05,1,8.2387e-05,8.2387e-05,8.2387e-05,677,1,677,677,677,9,1,9,9,9
34,50,8.3171e-05,1,8.3171e-05,8.3171e-05,8.3171e-05,669,1,669,669,669,9,1,9,9,9
34,50,8.2781e-05,1,8.2781e-05,8.2781e-05,8.2781e-05,700,1,700,700,700,10,1,10,10,10
34,50,8.3658e-05,1,8.3658e-05,8.3658e-05,8.3658e-05,676,1,676,676,676,9,1,9,9,9
34,50,8.1705e-05,1,8.1705e-05,8.1705e-05,8.1705e-05,668,1,668,668,668,9,1,9,9,9
34,50,8.3485e-05,1,8.3485e-05,8.3485e-05,8.3485e-05,692,1,692,692,692,10,1,10,10,10
34,50,8.2755e-05,1,8.2755e-05,8.2755e-05,8.2755e-05,691,1,691,691,691,9,1,9,9,9
34,50,8.4675e-05,1,8.4675e-05,8.4675e-05,8.4675e-05,681,1,681,681,681,9,1,9,9,9
34,50,8.5692e-05,1,8.5692e-05,8.5692e-05,8.5692e-05,685,1,685,685,685,9,1,9,9,9
34,50,8.2904e-05,1,8.2904e-05,8.2904e-05,8.2904e-05,704,1,704,704,704,10,1,10,10,10
34,50,8.2358e-05,1,8.2358e-05,8.2358e-05,8.2358e-05,703,1,703,703,703,11,1,11,11,11
34,50,8.1886e-05,1,8.1886e-05,8.1886e-05,8.1886e-05,668,1,668,668,668,9,1,9,9,9
34,50,8.1425e-05,1,8.1425e-05,8.1425e-05,8.1425e-05,676,1,676,676,676,9,1,9,9,9
34,50,8.2804e-05,1,8.2804e-05,8.2804e-05,8.2804e-05,699,1,699,699,699,10,1,10,10,10
34,50,8.1781e-05,1,8.1781e-05,8.1781e-05,8.1781e-05,677,1,677,677,677,9,1,9,9,9
34,50,8.2207e-05,1,8.2207e-05,8.2207e-05,8.2207e-05,685,1,685,685,685,9,1,9,9,9
34,50,0.000102108,1,0.000102108,0.000102108,0.000102108,687,1,687,687,687,9,1,9,9,9
34,50,8.6449e-05,1,8.6449e-05,8.6449e-05,8.6449e-05,681,1,681,681,681,8,1,8,8,8
34,50,8.2045e-05,1,8.2045e-05,8.2045e-05,8.2045e-05,671,1,671,671,671,8,1,8,8,8
34,50,8.2335e-05,1,8.2335e-05,8.2335e-05,8.2335e-05,679,1,679,679,679,9,1,9,9,9
34,50,8.1967e-05,1,8.1967e-05,8.1967e-05,8.1967e-05,692,1,692,692,692,9,1,9,9,9
34,50,8.2824e-05,1,8.2824e-05,8.2824e-05,8.2824e-05,693,1,693,693,693,10,1,10,10,10
34,50,8.2008e-05,1,8.2008e-05,8.2008e-05,8.2008e-05,689,1,689,689,689,9,1,9,9,9
34,50,8.0395e-05,1,8.0395e-05,8.0395e-05,8.0395e-05,674,1,674,674,674,9,1,9,9,9
34,50,8.9472e-05,1,8.9472e-05,8.9472e-05,8.9472e-05,700,1,700,700,700,10,1,10,10,10
34,50,8.252e-05,1,8.252e-05,8.252e-05,8.252e-05,681,1,681,681,681,9,1,9,9,9
34,50,8.1318e-05,1,8.1318e-05,8.1318e-05,8.1318e-05,681,1,681,681,681,9,1,9,9,9
34,50,0.000100386,1,0.000100386,0.000100386,0.000100386,697,1,697,697,697,10,1,10,10,10
34,50,8.7631e-05,1,8.7631e-05,8.7631e-05,8.7631e-05,672,1,672,672,672,9,1,9,9,9
34,50,8.2212e-05,1,8.2212e-05,8.2212e-05,8.2212e-05,687,1,687,687,687,9,1,9,9,9
34,50,8.1935e-05,1,8.1935e-05,8.1935e-05,8.1935e-05,677,1,677,677,677,9,1,9,9,9
34,50,8.1427e-05,1,8.1427e-05,8.1427e-05,8.1427e-05,669,1,669,669,669,8,1,8,8,8
34,50,8.1359e-05,1,8.1359e-05,8.1359e-05,8.1359e-05,684,1,684,684,684,9,1,9,9,9
34,50,8.0787e-05,1,8.0787e-05,8.0787e-05,8.0787e-05,681,1,681,681,681,9,1,9,9,9
34,50,8.1778e-05,1,8.1778e-05,8.1778e-05,8.1778e-05,683,1,683,683,683,9,1,9,9,9
34,50,8.6931e-05,1,8.6931e-05,8.6931e-05,8.6931e-05,675,1,675,675,675,8,1,8,8,8
34,50,8.2077e-05,1,8.2077e-05,8.2077e-05,8.2077e-05,684,1,684,684,684,10,1,10,10,10
34,50,8.6405e-05,1,8.6405e-05,8.6405e-05,8.6405e-05,692,1,692,692,692,9,1,9,9,9
34,50,8.2349e-05,1,8.2349e-05,8.2349e-05,8.2349e-05,681,1,681,681,681,8,1,8,8,8
34,50,8.1519e-05,1,8.1519e-05,8.1519e-05,8.1519e-05,677,1,677,677,677,9,1,9,9,9
34,50,8.2049e-05,1,8.2049e-05,8.2049e-05,8.2049e-05,697,1,697,697,697,9,1,9,9,9
34,50,8.3964e-05,1,8.3964e-05,8.3964e-05,8.3964e-05,702,1,702,702,702,10,1,10,10,10
34,50,8.2049e-05,1,8.2049e-05,8.2049e-05,8.2049e-05,693,1,693,693,693,9,1,9,9,9
34,50,8.2477e-05,1,8.2477e-05,8.2477e-05,8.2477e-05,677,1,677,677,677,8,1,8,8,8
34,50,8.1983e-05,1,8.1983e-05,8.1983e-05,8.1983e-05,684,1,684,684,684,9,1,9,9,9
34,50,8.2035e-05,1,8.2035e-05,8.2035e-05,8.2035e-05,688,1,688,688,688,9,1,9,9,9
34,50,8.2438e-05,1,8.2438e-05,8.2438e-05,8.2438e-05,678,1,678,678,678,9,1,9,9,9
34,50,8.285e-05,1,8.285e-05,8.285e-05,8.285e-05,688,1,688,688,688,9,1,9,9,9
34,50,8.2711e-05,1,8.2711e-05,8.2711e-05,8.2711e-05,685,1,685,685,685,9,1,9,9,9
34,50,8.3284e-05,1,8.3284e-05,8.3284e-05,8.3284e-05,685,1,685,685,685,9,1,9,9,9
34,50,9.2566e-05,1,9.2566e-05,9.2566e-05,9.2566e-05,685,1,685,685,685,10,1,10,10,10
34,50,8.2302e-05,1,8.2302e-05,8.2302e-05,8.2302e-05,700,1,700,700,700,10,1,10,10,10
34,50,8.2503e-05,1,8.2503e-05,8.2503e-05,8.2503e-05,678,1,678,678,678,9,1,9,9,9
34,50,8.2712e-05,1,8.2712e-05,8.2712e-05,8.2712e-05,689,1,689,689,689,9,1,9,9,9
34,50,8.2273e-05,1,8.2273e-05,8.2273e-05,8.2273e-05,690,1,690,690,690,9,1,9,9,9
34,50,8.7676e-05,1,8.7676e-05,8.7676e-05,8.7676e-05,702,1,702,702,702,10,1,10,10,10
34,50,8.1422e-05,1,8.1422e-05,8.1422e-05,8.1422e-05,679,1,679,679,679,8,1,8,8,8
34,50,8.0683e-05,1,8.0683e-05,8.0683e-05,8.0683e-05,692,1,692,692,692,9,1,9,9,9
34,50,8.1763e-05,1,8.1763e-05,8.1763e-05,8.1763e-05,682,1,682,682,682,9,1,9,9,9
34,50,8.4072e-05,1,8.4072e-05,8.4072e-05,8.4072e-05,690,1,690,690,690,10,1,10,10,10
34,50,8.1844e-05,1,8.1844e-05,8.1844e-05,8.1844e-05,672,1,672,672,672,9,1,9,9,9
34,50,8.1721e-05,1,8.1721e-05,8.1721e-05,8.1721e-05,686,1,686,686,686,9,1,9,9,9
34,50,8.323e-05,1,8.323e-05,8.323e-05,8.323e-05,683,1,683,683,683,9,1,9,9,9
34,50,8.1678e-05,1,8.1678e-05,8.1678e-05,8.1678e-05,679,1,679,679,679,9,1,9,9,9
34,50,8.1416e-05,1,8.1416e-05,8.1416e-05,8.1416e-05,671,1,671,671,671,9,1,9,9,9
34,50,8.1291e-05,1,8.1291e-05,8.1291e-05,8.1291e-05,684,1,684,684,684,9,1,9,9,9
34,50,8.1529e-05,1,8.1529e-05,8.1529e-05,8.1529e-05,675,1,675,675,675,9,1,9,9,9
34,50,8.1762e-05,1,8.1762e-05,8.1762e-05,8.1762e-05,692,1,692,692,692,10,1,10,10,10
34,50,8.2081e-05,1,8.2081e-05,8.2081e-05,8.2081e-05,679,1,679,679,679,8,1,8,8,8
34,50,8.297e-05,1,8.297e-05,8.297e-05,8.297e-05,708,1,708,708,708,10,1,10,10,10
34,50,9.9162e-05,1,9.9162e-05,9.9162e-05,9.9162e-05,680,1,680,680,680,10,1,10,10,10
34,50,0.00010344,1,0.00010344,0.00010344,0.00010344,676,1,676,676,676,9,1,9,9,9
34,50,8.3579e-05,1,8.3579e-05,8.3579e-05,8.3579e-05,701,1,701,701,701,10,1,10,10,10
34,50,8.1785e-05,1,8.1785e-05,8.1785e-05,8.1785e-05,682,1,682,682,682,10,1,10,10,10
34,50,8.3328e-05,1,8.3328e-05,8.3328e-05,8.3328e-05,685,1,685,685,685,9,1,9,9,9
34,50,8.2641e-05,1,8.2641e-05,8.2641e-05,8.2641e-05,697,1,697,697,697,9,1,9,9,9
34,50,8.5681e-05,1,8.5681e-05,8.5681e-05,8.5681e-05,695,1,695,695,695,9,1,9,9,9
34,50,8.711e-05,1,8.711e-05,8.711e-05,8.711e-05,680,1,680,680,680,9,1,9,9,9
34,50,0.000101115,1,0.000101115,0.000101115,0.000101115,688,1,688,688,688,9,1,9,9,9
34,50,8.2512e-05,1,8.2512e-05,8.2512e-05,8.2512e-05,684,1,684,684,684,10,1,10,10,10
34,50,8.3243e-05,1,8.3243e-05,8.3243e-05,8.3243e-05,692,1,692,692,692,9,1,9,9,9
34,50,8.1924e-05,1,8.1924e-05,8.1924e-05,8.1924e-05,689,1,689,689,689,9,1,9,9,9
34,50,8.1309e-05,1,8.1309e-05,8.1309e-05,8.1309e-05,703,1,703,703,703,10,1,10,10,10
34,50,8.057e-05,1,8.057e-05,8.057e-05,8.057e-05,682,1,682,682,682,10,1,10,10,10
34,50,8.0157e-05,1,8.0157e-05,8.0157e-05,8.0157e-05,669,1,669,669,669,9,1,9,9,9
34,50,8.2273e-05,1,8.2273e-05,8.2273e-05,8.2273e-05,678,1,678,678,678,9,1,9,9,9
34,50,8.104e-05,1,8.104e-05,8.104e-05,8.104e-05,695,1,695,695,695,9,1,9,9,9
34,50,8.3136e-05,1,8.3136e-05,8.3136e-05,8.3136e-05,677,1,677,677,677,8,1,8,8,8
34,50,8.1866e-05,1,8.1866e-05,8.1866e-05,8.1866e-05,683,1,683,683,683,9,1,9,9,9
34,50,8.1973e-05,1,8.1973e-05,8.1973e-05,8.1973e-05,677,1,677,677,677,9,1,9,9,9
34,50,8.5616e-05,1,8.5616e-05,8.5616e-05,8.5616e-05,693,1,693,693,693,9,1,9,9,9
34,50,8.6175e-05,1,8.6175e-05,8.6175e-05,8.6175e-05,675,1,675,675,675,9,1,9,9,9
34,50,8.214e-05,1,8.214e-05,8.214e-05,8.214e-05,687,1,687,687,687,10,1,10,10,10
34,50,8.2428e-05,1,8.2428e-05,8.2428e-05,8.2428e-05,696,1,696,696,696,9,1,9,9,9
34,50,8.227e-05,1,8.227e-05,8.227e-05,8.227e-05,700,1,700,700,700,10,1,10,10,10
34,50,8.2563e-05,1,8.2563e-05,8.2563e-05,8.2563e-05,679,1,679,679,679,10,1,10,10,10
34,50,8.0948e-05,1,8.0948e-05,8.0948e-05,8.0948e-05,688,1,688,688,688,10,1,10,10,10
34,50,8.2143e-05,1,8.2143e-05,8.2143e-05,8.2143e-05,692,1,692,692,692,9,1,9,9,9
34,50,8.2491e-05,1,8.2491e-05,8.2491e-05,8.2491e-05,703,1,703,703,703,10,1,10,10,10
34,50,8.1401e-05,1,8.1401e-05,8.1401e-05,8.1401e-05,687,1,687,687,687,9,1,9,9,9
34,50,8.1877e-05,1,8.1877e-05,8.1877e-05,8.1877e-05,684,1,684,684,684,10,1,10,10,10
34,50,8.279e-05,1,8.279e-05,8.279e-05,8.279e-05,703,1,703,703,703,11,1,11,11,11
34,50,8.3361e-05,1,8.3361e-05,8.3361e-05,8.3361e-05,674,1,674,674,674,9,1,9,9,9
34,50,8.299e-05,1,8.299e-05,8.299e-05,8.299e-05,681,1,681,681,681,9,1,9,9,9
34,50,8.3425e-05,1,8.3425e-05,8.3425e-05,8.3425e-05,674,1,674,674,674,9,1,9,9,9
34,50,8.5641e-05,1,8.5641e-05,8.5641e-05,8.5641e-05,670,1,670,670,670,8,1,8,8,8
34,50,8.1884e-05,1,8.1884e-05,8.1884e-05,8.1884e-05,678,1,678,678,678,9,1,9,9,9
34,50,8.2783e-05,1,8.2783e-05,8.2783e-05,8.2783e-05,689,1,689,689,689,9,1,9,9,9
34,50,8.2991e-05,1,8.2991e-05,8.2991e-05,8.2991e-05,694,1,694,694,694,9,1,9,9,9
34,50,8.2191e-05,1,8.2191e-05,8.2191e-05,8.2191e-05,686,1,686,686,686,9,1,9,9,9
34,50,8.2126e-05,1,8.2126e-05,8.2126e-05,8.2126e-05,690,1,690,690,690,10,1,10,10,10
34,50,8.3512e-05,1,8.3512e-05,8.3512e-05,8.3512e-05,681,1,681,681,681,9,1,9,9,9
34,50,8.3639e-05,1,8.3639e-05,8.3639e-05,8.3639e-05,681,1,681,681,681,9,1,9,9,9
34,50,8.2715e-05,1,8.2715e-05,8.2715e-05,8.2715e-05,693,1,693,693,693,10,1,10,10,10
34,50,8.2421e-05,1,8.2421e-05,8.2421e-05,8.2421e-05,682,1,682,682,682,9,1,9,9,9
34,50,8.1003e-05,1,8.1003e-05,8.1003e-05,8.1003e-05,672,1,672,672,672,8,1,8,8,8
34,50,8.179e-05,1,8.179e-05,8.179e-05,8.179e-05,667,1,667,667,667,8,1,8,8,8
34,50,8.3594e-05,1,8.3594e-05,8.3594e-05,8.3594e-05,682,1,682,682,682,9,1,9,9,9
34,50,8.2467e-05,1,8.2467e-05,8.2467e-05,8.2467e-05,694,1,694,694,694,10,1,10,10,10
34,50,8.2013e-05,1,8.2013e-05,8.2013e-05,8.2013e-05,680,1,680,680,680,9,1,9,9,9
34,50,8.2696e-05,1,8.2696e-05,8.2696e-05,8.2696e-05,675,1,675,675,675,9,1,9,9,9
34,50,8.2951e-05,1,8.2951e-05,8.2951e-05,8.2951e-05,688,1,688,688,688,9,1,9,9,9
34,50,8.1433e-05,1,8.1433e-05,8.1433e-05,8.1433e-05,680,1,680,680,680,9,1,9,9,9
34,50,8.0961e-05,1,8.0961e-05,8.0961e-05,8.0961e-05,683,1,683,683,683,9,1,9,9,9
34,50,8.3346e-05,1,8.3346e-05,8.3346e-05,8.3346e-05,698,1,698,698,698,10,1,10,10,10
34,50,8.7052e-05,1,8.7052e-05,8.7052e-05,8.7052e-05,675,1,675,675,675,9,1,9,9,9
34,50,8.1595e-05,1,8.1595e-05,8.1595e-05,8.1595e-05,685,1,685,685,685,9,1,9,9,9
34,50,8.3038e-05,1,8.3038e-05,8.3038e-05,8.3038e-05,708,1,708,708,708,11,1,11,11,11
34,50,8.1859e-05,1,8.1859e-05,8.1859e-05,8.1859e-05,694,1,694,694,694,10,1,10,10,10
34,50,8.4108e-05,1,8.4108e-05,8.4108e-05,8.4108e-05,689,1,689,689,689,10,1,10,10,10
34,50,8.3467e-05,1,8.3467e-05,8.3467e-05,8.3467e-05,687,1,687,687,687,9,1,9,9,9
34,50,8.2545e-05,1,8.2545e-05,8.2545e-05,8.2545e-05,683,1,683,683,683,8,1,8,8,8
34,50,8.551e-05,1,8.551e-05,8.551e-05,8.551e-05,685,1,685,685,685,9,1,9,9,9
34,50,9.8866e-05,1,9.8866e-05,9.8866e-05,9.8866e-05,669,1,669,669,669,9,1,9,9,9
34,50,8.4081e-05,1,8.4081e-05,8.4081e-05,8.4081e-05,690,1,690,690,690,10,1,10,10,10
34,50,8.2152e-05,1,8.2152e-05,8.2152e-05,8.2152e-05,687,1,687,687,687,9,1,9,9,9
34,50,8.1665e-05,1,8.1665e-05,8.1665e-05,8.1665e-05,699,1,699,699,699,10,1,10,10,10
34,50,8.8929e-05,1,8.8929e-05,8.8929e-05,8.8929e-05,665,1,665,665,665,8,1,8,8,8
34,50,8.215e-05,1,8.215e-05,8.215e-05,8.215e-05,685,1,685,685,685,10,1,10,10,10
34,50,8.1808e-05,1,8.1808e-05,8.1808e-05,8.1808e-05,693,1,693,693,693,9,1,9,9,9
34,50,8.6399e-05,1,8.6399e-05,8.6399e-05,8.6399e-05,687,1,687,687,687,9,1,9,9,9
34,50,8.3359e-05,1,8.3359e-05,8.3359e-05,8.3359e-05,687,1,687,687,687,10,1,10,10,10
34,50,8.1451e-05,1,8.1451e-05,8.1451e-05,8.1451e-05,673,1,673,673,673,9,1,9,9,9
34,50,8.2611e-05,1,8.2611e-05,8.2611e-05,8.2611e-05,689,1,689,689,689,10,1,10,10,10
34,50,8.4473e-05,1,8.4473e-05,8.4473e-05,8.4473e-05,668,1,668,668,668,8,1,8,8,8
34,50,8.302e-05,1,8.302e-05,8.302e-05,8.302e-05,691,1,691,691,691,10,1,10,10,10
34,50,8.3301e-05,1,8.3301e-05,8.3301e-05,8.3301e-05,681,1,681,681,681,9,1,9,9,9
34,50,8.1883e-05,1,8.1883e-05,8.1883e-05,8.1883e-05,677,1,677,677,677,9,1,9,9,9
34,50,8.1949e-05,1,8.1949e-05,8.1949e-05,8.1949e-05,677,1,677,677,677,8,1,8,8,8
34,50,8.3015e-05,1,8.3015e-05,8.3015e-05,8.3015e-05,695,1,695,695,695,10,1,10,10,10
34,50,8.4723e-05,1,8.4723e-05,8.4723e-05,8.4723e-05,687,1,687,687,687,9,1,9,9,9
34,50,8.2642e-05,1,8.2642e-05,8.2642e-05,8.2642e-05,683,1,683,683,683,9,1,9,9,9
34,50,8.2835e-05,1,8.2835e-05,8.2835e-05,8.2835e-05,664,1,664,664,664,8,1,8,8,8
34,50,8.5573e-05,1,8.5573e-05,8.5573e-05,8.5573e-05,708,1,708,708,708,10,1,10,10,10
34,50,8.2613e-05,1,8.2613e-05,8.2613e-05,8.2613e-05,692,1,692,692,692,10,1,10,10,10
34,50,8.2615e-05,1,8.2615e-05,8.2615e-05,8.2615e-05,685,1,685,685,685,10,1,10,10,10
34,50,8.275e-05,1,8.275e-05,8.275e-05,8.275e-05,683,1,683,683,683,11,1,11,11,11
34,50,8.3029e-05,1,8.3029e-05,8.3029e-05,8.3029e-05,689,1,689,689,689,9,1,9,9,9
34,50,0.000102059,1,0.000102059,0.000102059,0.000102059,694,1,694,694,694,10,1,10,10,10
34,50,8.6968e-05,1,8.6968e-05,8.6968e-05,8.6968e-05,712,1,712,712,712,11,1,11,11,11
34,50,8.4381e-05,1,8.4381e-05,8.4381e-05,8.4381e-05,691,1,691,691,691,10,1,10,10,10
34,50,8.239e-05,1,8.239e-05,8.239e-05,8.239e-05,694,1,694,694,694,10,1,10,10,10
34,50,8.2654e-05,1,8.2654e-05,8.2654e-05,8.2654e-05,688,1,688,688,688,10,1,10,10,10
34,50,8.3734e-05,1,8.3734e-05,8.3734e-05,8.3734e-05,694,1,694,694,694,10,1,10,10,10
34,50,8.1173e-05,1,8.1173e-05,8.1173e-05,8.1173e-05,671,1,671,671,671,8,1,8,8,8
34,50,8.2674e-05,1,8.2674e-05,8.2674e-05,8.2674e-05,690,1,690,690,690,9,1,9,9,9
34,50,8.1995e-05,1,8.1995e-05,8.1995e-05,8.1995e-05,696,1,696,696,696,11,1,11,11,11
34,50,8.5302e-05,1,8.5302e-05,8.5302e-05,8.5302e-05,668,1,668,668,668,9,1,9,9,9
34,50,0.000102908,1,0.000102908,0.000102908,0.000102908,692,1,692,692,692,9,1,9,9,9
34,50,8.1939e-05,1,8.1939e-05,8.1939e-05,8.1939e-05,683,1,683,683,683,8,1,8,8,8
34,50,8.0404e-05,1,8.0404e-05,8.0404e-05,8.0404e-05,657,1,657,657,657,8,1,8,8,8
34,50,8.1043e-05,1,8.1043e-05,8.1043e-05,8.1043e-05,675,1,675,675,675,9,1,9,9,9
34,50,8.0443e-05,1,8.0443e-05,8.0443e-05,8.0443e-05,674,1,674,674,674,9,1,9,9,9
34,50,8.6349e-05,1,8.6349e-05,8.6349e-05,8.6349e-05,662,1,662,662,662,8,1,8,8,8
34,50,8.3394e-05,1,8.3394e-05,8.3394e-05,8.3394e-05,683,1,683,683,683,9,1,9,9,9
34,50,8.1564e-05,1,8.1564e-05,8.1564e-05,8.1564e-05,684,1,684,684,684,9,1,9,9,9
34,50,8.2156e-05,1,8.2156e-05,8.2156e-05,8.2156e-05,680,1,680,680,680,9,1,9,9,9
34,50,8.2767e-05,1,8.2767e-05,8.2767e-05,8.2767e-05,693,1,693,693,693,9,1,9,9,9
34,50,8.3129e-05,1,8.3129e-05,8.3129e-05,8.3129e-05,691,1,691,691,691,10,1,10,10,10
34,50,8.1132e-05,1,8.1132e-05,8.1132e-05,8.1132e-05,703,1,703,703,703,10,1,10,10,10
34,50,8.1621e-05,1,8.1621e-05,8.1621e-05,8.1621e-05,683,1,683,683,683,9,1,9,9,9
34,50,8.13e-05,1,8.13e-05,8.13e-05,8.13e-05,686,1,686,686,686,10,1,10,10,10
34,50,8.2251e-05,1,8.2251e-05,8.2251e-05,8.2251e-05,676,1,676,676,676,9,1,9,9,9
34,50,8.2191e-05,1,8.2191e-05,8.2191e-05,8.2191e-05,685,1,685,685,685,9,1,9,9,9
34,50,8.1618e-05,1,8.1618e-05,8.1618e-05,8.1618e-05,685,1,685,685,685,9,1,9,9,9
34,50,8.1219e-05,1,8.1219e-05,8.1219e-05,8.1219e-05,673,1,673,673,673,8,1,8,8,8
34,50,8.3872e-05,1,8.3872e-05,8.3872e-05,8.3872e-05,696,1,696,696,696,10,1,10,10,10
34,50,8.3384e-05,1,8.3384e-05,8.3384e-05,8.3384e-05,686,1,686,686,686,9,1,9,9,9
34,50,8.1204e-05,1,8.1204e-05,8.1204e-05,8.1204e-05,689,1,689,689,689,10,1,10,10,10
34,50,8.1772e-05,1,8.1772e-05,8.1772e-05,8.1772e-05,693,1,693,693,693,10,1,10,10,10
34,50,8.7006e-05,1,8.7006e-05,8.7006e-05,8.7006e-05,691,1,691,691,691,9,1,9,9,9
34,50,8.6358e-05,1,8.6358e-05,8.6358e-05,8.6358e-05,681,1,681,681,681,8,1,8,8,8
34,50,8.1388e-05,1,8.1388e-05,8.1388e-05,8.1388e-05,683,1,683,683,683,9,1,9,9,9
34,50,8.1365e-05,1,8.1365e-05,8.1365e-05,8.1365e-05,684,1,684,684,684,9,1,9,9,9
34,50,8.3701e-05,1,8.3701e-05,8.3701e-05,8.3701e-05,713,1,713,713,713,10,1,10,10,10
34,50,8.0536e-05,1,8.0536e-05,8.0536e-05,8.0536e-05,675,1,675,675,675,8,1,8,8,8
34,50,8.302e-05,1,8.302e-05,8.302e-05,8.302e-05,698,1,698,698,698,9,1,9,9,9
34,50,8.2349e-05,1,8.2349e-05,8.2349e-05,8.2349e-05,705,1,705,705,705,9,1,9,9,9
34,50,8.3277e-05,1,8.3277e-05,8.3277e-05,8.3277e-05,698,1,698,698,698,10,1,10,10,10
34,50,8.1389e-05,1,8.1389e-05,8.1389e-05,8.1389e-05,674,1,674,674,674,9,1,9,9,9
34,50,8.2429e-05,1,8.2429e-05,8.2429e-05,8.2429e-05,697,1,697,697,697,10,1,10,10,10
34,50,8.1979e-05,1,8.1979e-05,8.1979e-05,8.1979e-05,674,1,674,674,674,8,1,8,8,8
34,50,8.5752e-05,1,8.5752e-05,8.5752e-05,8.5752e-05,693,1,693,693,693,9,1,9,9,9
34,50,0.00010178,1,0.00010178,0.00010178,0.00010178,683,1,683,683,683,9,1,9,9,9
34,50,8.1222e-05,1,8.1222e-05,8.1222e-05,8.1222e-05,687,1,687,687,687,9,1,9,9,9
34,50,0.000102908,1,0.000102908,0.000102908,0.000102908,675,1,675,675,675,8,1,8,8,8
34,50,8.6966e-05,1,8.6966e-05,8.6966e-05,8.6966e-05,693,1,693,693,693,10,1,10,10,10
34,50,8.7663e-05,1,8.7663e-05,8.7663e-05,8.7663e-05,692,1,692,692,692,9,1,9,9,9
34,50,8.272e-05,1,8.272e-05,8.272e-05,8.272e-05,672,1,672,672,672,8,1,8,8,8
34,50,8.1095e-05,1,8.1095e-05,8.1095e-05,8.1095e-05,683,1,683,683,683,8,1,8,8,8
34,50,8.1396e-05,1,8.1396e-05,8.1396e-05,8.1396e-05,662,1,662,662,662,8,1,8,8,8
34,50,8.1712e-05,1,8.1712e-05,8.1712e-05,8.1712e-05,691,1,691,691,691,9,1,9,9,9
34,50,8.347e-05,1,8.347e-05,8.347e-05,8.347e-05,683,1,683,683,683,10,1,10,10,10
34,50,8.1417e-05,1,8.1417e-05,8.1417e-05,8.1417e-05,652,1,652,652,652,7,1,7,7,7
34,50,8.2151e-05,1,8.2151e-05,8.2151e-05,8.2151e-05,679,1,679,679,679,9,1,9,9,9
34,50,9.4124e-05,1,9.4124e-05,9.4124e-05,9.4124e-05,685,1,685,685,685,9,1,9,9,9
34,50,8.3419e-05,1,8.3419e-05,8.3419e-05,8.3419e-05,700,1,700,700,700,10,1,10,10,10
34,50,8.2663e-05,1,8.2663e-05,8.2663e-05,8.2663e-05,674,1,674,674,674,9,1,9,9,9
34,50,8.6232e-05,1,8.6232e-05,8.6232e-05,8.6232e-05,675,1,675,675,675,9,1,9,9,9
34,50,7.9881e-05,1,7.9881e-05,7.9881e-05,7.9881e-05,664,1,664,664,664,8,1,8,8,8
34,50,8.3279e-05,1,8.3279e-05,8.3279e-05,8.3279e-05,689,1,689,689,689,10,1,10,10,10
34,50,8.3051e-05,1,8.3051e-05,8.3051e-05,8.3051e-05,699,1,699,699,699,10,1,10,10,10
34,50,8.1562e-05,1,8.1562e-05,8.1562e-05,8.1562e-05,689,1,689,689,689,9,1,9,9,9
34,50,8.3468e-05,1,8.3468e-05,8.3468e-05,8.3468e-05,709,1,709,709,709,10,1,10,10,10
34,50,8.4231e-05,1,8.4231e-05,8.4231e-05,8.4231e-05,694,1,694,694,694,10,1,10,10,10
34,50,8.3158e-05,1,8.3158e-05,8.3158e-05,8.3158e-05,692,1,692,692,692,10,1,10,10,10
34,50,0.000101586,1,0.000101586,0.000101586,0.000101586,690,1,690,690,690,9,1,9,9,9
34,50,8.1516e-05,1,8.1516e-05,8.1516e-05,8.1516e-05,683,1,683,683,683,9,1,9,9,9
34,50,8.3087e-05,1,8.3087e-05,8.3087e-05,8.3087e-05,682,1,682,682,682,9,1,9,9,9
34,50,8.2426e-05,1,8.2426e-05,8.2426e-05,8.2426e-05,675,1,675,675,675,9,1,9,9,9
34,50,8.1915e-05,1,8.1915e-05,8.1915e-05,8.1915e-05,698,1,698,698,698,10,1,10,10,10
34,50,8.2994e-05,1,8.2994e-05,8.2994e-05,8.2994e-05,692,1,692,692,692,10,1,10,10,10
34,50,7.9981e-05,1,7.9981e-05,7.9981e-05,7.9981e-05,674,1,674,674,674,9,1,9,9,9
34,50,8.1021e-05,1,8.1021e-05,8.1021e-05,8.1021e-05,691,1,691,691,691,10,1,10,10,10
34,50,8.2352e-05,1,8.2352e-05,8.2352e-05,8.2352e-05,675,1,675,675,675,9,1,9,9,9
34,50,8.0238e-05,1,8.0238e-05,8.0238e-05,8.0238e-05,682,1,682,682,682,8,1,8,8,8
34,50,8.2819e-05,1,8.2819e-05,8.2819e-05,8.2819e-05,682,1,682,682,682,9,1,9,9,9
34,50,8.7181e-05,1,8.7181e-05,8.7181e-05,8.7181e-05,693,1,693,693,693,9,1,9,9,9
34,50,8.2285e-05,1,8.2285e-05,8.2285e-05,8.2285e-05,692,1,692,692,692,9,1,9,9,9
34,50,8.2604e-05,1,8.2604e-05,8.2604e-05,8.2604e-05,674,1,674,674,674,8,1,8,8,8
34,50,8.1563e-05,1,8.1563e-05,8.1563e-05,8.1563e-05,668,1,668,668,668,9,1,9,9,9
34,50,8.6198e-05,1,8.6198e-05,8.6198e-05,8.6198e-05,686,1,686,686,686,10,1,10,10,10
34,50,8.4359e-05,1,8.4359e-05,8.4359e-05,8.4359e-05,695,1,695,695,695,11,1,11,11,11
34,50,8.2427e-05,1,8.2427e-05,8.2427e-05,8.2427e-05,690,1,690,690,690,10,1,10,10,10
34,50,8.1481e-05,1,8.1481e-05,8.1481e-05,8.1481e-05,686,1,686,686,686,9,1,9,9,9
34,50,8.2452e-05,1,8.2452e-05,8.2452e-05,8.2452e-05,677,1,677,677,677,8,1,8,8,8
34,50,8.2622e-05,1,8.2622e-05,8.2622e-05,8.2622e-05,679,1,679,679,679,9,1,9,9,9
34,50,8.2188e-05,1,8.2188e-05,8.2188e-05,8.2188e-05,700,1,700,700,700,10,1,10,10,10
34,50,8.154e-05,1,8.154e-05,8.154e-05,8.154e-05,677,1,677,677,677,9,1,9,9,9
34,50,8.2664e-05,1,8.2664e-05,8.2664e-05,8.2664e-05,679,1,679,679,679,8,1,8,8,8
34,50,8.2708e-05,1,8.2708e-05,8.2708e-05,8.2708e-05,677,1,677,677,677,9,1,9,9,9
34,50,8.2794e-05,1,8.2794e-05,8.2794e-05,8.2794e-05,682,1,682,682,682,9,1,9,9,9
34,50,8.2261e-05,1,8.2261e-05,8.2261e-05,8.2261e-05,691,1,691,691,691,9,1,9,9,9
34,50,8.2382e-05,1,8.2382e-05,8.2382e-05,8.2382e-05,697,1,697,697,697,10,1,10,10,10
34,50,8.2917e-05,1,8.2917e-05,8.2917e-05,8.2917e-05,682,1,682,682,682,9,1,9,9,9
34,50,8.2254e-05,1,8.2254e-05,8.2254e-05,8.2254e-05,695,1,695,695,695,10,1,10,10,10
34,50,8.1717e-05,1,8.1717e-05,8.1717e-05,8.1717e-05,682,1,682,682,682,9,1,9,9,9
34,50,8.2046e-05,1,8.2046e-05,8.2046e-05,8.2046e-05,689,1,689,689,689,9,1,9,9,9
34,50,8.2256e-05,1,8.2256e-05,8.2256e-05,8.2256e-05,707,1,707,707,707,9,1,9,9,9
34,50,8.3755e-05,1,8.3755e-05,8.3755e-05,8.3755e-05,682,1,682,682,682,9,1,9,9,9
34,50,8.0941e-05,1,8.0941e-05,8.0941e-05,8.0941e-05,672,1,672,672,672,8,1,8,8,8
34,50,8.2144e-05,1,8.2144e-05,8.2144e-05,8.2144e-05,674,1,674,674,674,9,1,9,9,9
34,50,8.1262e-05,1,8.1262e-05,8.1262e-05,8.1262e-05,691,1,691,691,691,10,1,10,10,10
34,50,8.6841e-05,1,8.6841e-05,8.6841e-05,8.6841e-05,689,1,689,689,689,10,1,10,10,10
34,50,8.2216e-05,1,8.2216e-05,8.2216e-05,8.2216e-05,674,1,674,674,674,8,1,8,8,8
34,50,8.2457e-05,1,8.2457e-05,8.2457e-05,8.2457e-05,679,1,679,679,679,9,1,9,9,9
34,50,8.2288e-05,1,8.2288e-05,8.2288e-05,8.2288e-05,680,1,680,680,680,9,1,9,9,9
34,50,8.7964e-05,1,8.7964e-05,8.7964e-05,8.7964e-05,689,1,689,689,689,10,1,10,10,10
34,50,8.242e-05,1,8.242e-05,8.242e-05,8.242e-05,684,1,684,684,684,9,1,9,9,9
34,50,8.2444e-05,1,8.2444e-05,8.2444e-05,8.2444e-05,686,1,686,686,686,9,1,9,9,9
34,50,8.5532e-05,1,8.5532e-05,8.5532e-05,8.5532e-05,702,1,702,702,702,10,1,10,10,10
34,50,8.3691e-05,1,8.3691e-05,8.3691e-05,8.3691e-05,693,1,693,693,693,9,1,9,9,9
34,50,8.203e-05,1,8.203e-05,8.203e-05,8.203e-05,673,1,673,673,673,8,1,8,8,8
34,50,8.281e-05,1,8.281e-05,8.281e-05,8.281e-05,683,1,683,683,683,9,1,9,9,9
34,50,8.1326e-05,1,8.1326e-05,8.1326e-05,8.1326e-05,677,1,677,677,677,9,1,9,9,9
34,50,8.176e-05,1,8.176e-05,8.176e-05,8.176e-05,687,1,687,687,687,9,1,9,9,9
34,50,8.1781e-05,1,8.1781e-05,8.1781e-05,8.1781e-05,685,1,685,685,685,8,1,8,8,8
34,50,8.0647e-05,1,8.0647e-05,8.0647e-05,8.0647e-05,711,1,711,711,711,11,1,11,11,11
34,50,8.1966e-05,1,8.1966e-05,8.1966e-05,8.1966e-05,697,1,697,697,697,10,1,10,10,10
34,50,8.0672e-05,1,8.0672e-05,8.0672e-05,8.0672e-05,682,1,682,682,682,9,1,9,9,9
34,50,8.1817e-05,1,8.1817e-05,8.1817e-05,8.1817e-05,675,1,675,675,675,9,1,9,9,9
34,50,8.0911e-05,1,8.0911e-05,8.0911e-05,8.0911e-05,678,1,678,678,678,9,1,9,9,9
34,50,8.3746e-05,1,8.3746e-05,8.3746e-05,8.3746e-05,678,1,678,678,678,9,1,9,9,9
34,50,8.3105e-05,1,8.3105e-05,8.3105e-05,8.3105e-05,692,1,692,692,692,9,1,9,9,9
34,50,8.3174e-05,1,8.3174e-05,8.3174e-05,8.3174e-05,700,1,700,700,700,10,1,10,10,10
34,50,8.2662e-05,1,8.2662e-05,8.2662e-05,8.2662e-05,678,1,678,678,678,8,1,8,8,8
34,50,8.1419e-05,1,8.1419e-05,8.1419e-05,8.1419e-05,676,1,676,676,676,8,1,8,8,8
34,50,8.4704e-05,1,8.4704e-05,8.4704e-05,8.4704e-05,688,1,688,688,688,9,1,9,9,9
34,50,8.6936e-05,1,8.6936e-05,8.6936e-05,8.6936e-05,678,1,678,678,678,9,1,9,9,9
34,50,8.2332e-05,1,8.2332e-05,8.2332e-05,8.2332e-05,693,1,693,693,693,9,1,9,9,9
34,50,8.2209e-05,1,8.2209e-05,8.2209e-05,8.2209e-05,698,1,698,698,698,10,1,10,10,10
34,50,8.2507e-05,1,8.2507e-05,8.2507e-05,8.2507e-05,684,1,684,684,684,9,1,9,9,9
34,50,8.252e-05,1,8.252e-05,8.252e-05,8.252e-05,673,1,673,673,673,9,1,9,9,9
34,50,9.0418e-05,1,9.0418e-05,9.0418e-05,9.0418e-05,671,1,671,671,671,8,1,8,8,8
34,50,8.3068e-05,1,8.3068e-05,8.3068e-05,8.3068e-05,698,1,698,698,698,10,1,10,10,10
34,50,8.121e-05,1,8.121e-05,8.121e-05,8.121e-05,684,1,684,684,684,9,1,9,9,9
34,50,8.2235e-05,1,8.2235e-05,8.2235e-05,8.2235e-05,686,1,686,686,686,9,1,9,9,9
34,50,8.1725e-05,1,8.1725e-05,8.1725e-05,8.1725e-05,680,1,680,680,680,9,1,9,9,9
34,50,8.2338e-05,1,8.2338e-05,8.2338e-05,8.2338e-05,699,1,699,699,699,10,1,10,10,10
34,50,8.2553e-05,1,8.2553e-05,8.2553e-05,8.2553e-05,709,1,709,709,709,11,1,11,11,11
34,50,8.2056e-05,1,8.2056e-05,8.2056e-05,8.2056e-05,686,1,686,686,686,9,1,9,9,9
34,50,8.2955e-05,1,8.2955e-05,8.2955e-05,8.2955e-05,692,1,692,692,692,10,1,10,10,10
34,50,8.2497e-05,1,8.2497e-05,8.2497e-05,8.2497e-05,677,1,677,677,677,8,1,8,8,8
34,50,8.102e-05,1,8.102e-05,8.102e-05,8.102e-05,690,1,690,690,690,9,1,9,9,9
34,50,8.3057e-05,1,8.3057e-05,8.3057e-05,8.3057e-05,694,1,694,694,694,9,1,9,9,9
34,50,8.4045e-05,1,8.4045e-05,8.4045e-05,8.4045e-05,694,1,694,694,694,9,1,9,9,9
34,50,8.275e-05,1,8.275e-05,8.275e-05,8.275e-05,709,1,709,709,709,11,1,11,11,11
34,50,8.1671e-05,1,8.1671e-05,8.1671e-05,8.1671e-05,665,1,665,665,665,9,1,9,9,9
34,50,8.1809e-05,1,8.1809e-05,8.1809e-05,8.1809e-05,688,1,688,688,688,9,1,9,9,9
34,50,8.1713e-05,1,8.1713e-05,8.1713e-05,8.1713e-05,670,1,670,670,670,8,1,8,8,8
34,50,8.3942e-05,1,8.3942e-05,8.3942e-05,8.3942e-05,705,1,705,705,705,10,1,10,10,10
34,50,0.000101032,1,0.000101032,0.000101032,0.000101032,671,1,671,671,671,8,1,8,8,8
34,50,8.7644e-05,1,8.7644e-05,8.7644e-05,8.7644e-05,681,1,681,681,681,9,1,9,9,9
34,50,8.1538e-05,1,8.1538e-05,8.1538e-05,8.1538e-05,684,1,684,684,684,10,1,10,10,10
34,50,8.186e-05,1,8.186e-05,8.186e-05,8.186e-05,692,1,692,692,692,10,1,10,10,10
34,50,8.2045e-05,1,8.2045e-05,8.2045e-05,8.2045e-05,684,1,684,684,684,9,1,9,9,9
34,50,8.3087e-05,1,8.3087e-05,8.3087e-05,8.3087e-05,684,1,684,684,684,9,1,9,9,9
34,50,8.2688e-05,1,8.2688e-05,8.2688e-05,8.2688e-05,661,1,661,661,661,7,1,7,7,7
34,50,8.1716e-05,1,8.1716e-05,8.1716e-05,8.1716e-05,684,1,684,684,684,9,1,9,9,9
34,50,8.2588e-05,1,8.2588e-05,8.2588e-05,8.2588e-05,687,1,687,687,687,9,1,9,9,9
34,50,8.119e-05,1,8.119e-05,8.119e-05,8.119e-05,688,1,688,688,688,9,1,9,9,9
34,50,8.2893e-05,1,8.2893e-05,8.2893e-05,8.2893e-05,681,1,681,681,681,9,1,9,9,9
34,50,8.0668e-05,1,8.0668e-05,8.0668e-05,8.0668e-05,690,1,690,690,690,9,1,9,9,9
34,50,8.2144e-05,1,8.2144e-05,8.2144e-05,8.2144e-05,682,1,682,682,682,10,1,10,10,10
34,50,8.1537e-05,1,8.1537e-05,8.1537e-05,8.1537e-05,677,1,677,677,677,9,1,9,9,9
34,50,8.1284e-05,1,8.1284e-05,8.1284e-05,8.1284e-05,686,1,686,686,686,9,1,9,9,9
34,50,8.1947e-05,1,8.1947e-05,8.1947e-05,8.1947e-05,674,1,674,674,674,9,1,9,9,9
34,50,8.3076e-05,1,8.3076e-05,8.3076e-05,8.3076e-05,678,1,678,678,678,8,1,8,8,8
34,50,9.0747e-05,1,9.0747e-05,9.0747e-05,9.0747e-05,685,1,685,685,685,9,1,9,9,9
34,50,8.117e-05,1,8.117e-05,8.117e-05,8.117e-05,680,1,680,680,680,8,1,8,8,8
34,50,8.1121e-05,1,8.1121e-05,8.1121e-05,8.1121e-05,693,1,693,693,693,10,1,10,10,10
34,50,8.1251e-05,1,8.1251e-05,8.1251e-05,8.1251e-05,686,1,686,686,686,10,1,10,10,10
34,50,8.2078e-05,1,8.2078e-05,8.2078e-05,8.2078e-05,671,1,671,671,671,8,1,8,8,8
34,50,8.1787e-05,1,8.1787e-05,8.1787e-05,8.1787e-05,684,1,684,684,684,9,1,9,9,9
34,50,8.2515e-05,1,8.2515e-05,8.2515e-05,8.2515e-05,693,1,693,693,693,9,1,9,9,9
34,50,8.2373e-05,1,8.2373e-05,8.2373e-05,8.2373e-05,675,1,675,675,675,9,1,9,9,9
34,50,8.2054e-05,1,8.2054e-05,8.2054e-05,8.2054e-05,714,1,714,714,714,10,1,10,10,10
34,50,8.7435e-05,1,8.7435e-05,8.7435e-05,8.7435e-05,679,1,679,679,679,9,1,9,9,9
34,50,8.5209e-05,1,8.5209e-05,8.5209e-05,8.5209e-05,666,1,666,666,666,8,1,8,8,8
34,50,8.3753e-05,1,8.3753e-05,8.3753e-05,8.3753e-05,686,1,686,686,686,10,1,10,10,10
34,50,8.1105e-05,1,8.1105e-05,8.1105e-05,8.1105e-05,696,1,696,696,696,11,1,11,11,11
34,50,8.2567e-05,1,8.2567e-05,8.2567e-05,8.2567e-05,679,1,679,679,679,9,1,9,9,9
34,50,8.1297e-05,1,8.1297e-05,8.1297e-05,8.1297e-05,691,1,691,691,691,10,1,10,10,10
34,50,8.1514e-05,1,8.1514e-05,8.1514e-05,8.1514e-05,679,1,679,679,679,9,1,9,9,9
34,50,8.6549e-05,1,8.6549e-05,8.6549e-05,8.6549e-05,685,1,685,685,685,9,1,9,9,9
34,50,8.271e-05,1,8.271e-05,8.271e-05,8.271e-05,714,1,714,714,714,11,1,11,11,11
34,50,8.3228e-05,1,8.3228e-05,8.3228e-05,8.3228e-05,715,1,715,715,715,10,1,10,10,10
34,50,8.3039e-05,1,8.3039e-05,8.3039e-05,8.3039e-05,694,1,694,694,694,10,1,10,10,10
34,50,8.2211e-05,1,8.2211e-05,8.2211e-05,8.2211e-05,673,1,673,673,673,8,1,8,8,8
34,50,8.0929e-05,1,8.0929e-05,8.0929e-05,8.0929e-05,682,1,682,682,682,9,1,9,9,9
34,50,8.3012e-05,1,8.3012e-05,8.3012e-05,8.3012e-05,682,1,682,682,682,9,1,9,9,9
34,50,8.1496e-05,1,8.1496e-05,8.1496e-05,8.1496e-05,695,1,695,695,695,10,1,10,10,10
34,50,8.3399e-05,1,8.3399e-05,8.3399e-05,8.3399e-05,721,1,721,721,721,11,1,11,11,11
34,50,8.1159e-05,1,8.1159e-05,8.1159e-05,8.1159e-05,672,1,672,672,672,8,1,8,8,8
34,50,8.742e-05,1,8.742e-05,8.742e-05,8.742e-05,706,1,706,706,706,10,1,10,10,10
34,50,0.000101868,1,0.000101868,0.000101868,0.000101868,681,1,681,681,681,9,1,9,9,9
34,50,8.4161e-05,1,8.4161e-05,8.4161e-05,8.4161e-05,684,1,684,684,684,9,1,9,9,9
34,50,8.224e-05,1,8.224e-05,8.224e-05,8.224e-05,694,1,694,694,694,9,1,9,9,9
34,50,8.11e-05,1,8.11e-05,8.11e-05,8.11e-05,668,1,668,668,668,8,1,8,8,8
34,50,8.4107e-05,1,8.4107e-05,8.4107e-05,8.4107e-05,700,1,700,700,700,10,1,10,10,10
34,50,0.000101263,1,0.000101263,0.000101263,0.000101263,706,1,706,706,706,10,1,10,10,10
34,50,8.2537e-05,1,8.2537e-05,8.2537e-05,8.2537e-05,678,1,678,678,678,9,1,9,9,9
34,50,8.1569e-05,1,8.1569e-05,8.1569e-05,8.1569e-05,684,1,684,684,684,9,1,9,9,9
34,50,8.195e-05,1,8.195e-05,8.195e-05,8.195e-05,665,1,665,665,665,8,1,8,8,8
34,50,8.2086e-05,1,8.2086e-05,8.2086e-05,8.2086e-05,699,1,699,699,699,10,1,10,10,10
34,50,8.2091e-05,1,8.2091e-05,8.2091e-05,8.2091e-05,678,1,678,678,678,9,1,9,9,9
34,50,8.1705e-05,1,8.1705e-05,8.1705e-05,8.1705e-05,677,1,677,677,677,9,1,9,9,9
34,50,8.3886e-05,1,8.3886e-05,8.3886e-05,8.3886e-05,673,1,673,673,673,8,1,8,8,8
34,50,8.1905e-05,1,8.1905e-05,8.1905e-05,8.1905e-05,679,1,679,679,679,9,1,9,9,9
34,50,8.6442e-05,1,8.6442e-05,8.6442e-05,8.6442e-05,675,1,675,675,675,8,1,8,8,8
34,50,8.1698e-05,1,8.1698e-05,8.1698e-05,8.1698e-05,673,1,673,673,673,8,1,8,8,8
34,50,8.7677e-05,1,8.7677e-05,8.7677e-05,8.7677e-05,686,1,686,686,686,9,1,9,9,9
34,50,8.366e-05,1,8.366e-05,8.366e-05,8.366e-05,673,1,673,673,673,9,1,9,9,9
34,50,8.326e-05,1,8.326e-05,8.326e-05,8.326e-05,690,1,690,690,690,9,1,9,9,9
34,50,8.2579e-05,1,8.2579e-05,8.2579e-05,8.2579e-05,680,1,680,680,680,8,1,8,8,8
34,50,8.2863e-05,1,8.2863e-05,8.2863e-05,8.2863e-05,697,1,697,697,697,9,1,9,9,9
34,50,8.1246e-05,1,8.1246e-05,8.1246e-05,8.1246e-05,679,1,679,679,679,8,1,8,8,8
34,50,8.1611e-05,1,8.1611e-05,8.1611e-05,8.1611e-05,680,1,680,680,680,9,1,9,9,9
34,50,8.2467e-05,1,8.2467e-05,8.2467e-05,8.2467e-05,685,1,685,685,685,9,1,9,9,9
34,50,8.2707e-05,1,8.2707e-05,8.2707e-05,8.2707e-05,669,1,669,669,669,9,1,9,9,9
34,50,8.4202e-05,1,8.4202e-05,8.4202e-05,8.4202e-05,676,1,676,676,676,9,1,9,9,9
34,50,8.0461e-05,1,8.0461e-05,8.0461e-05,8.0461e-05,663,1,663,663,663,8,1,8,8,8
34,50,8.1607e-05,1,8.1607e-05,8.1607e-05,8.1607e-05,676,1,676,676,676,8,1,8,8,8
34,50,8.2291e-05,1,8.2291e-05,8.2291e-05,8.2291e-05,698,1,698,698,698,10,1,10,10,10
34,50,8.3134e-05,1,8.3134e-05,8.3134e-05,8.3134e-05,674,1,674,674,674,8,1,8,8,8
34,50,8.2152e-05,1,8.2152e-05,8.2152e-05,8.2152e-05,694,1,694,694,694,10,1,10,10,10
34,50,8.2463e-05,1,8.2463e-05,8.2463e-05,8.2463e-05,683,1,683,683,683,9,1,9,9,9
34,50,8.2857e-05,1,8.2857e-05,8.2857e-05,8.2857e-05,678,1,678,678,678,9,1,9,9,9
34,50,8.1729e-05,1,8.1729e-05,8.1729e-05,8.1729e-05,674,1,674,674,674,9,1,9,9,9
34,50,8.3392e-05,1,8.3392e-05,8.3392e-05,8.3392e-05,685,1,685,685,685,9,1,9,9,9
34,50,8.1038e-05,1,8.1038e-05,8.1038e-05,8.1038e-05,681,1,681,681,681,9,1,9,9,9
34,50,8.1055e-05,1,8.1055e-05,8.1055e-05,8.1055e-05,687,1,687,687,687,9,1,9,9,9
34,50,8.1835e-05,1,8.1835e-05,8.1835e-05,8.1835e-05,681,1,681,681,681,9,1,9,9,9
34,50,8.0993e-05,1,8.0993e-05,8.0993e-05,8.0993e-05,674,1,674,674,674,9,1,9,9,9
34,50,8.3092e-05,1,8.3092e-05,8.3092e-05,8.3092e-05,688,1,688,688,688,10,1,10,10,10
34,50,8.388e-05,1,8.388e-05,8.388e-05,8.388e-05,682,1,682,682,682,8,1,8,8,8
34,50,8.1435e-05,1,8.1435e-05,8.1435e-05,8.1435e-05,672,1,672,672,672,9,1,9,9,9
34,50,9.026e-05,1,9.026e-05,9.026e-05,9.026e-05,672,1,672,672,672,9,1,9,9,9
34,50,8.3166e-05,1,8.3166e-05,8.3166e-05,8.3166e-05,682,1,682,682,682,9,1,9,9,9
34,50,8.3464e-05,1,8.3464e-05,8.3464e-05,8.3464e-05,680,1,680,680,680,9,1,9,9,9
34,50,8.3824e-05,1,8.3824e-05,8.3824e-05,8.3824e-05,690,1,690,690,690,8,1,8,8,8
34,50,8.257e-05,1,8.257e-05,8.257e-05,8.257e-05,671,1,671,671,671,9,1,9,9,9
34,50,8.2636e-05,1,8.2636e-05,8.2636e-05,8.2636e-05,702,1,702,702,702,10,1,10,10,10
34,50,8.2006e-05,1,8.2006e-05,8.2006e-05,8.2006e-05,674,1,674,674,674,9,1,9,9,9
34,50,8.1786e-05,1,8.1786e-05,8.1786e-05,8.1786e-05,693,1,693,693,693,10,1,10,10,10
34,50,8.4578e-05,1,8.4578e-05,8.4578e-05,8.4578e-05,709,1,709,709,709,10,1,10,10,10
34,50,8.2505e-05,1,8.2505e-05,8.2505e-05,8.2505e-05,693,1,693,693,693,9,1,9,9,9
34,50,8.2329e-05,1,8.2329e-05,8.2329e-05,8.2329e-05,678,1,678,678,678,9,1,9,9,9
34,50,8.1187e-05,1,8.1187e-05,8.1187e-05,8.1187e-05,675,1,675,675,675,9,1,9,9,9
34,50,8.1881e-05,1,8.1881e-05,8.1881e-05,8.1881e-05,691,1,691,691,691,10,1,10,10,10
34,50,8.0639e-05,1,8.0639e-05,8.0639e-05,8.0639e-05,669,1,669,669,669,8,1,8,8,8
34,50,8.2587e-05,1,8.2587e-05,8.2587e-05,8.2587e-05,702,1,702,702,702,10,1,10,10,10
34,50,8.3054e-05,1,8.3054e-05,8.3054e-05,8.3054e-05,681,1,681,681,681,9,1,9,9,9
34,50,8.7159e-05,1,8.7159e-05,8.7159e-05,8.7159e-05,690,1,690,690,690,9,1,9,9,9
34,50,8.2897e-05,1,8.2897e-05,8.2897e-05,8.2897e-05,682,1,682,682,682,9,1,9,9,9
34,50,8.1814e-05,1,8.1814e-05,8.1814e-05,8.1814e-05,676,1,676,676,676,9,1,9,9,9
34,50,8.1237e-05,1,8.1237e-05,8.1237e-05,8.1237e-05,694,1,694,694,694,9,1,9,9,9
34,50,8.1599e-05,1,8.1599e-05,8.1599e-05,8.1599e-05,661,1,661,661,661,8,1,8,8,8
34,50,8.2474e-05,1,8.2474e-05,8.2474e-05,8.2474e-05,686,1,686,686,686,9,1,9,9,9
34,50,8.204e-05,1,8.204e-05,8.204e-05,8.204e-05,682,1,682,682,682,9,1,9,9,9
34,50,8.1998e-05,1,8.1998e-05,8.1998e-05,8.1998e-05,677,1,677,677,677,9,1,9,9,9
34,50,8.1038e-05,1,8.1038e-05,8.1038e-05,8.1038e-05,681,1,681,681,681,9,1,9,9,9
34,50,8.8112e-05,1,8.8112e-05,8.8112e-05,8.8112e-05,684,1,684,684,684,10,1,10,10,10
34,50,9.9333e-05,1,9.9333e-05,9.9333e-05,9.9333e-05,679,1,679,679,679,9,1,9,9,9
34,50,8.6656e-05,1,8.6656e-05,8.6656e-05,8.6656e-05,688,1,688,688,688,9,1,9,9,9
34,50,8.3245e-05,1,8.3245e-05,8.3245e-05,8.3245e-05,683,1,683,683,683,9,1,9,9,9
34,50,8.3255e-05,1,8.3255e-05,8.3255e-05,8.3255e-05,689,1,689,689,689,9,1,9,9,9
34,50,8.2677e-05,1,8.2677e-05,8.2677e-05,8.2677e-05,703,1,703,703,703,10,1,10,10,10
34,50,8.2726e-05,1,8.2726e-05,8.2726e-05,8.2726e-05,688,1,688,688,688,9,1,9,9,9
34,50,8.2509e-05,1,8.2509e-05,8.2509e-05,8.2509e-05,685,1,685,685,685,9,1,9,9,9
34,50,8.0399e-05,1,8.0399e-05,8.0399e-05,8.0399e-05,670,1,670,670,670,9,1,9,9,9
34,50,8.1943e-05,1,8.1943e-05,8.1943e-05,8.1943e-05,688,1,688,688,688,9,1,9,9,9
34,50,8.9606e-05,1,8.9606e-05,8.9606e-05,8.9606e-05,693,1,693,693,693,10,1,10,10,10
34,50,8.3326e-05,1,8.3326e-05,8.3326e-05,8.3326e-05,702,1,702,702,702,10,1,10,10,10
34,50,8.1447e-05,1,8.1447e-05,8.1447e-05,8.1447e-05,683,1,683,683,683,9,1,9,9,9
34,50,8.1844e-05,1,8.1844e-05,8.1844e-05,8.1844e-05,676,1,676,676,676,9,1,9,9,9
34,50,8.2645e-05,1,8.2645e-05,8.2645e-05,8.2645e-05,681,1,681,681,681,9,1,9,9,9
34,50,8.3068e-05,1,8.3068e-05,8.3068e-05,8.3068e-05,699,1,699,699,699,9,1,9,9,9
34,50,8.2483e-05,1,8.2483e-05,8.2483e-05,8.2483e-05,693,1,693,693,693,9,1,9,9,9
34,50,8.1138e-05,1,8.1138e-05,8.1138e-05,8.1138e-05,675,1,675,675,675,8,1,8,8,8
34,50,8.3423e-05,1,8.3423e-05,8.3423e-05,8.3423e-05,672,1,672,672,672,8,1,8,8,8
34,50,8.2974e-05,1,8.2974e-05,8.2974e-05,8.2974e-05,686,1,686,686,686,10,1,10,10,10
34,50,8.3247e-05,1,8.3247e-05,8.3247e-05,8.3247e-05,664,1,664,664,664,8,1,8,8,8
34,50,8.2318e-05,1,8.2318e-05,8.2318e-05,8.2318e-05,685,1,685,685,685,10,1,10,10,10
34,50,8.3626e-05,1,8.3626e-05,8.3626e-05,8.3626e-05,703,1,703,703,703,10,1,10,10,10
34,50,8.3362e-05,1,8.3362e-05,8.3362e-05,8.3362e-05,707,1,707,707,707,10,1,10,10,10
34,50,8.2865e-05,1,8.2865e-05,8.2865e-05,8.2865e-05,678,1,678,678,678,8,1,8,8,8
34,50,8.1626e-05,1,8.1626e-05,8.1626e-05,8.1626e-05,678,1,678,678,678,9,1,9,9,9
34,50,8.1509e-05,1,8.1509e-05,8.1509e-05,8.1509e-05,681,1,681,681,681,9,1,9,9,9
34,50,8.2497e-05,1,8.2497e-05,8.2497e-05,8.2497e-05,685,1,685,685,685,9,1,9,9,9
34,50,8.1369e-05,1,8.1369e-05,8.1369e-05,8.1369e-05,696,1,696,696,696,10,1,10,10,10
34,50,8.1077e-05,1,8.1077e-05,8.1077e-05,8.1077e-05,669,1,669,669,669,8,1,8,8,8
34,50,8.2249e-05,1,8.2249e-05,8.2249e-05,8.2249e-05,681,1,681,681,681,9,1,9,9,9
34,50,8.6944e-05,1,8.6944e-05,8.6944e-05,8.6944e-05,694,1,694,694,694,10,1,10,10,10
34,50,8.5736e-05,1,8.5736e-05,8.5736e-05,8.5736e-05,684,1,684,684,684,9,1,9,9,9
34,50,8.3091e-05,1,8.3091e-05,8.3091e-05,8.3091e-05,676,1,676,676,676,9,1,9,9,9
34,50,8.2982e-05,1,8.2982e-05,8.2982e-05,8.2982e-05,696,1,696,696,696,9,1,9,9,9
34,50,8.2402e-05,1,8.2402e-05,8.2402e-05,8.2402e-05,687,1,687,687,687,9,1,9,9,9
34,50,8.155e-05,1,8.155e-05,8.155e-05,8.155e-05,667,1,667,667,667,8,1,8,8,8
34,50,8.2266e-05,1,8.2266e-05,8.2266e-05,8.2266e-05,676,1,676,676,676,9,1,9,9,9
34,50,8.3711e-05,1,8.3711e-05,8.3711e-05,8.3711e-05,683,1,683,683,683,9,1,9,9,9
34,50,8.1827e-05,1,8.1827e-05,8.1827e-05,8.1827e-05,692,1,692,692,692,9,1,9,9,9
34,50,8.1635e-05,1,8.1635e-05,8.1635e-05,8.1635e-05,669,1,669,669,669,8,1,8,8,8
34,50,8.1554e-05,1,8.1554e-05,8.1554e-05,8.1554e-05,679,1,679,679,679,9,1,9,9,9
34,50,8.1721e-05,1,8.1721e-05,8.1721e-05,8.1721e-05,673,1,673,673,673,9,1,9,9,9
34,50,8.1347e-05,1,8.1347e-05,8.1347e-05,8.1347e-05,685,1,685,685,685,9,1,9,9,9
34,50,8.1458e-05,1,8.1458e-05,8.1458e-05,8.1458e-05,685,1,685,685,685,9,1,9,9,9
34,50,8.0809e-05,1,8.0809e-05,8.0809e-05,8.0809e-05,672,1,672,672,672,9,1,9,9,9
34,50,8.2092e-05,1,8.2092e-05,8.2092e-05,8.2092e-05,678,1,678,678,678,9,1,9,9,9
34,50,8.0695e-05,1,8.0695e-05,8.0695e-05,8.0695e-05,677,1,677,677,677,8,1,8,8,8
34,50,8.3083e-05,1,8.3083e-05,8.3083e-05,8.3083e-05,680,1,680,680,680,9,1,9,9,9
34,50,8.1954e-05,1,8.1954e-05,8.1954e-05,8.1954e-05,682,1,682,682,682,9,1,9,9,9
34,50,8.1437e-05,1,8.1437e-05,8.1437e-05,8.1437e-05,674,1,674,674,674,8,1,8,8,8
34,50,8.2519e-05,1,8.2519e-05,8.2519e-05,8.2519e-05,672,1,672,672,672,9,1,9,9,9
34,50,8.1466e-05,1,8.1466e-05,8.1466e-05,8.1466e-05,701,1,701,701,701,11,1,11,11,11
34,50,8.0939e-05,1,8.0939e-05,8.0939e-05,8.0939e-05,684,1,684,684,684,9,1,9,9,9
34,50,8.3424e-05,1,8.3424e-05,8.3424e-05,8.3424e-05,706,1,706,706,706,10,1,10,10,10
34,50,8.2406e-05,1,8.2406e-05,8.2406e-05,8.2406e-05,695,1,695,695,695,10,1,10,10,10
34,50,8.283e-05,1,8.283e-05,8.283e-05,8.283e-05,681,1,681,681,681,9,1,9,9,9
34,50,8.2282e-05,1,8.2282e-05,8.2282e-05,8.2282e-05,687,1,687,687,687,9,1,9,9,9
34,50,8.1737e-05,1,8.1737e-05,8.1737e-05,8.1737e-05,716,1,716,716,716,11,1,11,11,11
34,50,8.1504e-05,1,8.1504e-05,8.1504e-05,8.1504e-05,700,1,700,700,700,11,1,11,11,11
34,50,8.2789e-05,1,8.2789e-05,8.2789e-05,8.2789e-05,690,1,690,690,690,9,1,9,9,9
34,50,8.2733e-05,1,8.2733e-05,8.2733e-05,8.2733e-05,700,1,700,700,700,9,1,9,9,9
34,50,8.0453e-05,1,8.0453e-05,8.0453e-05,8.0453e-05,671,1,671,671,671,8,1,8,8,8
34,50,9.5781e-05,1,9.5781e-05,9.5781e-05,9.5781e-05,698,1,698,698,698,10,1,10,10,10
34,50,8.7944e-05,1,8.7944e-05,8.7944e-05,8.7944e-05,693,1,693,693,693,9,1,9,9,9
