n,p,time_total,time_count,time_mean,time_min,time_max,steps_total,steps_count,steps_mean,steps_min,steps_max,number_total,number_count,number_mean,number_min,number_max
9,60,1.0733e-05,1,1.0733e-05,1.0733e-05,1.0733e-05,53,1,53,53,53,4,1,4,4,4
9,60,1.0213e-05,1,1.0213e-05,1.0213e-05,1.0213e-05,52,1,52,52,52,5,1,5,5,5
9,60,1.0062e-05,1,1.0062e-05,1.0062e-05,1.0062e-05,52,1,52,52,52,5,1,5,5,5
9,60,9.77e-06,1,9.77e-06,9.77e-06,9.77e-06,45,1,45,45,45,3,1,3,3,3
9,60,9.883e-06,1,9.883e-06,9.883e-06,9.883e-06,57,1,57,57,57,6,1,6,6,6
9,60,9.772e-06,1,9.772e-06,9.772e-06,9.772e-06,49,1,49,49,49,5,1,5,5,5
9,60,1.0179e-05,1,1.0179e-05,1.0179e-05,1.0179e-05,56,1,56,56,56,5,1,5,5,5
9,60,1.0102e-05,1,1.0102e-05,1.0102e-05,1.0102e-05,48,1,48,48,48,4,1,4,4,4
9,60,9.775e-06,1,9.775e-06,9.775e-06,9.775e-06,50,1,50,50,50,4,1,4,4,4
9,60,1.0572e-05,1,1.0572e-05,1.0572e-05,1.0572e-05,51,1,51,51,51,4,1,4,4,4
9,60,9.814e-06,1,9.814e-06,9.814e-06,9.814e-06,48,1,48,48,48,4,1,4,4,4
9,60,9.479e-06,1,9.479e-06,9.479e-06,9.479e-06,47,1,47,47,47,4,1,4,4,4
9,60,9.658e-06,1,9.658e-06,9.658e-06,9.658e-06,50,1,50,50,50,4,1,4,4,4
9,60,1.0183e-05,1,1.0183e-05,1.0183e-05,1.0183e-05,50,1,50,50,50,5,1,5,5,5
9,60,9.816e-06,1,9.816e-06,9.816e-06,9.816e-06,52,1,52,52,52,5,1,5,5,5
9,60,1.0231e-05,1,1.0231e-05,1.0231e-05,1.0231e-05,55,1,55,55,55,5,1,5,5,5
9,60,1.0418e-05,1,1.0418e-05,1.0418e-05,1.0418e-05,46,1,46,46,46,3,1,3,3,3
9,60,1.0699e-05,1,1.0699e-05,1.0699e-05,1.0699e-05,50,1,50,50,50,4,1,4,4,4
9,60,1.0605e-05,1,1.0605e-05,1.0605e-05,1.0605e-05,48,1,48,48,48,4,1,4,4,4
9,60,1.0811e-05,1,1.0811e-05,1.0811e-05,1.0811e-05,49,1,49,49,49,4,1,4,4,4
9,60,1.0425e-05,1,1.0425e-05,1.0425e-05,1.0425e-05,49,1,49,49,49,4,1,4,4,4
9,60,9.819e-06,1,9.819e-06,9.819e-06,9.819e-06,51,1,51,51,51,4,1,4,4,4
9,60,1.0221e-05,1,1.0221e-05,1.0221e-05,1.0221e-05,56,1,56,56,56,5,1,5,5,5
9,60,9.76e-06,1,9.76e-06,9.76e-06,9.76e-06,46,1,46,46,46,4,1,4,4,4
9,60,9.741e-06,1,9.741e-06,9.741e-06,9.741e-06,46,1,46,46,46,3,1,3,3,3
9,60,9.952e-06,1,9.952e-06,9.952e-06,9.952e-06,51,1,51,51,51,5,1,5,5,5
9,60,1.0013e-05,1,1.0013e-05,1.0013e-05,1.0013e-05,47,1,47,47,47,4,1,4,4,4
9,60,1.026e-05,1,1.026e-05,1.026e-05,1.026e-05,48,1,48,48,48,4,1,4,4,4
9,60,9.957e-06,1,9.957e-06,9.957e-06,9.957e-06,50,1,50,50,50,5,1,5,5,5
9,60,9.401e-06,1,9.401e-06,9.401e-06,9.401e-06,51,1,51,51,51,5,1,5,5,5
9,60,9.724e-06,1,9.724e-06,9.724e-06,9.724e-06,47,1,47,47,47,3,1,3,3,3
9,60,9.611e-06,1,9.611e-06,9.611e-06,9.611e-06,49,1,49,49,49,4,1,4,4,4
9,60,9.592e-06,1,9.592e-06,9.592e-06,9.592e-06,48,1,48,48,48,4,1,4,4,4
9,60,9.738e-06,1,9.738e-06,9.738e-06,9.738e-06,46,1,46,46,46,4,1,4,4,4
9,60,1.0185e-05,1,1.0185e-05,1.0185e-05,1.0185e-05,55,1,55,55,55,5,1,5,5,5
9,60,9.882e-06,1,9.882e-06,9.882e-06,9.882e-06,49,1,49,49,49,4,1,4,4,4
9,60,1.0134e-05,1,1.0134e-05,1.0134e-05,1.0134e-05,54,1,54,54,54,5,1,5,5,5
9,60,9.151e-06,1,9.151e-06,9.151e-06,9.151e-06,45,1,45,45,45,3,1,3,3,3
9,60,9.671e-06,1,9.671e-06,9.671e-06,9.671e-06,56,1,56,56,56,5,1,5,5,5
9,60,9.912e-06,1,9.912e-06,9.912e-06,9.912e-06,48,1,48,48,48,4,1,4,4,4
9,60,9.957e-06,1,9.957e-06,9.957e-06,9.957e-06,50,1,50,50,50,4,1,4,4,4
9,60,9.881e-06,1,9.881e-06,9.881e-06,9.881e-06,50,1,50,50,50,4,1,4,4,4
9,60,9.816e-06,1,9.816e-06,9.816e-06,9.816e-06,51,1,51,51,51,4,1,4,4,4
9,60,1.1859e-05,1,1.1859e-05,1.1859e-05,1.1859e-05,55,1,55,55,55,5,1,5,5,5
9,60,1.2722e-05,1,1.2722e-05,1.2722e-05,1.2722e-05,48,1,48,48,48,4,1,4,4,4
9,60,1.0438e-05,1,1.0438e-05,1.0438e-05,1.0438e-05,51,1,51,51,51,4,1,4,4,4
9,60,9.645e-06,1,9.645e-06,9.645e-06,9.645e-06,52,1,52,52,52,5,1,5,5,5
9,60,9.764e-06,1,9.764e-06,9.764e-06,9.764e-06,51,1,51,51,51,4,1,4,4,4
9,60,9.899e-06,1,9.899e-06,9.899e-06,9.899e-06,45,1,45,45,45,3,1,3,3,3
9,60,1.0204e-05,1,1.0204e-05,1.0204e-05,1.0204e-05,45,1,45,45,45,4,1,4,4,4
9,60,9.665e-06,1,9.665e-06,9.665e-06,9.665e-06,46,1,46,46,46,4,1,4,4,4
9,60,9.793e-06,1,9.793e-06,9.793e-06,9.793e-06,48,1,48,48,48,4,1,4,4,4
9,60,1.0118e-05,1,1.0118e-05,1.0118e-05,1.0118e-05,51,1,51,51,51,5,1,5,5,5
9,60,9.857e-06,1,9.857e-06,9.857e-06,9.857e-06,51,1,51,51,51,4,1,4,4,4
9,60,9.663e-06,1,9.663e-06,9.663e-06,9.663e-06,44,1,44,44,44,3,1,3,3,3
9,60,1.009e-05,1,1.009e-05,1.009e-05,1.009e-05,46,1,46,46,46,4,1,4,4,4
9,60,9.554e-06,1,9.554e-06,9.554e-06,9.554e-06,47,1,47,47,47,3,1,3,3,3
9,60,9.875e-06,1,9.875e-06,9.875e-06,9.875e-06,51,1,51,51,51,4,1,4,4,4
9,60,1.0056e-05,1,1.0056e-05,1.0056e-05,1.0056e-05,50,1,50,50,50,4,1,4,4,4
9,60,9.917e-06,1,9.917e-06,9.917e-06,9.917e-06,55,1,55,55,55,5,1,5,5,5
9,60,1.0017e-05,1,1.0017e-05,1.0017e-05,1.0017e-05,51,1,51,51,51,4,1,4,4,4
9,60,1.0311e-05,1,1.0311e-05,1.0311e-05,1.0311e-05,54,1,54,54,54,5,1,5,5,5
9,60,9.924e-06,1,9.924e-06,9.924e-06,9.924e-06,57,1,57,57,57,5,1,5,5,5
9,60,9.892e-06,1,9.892e-06,9.892e-06,9.892e-06,54,1,54,54,54,5,1,5,5,5
9,60,1.0053e-05,1,1.0053e-05,1.0053e-05,1.0053e-05,52,1,52,52,52,4,1,4,4,4
9,60,1.0084e-05,1,1.0084e-05,1.0084e-05,1.0084e-05,46,1,46,46,46,4,1,4,4,4
9,60,1.0061e-05,1,1.0061e-05,1.0061e-05,1.0061e-05,54,1,54,54,54,5,1,5,5,5
9,60,9.954e-06,1,9.954e-06,9.954e-06,9.954e-06,48,1,48,48,48,4,1,4,4,4
9,60,9.927e-06,1,9.927e-06,9.927e-06,9.927e-06,49,1,49,49,49,4,1,4,4,4
9,60,9.707e-06,1,9.707e-06,9.707e-06,9.707e-06,53,1,53,53,53,5,1,5,5,5
9,60,9.673e-06,1,9.673e-06,9.673e-06,9.673e-06,51,1,51,51,51,4,1,4,4,4
9,60,1.0141e-05,1,1.0141e-05,1.0141e-05,1.0141e-05,55,1,55,55,55,5,1,5,5,5
9,60,9.985e-06,1,9.985e-06,9.985e-06,9.985e-06,51,1,51,51,51,4,1,4,4,4
9,60,9.648e-06,1,9.648e-06,9.648e-06,9.648e-06,49,1,49,49,49,4,1,4,4,4
9,60,9.911e-06,1,9.911e-06,9.911e-06,9.911e-06,47,1,47,47,47,4,1,4,4,4
9,60,1.0555e-05,1,1.0555e-05,1.0555e-05,1.0555e-05,52,1,52,52,52,5,1,5,5,5
9,60,1.0317e-05,1,1.0317e-05,1.0317e-05,1.0317e-05,50,1,50,50,50,4,1,4,4,4
9,60,9.677e-06,1,9.677e-06,9.677e-06,9.677e-06,46,1,46,46,46,4,1,4,4,4
9,60,9.554e-06,1,9.554e-06,9.554e-06,9.554e-06,46,1,46,46,46,3,1,3,3,3
9,60,1.0399e-05,1,1.0399e-05,1.0399e-05,1.0399e-05,50,1,50,50,50,4,1,4,4,4
9,60,1.0339e-05,1,1.0339e-05,1.0339e-05,1.0339e-05,52,1,52,52,52,5,1,5,5,5
9,60,9.96e-06,1,9.96e-06,9.96e-06,9.96e-06,48,1,48,48,48,4,1,4,4,4
9,60,9.952e-06,1,9.952e-06,9.952e-06,9.952e-06,50,1,50,50,50,4,1,4,4,4
9,60,1.0741e-05,1,1.0741e-05,1.0741e-05,1.0741e-05,51,1,51,51,51,5,1,5,5,5
9,60,1.0353e-05,1,1.0353e-05,1.0353e-05,1.0353e-05,51,1,51,51,51,4,1,4,4,4
9,60,1.0405e-05,1,1.0405e-05,1.0405e-05,1.0405e-05,50,1,50,50,50,4,1,4,4,4
9,60,1.0347e-05,1,1.0347e-05,1.0347e-05,1.0347e-05,56,1,56,56,56,5,1,5,5,5
9,60,1.0629e-05,1,1.0629e-05,1.0629e-05,1.0629e-05,50,1,50,50,50,4,1,4,4,4
9,60,1.0382e-05,1,1.0382e-05,1.0382e-05,1.0382e-05,46,1,46,46,46,3,1,3,3,3
9,60,1.0038e-05,1,1.0038e-05,1.0038e-05,1.0038e-05,48,1,48,48,48,4,1,4,4,4
9,60,1.005e-05,1,1.005e-05,1.005e-05,1.005e-05,54,1,54,54,54,5,1,5,5,5
9,60,9.848e-06,1,9.848e-06,9.848e-06,9.848e-06,53,1,53,53,53,5,1,5,5,5
9,60,9.482e-06,1,9.482e-06,9.482e-06,9.482e-06,46,1,46,46,46,4,1,4,4,4
9,60,9.72e-06,1,9.72e-06,9.72e-06,9.72e-06,49,1,49,49,49,4,1,4,4,4
9,60,1.0122e-05,1,1.0122e-05,1.0122e-05,1.0122e-05,48,1,48,48,48,4,1,4,4,4
9,60,9.703e-06,1,9.703e-06,9.703e-06,9.703e-06,49,1,49,49,49,4,1,4,4,4
9,60,9.789e-06,1,9.789e-06,9.789e-06,9.789e-06,50,1,50,50,50,4,1,4,4,4
9,60,9.673e-06,1,9.673e-06,9.673e-06,9.673e-06,50,1,50,50,50,5,1,5,5,5
9,60,9.931e-06,1,9.931e-06,9.931e-06,9.931e-06,49,1,49,49,49,4,1,4,4,4
9,60,9.868e-06,1,9.868e-06,9.868e-06,9.868e-06,47,1,47,47,47,4,1,4,4,4
9,60,9.805e-06,1,9.805e-06,9.805e-06,9.805e-06,46,1,46,46,46,4,1,4,4,4
9,60,9.954e-06,1,9.954e-06,9.954e-06,9.954e-06,45,1,45,45,45,3,1,3,3,3
9,60,9.861e-06,1,9.861e-06,9.861e-06,9.861e-06,52,1,52,52,52,5,1,5,5,5
9,60,1.0093e-05,1,1.0093e-05,1.0093e-05,1.0093e-05,53,1,53,53,53,5,1,5,5,5
9,60,1.031e-05,1,1.031e-05,1.031e-05,1.031e-05,53,1,53,53,53,5,1,5,5,5
9,60,9.655e-06,1,9.655e-06,9.655e-06,9.655e-06,50,1,50,50,50,4,1,4,4,4
9,60,9.913e-06,1,9.913e-06,9.913e-06,9.913e-06,56,1,56,56,56,5,1,5,5,5
9,60,9.812e-06,1,9.812e-06,9.812e-06,9.812e-06,52,1,52,52,52,5,1,5,5,5
9,60,9.706e-06,1,9.706e-06,9.706e-06,9.706e-06,48,1,48,48,48,4,1,4,4,4
9,60,1.0037e-05,1,1.0037e-05,1.0037e-05,1.0037e-05,49,1,49,49,49,4,1,4,4,4
9,60,1.0153e-05,1,1.0153e-05,1.0153e-05,1.0153e-05,52,1,52,52,52,5,1,5,5,5
9,60,9.906e-06,1,9.906e-06,9.906e-06,9.906e-06,52,1,52,52,52,5,1,5,5,5
9,60,9.733e-06,1,9.733e-06,9.733e-06,9.733e-06,52,1,52,52,52,5,1,5,5,5
9,60,9.91e-06,1,9.91e-06,9.91e-06,9.91e-06,52,1,52,52,52,5,1,5,5,5
9,60,9.813e-06,1,9.813e-06,9.813e-06,9.813e-06,55,1,55,55,55,5,1,5,5,5
9,60,9.724e-06,1,9.724e-06,9.724e-06,9.724e-06,51,1,51,51,51,4,1,4,4,4
9,60,9.611e-06,1,9.611e-06,9.611e-06,9.611e-06,50,1,50,50,50,4,1,4,4,4
9,60,9.568e-06,1,9.568e-06,9.568e-06,9.568e-06,52,1,52,52,52,5,1,5,5,5
9,60,9.505e-06,1,9.505e-06,9.505e-06,9.505e-06,50,1,50,50,50,4,1,4,4,4
9,60,9.67e-06,1,9.67e-06,9.67e-06,9.67e-06,50,1,50,50,50,4,1,4,4,4
9,60,9.709e-06,1,9.709e-06,9.709e-06,9.709e-06,49,1,49,49,49,4,1,4,4,4
9,60,9.563e-06,1,9.563e-06,9.563e-06,9.563e-06,49,1,49,49,49,4,1,4,4,4
9,60,9.602e-06,1,9.602e-06,9.602e-06,9.602e-06,51,1,51,51,51,4,1,4,4,4
9,60,1.0089e-05,1,1.0089e-05,1.0089e-05,1.0089e-05,44,1,44,44,44,3,1,3,3,3
9,60,1.025e-05,1,1.025e-05,1.025e-05,1.025e-05,56,1,56,56,56,5,1,5,5,5
9,60,9.456e-06,1,9.456e-06,9.456e-06,9.456e-06,51,1,51,51,51,4,1,4,4,4
9,60,1.0083e-05,1,1.0083e-05,1.0083e-05,1.0083e-05,52,1,52,52,52,5,1,5,5,5
9,60,9.698e-06,1,9.698e-06,9.698e-06,9.698e-06,50,1,50,50,50,4,1,4,4,4
9,60,9.894e-06,1,9.894e-06,9.894e-06,9.894e-06,52,1,52,52,52,5,1,5,5,5
9,60,9.32e-06,1,9.32e-06,9.32e-06,9.32e-06,48,1,48,48,48,4,1,4,4,4
9,60,9.796e-06,1,9.796e-06,9.796e-06,9.796e-06,49,1,49,49,49,4,1,4,4,4
9,60,9.713e-06,1,9.713e-06,9.713e-06,9.713e-06,55,1,55,55,55,5,1,5,5,5
9,60,9.798e-06,1,9.798e-06,9.798e-06,9.798e-06,52,1,52,52,52,5,1,5,5,5
9,60,9.677e-06,1,9.677e-06,9.677e-06,9.677e-06,48,1,48,48,48,4,1,4,4,4
9,60,9.742e-06,1,9.742e-06,9.742e-06,9.742e-06,49,1,49,49,49,4,1,4,4,4
9,60,9.584e-06,1,9.584e-06,9.584e-06,9.584e-06,45,1,45,45,45,3,1,3,3,3
9,60,9.826e-06,1,9.826e-06,9.826e-06,9.826e-06,52,1,52,52,52,5,1,5,5,5
9,60,9.764e-06,1,9.764e-06,9.764e-06,9.764e-06,50,1,50,50,50,4,1,4,4,4
9,60,9.978e-06,1,9.978e-06,9.978e-06,9.978e-06,50,1,50,50,50,4,1,4,4,4
9,60,1.0837e-05,1,1.0837e-05,1.0837e-05,1.0837e-05,52,1,52,52,52,5,1,5,5,5
9,60,1.09e-05,1,1.09e-05,1.09e-05,1.09e-05,51,1,51,51,51,4,1,4,4,4
9,60,1.0738e-05,1,1.0738e-05,1.0738e-05,1.0738e-05,47,1,47,47,47,4,1,4,4,4
9,60,1.022e-05,1,1.022e-05,1.022e-05,1.022e-05,48,1,48,48,48,4,1,4,4,4
9,60,9.82e-06,1,9.82e-06,9.82e-06,9.82e-06,52,1,52,52,52,5,1,5,5,5
9,60,1.0398e-05,1,1.0398e-05,1.0398e-05,1.0398e-05,50,1,50,50,50,5,1,5,5,5
9,60,1.0404e-05,1,1.0404e-05,1.0404e-05,1.0404e-05,47,1,47,47,47,3,1,3,3,3
9,60,1.0429e-05,1,1.0429e-05,1.0429e-05,1.0429e-05,49,1,49,49,49,4,1,4,4,4
9,60,9.962e-06,1,9.962e-06,9.962e-06,9.962e-06,45,1,45,45,45,4,1,4,4,4
9,60,1.0371e-05,1,1.0371e-05,1.0371e-05,1.0371e-05,48,1,48,48,48,4,1,4,4,4
9,60,1.0749e-05,1,1.0749e-05,1.0749e-05,1.0749e-05,49,1,49,49,49,4,1,4,4,4
9,60,1.0352e-05,1,1.0352e-05,1.0352e-05,1.0352e-05,50,1,50,50,50,4,1,4,4,4
9,60,1.0283e-05,1,1.0283e-05,1.0283e-05,1.0283e-05,45,1,45,45,45,3,1,3,3,3
9,60,1.1038e-05,1,1.1038e-05,1.1038e-05,1.1038e-05,51,1,51,51,51,4,1,4,4,4
9,60,9.981e-06,1,9.981e-06,9.981e-06,9.981e-06,50,1,50,50,50,4,1,4,4,4
9,60,1.0119e-05,1,1.0119e-05,1.0119e-05,1.0119e-05,53,1,53,53,53,5,1,5,5,5
9,60,1.0378e-05,1,1.0378e-05,1.0378e-05,1.0378e-05,48,1,48,48,48,4,1,4,4,4
9,60,1.037e-05,1,1.037e-05,1.037e-05,1.037e-05,52,1,52,52,52,5,1,5,5,5
9,60,1.0443e-05,1,1.0443e-05,1.0443e-05,1.0443e-05,54,1,54,54,54,5,1,5,5,5
9,60,1.0722e-05,1,1.0722e-05,1.0722e-05,1.0722e-05,47,1,47,47,47,4,1,4,4,4
9,60,1.0374e-05,1,1.0374e-05,1.0374e-05,1.0374e-05,48,1,48,48,48,4,1,4,4,4
9,60,1.0407e-05,1,1.0407e-05,1.0407e-05,1.0407e-05,48,1,48,48,48,4,1,4,4,4
9,60,1.0156e-05,1,1.0156e-05,1.0156e-05,1.0156e-05,51,1,51,51,51,4,1,4,4,4
9,60,9.765e-06,1,9.765e-06,9.765e-06,9.765e-06,48,1,48,48,48,4,1,4,4,4
9,60,9.747e-06,1,9.747e-06,9.747e-06,9.747e-06,50,1,50,50,50,4,1,4,4,4
9,60,9.542e-06,1,9.542e-06,9.542e-06,9.542e-06,51,1,51,51,51,4,1,4,4,4
9,60,1.0285e-05,1,1.0285e-05,1.0285e-05,1.0285e-05,52,1,52,52,52,5,1,5,5,5
9,60,1.0094e-05,1,1.0094e-05,1.0094e-05,1.0094e-05,55,1,55,55,55,5,1,5,5,5
9,60,9.997e-06,1,9.997e-06,9.997e-06,9.997e-06,47,1,47,47,47,4,1,4,4,4
9,60,9.905e-06,1,9.905e-06,9.905e-06,9.905e-06,46,1,46,46,46,4,1,4,4,4
9,60,9.665e-06,1,9.665e-06,9.665e-06,9.665e-06,44,1,44,44,44,3,1,3,3,3
9,60,1.0027e-05,1,1.0027e-05,1.0027e-05,1.0027e-05,55,1,55,55,55,5,1,5,5,5
9,60,1.0164e-05,1,1.0164e-05,1.0164e-05,1.0164e-05,56,1,56,56,56,5,1,5,5,5
9,60,1.0156e-05,1,1.0156e-05,1.0156e-05,1.0156e-05,48,1,48,48,48,4,1,4,4,4
9,60,9.765e-06,1,9.765e-06,9.765e-06,9.765e-06,52,1,52,52,52,5,1,5,5,5
9,60,9.98e-06,1,9.98e-06,9.98e-06,9.98e-06,50,1,50,50,50,5,1,5,5,5
9,60,9.965e-06,1,9.965e-06,9.965e-06,9.965e-06,51,1,51,51,51,4,1,4,4,4
9,60,9.995e-06,1,9.995e-06,9.995e-06,9.995e-06,55,1,55,55,55,5,1,5,5,5
9,60,1.0411e-05,1,1.0411e-05,1.0411e-05,1.0411e-05,54,1,54,54,54,4,1,4,4,4
9,60,9.598e-06,1,9.598e-06,9.598e-06,9.598e-06,50,1,50,50,50,4,1,4,4,4
9,60,9.571e-06,1,9.571e-06,9.571e-06,9.571e-06,44,1,44,44,44,3,1,3,3,3
9,60,1.0321e-05,1,1.0321e-05,1.0321e-05,1.0321e-05,47,1,47,47,47,4,1,4,4,4
9,60,1.0097e-05,1,1.0097e-05,1.0097e-05,1.0097e-05,50,1,50,50,50,5,1,5,5,5
9,60,9.745e-06,1,9.745e-06,9.745e-06,9.745e-06,48,1,48,48,48,4,1,4,4,4
9,60,9.635e-06,1,9.635e-06,9.635e-06,9.635e-06,51,1,51,51,51,5,1,5,5,5
9,60,1.0108e-05,1,1.0108e-05,1.0108e-05,1.0108e-05,48,1,48,48,48,4,1,4,4,4
9,60,1.0037e-05,1,1.0037e-05,1.0037e-05,1.0037e-05,51,1,51,51,51,4,1,4,4,4
9,60,1.0032e-05,1,1.0032e-05,1.0032e-05,1.0032e-05,53,1,53,53,53,4,1,4,4,4
9,60,9.742e-06,1,9.742e-06,9.742e-06,9.742e-06,47,1,47,47,47,4,1,4,4,4
9,60,9.518e-06,1,9.518e-06,9.518e-06,9.518e-06,50,1,50,50,50,4,1,4,4,4
9,60,9.69e-06,1,9.69e-06,9.69e-06,9.69e-06,48,1,48,48,48,4,1,4,4,4
9,60,9.993e-06,1,9.993e-06,9.993e-06,9.993e-06,45,1,45,45,45,3,1,3,3,3
9,60,9.844e-06,1,9.844e-06,9.844e-06,9.844e-06,48,1,48,48,48,4,1,4,4,4
9,60,9.652e-06,1,9.652e-06,9.652e-06,9.652e-06,49,1,49,49,49,4,1,4,4,4
9,60,1.0021e-05,1,1.0021e-05,1.0021e-05,1.0021e-05,51,1,51,51,51,5,1,5,5,5
9,60,1.0019e-05,1,1.0019e-05,1.0019e-05,1.0019e-05,51,1,51,51,51,5,1,5,5,5
9,60,9.614e-06,1,9.614e-06,9.614e-06,9.614e-06,53,1,53,53,53,5,1,5,5,5
9,60,9.844e-06,1,9.844e-06,9.844e-06,9.844e-06,47,1,47,47,47,4,1,4,4,4
9,60,9.987e-06,1,9.987e-06,9.987e-06,9.987e-06,50,1,50,50,50,4,1,4,4,4
9,60,1.0267e-05,1,1.0267e-05,1.0267e-05,1.0267e-05,53,1,53,53,53,5,1,5,5,5
9,60,1.0208e-05,1,1.0208e-05,1.0208e-05,1.0208e-05,49,1,49,49,49,4,1,4,4,4
9,60,1.0502e-05,1,1.0502e-05,1.0502e-05,1.0502e-05,52,1,52,52,52,5,1,5,5,5
9,60,1.0106e-05,1,1.0106e-05,1.0106e-05,1.0106e-05,47,1,47,47,47,4,1,4,4,4
9,60,1.0696e-05,1,1.0696e-05,1.0696e-05,1.0696e-05,51,1,51,51,51,5,1,5,5,5
9,60,1.0576e-05,1,1.0576e-05,1.0576e-05,1.0576e-05,56,1,56,56,56,5,1,5,5,5
9,60,1.0908e-05,1,1.0908e-05,1.0908e-05,1.0908e-05,55,1,55,55,55,5,1,5,5,5
9,60,1.0251e-05,1,1.0251e-05,1.0251e-05,1.0251e-05,53,1,53,53,53,5,1,5,5,5
9,60,1.0562e-05,1,1.0562e-05,1.0562e-05,1.0562e-05,48,1,48,48,48,4,1,4,4,4
9,60,1.0081e-05,1,1.0081e-05,1.0081e-05,1.0081e-05,50,1,50,50,50,4,1,4,4,4
9,60,1.0402e-05,1,1.0402e-05,1.0402e-05,1.0402e-05,50,1,50,50,50,5,1,5,5,5
9,60,1.07e-05,1,1.07e-05,1.07e-05,1.07e-05,49,1,49,49,49,4,1,4,4,4
9,60,1.0048e-05,1,1.0048e-05,1.0048e-05,1.0048e-05,49,1,49,49,49,4,1,4,4,4
9,60,9.991e-06,1,9.991e-06,9.991e-06,9.991e-06,50,1,50,50,50,4,1,4,4,4
9,60,9.632e-06,1,9.632e-06,9.632e-06,9.632e-06,44,1,44,44,44,3,1,3,3,3
9,60,1.0178e-05,1,1.0178e-05,1.0178e-05,1.0178e-05,52,1,52,52,52,5,1,5,5,5
9,60,9.5e-06,1,9.5e-06,9.5e-06,9.5e-06,50,1,50,50,50,4,1,4,4,4
9,60,9.622e-06,1,9.622e-06,9.622e-06,9.622e-06,52,1,52,52,52,5,1,5,5,5
9,60,9.685e-06,1,9.685e-06,9.685e-06,9.685e-06,48,1,48,48,48,4,1,4,4,4
9,60,9.91e-06,1,9.91e-06,9.91e-06,9.91e-06,55,1,55,55,55,5,1,5,5,5
9,60,9.912e-06,1,9.912e-06,9.912e-06,9.912e-06,50,1,50,50,50,4,1,4,4,4
9,60,9.58e-06,1,9.58e-06,9.58e-06,9.58e-06,52,1,52,52,52,5,1,5,5,5
9,60,1.0066e-05,1,1.0066e-05,1.0066e-05,1.0066e-05,53,1,53,53,53,5,1,5,5,5
9,60,1.0071e-05,1,1.0071e-05,1.0071e-05,1.0071e-05,52,1,52,52,52,5,1,5,5,5
9,60,1.0283e-05,1,1.0283e-05,1.0283e-05,1.0283e-05,54,1,54,54,54,5,1,5,5,5
9,60,9.831e-06,1,9.831e-06,9.831e-06,9.831e-06,52,1,52,52,52,5,1,5,5,5
9,60,9.85e-06,1,9.85e-06,9.85e-06,9.85e-06,54,1,54,54,54,4,1,4,4,4
9,60,9.639e-06,1,9.639e-06,9.639e-06,9.639e-06,50,1,50,50,50,4,1,4,4,4
9,60,1.0056e-05,1,1.0056e-05,1.0056e-05,1.0056e-05,50,1,50,50,50,4,1,4,4,4
9,60,9.825e-06,1,9.825e-06,9.825e-06,9.825e-06,48,1,48,48,48,5,1,5,5,5
9,60,9.73e-06,1,9.73e-06,9.73e-06,9.73e-06,53,1,53,53,53,4,1,4,4,4
9,60,1.019e-05,1,1.019e-05,1.019e-05,1.019e-05,53,1,53,53,53,5,1,5,5,5
9,60,9.601e-06,1,9.601e-06,9.601e-06,9.601e-06,49,1,49,49,49,4,1,4,4,4
9,60,9.667e-06,1,9.667e-06,9.667e-06,9.667e-06,45,1,45,45,45,3,1,3,3,3
9,60,9.771e-06,1,9.771e-06,9.771e-06,9.771e-06,49,1,49,49,49,4,1,4,4,4
9,60,9.955e-06,1,9.955e-06,9.955e-06,9.955e-06,45,1,45,45,45,3,1,3,3,3
9,60,1.0293e-05,1,1.0293e-05,1.0293e-05,1.0293e-05,52,1,52,52,52,5,1,5,5,5
9,60,9.67e-06,1,9.67e-06,9.67e-06,9.67e-06,53,1,53,53,53,5,1,5,5,5
9,60,1e-05,1,1e-05,1e-05,1e-05,51,1,51,51,51,5,1,5,5,5
9,60,1.0083e-05,1,1.0083e-05,1.0083e-05,1.0083e-05,62,1,62,62,62,6,1,6,6,6
9,60,9.784e-06,1,9.784e-06,9.784e-06,9.784e-06,55,1,55,55,55,5,1,5,5,5
9,60,9.607e-06,1,9.607e-06,9.607e-06,9.607e-06,50,1,50,50,50,4,1,4,4,4
9,60,9.745e-06,1,9.745e-06,9.745e-06,9.745e-06,51,1,51,51,51,4,1,4,4,4
9,60,9.699e-06,1,9.699e-06,9.699e-06,9.699e-06,47,1,47,47,47,4,1,4,4,4
9,60,1.0152e-05,1,1.0152e-05,1.0152e-05,1.0152e-05,54,1,54,54,54,5,1,5,5,5
9,60,9.614e-06,1,9.614e-06,9.614e-06,9.614e-06,48,1,48,48,48,4,1,4,4,4
9,60,9.498e-06,1,9.498e-06,9.498e-06,9.498e-06,49,1,49,49,49,4,1,4,4,4
9,60,9.958e-06,1,9.958e-06,9.958e-06,9.958e-06,52,1,52,52,52,5,1,5,5,5
9,60,9.755e-06,1,9.755e-06,9.755e-06,9.755e-06,50,1,50,50,50,4,1,4,4,4
9,60,9.866e-06,1,9.866e-06,9.866e-06,9.866e-06,53,1,53,53,53,4,1,4,4,4
9,60,2.7058e-05,1,2.7058e-05,2.7058e-05,2.7058e-05,50,1,50,50,50,4,1,4,4,4
9,60,1.0322e-05,1,1.0322e-05,1.0322e-05,1.0322e-05,48,1,48,48,48,4,1,4,4,4
9,60,1.0429e-05,1,1.0429e-05,1.0429e-05,1.0429e-05,48,1,48,48,48,4,1,4,4,4
9,60,1.029e-05,1,1.029e-05,1.029e-05,1.029e-05,48,1,48,48,48,4,1,4,4,4
9,60,1.0055e-05,1,1.0055e-05,1.0055e-05,1.0055e-05,48,1,48,48,48,4,1,4,4,4
9,60,1.0571e-05,1,1.0571e-05,1.0571e-05,1.0571e-05,50,1,50,50,50,4,1,4,4,4
9,60,1.0196e-05,1,1.0196e-05,1.0196e-05,1.0196e-05,54,1,54,54,54,5,1,5,5,5
9,60,1.0302e-05,1,1.0302e-05,1.0302e-05,1.0302e-05,45,1,45,45,45,4,1,4,4,4
9,60,1.0162e-05,1,1.0162e-05,1.0162e-05,1.0162e-05,52,1,52,52,52,5,1,5,5,5
9,60,1.0171e-05,1,1.0171e-05,1.0171e-05,1.0171e-05,48,1,48,48,48,4,1,4,4,4
9,60,1.0484e-05,1,1.0484e-05,1.0484e-05,1.0484e-05,46,1,46,46,46,4,1,4,4,4
9,60,1.0286e-05,1,1.0286e-05,1.0286e-05,1.0286e-05,47,1,47,47,47,4,1,4,4,4
9,60,1.0231e-05,1,1.0231e-05,1.0231e-05,1.0231e-05,49,1,49,49,49,4,1,4,4,4
9,60,1.0176e-05,1,1.0176e-05,1.0176e-05,1.0176e-05,52,1,52,52,52,5,1,5,5,5
9,60,9.868e-06,1,9.868e-06,9.868e-06,9.868e-06,53,1,53,53,53,5,1,5,5,5
9,60,1.0056e-05,1,1.0056e-05,1.0056e-05,1.0056e-05,54,1,54,54,54,5,1,5,5,5
9,60,9.408e-06,1,9.408e-06,9.408e-06,9.408e-06,45,1,45,45,45,3,1,3,3,3
9,60,1.0004e-05,1,1.0004e-05,1.0004e-05,1.0004e-05,51,1,51,51,51,4,1,4,4,4
9,60,9.896e-06,1,9.896e-06,9.896e-06,9.896e-06,48,1,48,48,48,4,1,4,4,4
9,60,9.834e-06,1,9.834e-06,9.834e-06,9.834e-06,50,1,50,50,50,4,1,4,4,4
9,60,1.0063e-05,1,1.0063e-05,1.0063e-05,1.0063e-05,55,1,55,55,55,5,1,5,5,5
9,60,9.594e-06,1,9.594e-06,9.594e-06,9.594e-06,49,1,49,49,49,4,1,4,4,4
9,60,9.278e-06,1,9.278e-06,9.278e-06,9.278e-06,48,1,48,48,48,4,1,4,4,4
9,60,9.695e-06,1,9.695e-06,9.695e-06,9.695e-06,48,1,48,48,48,4,1,4,4,4
9,60,9.822e-06,1,9.822e-06,9.822e-06,9.822e-06,53,1,53,53,53,4,1,4,4,4
9,60,9.731e-06,1,9.731e-06,9.731e-06,9.731e-06,49,1,49,49,49,4,1,4,4,4
9,60,9.838e-06,1,9.838e-06,9.838e-06,9.838e-06,52,1,52,52,52,5,1,5,5,5
9,60,9.76e-06,1,9.76e-06,9.76e-06,9.76e-06,53,1,53,53,53,5,1,5,5,5
9,60,9.825e-06,1,9.825e-06,9.825e-06,9.825e-06,48,1,48,48,48,4,1,4,4,4
9,60,1.0003e-05,1,1.0003e-05,1.0003e-05,1.0003e-05,50,1,50,50,50,4,1,4,4,4
9,60,9.358e-06,1,9.358e-06,9.358e-06,9.358e-06,48,1,48,48,48,4,1,4,4,4
9,60,1.0111e-05,1,1.0111e-05,1.0111e-05,1.0111e-05,53,1,53,53,53,5,1,5,5,5
9,60,1.0111e-05,1,1.0111e-05,1.0111e-05,1.0111e-05,48,1,48,48,48,4,1,4,4,4
9,60,1.0081e-05,1,1.0081e-05,1.0081e-05,1.0081e-05,56,1,56,56,56,5,1,5,5,5
9,60,1.0098e-05,1,1.0098e-05,1.0098e-05,1.0098e-05,54,1,54,54,54,5,1,5,5,5
9,60,1.0001e-05,1,1.0001e-05,1.0001e-05,1.0001e-05,48,1,48,48,48,4,1,4,4,4
9,60,1.0105e-05,1,1.0105e-05,1.0105e-05,1.0105e-05,52,1,52,52,52,5,1,5,5,5
9,60,9.528e-06,1,9.528e-06,9.528e-06,9.528e-06,48,1,48,48,48,4,1,4,4,4
9,60,1.0022e-05,1,1.0022e-05,1.0022e-05,1.0022e-05,45,1,45,45,45,3,1,3,3,3
9,60,9.635e-06,1,9.635e-06,9.635e-06,9.635e-06,50,1,50,50,50,4,1,4,4,4
9,60,9.869e-06,1,9.869e-06,9.869e-06,9.869e-06,49,1,49,49,49,4,1,4,4,4
9,60,9.77e-06,1,9.77e-06,9.77e-06,9.77e-06,49,1,49,49,49,4,1,4,4,4
9,60,1.2989e-05,1,1.2989e-05,1.2989e-05,1.2989e-05,54,1,54,54,54,5,1,5,5,5
9,60,9.764e-06,1,9.764e-06,9.764e-06,9.764e-06,52,1,52,52,52,5,1,5,5,5
9,60,9.765e-06,1,9.765e-06,9.765e-06,9.765e-06,48,1,48,48,48,4,1,4,4,4
9,60,1.0053e-05,1,1.0053e-05,1.0053e-05,1.0053e-05,49,1,49,49,49,4,1,4,4,4
9,60,9.691e-06,1,9.691e-06,9.691e-06,9.691e-06,48,1,48,48,48,4,1,4,4,4
9,60,9.723e-06,1,9.723e-06,9.723e-06,9.723e-06,47,1,47,47,47,4,1,4,4,4
9,60,9.567e-06,1,9.567e-06,9.567e-06,9.567e-06,47,1,47,47,47,4,1,4,4,4
9,60,1.0039e-05,1,1.0039e-05,1.0039e-05,1.0039e-05,45,1,45,45,45,3,1,3,3,3
9,60,1.0574e-05,1,1.0574e-05,1.0574e-05,1.0574e-05,50,1,50,50,50,4,1,4,4,4
9,60,1.0589e-05,1,1.0589e-05,1.0589e-05,1.0589e-05,50,1,50,50,50,4,1,4,4,4
9,60,1.0456e-05,1,1.0456e-05,1.0456e-05,1.0456e-05,53,1,53,53,53,5,1,5,5,5
9,60,1.0465e-05,1,1.0465e-05,1.0465e-05,1.0465e-05,44,1,44,44,44,3,1,3,3,3
9,60,1.0127e-05,1,1.0127e-05,1.0127e-05,1.0127e-05,45,1,45,45,45,3,1,3,3,3
9,60,1.0107e-05,1,1.0107e-05,1.0107e-05,1.0107e-05,47,1,47,47,47,4,1,4,4,4
9,60,1.0607e-05,1,1.0607e-05,1.0607e-05,1.0607e-05,51,1,51,51,51,4,1,4,4,4
9,60,1.0794e-05,1,1.0794e-05,1.0794e-05,1.0794e-05,48,1,48,48,48,4,1,4,4,4
9,60,1.0151e-05,1,1.0151e-05,1.0151e-05,1.0151e-05,49,1,49,49,49,4,1,4,4,4
9,60,1.0411e-05,1,1.0411e-05,1.0411e-05,1.0411e-05,50,1,50,50,50,5,1,5,5,5
9,60,9.978e-06,1,9.978e-06,9.978e-06,9.978e-06,49,1,49,49,49,5,1,5,5,5
9,60,9.871e-06,1,9.871e-06,9.871e-06,9.871e-06,46,1,46,46,46,4,1,4,4,4
9,60,1.0013e-05,1,1.0013e-05,1.0013e-05,1.0013e-05,56,1,56,56,56,5,1,5,5,5
9,60,9.385e-06,1,9.385e-06,9.385e-06,9.385e-06,45,1,45,45,45,3,1,3,3,3
9,60,9.922e-06,1,9.922e-06,9.922e-06,9.922e-06,45,1,45,45,45,3,1,3,3,3
9,60,9.701e-06,1,9.701e-06,9.701e-06,9.701e-06,50,1,50,50,50,5,1,5,5,5
9,60,1.0076e-05,1,1.0076e-05,1.0076e-05,1.0076e-05,47,1,47,47,47,3,1,3,3,3
9,60,1.0139e-05,1,1.0139e-05,1.0139e-05,1.0139e-05,51,1,51,51,51,4,1,4,4,4
9,60,9.641e-06,1,9.641e-06,9.641e-06,9.641e-06,49,1,49,49,49,5,1,5,5,5
9,60,1.0291e-05,1,1.0291e-05,1.0291e-05,1.0291e-05,48,1,48,48,48,4,1,4,4,4
9,60,9.994e-06,1,9.994e-06,9.994e-06,9.994e-06,55,1,55,55,55,5,1,5,5,5
9,60,9.793e-06,1,9.793e-06,9.793e-06,9.793e-06,50,1,50,50,50,4,1,4,4,4
9,60,1.0058e-05,1,1.0058e-05,1.0058e-05,1.0058e-05,48,1,48,48,48,4,1,4,4,4
9,60,9.979e-06,1,9.979e-06,9.979e-06,9.979e-06,52,1,52,52,52,4,1,4,4,4
9,60,9.57e-06,1,9.57e-06,9.57e-06,9.57e-06,52,1,52,52,52,4,1,4,4,4
9,60,9.798e-06,1,9.798e-06,9.798e-06,9.798e-06,48,1,48,48,48,4,1,4,4,4
9,60,1.0193e-05,1,1.0193e-05,1.0193e-05,1.0193e-05,52,1,52,52,52,5,1,5,5,5
9,60,9.651e-06,1,9.651e-06,9.651e-06,9.651e-06,44,1,44,44,44,3,1,3,3,3
9,60,1.0161e-05,1,1.0161e-05,1.0161e-05,1.0161e-05,52,1,52,52,52,5,1,5,5,5
9,60,9.874e-06,1,9.874e-06,9.874e-06,9.874e-06,50,1,50,50,50,4,1,4,4,4
9,60,9.823e-06,1,9.823e-06,9.823e-06,9.823e-06,49,1,49,49,49,4,1,4,4,4
9,60,9.845e-06,1,9.845e-06,9.845e-06,9.845e-06,50,1,50,50,50,4,1,4,4,4
9,60,9.942e-06,1,9.942e-06,9.942e-06,9.942e-06,49,1,49,49,49,4,1,4,4,4
9,60,1.0126e-05,1,1.0126e-05,1.0126e-05,1.0126e-05,56,1,56,56,56,5,1,5,5,5
9,60,1.0173e-05,1,1.0173e-05,1.0173e-05,1.0173e-05,49,1,49,49,49,4,1,4,4,4
9,60,9.992e-06,1,9.992e-06,9.992e-06,9.992e-06,47,1,47,47,47,3,1,3,3,3
9,60,9.935e-06,1,9.935e-06,9.935e-06,9.935e-06,52,1,52,52,52,5,1,5,5,5
9,60,9.828e-06,1,9.828e-06,9.828e-06,9.828e-06,52,1,52,52,52,5,1,5,5,5
9,60,9.944e-06,1,9.944e-06,9.944e-06,9.944e-06,52,1,52,52,52,5,1,5,5,5
9,60,9.945e-06,1,9.945e-06,9.945e-06,9.945e-06,50,1,50,50,50,4,1,4,4,4
9,60,1.0227e-05,1,1.0227e-05,1.0227e-05,1.0227e-05,51,1,51,51,51,5,1,5,5,5
9,60,9.601e-06,1,9.601e-06,9.601e-06,9.601e-06,46,1,46,46,46,4,1,4,4,4
9,60,9.732e-06,1,9.732e-06,9.732e-06,9.732e-06,45,1,45,45,45,3,1,3,3,3
9,60,1.0487e-05,1,1.0487e-05,1.0487e-05,1.0487e-05,57,1,57,57,57,6,1,6,6,6
9,60,9.46e-06,1,9.46e-06,9.46e-06,9.46e-06,45,1,45,45,45,3,1,3,3,3
9,60,9.409e-06,1,9.409e-06,9.409e-06,9.409e-06,52,1,52,52,52,5,1,5,5,5
9,60,1.0005e-05,1,1.0005e-05,1.0005e-05,1.0005e-05,49,1,49,49,49,4,1,4,4,4
9,60,9.709e-06,1,9.709e-06,9.709e-06,9.709e-06,53,1,53,53,53,4,1,4,4,4
9,60,9.751e-06,1,9.751e-06,9.751e-06,9.751e-06,52,1,52,52,52,5,1,5,5,5
9,60,9.752e-06,1,9.752e-06,9.752e-06,9.752e-06,46,1,46,46,46,4,1,4,4,4
9,60,1.0015e-05,1,1.0015e-05,1.0015e-05,1.0015e-05,52,1,52,52,52,5,1,5,5,5
9,60,1.0162e-05,1,1.0162e-05,1.0162e-05,1.0162e-05,52,1,52,52,52,5,1,5,5,5
9,60,9.609e-06,1,9.609e-06,9.609e-06,9.609e-06,48,1,48,48,48,4,1,4,4,4
9,60,1.0137e-05,1,1.0137e-05,1.0137e-05,1.0137e-05,48,1,48,48,48,4,1,4,4,4
9,60,9.746e-06,1,9.746e-06,9.746e-06,9.746e-06,47,1,47,47,47,4,1,4,4,4
9,60,9.827e-06,1,9.827e-06,9.827e-06,9.827e-06,54,1,54,54,54,4,1,4,4,4
9,60,9.85e-06,1,9.85e-06,9.85e-06,9.85e-06,54,1,54,54,54,6,1,6,6,6
9,60,1.0362e-05,1,1.0362e-05,1.0362e-05,1.0362e-05,52,1,52,52,52,4,1,4,4,4
9,60,9.331e-06,1,9.331e-06,9.331e-06,9.331e-06,48,1,48,48,48,4,1,4,4,4
9,60,9.597e-06,1,9.597e-06,9.597e-06,9.597e-06,50,1,50,50,50,4,1,4,4,4
9,60,9.408e-06,1,9.408e-06,9.408e-06,9.408e-06,50,1,50,50,50,4,1,4,4,4
9,60,1.0524e-05,1,1.0524e-05,1.0524e-05,1.0524e-05,52,1,52,52,52,5,1,5,5,5
9,60,1.0236e-05,1,1.0236e-05,1.0236e-05,1.0236e-05,43,1,43,43,43,3,1,3,3,3
9,60,1.0406e-05,1,1.0406e-05,1.0406e-05,1.0406e-05,48,1,48,48,48,4,1,4,4,4
9,60,1.0838e-05,1,1.0838e-05,1.0838e-05,1.0838e-05,53,1,53,53,53,5,1,5,5,5
9,60,1.015e-05,1,1.015e-05,1.015e-05,1.015e-05,47,1,47,47,47,4,1,4,4,4
9,60,1.0494e-05,1,1.0494e-05,1.0494e-05,1.0494e-05,49,1,49,49,49,4,1,4,4,4
9,60,1.0843e-05,1,1.0843e-05,1.0843e-05,1.0843e-05,47,1,47,47,47,4,1,4,4,4
9,60,1.0529e-05,1,1.0529e-05,1.0529e-05,1.0529e-05,53,1,53,53,53,5,1,5,5,5
9,60,1.0596e-05,1,1.0596e-05,1.0596e-05,1.0596e-05,50,1,50,50,50,4,1,4,4,4
9,60,1.0399e-05,1,1.0399e-05,1.0399e-05,1.0399e-05,52,1,52,52,52,5,1,5,5,5
9,60,1.0248e-05,1,1.0248e-05,1.0248e-05,1.0248e-05,51,1,51,51,51,4,1,4,4,4
9,60,1.0072e-05,1,1.0072e-05,1.0072e-05,1.0072e-05,50,1,50,50,50,5,1,5,5,5
9,60,1.044e-05,1,1.044e-05,1.044e-05,1.044e-05,45,1,45,45,45,3,1,3,3,3
9,60,1.0087e-05,1,1.0087e-05,1.0087e-05,1.0087e-05,50,1,50,50,50,4,1,4,4,4
9,60,1.0383e-05,1,1.0383e-05,1.0383e-05,1.0383e-05,50,1,50,50,50,4,1,4,4,4
9,60,9.947e-06,1,9.947e-06,9.947e-06,9.947e-06,50,1,50,50,50,4,1,4,4,4
9,60,9.566e-06,1,9.566e-06,9.566e-06,9.566e-06,50,1,50,50,50,4,1,4,4,4
9,60,1.0029e-05,1,1.0029e-05,1.0029e-05,1.0029e-05,49,1,49,49,49,4,1,4,4,4
9,60,9.867e-06,1,9.867e-06,9.867e-06,9.867e-06,48,1,48,48,48,4,1,4,4,4
9,60,1.0137e-05,1,1.0137e-05,1.0137e-05,1.0137e-05,51,1,51,51,51,4,1,4,4,4
9,60,1.0018e-05,1,1.0018e-05,1.0018e-05,1.0018e-05,55,1,55,55,55,5,1,5,5,5
9,60,9.959e-06,1,9.959e-06,9.959e-06,9.959e-06,56,1,56,56,56,5,1,5,5,5
9,60,1.0002e-05,1,1.0002e-05,1.0002e-05,1.0002e-05,53,1,53,53,53,5,1,5,5,5
9,60,9.802e-06,1,9.802e-06,9.802e-06,9.802e-06,51,1,51,51,51,4,1,4,4,4
9,60,9.871e-06,1,9.871e-06,9.871e-06,9.871e-06,48,1,48,48,48,4,1,4,4,4
9,60,9.854e-06,1,9.854e-06,9.854e-06,9.854e-06,49,1,49,49,49,4,1,4,4,4
9,60,1.0021e-05,1,1.0021e-05,1.0021e-05,1.0021e-05,51,1,51,51,51,4,1,4,4,4
9,60,9.951e-06,1,9.951e-06,9.951e-06,9.951e-06,55,1,55,55,55,5,1,5,5,5
9,60,9.949e-06,1,9.949e-06,9.949e-06,9.949e-06,45,1,45,45,45,3,1,3,3,3
9,60,9.56e-06,1,9.56e-06,9.56e-06,9.56e-06,50,1,50,50,50,4,1,4,4,4
9,60,9.653e-06,1,9.653e-06,9.653e-06,9.653e-06,53,1,53,53,53,5,1,5,5,5
9,60,1.0048e-05,1,1.0048e-05,1.0048e-05,1.0048e-05,50,1,50,50,50,4,1,4,4,4
9,60,9.717e-06,1,9.717e-06,9.717e-06,9.717e-06,48,1,48,48,48,4,1,4,4,4
9,60,9.367e-06,1,9.367e-06,9.367e-06,9.367e-06,49,1,49,49,49,4,1,4,4,4
9,60,1.0192e-05,1,1.0192e-05,1.0192e-05,1.0192e-05,51,1,51,51,51,4,1,4,4,4
9,60,9.981e-06,1,9.981e-06,9.981e-06,9.981e-06,49,1,49,49,49,4,1,4,4,4
9,60,1.0551e-05,1,1.0551e-05,1.0551e-05,1.0551e-05,54,1,54,54,54,5,1,5,5,5
9,60,9.477e-06,1,9.477e-06,9.477e-06,9.477e-06,47,1,47,47,47,4,1,4,4,4
9,60,9.496e-06,1,9.496e-06,9.496e-06,9.496e-06,48,1,48,48,48,4,1,4,4,4
9,60,1.0262e-05,1,1.0262e-05,1.0262e-05,1.0262e-05,54,1,54,54,54,5,1,5,5,5
9,60,1.0357e-05,1,1.0357e-05,1.0357e-05,1.0357e-05,52,1,52,52,52,5,1,5,5,5
9,60,1.0037e-05,1,1.0037e-05,1.0037e-05,1.0037e-05,54,1,54,54,54,5,1,5,5,5
9,60,1.0094e-05,1,1.0094e-05,1.0094e-05,1.0094e-05,45,1,45,45,45,3,1,3,3,3
9,60,1.0664e-05,1,1.0664e-05,1.0664e-05,1.0664e-05,50,1,50,50,50,4,1,4,4,4
9,60,1.0585e-05,1,1.0585e-05,1.0585e-05,1.0585e-05,50,1,50,50,50,4,1,4,4,4
9,60,1.0163e-05,1,1.0163e-05,1.0163e-05,1.0163e-05,48,1,48,48,48,4,1,4,4,4
9,60,1.0474e-05,1,1.0474e-05,1.0474e-05,1.0474e-05,50,1,50,50,50,4,1,4,4,4
9,60,1.0715e-05,1,1.0715e-05,1.0715e-05,1.0715e-05,54,1,54,54,54,5,1,5,5,5
9,60,1.037e-05,1,1.037e-05,1.037e-05,1.037e-05,56,1,56,56,56,5,1,5,5,5
9,60,1.0145e-05,1,1.0145e-05,1.0145e-05,1.0145e-05,56,1,56,56,56,5,1,5,5,5
9,60,1.0383e-05,1,1.0383e-05,1.0383e-05,1.0383e-05,52,1,52,52,52,5,1,5,5,5
9,60,1.0083e-05,1,1.0083e-05,1.0083e-05,1.0083e-05,50,1,50,50,50,4,1,4,4,4
9,60,9.804e-06,1,9.804e-06,9.804e-06,9.804e-06,51,1,51,51,51,4,1,4,4,4
9,60,9.476e-06,1,9.476e-06,9.476e-06,9.476e-06,46,1,46,46,46,4,1,4,4,4
9,60,1.0062e-05,1,1.0062e-05,1.0062e-05,1.0062e-05,49,1,49,49,49,4,1,4,4,4
9,60,9.815e-06,1,9.815e-06,9.815e-06,9.815e-06,55,1,55,55,55,5,1,5,5,5
9,60,1.0141e-05,1,1.0141e-05,1.0141e-05,1.0141e-05,55,1,55,55,55,5,1,5,5,5
9,60,9.957e-06,1,9.957e-06,9.957e-06,9.957e-06,47,1,47,47,47,4,1,4,4,4
9,60,9.949e-06,1,9.949e-06,9.949e-06,9.949e-06,52,1,52,52,52,5,1,5,5,5
9,60,9.946e-06,1,9.946e-06,9.946e-06,9.946e-06,50,1,50,50,50,4,1,4,4,4
9,60,1.0246e-05,1,1.0246e-05,1.0246e-05,1.0246e-05,54,1,54,54,54,5,1,5,5,5
9,60,9.788e-06,1,9.788e-06,9.788e-06,9.788e-06,53,1,53,53,53,4,1,4,4,4
9,60,9.902e-06,1,9.902e-06,9.902e-06,9.902e-06,52,1,52,52,52,5,1,5,5,5
9,60,9.592e-06,1,9.592e-06,9.592e-06,9.592e-06,52,1,52,52,52,5,1,5,5,5
9,60,9.619e-06,1,9.619e-06,9.619e-06,9.619e-06,51,1,51,51,51,5,1,5,5,5
9,60,9.744e-06,1,9.744e-06,9.744e-06,9.744e-06,47,1,47,47,47,4,1,4,4,4
9,60,9.875e-06,1,9.875e-06,9.875e-06,9.875e-06,48,1,48,48,48,4,1,4,4,4
9,60,9.445e-06,1,9.445e-06,9.445e-06,9.445e-06,46,1,46,46,46,4,1,4,4,4
9,60,9.942e-06,1,9.942e-06,9.942e-06,9.942e-06,50,1,50,50,50,4,1,4,4,4
9,60,9.808e-06,1,9.808e-06,9.808e-06,9.808e-06,48,1,48,48,48,4,1,4,4,4
9,60,9.765e-06,1,9.765e-06,9.765e-06,9.765e-06,50,1,50,50,50,4,1,4,4,4
9,60,1.0797e-05,1,1.0797e-05,1.0797e-05,1.0797e-05,48,1,48,48,48,4,1,4,4,4
9,60,1.0807e-05,1,1.0807e-05,1.0807e-05,1.0807e-05,52,1,52,52,52,5,1,5,5,5
9,60,1.3813e-05,1,1.3813e-05,1.3813e-05,1.3813e-05,58,1,58,58,58,6,1,6,6,6
9,60,1.0226e-05,1,1.0226e-05,1.0226e-05,1.0226e-05,51,1,51,51,51,4,1,4,4,4
9,60,1.0417e-05,1,1.0417e-05,1.0417e-05,1.0417e-05,49,1,49,49,49,4,1,4,4,4
9,60,1.0409e-05,1,1.0409e-05,1.0409e-05,1.0409e-05,51,1,51,51,51,5,1,5,5,5
9,60,1.0285e-05,1,1.0285e-05,1.0285e-05,1.0285e-05,52,1,52,52,52,5,1,5,5,5
9,60,1.0565e-05,1,1.0565e-05,1.0565e-05,1.0565e-05,54,1,54,54,54,5,1,5,5,5
9,60,1.05e-05,1,1.05e-05,1.05e-05,1.05e-05,58,1,58,58,58,6,1,6,6,6
9,60,1.0075e-05,1,1.0075e-05,1.0075e-05,1.0075e-05,48,1,48,48,48,4,1,4,4,4
9,60,1.0324e-05,1,1.0324e-05,1.0324e-05,1.0324e-05,45,1,45,45,45,3,1,3,3,3
9,60,1.029e-05,1,1.029e-05,1.029e-05,1.029e-05,47,1,47,47,47,4,1,4,4,4
9,60,1.0626e-05,1,1.0626e-05,1.0626e-05,1.0626e-05,48,1,48,48,48,4,1,4,4,4
9,60,1.0109e-05,1,1.0109e-05,1.0109e-05,1.0109e-05,51,1,51,51,51,4,1,4,4,4
9,60,9.791e-06,1,9.791e-06,9.791e-06,9.791e-06,55,1,55,55,55,5,1,5,5,5
9,60,9.525e-06,1,9.525e-06,9.525e-06,9.525e-06,55,1,55,55,55,5,1,5,5,5
9,60,9.997e-06,1,9.997e-06,9.997e-06,9.997e-06,56,1,56,56,56,5,1,5,5,5
9,60,9.52e-06,1,9.52e-06,9.52e-06,9.52e-06,48,1,48,48,48,4,1,4,4,4
9,60,9.968e-06,1,9.968e-06,9.968e-06,9.968e-06,51,1,51,51,51,4,1,4,4,4
9,60,1.0015e-05,1,1.0015e-05,1.0015e-05,1.0015e-05,51,1,51,51,51,4,1,4,4,4
9,60,1.04e-05,1,1.04e-05,1.04e-05,1.04e-05,55,1,55,55,55,5,1,5,5,5
9,60,1.0067e-05,1,1.0067e-05,1.0067e-05,1.0067e-05,49,1,49,49,49,4,1,4,4,4
9,60,1.6159e-05,1,1.6159e-05,1.6159e-05,1.6159e-05,56,1,56,56,56,5,1,5,5,5
9,60,1.044e-05,1,1.044e-05,1.044e-05,1.044e-05,51,1,51,51,51,4,1,4,4,4
9,60,9.664e-06,1,9.664e-06,9.664e-06,9.664e-06,45,1,45,45,45,3,1,3,3,3
9,60,1.0704e-05,1,1.0704e-05,1.0704e-05,1.0704e-05,51,1,51,51,51,5,1,5,5,5
9,60,1.1756e-05,1,1.1756e-05,1.1756e-05,1.1756e-05,48,1,48,48,48,4,1,4,4,4
9,60,1.2975e-05,1,1.2975e-05,1.2975e-05,1.2975e-05,52,1,52,52,52,5,1,5,5,5
9,60,1.0414e-05,1,1.0414e-05,1.0414e-05,1.0414e-05,50,1,50,50,50,4,1,4,4,4
9,60,1.3034e-05,1,1.3034e-05,1.3034e-05,1.3034e-05,47,1,47,47,47,3,1,3,3,3
9,60,1.0699e-05,1,1.0699e-05,1.0699e-05,1.0699e-05,50,1,50,50,50,4,1,4,4,4
9,60,1.3629e-05,1,1.3629e-05,1.3629e-05,1.3629e-05,48,1,48,48,48,4,1,4,4,4
9,60,1.0456e-05,1,1.0456e-05,1.0456e-05,1.0456e-05,52,1,52,52,52,5,1,5,5,5
9,60,1.0821e-05,1,1.0821e-05,1.0821e-05,1.0821e-05,55,1,55,55,55,6,1,6,6,6
9,60,1.0689e-05,1,1.0689e-05,1.0689e-05,1.0689e-05,52,1,52,52,52,5,1,5,5,5
9,60,1.0573e-05,1,1.0573e-05,1.0573e-05,1.0573e-05,52,1,52,52,52,5,1,5,5,5
9,60,1.0574e-05,1,1.0574e-05,1.0574e-05,1.0574e-05,49,1,49,49,49,4,1,4,4,4
9,60,1.0309e-05,1,1.0309e-05,1.0309e-05,1.0309e-05,52,1,52,52,52,5,1,5,5,5
9,60,1.0592e-05,1,1.0592e-05,1.0592e-05,1.0592e-05,48,1,48,48,48,4,1,4,4,4
9,60,1.0724e-05,1,1.0724e-05,1.0724e-05,1.0724e-05,47,1,47,47,47,3,1,3,3,3
9,60,1.0467e-05,1,1.0467e-05,1.0467e-05,1.0467e-05,50,1,50,50,50,4,1,4,4,4
9,60,1.0893e-05,1,1.0893e-05,1.0893e-05,1.0893e-05,55,1,55,55,55,5,1,5,5,5
9,60,1.023e-05,1,1.023e-05,1.023e-05,1.023e-05,49,1,49,49,49,4,1,4,4,4
9,60,1.0319e-05,1,1.0319e-05,1.0319e-05,1.0319e-05,46,1,46,46,46,4,1,4,4,4
9,60,1.0125e-05,1,1.0125e-05,1.0125e-05,1.0125e-05,48,1,48,48,48,4,1,4,4,4
9,60,9.897e-06,1,9.897e-06,9.897e-06,9.897e-06,50,1,50,50,50,4,1,4,4,4
9,60,9.869e-06,1,9.869e-06,9.869e-06,9.869e-06,45,1,45,45,45,3,1,3,3,3
9,60,9.88e-06,1,9.88e-06,9.88e-06,9.88e-06,50,1,50,50,50,5,1,5,5,5
9,60,9.857e-06,1,9.857e-06,9.857e-06,9.857e-06,49,1,49,49,49,4,1,4,4,4
9,60,1.0039e-05,1,1.0039e-05,1.0039e-05,1.0039e-05,53,1,53,53,53,4,1,4,4,4
9,60,9.875e-06,1,9.875e-06,9.875e-06,9.875e-06,51,1,51,51,51,4,1,4,4,4
9,60,9.938e-06,1,9.938e-06,9.938e-06,9.938e-06,48,1,48,48,48,4,1,4,4,4
9,60,1.0043e-05,1,1.0043e-05,1.0043e-05,1.0043e-05,55,1,55,55,55,5,1,5,5,5
9,60,1.0042e-05,1,1.0042e-05,1.0042e-05,1.0042e-05,51,1,51,51,51,4,1,4,4,4
9,60,1.0297e-05,1,1.0297e-05,1.0297e-05,1.0297e-05,50,1,50,50,50,5,1,5,5,5
9,60,1.0546e-05,1,1.0546e-05,1.0546e-05,1.0546e-05,50,1,50,50,50,4,1,4,4,4
9,60,1.0439e-05,1,1.0439e-05,1.0439e-05,1.0439e-05,50,1,50,50,50,4,1,4,4,4
9,60,9.985e-06,1,9.985e-06,9.985e-06,9.985e-06,50,1,50,50,50,5,1,5,5,5
9,60,1.022e-05,1,1.022e-05,1.022e-05,1.022e-05,50,1,50,50,50,4,1,4,4,4
9,60,9.763e-06,1,9.763e-06,9.763e-06,9.763e-06,48,1,48,48,48,4,1,4,4,4
9,60,9.839e-06,1,9.839e-06,9.839e-06,9.839e-06,54,1,54,54,54,5,1,5,5,5
9,60,9.962e-06,1,9.962e-06,9.962e-06,9.962e-06,51,1,51,51,51,4,1,4,4,4
9,60,9.808e-06,1,9.808e-06,9.808e-06,9.808e-06,50,1,50,50,50,4,1,4,4,4
9,60,2.6763e-05,1,2.6763e-05,2.6763e-05,2.6763e-05,43,1,43,43,43,3,1,3,3,3
9,60,1.0856e-05,1,1.0856e-05,1.0856e-05,1.0856e-05,49,1,49,49,49,4,1,4,4,4
9,60,1.0506e-05,1,1.0506e-05,1.0506e-05,1.0506e-05,48,1,48,48,48,4,1,4,4,4
9,60,1.0564e-05,1,1.0564e-05,1.0564e-05,1.0564e-05,48,1,48,48,48,4,1,4,4,4
9,60,1.0024e-05,1,1.0024e-05,1.0024e-05,1.0024e-05,51,1,51,51,51,5,1,5,5,5
9,60,1.0153e-05,1,1.0153e-05,1.0153e-05,1.0153e-05,52,1,52,52,52,5,1,5,5,5
9,60,9.902e-06,1,9.902e-06,9.902e-06,9.902e-06,50,1,50,50,50,4,1,4,4,4
9,60,9.776e-06,1,9.776e-06,9.776e-06,9.776e-06,48,1,48,48,48,4,1,4,4,4
9,60,9.736e-06,1,9.736e-06,9.736e-06,9.736e-06,48,1,48,48,48,4,1,4,4,4
9,60,9.898e-06,1,9.898e-06,9.898e-06,9.898e-06,48,1,48,48,48,4,1,4,4,4
9,60,9.371e-06,1,9.371e-06,9.371e-06,9.371e-06,50,1,50,50,50,4,1,4,4,4
9,60,1.016e-05,1,1.016e-05,1.016e-05,1.016e-05,51,1,51,51,51,4,1,4,4,4
9,60,9.711e-06,1,9.711e-06,9.711e-06,9.711e-06,45,1,45,45,45,3,1,3,3,3
9,60,1.0193e-05,1,1.0193e-05,1.0193e-05,1.0193e-05,51,1,51,51,51,4,1,4,4,4
9,60,9.585e-06,1,9.585e-06,9.585e-06,9.585e-06,50,1,50,50,50,5,1,5,5,5
9,60,9.705e-06,1,9.705e-06,9.705e-06,9.705e-06,46,1,46,46,46,4,1,4,4,4
9,60,9.915e-06,1,9.915e-06,9.915e-06,9.915e-06,45,1,45,45,45,3,1,3,3,3
9,60,9.797e-06,1,9.797e-06,9.797e-06,9.797e-06,50,1,50,50,50,4,1,4,4,4
9,60,9.795e-06,1,9.795e-06,9.795e-06,9.795e-06,49,1,49,49,49,4,1,4,4,4
9,60,9.44e-06,1,9.44e-06,9.44e-06,9.44e-06,52,1,52,52,52,4,1,4,4,4
9,60,9.921e-06,1,9.921e-06,9.921e-06,9.921e-06,50,1,50,50,50,4,1,4,4,4
9,60,9.626e-06,1,9.626e-06,9.626e-06,9.626e-06,45,1,45,45,45,3,1,3,3,3
9,60,9.505e-06,1,9.505e-06,9.505e-06,9.505e-06,50,1,50,50,50,4,1,4,4,4
9,60,9.985e-06,1,9.985e-06,9.985e-06,9.985e-06,50,1,50,50,50,4,1,4,4,4
9,60,1.0045e-05,1,1.0045e-05,1.0045e-05,1.0045e-05,46,1,46,46,46,4,1,4,4,4
9,60,9.824e-06,1,9.824e-06,9.824e-06,9.824e-06,49,1,49,49,49,4,1,4,4,4
9,60,1.0065e-05,1,1.0065e-05,1.0065e-05,1.0065e-05,47,1,47,47,47,4,1,4,4,4
9,60,1.0063e-05,1,1.0063e-05,1.0063e-05,1.0063e-05,56,1,56,56,56,6,1,6,6,6
9,60,9.625e-06,1,9.625e-06,9.625e-06,9.625e-06,46,1,46,46,46,4,1,4,4,4
9,60,9.554e-06,1,9.554e-06,9.554e-06,9.554e-06,53,1,53,53,53,5,1,5,5,5
9,60,9.858e-06,1,9.858e-06,9.858e-06,9.858e-06,45,1,45,45,45,3,1,3,3,3
9,60,9.306e-06,1,9.306e-06,9.306e-06,9.306e-06,48,1,48,48,48,4,1,4,4,4
9,60,9.794e-06,1,9.794e-06,9.794e-06,9.794e-06,48,1,48,48,48,4,1,4,4,4
9,60,9.816e-06,1,9.816e-06,9.816e-06,9.816e-06,49,1,49,49,49,4,1,4,4,4
9,60,9.605e-06,1,9.605e-06,9.605e-06,9.605e-06,50,1,50,50,50,5,1,5,5,5
9,60,9.79e-06,1,9.79e-06,9.79e-06,9.79e-06,52,1,52,52,52,5,1,5,5,5
9,60,9.749e-06,1,9.749e-06,9.749e-06,9.749e-06,48,1,48,48,48,4,1,4,4,4
9,60,9.813e-06,1,9.813e-06,9.813e-06,9.813e-06,51,1,51,51,51,4,1,4,4,4
9,60,1.0124e-05,1,1.0124e-05,1.0124e-05,1.0124e-05,46,1,46,46,46,3,1,3,3,3
9,60,9.708e-06,1,9.708e-06,9.708e-06,9.708e-06,49,1,49,49,49,5,1,5,5,5
9,60,1.0245e-05,1,1.0245e-05,1.0245e-05,1.0245e-05,51,1,51,51,51,4,1,4,4,4
9,60,9.909e-06,1,9.909e-06,9.909e-06,9.909e-06,49,1,49,49,49,4,1,4,4,4
9,60,9.988e-06,1,9.988e-06,9.988e-06,9.988e-06,47,1,47,47,47,4,1,4,4,4
9,60,9.923e-06,1,9.923e-06,9.923e-06,9.923e-06,52,1,52,52,52,5,1,5,5,5
9,60,1.0026e-05,1,1.0026e-05,1.0026e-05,1.0026e-05,47,1,47,47,47,4,1,4,4,4
9,60,1.0061e-05,1,1.0061e-05,1.0061e-05,1.0061e-05,61,1,61,61,61,6,1,6,6,6
9,60,9.867e-06,1,9.867e-06,9.867e-06,9.867e-06,54,1,54,54,54,5,1,5,5,5
9,60,9.557e-06,1,9.557e-06,9.557e-06,9.557e-06,48,1,48,48,48,4,1,4,4,4
9,60,1.0096e-05,1,1.0096e-05,1.0096e-05,1.0096e-05,54,1,54,54,54,5,1,5,5,5
9,60,9.849e-06,1,9.849e-06,9.849e-06,9.849e-06,50,1,50,50,50,4,1,4,4,4
9,60,9.839e-06,1,9.839e-06,9.839e-06,9.839e-06,56,1,56,56,56,5,1,5,5,5
9,60,9.819e-06,1,9.819e-06,9.819e-06,9.819e-06,48,1,48,48,48,4,1,4,4,4
9,60,9.538e-06,1,9.538e-06,9.538e-06,9.538e-06,50,1,50,50,50,4,1,4,4,4
9,60,9.94e-06,1,9.94e-06,9.94e-06,9.94e-06,51,1,51,51,51,4,1,4,4,4
9,60,1.0227e-05,1,1.0227e-05,1.0227e-05,1.0227e-05,51,1,51,51,51,4,1,4,4,4
9,60,1.0293e-05,1,1.0293e-05,1.0293e-05,1.0293e-05,52,1,52,52,52,5,1,5,5,5
9,60,9.87e-06,1,9.87e-06,9.87e-06,9.87e-06,55,1,55,55,55,5,1,5,5,5
9,60,9.934e-06,1,9.934e-06,9.934e-06,9.934e-06,45,1,45,45,45,3,1,3,3,3
9,60,9.599e-06,1,9.599e-06,9.599e-06,9.599e-06,47,1,47,47,47,4,1,4,4,4
9,60,9.766e-06,1,9.766e-06,9.766e-06,9.766e-06,50,1,50,50,50,4,1,4,4,4
9,60,1.0571e-05,1,1.0571e-05,1.0571e-05,1.0571e-05,51,1,51,51,51,4,1,4,4,4
9,60,1.0545e-05,1,1.0545e-05,1.0545e-05,1.0545e-05,49,1,49,49,49,4,1,4,4,4
9,60,1.0336e-05,1,1.0336e-05,1.0336e-05,1.0336e-05,51,1,51,51,51,5,1,5,5,5
9,60,1.039e-05,1,1.039e-05,1.039e-05,1.039e-05,48,1,48,48,48,4,1,4,4,4
9,60,1.002e-05,1,1.002e-05,1.002e-05,1.002e-05,49,1,49,49,49,4,1,4,4,4
9,60,1.0391e-05,1,1.0391e-05,1.0391e-05,1.0391e-05,52,1,52,52,52,5,1,5,5,5
9,60,1.0305e-05,1,1.0305e-05,1.0305e-05,1.0305e-05,50,1,50,50,50,4,1,4,4,4
9,60,1.0502e-05,1,1.0502e-05,1.0502e-05,1.0502e-05,55,1,55,55,55,5,1,5,5,5
9,60,1.035e-05,1,1.035e-05,1.035e-05,1.035e-05,49,1,49,49,49,4,1,4,4,4
9,60,1.0056e-05,1,1.0056e-05,1.0056e-05,1.0056e-05,50,1,50,50,50,4,1,4,4,4
9,60,1.0755e-05,1,1.0755e-05,1.0755e-05,1.0755e-05,50,1,50,50,50,4,1,4,4,4
9,60,1.0438e-05,1,1.0438e-05,1.0438e-05,1.0438e-05,50,1,50,50,50,4,1,4,4,4
9,60,9.862e-06,1,9.862e-06,9.862e-06,9.862e-06,45,1,45,45,45,3,1,3,3,3
9,60,1.0058e-05,1,1.0058e-05,1.0058e-05,1.0058e-05,51,1,51,51,51,4,1,4,4,4
9,60,1.0326e-05,1,1.0326e-05,1.0326e-05,1.0326e-05,54,1,54,54,54,5,1,5,5,5
9,60,1e-05,1,1e-05,1e-05,1e-05,56,1,56,56,56,5,1,5,5,5
9,60,1.008e-05,1,1.008e-05,1.008e-05,1.008e-05,51,1,51,51,51,4,1,4,4,4
9,60,1.0165e-05,1,1.0165e-05,1.0165e-05,1.0165e-05,55,1,55,55,55,5,1,5,5,5
9,60,9.941e-06,1,9.941e-06,9.941e-06,9.941e-06,44,1,44,44,44,3,1,3,3,3
9,60,9.696e-06,1,9.696e-06,9.696e-06,9.696e-06,48,1,48,48,48,4,1,4,4,4
9,60,9.96e-06,1,9.96e-06,9.96e-06,9.96e-06,51,1,51,51,51,4,1,4,4,4
9,60,9.774e-06,1,9.774e-06,9.774e-06,9.774e-06,52,1,52,52,52,5,1,5,5,5
9,60,9.832e-06,1,9.832e-06,9.832e-06,9.832e-06,52,1,52,52,52,5,1,5,5,5
9,60,9.429e-06,1,9.429e-06,9.429e-06,9.429e-06,50,1,50,50,50,4,1,4,4,4
9,60,9.987e-06,1,9.987e-06,9.987e-06,9.987e-06,55,1,55,55,55,5,1,5,5,5
9,60,9.955e-06,1,9.955e-06,9.955e-06,9.955e-06,55,1,55,55,55,5,1,5,5,5
9,60,1.0022e-05,1,1.0022e-05,1.0022e-05,1.0022e-05,50,1,50,50,50,5,1,5,5,5
9,60,9.329e-06,1,9.329e-06,9.329e-06,9.329e-06,49,1,49,49,49,4,1,4,4,4
9,60,9.857e-06,1,9.857e-06,9.857e-06,9.857e-06,49,1,49,49,49,4,1,4,4,4
9,60,1.0075e-05,1,1.0075e-05,1.0075e-05,1.0075e-05,47,1,47,47,47,4,1,4,4,4
9,60,9.655e-06,1,9.655e-06,9.655e-06,9.655e-06,49,1,49,49,49,4,1,4,4,4
9,60,9.853e-06,1,9.853e-06,9.853e-06,9.853e-06,46,1,46,46,46,4,1,4,4,4
9,60,9.919e-06,1,9.919e-06,9.919e-06,9.919e-06,50,1,50,50,50,4,1,4,4,4
9,60,1.0019e-05,1,1.0019e-05,1.0019e-05,1.0019e-05,52,1,52,52,52,5,1,5,5,5
9,60,9.525e-06,1,9.525e-06,9.525e-06,9.525e-06,46,1,46,46,46,4,1,4,4,4
9,60,9.959e-06,1,9.959e-06,9.959e-06,9.959e-06,50,1,50,50,50,4,1,4,4,4
9,60,9.567e-06,1,9.567e-06,9.567e-06,9.567e-06,49,1,49,49,49,4,1,4,4,4
9,60,9.776e-06,1,9.776e-06,9.776e-06,9.776e-06,49,1,49,49,49,4,1,4,4,4
9,60,9.688e-06,1,9.688e-06,9.688e-06,9.688e-06,49,1,49,49,49,5,1,5,5,5
9,60,1.0182e-05,1,1.0182e-05,1.0182e-05,1.0182e-05,49,1,49,49,49,4,1,4,4,4
9,60,9.83e-06,1,9.83e-06,9.83e-06,9.83e-06,48,1,48,48,48,4,1,4,4,4
9,60,9.544e-06,1,9.544e-06,9.544e-06,9.544e-06,51,1,51,51,51,4,1,4,4,4
9,60,9.835e-06,1,9.835e-06,9.835e-06,9.835e-06,52,1,52,52,52,5,1,5,5,5
9,60,9.744e-06,1,9.744e-06,9.744e-06,9.744e-06,49,1,49,49,49,4,1,4,4,4
9,60,9.873e-06,1,9.873e-06,9.873e-06,9.873e-06,51,1,51,51,51,4,1,4,4,4
9,60,9.613e-06,1,9.613e-06,9.613e-06,9.613e-06,45,1,45,45,45,3,1,3,3,3
9,60,1.0121e-05,1,1.0121e-05,1.0121e-05,1.0121e-05,51,1,51,51,51,4,1,4,4,4
9,60,9.774e-06,1,9.774e-06,9.774e-06,9.774e-06,51,1,51,51,51,5,1,5,5,5
9,60,9.427e-06,1,9.427e-06,9.427e-06,9.427e-06,49,1,49,49,49,4,1,4,4,4
9,60,9.85e-06,1,9.85e-06,9.85e-06,9.85e-06,49,1,49,49,49,5,1,5,5,5
9,60,9.726e-06,1,9.726e-06,9.726e-06,9.726e-06,55,1,55,55,55,5,1,5,5,5
9,60,1.0193e-05,1,1.0193e-05,1.0193e-05,1.0193e-05,56,1,56,56,56,5,1,5,5,5
9,60,9.729e-06,1,9.729e-06,9.729e-06,9.729e-06,45,1,45,45,45,4,1,4,4,4
9,60,9.623e-06,1,9.623e-06,9.623e-06,9.623e-06,52,1,52,52,52,5,1,5,5,5
9,60,9.957e-06,1,9.957e-06,9.957e-06,9.957e-06,49,1,49,49,49,4,1,4,4,4
9,60,9.9e-06,1,9.9e-06,9.9e-06,9.9e-06,52,1,52,52,52,5,1,5,5,5
9,60,9.52e-06,1,9.52e-06,9.52e-06,9.52e-06,50,1,50,50,50,4,1,4,4,4
9,60,1.0248e-05,1,1.0248e-05,1.0248e-05,1.0248e-05,52,1,52,52,52,5,1,5,5,5
9,60,9.725e-06,1,9.725e-06,9.725e-06,9.725e-06,49,1,49,49,49,4,1,4,4,4
9,60,9.877e-06,1,9.877e-06,9.877e-06,9.877e-06,48,1,48,48,48,4,1,4,4,4
9,60,9.895e-06,1,9.895e-06,9.895e-06,9.895e-06,46,1,46,46,46,4,1,4,4,4
9,60,9.673e-06,1,9.673e-06,9.673e-06,9.673e-06,45,1,45,45,45,4,1,4,4,4
9,60,9.394e-06,1,9.394e-06,9.394e-06,9.394e-06,48,1,48,48,48,4,1,4,4,4
9,60,9.929e-06,1,9.929e-06,9.929e-06,9.929e-06,51,1,51,51,51,4,1,4,4,4
9,60,1.0271e-05,1,1.0271e-05,1.0271e-05,1.0271e-05,52,1,52,52,52,5,1,5,5,5
9,60,9.468e-06,1,9.468e-06,9.468e-06,9.468e-06,48,1,48,48,48,4,1,4,4,4
9,60,1.0176e-05,1,1.0176e-05,1.0176e-05,1.0176e-05,53,1,53,53,53,5,1,5,5,5
9,60,9.809e-06,1,9.809e-06,9.809e-06,9.809e-06,44,1,44,44,44,3,1,3,3,3
9,60,1.0428e-05,1,1.0428e-05,1.0428e-05,1.0428e-05,59,1,59,59,59,5,1,5,5,5
9,60,1.037e-05,1,1.037e-05,1.037e-05,1.037e-05,50,1,50,50,50,4,1,4,4,4
9,60,1.0112e-05,1,1.0112e-05,1.0112e-05,1.0112e-05,49,1,49,49,49,4,1,4,4,4
9,60,1.0649e-05,1,1.0649e-05,1.0649e-05,1.0649e-05,51,1,51,51,51,5,1,5,5,5
9,60,9.908e-06,1,9.908e-06,9.908e-06,9.908e-06,49,1,49,49,49,4,1,4,4,4
9,60,1.0616e-05,1,1.0616e-05,1.0616e-05,1.0616e-05,46,1,46,46,46,4,1,4,4,4
9,60,1.0276e-05,1,1.0276e-05,1.0276e-05,1.0276e-05,45,1,45,45,45,3,1,3,3,3
9,60,1.0277e-05,1,1.0277e-05,1.0277e-05,1.0277e-05,48,1,48,48,48,4,1,4,4,4
9,60,1.0548e-05,1,1.0548e-05,1.0548e-05,1.0548e-05,49,1,49,49,49,4,1,4,4,4
9,60,1.0203e-05,1,1.0203e-05,1.0203e-05,1.0203e-05,50,1,50,50,50,4,1,4,4,4
9,60,9.775e-06,1,9.775e-06,9.775e-06,9.775e-06,50,1,50,50,50,4,1,4,4,4
9,60,9.94e-06,1,9.94e-06,9.94e-06,9.94e-06,55,1,55,55,55,5,1,5,5,5
9,60,1.0104e-05,1,1.0104e-05,1.0104e-05,1.0104e-05,49,1,49,49,49,4,1,4,4,4
9,60,9.853e-06,1,9.853e-06,9.853e-06,9.853e-06,51,1,51,51,51,5,1,5,5,5
9,60,9.729e-06,1,9.729e-06,9.729e-06,9.729e-06,54,1,54,54,54,5,1,5,5,5
9,60,9.882e-06,1,9.882e-06,9.882e-06,9.882e-06,53,1,53,53,53,4,1,4,4,4
9,60,9.98e-06,1,9.98e-06,9.98e-06,9.98e-06,49,1,49,49,49,4,1,4,4,4
9,60,9.823e-06,1,9.823e-06,9.823e-06,9.823e-06,51,1,51,51,51,5,1,5,5,5
9,60,1.0225e-05,1,1.0225e-05,1.0225e-05,1.0225e-05,50,1,50,50,50,4,1,4,4,4
9,60,1.0198e-05,1,1.0198e-05,1.0198e-05,1.0198e-05,51,1,51,51,51,4,1,4,4,4
9,60,1.0121e-05,1,1.0121e-05,1.0121e-05,1.0121e-05,55,1,55,55,55,5,1,5,5,5
9,60,1.0274e-05,1,1.0274e-05,1.0274e-05,1.0274e-05,51,1,51,51,51,4,1,4,4,4
9,60,9.95e-06,1,9.95e-06,9.95e-06,9.95e-06,50,1,50,50,50,4,1,4,4,4
9,60,9.734e-06,1,9.734e-06,9.734e-06,9.734e-06,48,1,48,48,48,4,1,4,4,4
9,60,9.832e-06,1,9.832e-06,9.832e-06,9.832e-06,52,1,52,52,52,5,1,5,5,5
9,60,9.991e-06,1,9.991e-06,9.991e-06,9.991e-06,52,1,52,52,52,5,1,5,5,5
9,60,9.678e-06,1,9.678e-06,9.678e-06,9.678e-06,51,1,51,51,51,4,1,4,4,4
9,60,9.843e-06,1,9.843e-06,9.843e-06,9.843e-06,53,1,53,53,53,4,1,4,4,4
9,60,9.91e-06,1,9.91e-06,9.91e-06,9.91e-06,51,1,51,51,51,5,1,5,5,5
9,60,9.792e-06,1,9.792e-06,9.792e-06,9.792e-06,49,1,49,49,49,4,1,4,4,4
9,60,9.603e-06,1,9.603e-06,9.603e-06,9.603e-06,45,1,45,45,45,3,1,3,3,3
9,60,9.975e-06,1,9.975e-06,9.975e-06,9.975e-06,49,1,49,49,49,5,1,5,5,5
9,60,9.802e-06,1,9.802e-06,9.802e-06,9.802e-06,52,1,52,52,52,5,1,5,5,5
9,60,1.0387e-05,1,1.0387e-05,1.0387e-05,1.0387e-05,61,1,61,61,61,6,1,6,6,6
9,60,1.0498e-05,1,1.0498e-05,1.0498e-05,1.0498e-05,55,1,55,55,55,5,1,5,5,5
9,60,9.698e-06,1,9.698e-06,9.698e-06,9.698e-06,48,1,48,48,48,4,1,4,4,4
9,60,9.716e-06,1,9.716e-06,9.716e-06,9.716e-06,49,1,49,49,49,4,1,4,4,4
9,60,9.89e-06,1,9.89e-06,9.89e-06,9.89e-06,51,1,51,51,51,4,1,4,4,4
9,60,9.675e-06,1,9.675e-06,9.675e-06,9.675e-06,51,1,51,51,51,5,1,5,5,5
9,60,9.79e-06,1,9.79e-06,9.79e-06,9.79e-06,51,1,51,51,51,5,1,5,5,5
9,60,9.82e-06,1,9.82e-06,9.82e-06,9.82e-06,48,1,48,48,48,4,1,4,4,4
9,60,1.007e-05,1,1.007e-05,1.007e-05,1.007e-05,48,1,48,48,48,4,1,4,4,4
9,60,1.0099e-05,1,1.0099e-05,1.0099e-05,1.0099e-05,53,1,53,53,53,5,1,5,5,5
9,60,9.657e-06,1,9.657e-06,9.657e-06,9.657e-06,48,1,48,48,48,4,1,4,4,4
9,60,9.827e-06,1,9.827e-06,9.827e-06,9.827e-06,47,1,47,47,47,4,1,4,4,4
9,60,9.813e-06,1,9.813e-06,9.813e-06,9.813e-06,54,1,54,54,54,5,1,5,5,5
9,60,1.0015e-05,1,1.0015e-05,1.0015e-05,1.0015e-05,52,1,52,52,52,5,1,5,5,5
9,60,9.494e-06,1,9.494e-06,9.494e-06,9.494e-06,49,1,49,49,49,4,1,4,4,4
9,60,1.0656e-05,1,1.0656e-05,1.0656e-05,1.0656e-05,50,1,50,50,50,4,1,4,4,4
9,60,1.0791e-05,1,1.0791e-05,1.0791e-05,1.0791e-05,52,1,52,52,52,5,1,5,5,5
9,60,1.0503e-05,1,1.0503e-05,1.0503e-05,1.0503e-05,51,1,51,51,51,4,1,4,4,4
9,60,1.0473e-05,1,1.0473e-05,1.0473e-05,1.0473e-05,48,1,48,48,48,4,1,4,4,4
9,60,1.0389e-05,1,1.0389e-05,1.0389e-05,1.0389e-05,52,1,52,52,52,5,1,5,5,5
9,60,1.041e-05,1,1.041e-05,1.041e-05,1.041e-05,51,1,51,51,51,4,1,4,4,4
9,60,1.0409e-05,1,1.0409e-05,1.0409e-05,1.0409e-05,50,1,50,50,50,5,1,5,5,5
9,60,1.0318e-05,1,1.0318e-05,1.0318e-05,1.0318e-05,49,1,49,49,49,4,1,4,4,4
9,60,1.0395e-05,1,1.0395e-05,1.0395e-05,1.0395e-05,52,1,52,52,52,5,1,5,5,5
9,60,1.0327e-05,1,1.0327e-05,1.0327e-05,1.0327e-05,48,1,48,48,48,4,1,4,4,4
9,60,1.0549e-05,1,1.0549e-05,1.0549e-05,1.0549e-05,48,1,48,48,48,4,1,4,4,4
9,60,9.731e-06,1,9.731e-06,9.731e-06,9.731e-06,54,1,54,54,54,4,1,4,4,4
9,60,9.749e-06,1,9.749e-06,9.749e-06,9.749e-06,44,1,44,44,44,3,1,3,3,3
9,60,1.0091e-05,1,1.0091e-05,1.0091e-05,1.0091e-05,47,1,47,47,47,4,1,4,4,4
9,60,9.642e-06,1,9.642e-06,9.642e-06,9.642e-06,49,1,49,49,49,4,1,4,4,4
9,60,1.0156e-05,1,1.0156e-05,1.0156e-05,1.0156e-05,52,1,52,52,52,5,1,5,5,5
9,60,9.915e-06,1,9.915e-06,9.915e-06,9.915e-06,48,1,48,48,48,4,1,4,4,4
9,60,9.668e-06,1,9.668e-06,9.668e-06,9.668e-06,43,1,43,43,43,3,1,3,3,3
9,60,1.0152e-05,1,1.0152e-05,1.0152e-05,1.0152e-05,52,1,52,52,52,5,1,5,5,5
9,60,1.0003e-05,1,1.0003e-05,1.0003e-05,1.0003e-05,54,1,54,54,54,5,1,5,5,5
9,60,9.763e-06,1,9.763e-06,9.763e-06,9.763e-06,50,1,50,50,50,4,1,4,4,4
9,60,1.0032e-05,1,1.0032e-05,1.0032e-05,1.0032e-05,50,1,50,50,50,4,1,4,4,4
9,60,9.473e-06,1,9.473e-06,9.473e-06,9.473e-06,48,1,48,48,48,4,1,4,4,4
9,60,9.867e-06,1,9.867e-06,9.867e-06,9.867e-06,48,1,48,48,48,4,1,4,4,4
9,60,9.878e-06,1,9.878e-06,9.878e-06,9.878e-06,52,1,52,52,52,5,1,5,5,5
9,60,9.776e-06,1,9.776e-06,9.776e-06,9.776e-06,48,1,48,48,48,4,1,4,4,4
9,60,9.791e-06,1,9.791e-06,9.791e-06,9.791e-06,53,1,53,53,53,5,1,5,5,5
9,60,9.888e-06,1,9.888e-06,9.888e-06,9.888e-06,52,1,52,52,52,5,1,5,5,5
9,60,9.791e-06,1,9.791e-06,9.791e-06,9.791e-06,50,1,50,50,50,4,1,4,4,4
9,60,9.7e-06,1,9.7e-06,9.7e-06,9.7e-06,52,1,52,52,52,5,1,5,5,5
9,60,9.625e-06,1,9.625e-06,9.625e-06,9.625e-06,47,1,47,47,47,4,1,4,4,4
9,60,9.609e-06,1,9.609e-06,9.609e-06,9.609e-06,55,1,55,55,55,6,1,6,6,6
9,60,9.778e-06,1,9.778e-06,9.778e-06,9.778e-06,45,1,45,45,45,3,1,3,3,3
9,60,1.0049e-05,1,1.0049e-05,1.0049e-05,1.0049e-05,52,1,52,52,52,5,1,5,5,5
9,60,1.0166e-05,1,1.0166e-05,1.0166e-05,1.0166e-05,52,1,52,52,52,5,1,5,5,5
9,60,9.48e-06,1,9.48e-06,9.48e-06,9.48e-06,46,1,46,46,46,3,1,3,3,3
9,60,9.525e-06,1,9.525e-06,9.525e-06,9.525e-06,47,1,47,47,47,3,1,3,3,3
9,60,1.0208e-05,1,1.0208e-05,1.0208e-05,1.0208e-05,46,1,46,46,46,3,1,3,3,3
9,60,1.0059e-05,1,1.0059e-05,1.0059e-05,1.0059e-05,49,1,49,49,49,4,1,4,4,4
9,60,1.0621e-05,1,1.0621e-05,1.0621e-05,1.0621e-05,49,1,49,49,49,4,1,4,4,4
9,60,1.0189e-05,1,1.0189e-05,1.0189e-05,1.0189e-05,52,1,52,52,52,5,1,5,5,5
9,60,9.896e-06,1,9.896e-06,9.896e-06,9.896e-06,45,1,45,45,45,3,1,3,3,3
9,60,1.0373e-05,1,1.0373e-05,1.0373e-05,1.0373e-05,48,1,48,48,48,4,1,4,4,4
9,60,1.0283e-05,1,1.0283e-05,1.0283e-05,1.0283e-05,48,1,48,48,48,4,1,4,4,4
9,60,1.0562e-05,1,1.0562e-05,1.0562e-05,1.0562e-05,56,1,56,56,56,5,1,5,5,5
9,60,9.97e-06,1,9.97e-06,9.97e-06,9.97e-06,45,1,45,45,45,3,1,3,3,3
9,60,1.0156e-05,1,1.0156e-05,1.0156e-05,1.0156e-05,52,1,52,52,52,5,1,5,5,5
9,60,1.0204e-05,1,1.0204e-05,1.0204e-05,1.0204e-05,51,1,51,51,51,4,1,4,4,4
9,60,1.04e-05,1,1.04e-05,1.04e-05,1.04e-05,52,1,52,52,52,5,1,5,5,5
9,60,1.0459e-05,1,1.0459e-05,1.0459e-05,1.0459e-05,45,1,45,45,45,3,1,3,3,3
9,60,1.0788e-05,1,1.0788e-05,1.0788e-05,1.0788e-05,49,1,49,49,49,4,1,4,4,4
9,60,1.0173e-05,1,1.0173e-05,1.0173e-05,1.0173e-05,52,1,52,52,52,5,1,5,5,5
9,60,1.0236e-05,1,1.0236e-05,1.0236e-05,1.0236e-05,47,1,47,47,47,4,1,4,4,4
9,60,1.0779e-05,1,1.0779e-05,1.0779e-05,1.0779e-05,50,1,50,50,50,5,1,5,5,5
9,60,1.0711e-05,1,1.0711e-05,1.0711e-05,1.0711e-05,52,1,52,52,52,5,1,5,5,5
9,60,1.042e-05,1,1.042e-05,1.042e-05,1.042e-05,53,1,53,53,53,4,1,4,4,4
9,60,1.0217e-05,1,1.0217e-05,1.0217e-05,1.0217e-05,52,1,52,52,52,5,1,5,5,5
9,60,1.0555e-05,1,1.0555e-05,1.0555e-05,1.0555e-05,55,1,55,55,55,5,1,5,5,5
9,60,1.0361e-05,1,1.0361e-05,1.0361e-05,1.0361e-05,48,1,48,48,48,3,1,3,3,3
9,60,1.0239e-05,1,1.0239e-05,1.0239e-05,1.0239e-05,49,1,49,49,49,4,1,4,4,4
9,60,1.0998e-05,1,1.0998e-05,1.0998e-05,1.0998e-05,52,1,52,52,52,5,1,5,5,5
9,60,1.0607e-05,1,1.0607e-05,1.0607e-05,1.0607e-05,51,1,51,51,51,4,1,4,4,4
9,60,9.908e-06,1,9.908e-06,9.908e-06,9.908e-06,46,1,46,46,46,4,1,4,4,4
9,60,2.7429e-05,1,2.7429e-05,2.7429e-05,2.7429e-05,50,1,50,50,50,4,1,4,4,4
9,60,9.956e-06,1,9.956e-06,9.956e-06,9.956e-06,50,1,50,50,50,4,1,4,4,4
9,60,1.0089e-05,1,1.0089e-05,1.0089e-05,1.0089e-05,50,1,50,50,50,4,1,4,4,4
9,60,1.0175e-05,1,1.0175e-05,1.0175e-05,1.0175e-05,60,1,60,60,60,6,1,6,6,6
9,60,9.984e-06,1,9.984e-06,9.984e-06,9.984e-06,50,1,50,50,50,4,1,4,4,4
9,60,1.0158e-05,1,1.0158e-05,1.0158e-05,1.0158e-05,50,1,50,50,50,4,1,4,4,4
9,60,9.875e-06,1,9.875e-06,9.875e-06,9.875e-06,51,1,51,51,51,5,1,5,5,5
9,60,9.741e-06,1,9.741e-06,9.741e-06,9.741e-06,50,1,50,50,50,5,1,5,5,5
9,60,9.808e-06,1,9.808e-06,9.808e-06,9.808e-06,47,1,47,47,47,3,1,3,3,3
9,60,9.674e-06,1,9.674e-06,9.674e-06,9.674e-06,52,1,52,52,52,5,1,5,5,5
9,60,9.745e-06,1,9.745e-06,9.745e-06,9.745e-06,50,1,50,50,50,4,1,4,4,4
9,60,1.0245e-05,1,1.0245e-05,1.0245e-05,1.0245e-05,54,1,54,54,54,5,1,5,5,5
9,60,9.866e-06,1,9.866e-06,9.866e-06,9.866e-06,50,1,50,50,50,4,1,4,4,4
9,60,9.807e-06,1,9.807e-06,9.807e-06,9.807e-06,50,1,50,50,50,4,1,4,4,4
9,60,9.763e-06,1,9.763e-06,9.763e-06,9.763e-06,48,1,48,48,48,4,1,4,4,4
9,60,1.0028e-05,1,1.0028e-05,1.0028e-05,1.0028e-05,48,1,48,48,48,4,1,4,4,4
9,60,9.892e-06,1,9.892e-06,9.892e-06,9.892e-06,51,1,51,51,51,4,1,4,4,4
9,60,1.01e-05,1,1.01e-05,1.01e-05,1.01e-05,57,1,57,57,57,5,1,5,5,5
9,60,9.706e-06,1,9.706e-06,9.706e-06,9.706e-06,53,1,53,53,53,5,1,5,5,5
9,60,9.497e-06,1,9.497e-06,9.497e-06,9.497e-06,53,1,53,53,53,5,1,5,5,5
9,60,1.0166e-05,1,1.0166e-05,1.0166e-05,1.0166e-05,52,1,52,52,52,5,1,5,5,5
9,60,1.0261e-05,1,1.0261e-05,1.0261e-05,1.0261e-05,55,1,55,55,55,5,1,5,5,5
9,60,9.608e-06,1,9.608e-06,9.608e-06,9.608e-06,52,1,52,52,52,4,1,4,4,4
9,60,1.0149e-05,1,1.0149e-05,1.0149e-05,1.0149e-05,52,1,52,52,52,5,1,5,5,5
9,60,1.0087e-05,1,1.0087e-05,1.0087e-05,1.0087e-05,60,1,60,60,60,6,1,6,6,6
9,60,1.0246e-05,1,1.0246e-05,1.0246e-05,1.0246e-05,52,1,52,52,52,5,1,5,5,5
9,60,9.49e-06,1,9.49e-06,9.49e-06,9.49e-06,49,1,49,49,49,4,1,4,4,4
9,60,9.476e-06,1,9.476e-06,9.476e-06,9.476e-06,51,1,51,51,51,4,1,4,4,4
9,60,1.022e-05,1,1.022e-05,1.022e-05,1.022e-05,54,1,54,54,54,5,1,5,5,5
9,60,9.763e-06,1,9.763e-06,9.763e-06,9.763e-06,50,1,50,50,50,4,1,4,4,4
9,60,9.241e-06,1,9.241e-06,9.241e-06,9.241e-06,47,1,47,47,47,4,1,4,4,4
9,60,1.0127e-05,1,1.0127e-05,1.0127e-05,1.0127e-05,53,1,53,53,53,4,1,4,4,4
9,60,1.0246e-05,1,1.0246e-05,1.0246e-05,1.0246e-05,52,1,52,52,52,5,1,5,5,5
9,60,1.0405e-05,1,1.0405e-05,1.0405e-05,1.0405e-05,54,1,54,54,54,6,1,6,6,6
9,60,9.44e-06,1,9.44e-06,9.44e-06,9.44e-06,49,1,49,49,49,4,1,4,4,4
9,60,9.946e-06,1,9.946e-06,9.946e-06,9.946e-06,48,1,48,48,48,4,1,4,4,4
9,60,9.776e-06,1,9.776e-06,9.776e-06,9.776e-06,50,1,50,50,50,4,1,4,4,4
9,60,9.941e-06,1,9.941e-06,9.941e-06,9.941e-06,50,1,50,50,50,4,1,4,4,4
9,60,9.945e-06,1,9.945e-06,9.945e-06,9.945e-06,48,1,48,48,48,4,1,4,4,4
9,60,1.0024e-05,1,1.0024e-05,1.0024e-05,1.0024e-05,51,1,51,51,51,4,1,4,4,4
9,60,9.93e-06,1,9.93e-06,9.93e-06,9.93e-06,52,1,52,52,52,5,1,5,5,5
9,60,1.0285e-05,1,1.0285e-05,1.0285e-05,1.0285e-05,51,1,51,51,51,5,1,5,5,5
9,60,1.0047e-05,1,1.0047e-05,1.0047e-05,1.0047e-05,48,1,48,48,48,4,1,4,4,4
9,60,9.618e-06,1,9.618e-06,9.618e-06,9.618e-06,48,1,48,48,48,4,1,4,4,4
9,60,9.64e-06,1,9.64e-06,9.64e-06,9.64e-06,53,1,53,53,53,5,1,5,5,5
9,60,1.0042e-05,1,1.0042e-05,1.0042e-05,1.0042e-05,53,1,53,53,53,5,1,5,5,5
9,60,9.602e-06,1,9.602e-06,9.602e-06,9.602e-06,55,1,55,55,55,5,1,5,5,5
9,60,9.398e-06,1,9.398e-06,9.398e-06,9.398e-06,50,1,50,50,50,4,1,4,4,4
9,60,1.0411e-05,1,1.0411e-05,1.0411e-05,1.0411e-05,56,1,56,56,56,5,1,5,5,5
9,60,1.0071e-05,1,1.0071e-05,1.0071e-05,1.0071e-05,48,1,48,48,48,4,1,4,4,4
9,60,1.2473e-05,1,1.2473e-05,1.2473e-05,1.2473e-05,51,1,51,51,51,5,1,5,5,5
9,60,1.0145e-05,1,1.0145e-05,1.0145e-05,1.0145e-05,45,1,45,45,45,3,1,3,3,3
9,60,9.975e-06,1,9.975e-06,9.975e-06,9.975e-06,49,1,49,49,49,4,1,4,4,4
9,60,1.0114e-05,1,1.0114e-05,1.0114e-05,1.0114e-05,49,1,49,49,49,4,1,4,4,4
9,60,1.0315e-05,1,1.0315e-05,1.0315e-05,1.0315e-05,51,1,51,51,51,4,1,4,4,4
9,60,1.0277e-05,1,1.0277e-05,1.0277e-05,1.0277e-05,52,1,52,52,52,5,1,5,5,5
9,60,1.0648e-05,1,1.0648e-05,1.0648e-05,1.0648e-05,50,1,50,50,50,4,1,4,4,4
9,60,1.0277e-05,1,1.0277e-05,1.0277e-05,1.0277e-05,50,1,50,50,50,4,1,4,4,4
9,60,1.0191e-05,1,1.0191e-05,1.0191e-05,1.0191e-05,48,1,48,48,48,4,1,4,4,4
9,60,1.0582e-05,1,1.0582e-05,1.0582e-05,1.0582e-05,56,1,56,56,56,5,1,5,5,5
9,60,1.045e-05,1,1.045e-05,1.045e-05,1.045e-05,56,1,56,56,56,5,1,5,5,5
9,60,1.015e-05,1,1.015e-05,1.015e-05,1.015e-05,52,1,52,52,52,5,1,5,5,5
9,60,9.979e-06,1,9.979e-06,9.979e-06,9.979e-06,51,1,51,51,51,5,1,5,5,5
9,60,9.92e-06,1,9.92e-06,9.92e-06,9.92e-06,50,1,50,50,50,5,1,5,5,5
9,60,9.595e-06,1,9.595e-06,9.595e-06,9.595e-06,47,1,47,47,47,3,1,3,3,3
9,60,9.686e-06,1,9.686e-06,9.686e-06,9.686e-06,45,1,45,45,45,3,1,3,3,3
9,60,9.996e-06,1,9.996e-06,9.996e-06,9.996e-06,52,1,52,52,52,5,1,5,5,5
9,60,9.727e-06,1,9.727e-06,9.727e-06,9.727e-06,49,1,49,49,49,4,1,4,4,4
9,60,9.345e-06,1,9.345e-06,9.345e-06,9.345e-06,49,1,49,49,49,4,1,4,4,4
9,60,9.837e-06,1,9.837e-06,9.837e-06,9.837e-06,48,1,48,48,48,4,1,4,4,4
9,60,1.0366e-05,1,1.0366e-05,1.0366e-05,1.0366e-05,56,1,56,56,56,5,1,5,5,5
9,60,9.588e-06,1,9.588e-06,9.588e-06,9.588e-06,47,1,47,47,47,4,1,4,4,4
9,60,9.73e-06,1,9.73e-06,9.73e-06,9.73e-06,45,1,45,45,45,3,1,3,3,3
9,60,9.501e-06,1,9.501e-06,9.501e-06,9.501e-06,51,1,51,51,51,4,1,4,4,4
9,60,9.513e-06,1,9.513e-06,9.513e-06,9.513e-06,48,1,48,48,48,4,1,4,4,4
9,60,9.586e-06,1,9.586e-06,9.586e-06,9.586e-06,49,1,49,49,49,4,1,4,4,4
9,60,9.842e-06,1,9.842e-06,9.842e-06,9.842e-06,46,1,46,46,46,4,1,4,4,4
9,60,9.781e-06,1,9.781e-06,9.781e-06,9.781e-06,52,1,52,52,52,5,1,5,5,5
9,60,9.498e-06,1,9.498e-06,9.498e-06,9.498e-06,50,1,50,50,50,5,1,5,5,5
9,60,9.694e-06,1,9.694e-06,9.694e-06,9.694e-06,52,1,52,52,52,5,1,5,5,5
9,60,1.0337e-05,1,1.0337e-05,1.0337e-05,1.0337e-05,52,1,52,52,52,5,1,5,5,5
9,60,9.827e-06,1,9.827e-06,9.827e-06,9.827e-06,47,1,47,47,47,4,1,4,4,4
9,60,1.023e-05,1,1.023e-05,1.023e-05,1.023e-05,52,1,52,52,52,5,1,5,5,5
9,60,9.993e-06,1,9.993e-06,9.993e-06,9.993e-06,54,1,54,54,54,5,1,5,5,5
9,60,1.0117e-05,1,1.0117e-05,1.0117e-05,1.0117e-05,57,1,57,57,57,5,1,5,5,5
9,60,9.766e-06,1,9.766e-06,9.766e-06,9.766e-06,56,1,56,56,56,5,1,5,5,5
9,60,1.0045e-05,1,1.0045e-05,1.0045e-05,1.0045e-05,50,1,50,50,50,4,1,4,4,4
9,60,1.0079e-05,1,1.0079e-05,1.0079e-05,1.0079e-05,50,1,50,50,50,5,1,5,5,5
9,60,9.622e-06,1,9.622e-06,9.622e-06,9.622e-06,46,1,46,46,46,4,1,4,4,4
9,60,1.0367e-05,1,1.0367e-05,1.0367e-05,1.0367e-05,54,1,54,54,54,5,1,5,5,5
9,60,9.744e-06,1,9.744e-06,9.744e-06,9.744e-06,47,1,47,47,47,4,1,4,4,4
9,60,9.499e-06,1,9.499e-06,9.499e-06,9.499e-06,49,1,49,49,49,5,1,5,5,5
9,60,1.0103e-05,1,1.0103e-05,1.0103e-05,1.0103e-05,57,1,57,57,57,6,1,6,6,6
9,60,9.764e-06,1,9.764e-06,9.764e-06,9.764e-06,51,1,51,51,51,5,1,5,5,5
9,60,9.712e-06,1,9.712e-06,9.712e-06,9.712e-06,49,1,49,49,49,4,1,4,4,4
9,60,9.54e-06,1,9.54e-06,9.54e-06,9.54e-06,54,1,54,54,54,5,1,5,5,5
9,60,9.58e-06,1,9.58e-06,9.58e-06,9.58e-06,55,1,55,55,55,5,1,5,5,5
9,60,1.0014e-05,1,1.0014e-05,1.0014e-05,1.0014e-05,52,1,52,52,52,5,1,5,5,5
9,60,9.494e-06,1,9.494e-06,9.494e-06,9.494e-06,46,1,46,46,46,4,1,4,4,4
9,60,9.446e-06,1,9.446e-06,9.446e-06,9.446e-06,45,1,45,45,45,3,1,3,3,3
9,60,1.0121e-05,1,1.0121e-05,1.0121e-05,1.0121e-05,53,1,53,53,53,5,1,5,5,5
9,60,1.0057e-05,1,1.0057e-05,1.0057e-05,1.0057e-05,48,1,48,48,48,4,1,4,4,4
9,60,9.779e-06,1,9.779e-06,9.779e-06,9.779e-06,51,1,51,51,51,4,1,4,4,4
9,60,9.499e-06,1,9.499e-06,9.499e-06,9.499e-06,50,1,50,50,50,4,1,4,4,4
9,60,9.992e-06,1,9.992e-06,9.992e-06,9.992e-06,47,1,47,47,47,4,1,4,4,4
9,60,9.422e-06,1,9.422e-06,9.422e-06,9.422e-06,48,1,48,48,48,4,1,4,4,4
9,60,1.0511e-05,1,1.0511e-05,1.0511e-05,1.0511e-05,50,1,50,50,50,4,1,4,4,4
9,60,1.0391e-05,1,1.0391e-05,1.0391e-05,1.0391e-05,50,1,50,50,50,4,1,4,4,4
9,60,1.0135e-05,1,1.0135e-05,1.0135e-05,1.0135e-05,51,1,51,51,51,4,1,4,4,4
9,60,1.0386e-05,1,1.0386e-05,1.0386e-05,1.0386e-05,48,1,48,48,48,4,1,4,4,4
9,60,1.0021e-05,1,1.0021e-05,1.0021e-05,1.0021e-05,53,1,53,53,53,5,1,5,5,5
9,60,1.0867e-05,1,1.0867e-05,1.0867e-05,1.0867e-05,54,1,54,54,54,5,1,5,5,5
9,60,1.0563e-05,1,1.0563e-05,1.0563e-05,1.0563e-05,51,1,51,51,51,4,1,4,4,4
9,60,1.0286e-05,1,1.0286e-05,1.0286e-05,1.0286e-05,51,1,51,51,51,4,1,4,4,4
9,60,9.962e-06,1,9.962e-06,9.962e-06,9.962e-06,47,1,47,47,47,4,1,4,4,4
9,60,1.0129e-05,1,1.0129e-05,1.0129e-05,1.0129e-05,50,1,50,50,50,4,1,4,4,4
9,60,9.743e-06,1,9.743e-06,9.743e-06,9.743e-06,52,1,52,52,52,5,1,5,5,5
9,60,9.757e-06,1,9.757e-06,9.757e-06,9.757e-06,48,1,48,48,48,4,1,4,4,4
9,60,9.421e-06,1,9.421e-06,9.421e-06,9.421e-06,48,1,48,48,48,4,1,4,4,4
9,60,9.349e-06,1,9.349e-06,9.349e-06,9.349e-06,55,1,55,55,55,5,1,5,5,5
9,60,9.625e-06,1,9.625e-06,9.625e-06,9.625e-06,46,1,46,46,46,4,1,4,4,4
9,60,9.55e-06,1,9.55e-06,9.55e-06,9.55e-06,50,1,50,50,50,4,1,4,4,4
9,60,9.721e-06,1,9.721e-06,9.721e-06,9.721e-06,48,1,48,48,48,4,1,4,4,4
9,60,9.68e-06,1,9.68e-06,9.68e-06,9.68e-06,45,1,45,45,45,3,1,3,3,3
9,60,9.515e-06,1,9.515e-06,9.515e-06,9.515e-06,50,1,50,50,50,4,1,4,4,4
9,60,9.541e-06,1,9.541e-06,9.541e-06,9.541e-06,50,1,50,50,50,4,1,4,4,4
9,60,1.0033e-05,1,1.0033e-05,1.0033e-05,1.0033e-05,58,1,58,58,58,5,1,5,5,5
9,60,9.863e-06,1,9.863e-06,9.863e-06,9.863e-06,47,1,47,47,47,4,1,4,4,4
9,60,9.666e-06,1,9.666e-06,9.666e-06,9.666e-06,48,1,48,48,48,4,1,4,4,4
9,60,9.541e-06,1,9.541e-06,9.541e-06,9.541e-06,50,1,50,50,50,4,1,4,4,4
9,60,9.797e-06,1,9.797e-06,9.797e-06,9.797e-06,49,1,49,49,49,4,1,4,4,4
9,60,9.853e-06,1,9.853e-06,9.853e-06,9.853e-06,56,1,56,56,56,5,1,5,5,5
9,60,9.607e-06,1,9.607e-06,9.607e-06,9.607e-06,50,1,50,50,50,4,1,4,4,4
9,60,1.0056e-05,1,1.0056e-05,1.0056e-05,1.0056e-05,50,1,50,50,50,4,1,4,4,4
9,60,9.606e-06,1,9.606e-06,9.606e-06,9.606e-06,48,1,48,48,48,4,1,4,4,4
9,60,9.492e-06,1,9.492e-06,9.492e-06,9.492e-06,47,1,47,47,47,4,1,4,4,4
9,60,9.692e-06,1,9.692e-06,9.692e-06,9.692e-06,48,1,48,48,48,4,1,4,4,4
9,60,9.671e-06,1,9.671e-06,9.671e-06,9.671e-06,48,1,48,48,48,4,1,4,4,4
9,60,9.898e-06,1,9.898e-06,9.898e-06,9.898e-06,50,1,50,50,50,4,1,4,4,4
9,60,1.0065e-05,1,1.0065e-05,1.0065e-05,1.0065e-05,52,1,52,52,52,5,1,5,5,5
9,60,9.817e-06,1,9.817e-06,9.817e-06,9.817e-06,52,1,52,52,52,5,1,5,5,5
9,60,9.592e-06,1,9.592e-06,9.592e-06,9.592e-06,46,1,46,46,46,4,1,4,4,4
9,60,1.0344e-05,1,1.0344e-05,1.0344e-05,1.0344e-05,54,1,54,54,54,5,1,5,5,5
9,60,9.854e-06,1,9.854e-06,9.854e-06,9.854e-06,46,1,46,46,46,4,1,4,4,4
9,60,9.828e-06,1,9.828e-06,9.828e-06,9.828e-06,53,1,53,53,53,4,1,4,4,4
9,60,9.922e-06,1,9.922e-06,9.922e-06,9.922e-06,50,1,50,50,50,4,1,4,4,4
9,60,9.957e-06,1,9.957e-06,9.957e-06,9.957e-06,52,1,52,52,52,5,1,5,5,5
9,60,9.484e-06,1,9.484e-06,9.484e-06,9.484e-06,47,1,47,47,47,3,1,3,3,3
9,60,1.0288e-05,1,1.0288e-05,1.0288e-05,1.0288e-05,56,1,56,56,56,5,1,5,5,5
9,60,9.525e-06,1,9.525e-06,9.525e-06,9.525e-06,52,1,52,52,52,5,1,5,5,5
9,60,1.024e-05,1,1.024e-05,1.024e-05,1.024e-05,54,1,54,54,54,6,1,6,6,6
9,60,9.773e-06,1,9.773e-06,9.773e-06,9.773e-06,49,1,49,49,49,4,1,4,4,4
9,60,9.711e-06,1,9.711e-06,9.711e-06,9.711e-06,46,1,46,46,46,4,1,4,4,4
9,60,9.725e-06,1,9.725e-06,9.725e-06,9.725e-06,48,1,48,48,48,4,1,4,4,4
9,60,9.885e-06,1,9.885e-06,9.885e-06,9.885e-06,57,1,57,57,57,6,1,6,6,6
9,60,9.72e-06,1,9.72e-06,9.72e-06,9.72e-06,54,1,54,54,54,4,1,4,4,4
9,60,9.455e-06,1,9.455e-06,9.455e-06,9.455e-06,48,1,48,48,48,4,1,4,4,4
9,60,9.611e-06,1,9.611e-06,9.611e-06,9.611e-06,55,1,55,55,55,5,1,5,5,5
9,60,9.842e-06,1,9.842e-06,9.842e-06,9.842e-06,46,1,46,46,46,4,1,4,4,4
9,60,9.655e-06,1,9.655e-06,9.655e-06,9.655e-06,45,1,45,45,45,3,1,3,3,3
9,60,9.541e-06,1,9.541e-06,9.541e-06,9.541e-06,50,1,50,50,50,4,1,4,4,4
9,60,2.6494e-05,1,2.6494e-05,2.6494e-05,2.6494e-05,50,1,50,50,50,4,1,4,4,4
9,60,1.046e-05,1,1.046e-05,1.046e-05,1.046e-05,49,1,49,49,49,4,1,4,4,4
9,60,1.03e-05,1,1.03e-05,1.03e-05,1.03e-05,52,1,52,52,52,5,1,5,5,5
9,60,1.0067e-05,1,1.0067e-05,1.0067e-05,1.0067e-05,48,1,48,48,48,4,1,4,4,4
9,60,1.0639e-05,1,1.0639e-05,1.0639e-05,1.0639e-05,50,1,50,50,50,4,1,4,4,4
9,60,1.0294e-05,1,1.0294e-05,1.0294e-05,1.0294e-05,50,1,50,50,50,4,1,4,4,4
9,60,1.0527e-05,1,1.0527e-05,1.0527e-05,1.0527e-05,49,1,49,49,49,4,1,4,4,4
9,60,1.0335e-05,1,1.0335e-05,1.0335e-05,1.0335e-05,50,1,50,50,50,4,1,4,4,4
9,60,1.0074e-05,1,1.0074e-05,1.0074e-05,1.0074e-05,51,1,51,51,51,4,1,4,4,4
9,60,1.0574e-05,1,1.0574e-05,1.0574e-05,1.0574e-05,55,1,55,55,55,5,1,5,5,5
9,60,1.062e-05,1,1.062e-05,1.062e-05,1.062e-05,56,1,56,56,56,5,1,5,5,5
9,60,1.0487e-05,1,1.0487e-05,1.0487e-05,1.0487e-05,52,1,52,52,52,5,1,5,5,5
9,60,1.0246e-05,1,1.0246e-05,1.0246e-05,1.0246e-05,48,1,48,48,48,4,1,4,4,4
9,60,9.673e-06,1,9.673e-06,9.673e-06,9.673e-06,52,1,52,52,52,5,1,5,5,5
9,60,1.0087e-05,1,1.0087e-05,1.0087e-05,1.0087e-05,49,1,49,49,49,4,1,4,4,4
9,60,9.864e-06,1,9.864e-06,9.864e-06,9.864e-06,55,1,55,55,55,5,1,5,5,5
9,60,9.639e-06,1,9.639e-06,9.639e-06,9.639e-06,47,1,47,47,47,4,1,4,4,4
9,60,9.837e-06,1,9.837e-06,9.837e-06,9.837e-06,45,1,45,45,45,3,1,3,3,3
9,60,9.323e-06,1,9.323e-06,9.323e-06,9.323e-06,50,1,50,50,50,4,1,4,4,4
9,60,9.928e-06,1,9.928e-06,9.928e-06,9.928e-06,53,1,53,53,53,5,1,5,5,5
9,60,1.0329e-05,1,1.0329e-05,1.0329e-05,1.0329e-05,52,1,52,52,52,5,1,5,5,5
9,60,9.644e-06,1,9.644e-06,9.644e-06,9.644e-06,49,1,49,49,49,4,1,4,4,4
9,60,9.681e-06,1,9.681e-06,9.681e-06,9.681e-06,51,1,51,51,51,4,1,4,4,4
9,60,1.0143e-05,1,1.0143e-05,1.0143e-05,1.0143e-05,51,1,51,51,51,4,1,4,4,4
9,60,1.0135e-05,1,1.0135e-05,1.0135e-05,1.0135e-05,55,1,55,55,55,5,1,5,5,5
9,60,9.652e-06,1,9.652e-06,9.652e-06,9.652e-06,52,1,52,52,52,5,1,5,5,5
9,60,1.0009e-05,1,1.0009e-05,1.0009e-05,1.0009e-05,51,1,51,51,51,4,1,4,4,4
9,60,9.855e-06,1,9.855e-06,9.855e-06,9.855e-06,55,1,55,55,55,5,1,5,5,5
9,60,9.762e-06,1,9.762e-06,9.762e-06,9.762e-06,51,1,51,51,51,4,1,4,4,4
9,60,9.875e-06,1,9.875e-06,9.875e-06,9.875e-06,50,1,50,50,50,4,1,4,4,4
9,60,9.821e-06,1,9.821e-06,9.821e-06,9.821e-06,49,1,49,49,49,4,1,4,4,4
9,60,9.71e-06,1,9.71e-06,9.71e-06,9.71e-06,52,1,52,52,52,5,1,5,5,5
9,60,1.0192e-05,1,1.0192e-05,1.0192e-05,1.0192e-05,49,1,49,49,49,4,1,4,4,4
9,60,1.0174e-05,1,1.0174e-05,1.0174e-05,1.0174e-05,48,1,48,48,48,4,1,4,4,4
9,60,1.0223e-05,1,1.0223e-05,1.0223e-05,1.0223e-05,48,1,48,48,48,4,1,4,4,4
9,60,1.004e-05,1,1.004e-05,1.004e-05,1.004e-05,52,1,52,52,52,5,1,5,5,5
9,60,9.701e-06,1,9.701e-06,9.701e-06,9.701e-06,54,1,54,54,54,5,1,5,5,5
9,60,9.686e-06,1,9.686e-06,9.686e-06,9.686e-06,53,1,53,53,53,5,1,5,5,5
9,60,9.484e-06,1,9.484e-06,9.484e-06,9.484e-06,44,1,44,44,44,3,1,3,3,3
9,60,9.891e-06,1,9.891e-06,9.891e-06,9.891e-06,49,1,49,49,49,4,1,4,4,4
9,60,1.014e-05,1,1.014e-05,1.014e-05,1.014e-05,50,1,50,50,50,4,1,4,4,4
9,60,9.362e-06,1,9.362e-06,9.362e-06,9.362e-06,47,1,47,47,47,4,1,4,4,4
9,60,1.0153e-05,1,1.0153e-05,1.0153e-05,1.0153e-05,52,1,52,52,52,5,1,5,5,5
9,60,9.736e-06,1,9.736e-06,9.736e-06,9.736e-06,50,1,50,50,50,4,1,4,4,4
9,60,9.447e-06,1,9.447e-06,9.447e-06,9.447e-06,51,1,51,51,51,4,1,4,4,4
9,60,1.0011e-05,1,1.0011e-05,1.0011e-05,1.0011e-05,52,1,52,52,52,5,1,5,5,5
9,60,9.516e-06,1,9.516e-06,9.516e-06,9.516e-06,49,1,49,49,49,4,1,4,4,4
9,60,9.467e-06,1,9.467e-06,9.467e-06,9.467e-06,48,1,48,48,48,4,1,4,4,4
9,60,9.157e-06,1,9.157e-06,9.157e-06,9.157e-06,48,1,48,48,48,4,1,4,4,4
9,60,1.0342e-05,1,1.0342e-05,1.0342e-05,1.0342e-05,50,1,50,50,50,4,1,4,4,4
9,60,9.905e-06,1,9.905e-06,9.905e-06,9.905e-06,49,1,49,49,49,4,1,4,4,4
9,60,9.82e-06,1,9.82e-06,9.82e-06,9.82e-06,48,1,48,48,48,4,1,4,4,4
9,60,9.868e-06,1,9.868e-06,9.868e-06,9.868e-06,46,1,46,46,46,4,1,4,4,4
9,60,9.894e-06,1,9.894e-06,9.894e-06,9.894e-06,50,1,50,50,50,4,1,4,4,4
9,60,9.927e-06,1,9.927e-06,9.927e-06,9.927e-06,48,1,48,48,48,4,1,4,4,4
9,60,9.906e-06,1,9.906e-06,9.906e-06,9.906e-06,50,1,50,50,50,5,1,5,5,5
9,60,9.589e-06,1,9.589e-06,9.589e-06,9.589e-06,49,1,49,49,49,4,1,4,4,4
9,60,9.448e-06,1,9.448e-06,9.448e-06,9.448e-06,50,1,50,50,50,4,1,4,4,4
9,60,9.706e-06,1,9.706e-06,9.706e-06,9.706e-06,51,1,51,51,51,4,1,4,4,4
9,60,9.959e-06,1,9.959e-06,9.959e-06,9.959e-06,48,1,48,48,48,4,1,4,4,4
9,60,9.506e-06,1,9.506e-06,9.506e-06,9.506e-06,52,1,52,52,52,5,1,5,5,5
9,60,1.0165e-05,1,1.0165e-05,1.0165e-05,1.0165e-05,52,1,52,52,52,5,1,5,5,5
9,60,9.717e-06,1,9.717e-06,9.717e-06,9.717e-06,52,1,52,52,52,5,1,5,5,5
9,60,9.872e-06,1,9.872e-06,9.872e-06,9.872e-06,48,1,48,48,48,4,1,4,4,4
9,60,9.699e-06,1,9.699e-06,9.699e-06,9.699e-06,51,1,51,51,51,4,1,4,4,4
9,60,1.0485e-05,1,1.0485e-05,1.0485e-05,1.0485e-05,49,1,49,49,49,4,1,4,4,4
9,60,1.038e-05,1,1.038e-05,1.038e-05,1.038e-05,50,1,50,50,50,5,1,5,5,5
9,60,1.046e-05,1,1.046e-05,1.046e-05,1.046e-05,57,1,57,57,57,6,1,6,6,6
9,60,9.723e-06,1,9.723e-06,9.723e-06,9.723e-06,49,1,49,49,49,5,1,5,5,5
9,60,1.0001e-05,1,1.0001e-05,1.0001e-05,1.0001e-05,48,1,48,48,48,4,1,4,4,4
9,60,9.697e-06,1,9.697e-06,9.697e-06,9.697e-06,50,1,50,50,50,4,1,4,4,4
9,60,9.946e-06,1,9.946e-06,9.946e-06,9.946e-06,48,1,48,48,48,4,1,4,4,4
9,60,1.0158e-05,1,1.0158e-05,1.0158e-05,1.0158e-05,55,1,55,55,55,5,1,5,5,5
9,60,1.0177e-05,1,1.0177e-05,1.0177e-05,1.0177e-05,48,1,48,48,48,4,1,4,4,4
9,60,9.913e-06,1,9.913e-06,9.913e-06,9.913e-06,49,1,49,49,49,4,1,4,4,4
9,60,9.802e-06,1,9.802e-06,9.802e-06,9.802e-06,48,1,48,48,48,4,1,4,4,4
9,60,9.89e-06,1,9.89e-06,9.89e-06,9.89e-06,49,1,49,49,49,4,1,4,4,4
9,60,9.744e-06,1,9.744e-06,9.744e-06,9.744e-06,55,1,55,55,55,5,1,5,5,5
9,60,1.0143e-05,1,1.0143e-05,1.0143e-05,1.0143e-05,49,1,49,49,49,4,1,4,4,4
9,60,9.58e-06,1,9.58e-06,9.58e-06,9.58e-06,51,1,51,51,51,4,1,4,4,4
9,60,9.827e-06,1,9.827e-06,9.827e-06,9.827e-06,51,1,51,51,51,5,1,5,5,5
9,60,9.504e-06,1,9.504e-06,9.504e-06,9.504e-06,50,1,50,50,50,4,1,4,4,4
9,60,9.663e-06,1,9.663e-06,9.663e-06,9.663e-06,48,1,48,48,48,4,1,4,4,4
9,60,1.0009e-05,1,1.0009e-05,1.0009e-05,1.0009e-05,52,1,52,52,52,5,1,5,5,5
9,60,9.45e-06,1,9.45e-06,9.45e-06,9.45e-06,46,1,46,46,46,3,1,3,3,3
9,60,9.783e-06,1,9.783e-06,9.783e-06,9.783e-06,48,1,48,48,48,4,1,4,4,4
9,60,9.624e-06,1,9.624e-06,9.624e-06,9.624e-06,48,1,48,48,48,4,1,4,4,4
9,60,9.931e-06,1,9.931e-06,9.931e-06,9.931e-06,51,1,51,51,51,5,1,5,5,5
9,60,9.478e-06,1,9.478e-06,9.478e-06,9.478e-06,50,1,50,50,50,4,1,4,4,4
9,60,9.443e-06,1,9.443e-06,9.443e-06,9.443e-06,47,1,47,47,47,3,1,3,3,3
9,60,9.851e-06,1,9.851e-06,9.851e-06,9.851e-06,51,1,51,51,51,5,1,5,5,5
9,60,9.791e-06,1,9.791e-06,9.791e-06,9.791e-06,49,1,49,49,49,4,1,4,4,4
9,60,1.026e-05,1,1.026e-05,1.026e-05,1.026e-05,47,1,47,47,47,4,1,4,4,4
9,60,9.822e-06,1,9.822e-06,9.822e-06,9.822e-06,50,1,50,50,50,4,1,4,4,4
9,60,9.69e-06,1,9.69e-06,9.69e-06,9.69e-06,46,1,46,46,46,4,1,4,4,4
9,60,9.856e-06,1,9.856e-06,9.856e-06,9.856e-06,50,1,50,50,50,4,1,4,4,4
9,60,9.865e-06,1,9.865e-06,9.865e-06,9.865e-06,47,1,47,47,47,4,1,4,4,4
9,60,9.644e-06,1,9.644e-06,9.644e-06,9.644e-06,47,1,47,47,47,4,1,4,4,4
9,60,9.702e-06,1,9.702e-06,9.702e-06,9.702e-06,46,1,46,46,46,3,1,3,3,3
9,60,9.949e-06,1,9.949e-06,9.949e-06,9.949e-06,49,1,49,49,49,5,1,5,5,5
9,60,9.788e-06,1,9.788e-06,9.788e-06,9.788e-06,52,1,52,52,52,5,1,5,5,5
9,60,9.883e-06,1,9.883e-06,9.883e-06,9.883e-06,44,1,44,44,44,3,1,3,3,3
9,60,1.0098e-05,1,1.0098e-05,1.0098e-05,1.0098e-05,51,1,51,51,51,4,1,4,4,4
9,60,1.002e-05,1,1.002e-05,1.002e-05,1.002e-05,46,1,46,46,46,4,1,4,4,4
9,60,9.641e-06,1,9.641e-06,9.641e-06,9.641e-06,50,1,50,50,50,4,1,4,4,4
9,60,1.0201e-05,1,1.0201e-05,1.0201e-05,1.0201e-05,52,1,52,52,52,5,1,5,5,5
9,60,9.544e-06,1,9.544e-06,9.544e-06,9.544e-06,50,1,50,50,50,5,1,5,5,5
