n,p,time_total,time_count,time_mean,time_min,time_max,steps_total,steps_count,steps_mean,steps_min,steps_max,number_total,number_count,number_mean,number_min,number_max
15,60,2.9816e-05,1,2.9816e-05,2.9816e-05,2.9816e-05,136,1,136,136,136,6,1,6,6,6
15,60,2.185e-05,1,2.185e-05,2.185e-05,2.185e-05,142,1,142,142,142,6,1,6,6,6
15,60,2.2068e-05,1,2.2068e-05,2.2068e-05,2.2068e-05,141,1,141,141,141,6,1,6,6,6
15,60,2.1056e-05,1,2.1056e-05,2.1056e-05,2.1056e-05,142,1,142,142,142,6,1,6,6,6
15,60,2.2033e-05,1,2.2033e-05,2.2033e-05,2.2033e-05,143,1,143,143,143,6,1,6,6,6
15,60,2.1768e-05,1,2.1768e-05,2.1768e-05,2.1768e-05,140,1,140,140,140,6,1,6,6,6
15,60,2.1523e-05,1,2.1523e-05,2.1523e-05,2.1523e-05,132,1,132,132,132,5,1,5,5,5
15,60,2.152e-05,1,2.152e-05,2.152e-05,2.152e-05,142,1,142,142,142,6,1,6,6,6
15,60,2.2015e-05,1,2.2015e-05,2.2015e-05,2.2015e-05,147,1,147,147,147,7,1,7,7,7
15,60,2.1885e-05,1,2.1885e-05,2.1885e-05,2.1885e-05,145,1,145,145,145,6,1,6,6,6
15,60,2.1446e-05,1,2.1446e-05,2.1446e-05,2.1446e-05,141,1,141,141,141,6,1,6,6,6
15,60,2.1856e-05,1,2.1856e-05,2.1856e-05,2.1856e-05,141,1,141,141,141,6,1,6,6,6
15,60,2.1341e-05,1,2.1341e-05,2.1341e-05,2.1341e-05,135,1,135,135,135,5,1,5,5,5
15,60,2.2356e-05,1,2.2356e-05,2.2356e-05,2.2356e-05,146,1,146,146,146,6,1,6,6,6
15,60,2.1901e-05,1,2.1901e-05,2.1901e-05,2.1901e-05,151,1,151,151,151,7,1,7,7,7
15,60,2.2105e-05,1,2.2105e-05,2.2105e-05,2.2105e-05,142,1,142,142,142,6,1,6,6,6
15,60,2.2152e-05,1,2.2152e-05,2.2152e-05,2.2152e-05,137,1,137,137,137,5,1,5,5,5
15,60,2.1568e-05,1,2.1568e-05,2.1568e-05,2.1568e-05,139,1,139,139,139,6,1,6,6,6
15,60,2.1292e-05,1,2.1292e-05,2.1292e-05,2.1292e-05,143,1,143,143,143,7,1,7,7,7
15,60,2.1528e-05,1,2.1528e-05,2.1528e-05,2.1528e-05,144,1,144,144,144,6,1,6,6,6
15,60,2.1761e-05,1,2.1761e-05,2.1761e-05,2.1761e-05,142,1,142,142,142,6,1,6,6,6
15,60,2.1729e-05,1,2.1729e-05,2.1729e-05,2.1729e-05,139,1,139,139,139,6,1,6,6,6
15,60,2.142e-05,1,2.142e-05,2.142e-05,2.142e-05,141,1,141,141,141,6,1,6,6,6
15,60,2.1993e-05,1,2.1993e-05,2.1993e-05,2.1993e-05,144,1,144,144,144,6,1,6,6,6
15,60,2.1444e-05,1,2.1444e-05,2.1444e-05,2.1444e-05,147,1,147,147,147,6,1,6,6,6
15,60,2.1432e-05,1,2.1432e-05,2.1432e-05,2.1432e-05,132,1,132,132,132,5,1,5,5,5
15,60,2.1265e-05,1,2.1265e-05,2.1265e-05,2.1265e-05,139,1,139,139,139,6,1,6,6,6
15,60,3.3673e-05,1,3.3673e-05,3.3673e-05,3.3673e-05,149,1,149,149,149,7,1,7,7,7
15,60,2.1896e-05,1,2.1896e-05,2.1896e-05,2.1896e-05,148,1,148,148,148,7,1,7,7,7
15,60,2.1902e-05,1,2.1902e-05,2.1902e-05,2.1902e-05,145,1,145,145,145,6,1,6,6,6
15,60,2.1539e-05,1,2.1539e-05,2.1539e-05,2.1539e-05,138,1,138,138,138,6,1,6,6,6
15,60,2.1074e-05,1,2.1074e-05,2.1074e-05,2.1074e-05,136,1,136,136,136,5,1,5,5,5
15,60,2.1982e-05,1,2.1982e-05,2.1982e-05,2.1982e-05,138,1,138,138,138,6,1,6,6,6
15,60,2.0956e-05,1,2.0956e-05,2.0956e-05,2.0956e-05,146,1,146,146,146,7,1,7,7,7
15,60,2.1521e-05,1,2.1521e-05,2.1521e-05,2.1521e-05,140,1,140,140,140,6,1,6,6,6
15,60,2.205e-05,1,2.205e-05,2.205e-05,2.205e-05,141,1,141,141,141,6,1,6,6,6
15,60,2.1643e-05,1,2.1643e-05,2.1643e-05,2.1643e-05,145,1,145,145,145,7,1,7,7,7
15,60,2.1634e-05,1,2.1634e-05,2.1634e-05,2.1634e-05,136,1,136,136,136,6,1,6,6,6
15,60,2.137e-05,1,2.137e-05,2.137e-05,2.137e-05,141,1,141,141,141,6,1,6,6,6
15,60,2.1598e-05,1,2.1598e-05,2.1598e-05,2.1598e-05,135,1,135,135,135,5,1,5,5,5
15,60,2.2135e-05,1,2.2135e-05,2.2135e-05,2.2135e-05,138,1,138,138,138,5,1,5,5,5
15,60,2.3004e-05,1,2.3004e-05,2.3004e-05,2.3004e-05,140,1,140,140,140,6,1,6,6,6
15,60,3.8157e-05,1,3.8157e-05,3.8157e-05,3.8157e-05,136,1,136,136,136,6,1,6,6,6
15,60,2.0852e-05,1,2.0852e-05,2.0852e-05,2.0852e-05,138,1,138,138,138,5,1,5,5,5
15,60,2.1162e-05,1,2.1162e-05,2.1162e-05,2.1162e-05,136,1,136,136,136,6,1,6,6,6
15,60,2.2896e-05,1,2.2896e-05,2.2896e-05,2.2896e-05,132,1,132,132,132,5,1,5,5,5
15,60,2.2375e-05,1,2.2375e-05,2.2375e-05,2.2375e-05,140,1,140,140,140,6,1,6,6,6
15,60,2.219e-05,1,2.219e-05,2.219e-05,2.219e-05,144,1,144,144,144,6,1,6,6,6
15,60,2.1832e-05,1,2.1832e-05,2.1832e-05,2.1832e-05,136,1,136,136,136,6,1,6,6,6
15,60,2.1857e-05,1,2.1857e-05,2.1857e-05,2.1857e-05,135,1,135,135,135,6,1,6,6,6
15,60,2.1413e-05,1,2.1413e-05,2.1413e-05,2.1413e-05,135,1,135,135,135,6,1,6,6,6
15,60,2.232e-05,1,2.232e-05,2.232e-05,2.232e-05,142,1,142,142,142,7,1,7,7,7
15,60,2.187e-05,1,2.187e-05,2.187e-05,2.187e-05,139,1,139,139,139,6,1,6,6,6
15,60,2.1717e-05,1,2.1717e-05,2.1717e-05,2.1717e-05,135,1,135,135,135,6,1,6,6,6
15,60,2.1471e-05,1,2.1471e-05,2.1471e-05,2.1471e-05,137,1,137,137,137,5,1,5,5,5
15,60,2.1747e-05,1,2.1747e-05,2.1747e-05,2.1747e-05,145,1,145,145,145,6,1,6,6,6
15,60,2.1377e-05,1,2.1377e-05,2.1377e-05,2.1377e-05,141,1,141,141,141,6,1,6,6,6
15,60,2.2777e-05,1,2.2777e-05,2.2777e-05,2.2777e-05,135,1,135,135,135,6,1,6,6,6
15,60,2.1719e-05,1,2.1719e-05,2.1719e-05,2.1719e-05,148,1,148,148,148,7,1,7,7,7
15,60,2.1316e-05,1,2.1316e-05,2.1316e-05,2.1316e-05,134,1,134,134,134,5,1,5,5,5
15,60,2.1238e-05,1,2.1238e-05,2.1238e-05,2.1238e-05,137,1,137,137,137,6,1,6,6,6
15,60,2.306e-05,1,2.306e-05,2.306e-05,2.306e-05,142,1,142,142,142,7,1,7,7,7
15,60,2.1682e-05,1,2.1682e-05,2.1682e-05,2.1682e-05,142,1,142,142,142,7,1,7,7,7
15,60,2.0803e-05,1,2.0803e-05,2.0803e-05,2.0803e-05,142,1,142,142,142,6,1,6,6,6
15,60,2.1785e-05,1,2.1785e-05,2.1785e-05,2.1785e-05,147,1,147,147,147,7,1,7,7,7
15,60,2.2499e-05,1,2.2499e-05,2.2499e-05,2.2499e-05,139,1,139,139,139,6,1,6,6,6
15,60,2.1672e-05,1,2.1672e-05,2.1672e-05,2.1672e-05,145,1,145,145,145,6,1,6,6,6
15,60,2.1654e-05,1,2.1654e-05,2.1654e-05,2.1654e-05,137,1,137,137,137,6,1,6,6,6
15,60,2.1371e-05,1,2.1371e-05,2.1371e-05,2.1371e-05,137,1,137,137,137,6,1,6,6,6
15,60,2.1913e-05,1,2.1913e-05,2.1913e-05,2.1913e-05,138,1,138,138,138,6,1,6,6,6
15,60,2.1866e-05,1,2.1866e-05,2.1866e-05,2.1866e-05,137,1,137,137,137,5,1,5,5,5
15,60,2.14e-05,1,2.14e-05,2.14e-05,2.14e-05,149,1,149,149,149,7,1,7,7,7
15,60,2.2706e-05,1,2.2706e-05,2.2706e-05,2.2706e-05,140,1,140,140,140,6,1,6,6,6
15,60,2.1525e-05,1,2.1525e-05,2.1525e-05,2.1525e-05,142,1,142,142,142,6,1,6,6,6
15,60,2.202e-05,1,2.202e-05,2.202e-05,2.202e-05,145,1,145,145,145,7,1,7,7,7
15,60,2.1781e-05,1,2.1781e-05,2.1781e-05,2.1781e-05,135,1,135,135,135,6,1,6,6,6
15,60,2.1926e-05,1,2.1926e-05,2.1926e-05,2.1926e-05,148,1,148,148,148,7,1,7,7,7
15,60,2.1955e-05,1,2.1955e-05,2.1955e-05,2.1955e-05,136,1,136,136,136,6,1,6,6,6
15,60,2.1632e-05,1,2.1632e-05,2.1632e-05,2.1632e-05,142,1,142,142,142,7,1,7,7,7
15,60,2.1692e-05,1,2.1692e-05,2.1692e-05,2.1692e-05,134,1,134,134,134,5,1,5,5,5
15,60,2.1248e-05,1,2.1248e-05,2.1248e-05,2.1248e-05,136,1,136,136,136,6,1,6,6,6
15,60,2.1465e-05,1,2.1465e-05,2.1465e-05,2.1465e-05,142,1,142,142,142,6,1,6,6,6
15,60,2.1445e-05,1,2.1445e-05,2.1445e-05,2.1445e-05,141,1,141,141,141,6,1,6,6,6
15,60,2.2053e-05,1,2.2053e-05,2.2053e-05,2.2053e-05,143,1,143,143,143,6,1,6,6,6
15,60,2.1884e-05,1,2.1884e-05,2.1884e-05,2.1884e-05,136,1,136,136,136,5,1,5,5,5
15,60,2.2023e-05,1,2.2023e-05,2.2023e-05,2.2023e-05,143,1,143,143,143,6,1,6,6,6
15,60,2.1594e-05,1,2.1594e-05,2.1594e-05,2.1594e-05,145,1,145,145,145,7,1,7,7,7
15,60,2.2254e-05,1,2.2254e-05,2.2254e-05,2.2254e-05,141,1,141,141,141,6,1,6,6,6
15,60,2.3309e-05,1,2.3309e-05,2.3309e-05,2.3309e-05,136,1,136,136,136,6,1,6,6,6
15,60,2.399e-05,1,2.399e-05,2.399e-05,2.399e-05,144,1,144,144,144,6,1,6,6,6
15,60,2.2882e-05,1,2.2882e-05,2.2882e-05,2.2882e-05,143,1,143,143,143,6,1,6,6,6
15,60,2.2695e-05,1,2.2695e-05,2.2695e-05,2.2695e-05,144,1,144,144,144,6,1,6,6,6
15,60,2.3851e-05,1,2.3851e-05,2.3851e-05,2.3851e-05,141,1,141,141,141,7,1,7,7,7
15,60,2.3403e-05,1,2.3403e-05,2.3403e-05,2.3403e-05,145,1,145,145,145,7,1,7,7,7
15,60,2.3354e-05,1,2.3354e-05,2.3354e-05,2.3354e-05,145,1,145,145,145,7,1,7,7,7
15,60,2.2142e-05,1,2.2142e-05,2.2142e-05,2.2142e-05,143,1,143,143,143,6,1,6,6,6
15,60,2.1511e-05,1,2.1511e-05,2.1511e-05,2.1511e-05,145,1,145,145,145,6,1,6,6,6
15,60,2.2141e-05,1,2.2141e-05,2.2141e-05,2.2141e-05,143,1,143,143,143,6,1,6,6,6
15,60,2.1046e-05,1,2.1046e-05,2.1046e-05,2.1046e-05,136,1,136,136,136,5,1,5,5,5
15,60,2.1504e-05,1,2.1504e-05,2.1504e-05,2.1504e-05,145,1,145,145,145,7,1,7,7,7
15,60,2.1187e-05,1,2.1187e-05,2.1187e-05,2.1187e-05,141,1,141,141,141,6,1,6,6,6
15,60,2.2086e-05,1,2.2086e-05,2.2086e-05,2.2086e-05,143,1,143,143,143,6,1,6,6,6
15,60,2.2153e-05,1,2.2153e-05,2.2153e-05,2.2153e-05,139,1,139,139,139,6,1,6,6,6
15,60,2.179e-05,1,2.179e-05,2.179e-05,2.179e-05,141,1,141,141,141,7,1,7,7,7
15,60,2.1373e-05,1,2.1373e-05,2.1373e-05,2.1373e-05,138,1,138,138,138,5,1,5,5,5
15,60,2.1496e-05,1,2.1496e-05,2.1496e-05,2.1496e-05,129,1,129,129,129,5,1,5,5,5
15,60,2.1631e-05,1,2.1631e-05,2.1631e-05,2.1631e-05,138,1,138,138,138,6,1,6,6,6
15,60,2.1007e-05,1,2.1007e-05,2.1007e-05,2.1007e-05,143,1,143,143,143,6,1,6,6,6
15,60,2.0943e-05,1,2.0943e-05,2.0943e-05,2.0943e-05,133,1,133,133,133,5,1,5,5,5
15,60,2.2306e-05,1,2.2306e-05,2.2306e-05,2.2306e-05,146,1,146,146,146,7,1,7,7,7
15,60,2.2683e-05,1,2.2683e-05,2.2683e-05,2.2683e-05,149,1,149,149,149,7,1,7,7,7
15,60,2.1217e-05,1,2.1217e-05,2.1217e-05,2.1217e-05,132,1,132,132,132,5,1,5,5,5
15,60,2.2709e-05,1,2.2709e-05,2.2709e-05,2.2709e-05,142,1,142,142,142,6,1,6,6,6
15,60,2.0999e-05,1,2.0999e-05,2.0999e-05,2.0999e-05,140,1,140,140,140,6,1,6,6,6
15,60,2.191e-05,1,2.191e-05,2.191e-05,2.191e-05,143,1,143,143,143,6,1,6,6,6
15,60,2.1738e-05,1,2.1738e-05,2.1738e-05,2.1738e-05,142,1,142,142,142,6,1,6,6,6
15,60,2.129e-05,1,2.129e-05,2.129e-05,2.129e-05,140,1,140,140,140,7,1,7,7,7
15,60,2.1447e-05,1,2.1447e-05,2.1447e-05,2.1447e-05,134,1,134,134,134,6,1,6,6,6
15,60,2.2033e-05,1,2.2033e-05,2.2033e-05,2.2033e-05,136,1,136,136,136,5,1,5,5,5
15,60,2.2565e-05,1,2.2565e-05,2.2565e-05,2.2565e-05,152,1,152,152,152,8,1,8,8,8
15,60,2.2204e-05,1,2.2204e-05,2.2204e-05,2.2204e-05,143,1,143,143,143,7,1,7,7,7
15,60,2.2695e-05,1,2.2695e-05,2.2695e-05,2.2695e-05,139,1,139,139,139,6,1,6,6,6
15,60,2.2097e-05,1,2.2097e-05,2.2097e-05,2.2097e-05,142,1,142,142,142,6,1,6,6,6
15,60,2.1129e-05,1,2.1129e-05,2.1129e-05,2.1129e-05,133,1,133,133,133,5,1,5,5,5
15,60,2.111e-05,1,2.111e-05,2.111e-05,2.111e-05,133,1,133,133,133,5,1,5,5,5
15,60,2.1072e-05,1,2.1072e-05,2.1072e-05,2.1072e-05,142,1,142,142,142,6,1,6,6,6
15,60,2.196e-05,1,2.196e-05,2.196e-05,2.196e-05,141,1,141,141,141,6,1,6,6,6
15,60,2.1847e-05,1,2.1847e-05,2.1847e-05,2.1847e-05,138,1,138,138,138,6,1,6,6,6
15,60,2.2182e-05,1,2.2182e-05,2.2182e-05,2.2182e-05,150,1,150,150,150,7,1,7,7,7
15,60,2.2145e-05,1,2.2145e-05,2.2145e-05,2.2145e-05,142,1,142,142,142,6,1,6,6,6
15,60,2.1639e-05,1,2.1639e-05,2.1639e-05,2.1639e-05,136,1,136,136,136,6,1,6,6,6
15,60,2.204e-05,1,2.204e-05,2.204e-05,2.204e-05,144,1,144,144,144,7,1,7,7,7
15,60,2.2307e-05,1,2.2307e-05,2.2307e-05,2.2307e-05,142,1,142,142,142,6,1,6,6,6
15,60,2.1724e-05,1,2.1724e-05,2.1724e-05,2.1724e-05,141,1,141,141,141,6,1,6,6,6
15,60,2.1911e-05,1,2.1911e-05,2.1911e-05,2.1911e-05,145,1,145,145,145,6,1,6,6,6
15,60,2.2379e-05,1,2.2379e-05,2.2379e-05,2.2379e-05,146,1,146,146,146,7,1,7,7,7
15,60,2.0079e-05,1,2.0079e-05,2.0079e-05,2.0079e-05,135,1,135,135,135,5,1,5,5,5
15,60,2.2861e-05,1,2.2861e-05,2.2861e-05,2.2861e-05,137,1,137,137,137,6,1,6,6,6
15,60,2.275e-05,1,2.275e-05,2.275e-05,2.275e-05,144,1,144,144,144,7,1,7,7,7
15,60,2.2695e-05,1,2.2695e-05,2.2695e-05,2.2695e-05,137,1,137,137,137,6,1,6,6,6
15,60,2.2613e-05,1,2.2613e-05,2.2613e-05,2.2613e-05,138,1,138,138,138,6,1,6,6,6
15,60,2.136e-05,1,2.136e-05,2.136e-05,2.136e-05,144,1,144,144,144,6,1,6,6,6
15,60,2.1447e-05,1,2.1447e-05,2.1447e-05,2.1447e-05,139,1,139,139,139,6,1,6,6,6
15,60,2.2002e-05,1,2.2002e-05,2.2002e-05,2.2002e-05,142,1,142,142,142,7,1,7,7,7
15,60,2.1787e-05,1,2.1787e-05,2.1787e-05,2.1787e-05,149,1,149,149,149,6,1,6,6,6
15,60,2.1294e-05,1,2.1294e-05,2.1294e-05,2.1294e-05,156,1,156,156,156,7,1,7,7,7
15,60,2.2351e-05,1,2.2351e-05,2.2351e-05,2.2351e-05,142,1,142,142,142,7,1,7,7,7
15,60,2.1682e-05,1,2.1682e-05,2.1682e-05,2.1682e-05,140,1,140,140,140,7,1,7,7,7
15,60,2.2363e-05,1,2.2363e-05,2.2363e-05,2.2363e-05,145,1,145,145,145,6,1,6,6,6
15,60,2.1423e-05,1,2.1423e-05,2.1423e-05,2.1423e-05,133,1,133,133,133,5,1,5,5,5
15,60,2.2382e-05,1,2.2382e-05,2.2382e-05,2.2382e-05,137,1,137,137,137,6,1,6,6,6
15,60,2.1574e-05,1,2.1574e-05,2.1574e-05,2.1574e-05,136,1,136,136,136,5,1,5,5,5
15,60,2.1482e-05,1,2.1482e-05,2.1482e-05,2.1482e-05,129,1,129,129,129,5,1,5,5,5
15,60,2.1034e-05,1,2.1034e-05,2.1034e-05,2.1034e-05,135,1,135,135,135,6,1,6,6,6
15,60,2.2706e-05,1,2.2706e-05,2.2706e-05,2.2706e-05,142,1,142,142,142,6,1,6,6,6
15,60,2.2546e-05,1,2.2546e-05,2.2546e-05,2.2546e-05,142,1,142,142,142,6,1,6,6,6
15,60,2.2296e-05,1,2.2296e-05,2.2296e-05,2.2296e-05,142,1,142,142,142,6,1,6,6,6
15,60,2.1878e-05,1,2.1878e-05,2.1878e-05,2.1878e-05,143,1,143,143,143,7,1,7,7,7
15,60,2.1466e-05,1,2.1466e-05,2.1466e-05,2.1466e-05,145,1,145,145,145,6,1,6,6,6
15,60,2.1587e-05,1,2.1587e-05,2.1587e-05,2.1587e-05,140,1,140,140,140,6,1,6,6,6
15,60,2.1317e-05,1,2.1317e-05,2.1317e-05,2.1317e-05,147,1,147,147,147,7,1,7,7,7
15,60,2.2127e-05,1,2.2127e-05,2.2127e-05,2.2127e-05,142,1,142,142,142,6,1,6,6,6
15,60,2.1593e-05,1,2.1593e-05,2.1593e-05,2.1593e-05,135,1,135,135,135,5,1,5,5,5
15,60,2.1278e-05,1,2.1278e-05,2.1278e-05,2.1278e-05,125,1,125,125,125,4,1,4,4,4
15,60,2.2038e-05,1,2.2038e-05,2.2038e-05,2.2038e-05,138,1,138,138,138,6,1,6,6,6
15,60,2.2276e-05,1,2.2276e-05,2.2276e-05,2.2276e-05,147,1,147,147,147,6,1,6,6,6
15,60,2.2067e-05,1,2.2067e-05,2.2067e-05,2.2067e-05,141,1,141,141,141,6,1,6,6,6
15,60,2.1435e-05,1,2.1435e-05,2.1435e-05,2.1435e-05,140,1,140,140,140,6,1,6,6,6
15,60,2.2009e-05,1,2.2009e-05,2.2009e-05,2.2009e-05,139,1,139,139,139,6,1,6,6,6
15,60,2.2233e-05,1,2.2233e-05,2.2233e-05,2.2233e-05,142,1,142,142,142,6,1,6,6,6
15,60,2.1917e-05,1,2.1917e-05,2.1917e-05,2.1917e-05,143,1,143,143,143,6,1,6,6,6
15,60,2.1363e-05,1,2.1363e-05,2.1363e-05,2.1363e-05,136,1,136,136,136,5,1,5,5,5
15,60,2.2134e-05,1,2.2134e-05,2.2134e-05,2.2134e-05,148,1,148,148,148,7,1,7,7,7
15,60,2.1646e-05,1,2.1646e-05,2.1646e-05,2.1646e-05,134,1,134,134,134,5,1,5,5,5
15,60,2.1405e-05,1,2.1405e-05,2.1405e-05,2.1405e-05,147,1,147,147,147,6,1,6,6,6
15,60,2.2098e-05,1,2.2098e-05,2.2098e-05,2.2098e-05,143,1,143,143,143,6,1,6,6,6
15,60,2.1346e-05,1,2.1346e-05,2.1346e-05,2.1346e-05,135,1,135,135,135,5,1,5,5,5
15,60,2.1899e-05,1,2.1899e-05,2.1899e-05,2.1899e-05,139,1,139,139,139,6,1,6,6,6
15,60,2.1975e-05,1,2.1975e-05,2.1975e-05,2.1975e-05,138,1,138,138,138,6,1,6,6,6
15,60,2.1582e-05,1,2.1582e-05,2.1582e-05,2.1582e-05,142,1,142,142,142,6,1,6,6,6
15,60,2.12e-05,1,2.12e-05,2.12e-05,2.12e-05,139,1,139,139,139,6,1,6,6,6
15,60,2.1779e-05,1,2.1779e-05,2.1779e-05,2.1779e-05,146,1,146,146,146,7,1,7,7,7
15,60,2.2585e-05,1,2.2585e-05,2.2585e-05,2.2585e-05,142,1,142,142,142,6,1,6,6,6
15,60,2.0584e-05,1,2.0584e-05,2.0584e-05,2.0584e-05,140,1,140,140,140,6,1,6,6,6
15,60,2.2123e-05,1,2.2123e-05,2.2123e-05,2.2123e-05,138,1,138,138,138,5,1,5,5,5
15,60,2.1267e-05,1,2.1267e-05,2.1267e-05,2.1267e-05,138,1,138,138,138,6,1,6,6,6
15,60,2.0497e-05,1,2.0497e-05,2.0497e-05,2.0497e-05,138,1,138,138,138,6,1,6,6,6
15,60,2.198e-05,1,2.198e-05,2.198e-05,2.198e-05,144,1,144,144,144,6,1,6,6,6
15,60,2.2147e-05,1,2.2147e-05,2.2147e-05,2.2147e-05,148,1,148,148,148,7,1,7,7,7
15,60,2.2306e-05,1,2.2306e-05,2.2306e-05,2.2306e-05,145,1,145,145,145,6,1,6,6,6
15,60,2.2059e-05,1,2.2059e-05,2.2059e-05,2.2059e-05,138,1,138,138,138,5,1,5,5,5
15,60,2.1717e-05,1,2.1717e-05,2.1717e-05,2.1717e-05,142,1,142,142,142,6,1,6,6,6
15,60,2.1541e-05,1,2.1541e-05,2.1541e-05,2.1541e-05,142,1,142,142,142,6,1,6,6,6
15,60,2.0807e-05,1,2.0807e-05,2.0807e-05,2.0807e-05,140,1,140,140,140,6,1,6,6,6
15,60,2.151e-05,1,2.151e-05,2.151e-05,2.151e-05,137,1,137,137,137,6,1,6,6,6
15,60,2.2315e-05,1,2.2315e-05,2.2315e-05,2.2315e-05,142,1,142,142,142,7,1,7,7,7
15,60,2.2403e-05,1,2.2403e-05,2.2403e-05,2.2403e-05,133,1,133,133,133,5,1,5,5,5
15,60,2.2508e-05,1,2.2508e-05,2.2508e-05,2.2508e-05,146,1,146,146,146,6,1,6,6,6
15,60,2.2991e-05,1,2.2991e-05,2.2991e-05,2.2991e-05,142,1,142,142,142,7,1,7,7,7
15,60,2.3198e-05,1,2.3198e-05,2.3198e-05,2.3198e-05,137,1,137,137,137,6,1,6,6,6
15,60,2.3053e-05,1,2.3053e-05,2.3053e-05,2.3053e-05,145,1,145,145,145,6,1,6,6,6
15,60,2.1004e-05,1,2.1004e-05,2.1004e-05,2.1004e-05,136,1,136,136,136,5,1,5,5,5
15,60,2.1474e-05,1,2.1474e-05,2.1474e-05,2.1474e-05,136,1,136,136,136,6,1,6,6,6
15,60,2.1688e-05,1,2.1688e-05,2.1688e-05,2.1688e-05,132,1,132,132,132,5,1,5,5,5
15,60,2.1256e-05,1,2.1256e-05,2.1256e-05,2.1256e-05,139,1,139,139,139,6,1,6,6,6
15,60,2.2328e-05,1,2.2328e-05,2.2328e-05,2.2328e-05,140,1,140,140,140,6,1,6,6,6
15,60,2.1198e-05,1,2.1198e-05,2.1198e-05,2.1198e-05,140,1,140,140,140,6,1,6,6,6
15,60,2.1606e-05,1,2.1606e-05,2.1606e-05,2.1606e-05,137,1,137,137,137,5,1,5,5,5
15,60,2.1739e-05,1,2.1739e-05,2.1739e-05,2.1739e-05,144,1,144,144,144,6,1,6,6,6
15,60,2.1541e-05,1,2.1541e-05,2.1541e-05,2.1541e-05,137,1,137,137,137,6,1,6,6,6
15,60,2.175e-05,1,2.175e-05,2.175e-05,2.175e-05,135,1,135,135,135,6,1,6,6,6
15,60,2.1833e-05,1,2.1833e-05,2.1833e-05,2.1833e-05,137,1,137,137,137,6,1,6,6,6
15,60,2.1042e-05,1,2.1042e-05,2.1042e-05,2.1042e-05,135,1,135,135,135,6,1,6,6,6
15,60,2.1168e-05,1,2.1168e-05,2.1168e-05,2.1168e-05,133,1,133,133,133,6,1,6,6,6
15,60,2.1093e-05,1,2.1093e-05,2.1093e-05,2.1093e-05,143,1,143,143,143,7,1,7,7,7
15,60,2.1804e-05,1,2.1804e-05,2.1804e-05,2.1804e-05,134,1,134,134,134,5,1,5,5,5
15,60,2.1569e-05,1,2.1569e-05,2.1569e-05,2.1569e-05,135,1,135,135,135,6,1,6,6,6
15,60,2.0919e-05,1,2.0919e-05,2.0919e-05,2.0919e-05,131,1,131,131,131,5,1,5,5,5
15,60,2.1834e-05,1,2.1834e-05,2.1834e-05,2.1834e-05,132,1,132,132,132,5,1,5,5,5
15,60,2.1621e-05,1,2.1621e-05,2.1621e-05,2.1621e-05,151,1,151,151,151,7,1,7,7,7
15,60,2.1797e-05,1,2.1797e-05,2.1797e-05,2.1797e-05,137,1,137,137,137,5,1,5,5,5
15,60,2.1814e-05,1,2.1814e-05,2.1814e-05,2.1814e-05,145,1,145,145,145,7,1,7,7,7
15,60,2.1162e-05,1,2.1162e-05,2.1162e-05,2.1162e-05,134,1,134,134,134,5,1,5,5,5
15,60,2.1413e-05,1,2.1413e-05,2.1413e-05,2.1413e-05,142,1,142,142,142,6,1,6,6,6
15,60,2.203e-05,1,2.203e-05,2.203e-05,2.203e-05,146,1,146,146,146,7,1,7,7,7
15,60,2.1262e-05,1,2.1262e-05,2.1262e-05,2.1262e-05,141,1,141,141,141,6,1,6,6,6
15,60,2.1103e-05,1,2.1103e-05,2.1103e-05,2.1103e-05,138,1,138,138,138,5,1,5,5,5
15,60,2.1958e-05,1,2.1958e-05,2.1958e-05,2.1958e-05,143,1,143,143,143,6,1,6,6,6
15,60,2.1568e-05,1,2.1568e-05,2.1568e-05,2.1568e-05,140,1,140,140,140,6,1,6,6,6
15,60,2.8523e-05,1,2.8523e-05,2.8523e-05,2.8523e-05,141,1,141,141,141,7,1,7,7,7
15,60,2.1744e-05,1,2.1744e-05,2.1744e-05,2.1744e-05,144,1,144,144,144,6,1,6,6,6
15,60,2.1679e-05,1,2.1679e-05,2.1679e-05,2.1679e-05,143,1,143,143,143,6,1,6,6,6
15,60,2.1649e-05,1,2.1649e-05,2.1649e-05,2.1649e-05,136,1,136,136,136,5,1,5,5,5
15,60,2.1746e-05,1,2.1746e-05,2.1746e-05,2.1746e-05,131,1,131,131,131,5,1,5,5,5
15,60,2.2013e-05,1,2.2013e-05,2.2013e-05,2.2013e-05,144,1,144,144,144,6,1,6,6,6
15,60,2.0837e-05,1,2.0837e-05,2.0837e-05,2.0837e-05,139,1,139,139,139,6,1,6,6,6
15,60,2.1567e-05,1,2.1567e-05,2.1567e-05,2.1567e-05,144,1,144,144,144,6,1,6,6,6
15,60,2.1817e-05,1,2.1817e-05,2.1817e-05,2.1817e-05,142,1,142,142,142,7,1,7,7,7
15,60,2.2243e-05,1,2.2243e-05,2.2243e-05,2.2243e-05,147,1,147,147,147,6,1,6,6,6
15,60,2.258e-05,1,2.258e-05,2.258e-05,2.258e-05,142,1,142,142,142,7,1,7,7,7
15,60,2.1683e-05,1,2.1683e-05,2.1683e-05,2.1683e-05,150,1,150,150,150,7,1,7,7,7
15,60,2.1551e-05,1,2.1551e-05,2.1551e-05,2.1551e-05,146,1,146,146,146,6,1,6,6,6
15,60,2.1651e-05,1,2.1651e-05,2.1651e-05,2.1651e-05,135,1,135,135,135,6,1,6,6,6
15,60,2.1651e-05,1,2.1651e-05,2.1651e-05,2.1651e-05,146,1,146,146,146,7,1,7,7,7
15,60,2.0568e-05,1,2.0568e-05,2.0568e-05,2.0568e-05,129,1,129,129,129,5,1,5,5,5
15,60,2.0707e-05,1,2.0707e-05,2.0707e-05,2.0707e-05,133,1,133,133,133,5,1,5,5,5
15,60,2.176e-05,1,2.176e-05,2.176e-05,2.176e-05,139,1,139,139,139,6,1,6,6,6
15,60,2.1356e-05,1,2.1356e-05,2.1356e-05,2.1356e-05,146,1,146,146,146,7,1,7,7,7
15,60,2.1322e-05,1,2.1322e-05,2.1322e-05,2.1322e-05,141,1,141,141,141,7,1,7,7,7
15,60,2.1975e-05,1,2.1975e-05,2.1975e-05,2.1975e-05,137,1,137,137,137,6,1,6,6,6
15,60,2.1829e-05,1,2.1829e-05,2.1829e-05,2.1829e-05,146,1,146,146,146,7,1,7,7,7
15,60,2.1206e-05,1,2.1206e-05,2.1206e-05,2.1206e-05,144,1,144,144,144,6,1,6,6,6
15,60,2.1075e-05,1,2.1075e-05,2.1075e-05,2.1075e-05,144,1,144,144,144,7,1,7,7,7
15,60,2.1933e-05,1,2.1933e-05,2.1933e-05,2.1933e-05,148,1,148,148,148,7,1,7,7,7
15,60,2.1278e-05,1,2.1278e-05,2.1278e-05,2.1278e-05,138,1,138,138,138,6,1,6,6,6
15,60,2.1356e-05,1,2.1356e-05,2.1356e-05,2.1356e-05,140,1,140,140,140,6,1,6,6,6
15,60,2.1012e-05,1,2.1012e-05,2.1012e-05,2.1012e-05,140,1,140,140,140,6,1,6,6,6
15,60,2.2281e-05,1,2.2281e-05,2.2281e-05,2.2281e-05,145,1,145,145,145,7,1,7,7,7
15,60,2.2565e-05,1,2.2565e-05,2.2565e-05,2.2565e-05,143,1,143,143,143,6,1,6,6,6
15,60,2.1681e-05,1,2.1681e-05,2.1681e-05,2.1681e-05,141,1,141,141,141,6,1,6,6,6
15,60,2.1359e-05,1,2.1359e-05,2.1359e-05,2.1359e-05,144,1,144,144,144,7,1,7,7,7
15,60,2.206e-05,1,2.206e-05,2.206e-05,2.206e-05,142,1,142,142,142,6,1,6,6,6
15,60,2.1314e-05,1,2.1314e-05,2.1314e-05,2.1314e-05,142,1,142,142,142,6,1,6,6,6
15,60,2.1994e-05,1,2.1994e-05,2.1994e-05,2.1994e-05,142,1,142,142,142,7,1,7,7,7
15,60,2.1844e-05,1,2.1844e-05,2.1844e-05,2.1844e-05,138,1,138,138,138,6,1,6,6,6
15,60,2.1879e-05,1,2.1879e-05,2.1879e-05,2.1879e-05,145,1,145,145,145,7,1,7,7,7
15,60,2.1419e-05,1,2.1419e-05,2.1419e-05,2.1419e-05,140,1,140,140,140,6,1,6,6,6
15,60,2.1661e-05,1,2.1661e-05,2.1661e-05,2.1661e-05,126,1,126,126,126,4,1,4,4,4
15,60,2.1487e-05,1,2.1487e-05,2.1487e-05,2.1487e-05,151,1,151,151,151,7,1,7,7,7
15,60,2.0504e-05,1,2.0504e-05,2.0504e-05,2.0504e-05,136,1,136,136,136,6,1,6,6,6
15,60,2.2668e-05,1,2.2668e-05,2.2668e-05,2.2668e-05,147,1,147,147,147,7,1,7,7,7
15,60,2.1732e-05,1,2.1732e-05,2.1732e-05,2.1732e-05,140,1,140,140,140,6,1,6,6,6
15,60,2.1428e-05,1,2.1428e-05,2.1428e-05,2.1428e-05,131,1,131,131,131,5,1,5,5,5
15,60,2.1864e-05,1,2.1864e-05,2.1864e-05,2.1864e-05,143,1,143,143,143,6,1,6,6,6
15,60,2.1599e-05,1,2.1599e-05,2.1599e-05,2.1599e-05,148,1,148,148,148,7,1,7,7,7
15,60,2.1163e-05,1,2.1163e-05,2.1163e-05,2.1163e-05,141,1,141,141,141,5,1,5,5,5
15,60,2.1941e-05,1,2.1941e-05,2.1941e-05,2.1941e-05,138,1,138,138,138,6,1,6,6,6
15,60,2.1736e-05,1,2.1736e-05,2.1736e-05,2.1736e-05,131,1,131,131,131,5,1,5,5,5
15,60,2.2709e-05,1,2.2709e-05,2.2709e-05,2.2709e-05,142,1,142,142,142,7,1,7,7,7
15,60,2.1104e-05,1,2.1104e-05,2.1104e-05,2.1104e-05,138,1,138,138,138,6,1,6,6,6
15,60,2.1588e-05,1,2.1588e-05,2.1588e-05,2.1588e-05,142,1,142,142,142,6,1,6,6,6
15,60,2.1921e-05,1,2.1921e-05,2.1921e-05,2.1921e-05,147,1,147,147,147,7,1,7,7,7
15,60,2.1745e-05,1,2.1745e-05,2.1745e-05,2.1745e-05,135,1,135,135,135,6,1,6,6,6
15,60,2.1609e-05,1,2.1609e-05,2.1609e-05,2.1609e-05,134,1,134,134,134,5,1,5,5,5
15,60,2.2265e-05,1,2.2265e-05,2.2265e-05,2.2265e-05,143,1,143,143,143,6,1,6,6,6
15,60,2.1359e-05,1,2.1359e-05,2.1359e-05,2.1359e-05,147,1,147,147,147,6,1,6,6,6
15,60,2.2445e-05,1,2.2445e-05,2.2445e-05,2.2445e-05,144,1,144,144,144,7,1,7,7,7
15,60,2.1773e-05,1,2.1773e-05,2.1773e-05,2.1773e-05,136,1,136,136,136,6,1,6,6,6
15,60,2.1643e-05,1,2.1643e-05,2.1643e-05,2.1643e-05,138,1,138,138,138,7,1,7,7,7
15,60,2.2814e-05,1,2.2814e-05,2.2814e-05,2.2814e-05,150,1,150,150,150,7,1,7,7,7
15,60,2.0764e-05,1,2.0764e-05,2.0764e-05,2.0764e-05,141,1,141,141,141,6,1,6,6,6
15,60,2.0879e-05,1,2.0879e-05,2.0879e-05,2.0879e-05,137,1,137,137,137,6,1,6,6,6
15,60,2.2201e-05,1,2.2201e-05,2.2201e-05,2.2201e-05,139,1,139,139,139,6,1,6,6,6
15,60,2.2663e-05,1,2.2663e-05,2.2663e-05,2.2663e-05,141,1,141,141,141,7,1,7,7,7
15,60,2.2181e-05,1,2.2181e-05,2.2181e-05,2.2181e-05,142,1,142,142,142,6,1,6,6,6
15,60,2.1642e-05,1,2.1642e-05,2.1642e-05,2.1642e-05,135,1,135,135,135,6,1,6,6,6
15,60,2.6218e-05,1,2.6218e-05,2.6218e-05,2.6218e-05,140,1,140,140,140,6,1,6,6,6
15,60,2.3201e-05,1,2.3201e-05,2.3201e-05,2.3201e-05,148,1,148,148,148,7,1,7,7,7
15,60,2.2365e-05,1,2.2365e-05,2.2365e-05,2.2365e-05,143,1,143,143,143,6,1,6,6,6
15,60,2.2457e-05,1,2.2457e-05,2.2457e-05,2.2457e-05,144,1,144,144,144,6,1,6,6,6
15,60,2.2336e-05,1,2.2336e-05,2.2336e-05,2.2336e-05,135,1,135,135,135,5,1,5,5,5
15,60,2.2614e-05,1,2.2614e-05,2.2614e-05,2.2614e-05,128,1,128,128,128,5,1,5,5,5
15,60,2.143e-05,1,2.143e-05,2.143e-05,2.143e-05,141,1,141,141,141,6,1,6,6,6
15,60,2.1499e-05,1,2.1499e-05,2.1499e-05,2.1499e-05,146,1,146,146,146,7,1,7,7,7
15,60,2.1982e-05,1,2.1982e-05,2.1982e-05,2.1982e-05,140,1,140,140,140,7,1,7,7,7
15,60,2.1248e-05,1,2.1248e-05,2.1248e-05,2.1248e-05,147,1,147,147,147,7,1,7,7,7
15,60,2.1942e-05,1,2.1942e-05,2.1942e-05,2.1942e-05,137,1,137,137,137,6,1,6,6,6
15,60,2.0274e-05,1,2.0274e-05,2.0274e-05,2.0274e-05,127,1,127,127,127,5,1,5,5,5
15,60,2.132e-05,1,2.132e-05,2.132e-05,2.132e-05,144,1,144,144,144,6,1,6,6,6
15,60,2.1512e-05,1,2.1512e-05,2.1512e-05,2.1512e-05,148,1,148,148,148,7,1,7,7,7
15,60,2.136e-05,1,2.136e-05,2.136e-05,2.136e-05,138,1,138,138,138,6,1,6,6,6
15,60,2.2242e-05,1,2.2242e-05,2.2242e-05,2.2242e-05,146,1,146,146,146,7,1,7,7,7
15,60,2.2321e-05,1,2.2321e-05,2.2321e-05,2.2321e-05,140,1,140,140,140,7,1,7,7,7
15,60,2.246e-05,1,2.246e-05,2.246e-05,2.246e-05,143,1,143,143,143,7,1,7,7,7
15,60,2.1478e-05,1,2.1478e-05,2.1478e-05,2.1478e-05,138,1,138,138,138,6,1,6,6,6
15,60,2.2958e-05,1,2.2958e-05,2.2958e-05,2.2958e-05,157,1,157,157,157,8,1,8,8,8
15,60,2.1322e-05,1,2.1322e-05,2.1322e-05,2.1322e-05,140,1,140,140,140,6,1,6,6,6
15,60,2.161e-05,1,2.161e-05,2.161e-05,2.161e-05,127,1,127,127,127,5,1,5,5,5
15,60,2.1402e-05,1,2.1402e-05,2.1402e-05,2.1402e-05,135,1,135,135,135,5,1,5,5,5
15,60,2.1789e-05,1,2.1789e-05,2.1789e-05,2.1789e-05,136,1,136,136,136,6,1,6,6,6
15,60,2.2919e-05,1,2.2919e-05,2.2919e-05,2.2919e-05,138,1,138,138,138,6,1,6,6,6
15,60,2.2474e-05,1,2.2474e-05,2.2474e-05,2.2474e-05,132,1,132,132,132,5,1,5,5,5
15,60,2.3354e-05,1,2.3354e-05,2.3354e-05,2.3354e-05,142,1,142,142,142,6,1,6,6,6
15,60,2.3035e-05,1,2.3035e-05,2.3035e-05,2.3035e-05,143,1,143,143,143,7,1,7,7,7
15,60,2.2891e-05,1,2.2891e-05,2.2891e-05,2.2891e-05,141,1,141,141,141,7,1,7,7,7
15,60,2.1659e-05,1,2.1659e-05,2.1659e-05,2.1659e-05,144,1,144,144,144,7,1,7,7,7
15,60,2.1745e-05,1,2.1745e-05,2.1745e-05,2.1745e-05,144,1,144,144,144,6,1,6,6,6
15,60,2.1999e-05,1,2.1999e-05,2.1999e-05,2.1999e-05,134,1,134,134,134,5,1,5,5,5
15,60,2.1901e-05,1,2.1901e-05,2.1901e-05,2.1901e-05,139,1,139,139,139,6,1,6,6,6
15,60,2.7066e-05,1,2.7066e-05,2.7066e-05,2.7066e-05,136,1,136,136,136,6,1,6,6,6
15,60,2.1399e-05,1,2.1399e-05,2.1399e-05,2.1399e-05,143,1,143,143,143,7,1,7,7,7
15,60,2.1195e-05,1,2.1195e-05,2.1195e-05,2.1195e-05,137,1,137,137,137,6,1,6,6,6
15,60,2.142e-05,1,2.142e-05,2.142e-05,2.142e-05,143,1,143,143,143,6,1,6,6,6
15,60,2.2825e-05,1,2.2825e-05,2.2825e-05,2.2825e-05,141,1,141,141,141,6,1,6,6,6
15,60,2.1494e-05,1,2.1494e-05,2.1494e-05,2.1494e-05,130,1,130,130,130,5,1,5,5,5
15,60,2.1406e-05,1,2.1406e-05,2.1406e-05,2.1406e-05,142,1,142,142,142,6,1,6,6,6
15,60,2.2636e-05,1,2.2636e-05,2.2636e-05,2.2636e-05,139,1,139,139,139,5,1,5,5,5
15,60,2.1356e-05,1,2.1356e-05,2.1356e-05,2.1356e-05,138,1,138,138,138,6,1,6,6,6
15,60,2.1923e-05,1,2.1923e-05,2.1923e-05,2.1923e-05,138,1,138,138,138,6,1,6,6,6
15,60,2.2296e-05,1,2.2296e-05,2.2296e-05,2.2296e-05,139,1,139,139,139,6,1,6,6,6
15,60,2.2775e-05,1,2.2775e-05,2.2775e-05,2.2775e-05,145,1,145,145,145,7,1,7,7,7
15,60,2.2846e-05,1,2.2846e-05,2.2846e-05,2.2846e-05,134,1,134,134,134,5,1,5,5,5
15,60,2.3203e-05,1,2.3203e-05,2.3203e-05,2.3203e-05,148,1,148,148,148,8,1,8,8,8
15,60,2.3186e-05,1,2.3186e-05,2.3186e-05,2.3186e-05,144,1,144,144,144,7,1,7,7,7
15,60,2.2079e-05,1,2.2079e-05,2.2079e-05,2.2079e-05,140,1,140,140,140,6,1,6,6,6
15,60,2.1792e-05,1,2.1792e-05,2.1792e-05,2.1792e-05,138,1,138,138,138,6,1,6,6,6
15,60,2.213e-05,1,2.213e-05,2.213e-05,2.213e-05,139,1,139,139,139,6,1,6,6,6
15,60,2.268e-05,1,2.268e-05,2.268e-05,2.268e-05,143,1,143,143,143,7,1,7,7,7
15,60,2.1486e-05,1,2.1486e-05,2.1486e-05,2.1486e-05,138,1,138,138,138,6,1,6,6,6
15,60,2.0952e-05,1,2.0952e-05,2.0952e-05,2.0952e-05,140,1,140,140,140,6,1,6,6,6
15,60,2.1081e-05,1,2.1081e-05,2.1081e-05,2.1081e-05,135,1,135,135,135,5,1,5,5,5
15,60,2.1497e-05,1,2.1497e-05,2.1497e-05,2.1497e-05,134,1,134,134,134,5,1,5,5,5
15,60,2.1696e-05,1,2.1696e-05,2.1696e-05,2.1696e-05,141,1,141,141,141,6,1,6,6,6
15,60,2.1851e-05,1,2.1851e-05,2.1851e-05,2.1851e-05,144,1,144,144,144,7,1,7,7,7
15,60,2.1588e-05,1,2.1588e-05,2.1588e-05,2.1588e-05,144,1,144,144,144,6,1,6,6,6
15,60,2.2182e-05,1,2.2182e-05,2.2182e-05,2.2182e-05,148,1,148,148,148,7,1,7,7,7
15,60,2.1512e-05,1,2.1512e-05,2.1512e-05,2.1512e-05,136,1,136,136,136,6,1,6,6,6
15,60,2.1622e-05,1,2.1622e-05,2.1622e-05,2.1622e-05,137,1,137,137,137,6,1,6,6,6
15,60,2.1461e-05,1,2.1461e-05,2.1461e-05,2.1461e-05,139,1,139,139,139,6,1,6,6,6
15,60,2.196e-05,1,2.196e-05,2.196e-05,2.196e-05,139,1,139,139,139,6,1,6,6,6
15,60,2.1664e-05,1,2.1664e-05,2.1664e-05,2.1664e-05,147,1,147,147,147,7,1,7,7,7
15,60,2.1589e-05,1,2.1589e-05,2.1589e-05,2.1589e-05,136,1,136,136,136,6,1,6,6,6
15,60,2.2815e-05,1,2.2815e-05,2.2815e-05,2.2815e-05,141,1,141,141,141,7,1,7,7,7
15,60,2.3649e-05,1,2.3649e-05,2.3649e-05,2.3649e-05,147,1,147,147,147,7,1,7,7,7
15,60,2.3188e-05,1,2.3188e-05,2.3188e-05,2.3188e-05,148,1,148,148,148,7,1,7,7,7
15,60,2.3269e-05,1,2.3269e-05,2.3269e-05,2.3269e-05,141,1,141,141,141,6,1,6,6,6
15,60,2.3055e-05,1,2.3055e-05,2.3055e-05,2.3055e-05,144,1,144,144,144,6,1,6,6,6
15,60,2.394e-05,1,2.394e-05,2.394e-05,2.394e-05,151,1,151,151,151,7,1,7,7,7
15,60,2.1778e-05,1,2.1778e-05,2.1778e-05,2.1778e-05,138,1,138,138,138,6,1,6,6,6
15,60,2.2291e-05,1,2.2291e-05,2.2291e-05,2.2291e-05,138,1,138,138,138,6,1,6,6,6
15,60,2.2299e-05,1,2.2299e-05,2.2299e-05,2.2299e-05,147,1,147,147,147,7,1,7,7,7
15,60,2.195e-05,1,2.195e-05,2.195e-05,2.195e-05,139,1,139,139,139,6,1,6,6,6
15,60,2.0812e-05,1,2.0812e-05,2.0812e-05,2.0812e-05,138,1,138,138,138,6,1,6,6,6
15,60,2.1109e-05,1,2.1109e-05,2.1109e-05,2.1109e-05,138,1,138,138,138,5,1,5,5,5
15,60,2.2164e-05,1,2.2164e-05,2.2164e-05,2.2164e-05,141,1,141,141,141,7,1,7,7,7
15,60,2.4026e-05,1,2.4026e-05,2.4026e-05,2.4026e-05,146,1,146,146,146,7,1,7,7,7
15,60,2.2746e-05,1,2.2746e-05,2.2746e-05,2.2746e-05,140,1,140,140,140,6,1,6,6,6
15,60,2.2981e-05,1,2.2981e-05,2.2981e-05,2.2981e-05,136,1,136,136,136,6,1,6,6,6
15,60,2.1949e-05,1,2.1949e-05,2.1949e-05,2.1949e-05,138,1,138,138,138,6,1,6,6,6
15,60,2.2089e-05,1,2.2089e-05,2.2089e-05,2.2089e-05,146,1,146,146,146,6,1,6,6,6
15,60,2.1489e-05,1,2.1489e-05,2.1489e-05,2.1489e-05,143,1,143,143,143,6,1,6,6,6
15,60,2.1063e-05,1,2.1063e-05,2.1063e-05,2.1063e-05,139,1,139,139,139,6,1,6,6,6
15,60,2.1274e-05,1,2.1274e-05,2.1274e-05,2.1274e-05,144,1,144,144,144,6,1,6,6,6
15,60,2.1219e-05,1,2.1219e-05,2.1219e-05,2.1219e-05,140,1,140,140,140,6,1,6,6,6
15,60,2.1779e-05,1,2.1779e-05,2.1779e-05,2.1779e-05,147,1,147,147,147,6,1,6,6,6
15,60,2.1463e-05,1,2.1463e-05,2.1463e-05,2.1463e-05,143,1,143,143,143,6,1,6,6,6
15,60,2.1351e-05,1,2.1351e-05,2.1351e-05,2.1351e-05,148,1,148,148,148,7,1,7,7,7
15,60,2.2083e-05,1,2.2083e-05,2.2083e-05,2.2083e-05,131,1,131,131,131,5,1,5,5,5
15,60,2.2034e-05,1,2.2034e-05,2.2034e-05,2.2034e-05,144,1,144,144,144,6,1,6,6,6
15,60,2.2278e-05,1,2.2278e-05,2.2278e-05,2.2278e-05,146,1,146,146,146,7,1,7,7,7
15,60,2.2068e-05,1,2.2068e-05,2.2068e-05,2.2068e-05,142,1,142,142,142,6,1,6,6,6
15,60,2.2015e-05,1,2.2015e-05,2.2015e-05,2.2015e-05,136,1,136,136,136,6,1,6,6,6
15,60,2.1724e-05,1,2.1724e-05,2.1724e-05,2.1724e-05,139,1,139,139,139,6,1,6,6,6
15,60,2.0435e-05,1,2.0435e-05,2.0435e-05,2.0435e-05,142,1,142,142,142,6,1,6,6,6
15,60,2.1406e-05,1,2.1406e-05,2.1406e-05,2.1406e-05,141,1,141,141,141,6,1,6,6,6
15,60,2.2058e-05,1,2.2058e-05,2.2058e-05,2.2058e-05,139,1,139,139,139,6,1,6,6,6
15,60,2.2955e-05,1,2.2955e-05,2.2955e-05,2.2955e-05,138,1,138,138,138,5,1,5,5,5
15,60,2.1664e-05,1,2.1664e-05,2.1664e-05,2.1664e-05,137,1,137,137,137,6,1,6,6,6
15,60,3.8505e-05,1,3.8505e-05,3.8505e-05,3.8505e-05,143,1,143,143,143,6,1,6,6,6
15,60,2.2778e-05,1,2.2778e-05,2.2778e-05,2.2778e-05,145,1,145,145,145,6,1,6,6,6
15,60,2.251e-05,1,2.251e-05,2.251e-05,2.251e-05,136,1,136,136,136,6,1,6,6,6
15,60,3.8777e-05,1,3.8777e-05,3.8777e-05,3.8777e-05,144,1,144,144,144,7,1,7,7,7
15,60,2.2282e-05,1,2.2282e-05,2.2282e-05,2.2282e-05,136,1,136,136,136,5,1,5,5,5
15,60,2.3009e-05,1,2.3009e-05,2.3009e-05,2.3009e-05,138,1,138,138,138,6,1,6,6,6
15,60,2.3547e-05,1,2.3547e-05,2.3547e-05,2.3547e-05,139,1,139,139,139,6,1,6,6,6
15,60,2.1278e-05,1,2.1278e-05,2.1278e-05,2.1278e-05,135,1,135,135,135,5,1,5,5,5
15,60,2.1815e-05,1,2.1815e-05,2.1815e-05,2.1815e-05,137,1,137,137,137,6,1,6,6,6
15,60,2.0923e-05,1,2.0923e-05,2.0923e-05,2.0923e-05,136,1,136,136,136,6,1,6,6,6
15,60,2.2191e-05,1,2.2191e-05,2.2191e-05,2.2191e-05,140,1,140,140,140,6,1,6,6,6
15,60,2.1308e-05,1,2.1308e-05,2.1308e-05,2.1308e-05,143,1,143,143,143,6,1,6,6,6
15,60,2.2041e-05,1,2.2041e-05,2.2041e-05,2.2041e-05,141,1,141,141,141,6,1,6,6,6
15,60,2.1909e-05,1,2.1909e-05,2.1909e-05,2.1909e-05,140,1,140,140,140,6,1,6,6,6
15,60,2.0999e-05,1,2.0999e-05,2.0999e-05,2.0999e-05,146,1,146,146,146,7,1,7,7,7
15,60,2.216e-05,1,2.216e-05,2.216e-05,2.216e-05,140,1,140,140,140,7,1,7,7,7
15,60,2.2295e-05,1,2.2295e-05,2.2295e-05,2.2295e-05,144,1,144,144,144,7,1,7,7,7
15,60,2.0681e-05,1,2.0681e-05,2.0681e-05,2.0681e-05,135,1,135,135,135,5,1,5,5,5
15,60,2.2034e-05,1,2.2034e-05,2.2034e-05,2.2034e-05,147,1,147,147,147,7,1,7,7,7
15,60,2.2104e-05,1,2.2104e-05,2.2104e-05,2.2104e-05,148,1,148,148,148,7,1,7,7,7
15,60,2.1078e-05,1,2.1078e-05,2.1078e-05,2.1078e-05,140,1,140,140,140,5,1,5,5,5
15,60,2.1893e-05,1,2.1893e-05,2.1893e-05,2.1893e-05,145,1,145,145,145,6,1,6,6,6
15,60,2.1481e-05,1,2.1481e-05,2.1481e-05,2.1481e-05,140,1,140,140,140,6,1,6,6,6
15,60,2.2123e-05,1,2.2123e-05,2.2123e-05,2.2123e-05,138,1,138,138,138,5,1,5,5,5
15,60,2.3021e-05,1,2.3021e-05,2.3021e-05,2.3021e-05,135,1,135,135,135,5,1,5,5,5
15,60,2.1932e-05,1,2.1932e-05,2.1932e-05,2.1932e-05,133,1,133,133,133,6,1,6,6,6
15,60,2.1532e-05,1,2.1532e-05,2.1532e-05,2.1532e-05,136,1,136,136,136,5,1,5,5,5
15,60,2.1927e-05,1,2.1927e-05,2.1927e-05,2.1927e-05,138,1,138,138,138,6,1,6,6,6
15,60,2.1654e-05,1,2.1654e-05,2.1654e-05,2.1654e-05,144,1,144,144,144,7,1,7,7,7
15,60,2.1878e-05,1,2.1878e-05,2.1878e-05,2.1878e-05,141,1,141,141,141,6,1,6,6,6
15,60,2.1638e-05,1,2.1638e-05,2.1638e-05,2.1638e-05,132,1,132,132,132,5,1,5,5,5
15,60,2.2015e-05,1,2.2015e-05,2.2015e-05,2.2015e-05,137,1,137,137,137,6,1,6,6,6
15,60,2.232e-05,1,2.232e-05,2.232e-05,2.232e-05,142,1,142,142,142,6,1,6,6,6
15,60,2.2379e-05,1,2.2379e-05,2.2379e-05,2.2379e-05,142,1,142,142,142,6,1,6,6,6
15,60,2.1976e-05,1,2.1976e-05,2.1976e-05,2.1976e-05,144,1,144,144,144,6,1,6,6,6
15,60,2.1529e-05,1,2.1529e-05,2.1529e-05,2.1529e-05,141,1,141,141,141,7,1,7,7,7
15,60,2.1017e-05,1,2.1017e-05,2.1017e-05,2.1017e-05,144,1,144,144,144,6,1,6,6,6
15,60,2.2452e-05,1,2.2452e-05,2.2452e-05,2.2452e-05,141,1,141,141,141,6,1,6,6,6
15,60,2.1233e-05,1,2.1233e-05,2.1233e-05,2.1233e-05,135,1,135,135,135,5,1,5,5,5
15,60,2.1748e-05,1,2.1748e-05,2.1748e-05,2.1748e-05,142,1,142,142,142,6,1,6,6,6
15,60,2.0393e-05,1,2.0393e-05,2.0393e-05,2.0393e-05,141,1,141,141,141,6,1,6,6,6
15,60,2.309e-05,1,2.309e-05,2.309e-05,2.309e-05,150,1,150,150,150,7,1,7,7,7
15,60,2.1507e-05,1,2.1507e-05,2.1507e-05,2.1507e-05,148,1,148,148,148,6,1,6,6,6
15,60,2.2089e-05,1,2.2089e-05,2.2089e-05,2.2089e-05,144,1,144,144,144,7,1,7,7,7
15,60,2.1765e-05,1,2.1765e-05,2.1765e-05,2.1765e-05,143,1,143,143,143,7,1,7,7,7
15,60,2.2137e-05,1,2.2137e-05,2.2137e-05,2.2137e-05,137,1,137,137,137,5,1,5,5,5
15,60,2.2511e-05,1,2.2511e-05,2.2511e-05,2.2511e-05,149,1,149,149,149,7,1,7,7,7
15,60,2.1408e-05,1,2.1408e-05,2.1408e-05,2.1408e-05,138,1,138,138,138,6,1,6,6,6
15,60,2.1771e-05,1,2.1771e-05,2.1771e-05,2.1771e-05,135,1,135,135,135,5,1,5,5,5
15,60,2.1515e-05,1,2.1515e-05,2.1515e-05,2.1515e-05,144,1,144,144,144,7,1,7,7,7
15,60,2.1345e-05,1,2.1345e-05,2.1345e-05,2.1345e-05,134,1,134,134,134,6,1,6,6,6
15,60,2.1403e-05,1,2.1403e-05,2.1403e-05,2.1403e-05,143,1,143,143,143,6,1,6,6,6
15,60,2.3363e-05,1,2.3363e-05,2.3363e-05,2.3363e-05,149,1,149,149,149,7,1,7,7,7
15,60,2.3342e-05,1,2.3342e-05,2.3342e-05,2.3342e-05,140,1,140,140,140,6,1,6,6,6
15,60,2.2608e-05,1,2.2608e-05,2.2608e-05,2.2608e-05,136,1,136,136,136,6,1,6,6,6
15,60,2.2221e-05,1,2.2221e-05,2.2221e-05,2.2221e-05,146,1,146,146,146,7,1,7,7,7
15,60,2.2322e-05,1,2.2322e-05,2.2322e-05,2.2322e-05,139,1,139,139,139,6,1,6,6,6
15,60,3.818e-05,1,3.818e-05,3.818e-05,3.818e-05,135,1,135,135,135,5,1,5,5,5
15,60,2.1593e-05,1,2.1593e-05,2.1593e-05,2.1593e-05,137,1,137,137,137,5,1,5,5,5
15,60,2.2334e-05,1,2.2334e-05,2.2334e-05,2.2334e-05,145,1,145,145,145,7,1,7,7,7
15,60,2.1781e-05,1,2.1781e-05,2.1781e-05,2.1781e-05,135,1,135,135,135,5,1,5,5,5
15,60,2.1349e-05,1,2.1349e-05,2.1349e-05,2.1349e-05,134,1,134,134,134,6,1,6,6,6
15,60,2.2012e-05,1,2.2012e-05,2.2012e-05,2.2012e-05,136,1,136,136,136,5,1,5,5,5
15,60,2.1363e-05,1,2.1363e-05,2.1363e-05,2.1363e-05,147,1,147,147,147,7,1,7,7,7
15,60,2.2407e-05,1,2.2407e-05,2.2407e-05,2.2407e-05,141,1,141,141,141,6,1,6,6,6
15,60,2.1726e-05,1,2.1726e-05,2.1726e-05,2.1726e-05,139,1,139,139,139,6,1,6,6,6
15,60,2.1333e-05,1,2.1333e-05,2.1333e-05,2.1333e-05,135,1,135,135,135,5,1,5,5,5
15,60,2.1609e-05,1,2.1609e-05,2.1609e-05,2.1609e-05,135,1,135,135,135,5,1,5,5,5
15,60,2.0942e-05,1,2.0942e-05,2.0942e-05,2.0942e-05,138,1,138,138,138,6,1,6,6,6
15,60,2.167e-05,1,2.167e-05,2.167e-05,2.167e-05,137,1,137,137,137,6,1,6,6,6
15,60,2.0841e-05,1,2.0841e-05,2.0841e-05,2.0841e-05,136,1,136,136,136,6,1,6,6,6
15,60,2.1423e-05,1,2.1423e-05,2.1423e-05,2.1423e-05,149,1,149,149,149,7,1,7,7,7
15,60,2.1604e-05,1,2.1604e-05,2.1604e-05,2.1604e-05,144,1,144,144,144,7,1,7,7,7
15,60,2.1355e-05,1,2.1355e-05,2.1355e-05,2.1355e-05,140,1,140,140,140,6,1,6,6,6
15,60,2.1165e-05,1,2.1165e-05,2.1165e-05,2.1165e-05,142,1,142,142,142,6,1,6,6,6
15,60,2.2336e-05,1,2.2336e-05,2.2336e-05,2.2336e-05,144,1,144,144,144,7,1,7,7,7
15,60,2.2003e-05,1,2.2003e-05,2.2003e-05,2.2003e-05,139,1,139,139,139,6,1,6,6,6
15,60,2.3631e-05,1,2.3631e-05,2.3631e-05,2.3631e-05,148,1,148,148,148,6,1,6,6,6
15,60,2.395e-05,1,2.395e-05,2.395e-05,2.395e-05,148,1,148,148,148,7,1,7,7,7
15,60,2.3129e-05,1,2.3129e-05,2.3129e-05,2.3129e-05,131,1,131,131,131,5,1,5,5,5
15,60,3.8819e-05,1,3.8819e-05,3.8819e-05,3.8819e-05,139,1,139,139,139,6,1,6,6,6
15,60,2.0897e-05,1,2.0897e-05,2.0897e-05,2.0897e-05,141,1,141,141,141,6,1,6,6,6
15,60,2.1851e-05,1,2.1851e-05,2.1851e-05,2.1851e-05,137,1,137,137,137,6,1,6,6,6
15,60,2.1512e-05,1,2.1512e-05,2.1512e-05,2.1512e-05,148,1,148,148,148,6,1,6,6,6
15,60,2.1383e-05,1,2.1383e-05,2.1383e-05,2.1383e-05,148,1,148,148,148,7,1,7,7,7
15,60,2.1608e-05,1,2.1608e-05,2.1608e-05,2.1608e-05,131,1,131,131,131,5,1,5,5,5
15,60,2.1477e-05,1,2.1477e-05,2.1477e-05,2.1477e-05,138,1,138,138,138,6,1,6,6,6
15,60,2.1822e-05,1,2.1822e-05,2.1822e-05,2.1822e-05,140,1,140,140,140,6,1,6,6,6
15,60,2.0686e-05,1,2.0686e-05,2.0686e-05,2.0686e-05,142,1,142,142,142,6,1,6,6,6
15,60,2.1718e-05,1,2.1718e-05,2.1718e-05,2.1718e-05,132,1,132,132,132,6,1,6,6,6
15,60,2.1937e-05,1,2.1937e-05,2.1937e-05,2.1937e-05,146,1,146,146,146,6,1,6,6,6
15,60,2.214e-05,1,2.214e-05,2.214e-05,2.214e-05,142,1,142,142,142,6,1,6,6,6
15,60,2.2044e-05,1,2.2044e-05,2.2044e-05,2.2044e-05,147,1,147,147,147,7,1,7,7,7
15,60,2.1295e-05,1,2.1295e-05,2.1295e-05,2.1295e-05,139,1,139,139,139,6,1,6,6,6
15,60,2.1704e-05,1,2.1704e-05,2.1704e-05,2.1704e-05,143,1,143,143,143,7,1,7,7,7
15,60,2.1279e-05,1,2.1279e-05,2.1279e-05,2.1279e-05,146,1,146,146,146,6,1,6,6,6
15,60,2.1812e-05,1,2.1812e-05,2.1812e-05,2.1812e-05,147,1,147,147,147,6,1,6,6,6
15,60,2.1228e-05,1,2.1228e-05,2.1228e-05,2.1228e-05,136,1,136,136,136,5,1,5,5,5
15,60,2.2014e-05,1,2.2014e-05,2.2014e-05,2.2014e-05,140,1,140,140,140,7,1,7,7,7
15,60,2.2577e-05,1,2.2577e-05,2.2577e-05,2.2577e-05,142,1,142,142,142,6,1,6,6,6
15,60,2.2157e-05,1,2.2157e-05,2.2157e-05,2.2157e-05,144,1,144,144,144,6,1,6,6,6
15,60,2.0628e-05,1,2.0628e-05,2.0628e-05,2.0628e-05,131,1,131,131,131,5,1,5,5,5
15,60,2.1508e-05,1,2.1508e-05,2.1508e-05,2.1508e-05,146,1,146,146,146,7,1,7,7,7
15,60,2.227e-05,1,2.227e-05,2.227e-05,2.227e-05,143,1,143,143,143,6,1,6,6,6
15,60,2.1876e-05,1,2.1876e-05,2.1876e-05,2.1876e-05,143,1,143,143,143,7,1,7,7,7
15,60,2.1319e-05,1,2.1319e-05,2.1319e-05,2.1319e-05,138,1,138,138,138,5,1,5,5,5
15,60,2.2277e-05,1,2.2277e-05,2.2277e-05,2.2277e-05,137,1,137,137,137,6,1,6,6,6
15,60,2.18e-05,1,2.18e-05,2.18e-05,2.18e-05,139,1,139,139,139,6,1,6,6,6
15,60,2.0656e-05,1,2.0656e-05,2.0656e-05,2.0656e-05,131,1,131,131,131,5,1,5,5,5
15,60,2.1141e-05,1,2.1141e-05,2.1141e-05,2.1141e-05,139,1,139,139,139,6,1,6,6,6
15,60,2.2438e-05,1,2.2438e-05,2.2438e-05,2.2438e-05,144,1,144,144,144,6,1,6,6,6
15,60,2.1557e-05,1,2.1557e-05,2.1557e-05,2.1557e-05,137,1,137,137,137,6,1,6,6,6
15,60,2.1483e-05,1,2.1483e-05,2.1483e-05,2.1483e-05,140,1,140,140,140,6,1,6,6,6
15,60,2.1883e-05,1,2.1883e-05,2.1883e-05,2.1883e-05,151,1,151,151,151,7,1,7,7,7
15,60,2.1631e-05,1,2.1631e-05,2.1631e-05,2.1631e-05,138,1,138,138,138,6,1,6,6,6
15,60,2.2309e-05,1,2.2309e-05,2.2309e-05,2.2309e-05,141,1,141,141,141,6,1,6,6,6
15,60,2.1644e-05,1,2.1644e-05,2.1644e-05,2.1644e-05,145,1,145,145,145,6,1,6,6,6
15,60,2.2801e-05,1,2.2801e-05,2.2801e-05,2.2801e-05,135,1,135,135,135,6,1,6,6,6
15,60,2.1095e-05,1,2.1095e-05,2.1095e-05,2.1095e-05,143,1,143,143,143,6,1,6,6,6
15,60,2.1988e-05,1,2.1988e-05,2.1988e-05,2.1988e-05,140,1,140,140,140,6,1,6,6,6
15,60,2.0532e-05,1,2.0532e-05,2.0532e-05,2.0532e-05,140,1,140,140,140,6,1,6,6,6
15,60,2.239e-05,1,2.239e-05,2.239e-05,2.239e-05,147,1,147,147,147,6,1,6,6,6
15,60,2.1001e-05,1,2.1001e-05,2.1001e-05,2.1001e-05,133,1,133,133,133,5,1,5,5,5
15,60,2.1581e-05,1,2.1581e-05,2.1581e-05,2.1581e-05,142,1,142,142,142,6,1,6,6,6
15,60,2.2059e-05,1,2.2059e-05,2.2059e-05,2.2059e-05,145,1,145,145,145,7,1,7,7,7
15,60,2.1273e-05,1,2.1273e-05,2.1273e-05,2.1273e-05,140,1,140,140,140,6,1,6,6,6
15,60,2.2432e-05,1,2.2432e-05,2.2432e-05,2.2432e-05,145,1,145,145,145,6,1,6,6,6
15,60,2.2383e-05,1,2.2383e-05,2.2383e-05,2.2383e-05,142,1,142,142,142,6,1,6,6,6
15,60,2.1917e-05,1,2.1917e-05,2.1917e-05,2.1917e-05,137,1,137,137,137,5,1,5,5,5
15,60,2.2133e-05,1,2.2133e-05,2.2133e-05,2.2133e-05,146,1,146,146,146,6,1,6,6,6
15,60,2.2327e-05,1,2.2327e-05,2.2327e-05,2.2327e-05,145,1,145,145,145,6,1,6,6,6
15,60,2.2302e-05,1,2.2302e-05,2.2302e-05,2.2302e-05,140,1,140,140,140,6,1,6,6,6
15,60,2.1415e-05,1,2.1415e-05,2.1415e-05,2.1415e-05,136,1,136,136,136,6,1,6,6,6
15,60,2.0893e-05,1,2.0893e-05,2.0893e-05,2.0893e-05,151,1,151,151,151,7,1,7,7,7
15,60,2.3164e-05,1,2.3164e-05,2.3164e-05,2.3164e-05,141,1,141,141,141,6,1,6,6,6
15,60,2.2641e-05,1,2.2641e-05,2.2641e-05,2.2641e-05,135,1,135,135,135,6,1,6,6,6
15,60,2.2605e-05,1,2.2605e-05,2.2605e-05,2.2605e-05,143,1,143,143,143,6,1,6,6,6
15,60,2.1494e-05,1,2.1494e-05,2.1494e-05,2.1494e-05,134,1,134,134,134,6,1,6,6,6
15,60,2.1518e-05,1,2.1518e-05,2.1518e-05,2.1518e-05,140,1,140,140,140,6,1,6,6,6
15,60,2.3266e-05,1,2.3266e-05,2.3266e-05,2.3266e-05,141,1,141,141,141,5,1,5,5,5
15,60,2.2012e-05,1,2.2012e-05,2.2012e-05,2.2012e-05,132,1,132,132,132,5,1,5,5,5
15,60,2.184e-05,1,2.184e-05,2.184e-05,2.184e-05,140,1,140,140,140,6,1,6,6,6
15,60,2.1389e-05,1,2.1389e-05,2.1389e-05,2.1389e-05,147,1,147,147,147,7,1,7,7,7
15,60,2.099e-05,1,2.099e-05,2.099e-05,2.099e-05,139,1,139,139,139,6,1,6,6,6
15,60,2.1394e-05,1,2.1394e-05,2.1394e-05,2.1394e-05,148,1,148,148,148,6,1,6,6,6
15,60,2.1616e-05,1,2.1616e-05,2.1616e-05,2.1616e-05,147,1,147,147,147,7,1,7,7,7
15,60,2.0972e-05,1,2.0972e-05,2.0972e-05,2.0972e-05,140,1,140,140,140,6,1,6,6,6
15,60,2.1178e-05,1,2.1178e-05,2.1178e-05,2.1178e-05,146,1,146,146,146,7,1,7,7,7
15,60,2.1298e-05,1,2.1298e-05,2.1298e-05,2.1298e-05,144,1,144,144,144,6,1,6,6,6
15,60,2.0857e-05,1,2.0857e-05,2.0857e-05,2.0857e-05,134,1,134,134,134,5,1,5,5,5
15,60,2.0681e-05,1,2.0681e-05,2.0681e-05,2.0681e-05,140,1,140,140,140,6,1,6,6,6
15,60,2.2095e-05,1,2.2095e-05,2.2095e-05,2.2095e-05,138,1,138,138,138,6,1,6,6,6
15,60,2.2854e-05,1,2.2854e-05,2.2854e-05,2.2854e-05,145,1,145,145,145,7,1,7,7,7
15,60,2.1812e-05,1,2.1812e-05,2.1812e-05,2.1812e-05,145,1,145,145,145,7,1,7,7,7
15,60,2.2205e-05,1,2.2205e-05,2.2205e-05,2.2205e-05,151,1,151,151,151,7,1,7,7,7
15,60,2.1787e-05,1,2.1787e-05,2.1787e-05,2.1787e-05,139,1,139,139,139,6,1,6,6,6
15,60,2.239e-05,1,2.239e-05,2.239e-05,2.239e-05,144,1,144,144,144,6,1,6,6,6
15,60,2.1111e-05,1,2.1111e-05,2.1111e-05,2.1111e-05,133,1,133,133,133,5,1,5,5,5
15,60,2.2301e-05,1,2.2301e-05,2.2301e-05,2.2301e-05,148,1,148,148,148,7,1,7,7,7
15,60,2.051e-05,1,2.051e-05,2.051e-05,2.051e-05,140,1,140,140,140,6,1,6,6,6
15,60,2.2491e-05,1,2.2491e-05,2.2491e-05,2.2491e-05,146,1,146,146,146,7,1,7,7,7
15,60,2.1486e-05,1,2.1486e-05,2.1486e-05,2.1486e-05,140,1,140,140,140,6,1,6,6,6
15,60,2.2226e-05,1,2.2226e-05,2.2226e-05,2.2226e-05,142,1,142,142,142,7,1,7,7,7
15,60,2.145e-05,1,2.145e-05,2.145e-05,2.145e-05,143,1,143,143,143,6,1,6,6,6
15,60,2.4472e-05,1,2.4472e-05,2.4472e-05,2.4472e-05,145,1,145,145,145,6,1,6,6,6
15,60,2.2358e-05,1,2.2358e-05,2.2358e-05,2.2358e-05,147,1,147,147,147,7,1,7,7,7
15,60,2.205e-05,1,2.205e-05,2.205e-05,2.205e-05,142,1,142,142,142,6,1,6,6,6
15,60,2.0656e-05,1,2.0656e-05,2.0656e-05,2.0656e-05,135,1,135,135,135,5,1,5,5,5
15,60,2.1735e-05,1,2.1735e-05,2.1735e-05,2.1735e-05,135,1,135,135,135,6,1,6,6,6
15,60,2.1742e-05,1,2.1742e-05,2.1742e-05,2.1742e-05,130,1,130,130,130,5,1,5,5,5
15,60,2.1992e-05,1,2.1992e-05,2.1992e-05,2.1992e-05,143,1,143,143,143,7,1,7,7,7
15,60,2.1475e-05,1,2.1475e-05,2.1475e-05,2.1475e-05,139,1,139,139,139,6,1,6,6,6
15,60,2.1561e-05,1,2.1561e-05,2.1561e-05,2.1561e-05,130,1,130,130,130,5,1,5,5,5
15,60,2.213e-05,1,2.213e-05,2.213e-05,2.213e-05,139,1,139,139,139,7,1,7,7,7
15,60,2.2295e-05,1,2.2295e-05,2.2295e-05,2.2295e-05,143,1,143,143,143,6,1,6,6,6
15,60,2.0701e-05,1,2.0701e-05,2.0701e-05,2.0701e-05,135,1,135,135,135,6,1,6,6,6
15,60,3.9414e-05,1,3.9414e-05,3.9414e-05,3.9414e-05,137,1,137,137,137,6,1,6,6,6
15,60,2.2791e-05,1,2.2791e-05,2.2791e-05,2.2791e-05,139,1,139,139,139,6,1,6,6,6
15,60,2.2158e-05,1,2.2158e-05,2.2158e-05,2.2158e-05,136,1,136,136,136,6,1,6,6,6
15,60,2.36e-05,1,2.36e-05,2.36e-05,2.36e-05,146,1,146,146,146,6,1,6,6,6
15,60,2.2736e-05,1,2.2736e-05,2.2736e-05,2.2736e-05,141,1,141,141,141,6,1,6,6,6
15,60,2.2824e-05,1,2.2824e-05,2.2824e-05,2.2824e-05,130,1,130,130,130,5,1,5,5,5
15,60,2.2062e-05,1,2.2062e-05,2.2062e-05,2.2062e-05,144,1,144,144,144,7,1,7,7,7
15,60,2.213e-05,1,2.213e-05,2.213e-05,2.213e-05,146,1,146,146,146,6,1,6,6,6
15,60,2.1886e-05,1,2.1886e-05,2.1886e-05,2.1886e-05,140,1,140,140,140,6,1,6,6,6
15,60,2.2105e-05,1,2.2105e-05,2.2105e-05,2.2105e-05,143,1,143,143,143,6,1,6,6,6
15,60,2.2171e-05,1,2.2171e-05,2.2171e-05,2.2171e-05,146,1,146,146,146,7,1,7,7,7
15,60,2.196e-05,1,2.196e-05,2.196e-05,2.196e-05,145,1,145,145,145,7,1,7,7,7
15,60,2.1111e-05,1,2.1111e-05,2.1111e-05,2.1111e-05,143,1,143,143,143,6,1,6,6,6
15,60,2.1618e-05,1,2.1618e-05,2.1618e-05,2.1618e-05,137,1,137,137,137,6,1,6,6,6
15,60,2.0968e-05,1,2.0968e-05,2.0968e-05,2.0968e-05,134,1,134,134,134,6,1,6,6,6
15,60,2.2017e-05,1,2.2017e-05,2.2017e-05,2.2017e-05,135,1,135,135,135,6,1,6,6,6
15,60,2.1873e-05,1,2.1873e-05,2.1873e-05,2.1873e-05,139,1,139,139,139,6,1,6,6,6
15,60,2.1905e-05,1,2.1905e-05,2.1905e-05,2.1905e-05,147,1,147,147,147,7,1,7,7,7
15,60,2.2556e-05,1,2.2556e-05,2.2556e-05,2.2556e-05,139,1,139,139,139,5,1,5,5,5
15,60,2.1421e-05,1,2.1421e-05,2.1421e-05,2.1421e-05,138,1,138,138,138,6,1,6,6,6
15,60,2.1514e-05,1,2.1514e-05,2.1514e-05,2.1514e-05,144,1,144,144,144,6,1,6,6,6
15,60,3.2351e-05,1,3.2351e-05,3.2351e-05,3.2351e-05,139,1,139,139,139,5,1,5,5,5
15,60,2.2557e-05,1,2.2557e-05,2.2557e-05,2.2557e-05,142,1,142,142,142,6,1,6,6,6
15,60,2.1763e-05,1,2.1763e-05,2.1763e-05,2.1763e-05,136,1,136,136,136,5,1,5,5,5
15,60,2.3224e-05,1,2.3224e-05,2.3224e-05,2.3224e-05,145,1,145,145,145,6,1,6,6,6
15,60,2.3609e-05,1,2.3609e-05,2.3609e-05,2.3609e-05,146,1,146,146,146,6,1,6,6,6
15,60,2.2412e-05,1,2.2412e-05,2.2412e-05,2.2412e-05,129,1,129,129,129,5,1,5,5,5
15,60,2.2624e-05,1,2.2624e-05,2.2624e-05,2.2624e-05,140,1,140,140,140,6,1,6,6,6
15,60,2.3682e-05,1,2.3682e-05,2.3682e-05,2.3682e-05,140,1,140,140,140,5,1,5,5,5
15,60,2.1776e-05,1,2.1776e-05,2.1776e-05,2.1776e-05,148,1,148,148,148,7,1,7,7,7
15,60,2.1711e-05,1,2.1711e-05,2.1711e-05,2.1711e-05,144,1,144,144,144,7,1,7,7,7
15,60,2.126e-05,1,2.126e-05,2.126e-05,2.126e-05,138,1,138,138,138,6,1,6,6,6
15,60,2.2382e-05,1,2.2382e-05,2.2382e-05,2.2382e-05,145,1,145,145,145,6,1,6,6,6
15,60,2.1932e-05,1,2.1932e-05,2.1932e-05,2.1932e-05,147,1,147,147,147,7,1,7,7,7
15,60,2.2402e-05,1,2.2402e-05,2.2402e-05,2.2402e-05,138,1,138,138,138,6,1,6,6,6
15,60,2.1985e-05,1,2.1985e-05,2.1985e-05,2.1985e-05,136,1,136,136,136,6,1,6,6,6
15,60,2.1753e-05,1,2.1753e-05,2.1753e-05,2.1753e-05,148,1,148,148,148,7,1,7,7,7
15,60,2.1889e-05,1,2.1889e-05,2.1889e-05,2.1889e-05,140,1,140,140,140,6,1,6,6,6
15,60,2.1933e-05,1,2.1933e-05,2.1933e-05,2.1933e-05,153,1,153,153,153,8,1,8,8,8
15,60,2.1412e-05,1,2.1412e-05,2.1412e-05,2.1412e-05,141,1,141,141,141,6,1,6,6,6
15,60,2.1457e-05,1,2.1457e-05,2.1457e-05,2.1457e-05,137,1,137,137,137,6,1,6,6,6
15,60,2.1174e-05,1,2.1174e-05,2.1174e-05,2.1174e-05,147,1,147,147,147,7,1,7,7,7
15,60,2.2388e-05,1,2.2388e-05,2.2388e-05,2.2388e-05,134,1,134,134,134,6,1,6,6,6
15,60,2.2301e-05,1,2.2301e-05,2.2301e-05,2.2301e-05,139,1,139,139,139,6,1,6,6,6
15,60,2.209e-05,1,2.209e-05,2.209e-05,2.209e-05,153,1,153,153,153,7,1,7,7,7
15,60,2.182e-05,1,2.182e-05,2.182e-05,2.182e-05,144,1,144,144,144,6,1,6,6,6
15,60,2.1223e-05,1,2.1223e-05,2.1223e-05,2.1223e-05,145,1,145,145,145,6,1,6,6,6
15,60,2.2544e-05,1,2.2544e-05,2.2544e-05,2.2544e-05,141,1,141,141,141,5,1,5,5,5
15,60,2.192e-05,1,2.192e-05,2.192e-05,2.192e-05,136,1,136,136,136,5,1,5,5,5
15,60,2.1255e-05,1,2.1255e-05,2.1255e-05,2.1255e-05,143,1,143,143,143,7,1,7,7,7
15,60,2.1783e-05,1,2.1783e-05,2.1783e-05,2.1783e-05,147,1,147,147,147,7,1,7,7,7
15,60,2.173e-05,1,2.173e-05,2.173e-05,2.173e-05,136,1,136,136,136,5,1,5,5,5
15,60,2.2487e-05,1,2.2487e-05,2.2487e-05,2.2487e-05,137,1,137,137,137,6,1,6,6,6
15,60,2.1728e-05,1,2.1728e-05,2.1728e-05,2.1728e-05,147,1,147,147,147,7,1,7,7,7
15,60,2.3364e-05,1,2.3364e-05,2.3364e-05,2.3364e-05,138,1,138,138,138,5,1,5,5,5
15,60,2.1925e-05,1,2.1925e-05,2.1925e-05,2.1925e-05,143,1,143,143,143,6,1,6,6,6
15,60,2.1333e-05,1,2.1333e-05,2.1333e-05,2.1333e-05,130,1,130,130,130,5,1,5,5,5
15,60,4.0173e-05,1,4.0173e-05,4.0173e-05,4.0173e-05,135,1,135,135,135,5,1,5,5,5
15,60,2.3225e-05,1,2.3225e-05,2.3225e-05,2.3225e-05,137,1,137,137,137,6,1,6,6,6
15,60,2.2181e-05,1,2.2181e-05,2.2181e-05,2.2181e-05,132,1,132,132,132,5,1,5,5,5
15,60,2.3246e-05,1,2.3246e-05,2.3246e-05,2.3246e-05,147,1,147,147,147,7,1,7,7,7
15,60,2.2592e-05,1,2.2592e-05,2.2592e-05,2.2592e-05,142,1,142,142,142,6,1,6,6,6
15,60,2.2596e-05,1,2.2596e-05,2.2596e-05,2.2596e-05,130,1,130,130,130,5,1,5,5,5
15,60,2.1759e-05,1,2.1759e-05,2.1759e-05,2.1759e-05,142,1,142,142,142,6,1,6,6,6
15,60,2.1326e-05,1,2.1326e-05,2.1326e-05,2.1326e-05,147,1,147,147,147,6,1,6,6,6
15,60,2.136e-05,1,2.136e-05,2.136e-05,2.136e-05,138,1,138,138,138,6,1,6,6,6
15,60,2.1202e-05,1,2.1202e-05,2.1202e-05,2.1202e-05,138,1,138,138,138,5,1,5,5,5
15,60,2.1927e-05,1,2.1927e-05,2.1927e-05,2.1927e-05,145,1,145,145,145,6,1,6,6,6
15,60,2.2214e-05,1,2.2214e-05,2.2214e-05,2.2214e-05,142,1,142,142,142,6,1,6,6,6
15,60,2.1733e-05,1,2.1733e-05,2.1733e-05,2.1733e-05,143,1,143,143,143,6,1,6,6,6
15,60,2.174e-05,1,2.174e-05,2.174e-05,2.174e-05,139,1,139,139,139,6,1,6,6,6
15,60,2.2048e-05,1,2.2048e-05,2.2048e-05,2.2048e-05,132,1,132,132,132,5,1,5,5,5
15,60,2.0652e-05,1,2.0652e-05,2.0652e-05,2.0652e-05,144,1,144,144,144,6,1,6,6,6
15,60,2.14e-05,1,2.14e-05,2.14e-05,2.14e-05,139,1,139,139,139,6,1,6,6,6
15,60,2.1692e-05,1,2.1692e-05,2.1692e-05,2.1692e-05,139,1,139,139,139,6,1,6,6,6
15,60,2.2595e-05,1,2.2595e-05,2.2595e-05,2.2595e-05,144,1,144,144,144,7,1,7,7,7
15,60,2.2662e-05,1,2.2662e-05,2.2662e-05,2.2662e-05,148,1,148,148,148,8,1,8,8,8
15,60,2.265e-05,1,2.265e-05,2.265e-05,2.265e-05,144,1,144,144,144,6,1,6,6,6
15,60,2.3425e-05,1,2.3425e-05,2.3425e-05,2.3425e-05,138,1,138,138,138,6,1,6,6,6
15,60,2.2921e-05,1,2.2921e-05,2.2921e-05,2.2921e-05,138,1,138,138,138,6,1,6,6,6
15,60,2.3329e-05,1,2.3329e-05,2.3329e-05,2.3329e-05,140,1,140,140,140,6,1,6,6,6
15,60,2.1448e-05,1,2.1448e-05,2.1448e-05,2.1448e-05,131,1,131,131,131,5,1,5,5,5
15,60,2.1977e-05,1,2.1977e-05,2.1977e-05,2.1977e-05,134,1,134,134,134,5,1,5,5,5
15,60,2.1861e-05,1,2.1861e-05,2.1861e-05,2.1861e-05,140,1,140,140,140,6,1,6,6,6
15,60,2.2094e-05,1,2.2094e-05,2.2094e-05,2.2094e-05,146,1,146,146,146,7,1,7,7,7
15,60,2.1396e-05,1,2.1396e-05,2.1396e-05,2.1396e-05,134,1,134,134,134,6,1,6,6,6
15,60,2.1489e-05,1,2.1489e-05,2.1489e-05,2.1489e-05,150,1,150,150,150,7,1,7,7,7
15,60,2.6127e-05,1,2.6127e-05,2.6127e-05,2.6127e-05,138,1,138,138,138,6,1,6,6,6
15,60,2.18e-05,1,2.18e-05,2.18e-05,2.18e-05,142,1,142,142,142,7,1,7,7,7
15,60,2.1873e-05,1,2.1873e-05,2.1873e-05,2.1873e-05,132,1,132,132,132,5,1,5,5,5
15,60,2.1033e-05,1,2.1033e-05,2.1033e-05,2.1033e-05,133,1,133,133,133,5,1,5,5,5
15,60,2.1808e-05,1,2.1808e-05,2.1808e-05,2.1808e-05,144,1,144,144,144,7,1,7,7,7
15,60,2.1532e-05,1,2.1532e-05,2.1532e-05,2.1532e-05,141,1,141,141,141,6,1,6,6,6
15,60,2.1277e-05,1,2.1277e-05,2.1277e-05,2.1277e-05,138,1,138,138,138,5,1,5,5,5
15,60,2.1999e-05,1,2.1999e-05,2.1999e-05,2.1999e-05,144,1,144,144,144,7,1,7,7,7
15,60,2.1823e-05,1,2.1823e-05,2.1823e-05,2.1823e-05,136,1,136,136,136,6,1,6,6,6
15,60,2.1607e-05,1,2.1607e-05,2.1607e-05,2.1607e-05,134,1,134,134,134,6,1,6,6,6
15,60,2.1825e-05,1,2.1825e-05,2.1825e-05,2.1825e-05,140,1,140,140,140,6,1,6,6,6
15,60,2.2642e-05,1,2.2642e-05,2.2642e-05,2.2642e-05,133,1,133,133,133,5,1,5,5,5
15,60,2.1054e-05,1,2.1054e-05,2.1054e-05,2.1054e-05,139,1,139,139,139,5,1,5,5,5
15,60,2.1606e-05,1,2.1606e-05,2.1606e-05,2.1606e-05,138,1,138,138,138,6,1,6,6,6
15,60,2.1447e-05,1,2.1447e-05,2.1447e-05,2.1447e-05,138,1,138,138,138,6,1,6,6,6
15,60,2.2714e-05,1,2.2714e-05,2.2714e-05,2.2714e-05,139,1,139,139,139,5,1,5,5,5
15,60,2.1549e-05,1,2.1549e-05,2.1549e-05,2.1549e-05,138,1,138,138,138,6,1,6,6,6
15,60,2.1696e-05,1,2.1696e-05,2.1696e-05,2.1696e-05,140,1,140,140,140,6,1,6,6,6
15,60,2.189e-05,1,2.189e-05,2.189e-05,2.189e-05,136,1,136,136,136,5,1,5,5,5
15,60,2.2428e-05,1,2.2428e-05,2.2428e-05,2.2428e-05,148,1,148,148,148,7,1,7,7,7
15,60,2.1617e-05,1,2.1617e-05,2.1617e-05,2.1617e-05,140,1,140,140,140,6,1,6,6,6
15,60,2.2489e-05,1,2.2489e-05,2.2489e-05,2.2489e-05,144,1,144,144,144,6,1,6,6,6
15,60,2.0989e-05,1,2.0989e-05,2.0989e-05,2.0989e-05,135,1,135,135,135,5,1,5,5,5
15,60,2.1933e-05,1,2.1933e-05,2.1933e-05,2.1933e-05,136,1,136,136,136,6,1,6,6,6
15,60,2.1451e-05,1,2.1451e-05,2.1451e-05,2.1451e-05,139,1,139,139,139,6,1,6,6,6
15,60,2.2021e-05,1,2.2021e-05,2.2021e-05,2.2021e-05,138,1,138,138,138,6,1,6,6,6
15,60,2.2115e-05,1,2.2115e-05,2.2115e-05,2.2115e-05,150,1,150,150,150,7,1,7,7,7
15,60,2.2004e-05,1,2.2004e-05,2.2004e-05,2.2004e-05,150,1,150,150,150,7,1,7,7,7
15,60,2.2679e-05,1,2.2679e-05,2.2679e-05,2.2679e-05,144,1,144,144,144,6,1,6,6,6
15,60,2.2451e-05,1,2.2451e-05,2.2451e-05,2.2451e-05,143,1,143,143,143,6,1,6,6,6
15,60,2.1702e-05,1,2.1702e-05,2.1702e-05,2.1702e-05,140,1,140,140,140,6,1,6,6,6
15,60,2.2648e-05,1,2.2648e-05,2.2648e-05,2.2648e-05,142,1,142,142,142,6,1,6,6,6
15,60,2.1057e-05,1,2.1057e-05,2.1057e-05,2.1057e-05,145,1,145,145,145,6,1,6,6,6
15,60,2.1915e-05,1,2.1915e-05,2.1915e-05,2.1915e-05,144,1,144,144,144,7,1,7,7,7
15,60,2.1147e-05,1,2.1147e-05,2.1147e-05,2.1147e-05,148,1,148,148,148,7,1,7,7,7
15,60,2.1799e-05,1,2.1799e-05,2.1799e-05,2.1799e-05,134,1,134,134,134,5,1,5,5,5
15,60,2.1997e-05,1,2.1997e-05,2.1997e-05,2.1997e-05,136,1,136,136,136,5,1,5,5,5
15,60,2.1343e-05,1,2.1343e-05,2.1343e-05,2.1343e-05,143,1,143,143,143,6,1,6,6,6
15,60,2.2045e-05,1,2.2045e-05,2.2045e-05,2.2045e-05,143,1,143,143,143,6,1,6,6,6
15,60,2.1168e-05,1,2.1168e-05,2.1168e-05,2.1168e-05,140,1,140,140,140,6,1,6,6,6
15,60,3.9579e-05,1,3.9579e-05,3.9579e-05,3.9579e-05,138,1,138,138,138,6,1,6,6,6
15,60,2.1796e-05,1,2.1796e-05,2.1796e-05,2.1796e-05,139,1,139,139,139,6,1,6,6,6
15,60,2.287e-05,1,2.287e-05,2.287e-05,2.287e-05,143,1,143,143,143,6,1,6,6,6
15,60,2.3545e-05,1,2.3545e-05,2.3545e-05,2.3545e-05,150,1,150,150,150,8,1,8,8,8
15,60,2.335e-05,1,2.335e-05,2.335e-05,2.335e-05,133,1,133,133,133,5,1,5,5,5
15,60,2.2053e-05,1,2.2053e-05,2.2053e-05,2.2053e-05,143,1,143,143,143,6,1,6,6,6
15,60,2.1622e-05,1,2.1622e-05,2.1622e-05,2.1622e-05,144,1,144,144,144,6,1,6,6,6
15,60,2.1893e-05,1,2.1893e-05,2.1893e-05,2.1893e-05,132,1,132,132,132,6,1,6,6,6
15,60,2.1213e-05,1,2.1213e-05,2.1213e-05,2.1213e-05,139,1,139,139,139,7,1,7,7,7
15,60,2.1676e-05,1,2.1676e-05,2.1676e-05,2.1676e-05,142,1,142,142,142,6,1,6,6,6
15,60,2.177e-05,1,2.177e-05,2.177e-05,2.177e-05,144,1,144,144,144,6,1,6,6,6
15,60,2.1947e-05,1,2.1947e-05,2.1947e-05,2.1947e-05,147,1,147,147,147,6,1,6,6,6
15,60,2.0948e-05,1,2.0948e-05,2.0948e-05,2.0948e-05,136,1,136,136,136,6,1,6,6,6
15,60,2.1869e-05,1,2.1869e-05,2.1869e-05,2.1869e-05,142,1,142,142,142,6,1,6,6,6
15,60,2.1796e-05,1,2.1796e-05,2.1796e-05,2.1796e-05,138,1,138,138,138,6,1,6,6,6
15,60,2.0766e-05,1,2.0766e-05,2.0766e-05,2.0766e-05,140,1,140,140,140,6,1,6,6,6
15,60,2.1188e-05,1,2.1188e-05,2.1188e-05,2.1188e-05,138,1,138,138,138,6,1,6,6,6
15,60,2.1576e-05,1,2.1576e-05,2.1576e-05,2.1576e-05,151,1,151,151,151,8,1,8,8,8
15,60,2.183e-05,1,2.183e-05,2.183e-05,2.183e-05,136,1,136,136,136,5,1,5,5,5
15,60,2.2656e-05,1,2.2656e-05,2.2656e-05,2.2656e-05,139,1,139,139,139,5,1,5,5,5
15,60,2.1313e-05,1,2.1313e-05,2.1313e-05,2.1313e-05,145,1,145,145,145,6,1,6,6,6
15,60,2.1638e-05,1,2.1638e-05,2.1638e-05,2.1638e-05,137,1,137,137,137,5,1,5,5,5
15,60,2.1306e-05,1,2.1306e-05,2.1306e-05,2.1306e-05,141,1,141,141,141,6,1,6,6,6
15,60,2.1487e-05,1,2.1487e-05,2.1487e-05,2.1487e-05,134,1,134,134,134,5,1,5,5,5
15,60,2.1861e-05,1,2.1861e-05,2.1861e-05,2.1861e-05,138,1,138,138,138,6,1,6,6,6
15,60,2.186e-05,1,2.186e-05,2.186e-05,2.186e-05,142,1,142,142,142,6,1,6,6,6
15,60,2.1487e-05,1,2.1487e-05,2.1487e-05,2.1487e-05,131,1,131,131,131,5,1,5,5,5
15,60,2.1579e-05,1,2.1579e-05,2.1579e-05,2.1579e-05,140,1,140,140,140,6,1,6,6,6
15,60,2.1483e-05,1,2.1483e-05,2.1483e-05,2.1483e-05,129,1,129,129,129,5,1,5,5,5
15,60,2.2507e-05,1,2.2507e-05,2.2507e-05,2.2507e-05,141,1,141,141,141,6,1,6,6,6
15,60,2.2606e-05,1,2.2606e-05,2.2606e-05,2.2606e-05,146,1,146,146,146,7,1,7,7,7
15,60,2.1528e-05,1,2.1528e-05,2.1528e-05,2.1528e-05,139,1,139,139,139,6,1,6,6,6
15,60,2.1941e-05,1,2.1941e-05,2.1941e-05,2.1941e-05,141,1,141,141,141,6,1,6,6,6
15,60,2.1505e-05,1,2.1505e-05,2.1505e-05,2.1505e-05,141,1,141,141,141,7,1,7,7,7
15,60,2.1072e-05,1,2.1072e-05,2.1072e-05,2.1072e-05,137,1,137,137,137,6,1,6,6,6
15,60,2.2134e-05,1,2.2134e-05,2.2134e-05,2.2134e-05,147,1,147,147,147,7,1,7,7,7
15,60,2.2798e-05,1,2.2798e-05,2.2798e-05,2.2798e-05,147,1,147,147,147,7,1,7,7,7
15,60,2.243e-05,1,2.243e-05,2.243e-05,2.243e-05,140,1,140,140,140,6,1,6,6,6
15,60,2.1664e-05,1,2.1664e-05,2.1664e-05,2.1664e-05,134,1,134,134,134,6,1,6,6,6
15,60,2.1478e-05,1,2.1478e-05,2.1478e-05,2.1478e-05,139,1,139,139,139,6,1,6,6,6
15,60,2.0988e-05,1,2.0988e-05,2.0988e-05,2.0988e-05,143,1,143,143,143,6,1,6,6,6
15,60,2.2848e-05,1,2.2848e-05,2.2848e-05,2.2848e-05,148,1,148,148,148,7,1,7,7,7
15,60,2.1585e-05,1,2.1585e-05,2.1585e-05,2.1585e-05,139,1,139,139,139,6,1,6,6,6
15,60,2.1421e-05,1,2.1421e-05,2.1421e-05,2.1421e-05,142,1,142,142,142,7,1,7,7,7
15,60,2.1023e-05,1,2.1023e-05,2.1023e-05,2.1023e-05,133,1,133,133,133,6,1,6,6,6
15,60,2.1014e-05,1,2.1014e-05,2.1014e-05,2.1014e-05,138,1,138,138,138,5,1,5,5,5
15,60,2.0628e-05,1,2.0628e-05,2.0628e-05,2.0628e-05,129,1,129,129,129,5,1,5,5,5
15,60,2.1036e-05,1,2.1036e-05,2.1036e-05,2.1036e-05,137,1,137,137,137,6,1,6,6,6
15,60,2.0731e-05,1,2.0731e-05,2.0731e-05,2.0731e-05,139,1,139,139,139,6,1,6,6,6
15,60,2.1521e-05,1,2.1521e-05,2.1521e-05,2.1521e-05,142,1,142,142,142,6,1,6,6,6
15,60,2.2158e-05,1,2.2158e-05,2.2158e-05,2.2158e-05,146,1,146,146,146,7,1,7,7,7
15,60,2.2129e-05,1,2.2129e-05,2.2129e-05,2.2129e-05,136,1,136,136,136,6,1,6,6,6
15,60,2.1401e-05,1,2.1401e-05,2.1401e-05,2.1401e-05,144,1,144,144,144,6,1,6,6,6
15,60,2.1287e-05,1,2.1287e-05,2.1287e-05,2.1287e-05,134,1,134,134,134,5,1,5,5,5
15,60,2.1463e-05,1,2.1463e-05,2.1463e-05,2.1463e-05,137,1,137,137,137,6,1,6,6,6
15,60,2.127e-05,1,2.127e-05,2.127e-05,2.127e-05,143,1,143,143,143,6,1,6,6,6
15,60,2.1715e-05,1,2.1715e-05,2.1715e-05,2.1715e-05,141,1,141,141,141,7,1,7,7,7
15,60,2.1871e-05,1,2.1871e-05,2.1871e-05,2.1871e-05,142,1,142,142,142,6,1,6,6,6
15,60,2.1975e-05,1,2.1975e-05,2.1975e-05,2.1975e-05,135,1,135,135,135,6,1,6,6,6
15,60,2.0832e-05,1,2.0832e-05,2.0832e-05,2.0832e-05,141,1,141,141,141,6,1,6,6,6
15,60,2.2226e-05,1,2.2226e-05,2.2226e-05,2.2226e-05,141,1,141,141,141,6,1,6,6,6
15,60,2.1649e-05,1,2.1649e-05,2.1649e-05,2.1649e-05,141,1,141,141,141,6,1,6,6,6
15,60,2.4469e-05,1,2.4469e-05,2.4469e-05,2.4469e-05,147,1,147,147,147,7,1,7,7,7
15,60,2.3656e-05,1,2.3656e-05,2.3656e-05,2.3656e-05,143,1,143,143,143,7,1,7,7,7
15,60,2.3695e-05,1,2.3695e-05,2.3695e-05,2.3695e-05,145,1,145,145,145,6,1,6,6,6
15,60,2.3123e-05,1,2.3123e-05,2.3123e-05,2.3123e-05,145,1,145,145,145,7,1,7,7,7
15,60,2.2479e-05,1,2.2479e-05,2.2479e-05,2.2479e-05,135,1,135,135,135,5,1,5,5,5
15,60,3.9371e-05,1,3.9371e-05,3.9371e-05,3.9371e-05,140,1,140,140,140,6,1,6,6,6
15,60,2.2121e-05,1,2.2121e-05,2.2121e-05,2.2121e-05,143,1,143,143,143,6,1,6,6,6
15,60,2.0771e-05,1,2.0771e-05,2.0771e-05,2.0771e-05,135,1,135,135,135,5,1,5,5,5
15,60,2.2404e-05,1,2.2404e-05,2.2404e-05,2.2404e-05,148,1,148,148,148,7,1,7,7,7
15,60,2.1503e-05,1,2.1503e-05,2.1503e-05,2.1503e-05,141,1,141,141,141,5,1,5,5,5
15,60,2.2419e-05,1,2.2419e-05,2.2419e-05,2.2419e-05,143,1,143,143,143,6,1,6,6,6
15,60,2.134e-05,1,2.134e-05,2.134e-05,2.134e-05,138,1,138,138,138,6,1,6,6,6
15,60,2.3026e-05,1,2.3026e-05,2.3026e-05,2.3026e-05,145,1,145,145,145,6,1,6,6,6
15,60,2.1708e-05,1,2.1708e-05,2.1708e-05,2.1708e-05,142,1,142,142,142,6,1,6,6,6
15,60,2.2511e-05,1,2.2511e-05,2.2511e-05,2.2511e-05,138,1,138,138,138,6,1,6,6,6
15,60,2.1199e-05,1,2.1199e-05,2.1199e-05,2.1199e-05,142,1,142,142,142,7,1,7,7,7
15,60,2.2045e-05,1,2.2045e-05,2.2045e-05,2.2045e-05,143,1,143,143,143,7,1,7,7,7
15,60,2.2559e-05,1,2.2559e-05,2.2559e-05,2.2559e-05,151,1,151,151,151,7,1,7,7,7
15,60,2.1524e-05,1,2.1524e-05,2.1524e-05,2.1524e-05,142,1,142,142,142,6,1,6,6,6
15,60,2.1963e-05,1,2.1963e-05,2.1963e-05,2.1963e-05,135,1,135,135,135,5,1,5,5,5
15,60,2.1891e-05,1,2.1891e-05,2.1891e-05,2.1891e-05,144,1,144,144,144,6,1,6,6,6
15,60,2.0375e-05,1,2.0375e-05,2.0375e-05,2.0375e-05,136,1,136,136,136,5,1,5,5,5
15,60,2.1596e-05,1,2.1596e-05,2.1596e-05,2.1596e-05,135,1,135,135,135,5,1,5,5,5
15,60,2.1336e-05,1,2.1336e-05,2.1336e-05,2.1336e-05,140,1,140,140,140,6,1,6,6,6
15,60,2.1936e-05,1,2.1936e-05,2.1936e-05,2.1936e-05,134,1,134,134,134,6,1,6,6,6
15,60,2.0808e-05,1,2.0808e-05,2.0808e-05,2.0808e-05,140,1,140,140,140,6,1,6,6,6
15,60,2.2762e-05,1,2.2762e-05,2.2762e-05,2.2762e-05,138,1,138,138,138,6,1,6,6,6
15,60,2.1798e-05,1,2.1798e-05,2.1798e-05,2.1798e-05,142,1,142,142,142,6,1,6,6,6
15,60,2.0558e-05,1,2.0558e-05,2.0558e-05,2.0558e-05,136,1,136,136,136,5,1,5,5,5
15,60,2.2321e-05,1,2.2321e-05,2.2321e-05,2.2321e-05,142,1,142,142,142,6,1,6,6,6
15,60,2.1376e-05,1,2.1376e-05,2.1376e-05,2.1376e-05,136,1,136,136,136,6,1,6,6,6
15,60,2.151e-05,1,2.151e-05,2.151e-05,2.151e-05,140,1,140,140,140,6,1,6,6,6
15,60,2.1879e-05,1,2.1879e-05,2.1879e-05,2.1879e-05,141,1,141,141,141,6,1,6,6,6
15,60,2.1591e-05,1,2.1591e-05,2.1591e-05,2.1591e-05,136,1,136,136,136,5,1,5,5,5
15,60,2.2657e-05,1,2.2657e-05,2.2657e-05,2.2657e-05,149,1,149,149,149,7,1,7,7,7
15,60,2.1716e-05,1,2.1716e-05,2.1716e-05,2.1716e-05,146,1,146,146,146,7,1,7,7,7
15,60,2.1116e-05,1,2.1116e-05,2.1116e-05,2.1116e-05,137,1,137,137,137,6,1,6,6,6
15,60,2.1812e-05,1,2.1812e-05,2.1812e-05,2.1812e-05,145,1,145,145,145,6,1,6,6,6
15,60,2.0864e-05,1,2.0864e-05,2.0864e-05,2.0864e-05,135,1,135,135,135,5,1,5,5,5
15,60,2.2471e-05,1,2.2471e-05,2.2471e-05,2.2471e-05,141,1,141,141,141,6,1,6,6,6
15,60,2.1451e-05,1,2.1451e-05,2.1451e-05,2.1451e-05,137,1,137,137,137,6,1,6,6,6
15,60,2.2257e-05,1,2.2257e-05,2.2257e-05,2.2257e-05,150,1,150,150,150,7,1,7,7,7
15,60,2.1444e-05,1,2.1444e-05,2.1444e-05,2.1444e-05,145,1,145,145,145,7,1,7,7,7
15,60,2.2163e-05,1,2.2163e-05,2.2163e-05,2.2163e-05,144,1,144,144,144,6,1,6,6,6
15,60,2.1256e-05,1,2.1256e-05,2.1256e-05,2.1256e-05,143,1,143,143,143,6,1,6,6,6
15,60,2.1994e-05,1,2.1994e-05,2.1994e-05,2.1994e-05,142,1,142,142,142,7,1,7,7,7
15,60,2.2172e-05,1,2.2172e-05,2.2172e-05,2.2172e-05,138,1,138,138,138,6,1,6,6,6
15,60,2.2764e-05,1,2.2764e-05,2.2764e-05,2.2764e-05,143,1,143,143,143,7,1,7,7,7
15,60,2.089e-05,1,2.089e-05,2.089e-05,2.089e-05,132,1,132,132,132,5,1,5,5,5
15,60,2.1502e-05,1,2.1502e-05,2.1502e-05,2.1502e-05,139,1,139,139,139,7,1,7,7,7
15,60,2.1628e-05,1,2.1628e-05,2.1628e-05,2.1628e-05,137,1,137,137,137,5,1,5,5,5
15,60,2.2106e-05,1,2.2106e-05,2.2106e-05,2.2106e-05,144,1,144,144,144,7,1,7,7,7
15,60,2.1285e-05,1,2.1285e-05,2.1285e-05,2.1285e-05,146,1,146,146,146,6,1,6,6,6
15,60,2.1651e-05,1,2.1651e-05,2.1651e-05,2.1651e-05,141,1,141,141,141,6,1,6,6,6
15,60,2.1431e-05,1,2.1431e-05,2.1431e-05,2.1431e-05,141,1,141,141,141,6,1,6,6,6
15,60,2.1953e-05,1,2.1953e-05,2.1953e-05,2.1953e-05,151,1,151,151,151,7,1,7,7,7
15,60,2.2322e-05,1,2.2322e-05,2.2322e-05,2.2322e-05,142,1,142,142,142,6,1,6,6,6
15,60,2.1863e-05,1,2.1863e-05,2.1863e-05,2.1863e-05,134,1,134,134,134,5,1,5,5,5
15,60,2.1158e-05,1,2.1158e-05,2.1158e-05,2.1158e-05,132,1,132,132,132,5,1,5,5,5
15,60,2.1963e-05,1,2.1963e-05,2.1963e-05,2.1963e-05,142,1,142,142,142,6,1,6,6,6
15,60,2.2302e-05,1,2.2302e-05,2.2302e-05,2.2302e-05,136,1,136,136,136,6,1,6,6,6
15,60,2.2826e-05,1,2.2826e-05,2.2826e-05,2.2826e-05,140,1,140,140,140,6,1,6,6,6
15,60,2.2763e-05,1,2.2763e-05,2.2763e-05,2.2763e-05,151,1,151,151,151,7,1,7,7,7
15,60,2.3331e-05,1,2.3331e-05,2.3331e-05,2.3331e-05,151,1,151,151,151,7,1,7,7,7
15,60,2.2843e-05,1,2.2843e-05,2.2843e-05,2.2843e-05,144,1,144,144,144,6,1,6,6,6
15,60,2.2566e-05,1,2.2566e-05,2.2566e-05,2.2566e-05,145,1,145,145,145,7,1,7,7,7
15,60,2.3764e-05,1,2.3764e-05,2.3764e-05,2.3764e-05,140,1,140,140,140,6,1,6,6,6
15,60,2.1367e-05,1,2.1367e-05,2.1367e-05,2.1367e-05,145,1,145,145,145,6,1,6,6,6
15,60,2.2106e-05,1,2.2106e-05,2.2106e-05,2.2106e-05,158,1,158,158,158,8,1,8,8,8
15,60,2.1568e-05,1,2.1568e-05,2.1568e-05,2.1568e-05,132,1,132,132,132,5,1,5,5,5
15,60,2.1049e-05,1,2.1049e-05,2.1049e-05,2.1049e-05,137,1,137,137,137,6,1,6,6,6
15,60,2.1293e-05,1,2.1293e-05,2.1293e-05,2.1293e-05,139,1,139,139,139,6,1,6,6,6
15,60,2.1688e-05,1,2.1688e-05,2.1688e-05,2.1688e-05,136,1,136,136,136,6,1,6,6,6
15,60,2.2278e-05,1,2.2278e-05,2.2278e-05,2.2278e-05,138,1,138,138,138,6,1,6,6,6
15,60,2.2319e-05,1,2.2319e-05,2.2319e-05,2.2319e-05,152,1,152,152,152,7,1,7,7,7
15,60,2.1092e-05,1,2.1092e-05,2.1092e-05,2.1092e-05,132,1,132,132,132,5,1,5,5,5
15,60,2.1883e-05,1,2.1883e-05,2.1883e-05,2.1883e-05,136,1,136,136,136,6,1,6,6,6
15,60,2.1173e-05,1,2.1173e-05,2.1173e-05,2.1173e-05,139,1,139,139,139,6,1,6,6,6
15,60,2.1673e-05,1,2.1673e-05,2.1673e-05,2.1673e-05,139,1,139,139,139,5,1,5,5,5
15,60,2.2603e-05,1,2.2603e-05,2.2603e-05,2.2603e-05,140,1,140,140,140,6,1,6,6,6
15,60,2.191e-05,1,2.191e-05,2.191e-05,2.191e-05,139,1,139,139,139,7,1,7,7,7
15,60,2.1753e-05,1,2.1753e-05,2.1753e-05,2.1753e-05,143,1,143,143,143,7,1,7,7,7
15,60,2.2226e-05,1,2.2226e-05,2.2226e-05,2.2226e-05,142,1,142,142,142,6,1,6,6,6
15,60,2.1997e-05,1,2.1997e-05,2.1997e-05,2.1997e-05,140,1,140,140,140,6,1,6,6,6
15,60,2.283e-05,1,2.283e-05,2.283e-05,2.283e-05,146,1,146,146,146,6,1,6,6,6
15,60,2.135e-05,1,2.135e-05,2.135e-05,2.135e-05,135,1,135,135,135,5,1,5,5,5
15,60,2.1185e-05,1,2.1185e-05,2.1185e-05,2.1185e-05,137,1,137,137,137,6,1,6,6,6
15,60,2.2122e-05,1,2.2122e-05,2.2122e-05,2.2122e-05,139,1,139,139,139,6,1,6,6,6
15,60,2.1603e-05,1,2.1603e-05,2.1603e-05,2.1603e-05,142,1,142,142,142,6,1,6,6,6
15,60,2.2534e-05,1,2.2534e-05,2.2534e-05,2.2534e-05,138,1,138,138,138,6,1,6,6,6
15,60,2.1669e-05,1,2.1669e-05,2.1669e-05,2.1669e-05,137,1,137,137,137,6,1,6,6,6
15,60,2.1273e-05,1,2.1273e-05,2.1273e-05,2.1273e-05,149,1,149,149,149,6,1,6,6,6
15,60,2.2154e-05,1,2.2154e-05,2.2154e-05,2.2154e-05,132,1,132,132,132,6,1,6,6,6
15,60,2.2065e-05,1,2.2065e-05,2.2065e-05,2.2065e-05,138,1,138,138,138,6,1,6,6,6
15,60,2.2415e-05,1,2.2415e-05,2.2415e-05,2.2415e-05,132,1,132,132,132,5,1,5,5,5
15,60,2.26e-05,1,2.26e-05,2.26e-05,2.26e-05,145,1,145,145,145,8,1,8,8,8
15,60,2.2097e-05,1,2.2097e-05,2.2097e-05,2.2097e-05,142,1,142,142,142,6,1,6,6,6
15,60,2.1654e-05,1,2.1654e-05,2.1654e-05,2.1654e-05,134,1,134,134,134,5,1,5,5,5
15,60,2.1806e-05,1,2.1806e-05,2.1806e-05,2.1806e-05,148,1,148,148,148,7,1,7,7,7
15,60,2.1402e-05,1,2.1402e-05,2.1402e-05,2.1402e-05,149,1,149,149,149,6,1,6,6,6
15,60,4.0402e-05,1,4.0402e-05,4.0402e-05,4.0402e-05,144,1,144,144,144,6,1,6,6,6
15,60,2.2399e-05,1,2.2399e-05,2.2399e-05,2.2399e-05,141,1,141,141,141,6,1,6,6,6
15,60,2.1301e-05,1,2.1301e-05,2.1301e-05,2.1301e-05,131,1,131,131,131,5,1,5,5,5
15,60,2.0994e-05,1,2.0994e-05,2.0994e-05,2.0994e-05,134,1,134,134,134,6,1,6,6,6
15,60,2.1712e-05,1,2.1712e-05,2.1712e-05,2.1712e-05,140,1,140,140,140,7,1,7,7,7
15,60,2.3262e-05,1,2.3262e-05,2.3262e-05,2.3262e-05,144,1,144,144,144,6,1,6,6,6
15,60,2.1996e-05,1,2.1996e-05,2.1996e-05,2.1996e-05,129,1,129,129,129,5,1,5,5,5
15,60,2.3018e-05,1,2.3018e-05,2.3018e-05,2.3018e-05,141,1,141,141,141,6,1,6,6,6
15,60,2.2055e-05,1,2.2055e-05,2.2055e-05,2.2055e-05,142,1,142,142,142,7,1,7,7,7
15,60,2.1421e-05,1,2.1421e-05,2.1421e-05,2.1421e-05,139,1,139,139,139,6,1,6,6,6
15,60,2.1167e-05,1,2.1167e-05,2.1167e-05,2.1167e-05,144,1,144,144,144,6,1,6,6,6
15,60,2.1605e-05,1,2.1605e-05,2.1605e-05,2.1605e-05,139,1,139,139,139,6,1,6,6,6
15,60,2.235e-05,1,2.235e-05,2.235e-05,2.235e-05,138,1,138,138,138,6,1,6,6,6
15,60,2.1127e-05,1,2.1127e-05,2.1127e-05,2.1127e-05,143,1,143,143,143,6,1,6,6,6
15,60,2.1586e-05,1,2.1586e-05,2.1586e-05,2.1586e-05,131,1,131,131,131,5,1,5,5,5
15,60,2.1188e-05,1,2.1188e-05,2.1188e-05,2.1188e-05,133,1,133,133,133,5,1,5,5,5
15,60,2.2128e-05,1,2.2128e-05,2.2128e-05,2.2128e-05,150,1,150,150,150,7,1,7,7,7
15,60,2.1441e-05,1,2.1441e-05,2.1441e-05,2.1441e-05,139,1,139,139,139,6,1,6,6,6
15,60,2.2021e-05,1,2.2021e-05,2.2021e-05,2.2021e-05,138,1,138,138,138,6,1,6,6,6
15,60,2.1636e-05,1,2.1636e-05,2.1636e-05,2.1636e-05,145,1,145,145,145,6,1,6,6,6
15,60,2.1961e-05,1,2.1961e-05,2.1961e-05,2.1961e-05,142,1,142,142,142,6,1,6,6,6
15,60,2.1791e-05,1,2.1791e-05,2.1791e-05,2.1791e-05,137,1,137,137,137,5,1,5,5,5
15,60,2.134e-05,1,2.134e-05,2.134e-05,2.134e-05,141,1,141,141,141,7,1,7,7,7
15,60,2.1065e-05,1,2.1065e-05,2.1065e-05,2.1065e-05,143,1,143,143,143,7,1,7,7,7
15,60,2.2314e-05,1,2.2314e-05,2.2314e-05,2.2314e-05,140,1,140,140,140,6,1,6,6,6
15,60,2.2526e-05,1,2.2526e-05,2.2526e-05,2.2526e-05,138,1,138,138,138,5,1,5,5,5
15,60,2.1266e-05,1,2.1266e-05,2.1266e-05,2.1266e-05,136,1,136,136,136,6,1,6,6,6
15,60,2.188e-05,1,2.188e-05,2.188e-05,2.188e-05,137,1,137,137,137,6,1,6,6,6
15,60,2.2217e-05,1,2.2217e-05,2.2217e-05,2.2217e-05,142,1,142,142,142,6,1,6,6,6
15,60,2.1219e-05,1,2.1219e-05,2.1219e-05,2.1219e-05,138,1,138,138,138,6,1,6,6,6
15,60,2.2313e-05,1,2.2313e-05,2.2313e-05,2.2313e-05,154,1,154,154,154,8,1,8,8,8
15,60,2.2189e-05,1,2.2189e-05,2.2189e-05,2.2189e-05,141,1,141,141,141,6,1,6,6,6
15,60,2.2378e-05,1,2.2378e-05,2.2378e-05,2.2378e-05,138,1,138,138,138,6,1,6,6,6
15,60,2.0705e-05,1,2.0705e-05,2.0705e-05,2.0705e-05,142,1,142,142,142,7,1,7,7,7
15,60,2.3703e-05,1,2.3703e-05,2.3703e-05,2.3703e-05,140,1,140,140,140,6,1,6,6,6
15,60,2.1798e-05,1,2.1798e-05,2.1798e-05,2.1798e-05,145,1,145,145,145,6,1,6,6,6
15,60,2.1514e-05,1,2.1514e-05,2.1514e-05,2.1514e-05,130,1,130,130,130,5,1,5,5,5
15,60,2.1156e-05,1,2.1156e-05,2.1156e-05,2.1156e-05,135,1,135,135,135,6,1,6,6,6
15,60,2.114e-05,1,2.114e-05,2.114e-05,2.114e-05,144,1,144,144,144,7,1,7,7,7
15,60,2.1788e-05,1,2.1788e-05,2.1788e-05,2.1788e-05,140,1,140,140,140,5,1,5,5,5
15,60,2.1968e-05,1,2.1968e-05,2.1968e-05,2.1968e-05,154,1,154,154,154,8,1,8,8,8
15,60,2.1694e-05,1,2.1694e-05,2.1694e-05,2.1694e-05,148,1,148,148,148,7,1,7,7,7
15,60,2.069e-05,1,2.069e-05,2.069e-05,2.069e-05,131,1,131,131,131,5,1,5,5,5
15,60,2.1685e-05,1,2.1685e-05,2.1685e-05,2.1685e-05,144,1,144,144,144,7,1,7,7,7
15,60,2.1084e-05,1,2.1084e-05,2.1084e-05,2.1084e-05,147,1,147,147,147,8,1,8,8,8
15,60,2.191e-05,1,2.191e-05,2.191e-05,2.191e-05,144,1,144,144,144,6,1,6,6,6
15,60,2.1829e-05,1,2.1829e-05,2.1829e-05,2.1829e-05,148,1,148,148,148,6,1,6,6,6
15,60,2.1664e-05,1,2.1664e-05,2.1664e-05,2.1664e-05,147,1,147,147,147,7,1,7,7,7
15,60,2.1381e-05,1,2.1381e-05,2.1381e-05,2.1381e-05,146,1,146,146,146,7,1,7,7,7
15,60,2.1964e-05,1,2.1964e-05,2.1964e-05,2.1964e-05,139,1,139,139,139,6,1,6,6,6
15,60,2.1944e-05,1,2.1944e-05,2.1944e-05,2.1944e-05,133,1,133,133,133,5,1,5,5,5
15,60,2.1439e-05,1,2.1439e-05,2.1439e-05,2.1439e-05,135,1,135,135,135,6,1,6,6,6
15,60,2.182e-05,1,2.182e-05,2.182e-05,2.182e-05,142,1,142,142,142,6,1,6,6,6
15,60,2.2283e-05,1,2.2283e-05,2.2283e-05,2.2283e-05,137,1,137,137,137,6,1,6,6,6
15,60,2.135e-05,1,2.135e-05,2.135e-05,2.135e-05,137,1,137,137,137,6,1,6,6,6
15,60,2.1552e-05,1,2.1552e-05,2.1552e-05,2.1552e-05,141,1,141,141,141,6,1,6,6,6
15,60,2.1725e-05,1,2.1725e-05,2.1725e-05,2.1725e-05,138,1,138,138,138,6,1,6,6,6
15,60,2.1189e-05,1,2.1189e-05,2.1189e-05,2.1189e-05,143,1,143,143,143,6,1,6,6,6
15,60,2.2533e-05,1,2.2533e-05,2.2533e-05,2.2533e-05,135,1,135,135,135,5,1,5,5,5
15,60,2.187e-05,1,2.187e-05,2.187e-05,2.187e-05,136,1,136,136,136,6,1,6,6,6
15,60,2.0611e-05,1,2.0611e-05,2.0611e-05,2.0611e-05,139,1,139,139,139,6,1,6,6,6
15,60,2.1841e-05,1,2.1841e-05,2.1841e-05,2.1841e-05,147,1,147,147,147,6,1,6,6,6
15,60,2.1397e-05,1,2.1397e-05,2.1397e-05,2.1397e-05,137,1,137,137,137,6,1,6,6,6
15,60,2.1756e-05,1,2.1756e-05,2.1756e-05,2.1756e-05,141,1,141,141,141,6,1,6,6,6
15,60,2.1941e-05,1,2.1941e-05,2.1941e-05,2.1941e-05,137,1,137,137,137,5,1,5,5,5
15,60,2.197e-05,1,2.197e-05,2.197e-05,2.197e-05,143,1,143,143,143,6,1,6,6,6
15,60,2.174e-05,1,2.174e-05,2.174e-05,2.174e-05,144,1,144,144,144,7,1,7,7,7
15,60,2.2091e-05,1,2.2091e-05,2.2091e-05,2.2091e-05,135,1,135,135,135,6,1,6,6,6
15,60,2.351e-05,1,2.351e-05,2.351e-05,2.351e-05,137,1,137,137,137,6,1,6,6,6
15,60,2.2202e-05,1,2.2202e-05,2.2202e-05,2.2202e-05,148,1,148,148,148,7,1,7,7,7
15,60,2.1926e-05,1,2.1926e-05,2.1926e-05,2.1926e-05,143,1,143,143,143,6,1,6,6,6
15,60,2.3365e-05,1,2.3365e-05,2.3365e-05,2.3365e-05,131,1,131,131,131,5,1,5,5,5
15,60,2.275e-05,1,2.275e-05,2.275e-05,2.275e-05,139,1,139,139,139,6,1,6,6,6
15,60,2.2118e-05,1,2.2118e-05,2.2118e-05,2.2118e-05,145,1,145,145,145,6,1,6,6,6
15,60,2.0965e-05,1,2.0965e-05,2.0965e-05,2.0965e-05,141,1,141,141,141,6,1,6,6,6
15,60,2.1977e-05,1,2.1977e-05,2.1977e-05,2.1977e-05,140,1,140,140,140,6,1,6,6,6
15,60,2.2046e-05,1,2.2046e-05,2.2046e-05,2.2046e-05,140,1,140,140,140,6,1,6,6,6
15,60,2.19e-05,1,2.19e-05,2.19e-05,2.19e-05,136,1,136,136,136,5,1,5,5,5
15,60,2.1067e-05,1,2.1067e-05,2.1067e-05,2.1067e-05,140,1,140,140,140,6,1,6,6,6
15,60,2.0626e-05,1,2.0626e-05,2.0626e-05,2.0626e-05,133,1,133,133,133,5,1,5,5,5
15,60,2.2171e-05,1,2.2171e-05,2.2171e-05,2.2171e-05,139,1,139,139,139,6,1,6,6,6
15,60,2.2196e-05,1,2.2196e-05,2.2196e-05,2.2196e-05,136,1,136,136,136,6,1,6,6,6
15,60,2.2634e-05,1,2.2634e-05,2.2634e-05,2.2634e-05,144,1,144,144,144,6,1,6,6,6
15,60,2.1586e-05,1,2.1586e-05,2.1586e-05,2.1586e-05,146,1,146,146,146,6,1,6,6,6
15,60,2.2799e-05,1,2.2799e-05,2.2799e-05,2.2799e-05,139,1,139,139,139,6,1,6,6,6
15,60,2.1579e-05,1,2.1579e-05,2.1579e-05,2.1579e-05,140,1,140,140,140,6,1,6,6,6
15,60,2.2019e-05,1,2.2019e-05,2.2019e-05,2.2019e-05,143,1,143,143,143,6,1,6,6,6
15,60,2.1469e-05,1,2.1469e-05,2.1469e-05,2.1469e-05,136,1,136,136,136,6,1,6,6,6
15,60,2.1679e-05,1,2.1679e-05,2.1679e-05,2.1679e-05,137,1,137,137,137,5,1,5,5,5
15,60,2.1691e-05,1,2.1691e-05,2.1691e-05,2.1691e-05,140,1,140,140,140,6,1,6,6,6
15,60,2.1489e-05,1,2.1489e-05,2.1489e-05,2.1489e-05,140,1,140,140,140,6,1,6,6,6
15,60,2.2347e-05,1,2.2347e-05,2.2347e-05,2.2347e-05,145,1,145,145,145,7,1,7,7,7
15,60,2.1462e-05,1,2.1462e-05,2.1462e-05,2.1462e-05,139,1,139,139,139,5,1,5,5,5
15,60,2.1004e-05,1,2.1004e-05,2.1004e-05,2.1004e-05,140,1,140,140,140,6,1,6,6,6
15,60,2.1045e-05,1,2.1045e-05,2.1045e-05,2.1045e-05,139,1,139,139,139,6,1,6,6,6
15,60,2.2131e-05,1,2.2131e-05,2.2131e-05,2.2131e-05,142,1,142,142,142,7,1,7,7,7
15,60,2.1587e-05,1,2.1587e-05,2.1587e-05,2.1587e-05,147,1,147,147,147,7,1,7,7,7
15,60,2.0769e-05,1,2.0769e-05,2.0769e-05,2.0769e-05,134,1,134,134,134,5,1,5,5,5
15,60,2.1606e-05,1,2.1606e-05,2.1606e-05,2.1606e-05,135,1,135,135,135,6,1,6,6,6
15,60,2.2084e-05,1,2.2084e-05,2.2084e-05,2.2084e-05,144,1,144,144,144,6,1,6,6,6
15,60,2.1752e-05,1,2.1752e-05,2.1752e-05,2.1752e-05,133,1,133,133,133,5,1,5,5,5
15,60,2.1456e-05,1,2.1456e-05,2.1456e-05,2.1456e-05,136,1,136,136,136,6,1,6,6,6
15,60,2.1188e-05,1,2.1188e-05,2.1188e-05,2.1188e-05,143,1,143,143,143,6,1,6,6,6
15,60,2.1842e-05,1,2.1842e-05,2.1842e-05,2.1842e-05,136,1,136,136,136,6,1,6,6,6
15,60,2.2151e-05,1,2.2151e-05,2.2151e-05,2.2151e-05,143,1,143,143,143,6,1,6,6,6
15,60,2.2187e-05,1,2.2187e-05,2.2187e-05,2.2187e-05,148,1,148,148,148,7,1,7,7,7
15,60,2.1032e-05,1,2.1032e-05,2.1032e-05,2.1032e-05,142,1,142,142,142,7,1,7,7,7
15,60,2.2109e-05,1,2.2109e-05,2.2109e-05,2.2109e-05,142,1,142,142,142,6,1,6,6,6
15,60,2.2443e-05,1,2.2443e-05,2.2443e-05,2.2443e-05,140,1,140,140,140,6,1,6,6,6
15,60,2.2193e-05,1,2.2193e-05,2.2193e-05,2.2193e-05,145,1,145,145,145,7,1,7,7,7
15,60,2.2231e-05,1,2.2231e-05,2.2231e-05,2.2231e-05,144,1,144,144,144,6,1,6,6,6
15,60,2.319e-05,1,2.319e-05,2.319e-05,2.319e-05,139,1,139,139,139,6,1,6,6,6
15,60,2.3836e-05,1,2.3836e-05,2.3836e-05,2.3836e-05,140,1,140,140,140,6,1,6,6,6
15,60,2.2382e-05,1,2.2382e-05,2.2382e-05,2.2382e-05,150,1,150,150,150,7,1,7,7,7
15,60,2.2486e-05,1,2.2486e-05,2.2486e-05,2.2486e-05,142,1,142,142,142,6,1,6,6,6
15,60,2.2037e-05,1,2.2037e-05,2.2037e-05,2.2037e-05,142,1,142,142,142,6,1,6,6,6
15,60,2.2072e-05,1,2.2072e-05,2.2072e-05,2.2072e-05,154,1,154,154,154,8,1,8,8,8
15,60,2.2145e-05,1,2.2145e-05,2.2145e-05,2.2145e-05,141,1,141,141,141,6,1,6,6,6
15,60,2.0809e-05,1,2.0809e-05,2.0809e-05,2.0809e-05,133,1,133,133,133,5,1,5,5,5
15,60,2.2361e-05,1,2.2361e-05,2.2361e-05,2.2361e-05,145,1,145,145,145,7,1,7,7,7
15,60,2.1194e-05,1,2.1194e-05,2.1194e-05,2.1194e-05,132,1,132,132,132,5,1,5,5,5
15,60,2.0181e-05,1,2.0181e-05,2.0181e-05,2.0181e-05,135,1,135,135,135,6,1,6,6,6
15,60,2.0928e-05,1,2.0928e-05,2.0928e-05,2.0928e-05,132,1,132,132,132,5,1,5,5,5
15,60,2.1566e-05,1,2.1566e-05,2.1566e-05,2.1566e-05,142,1,142,142,142,7,1,7,7,7
15,60,2.0954e-05,1,2.0954e-05,2.0954e-05,2.0954e-05,133,1,133,133,133,6,1,6,6,6
15,60,2.1481e-05,1,2.1481e-05,2.1481e-05,2.1481e-05,144,1,144,144,144,6,1,6,6,6
15,60,2.1836e-05,1,2.1836e-05,2.1836e-05,2.1836e-05,146,1,146,146,146,7,1,7,7,7
15,60,2.1105e-05,1,2.1105e-05,2.1105e-05,2.1105e-05,141,1,141,141,141,6,1,6,6,6
15,60,2.2179e-05,1,2.2179e-05,2.2179e-05,2.2179e-05,148,1,148,148,148,7,1,7,7,7
15,60,2.2913e-05,1,2.2913e-05,2.2913e-05,2.2913e-05,152,1,152,152,152,7,1,7,7,7
15,60,2.2285e-05,1,2.2285e-05,2.2285e-05,2.2285e-05,144,1,144,144,144,6,1,6,6,6
15,60,2.0853e-05,1,2.0853e-05,2.0853e-05,2.0853e-05,129,1,129,129,129,5,1,5,5,5
15,60,2.2246e-05,1,2.2246e-05,2.2246e-05,2.2246e-05,141,1,141,141,141,7,1,7,7,7
15,60,2.2645e-05,1,2.2645e-05,2.2645e-05,2.2645e-05,139,1,139,139,139,6,1,6,6,6
15,60,2.2827e-05,1,2.2827e-05,2.2827e-05,2.2827e-05,143,1,143,143,143,7,1,7,7,7
15,60,2.377e-05,1,2.377e-05,2.377e-05,2.377e-05,142,1,142,142,142,6,1,6,6,6
15,60,2.2684e-05,1,2.2684e-05,2.2684e-05,2.2684e-05,140,1,140,140,140,6,1,6,6,6
