n,p,time_total,time_count,time_mean,time_min,time_max,steps_total,steps_count,steps_mean,steps_min,steps_max,number_total,number_count,number_mean,number_min,number_max
50,70,0.000185227,1,0.000185227,0.000185227,0.000185227,1593,1,1593,1593,1593,16,1,16,16,16
50,70,0.000184706,1,0.000184706,0.000184706,0.000184706,1569,1,1569,1569,1569,16,1,16,16,16
50,70,0.000185673,1,0.000185673,0.000185673,0.000185673,1595,1,1595,1595,1595,17,1,17,17,17
50,70,0.000186718,1,0.000186718,0.000186718,0.000186718,1578,1,1578,1578,1578,17,1,17,17,17
50,70,0.000196325,1,0.000196325,0.000196325,0.000196325,1611,1,1611,1611,1611,16,1,16,16,16
50,70,0.000184826,1,0.000184826,0.000184826,0.000184826,1591,1,1591,1591,1591,16,1,16,16,16
50,70,0.000185086,1,0.000185086,0.000185086,0.000185086,1592,1,1592,1592,1592,17,1,17,17,17
50,70,0.000204111,1,0.000204111,0.000204111,0.000204111,1617,1,1617,1617,1617,17,1,17,17,17
50,70,0.000189189,1,0.000189189,0.000189189,0.000189189,1577,1,1577,1577,1577,16,1,16,16,16
50,70,0.000193226,1,0.000193226,0.000193226,0.000193226,1598,1,1598,1598,1598,17,1,17,17,17
50,70,0.00018971,1,0.00018971,0.00018971,0.00018971,1571,1,1571,1571,1571,16,1,16,16,16
50,70,0.000192113,1,0.000192113,0.000192113,0.000192113,1578,1,1578,1578,1578,17,1,17,17,17
50,70,0.000189625,1,0.000189625,0.000189625,0.000189625,1588,1,1588,1588,1588,16,1,16,16,16
50,70,0.000190634,1,0.000190634,0.000190634,0.000190634,1559,1,1559,1559,1559,15,1,15,15,15
50,70,0.000194162,1,0.000194162,0.000194162,0.000194162,1640,1,1640,1640,1640,17,1,17,17,17
50,70,0.000190241,1,0.000190241,0.000190241,0.000190241,1547,1,1547,1547,1547,15,1,15,15,15
50,70,0.000192993,1,0.000192993,0.000192993,0.000192993,1582,1,1582,1582,1582,17,1,17,17,17
50,70,0.000192696,1,0.000192696,0.000192696,0.000192696,1589,1,1589,1589,1589,16,1,16,16,16
50,70,0.00018523,1,0.00018523,0.00018523,0.00018523,1610,1,1610,1610,1610,17,1,17,17,17
50,70,0.000185895,1,0.000185895,0.000185895,0.000185895,1591,1,1591,1591,1591,17,1,17,17,17
50,70,0.000193184,1,0.000193184,0.000193184,0.000193184,1556,1,1556,1556,1556,16,1,16,16,16
50,70,0.000186774,1,0.000186774,0.000186774,0.000186774,1604,1,1604,1604,1604,17,1,17,17,17
50,70,0.000184824,1,0.000184824,0.000184824,0.000184824,1571,1,1571,1571,1571,16,1,16,16,16
50,70,0.000186506,1,0.000186506,0.000186506,0.000186506,1633,1,1633,1633,1633,17,1,17,17,17
50,70,0.000185348,1,0.000185348,0.000185348,0.000185348,1599,1,1599,1599,1599,17,1,17,17,17
50,70,0.00018729,1,0.00018729,0.00018729,0.00018729,1638,1,1638,1638,1638,18,1,18,18,18
50,70,0.000186802,1,0.000186802,0.000186802,0.000186802,1600,1,1600,1600,1600,17,1,17,17,17
50,70,0.000183652,1,0.000183652,0.000183652,0.000183652,1610,1,1610,1610,1610,17,1,17,17,17
50,70,0.000188772,1,0.000188772,0.000188772,0.000188772,1568,1,1568,1568,1568,15,1,15,15,15
50,70,0.000192135,1,0.000192135,0.000192135,0.000192135,1579,1,1579,1579,1579,17,1,17,17,17
50,70,0.000194023,1,0.000194023,0.000194023,0.000194023,1605,1,1605,1605,1605,18,1,18,18,18
50,70,0.000193654,1,0.000193654,0.000193654,0.000193654,1614,1,1614,1614,1614,17,1,17,17,17
50,70,0.000191435,1,0.000191435,0.000191435,0.000191435,1564,1,1564,1564,1564,15,1,15,15,15
50,70,0.000191827,1,0.000191827,0.000191827,0.000191827,1593,1,1593,1593,1593,17,1,17,17,17
50,70,0.000190633,1,0.000190633,0.000190633,0.000190633,1590,1,1590,1590,1590,17,1,17,17,17
50,70,0.000190578,1,0.000190578,0.000190578,0.000190578,1632,1,1632,1632,1632,19,1,19,19,19
50,70,0.000199084,1,0.000199084,0.000199084,0.000199084,1626,1,1626,1626,1626,18,1,18,18,18
50,70,0.000190992,1,0.000190992,0.000190992,0.000190992,1620,1,1620,1620,1620,19,1,19,19,19
50,70,0.00020693,1,0.00020693,0.00020693,0.00020693,1595,1,1595,1595,1595,17,1,17,17,17
50,70,0.000186804,1,0.000186804,0.000186804,0.000186804,1598,1,1598,1598,1598,17,1,17,17,17
50,70,0.000186941,1,0.000186941,0.000186941,0.000186941,1601,1,1601,1601,1601,17,1,17,17,17
50,70,0.000186941,1,0.000186941,0.000186941,0.000186941,1601,1,1601,1601,1601,18,1,18,18,18
50,70,0.00018477,1,0.00018477,0.00018477,0.00018477,1595,1,1595,1595,1595,16,1,16,16,16
50,70,0.000184344,1,0.000184344,0.000184344,0.000184344,1586,1,1586,1586,1586,16,1,16,16,16
50,70,0.000184902,1,0.000184902,0.000184902,0.000184902,1610,1,1610,1610,1610,17,1,17,17,17
50,70,0.000189012,1,0.000189012,0.000189012,0.000189012,1594,1,1594,1594,1594,17,1,17,17,17
50,70,0.000184339,1,0.000184339,0.000184339,0.000184339,1549,1,1549,1549,1549,15,1,15,15,15
50,70,0.00018772,1,0.00018772,0.00018772,0.00018772,1601,1,1601,1601,1601,17,1,17,17,17
50,70,0.000191522,1,0.000191522,0.000191522,0.000191522,1601,1,1601,1601,1601,17,1,17,17,17
50,70,0.000193043,1,0.000193043,0.000193043,0.000193043,1600,1,1600,1600,1600,18,1,18,18,18
50,70,0.000189813,1,0.000189813,0.000189813,0.000189813,1564,1,1564,1564,1564,17,1,17,17,17
50,70,0.000193229,1,0.000193229,0.000193229,0.000193229,1602,1,1602,1602,1602,18,1,18,18,18
50,70,0.000199997,1,0.000199997,0.000199997,0.000199997,1588,1,1588,1588,1588,17,1,17,17,17
50,70,0.000193555,1,0.000193555,0.000193555,0.000193555,1616,1,1616,1616,1616,18,1,18,18,18
50,70,0.000191288,1,0.000191288,0.000191288,0.000191288,1601,1,1601,1601,1601,17,1,17,17,17
50,70,0.000191281,1,0.000191281,0.000191281,0.000191281,1590,1,1590,1590,1590,16,1,16,16,16
50,70,0.000191376,1,0.000191376,0.000191376,0.000191376,1593,1,1593,1593,1593,16,1,16,16,16
50,70,0.000191948,1,0.000191948,0.000191948,0.000191948,1591,1,1591,1591,1591,17,1,17,17,17
50,70,0.000202031,1,0.000202031,0.000202031,0.000202031,1584,1,1584,1584,1584,17,1,17,17,17
50,70,0.000186402,1,0.000186402,0.000186402,0.000186402,1587,1,1587,1587,1587,17,1,17,17,17
50,70,0.000188075,1,0.000188075,0.000188075,0.000188075,1603,1,1603,1603,1603,17,1,17,17,17
50,70,0.000186407,1,0.000186407,0.000186407,0.000186407,1593,1,1593,1593,1593,17,1,17,17,17
50,70,0.00018449,1,0.00018449,0.00018449,0.00018449,1582,1,1582,1582,1582,16,1,16,16,16
50,70,0.000185824,1,0.000185824,0.000185824,0.000185824,1603,1,1603,1603,1603,17,1,17,17,17
50,70,0.000189343,1,0.000189343,0.000189343,0.000189343,1653,1,1653,1653,1653,19,1,19,19,19
50,70,0.000186452,1,0.000186452,0.000186452,0.000186452,1590,1,1590,1590,1590,17,1,17,17,17
50,70,0.000185377,1,0.000185377,0.000185377,0.000185377,1572,1,1572,1572,1572,16,1,16,16,16
50,70,0.000185626,1,0.000185626,0.000185626,0.000185626,1575,1,1575,1575,1575,17,1,17,17,17
50,70,0.000189044,1,0.000189044,0.000189044,0.000189044,1593,1,1593,1593,1593,16,1,16,16,16
50,70,0.000190057,1,0.000190057,0.000190057,0.000190057,1543,1,1543,1543,1543,15,1,15,15,15
50,70,0.000188594,1,0.000188594,0.000188594,0.000188594,1549,1,1549,1549,1549,15,1,15,15,15
50,70,0.000192544,1,0.000192544,0.000192544,0.000192544,1611,1,1611,1611,1611,17,1,17,17,17
50,70,0.000194052,1,0.000194052,0.000194052,0.000194052,1614,1,1614,1614,1614,16,1,16,16,16
50,70,0.000191861,1,0.000191861,0.000191861,0.000191861,1595,1,1595,1595,1595,18,1,18,18,18
50,70,0.000192576,1,0.000192576,0.000192576,0.000192576,1588,1,1588,1588,1588,16,1,16,16,16
50,70,0.000191455,1,0.000191455,0.000191455,0.000191455,1580,1,1580,1580,1580,17,1,17,17,17
50,70,0.000196216,1,0.000196216,0.000196216,0.000196216,1636,1,1636,1636,1636,18,1,18,18,18
50,70,0.000189548,1,0.000189548,0.000189548,0.000189548,1575,1,1575,1575,1575,17,1,17,17,17
50,70,0.000191442,1,0.000191442,0.000191442,0.000191442,1587,1,1587,1587,1587,17,1,17,17,17
50,70,0.00018526,1,0.00018526,0.00018526,0.00018526,1613,1,1613,1613,1613,17,1,17,17,17
50,70,0.000189369,1,0.000189369,0.000189369,0.000189369,1633,1,1633,1633,1633,18,1,18,18,18
50,70,0.000185607,1,0.000185607,0.000185607,0.000185607,1612,1,1612,1612,1612,18,1,18,18,18
50,70,0.000187197,1,0.000187197,0.000187197,0.000187197,1604,1,1604,1604,1604,17,1,17,17,17
50,70,0.000186156,1,0.000186156,0.000186156,0.000186156,1572,1,1572,1572,1572,16,1,16,16,16
50,70,0.000193316,1,0.000193316,0.000193316,0.000193316,1582,1,1582,1582,1582,16,1,16,16,16
50,70,0.000186122,1,0.000186122,0.000186122,0.000186122,1592,1,1592,1592,1592,16,1,16,16,16
50,70,0.000188744,1,0.000188744,0.000188744,0.000188744,1592,1,1592,1592,1592,17,1,17,17,17
50,70,0.000185374,1,0.000185374,0.000185374,0.000185374,1585,1,1585,1585,1585,16,1,16,16,16
50,70,0.000184912,1,0.000184912,0.000184912,0.000184912,1560,1,1560,1560,1560,15,1,15,15,15
50,70,0.000185603,1,0.000185603,0.000185603,0.000185603,1579,1,1579,1579,1579,16,1,16,16,16
50,70,0.000190462,1,0.000190462,0.000190462,0.000190462,1551,1,1551,1551,1551,16,1,16,16,16
50,70,0.000192399,1,0.000192399,0.000192399,0.000192399,1602,1,1602,1602,1602,17,1,17,17,17
50,70,0.000192045,1,0.000192045,0.000192045,0.000192045,1614,1,1614,1614,1614,17,1,17,17,17
50,70,0.000192265,1,0.000192265,0.000192265,0.000192265,1642,1,1642,1642,1642,19,1,19,19,19
50,70,0.000189888,1,0.000189888,0.000189888,0.000189888,1594,1,1594,1594,1594,17,1,17,17,17
50,70,0.000192425,1,0.000192425,0.000192425,0.000192425,1606,1,1606,1606,1606,18,1,18,18,18
50,70,0.000192345,1,0.000192345,0.000192345,0.000192345,1575,1,1575,1575,1575,16,1,16,16,16
50,70,0.000191677,1,0.000191677,0.000191677,0.000191677,1593,1,1593,1593,1593,18,1,18,18,18
50,70,0.00019151,1,0.00019151,0.00019151,0.00019151,1631,1,1631,1631,1631,18,1,18,18,18
50,70,0.000185681,1,0.000185681,0.000185681,0.000185681,1571,1,1571,1571,1571,16,1,16,16,16
50,70,0.000193868,1,0.000193868,0.000193868,0.000193868,1576,1,1576,1576,1576,16,1,16,16,16
50,70,0.000185112,1,0.000185112,0.000185112,0.000185112,1589,1,1589,1589,1589,17,1,17,17,17
50,70,0.000185809,1,0.000185809,0.000185809,0.000185809,1603,1,1603,1603,1603,16,1,16,16,16
50,70,0.000187432,1,0.000187432,0.000187432,0.000187432,1632,1,1632,1632,1632,18,1,18,18,18
50,70,0.000187036,1,0.000187036,0.000187036,0.000187036,1602,1,1602,1602,1602,17,1,17,17,17
50,70,0.000188769,1,0.000188769,0.000188769,0.000188769,1590,1,1590,1590,1590,18,1,18,18,18
50,70,0.000186223,1,0.000186223,0.000186223,0.000186223,1593,1,1593,1593,1593,17,1,17,17,17
50,70,0.000186288,1,0.000186288,0.000186288,0.000186288,1623,1,1623,1623,1623,17,1,17,17,17
50,70,0.000188212,1,0.000188212,0.000188212,0.000188212,1597,1,1597,1597,1597,16,1,16,16,16
50,70,0.000184648,1,0.000184648,0.000184648,0.000184648,1597,1,1597,1597,1597,17,1,17,17,17
50,70,0.000193019,1,0.000193019,0.000193019,0.000193019,1600,1,1600,1600,1600,18,1,18,18,18
50,70,0.000189246,1,0.000189246,0.000189246,0.000189246,1614,1,1614,1614,1614,17,1,17,17,17
50,70,0.000191505,1,0.000191505,0.000191505,0.000191505,1594,1,1594,1594,1594,17,1,17,17,17
50,70,0.000189256,1,0.000189256,0.000189256,0.000189256,1558,1,1558,1558,1558,15,1,15,15,15
50,70,0.00019265,1,0.00019265,0.00019265,0.00019265,1586,1,1586,1586,1586,17,1,17,17,17
50,70,0.000192142,1,0.000192142,0.000192142,0.000192142,1637,1,1637,1637,1637,18,1,18,18,18
50,70,0.000199747,1,0.000199747,0.000199747,0.000199747,1581,1,1581,1581,1581,16,1,16,16,16
50,70,0.000192442,1,0.000192442,0.000192442,0.000192442,1602,1,1602,1602,1602,17,1,17,17,17
50,70,0.000190923,1,0.000190923,0.000190923,0.000190923,1577,1,1577,1577,1577,16,1,16,16,16
50,70,0.000189867,1,0.000189867,0.000189867,0.000189867,1591,1,1591,1591,1591,17,1,17,17,17
50,70,0.000185538,1,0.000185538,0.000185538,0.000185538,1606,1,1606,1606,1606,17,1,17,17,17
50,70,0.000188784,1,0.000188784,0.000188784,0.000188784,1618,1,1618,1618,1618,18,1,18,18,18
50,70,0.000183892,1,0.000183892,0.000183892,0.000183892,1596,1,1596,1596,1596,17,1,17,17,17
50,70,0.000185073,1,0.000185073,0.000185073,0.000185073,1578,1,1578,1578,1578,16,1,16,16,16
50,70,0.000186144,1,0.000186144,0.000186144,0.000186144,1580,1,1580,1580,1580,17,1,17,17,17
50,70,0.000184225,1,0.000184225,0.000184225,0.000184225,1584,1,1584,1584,1584,16,1,16,16,16
50,70,0.000185448,1,0.000185448,0.000185448,0.000185448,1566,1,1566,1566,1566,16,1,16,16,16
50,70,0.000185022,1,0.000185022,0.000185022,0.000185022,1587,1,1587,1587,1587,16,1,16,16,16
50,70,0.000187676,1,0.000187676,0.000187676,0.000187676,1570,1,1570,1570,1570,16,1,16,16,16
50,70,0.000196879,1,0.000196879,0.000196879,0.000196879,1614,1,1614,1614,1614,17,1,17,17,17
50,70,0.000187223,1,0.000187223,0.000187223,0.000187223,1595,1,1595,1595,1595,17,1,17,17,17
50,70,0.000192022,1,0.000192022,0.000192022,0.000192022,1577,1,1577,1577,1577,17,1,17,17,17
50,70,0.000190515,1,0.000190515,0.000190515,0.000190515,1571,1,1571,1571,1571,16,1,16,16,16
50,70,0.000190519,1,0.000190519,0.000190519,0.000190519,1597,1,1597,1597,1597,16,1,16,16,16
50,70,0.000188928,1,0.000188928,0.000188928,0.000188928,1607,1,1607,1607,1607,16,1,16,16,16
50,70,0.000191263,1,0.000191263,0.000191263,0.000191263,1590,1,1590,1590,1590,17,1,17,17,17
50,70,0.000194422,1,0.000194422,0.000194422,0.000194422,1574,1,1574,1574,1574,16,1,16,16,16
50,70,0.000190009,1,0.000190009,0.000190009,0.000190009,1559,1,1559,1559,1559,16,1,16,16,16
50,70,0.000192408,1,0.000192408,0.000192408,0.000192408,1603,1,1603,1603,1603,17,1,17,17,17
50,70,0.000194111,1,0.000194111,0.000194111,0.000194111,1590,1,1590,1590,1590,17,1,17,17,17
50,70,0.000190932,1,0.000190932,0.000190932,0.000190932,1582,1,1582,1582,1582,16,1,16,16,16
50,70,0.000184756,1,0.000184756,0.000184756,0.000184756,1576,1,1576,1576,1576,17,1,17,17,17
50,70,0.000183895,1,0.000183895,0.000183895,0.000183895,1597,1,1597,1597,1597,17,1,17,17,17
50,70,0.000185414,1,0.000185414,0.000185414,0.000185414,1605,1,1605,1605,1605,17,1,17,17,17
50,70,0.000185165,1,0.000185165,0.000185165,0.000185165,1592,1,1592,1592,1592,17,1,17,17,17
50,70,0.00018613,1,0.00018613,0.00018613,0.00018613,1581,1,1581,1581,1581,16,1,16,16,16
50,70,0.000184318,1,0.000184318,0.000184318,0.000184318,1567,1,1567,1567,1567,16,1,16,16,16
50,70,0.000188696,1,0.000188696,0.000188696,0.000188696,1608,1,1608,1608,1608,18,1,18,18,18
50,70,0.000185201,1,0.000185201,0.000185201,0.000185201,1596,1,1596,1596,1596,18,1,18,18,18
50,70,0.000185092,1,0.000185092,0.000185092,0.000185092,1595,1,1595,1595,1595,17,1,17,17,17
50,70,0.00018809,1,0.00018809,0.00018809,0.00018809,1640,1,1640,1640,1640,18,1,18,18,18
50,70,0.000185544,1,0.000185544,0.000185544,0.000185544,1569,1,1569,1569,1569,17,1,17,17,17
50,70,0.000191443,1,0.000191443,0.000191443,0.000191443,1585,1,1585,1585,1585,18,1,18,18,18
50,70,0.000189481,1,0.000189481,0.000189481,0.000189481,1565,1,1565,1565,1565,16,1,16,16,16
50,70,0.000192339,1,0.000192339,0.000192339,0.000192339,1580,1,1580,1580,1580,16,1,16,16,16
50,70,0.000193856,1,0.000193856,0.000193856,0.000193856,1594,1,1594,1594,1594,17,1,17,17,17
50,70,0.000190956,1,0.000190956,0.000190956,0.000190956,1568,1,1568,1568,1568,16,1,16,16,16
50,70,0.000190785,1,0.000190785,0.000190785,0.000190785,1603,1,1603,1603,1603,17,1,17,17,17
50,70,0.000193248,1,0.000193248,0.000193248,0.000193248,1608,1,1608,1608,1608,17,1,17,17,17
50,70,0.000192902,1,0.000192902,0.000192902,0.000192902,1588,1,1588,1588,1588,17,1,17,17,17
50,70,0.000192433,1,0.000192433,0.000192433,0.000192433,1617,1,1617,1617,1617,17,1,17,17,17
50,70,0.00019437,1,0.00019437,0.00019437,0.00019437,1592,1,1592,1592,1592,17,1,17,17,17
50,70,0.000184701,1,0.000184701,0.000184701,0.000184701,1558,1,1558,1558,1558,16,1,16,16,16
50,70,0.000187892,1,0.000187892,0.000187892,0.000187892,1605,1,1605,1605,1605,17,1,17,17,17
50,70,0.000187256,1,0.000187256,0.000187256,0.000187256,1587,1,1587,1587,1587,17,1,17,17,17
50,70,0.000187221,1,0.000187221,0.000187221,0.000187221,1587,1,1587,1587,1587,16,1,16,16,16
50,70,0.000186614,1,0.000186614,0.000186614,0.000186614,1574,1,1574,1574,1574,15,1,15,15,15
50,70,0.000186209,1,0.000186209,0.000186209,0.000186209,1608,1,1608,1608,1608,16,1,16,16,16
50,70,0.000188724,1,0.000188724,0.000188724,0.000188724,1607,1,1607,1607,1607,17,1,17,17,17
50,70,0.000185329,1,0.000185329,0.000185329,0.000185329,1606,1,1606,1606,1606,17,1,17,17,17
50,70,0.00018507,1,0.00018507,0.00018507,0.00018507,1611,1,1611,1611,1611,17,1,17,17,17
50,70,0.000186927,1,0.000186927,0.000186927,0.000186927,1581,1,1581,1581,1581,16,1,16,16,16
50,70,0.000186426,1,0.000186426,0.000186426,0.000186426,1619,1,1619,1619,1619,18,1,18,18,18
50,70,0.000191246,1,0.000191246,0.000191246,0.000191246,1594,1,1594,1594,1594,16,1,16,16,16
50,70,0.000196208,1,0.000196208,0.000196208,0.000196208,1580,1,1580,1580,1580,17,1,17,17,17
50,70,0.000189925,1,0.000189925,0.000189925,0.000189925,1603,1,1603,1603,1603,18,1,18,18,18
50,70,0.000196607,1,0.000196607,0.000196607,0.000196607,1629,1,1629,1629,1629,17,1,17,17,17
50,70,0.000199117,1,0.000199117,0.000199117,0.000199117,1598,1,1598,1598,1598,18,1,18,18,18
50,70,0.000192141,1,0.000192141,0.000192141,0.000192141,1607,1,1607,1607,1607,17,1,17,17,17
50,70,0.00019062,1,0.00019062,0.00019062,0.00019062,1597,1,1597,1597,1597,17,1,17,17,17
50,70,0.000190507,1,0.000190507,0.000190507,0.000190507,1597,1,1597,1597,1597,17,1,17,17,17
50,70,0.000192565,1,0.000192565,0.000192565,0.000192565,1574,1,1574,1574,1574,16,1,16,16,16
50,70,0.000186567,1,0.000186567,0.000186567,0.000186567,1613,1,1613,1613,1613,18,1,18,18,18
50,70,0.000184304,1,0.000184304,0.000184304,0.000184304,1576,1,1576,1576,1576,17,1,17,17,17
50,70,0.000185958,1,0.000185958,0.000185958,0.000185958,1619,1,1619,1619,1619,17,1,17,17,17
50,70,0.000187044,1,0.000187044,0.000187044,0.000187044,1594,1,1594,1594,1594,16,1,16,16,16
50,70,0.000185328,1,0.000185328,0.000185328,0.000185328,1625,1,1625,1625,1625,18,1,18,18,18
50,70,0.000188663,1,0.000188663,0.000188663,0.000188663,1606,1,1606,1606,1606,17,1,17,17,17
50,70,0.000186772,1,0.000186772,0.000186772,0.000186772,1613,1,1613,1613,1613,17,1,17,17,17
50,70,0.000185168,1,0.000185168,0.000185168,0.000185168,1566,1,1566,1566,1566,16,1,16,16,16
50,70,0.000184398,1,0.000184398,0.000184398,0.000184398,1582,1,1582,1582,1582,16,1,16,16,16
50,70,0.000187641,1,0.000187641,0.000187641,0.000187641,1593,1,1593,1593,1593,17,1,17,17,17
50,70,0.000185518,1,0.000185518,0.000185518,0.000185518,1600,1,1600,1600,1600,18,1,18,18,18
50,70,0.000198996,1,0.000198996,0.000198996,0.000198996,1584,1,1584,1584,1584,16,1,16,16,16
50,70,0.00018956,1,0.00018956,0.00018956,0.00018956,1576,1,1576,1576,1576,16,1,16,16,16
50,70,0.000190392,1,0.000190392,0.000190392,0.000190392,1576,1,1576,1576,1576,16,1,16,16,16
50,70,0.000192946,1,0.000192946,0.000192946,0.000192946,1578,1,1578,1578,1578,17,1,17,17,17
50,70,0.00019264,1,0.00019264,0.00019264,0.00019264,1598,1,1598,1598,1598,18,1,18,18,18
50,70,0.000190016,1,0.000190016,0.000190016,0.000190016,1595,1,1595,1595,1595,17,1,17,17,17
50,70,0.00019134,1,0.00019134,0.00019134,0.00019134,1606,1,1606,1606,1606,17,1,17,17,17
50,70,0.00019075,1,0.00019075,0.00019075,0.00019075,1587,1,1587,1587,1587,17,1,17,17,17
50,70,0.000191085,1,0.000191085,0.000191085,0.000191085,1569,1,1569,1569,1569,16,1,16,16,16
50,70,0.000186259,1,0.000186259,0.000186259,0.000186259,1607,1,1607,1607,1607,16,1,16,16,16
50,70,0.000184791,1,0.000184791,0.000184791,0.000184791,1572,1,1572,1572,1572,17,1,17,17,17
50,70,0.000186549,1,0.000186549,0.000186549,0.000186549,1625,1,1625,1625,1625,18,1,18,18,18
50,70,0.000185266,1,0.000185266,0.000185266,0.000185266,1610,1,1610,1610,1610,18,1,18,18,18
50,70,0.000184437,1,0.000184437,0.000184437,0.000184437,1598,1,1598,1598,1598,17,1,17,17,17
50,70,0.000185391,1,0.000185391,0.000185391,0.000185391,1621,1,1621,1621,1621,18,1,18,18,18
50,70,0.000184846,1,0.000184846,0.000184846,0.000184846,1605,1,1605,1605,1605,17,1,17,17,17
50,70,0.000195256,1,0.000195256,0.000195256,0.000195256,1635,1,1635,1635,1635,17,1,17,17,17
50,70,0.000186511,1,0.000186511,0.000186511,0.000186511,1546,1,1546,1546,1546,16,1,16,16,16
50,70,0.000185468,1,0.000185468,0.000185468,0.000185468,1535,1,1535,1535,1535,14,1,14,14,14
50,70,0.000183967,1,0.000183967,0.000183967,0.000183967,1547,1,1547,1547,1547,16,1,16,16,16
50,70,0.000192448,1,0.000192448,0.000192448,0.000192448,1559,1,1559,1559,1559,17,1,17,17,17
50,70,0.000190699,1,0.000190699,0.000190699,0.000190699,1550,1,1550,1550,1550,15,1,15,15,15
50,70,0.000191649,1,0.000191649,0.000191649,0.000191649,1604,1,1604,1604,1604,17,1,17,17,17
50,70,0.000191142,1,0.000191142,0.000191142,0.000191142,1598,1,1598,1598,1598,17,1,17,17,17
50,70,0.000189076,1,0.000189076,0.000189076,0.000189076,1561,1,1561,1561,1561,16,1,16,16,16
50,70,0.000191123,1,0.000191123,0.000191123,0.000191123,1599,1,1599,1599,1599,16,1,16,16,16
50,70,0.000190221,1,0.000190221,0.000190221,0.000190221,1593,1,1593,1593,1593,17,1,17,17,17
50,70,0.000190664,1,0.000190664,0.000190664,0.000190664,1568,1,1568,1568,1568,16,1,16,16,16
50,70,0.000195695,1,0.000195695,0.000195695,0.000195695,1601,1,1601,1601,1601,17,1,17,17,17
50,70,0.000193561,1,0.000193561,0.000193561,0.000193561,1599,1,1599,1599,1599,18,1,18,18,18
50,70,0.000200386,1,0.000200386,0.000200386,0.000200386,1600,1,1600,1600,1600,16,1,16,16,16
50,70,0.000186039,1,0.000186039,0.000186039,0.000186039,1641,1,1641,1641,1641,18,1,18,18,18
50,70,0.000196798,1,0.000196798,0.000196798,0.000196798,1579,1,1579,1579,1579,16,1,16,16,16
50,70,0.000185192,1,0.000185192,0.000185192,0.000185192,1613,1,1613,1613,1613,17,1,17,17,17
50,70,0.000186068,1,0.000186068,0.000186068,0.000186068,1594,1,1594,1594,1594,17,1,17,17,17
50,70,0.000186336,1,0.000186336,0.000186336,0.000186336,1575,1,1575,1575,1575,15,1,15,15,15
50,70,0.000186855,1,0.000186855,0.000186855,0.000186855,1588,1,1588,1588,1588,17,1,17,17,17
50,70,0.000187014,1,0.000187014,0.000187014,0.000187014,1594,1,1594,1594,1594,17,1,17,17,17
50,70,0.000184622,1,0.000184622,0.000184622,0.000184622,1581,1,1581,1581,1581,18,1,18,18,18
50,70,0.000188102,1,0.000188102,0.000188102,0.000188102,1636,1,1636,1636,1636,18,1,18,18,18
50,70,0.000185504,1,0.000185504,0.000185504,0.000185504,1578,1,1578,1578,1578,16,1,16,16,16
50,70,0.000185264,1,0.000185264,0.000185264,0.000185264,1578,1,1578,1578,1578,16,1,16,16,16
50,70,0.000191539,1,0.000191539,0.000191539,0.000191539,1575,1,1575,1575,1575,17,1,17,17,17
50,70,0.000193377,1,0.000193377,0.000193377,0.000193377,1605,1,1605,1605,1605,17,1,17,17,17
50,70,0.000190339,1,0.000190339,0.000190339,0.000190339,1577,1,1577,1577,1577,16,1,16,16,16
50,70,0.000192042,1,0.000192042,0.000192042,0.000192042,1615,1,1615,1615,1615,18,1,18,18,18
50,70,0.000192239,1,0.000192239,0.000192239,0.000192239,1607,1,1607,1607,1607,18,1,18,18,18
50,70,0.000191624,1,0.000191624,0.000191624,0.000191624,1570,1,1570,1570,1570,16,1,16,16,16
50,70,0.000197076,1,0.000197076,0.000197076,0.000197076,1589,1,1589,1589,1589,16,1,16,16,16
50,70,0.000192838,1,0.000192838,0.000192838,0.000192838,1605,1,1605,1605,1605,18,1,18,18,18
50,70,0.000189325,1,0.000189325,0.000189325,0.000189325,1598,1,1598,1598,1598,17,1,17,17,17
50,70,0.000183718,1,0.000183718,0.000183718,0.000183718,1598,1,1598,1598,1598,17,1,17,17,17
50,70,0.000183652,1,0.000183652,0.000183652,0.000183652,1547,1,1547,1547,1547,15,1,15,15,15
50,70,0.000186026,1,0.000186026,0.000186026,0.000186026,1551,1,1551,1551,1551,16,1,16,16,16
50,70,0.000186668,1,0.000186668,0.000186668,0.000186668,1618,1,1618,1618,1618,17,1,17,17,17
50,70,0.000186204,1,0.000186204,0.000186204,0.000186204,1620,1,1620,1620,1620,19,1,19,19,19
50,70,0.000187118,1,0.000187118,0.000187118,0.000187118,1592,1,1592,1592,1592,17,1,17,17,17
50,70,0.000186012,1,0.000186012,0.000186012,0.000186012,1620,1,1620,1620,1620,17,1,17,17,17
50,70,0.000188098,1,0.000188098,0.000188098,0.000188098,1627,1,1627,1627,1627,18,1,18,18,18
50,70,0.000185828,1,0.000185828,0.000185828,0.000185828,1619,1,1619,1619,1619,17,1,17,17,17
50,70,0.000185556,1,0.000185556,0.000185556,0.000185556,1600,1,1600,1600,1600,16,1,16,16,16
50,70,0.000191278,1,0.000191278,0.000191278,0.000191278,1562,1,1562,1562,1562,15,1,15,15,15
50,70,0.00018555,1,0.00018555,0.00018555,0.00018555,1599,1,1599,1599,1599,16,1,16,16,16
50,70,0.000187215,1,0.000187215,0.000187215,0.000187215,1614,1,1614,1614,1614,18,1,18,18,18
50,70,0.000191163,1,0.000191163,0.000191163,0.000191163,1579,1,1579,1579,1579,15,1,15,15,15
50,70,0.000192189,1,0.000192189,0.000192189,0.000192189,1576,1,1576,1576,1576,17,1,17,17,17
50,70,0.000190643,1,0.000190643,0.000190643,0.000190643,1587,1,1587,1587,1587,17,1,17,17,17
50,70,0.000190204,1,0.000190204,0.000190204,0.000190204,1579,1,1579,1579,1579,17,1,17,17,17
50,70,0.000191464,1,0.000191464,0.000191464,0.000191464,1580,1,1580,1580,1580,17,1,17,17,17
50,70,0.000190886,1,0.000190886,0.000190886,0.000190886,1603,1,1603,1603,1603,17,1,17,17,17
50,70,0.000192518,1,0.000192518,0.000192518,0.000192518,1574,1,1574,1574,1574,16,1,16,16,16
50,70,0.000191295,1,0.000191295,0.000191295,0.000191295,1596,1,1596,1596,1596,17,1,17,17,17
50,70,0.000191072,1,0.000191072,0.000191072,0.000191072,1599,1,1599,1599,1599,17,1,17,17,17
50,70,0.000192107,1,0.000192107,0.000192107,0.000192107,1599,1,1599,1599,1599,17,1,17,17,17
50,70,0.00018438,1,0.00018438,0.00018438,0.00018438,1532,1,1532,1532,1532,14,1,14,14,14
50,70,0.000186505,1,0.000186505,0.000186505,0.000186505,1598,1,1598,1598,1598,17,1,17,17,17
50,70,0.000186265,1,0.000186265,0.000186265,0.000186265,1603,1,1603,1603,1603,18,1,18,18,18
50,70,0.000192876,1,0.000192876,0.000192876,0.000192876,1572,1,1572,1572,1572,16,1,16,16,16
50,70,0.000186964,1,0.000186964,0.000186964,0.000186964,1585,1,1585,1585,1585,17,1,17,17,17
50,70,0.000188511,1,0.000188511,0.000188511,0.000188511,1561,1,1561,1561,1561,15,1,15,15,15
50,70,0.000186981,1,0.000186981,0.000186981,0.000186981,1607,1,1607,1607,1607,17,1,17,17,17
50,70,0.000191056,1,0.000191056,0.000191056,0.000191056,1610,1,1610,1610,1610,19,1,19,19,19
50,70,0.000186848,1,0.000186848,0.000186848,0.000186848,1586,1,1586,1586,1586,16,1,16,16,16
50,70,0.000185423,1,0.000185423,0.000185423,0.000185423,1585,1,1585,1585,1585,18,1,18,18,18
50,70,0.000187209,1,0.000187209,0.000187209,0.000187209,1600,1,1600,1600,1600,16,1,16,16,16
50,70,0.000195347,1,0.000195347,0.000195347,0.000195347,1631,1,1631,1631,1631,18,1,18,18,18
50,70,0.000195117,1,0.000195117,0.000195117,0.000195117,1603,1,1603,1603,1603,17,1,17,17,17
50,70,0.000191574,1,0.000191574,0.000191574,0.000191574,1574,1,1574,1574,1574,15,1,15,15,15
50,70,0.000192117,1,0.000192117,0.000192117,0.000192117,1579,1,1579,1579,1579,17,1,17,17,17
50,70,0.000189258,1,0.000189258,0.000189258,0.000189258,1571,1,1571,1571,1571,16,1,16,16,16
50,70,0.000191482,1,0.000191482,0.000191482,0.000191482,1541,1,1541,1541,1541,15,1,15,15,15
50,70,0.000191283,1,0.000191283,0.000191283,0.000191283,1582,1,1582,1582,1582,16,1,16,16,16
50,70,0.000190654,1,0.000190654,0.000190654,0.000190654,1609,1,1609,1609,1609,17,1,17,17,17
50,70,0.000199634,1,0.000199634,0.000199634,0.000199634,1613,1,1613,1613,1613,17,1,17,17,17
50,70,0.000193192,1,0.000193192,0.000193192,0.000193192,1599,1,1599,1599,1599,17,1,17,17,17
50,70,0.000200693,1,0.000200693,0.000200693,0.000200693,1604,1,1604,1604,1604,17,1,17,17,17
50,70,0.000187492,1,0.000187492,0.000187492,0.000187492,1635,1,1635,1635,1635,19,1,19,19,19
50,70,0.000184005,1,0.000184005,0.000184005,0.000184005,1587,1,1587,1587,1587,17,1,17,17,17
50,70,0.000183981,1,0.000183981,0.000183981,0.000183981,1602,1,1602,1602,1602,16,1,16,16,16
50,70,0.000185414,1,0.000185414,0.000185414,0.000185414,1591,1,1591,1591,1591,18,1,18,18,18
50,70,0.000184279,1,0.000184279,0.000184279,0.000184279,1559,1,1559,1559,1559,17,1,17,17,17
50,70,0.0001881,1,0.0001881,0.0001881,0.0001881,1606,1,1606,1606,1606,18,1,18,18,18
50,70,0.000188086,1,0.000188086,0.000188086,0.000188086,1613,1,1613,1613,1613,18,1,18,18,18
50,70,0.000184981,1,0.000184981,0.000184981,0.000184981,1568,1,1568,1568,1568,16,1,16,16,16
50,70,0.000184767,1,0.000184767,0.000184767,0.000184767,1605,1,1605,1605,1605,17,1,17,17,17
50,70,0.000186847,1,0.000186847,0.000186847,0.000186847,1600,1,1600,1600,1600,18,1,18,18,18
50,70,0.000190078,1,0.000190078,0.000190078,0.000190078,1576,1,1576,1576,1576,16,1,16,16,16
50,70,0.000192583,1,0.000192583,0.000192583,0.000192583,1612,1,1612,1612,1612,18,1,18,18,18
50,70,0.000193105,1,0.000193105,0.000193105,0.000193105,1638,1,1638,1638,1638,18,1,18,18,18
50,70,0.000188837,1,0.000188837,0.000188837,0.000188837,1586,1,1586,1586,1586,16,1,16,16,16
50,70,0.000192612,1,0.000192612,0.000192612,0.000192612,1604,1,1604,1604,1604,18,1,18,18,18
50,70,0.000192583,1,0.000192583,0.000192583,0.000192583,1593,1,1593,1593,1593,16,1,16,16,16
50,70,0.000192092,1,0.000192092,0.000192092,0.000192092,1591,1,1591,1591,1591,16,1,16,16,16
50,70,0.000188509,1,0.000188509,0.000188509,0.000188509,1564,1,1564,1564,1564,16,1,16,16,16
50,70,0.000193195,1,0.000193195,0.000193195,0.000193195,1630,1,1630,1630,1630,18,1,18,18,18
50,70,0.000191436,1,0.000191436,0.000191436,0.000191436,1584,1,1584,1584,1584,16,1,16,16,16
50,70,0.000184958,1,0.000184958,0.000184958,0.000184958,1576,1,1576,1576,1576,16,1,16,16,16
50,70,0.000185509,1,0.000185509,0.000185509,0.000185509,1602,1,1602,1602,1602,17,1,17,17,17
50,70,0.000185128,1,0.000185128,0.000185128,0.000185128,1621,1,1621,1621,1621,17,1,17,17,17
50,70,0.000185083,1,0.000185083,0.000185083,0.000185083,1561,1,1561,1561,1561,16,1,16,16,16
50,70,0.000185615,1,0.000185615,0.000185615,0.000185615,1611,1,1611,1611,1611,17,1,17,17,17
50,70,0.000186181,1,0.000186181,0.000186181,0.000186181,1576,1,1576,1576,1576,16,1,16,16,16
50,70,0.000193857,1,0.000193857,0.000193857,0.000193857,1579,1,1579,1579,1579,16,1,16,16,16
50,70,0.000188255,1,0.000188255,0.000188255,0.000188255,1616,1,1616,1616,1616,16,1,16,16,16
50,70,0.000187321,1,0.000187321,0.000187321,0.000187321,1573,1,1573,1573,1573,16,1,16,16,16
50,70,0.000186021,1,0.000186021,0.000186021,0.000186021,1623,1,1623,1623,1623,17,1,17,17,17
50,70,0.000187873,1,0.000187873,0.000187873,0.000187873,1603,1,1603,1603,1603,17,1,17,17,17
50,70,0.00018602,1,0.00018602,0.00018602,0.00018602,1594,1,1594,1594,1594,17,1,17,17,17
50,70,0.000189463,1,0.000189463,0.000189463,0.000189463,1582,1,1582,1582,1582,17,1,17,17,17
50,70,0.000191072,1,0.000191072,0.000191072,0.000191072,1595,1,1595,1595,1595,18,1,18,18,18
50,70,0.000191656,1,0.000191656,0.000191656,0.000191656,1601,1,1601,1601,1601,17,1,17,17,17
50,70,0.000190567,1,0.000190567,0.000190567,0.000190567,1618,1,1618,1618,1618,17,1,17,17,17
50,70,0.000189241,1,0.000189241,0.000189241,0.000189241,1545,1,1545,1545,1545,15,1,15,15,15
50,70,0.000189884,1,0.000189884,0.000189884,0.000189884,1573,1,1573,1573,1573,16,1,16,16,16
50,70,0.000191941,1,0.000191941,0.000191941,0.000191941,1591,1,1591,1591,1591,18,1,18,18,18
50,70,0.000189578,1,0.000189578,0.000189578,0.000189578,1600,1,1600,1600,1600,17,1,17,17,17
50,70,0.000192525,1,0.000192525,0.000192525,0.000192525,1590,1,1590,1590,1590,17,1,17,17,17
50,70,0.000185652,1,0.000185652,0.000185652,0.000185652,1612,1,1612,1612,1612,17,1,17,17,17
50,70,0.000187883,1,0.000187883,0.000187883,0.000187883,1628,1,1628,1628,1628,17,1,17,17,17
50,70,0.000190081,1,0.000190081,0.000190081,0.000190081,1600,1,1600,1600,1600,17,1,17,17,17
50,70,0.000184671,1,0.000184671,0.000184671,0.000184671,1570,1,1570,1570,1570,16,1,16,16,16
50,70,0.000183883,1,0.000183883,0.000183883,0.000183883,1575,1,1575,1575,1575,17,1,17,17,17
50,70,0.000187256,1,0.000187256,0.000187256,0.000187256,1592,1,1592,1592,1592,16,1,16,16,16
50,70,0.000186404,1,0.000186404,0.000186404,0.000186404,1552,1,1552,1552,1552,15,1,15,15,15
50,70,0.000183879,1,0.000183879,0.000183879,0.000183879,1613,1,1613,1613,1613,17,1,17,17,17
50,70,0.000185165,1,0.000185165,0.000185165,0.000185165,1585,1,1585,1585,1585,16,1,16,16,16
50,70,0.000186781,1,0.000186781,0.000186781,0.000186781,1603,1,1603,1603,1603,17,1,17,17,17
50,70,0.000185784,1,0.000185784,0.000185784,0.000185784,1595,1,1595,1595,1595,17,1,17,17,17
50,70,0.00018501,1,0.00018501,0.00018501,0.00018501,1575,1,1575,1575,1575,16,1,16,16,16
50,70,0.000192186,1,0.000192186,0.000192186,0.000192186,1578,1,1578,1578,1578,16,1,16,16,16
50,70,0.000192317,1,0.000192317,0.000192317,0.000192317,1618,1,1618,1618,1618,18,1,18,18,18
50,70,0.000191248,1,0.000191248,0.000191248,0.000191248,1616,1,1616,1616,1616,17,1,17,17,17
50,70,0.00019005,1,0.00019005,0.00019005,0.00019005,1596,1,1596,1596,1596,17,1,17,17,17
50,70,0.000190995,1,0.000190995,0.000190995,0.000190995,1605,1,1605,1605,1605,17,1,17,17,17
50,70,0.000199864,1,0.000199864,0.000199864,0.000199864,1618,1,1618,1618,1618,17,1,17,17,17
50,70,0.000195707,1,0.000195707,0.000195707,0.000195707,1633,1,1633,1633,1633,18,1,18,18,18
50,70,0.000192832,1,0.000192832,0.000192832,0.000192832,1562,1,1562,1562,1562,15,1,15,15,15
50,70,0.000191361,1,0.000191361,0.000191361,0.000191361,1628,1,1628,1628,1628,18,1,18,18,18
50,70,0.000186014,1,0.000186014,0.000186014,0.000186014,1589,1,1589,1589,1589,17,1,17,17,17
50,70,0.000186908,1,0.000186908,0.000186908,0.000186908,1561,1,1561,1561,1561,17,1,17,17,17
50,70,0.000186609,1,0.000186609,0.000186609,0.000186609,1585,1,1585,1585,1585,16,1,16,16,16
50,70,0.000188885,1,0.000188885,0.000188885,0.000188885,1551,1,1551,1551,1551,16,1,16,16,16
50,70,0.000187455,1,0.000187455,0.000187455,0.000187455,1571,1,1571,1571,1571,16,1,16,16,16
50,70,0.000187145,1,0.000187145,0.000187145,0.000187145,1607,1,1607,1607,1607,19,1,19,19,19
50,70,0.000185895,1,0.000185895,0.000185895,0.000185895,1589,1,1589,1589,1589,17,1,17,17,17
50,70,0.000186922,1,0.000186922,0.000186922,0.000186922,1608,1,1608,1608,1608,17,1,17,17,17
50,70,0.000186724,1,0.000186724,0.000186724,0.000186724,1617,1,1617,1617,1617,18,1,18,18,18
50,70,0.000186321,1,0.000186321,0.000186321,0.000186321,1576,1,1576,1576,1576,17,1,17,17,17
50,70,0.000185127,1,0.000185127,0.000185127,0.000185127,1579,1,1579,1579,1579,16,1,16,16,16
50,70,0.000203876,1,0.000203876,0.000203876,0.000203876,1582,1,1582,1582,1582,17,1,17,17,17
50,70,0.00019182,1,0.00019182,0.00019182,0.00019182,1566,1,1566,1566,1566,16,1,16,16,16
50,70,0.000188976,1,0.000188976,0.000188976,0.000188976,1597,1,1597,1597,1597,17,1,17,17,17
50,70,0.000191848,1,0.000191848,0.000191848,0.000191848,1613,1,1613,1613,1613,17,1,17,17,17
50,70,0.000192238,1,0.000192238,0.000192238,0.000192238,1596,1,1596,1596,1596,17,1,17,17,17
50,70,0.000191466,1,0.000191466,0.000191466,0.000191466,1616,1,1616,1616,1616,17,1,17,17,17
50,70,0.000191782,1,0.000191782,0.000191782,0.000191782,1572,1,1572,1572,1572,15,1,15,15,15
50,70,0.000191157,1,0.000191157,0.000191157,0.000191157,1577,1,1577,1577,1577,16,1,16,16,16
50,70,0.000194828,1,0.000194828,0.000194828,0.000194828,1614,1,1614,1614,1614,17,1,17,17,17
50,70,0.000184657,1,0.000184657,0.000184657,0.000184657,1551,1,1551,1551,1551,15,1,15,15,15
50,70,0.000185598,1,0.000185598,0.000185598,0.000185598,1619,1,1619,1619,1619,18,1,18,18,18
50,70,0.000188196,1,0.000188196,0.000188196,0.000188196,1611,1,1611,1611,1611,18,1,18,18,18
50,70,0.000183196,1,0.000183196,0.000183196,0.000183196,1581,1,1581,1581,1581,16,1,16,16,16
50,70,0.0001836,1,0.0001836,0.0001836,0.0001836,1563,1,1563,1563,1563,16,1,16,16,16
50,70,0.00018525,1,0.00018525,0.00018525,0.00018525,1593,1,1593,1593,1593,17,1,17,17,17
50,70,0.000184438,1,0.000184438,0.000184438,0.000184438,1577,1,1577,1577,1577,16,1,16,16,16
50,70,0.000187363,1,0.000187363,0.000187363,0.000187363,1596,1,1596,1596,1596,17,1,17,17,17
50,70,0.00018707,1,0.00018707,0.00018707,0.00018707,1611,1,1611,1611,1611,17,1,17,17,17
50,70,0.000187074,1,0.000187074,0.000187074,0.000187074,1580,1,1580,1580,1580,17,1,17,17,17
50,70,0.000185735,1,0.000185735,0.000185735,0.000185735,1573,1,1573,1573,1573,16,1,16,16,16
50,70,0.0002023,1,0.0002023,0.0002023,0.0002023,1615,1,1615,1615,1615,17,1,17,17,17
50,70,0.000192179,1,0.000192179,0.000192179,0.000192179,1602,1,1602,1602,1602,17,1,17,17,17
50,70,0.000192044,1,0.000192044,0.000192044,0.000192044,1603,1,1603,1603,1603,17,1,17,17,17
50,70,0.000193012,1,0.000193012,0.000193012,0.000193012,1613,1,1613,1613,1613,17,1,17,17,17
50,70,0.000191017,1,0.000191017,0.000191017,0.000191017,1599,1,1599,1599,1599,17,1,17,17,17
50,70,0.00019082,1,0.00019082,0.00019082,0.00019082,1557,1,1557,1557,1557,15,1,15,15,15
50,70,0.000192174,1,0.000192174,0.000192174,0.000192174,1582,1,1582,1582,1582,16,1,16,16,16
50,70,0.000192306,1,0.000192306,0.000192306,0.000192306,1597,1,1597,1597,1597,17,1,17,17,17
50,70,0.00019295,1,0.00019295,0.00019295,0.00019295,1587,1,1587,1587,1587,16,1,16,16,16
50,70,0.000190334,1,0.000190334,0.000190334,0.000190334,1610,1,1610,1610,1610,18,1,18,18,18
50,70,0.000187826,1,0.000187826,0.000187826,0.000187826,1586,1,1586,1586,1586,16,1,16,16,16
50,70,0.000188494,1,0.000188494,0.000188494,0.000188494,1632,1,1632,1632,1632,18,1,18,18,18
50,70,0.000185409,1,0.000185409,0.000185409,0.000185409,1587,1,1587,1587,1587,16,1,16,16,16
50,70,0.000184418,1,0.000184418,0.000184418,0.000184418,1587,1,1587,1587,1587,16,1,16,16,16
50,70,0.000188631,1,0.000188631,0.000188631,0.000188631,1597,1,1597,1597,1597,17,1,17,17,17
50,70,0.000184891,1,0.000184891,0.000184891,0.000184891,1559,1,1559,1559,1559,15,1,15,15,15
50,70,0.000184439,1,0.000184439,0.000184439,0.000184439,1571,1,1571,1571,1571,16,1,16,16,16
50,70,0.000185062,1,0.000185062,0.000185062,0.000185062,1583,1,1583,1583,1583,16,1,16,16,16
50,70,0.000186524,1,0.000186524,0.000186524,0.000186524,1612,1,1612,1612,1612,18,1,18,18,18
50,70,0.000185247,1,0.000185247,0.000185247,0.000185247,1574,1,1574,1574,1574,16,1,16,16,16
50,70,0.000194156,1,0.000194156,0.000194156,0.000194156,1608,1,1608,1608,1608,17,1,17,17,17
50,70,0.000191066,1,0.000191066,0.000191066,0.000191066,1560,1,1560,1560,1560,16,1,16,16,16
50,70,0.000191886,1,0.000191886,0.000191886,0.000191886,1571,1,1571,1571,1571,16,1,16,16,16
50,70,0.00019264,1,0.00019264,0.00019264,0.00019264,1576,1,1576,1576,1576,15,1,15,15,15
50,70,0.000190054,1,0.000190054,0.000190054,0.000190054,1579,1,1579,1579,1579,17,1,17,17,17
50,70,0.000192406,1,0.000192406,0.000192406,0.000192406,1583,1,1583,1583,1583,16,1,16,16,16
50,70,0.000199284,1,0.000199284,0.000199284,0.000199284,1616,1,1616,1616,1616,17,1,17,17,17
50,70,0.000190239,1,0.000190239,0.000190239,0.000190239,1566,1,1566,1566,1566,16,1,16,16,16
50,70,0.000191607,1,0.000191607,0.000191607,0.000191607,1624,1,1624,1624,1624,19,1,19,19,19
50,70,0.000189608,1,0.000189608,0.000189608,0.000189608,1568,1,1568,1568,1568,17,1,17,17,17
50,70,0.000185691,1,0.000185691,0.000185691,0.000185691,1584,1,1584,1584,1584,17,1,17,17,17
50,70,0.00018713,1,0.00018713,0.00018713,0.00018713,1598,1,1598,1598,1598,16,1,16,16,16
50,70,0.000184867,1,0.000184867,0.000184867,0.000184867,1580,1,1580,1580,1580,17,1,17,17,17
50,70,0.000186003,1,0.000186003,0.000186003,0.000186003,1581,1,1581,1581,1581,17,1,17,17,17
50,70,0.000185142,1,0.000185142,0.000185142,0.000185142,1560,1,1560,1560,1560,16,1,16,16,16
50,70,0.000188413,1,0.000188413,0.000188413,0.000188413,1578,1,1578,1578,1578,16,1,16,16,16
50,70,0.000187629,1,0.000187629,0.000187629,0.000187629,1611,1,1611,1611,1611,17,1,17,17,17
50,70,0.000189625,1,0.000189625,0.000189625,0.000189625,1598,1,1598,1598,1598,16,1,16,16,16
50,70,0.000183884,1,0.000183884,0.000183884,0.000183884,1567,1,1567,1567,1567,16,1,16,16,16
50,70,0.000186262,1,0.000186262,0.000186262,0.000186262,1588,1,1588,1588,1588,17,1,17,17,17
50,70,0.000186176,1,0.000186176,0.000186176,0.000186176,1572,1,1572,1572,1572,15,1,15,15,15
50,70,0.000190264,1,0.000190264,0.000190264,0.000190264,1591,1,1591,1591,1591,17,1,17,17,17
50,70,0.000199504,1,0.000199504,0.000199504,0.000199504,1591,1,1591,1591,1591,17,1,17,17,17
50,70,0.000191809,1,0.000191809,0.000191809,0.000191809,1625,1,1625,1625,1625,19,1,19,19,19
50,70,0.000190654,1,0.000190654,0.000190654,0.000190654,1569,1,1569,1569,1569,15,1,15,15,15
50,70,0.000193202,1,0.000193202,0.000193202,0.000193202,1578,1,1578,1578,1578,16,1,16,16,16
50,70,0.000191639,1,0.000191639,0.000191639,0.000191639,1553,1,1553,1553,1553,16,1,16,16,16
50,70,0.000192278,1,0.000192278,0.000192278,0.000192278,1593,1,1593,1593,1593,16,1,16,16,16
50,70,0.000191664,1,0.000191664,0.000191664,0.000191664,1612,1,1612,1612,1612,17,1,17,17,17
50,70,0.000193401,1,0.000193401,0.000193401,0.000193401,1598,1,1598,1598,1598,18,1,18,18,18
50,70,0.000185845,1,0.000185845,0.000185845,0.000185845,1579,1,1579,1579,1579,16,1,16,16,16
50,70,0.000186983,1,0.000186983,0.000186983,0.000186983,1564,1,1564,1564,1564,16,1,16,16,16
50,70,0.000176262,1,0.000176262,0.000176262,0.000176262,1616,1,1616,1616,1616,17,1,17,17,17
50,70,0.000174698,1,0.000174698,0.000174698,0.000174698,1587,1,1587,1587,1587,17,1,17,17,17
50,70,0.000172956,1,0.000172956,0.000172956,0.000172956,1598,1,1598,1598,1598,17,1,17,17,17
50,70,0.0001802,1,0.0001802,0.0001802,0.0001802,1610,1,1610,1610,1610,18,1,18,18,18
50,70,0.000172074,1,0.000172074,0.000172074,0.000172074,1589,1,1589,1589,1589,17,1,17,17,17
50,70,0.000166012,1,0.000166012,0.000166012,0.000166012,1587,1,1587,1587,1587,16,1,16,16,16
50,70,0.000166569,1,0.000166569,0.000166569,0.000166569,1594,1,1594,1594,1594,18,1,18,18,18
50,70,0.000179069,1,0.000179069,0.000179069,0.000179069,1647,1,1647,1647,1647,18,1,18,18,18
50,70,0.000164003,1,0.000164003,0.000164003,0.000164003,1578,1,1578,1578,1578,17,1,17,17,17
50,70,0.00015941,1,0.00015941,0.00015941,0.00015941,1550,1,1550,1550,1550,16,1,16,16,16
50,70,0.000161194,1,0.000161194,0.000161194,0.000161194,1562,1,1562,1562,1562,16,1,16,16,16
50,70,0.000164128,1,0.000164128,0.000164128,0.000164128,1599,1,1599,1599,1599,16,1,16,16,16
50,70,0.000177201,1,0.000177201,0.000177201,0.000177201,1554,1,1554,1554,1554,15,1,15,15,15
50,70,0.000158058,1,0.000158058,0.000158058,0.000158058,1555,1,1555,1555,1555,16,1,16,16,16
50,70,0.000163828,1,0.000163828,0.000163828,0.000163828,1576,1,1576,1576,1576,17,1,17,17,17
50,70,0.000158394,1,0.000158394,0.000158394,0.000158394,1573,1,1573,1573,1573,16,1,16,16,16
50,70,0.000158688,1,0.000158688,0.000158688,0.000158688,1589,1,1589,1589,1589,16,1,16,16,16
50,70,0.000177469,1,0.000177469,0.000177469,0.000177469,1578,1,1578,1578,1578,17,1,17,17,17
50,70,0.00015927,1,0.00015927,0.00015927,0.00015927,1579,1,1579,1579,1579,16,1,16,16,16
50,70,0.000162582,1,0.000162582,0.000162582,0.000162582,1601,1,1601,1601,1601,17,1,17,17,17
50,70,0.000159563,1,0.000159563,0.000159563,0.000159563,1609,1,1609,1609,1609,17,1,17,17,17
50,70,0.000174475,1,0.000174475,0.000174475,0.000174475,1561,1,1561,1561,1561,15,1,15,15,15
50,70,0.000166668,1,0.000166668,0.000166668,0.000166668,1619,1,1619,1619,1619,17,1,17,17,17
50,70,0.000172581,1,0.000172581,0.000172581,0.000172581,1578,1,1578,1578,1578,16,1,16,16,16
50,70,0.000158446,1,0.000158446,0.000158446,0.000158446,1593,1,1593,1593,1593,17,1,17,17,17
50,70,0.000158299,1,0.000158299,0.000158299,0.000158299,1578,1,1578,1578,1578,16,1,16,16,16
50,70,0.00017976,1,0.00017976,0.00017976,0.00017976,1556,1,1556,1556,1556,16,1,16,16,16
50,70,0.00015757,1,0.00015757,0.00015757,0.00015757,1576,1,1576,1576,1576,17,1,17,17,17
50,70,0.000158929,1,0.000158929,0.000158929,0.000158929,1586,1,1586,1586,1586,16,1,16,16,16
50,70,0.000169457,1,0.000169457,0.000169457,0.000169457,1601,1,1601,1601,1601,16,1,16,16,16
50,70,0.000161379,1,0.000161379,0.000161379,0.000161379,1611,1,1611,1611,1611,18,1,18,18,18
50,70,0.000157587,1,0.000157587,0.000157587,0.000157587,1593,1,1593,1593,1593,17,1,17,17,17
50,70,0.000161438,1,0.000161438,0.000161438,0.000161438,1601,1,1601,1601,1601,17,1,17,17,17
50,70,0.000159209,1,0.000159209,0.000159209,0.000159209,1599,1,1599,1599,1599,16,1,16,16,16
50,70,0.000179455,1,0.000179455,0.000179455,0.000179455,1601,1,1601,1601,1601,16,1,16,16,16
50,70,0.000158663,1,0.000158663,0.000158663,0.000158663,1587,1,1587,1587,1587,17,1,17,17,17
50,70,0.000158538,1,0.000158538,0.000158538,0.000158538,1599,1,1599,1599,1599,16,1,16,16,16
50,70,0.000159186,1,0.000159186,0.000159186,0.000159186,1579,1,1579,1579,1579,17,1,17,17,17
50,70,0.000159505,1,0.000159505,0.000159505,0.000159505,1546,1,1546,1546,1546,14,1,14,14,14
50,70,0.000158986,1,0.000158986,0.000158986,0.000158986,1611,1,1611,1611,1611,17,1,17,17,17
50,70,0.000185203,1,0.000185203,0.000185203,0.000185203,1574,1,1574,1574,1574,16,1,16,16,16
50,70,0.000159221,1,0.000159221,0.000159221,0.000159221,1572,1,1572,1572,1572,15,1,15,15,15
50,70,0.000156721,1,0.000156721,0.000156721,0.000156721,1558,1,1558,1558,1558,16,1,16,16,16
50,70,0.000159266,1,0.000159266,0.000159266,0.000159266,1638,1,1638,1638,1638,17,1,17,17,17
50,70,0.000162364,1,0.000162364,0.000162364,0.000162364,1592,1,1592,1592,1592,17,1,17,17,17
50,70,0.00015768,1,0.00015768,0.00015768,0.00015768,1603,1,1603,1603,1603,17,1,17,17,17
50,70,0.000160178,1,0.000160178,0.000160178,0.000160178,1605,1,1605,1605,1605,18,1,18,18,18
50,70,0.00015984,1,0.00015984,0.00015984,0.00015984,1601,1,1601,1601,1601,18,1,18,18,18
50,70,0.000158979,1,0.000158979,0.000158979,0.000158979,1595,1,1595,1595,1595,17,1,17,17,17
50,70,0.000158554,1,0.000158554,0.000158554,0.000158554,1600,1,1600,1600,1600,18,1,18,18,18
50,70,0.000158094,1,0.000158094,0.000158094,0.000158094,1560,1,1560,1560,1560,17,1,17,17,17
50,70,0.000185113,1,0.000185113,0.000185113,0.000185113,1592,1,1592,1592,1592,16,1,16,16,16
50,70,0.000158372,1,0.000158372,0.000158372,0.000158372,1571,1,1571,1571,1571,16,1,16,16,16
50,70,0.000159597,1,0.000159597,0.000159597,0.000159597,1613,1,1613,1613,1613,17,1,17,17,17
50,70,0.000156306,1,0.000156306,0.000156306,0.000156306,1561,1,1561,1561,1561,16,1,16,16,16
50,70,0.000160306,1,0.000160306,0.000160306,0.000160306,1598,1,1598,1598,1598,17,1,17,17,17
50,70,0.000159206,1,0.000159206,0.000159206,0.000159206,1609,1,1609,1609,1609,19,1,19,19,19
50,70,0.000159168,1,0.000159168,0.000159168,0.000159168,1586,1,1586,1586,1586,17,1,17,17,17
50,70,0.000181517,1,0.000181517,0.000181517,0.000181517,1601,1,1601,1601,1601,17,1,17,17,17
50,70,0.000158886,1,0.000158886,0.000158886,0.000158886,1611,1,1611,1611,1611,17,1,17,17,17
50,70,0.000158995,1,0.000158995,0.000158995,0.000158995,1617,1,1617,1617,1617,17,1,17,17,17
50,70,0.000159923,1,0.000159923,0.000159923,0.000159923,1602,1,1602,1602,1602,17,1,17,17,17
50,70,0.00015898,1,0.00015898,0.00015898,0.00015898,1592,1,1592,1592,1592,17,1,17,17,17
50,70,0.000160229,1,0.000160229,0.000160229,0.000160229,1600,1,1600,1600,1600,16,1,16,16,16
50,70,0.000157185,1,0.000157185,0.000157185,0.000157185,1581,1,1581,1581,1581,15,1,15,15,15
50,70,0.000158584,1,0.000158584,0.000158584,0.000158584,1587,1,1587,1587,1587,16,1,16,16,16
50,70,0.000158759,1,0.000158759,0.000158759,0.000158759,1578,1,1578,1578,1578,16,1,16,16,16
50,70,0.000159323,1,0.000159323,0.000159323,0.000159323,1594,1,1594,1594,1594,17,1,17,17,17
50,70,0.000157924,1,0.000157924,0.000157924,0.000157924,1613,1,1613,1613,1613,17,1,17,17,17
50,70,0.000157911,1,0.000157911,0.000157911,0.000157911,1553,1,1553,1553,1553,16,1,16,16,16
50,70,0.00015719,1,0.00015719,0.00015719,0.00015719,1570,1,1570,1570,1570,15,1,15,15,15
50,70,0.000158153,1,0.000158153,0.000158153,0.000158153,1550,1,1550,1550,1550,16,1,16,16,16
50,70,0.000158804,1,0.000158804,0.000158804,0.000158804,1579,1,1579,1579,1579,17,1,17,17,17
50,70,0.000159844,1,0.000159844,0.000159844,0.000159844,1584,1,1584,1584,1584,15,1,15,15,15
50,70,0.000158242,1,0.000158242,0.000158242,0.000158242,1577,1,1577,1577,1577,17,1,17,17,17
50,70,0.000157776,1,0.000157776,0.000157776,0.000157776,1630,1,1630,1630,1630,18,1,18,18,18
50,70,0.00015682,1,0.00015682,0.00015682,0.00015682,1606,1,1606,1606,1606,16,1,16,16,16
50,70,0.000158334,1,0.000158334,0.000158334,0.000158334,1570,1,1570,1570,1570,16,1,16,16,16
50,70,0.000159056,1,0.000159056,0.000159056,0.000159056,1597,1,1597,1597,1597,18,1,18,18,18
50,70,0.000159799,1,0.000159799,0.000159799,0.000159799,1605,1,1605,1605,1605,18,1,18,18,18
50,70,0.000159654,1,0.000159654,0.000159654,0.000159654,1606,1,1606,1606,1606,17,1,17,17,17
50,70,0.000159394,1,0.000159394,0.000159394,0.000159394,1584,1,1584,1584,1584,16,1,16,16,16
50,70,0.000165506,1,0.000165506,0.000165506,0.000165506,1604,1,1604,1604,1604,16,1,16,16,16
50,70,0.000156704,1,0.000156704,0.000156704,0.000156704,1600,1,1600,1600,1600,18,1,18,18,18
50,70,0.00015833,1,0.00015833,0.00015833,0.00015833,1564,1,1564,1564,1564,16,1,16,16,16
50,70,0.000178161,1,0.000178161,0.000178161,0.000178161,1582,1,1582,1582,1582,17,1,17,17,17
50,70,0.000159614,1,0.000159614,0.000159614,0.000159614,1589,1,1589,1589,1589,16,1,16,16,16
50,70,0.000158794,1,0.000158794,0.000158794,0.000158794,1573,1,1573,1573,1573,17,1,17,17,17
50,70,0.000177967,1,0.000177967,0.000177967,0.000177967,1643,1,1643,1643,1643,18,1,18,18,18
50,70,0.000158809,1,0.000158809,0.000158809,0.000158809,1614,1,1614,1614,1614,17,1,17,17,17
50,70,0.00015696,1,0.00015696,0.00015696,0.00015696,1573,1,1573,1573,1573,16,1,16,16,16
50,70,0.000158096,1,0.000158096,0.000158096,0.000158096,1589,1,1589,1589,1589,16,1,16,16,16
50,70,0.000158598,1,0.000158598,0.000158598,0.000158598,1560,1,1560,1560,1560,15,1,15,15,15
50,70,0.000158665,1,0.000158665,0.000158665,0.000158665,1606,1,1606,1606,1606,17,1,17,17,17
50,70,0.000158796,1,0.000158796,0.000158796,0.000158796,1631,1,1631,1631,1631,17,1,17,17,17
50,70,0.000158084,1,0.000158084,0.000158084,0.000158084,1574,1,1574,1574,1574,17,1,17,17,17
50,70,0.000158101,1,0.000158101,0.000158101,0.000158101,1574,1,1574,1574,1574,15,1,15,15,15
50,70,0.00015827,1,0.00015827,0.00015827,0.00015827,1606,1,1606,1606,1606,17,1,17,17,17
50,70,0.000158342,1,0.000158342,0.000158342,0.000158342,1564,1,1564,1564,1564,16,1,16,16,16
50,70,0.000174829,1,0.000174829,0.000174829,0.000174829,1565,1,1565,1565,1565,17,1,17,17,17
50,70,0.000158377,1,0.000158377,0.000158377,0.000158377,1563,1,1563,1563,1563,15,1,15,15,15
50,70,0.000159157,1,0.000159157,0.000159157,0.000159157,1550,1,1550,1550,1550,15,1,15,15,15
50,70,0.000178989,1,0.000178989,0.000178989,0.000178989,1653,1,1653,1653,1653,17,1,17,17,17
50,70,0.000159463,1,0.000159463,0.000159463,0.000159463,1575,1,1575,1575,1575,16,1,16,16,16
50,70,0.000157628,1,0.000157628,0.000157628,0.000157628,1584,1,1584,1584,1584,16,1,16,16,16
50,70,0.000166205,1,0.000166205,0.000166205,0.000166205,1596,1,1596,1596,1596,17,1,17,17,17
50,70,0.00016038,1,0.00016038,0.00016038,0.00016038,1597,1,1597,1597,1597,17,1,17,17,17
50,70,0.000158146,1,0.000158146,0.000158146,0.000158146,1579,1,1579,1579,1579,16,1,16,16,16
50,70,0.00015724,1,0.00015724,0.00015724,0.00015724,1593,1,1593,1593,1593,18,1,18,18,18
50,70,0.000159269,1,0.000159269,0.000159269,0.000159269,1601,1,1601,1601,1601,17,1,17,17,17
50,70,0.000158847,1,0.000158847,0.000158847,0.000158847,1602,1,1602,1602,1602,17,1,17,17,17
50,70,0.000158576,1,0.000158576,0.000158576,0.000158576,1580,1,1580,1580,1580,16,1,16,16,16
50,70,0.000157844,1,0.000157844,0.000157844,0.000157844,1595,1,1595,1595,1595,16,1,16,16,16
50,70,0.000175792,1,0.000175792,0.000175792,0.000175792,1616,1,1616,1616,1616,18,1,18,18,18
50,70,0.000157495,1,0.000157495,0.000157495,0.000157495,1600,1,1600,1600,1600,17,1,17,17,17
50,70,0.000159249,1,0.000159249,0.000159249,0.000159249,1594,1,1594,1594,1594,18,1,18,18,18
50,70,0.00017308,1,0.00017308,0.00017308,0.00017308,1639,1,1639,1639,1639,19,1,19,19,19
50,70,0.000158965,1,0.000158965,0.000158965,0.000158965,1628,1,1628,1628,1628,19,1,19,19,19
50,70,0.000159572,1,0.000159572,0.000159572,0.000159572,1614,1,1614,1614,1614,18,1,18,18,18
50,70,0.000160015,1,0.000160015,0.000160015,0.000160015,1607,1,1607,1607,1607,18,1,18,18,18
50,70,0.000159997,1,0.000159997,0.000159997,0.000159997,1604,1,1604,1604,1604,17,1,17,17,17
50,70,0.000157376,1,0.000157376,0.000157376,0.000157376,1585,1,1585,1585,1585,17,1,17,17,17
50,70,0.000161637,1,0.000161637,0.000161637,0.000161637,1632,1,1632,1632,1632,19,1,19,19,19
50,70,0.000155837,1,0.000155837,0.000155837,0.000155837,1558,1,1558,1558,1558,16,1,16,16,16
50,70,0.000158319,1,0.000158319,0.000158319,0.000158319,1590,1,1590,1590,1590,17,1,17,17,17
50,70,0.000157846,1,0.000157846,0.000157846,0.000157846,1593,1,1593,1593,1593,17,1,17,17,17
50,70,0.000159089,1,0.000159089,0.000159089,0.000159089,1645,1,1645,1645,1645,18,1,18,18,18
50,70,0.000158964,1,0.000158964,0.000158964,0.000158964,1606,1,1606,1606,1606,17,1,17,17,17
50,70,0.000158888,1,0.000158888,0.000158888,0.000158888,1604,1,1604,1604,1604,18,1,18,18,18
50,70,0.000159211,1,0.000159211,0.000159211,0.000159211,1622,1,1622,1622,1622,17,1,17,17,17
50,70,0.000187828,1,0.000187828,0.000187828,0.000187828,1589,1,1589,1589,1589,17,1,17,17,17
50,70,0.00016591,1,0.00016591,0.00016591,0.00016591,1576,1,1576,1576,1576,16,1,16,16,16
50,70,0.000158784,1,0.000158784,0.000158784,0.000158784,1570,1,1570,1570,1570,16,1,16,16,16
50,70,0.000162988,1,0.000162988,0.000162988,0.000162988,1613,1,1613,1613,1613,17,1,17,17,17
50,70,0.000158307,1,0.000158307,0.000158307,0.000158307,1562,1,1562,1562,1562,15,1,15,15,15
50,70,0.000158121,1,0.000158121,0.000158121,0.000158121,1588,1,1588,1588,1588,16,1,16,16,16
50,70,0.000158084,1,0.000158084,0.000158084,0.000158084,1565,1,1565,1565,1565,16,1,16,16,16
50,70,0.000179007,1,0.000179007,0.000179007,0.000179007,1607,1,1607,1607,1607,17,1,17,17,17
50,70,0.000158664,1,0.000158664,0.000158664,0.000158664,1582,1,1582,1582,1582,17,1,17,17,17
50,70,0.000158368,1,0.000158368,0.000158368,0.000158368,1572,1,1572,1572,1572,16,1,16,16,16
50,70,0.000158213,1,0.000158213,0.000158213,0.000158213,1651,1,1651,1651,1651,19,1,19,19,19
50,70,0.000178324,1,0.000178324,0.000178324,0.000178324,1623,1,1623,1623,1623,18,1,18,18,18
50,70,0.000157818,1,0.000157818,0.000157818,0.000157818,1604,1,1604,1604,1604,18,1,18,18,18
50,70,0.000157616,1,0.000157616,0.000157616,0.000157616,1566,1,1566,1566,1566,16,1,16,16,16
50,70,0.000157936,1,0.000157936,0.000157936,0.000157936,1549,1,1549,1549,1549,16,1,16,16,16
50,70,0.000159122,1,0.000159122,0.000159122,0.000159122,1587,1,1587,1587,1587,17,1,17,17,17
50,70,0.000159368,1,0.000159368,0.000159368,0.000159368,1636,1,1636,1636,1636,18,1,18,18,18
50,70,0.00015877,1,0.00015877,0.00015877,0.00015877,1592,1,1592,1592,1592,17,1,17,17,17
50,70,0.000173159,1,0.000173159,0.000173159,0.000173159,1577,1,1577,1577,1577,17,1,17,17,17
50,70,0.000158993,1,0.000158993,0.000158993,0.000158993,1591,1,1591,1591,1591,16,1,16,16,16
50,70,0.000161293,1,0.000161293,0.000161293,0.000161293,1604,1,1604,1604,1604,17,1,17,17,17
50,70,0.000156664,1,0.000156664,0.000156664,0.000156664,1563,1,1563,1563,1563,16,1,16,16,16
50,70,0.000157159,1,0.000157159,0.000157159,0.000157159,1608,1,1608,1608,1608,17,1,17,17,17
50,70,0.000159527,1,0.000159527,0.000159527,0.000159527,1549,1,1549,1549,1549,15,1,15,15,15
50,70,0.000158222,1,0.000158222,0.000158222,0.000158222,1606,1,1606,1606,1606,17,1,17,17,17
50,70,0.000160404,1,0.000160404,0.000160404,0.000160404,1614,1,1614,1614,1614,17,1,17,17,17
50,70,0.000158813,1,0.000158813,0.000158813,0.000158813,1600,1,1600,1600,1600,18,1,18,18,18
50,70,0.000158109,1,0.000158109,0.000158109,0.000158109,1590,1,1590,1590,1590,16,1,16,16,16
50,70,0.000157224,1,0.000157224,0.000157224,0.000157224,1560,1,1560,1560,1560,16,1,16,16,16
50,70,0.000158393,1,0.000158393,0.000158393,0.000158393,1596,1,1596,1596,1596,17,1,17,17,17
50,70,0.00015735,1,0.00015735,0.00015735,0.00015735,1572,1,1572,1572,1572,16,1,16,16,16
50,70,0.000188148,1,0.000188148,0.000188148,0.000188148,1569,1,1569,1569,1569,15,1,15,15,15
50,70,0.00015847,1,0.00015847,0.00015847,0.00015847,1547,1,1547,1547,1547,16,1,16,16,16
50,70,0.000158527,1,0.000158527,0.000158527,0.000158527,1606,1,1606,1606,1606,18,1,18,18,18
50,70,0.000157058,1,0.000157058,0.000157058,0.000157058,1581,1,1581,1581,1581,16,1,16,16,16
50,70,0.000165479,1,0.000165479,0.000165479,0.000165479,1604,1,1604,1604,1604,18,1,18,18,18
50,70,0.000156547,1,0.000156547,0.000156547,0.000156547,1557,1,1557,1557,1557,16,1,16,16,16
50,70,0.000157534,1,0.000157534,0.000157534,0.000157534,1575,1,1575,1575,1575,16,1,16,16,16
50,70,0.00015917,1,0.00015917,0.00015917,0.00015917,1585,1,1585,1585,1585,17,1,17,17,17
50,70,0.000163962,1,0.000163962,0.000163962,0.000163962,1562,1,1562,1562,1562,15,1,15,15,15
50,70,0.000187513,1,0.000187513,0.000187513,0.000187513,1619,1,1619,1619,1619,18,1,18,18,18
50,70,0.00015816,1,0.00015816,0.00015816,0.00015816,1614,1,1614,1614,1614,18,1,18,18,18
50,70,0.000159927,1,0.000159927,0.000159927,0.000159927,1595,1,1595,1595,1595,17,1,17,17,17
50,70,0.000156609,1,0.000156609,0.000156609,0.000156609,1569,1,1569,1569,1569,16,1,16,16,16
50,70,0.000178135,1,0.000178135,0.000178135,0.000178135,1609,1,1609,1609,1609,18,1,18,18,18
50,70,0.000158161,1,0.000158161,0.000158161,0.000158161,1619,1,1619,1619,1619,17,1,17,17,17
50,70,0.00015962,1,0.00015962,0.00015962,0.00015962,1630,1,1630,1630,1630,18,1,18,18,18
50,70,0.000159005,1,0.000159005,0.000159005,0.000159005,1603,1,1603,1603,1603,17,1,17,17,17
50,70,0.000178204,1,0.000178204,0.000178204,0.000178204,1567,1,1567,1567,1567,16,1,16,16,16
50,70,0.000159907,1,0.000159907,0.000159907,0.000159907,1637,1,1637,1637,1637,18,1,18,18,18
50,70,0.000158838,1,0.000158838,0.000158838,0.000158838,1625,1,1625,1625,1625,16,1,16,16,16
50,70,0.00017879,1,0.00017879,0.00017879,0.00017879,1602,1,1602,1602,1602,17,1,17,17,17
50,70,0.000157995,1,0.000157995,0.000157995,0.000157995,1558,1,1558,1558,1558,15,1,15,15,15
50,70,0.000173408,1,0.000173408,0.000173408,0.000173408,1597,1,1597,1597,1597,17,1,17,17,17
50,70,0.00016654,1,0.00016654,0.00016654,0.00016654,1600,1,1600,1600,1600,17,1,17,17,17
50,70,0.000160145,1,0.000160145,0.000160145,0.000160145,1618,1,1618,1618,1618,18,1,18,18,18
50,70,0.000159138,1,0.000159138,0.000159138,0.000159138,1594,1,1594,1594,1594,16,1,16,16,16
50,70,0.000176944,1,0.000176944,0.000176944,0.000176944,1610,1,1610,1610,1610,17,1,17,17,17
50,70,0.000158286,1,0.000158286,0.000158286,0.000158286,1601,1,1601,1601,1601,16,1,16,16,16
50,70,0.000158181,1,0.000158181,0.000158181,0.000158181,1590,1,1590,1590,1590,16,1,16,16,16
50,70,0.000156269,1,0.000156269,0.000156269,0.000156269,1602,1,1602,1602,1602,17,1,17,17,17
50,70,0.000159627,1,0.000159627,0.000159627,0.000159627,1620,1,1620,1620,1620,17,1,17,17,17
50,70,0.000158461,1,0.000158461,0.000158461,0.000158461,1612,1,1612,1612,1612,18,1,18,18,18
50,70,0.000159799,1,0.000159799,0.000159799,0.000159799,1602,1,1602,1602,1602,17,1,17,17,17
50,70,0.000156528,1,0.000156528,0.000156528,0.000156528,1573,1,1573,1573,1573,16,1,16,16,16
50,70,0.00017894,1,0.00017894,0.00017894,0.00017894,1598,1,1598,1598,1598,16,1,16,16,16
50,70,0.000159978,1,0.000159978,0.000159978,0.000159978,1611,1,1611,1611,1611,18,1,18,18,18
50,70,0.0001593,1,0.0001593,0.0001593,0.0001593,1619,1,1619,1619,1619,19,1,19,19,19
50,70,0.00015776,1,0.00015776,0.00015776,0.00015776,1622,1,1622,1622,1622,18,1,18,18,18
50,70,0.000166695,1,0.000166695,0.000166695,0.000166695,1598,1,1598,1598,1598,17,1,17,17,17
50,70,0.000156948,1,0.000156948,0.000156948,0.000156948,1597,1,1597,1597,1597,16,1,16,16,16
50,70,0.00015768,1,0.00015768,0.00015768,0.00015768,1567,1,1567,1567,1567,16,1,16,16,16
50,70,0.000188566,1,0.000188566,0.000188566,0.000188566,1574,1,1574,1574,1574,16,1,16,16,16
50,70,0.000158696,1,0.000158696,0.000158696,0.000158696,1584,1,1584,1584,1584,16,1,16,16,16
50,70,0.000155457,1,0.000155457,0.000155457,0.000155457,1543,1,1543,1543,1543,16,1,16,16,16
50,70,0.000157467,1,0.000157467,0.000157467,0.000157467,1583,1,1583,1583,1583,17,1,17,17,17
50,70,0.000158759,1,0.000158759,0.000158759,0.000158759,1605,1,1605,1605,1605,17,1,17,17,17
50,70,0.000158589,1,0.000158589,0.000158589,0.000158589,1581,1,1581,1581,1581,17,1,17,17,17
50,70,0.000159021,1,0.000159021,0.000159021,0.000159021,1568,1,1568,1568,1568,15,1,15,15,15
50,70,0.000177119,1,0.000177119,0.000177119,0.000177119,1567,1,1567,1567,1567,16,1,16,16,16
50,70,0.000159173,1,0.000159173,0.000159173,0.000159173,1626,1,1626,1626,1626,18,1,18,18,18
50,70,0.000156952,1,0.000156952,0.000156952,0.000156952,1542,1,1542,1542,1542,15,1,15,15,15
50,70,0.000158315,1,0.000158315,0.000158315,0.000158315,1569,1,1569,1569,1569,16,1,16,16,16
50,70,0.000159404,1,0.000159404,0.000159404,0.000159404,1604,1,1604,1604,1604,17,1,17,17,17
50,70,0.000159548,1,0.000159548,0.000159548,0.000159548,1603,1,1603,1603,1603,18,1,18,18,18
50,70,0.000179373,1,0.000179373,0.000179373,0.000179373,1606,1,1606,1606,1606,17,1,17,17,17
50,70,0.000159597,1,0.000159597,0.000159597,0.000159597,1595,1,1595,1595,1595,18,1,18,18,18
50,70,0.000159061,1,0.000159061,0.000159061,0.000159061,1584,1,1584,1584,1584,17,1,17,17,17
50,70,0.000159099,1,0.000159099,0.000159099,0.000159099,1585,1,1585,1585,1585,16,1,16,16,16
50,70,0.000157812,1,0.000157812,0.000157812,0.000157812,1567,1,1567,1567,1567,15,1,15,15,15
50,70,0.00015819,1,0.00015819,0.00015819,0.00015819,1582,1,1582,1582,1582,16,1,16,16,16
50,70,0.00015896,1,0.00015896,0.00015896,0.00015896,1614,1,1614,1614,1614,18,1,18,18,18
50,70,0.000161622,1,0.000161622,0.000161622,0.000161622,1629,1,1629,1629,1629,16,1,16,16,16
50,70,0.000158016,1,0.000158016,0.000158016,0.000158016,1609,1,1609,1609,1609,18,1,18,18,18
50,70,0.000159636,1,0.000159636,0.000159636,0.000159636,1609,1,1609,1609,1609,17,1,17,17,17
50,70,0.000159512,1,0.000159512,0.000159512,0.000159512,1568,1,1568,1568,1568,15,1,15,15,15
50,70,0.000158209,1,0.000158209,0.000158209,0.000158209,1566,1,1566,1566,1566,15,1,15,15,15
50,70,0.000158981,1,0.000158981,0.000158981,0.000158981,1609,1,1609,1609,1609,17,1,17,17,17
50,70,0.000159435,1,0.000159435,0.000159435,0.000159435,1568,1,1568,1568,1568,16,1,16,16,16
50,70,0.000159858,1,0.000159858,0.000159858,0.000159858,1603,1,1603,1603,1603,18,1,18,18,18
50,70,0.000167351,1,0.000167351,0.000167351,0.000167351,1621,1,1621,1621,1621,18,1,18,18,18
50,70,0.00016012,1,0.00016012,0.00016012,0.00016012,1633,1,1633,1633,1633,18,1,18,18,18
50,70,0.000159358,1,0.000159358,0.000159358,0.000159358,1601,1,1601,1601,1601,18,1,18,18,18
50,70,0.000167521,1,0.000167521,0.000167521,0.000167521,1640,1,1640,1640,1640,18,1,18,18,18
50,70,0.000158272,1,0.000158272,0.000158272,0.000158272,1598,1,1598,1598,1598,17,1,17,17,17
50,70,0.000158505,1,0.000158505,0.000158505,0.000158505,1619,1,1619,1619,1619,17,1,17,17,17
50,70,0.000188685,1,0.000188685,0.000188685,0.000188685,1602,1,1602,1602,1602,17,1,17,17,17
50,70,0.000160999,1,0.000160999,0.000160999,0.000160999,1608,1,1608,1608,1608,18,1,18,18,18
50,70,0.000159225,1,0.000159225,0.000159225,0.000159225,1627,1,1627,1627,1627,18,1,18,18,18
50,70,0.000156182,1,0.000156182,0.000156182,0.000156182,1586,1,1586,1586,1586,16,1,16,16,16
50,70,0.000159309,1,0.000159309,0.000159309,0.000159309,1590,1,1590,1590,1590,17,1,17,17,17
50,70,0.000159416,1,0.000159416,0.000159416,0.000159416,1637,1,1637,1637,1637,18,1,18,18,18
50,70,0.000160814,1,0.000160814,0.000160814,0.000160814,1599,1,1599,1599,1599,17,1,17,17,17
50,70,0.000174064,1,0.000174064,0.000174064,0.000174064,1571,1,1571,1571,1571,16,1,16,16,16
50,70,0.000158834,1,0.000158834,0.000158834,0.000158834,1580,1,1580,1580,1580,17,1,17,17,17
50,70,0.000159367,1,0.000159367,0.000159367,0.000159367,1554,1,1554,1554,1554,16,1,16,16,16
50,70,0.00015699,1,0.00015699,0.00015699,0.00015699,1570,1,1570,1570,1570,16,1,16,16,16
50,70,0.000176737,1,0.000176737,0.000176737,0.000176737,1621,1,1621,1621,1621,18,1,18,18,18
50,70,0.000157684,1,0.000157684,0.000157684,0.000157684,1578,1,1578,1578,1578,17,1,17,17,17
50,70,0.000157866,1,0.000157866,0.000157866,0.000157866,1585,1,1585,1585,1585,17,1,17,17,17
50,70,0.000158742,1,0.000158742,0.000158742,0.000158742,1598,1,1598,1598,1598,17,1,17,17,17
50,70,0.000162155,1,0.000162155,0.000162155,0.000162155,1632,1,1632,1632,1632,18,1,18,18,18
50,70,0.00016667,1,0.00016667,0.00016667,0.00016667,1602,1,1602,1602,1602,18,1,18,18,18
50,70,0.000157437,1,0.000157437,0.000157437,0.000157437,1576,1,1576,1576,1576,16,1,16,16,16
50,70,0.000158791,1,0.000158791,0.000158791,0.000158791,1589,1,1589,1589,1589,15,1,15,15,15
50,70,0.000159207,1,0.000159207,0.000159207,0.000159207,1571,1,1571,1571,1571,15,1,15,15,15
50,70,0.000159361,1,0.000159361,0.000159361,0.000159361,1551,1,1551,1551,1551,15,1,15,15,15
50,70,0.000179201,1,0.000179201,0.000179201,0.000179201,1612,1,1612,1612,1612,18,1,18,18,18
50,70,0.000159258,1,0.000159258,0.000159258,0.000159258,1604,1,1604,1604,1604,18,1,18,18,18
50,70,0.000159545,1,0.000159545,0.000159545,0.000159545,1586,1,1586,1586,1586,17,1,17,17,17
50,70,0.000158607,1,0.000158607,0.000158607,0.000158607,1582,1,1582,1582,1582,16,1,16,16,16
50,70,0.000158404,1,0.000158404,0.000158404,0.000158404,1543,1,1543,1543,1543,15,1,15,15,15
50,70,0.000156917,1,0.000156917,0.000156917,0.000156917,1564,1,1564,1564,1564,15,1,15,15,15
50,70,0.000177766,1,0.000177766,0.000177766,0.000177766,1589,1,1589,1589,1589,17,1,17,17,17
50,70,0.000157902,1,0.000157902,0.000157902,0.000157902,1566,1,1566,1566,1566,17,1,17,17,17
50,70,0.000157061,1,0.000157061,0.000157061,0.000157061,1609,1,1609,1609,1609,18,1,18,18,18
50,70,0.000159146,1,0.000159146,0.000159146,0.000159146,1576,1,1576,1576,1576,17,1,17,17,17
50,70,0.000157471,1,0.000157471,0.000157471,0.000157471,1593,1,1593,1593,1593,16,1,16,16,16
50,70,0.000174716,1,0.000174716,0.000174716,0.000174716,1598,1,1598,1598,1598,16,1,16,16,16
50,70,0.000160675,1,0.000160675,0.000160675,0.000160675,1613,1,1613,1613,1613,18,1,18,18,18
50,70,0.000160203,1,0.000160203,0.000160203,0.000160203,1582,1,1582,1582,1582,16,1,16,16,16
50,70,0.00015941,1,0.00015941,0.00015941,0.00015941,1580,1,1580,1580,1580,18,1,18,18,18
50,70,0.000158832,1,0.000158832,0.000158832,0.000158832,1594,1,1594,1594,1594,17,1,17,17,17
50,70,0.000160314,1,0.000160314,0.000160314,0.000160314,1611,1,1611,1611,1611,17,1,17,17,17
50,70,0.00015843,1,0.00015843,0.00015843,0.00015843,1592,1,1592,1592,1592,16,1,16,16,16
50,70,0.000175766,1,0.000175766,0.000175766,0.000175766,1608,1,1608,1608,1608,17,1,17,17,17
50,70,0.000160479,1,0.000160479,0.000160479,0.000160479,1610,1,1610,1610,1610,18,1,18,18,18
50,70,0.000158075,1,0.000158075,0.000158075,0.000158075,1579,1,1579,1579,1579,15,1,15,15,15
50,70,0.000158807,1,0.000158807,0.000158807,0.000158807,1587,1,1587,1587,1587,16,1,16,16,16
50,70,0.000157663,1,0.000157663,0.000157663,0.000157663,1610,1,1610,1610,1610,19,1,19,19,19
50,70,0.000160047,1,0.000160047,0.000160047,0.000160047,1593,1,1593,1593,1593,17,1,17,17,17
50,70,0.000160401,1,0.000160401,0.000160401,0.000160401,1620,1,1620,1620,1620,17,1,17,17,17
50,70,0.000160172,1,0.000160172,0.000160172,0.000160172,1607,1,1607,1607,1607,17,1,17,17,17
50,70,0.000158718,1,0.000158718,0.000158718,0.000158718,1600,1,1600,1600,1600,16,1,16,16,16
50,70,0.000157135,1,0.000157135,0.000157135,0.000157135,1593,1,1593,1593,1593,17,1,17,17,17
50,70,0.000158562,1,0.000158562,0.000158562,0.000158562,1593,1,1593,1593,1593,17,1,17,17,17
50,70,0.000165664,1,0.000165664,0.000165664,0.000165664,1592,1,1592,1592,1592,17,1,17,17,17
50,70,0.000157506,1,0.000157506,0.000157506,0.000157506,1580,1,1580,1580,1580,17,1,17,17,17
50,70,0.00017944,1,0.00017944,0.00017944,0.00017944,1609,1,1609,1609,1609,17,1,17,17,17
50,70,0.000158233,1,0.000158233,0.000158233,0.000158233,1552,1,1552,1552,1552,16,1,16,16,16
50,70,0.0001592,1,0.0001592,0.0001592,0.0001592,1597,1,1597,1597,1597,17,1,17,17,17
50,70,0.000160645,1,0.000160645,0.000160645,0.000160645,1629,1,1629,1629,1629,18,1,18,18,18
50,70,0.000158098,1,0.000158098,0.000158098,0.000158098,1590,1,1590,1590,1590,17,1,17,17,17
50,70,0.000158024,1,0.000158024,0.000158024,0.000158024,1607,1,1607,1607,1607,18,1,18,18,18
50,70,0.000158372,1,0.000158372,0.000158372,0.000158372,1580,1,1580,1580,1580,16,1,16,16,16
50,70,0.000158398,1,0.000158398,0.000158398,0.000158398,1583,1,1583,1583,1583,16,1,16,16,16
50,70,0.000160017,1,0.000160017,0.000160017,0.000160017,1632,1,1632,1632,1632,17,1,17,17,17
50,70,0.000158429,1,0.000158429,0.000158429,0.000158429,1587,1,1587,1587,1587,17,1,17,17,17
50,70,0.000158571,1,0.000158571,0.000158571,0.000158571,1586,1,1586,1586,1586,16,1,16,16,16
50,70,0.000159558,1,0.000159558,0.000159558,0.000159558,1614,1,1614,1614,1614,18,1,18,18,18
50,70,0.0001783,1,0.0001783,0.0001783,0.0001783,1604,1,1604,1604,1604,18,1,18,18,18
50,70,0.000156716,1,0.000156716,0.000156716,0.000156716,1555,1,1555,1555,1555,16,1,16,16,16
50,70,0.000158161,1,0.000158161,0.000158161,0.000158161,1579,1,1579,1579,1579,15,1,15,15,15
50,70,0.000157548,1,0.000157548,0.000157548,0.000157548,1610,1,1610,1610,1610,17,1,17,17,17
50,70,0.000157937,1,0.000157937,0.000157937,0.000157937,1615,1,1615,1615,1615,18,1,18,18,18
50,70,0.000164387,1,0.000164387,0.000164387,0.000164387,1573,1,1573,1573,1573,16,1,16,16,16
50,70,0.000159173,1,0.000159173,0.000159173,0.000159173,1591,1,1591,1591,1591,16,1,16,16,16
50,70,0.000159011,1,0.000159011,0.000159011,0.000159011,1602,1,1602,1602,1602,17,1,17,17,17
50,70,0.000158087,1,0.000158087,0.000158087,0.000158087,1599,1,1599,1599,1599,18,1,18,18,18
50,70,0.000157749,1,0.000157749,0.000157749,0.000157749,1568,1,1568,1568,1568,16,1,16,16,16
50,70,0.000157419,1,0.000157419,0.000157419,0.000157419,1572,1,1572,1572,1572,17,1,17,17,17
50,70,0.000159951,1,0.000159951,0.000159951,0.000159951,1605,1,1605,1605,1605,17,1,17,17,17
50,70,0.000171249,1,0.000171249,0.000171249,0.000171249,1581,1,1581,1581,1581,16,1,16,16,16
50,70,0.000159069,1,0.000159069,0.000159069,0.000159069,1609,1,1609,1609,1609,17,1,17,17,17
50,70,0.000158637,1,0.000158637,0.000158637,0.000158637,1590,1,1590,1590,1590,17,1,17,17,17
50,70,0.000159029,1,0.000159029,0.000159029,0.000159029,1595,1,1595,1595,1595,17,1,17,17,17
50,70,0.000159097,1,0.000159097,0.000159097,0.000159097,1632,1,1632,1632,1632,17,1,17,17,17
50,70,0.000158308,1,0.000158308,0.000158308,0.000158308,1572,1,1572,1572,1572,16,1,16,16,16
50,70,0.000156917,1,0.000156917,0.000156917,0.000156917,1577,1,1577,1577,1577,16,1,16,16,16
50,70,0.000157087,1,0.000157087,0.000157087,0.000157087,1582,1,1582,1582,1582,16,1,16,16,16
50,70,0.00015744,1,0.00015744,0.00015744,0.00015744,1623,1,1623,1623,1623,19,1,19,19,19
50,70,0.00018079,1,0.00018079,0.00018079,0.00018079,1611,1,1611,1611,1611,18,1,18,18,18
50,70,0.000158019,1,0.000158019,0.000158019,0.000158019,1575,1,1575,1575,1575,16,1,16,16,16
50,70,0.000158169,1,0.000158169,0.000158169,0.000158169,1583,1,1583,1583,1583,16,1,16,16,16
50,70,0.000166042,1,0.000166042,0.000166042,0.000166042,1607,1,1607,1607,1607,17,1,17,17,17
50,70,0.000157924,1,0.000157924,0.000157924,0.000157924,1592,1,1592,1592,1592,17,1,17,17,17
50,70,0.000159094,1,0.000159094,0.000159094,0.000159094,1579,1,1579,1579,1579,17,1,17,17,17
50,70,0.000159653,1,0.000159653,0.000159653,0.000159653,1579,1,1579,1579,1579,16,1,16,16,16
50,70,0.000156936,1,0.000156936,0.000156936,0.000156936,1572,1,1572,1572,1572,16,1,16,16,16
50,70,0.000178558,1,0.000178558,0.000178558,0.000178558,1568,1,1568,1568,1568,16,1,16,16,16
50,70,0.000159244,1,0.000159244,0.000159244,0.000159244,1581,1,1581,1581,1581,16,1,16,16,16
50,70,0.000161949,1,0.000161949,0.000161949,0.000161949,1589,1,1589,1589,1589,17,1,17,17,17
50,70,0.000156548,1,0.000156548,0.000156548,0.000156548,1554,1,1554,1554,1554,17,1,17,17,17
50,70,0.000159497,1,0.000159497,0.000159497,0.000159497,1631,1,1631,1631,1631,19,1,19,19,19
50,70,0.000190839,1,0.000190839,0.000190839,0.000190839,1598,1,1598,1598,1598,17,1,17,17,17
50,70,0.000159046,1,0.000159046,0.000159046,0.000159046,1594,1,1594,1594,1594,17,1,17,17,17
50,70,0.000191016,1,0.000191016,0.000191016,0.000191016,1613,1,1613,1613,1613,17,1,17,17,17
50,70,0.00015771,1,0.00015771,0.00015771,0.00015771,1585,1,1585,1585,1585,17,1,17,17,17
50,70,0.000158954,1,0.000158954,0.000158954,0.000158954,1578,1,1578,1578,1578,17,1,17,17,17
50,70,0.000161364,1,0.000161364,0.000161364,0.000161364,1622,1,1622,1622,1622,19,1,19,19,19
50,70,0.00015823,1,0.00015823,0.00015823,0.00015823,1605,1,1605,1605,1605,18,1,18,18,18
50,70,0.000158112,1,0.000158112,0.000158112,0.000158112,1578,1,1578,1578,1578,18,1,18,18,18
50,70,0.000158046,1,0.000158046,0.000158046,0.000158046,1559,1,1559,1559,1559,15,1,15,15,15
50,70,0.000157247,1,0.000157247,0.000157247,0.000157247,1565,1,1565,1565,1565,15,1,15,15,15
50,70,0.000157439,1,0.000157439,0.000157439,0.000157439,1602,1,1602,1602,1602,18,1,18,18,18
50,70,0.000158388,1,0.000158388,0.000158388,0.000158388,1558,1,1558,1558,1558,15,1,15,15,15
50,70,0.000159369,1,0.000159369,0.000159369,0.000159369,1609,1,1609,1609,1609,17,1,17,17,17
50,70,0.000169054,1,0.000169054,0.000169054,0.000169054,1589,1,1589,1589,1589,16,1,16,16,16
50,70,0.000161253,1,0.000161253,0.000161253,0.000161253,1588,1,1588,1588,1588,17,1,17,17,17
50,70,0.000157899,1,0.000157899,0.000157899,0.000157899,1590,1,1590,1590,1590,16,1,16,16,16
50,70,0.000158297,1,0.000158297,0.000158297,0.000158297,1618,1,1618,1618,1618,18,1,18,18,18
50,70,0.000158168,1,0.000158168,0.000158168,0.000158168,1602,1,1602,1602,1602,17,1,17,17,17
50,70,0.000158065,1,0.000158065,0.000158065,0.000158065,1611,1,1611,1611,1611,17,1,17,17,17
50,70,0.000157822,1,0.000157822,0.000157822,0.000157822,1603,1,1603,1603,1603,16,1,16,16,16
50,70,0.000159017,1,0.000159017,0.000159017,0.000159017,1558,1,1558,1558,1558,17,1,17,17,17
50,70,0.000160007,1,0.000160007,0.000160007,0.000160007,1588,1,1588,1588,1588,17,1,17,17,17
50,70,0.000157007,1,0.000157007,0.000157007,0.000157007,1574,1,1574,1574,1574,16,1,16,16,16
50,70,0.000157625,1,0.000157625,0.000157625,0.000157625,1597,1,1597,1597,1597,18,1,18,18,18
50,70,0.000187654,1,0.000187654,0.000187654,0.000187654,1598,1,1598,1598,1598,17,1,17,17,17
50,70,0.000159824,1,0.000159824,0.000159824,0.000159824,1623,1,1623,1623,1623,19,1,19,19,19
50,70,0.000157603,1,0.000157603,0.000157603,0.000157603,1574,1,1574,1574,1574,16,1,16,16,16
50,70,0.000159097,1,0.000159097,0.000159097,0.000159097,1586,1,1586,1586,1586,18,1,18,18,18
50,70,0.000174731,1,0.000174731,0.000174731,0.000174731,1559,1,1559,1559,1559,15,1,15,15,15
50,70,0.0001583,1,0.0001583,0.0001583,0.0001583,1549,1,1549,1549,1549,16,1,16,16,16
50,70,0.000160276,1,0.000160276,0.000160276,0.000160276,1581,1,1581,1581,1581,16,1,16,16,16
50,70,0.000159177,1,0.000159177,0.000159177,0.000159177,1542,1,1542,1542,1542,15,1,15,15,15
50,70,0.000159912,1,0.000159912,0.000159912,0.000159912,1597,1,1597,1597,1597,17,1,17,17,17
50,70,0.000158592,1,0.000158592,0.000158592,0.000158592,1605,1,1605,1605,1605,16,1,16,16,16
50,70,0.000158291,1,0.000158291,0.000158291,0.000158291,1566,1,1566,1566,1566,16,1,16,16,16
50,70,0.000159162,1,0.000159162,0.000159162,0.000159162,1609,1,1609,1609,1609,17,1,17,17,17
50,70,0.00017766,1,0.00017766,0.00017766,0.00017766,1606,1,1606,1606,1606,18,1,18,18,18
50,70,0.000157856,1,0.000157856,0.000157856,0.000157856,1605,1,1605,1605,1605,18,1,18,18,18
50,70,0.000157674,1,0.000157674,0.000157674,0.000157674,1572,1,1572,1572,1572,16,1,16,16,16
50,70,0.000160124,1,0.000160124,0.000160124,0.000160124,1606,1,1606,1606,1606,18,1,18,18,18
50,70,0.000162018,1,0.000162018,0.000162018,0.000162018,1603,1,1603,1603,1603,17,1,17,17,17
50,70,0.000159784,1,0.000159784,0.000159784,0.000159784,1586,1,1586,1586,1586,16,1,16,16,16
50,70,0.000159467,1,0.000159467,0.000159467,0.000159467,1598,1,1598,1598,1598,17,1,17,17,17
50,70,0.000164977,1,0.000164977,0.000164977,0.000164977,1590,1,1590,1590,1590,16,1,16,16,16
50,70,0.000158529,1,0.000158529,0.000158529,0.000158529,1561,1,1561,1561,1561,16,1,16,16,16
50,70,0.000157597,1,0.000157597,0.000157597,0.000157597,1592,1,1592,1592,1592,16,1,16,16,16
50,70,0.000158871,1,0.000158871,0.000158871,0.000158871,1557,1,1557,1557,1557,16,1,16,16,16
50,70,0.000157255,1,0.000157255,0.000157255,0.000157255,1562,1,1562,1562,1562,16,1,16,16,16
50,70,0.000172621,1,0.000172621,0.000172621,0.000172621,1587,1,1587,1587,1587,16,1,16,16,16
50,70,0.000158135,1,0.000158135,0.000158135,0.000158135,1587,1,1587,1587,1587,16,1,16,16,16
50,70,0.000156738,1,0.000156738,0.000156738,0.000156738,1571,1,1571,1571,1571,17,1,17,17,17
50,70,0.000157437,1,0.000157437,0.000157437,0.000157437,1564,1,1564,1564,1564,16,1,16,16,16
50,70,0.000159014,1,0.000159014,0.000159014,0.000159014,1614,1,1614,1614,1614,17,1,17,17,17
50,70,0.00015706,1,0.00015706,0.00015706,0.00015706,1580,1,1580,1580,1580,16,1,16,16,16
50,70,0.000159685,1,0.000159685,0.000159685,0.000159685,1604,1,1604,1604,1604,16,1,16,16,16
50,70,0.000167308,1,0.000167308,0.000167308,0.000167308,1623,1,1623,1623,1623,18,1,18,18,18
50,70,0.000157054,1,0.000157054,0.000157054,0.000157054,1573,1,1573,1573,1573,17,1,17,17,17
50,70,0.000158404,1,0.000158404,0.000158404,0.000158404,1596,1,1596,1596,1596,18,1,18,18,18
50,70,0.000157644,1,0.000157644,0.000157644,0.000157644,1602,1,1602,1602,1602,18,1,18,18,18
50,70,0.000159133,1,0.000159133,0.000159133,0.000159133,1602,1,1602,1602,1602,17,1,17,17,17
50,70,0.000173092,1,0.000173092,0.000173092,0.000173092,1613,1,1613,1613,1613,18,1,18,18,18
50,70,0.000160783,1,0.000160783,0.000160783,0.000160783,1586,1,1586,1586,1586,16,1,16,16,16
50,70,0.000165418,1,0.000165418,0.000165418,0.000165418,1605,1,1605,1605,1605,17,1,17,17,17
50,70,0.000157777,1,0.000157777,0.000157777,0.000157777,1580,1,1580,1580,1580,17,1,17,17,17
50,70,0.000157853,1,0.000157853,0.000157853,0.000157853,1575,1,1575,1575,1575,16,1,16,16,16
50,70,0.000157645,1,0.000157645,0.000157645,0.000157645,1553,1,1553,1553,1553,16,1,16,16,16
50,70,0.000157095,1,0.000157095,0.000157095,0.000157095,1543,1,1543,1543,1543,15,1,15,15,15
50,70,0.000161268,1,0.000161268,0.000161268,0.000161268,1620,1,1620,1620,1620,17,1,17,17,17
50,70,0.000157079,1,0.000157079,0.000157079,0.000157079,1568,1,1568,1568,1568,15,1,15,15,15
50,70,0.000159227,1,0.000159227,0.000159227,0.000159227,1621,1,1621,1621,1621,17,1,17,17,17
50,70,0.00015703,1,0.00015703,0.00015703,0.00015703,1542,1,1542,1542,1542,14,1,14,14,14
50,70,0.000158811,1,0.000158811,0.000158811,0.000158811,1578,1,1578,1578,1578,16,1,16,16,16
50,70,0.000158761,1,0.000158761,0.000158761,0.000158761,1618,1,1618,1618,1618,18,1,18,18,18
50,70,0.000158555,1,0.000158555,0.000158555,0.000158555,1595,1,1595,1595,1595,17,1,17,17,17
50,70,0.000160799,1,0.000160799,0.000160799,0.000160799,1609,1,1609,1609,1609,19,1,19,19,19
50,70,0.000159914,1,0.000159914,0.000159914,0.000159914,1578,1,1578,1578,1578,16,1,16,16,16
50,70,0.000157901,1,0.000157901,0.000157901,0.000157901,1583,1,1583,1583,1583,17,1,17,17,17
50,70,0.000158507,1,0.000158507,0.000158507,0.000158507,1608,1,1608,1608,1608,17,1,17,17,17
50,70,0.00016099,1,0.00016099,0.00016099,0.00016099,1613,1,1613,1613,1613,17,1,17,17,17
50,70,0.000160553,1,0.000160553,0.000160553,0.000160553,1635,1,1635,1635,1635,19,1,19,19,19
50,70,0.000157914,1,0.000157914,0.000157914,0.000157914,1571,1,1571,1571,1571,16,1,16,16,16
50,70,0.000164209,1,0.000164209,0.000164209,0.000164209,1570,1,1570,1570,1570,16,1,16,16,16
50,70,0.000158663,1,0.000158663,0.000158663,0.000158663,1587,1,1587,1587,1587,18,1,18,18,18
50,70,0.000160187,1,0.000160187,0.000160187,0.000160187,1596,1,1596,1596,1596,17,1,17,17,17
50,70,0.000157416,1,0.000157416,0.000157416,0.000157416,1582,1,1582,1582,1582,16,1,16,16,16
50,70,0.000157553,1,0.000157553,0.000157553,0.000157553,1631,1,1631,1631,1631,19,1,19,19,19
50,70,0.000157837,1,0.000157837,0.000157837,0.000157837,1608,1,1608,1608,1608,18,1,18,18,18
50,70,0.000157853,1,0.000157853,0.000157853,0.000157853,1616,1,1616,1616,1616,17,1,17,17,17
50,70,0.000186281,1,0.000186281,0.000186281,0.000186281,1582,1,1582,1582,1582,17,1,17,17,17
50,70,0.000158125,1,0.000158125,0.000158125,0.000158125,1591,1,1591,1591,1591,16,1,16,16,16
50,70,0.000159217,1,0.000159217,0.000159217,0.000159217,1600,1,1600,1600,1600,17,1,17,17,17
50,70,0.00015824,1,0.00015824,0.00015824,0.00015824,1586,1,1586,1586,1586,16,1,16,16,16
50,70,0.000161024,1,0.000161024,0.000161024,0.000161024,1605,1,1605,1605,1605,17,1,17,17,17
50,70,0.000160172,1,0.000160172,0.000160172,0.000160172,1630,1,1630,1630,1630,17,1,17,17,17
50,70,0.000157597,1,0.000157597,0.000157597,0.000157597,1582,1,1582,1582,1582,16,1,16,16,16
50,70,0.000158464,1,0.000158464,0.000158464,0.000158464,1600,1,1600,1600,1600,17,1,17,17,17
50,70,0.000157869,1,0.000157869,0.000157869,0.000157869,1569,1,1569,1569,1569,16,1,16,16,16
50,70,0.000158839,1,0.000158839,0.000158839,0.000158839,1595,1,1595,1595,1595,16,1,16,16,16
50,70,0.000157161,1,0.000157161,0.000157161,0.000157161,1562,1,1562,1562,1562,16,1,16,16,16
50,70,0.000159269,1,0.000159269,0.000159269,0.000159269,1591,1,1591,1591,1591,17,1,17,17,17
50,70,0.000158838,1,0.000158838,0.000158838,0.000158838,1641,1,1641,1641,1641,18,1,18,18,18
50,70,0.000157005,1,0.000157005,0.000157005,0.000157005,1553,1,1553,1553,1553,16,1,16,16,16
50,70,0.000157333,1,0.000157333,0.000157333,0.000157333,1550,1,1550,1550,1550,17,1,17,17,17
50,70,0.000158002,1,0.000158002,0.000158002,0.000158002,1585,1,1585,1585,1585,16,1,16,16,16
50,70,0.000158825,1,0.000158825,0.000158825,0.000158825,1604,1,1604,1604,1604,17,1,17,17,17
50,70,0.000158188,1,0.000158188,0.000158188,0.000158188,1600,1,1600,1600,1600,17,1,17,17,17
50,70,0.000157433,1,0.000157433,0.000157433,0.000157433,1586,1,1586,1586,1586,16,1,16,16,16
50,70,0.000157427,1,0.000157427,0.000157427,0.000157427,1576,1,1576,1576,1576,16,1,16,16,16
50,70,0.000160193,1,0.000160193,0.000160193,0.000160193,1596,1,1596,1596,1596,16,1,16,16,16
50,70,0.000157133,1,0.000157133,0.000157133,0.000157133,1572,1,1572,1572,1572,17,1,17,17,17
50,70,0.000179429,1,0.000179429,0.000179429,0.000179429,1645,1,1645,1645,1645,18,1,18,18,18
50,70,0.000156963,1,0.000156963,0.000156963,0.000156963,1596,1,1596,1596,1596,17,1,17,17,17
50,70,0.000157105,1,0.000157105,0.000157105,0.000157105,1598,1,1598,1598,1598,16,1,16,16,16
50,70,0.000158417,1,0.000158417,0.000158417,0.000158417,1598,1,1598,1598,1598,16,1,16,16,16
50,70,0.000159253,1,0.000159253,0.000159253,0.000159253,1617,1,1617,1617,1617,17,1,17,17,17
50,70,0.000159651,1,0.000159651,0.000159651,0.000159651,1585,1,1585,1585,1585,16,1,16,16,16
50,70,0.00016022,1,0.00016022,0.00016022,0.00016022,1611,1,1611,1611,1611,17,1,17,17,17
50,70,0.000155601,1,0.000155601,0.000155601,0.000155601,1573,1,1573,1573,1573,16,1,16,16,16
50,70,0.00015825,1,0.00015825,0.00015825,0.00015825,1581,1,1581,1581,1581,16,1,16,16,16
50,70,0.00016436,1,0.00016436,0.00016436,0.00016436,1550,1,1550,1550,1550,15,1,15,15,15
50,70,0.000157523,1,0.000157523,0.000157523,0.000157523,1564,1,1564,1564,1564,17,1,17,17,17
50,70,0.000156017,1,0.000156017,0.000156017,0.000156017,1530,1,1530,1530,1530,15,1,15,15,15
50,70,0.000160146,1,0.000160146,0.000160146,0.000160146,1611,1,1611,1611,1611,17,1,17,17,17
50,70,0.000159276,1,0.000159276,0.000159276,0.000159276,1580,1,1580,1580,1580,16,1,16,16,16
50,70,0.00015851,1,0.00015851,0.00015851,0.00015851,1596,1,1596,1596,1596,18,1,18,18,18
50,70,0.000157399,1,0.000157399,0.000157399,0.000157399,1580,1,1580,1580,1580,17,1,17,17,17
50,70,0.000179165,1,0.000179165,0.000179165,0.000179165,1566,1,1566,1566,1566,17,1,17,17,17
50,70,0.000157579,1,0.000157579,0.000157579,0.000157579,1623,1,1623,1623,1623,18,1,18,18,18
50,70,0.000159354,1,0.000159354,0.000159354,0.000159354,1570,1,1570,1570,1570,17,1,17,17,17
50,70,0.000156434,1,0.000156434,0.000156434,0.000156434,1628,1,1628,1628,1628,18,1,18,18,18
50,70,0.00015787,1,0.00015787,0.00015787,0.00015787,1568,1,1568,1568,1568,16,1,16,16,16
50,70,0.000159074,1,0.000159074,0.000159074,0.000159074,1571,1,1571,1571,1571,16,1,16,16,16
50,70,0.00015901,1,0.00015901,0.00015901,0.00015901,1593,1,1593,1593,1593,16,1,16,16,16
50,70,0.000159711,1,0.000159711,0.000159711,0.000159711,1577,1,1577,1577,1577,16,1,16,16,16
50,70,0.000157671,1,0.000157671,0.000157671,0.000157671,1580,1,1580,1580,1580,17,1,17,17,17
50,70,0.000156724,1,0.000156724,0.000156724,0.000156724,1589,1,1589,1589,1589,16,1,16,16,16
50,70,0.000158026,1,0.000158026,0.000158026,0.000158026,1551,1,1551,1551,1551,16,1,16,16,16
50,70,0.000158021,1,0.000158021,0.000158021,0.000158021,1606,1,1606,1606,1606,17,1,17,17,17
50,70,0.000164752,1,0.000164752,0.000164752,0.000164752,1590,1,1590,1590,1590,17,1,17,17,17
50,70,0.000159648,1,0.000159648,0.000159648,0.000159648,1576,1,1576,1576,1576,16,1,16,16,16
50,70,0.000189044,1,0.000189044,0.000189044,0.000189044,1612,1,1612,1612,1612,18,1,18,18,18
50,70,0.00016054,1,0.00016054,0.00016054,0.00016054,1578,1,1578,1578,1578,17,1,17,17,17
50,70,0.000157527,1,0.000157527,0.000157527,0.000157527,1596,1,1596,1596,1596,16,1,16,16,16
50,70,0.000160741,1,0.000160741,0.000160741,0.000160741,1615,1,1615,1615,1615,17,1,17,17,17
50,70,0.000160175,1,0.000160175,0.000160175,0.000160175,1568,1,1568,1568,1568,16,1,16,16,16
50,70,0.000161091,1,0.000161091,0.000161091,0.000161091,1632,1,1632,1632,1632,18,1,18,18,18
50,70,0.000159142,1,0.000159142,0.000159142,0.000159142,1609,1,1609,1609,1609,18,1,18,18,18
50,70,0.00017663,1,0.00017663,0.00017663,0.00017663,1604,1,1604,1604,1604,17,1,17,17,17
50,70,0.000160422,1,0.000160422,0.000160422,0.000160422,1615,1,1615,1615,1615,17,1,17,17,17
50,70,0.000156989,1,0.000156989,0.000156989,0.000156989,1575,1,1575,1575,1575,16,1,16,16,16
50,70,0.000158568,1,0.000158568,0.000158568,0.000158568,1597,1,1597,1597,1597,16,1,16,16,16
50,70,0.000159997,1,0.000159997,0.000159997,0.000159997,1610,1,1610,1610,1610,17,1,17,17,17
50,70,0.000179609,1,0.000179609,0.000179609,0.000179609,1624,1,1624,1624,1624,17,1,17,17,17
50,70,0.000162667,1,0.000162667,0.000162667,0.000162667,1556,1,1556,1556,1556,15,1,15,15,15
50,70,0.00015962,1,0.00015962,0.00015962,0.00015962,1647,1,1647,1647,1647,18,1,18,18,18
50,70,0.000157012,1,0.000157012,0.000157012,0.000157012,1586,1,1586,1586,1586,16,1,16,16,16
50,70,0.000201293,1,0.000201293,0.000201293,0.000201293,1637,1,1637,1637,1637,19,1,19,19,19
50,70,0.00015759,1,0.00015759,0.00015759,0.00015759,1581,1,1581,1581,1581,16,1,16,16,16
50,70,0.000159375,1,0.000159375,0.000159375,0.000159375,1619,1,1619,1619,1619,17,1,17,17,17
50,70,0.000159637,1,0.000159637,0.000159637,0.000159637,1590,1,1590,1590,1590,16,1,16,16,16
50,70,0.00017819,1,0.00017819,0.00017819,0.00017819,1603,1,1603,1603,1603,17,1,17,17,17
50,70,0.000156633,1,0.000156633,0.000156633,0.000156633,1562,1,1562,1562,1562,17,1,17,17,17
50,70,0.000158319,1,0.000158319,0.000158319,0.000158319,1622,1,1622,1622,1622,17,1,17,17,17
50,70,0.000155914,1,0.000155914,0.000155914,0.000155914,1545,1,1545,1545,1545,15,1,15,15,15
50,70,0.000158886,1,0.000158886,0.000158886,0.000158886,1548,1,1548,1548,1548,14,1,14,14,14
50,70,0.000159257,1,0.000159257,0.000159257,0.000159257,1608,1,1608,1608,1608,18,1,18,18,18
50,70,0.000159624,1,0.000159624,0.000159624,0.000159624,1624,1,1624,1624,1624,19,1,19,19,19
50,70,0.000159676,1,0.000159676,0.000159676,0.000159676,1589,1,1589,1589,1589,16,1,16,16,16
50,70,0.000158777,1,0.000158777,0.000158777,0.000158777,1607,1,1607,1607,1607,17,1,17,17,17
50,70,0.000157429,1,0.000157429,0.000157429,0.000157429,1575,1,1575,1575,1575,16,1,16,16,16
50,70,0.000157671,1,0.000157671,0.000157671,0.000157671,1546,1,1546,1546,1546,15,1,15,15,15
50,70,0.000159793,1,0.000159793,0.000159793,0.000159793,1556,1,1556,1556,1556,15,1,15,15,15
50,70,0.000186953,1,0.000186953,0.000186953,0.000186953,1620,1,1620,1620,1620,18,1,18,18,18
50,70,0.000159361,1,0.000159361,0.000159361,0.000159361,1595,1,1595,1595,1595,17,1,17,17,17
50,70,0.000159924,1,0.000159924,0.000159924,0.000159924,1607,1,1607,1607,1607,17,1,17,17,17
50,70,0.00016142,1,0.00016142,0.00016142,0.00016142,1605,1,1605,1605,1605,17,1,17,17,17
50,70,0.000158196,1,0.000158196,0.000158196,0.000158196,1605,1,1605,1605,1605,16,1,16,16,16
50,70,0.000158018,1,0.000158018,0.000158018,0.000158018,1573,1,1573,1573,1573,16,1,16,16,16
50,70,0.000158437,1,0.000158437,0.000158437,0.000158437,1574,1,1574,1574,1574,16,1,16,16,16
50,70,0.000177786,1,0.000177786,0.000177786,0.000177786,1592,1,1592,1592,1592,17,1,17,17,17
50,70,0.000157006,1,0.000157006,0.000157006,0.000157006,1597,1,1597,1597,1597,17,1,17,17,17
50,70,0.000157856,1,0.000157856,0.000157856,0.000157856,1539,1,1539,1539,1539,15,1,15,15,15
50,70,0.00015706,1,0.00015706,0.00015706,0.00015706,1583,1,1583,1583,1583,17,1,17,17,17
50,70,0.000159939,1,0.000159939,0.000159939,0.000159939,1589,1,1589,1589,1589,17,1,17,17,17
50,70,0.000158339,1,0.000158339,0.000158339,0.000158339,1623,1,1623,1623,1623,17,1,17,17,17
50,70,0.000158323,1,0.000158323,0.000158323,0.000158323,1617,1,1617,1617,1617,18,1,18,18,18
50,70,0.00015777,1,0.00015777,0.00015777,0.00015777,1604,1,1604,1604,1604,17,1,17,17,17
50,70,0.000158529,1,0.000158529,0.000158529,0.000158529,1555,1,1555,1555,1555,17,1,17,17,17
50,70,0.00015749,1,0.00015749,0.00015749,0.00015749,1575,1,1575,1575,1575,15,1,15,15,15
50,70,0.0001582,1,0.0001582,0.0001582,0.0001582,1605,1,1605,1605,1605,17,1,17,17,17
50,70,0.000157784,1,0.000157784,0.000157784,0.000157784,1581,1,1581,1581,1581,16,1,16,16,16
50,70,0.000163854,1,0.000163854,0.000163854,0.000163854,1592,1,1592,1592,1592,16,1,16,16,16
50,70,0.000157293,1,0.000157293,0.000157293,0.000157293,1562,1,1562,1562,1562,16,1,16,16,16
50,70,0.000158134,1,0.000158134,0.000158134,0.000158134,1601,1,1601,1601,1601,17,1,17,17,17
50,70,0.000156142,1,0.000156142,0.000156142,0.000156142,1561,1,1561,1561,1561,16,1,16,16,16
50,70,0.000160582,1,0.000160582,0.000160582,0.000160582,1619,1,1619,1619,1619,16,1,16,16,16
50,70,0.000173998,1,0.000173998,0.000173998,0.000173998,1581,1,1581,1581,1581,16,1,16,16,16
50,70,0.000160074,1,0.000160074,0.000160074,0.000160074,1592,1,1592,1592,1592,17,1,17,17,17
50,70,0.000158005,1,0.000158005,0.000158005,0.000158005,1566,1,1566,1566,1566,17,1,17,17,17
50,70,0.000159195,1,0.000159195,0.000159195,0.000159195,1553,1,1553,1553,1553,16,1,16,16,16
50,70,0.000157023,1,0.000157023,0.000157023,0.000157023,1582,1,1582,1582,1582,16,1,16,16,16
50,70,0.000160848,1,0.000160848,0.000160848,0.000160848,1594,1,1594,1594,1594,16,1,16,16,16
50,70,0.000159477,1,0.000159477,0.000159477,0.000159477,1619,1,1619,1619,1619,17,1,17,17,17
50,70,0.000167028,1,0.000167028,0.000167028,0.000167028,1592,1,1592,1592,1592,16,1,16,16,16
50,70,0.000160043,1,0.000160043,0.000160043,0.000160043,1651,1,1651,1651,1651,18,1,18,18,18
50,70,0.000158602,1,0.000158602,0.000158602,0.000158602,1567,1,1567,1567,1567,16,1,16,16,16
50,70,0.000177249,1,0.000177249,0.000177249,0.000177249,1602,1,1602,1602,1602,16,1,16,16,16
50,70,0.000160174,1,0.000160174,0.000160174,0.000160174,1630,1,1630,1630,1630,18,1,18,18,18
50,70,0.00015965,1,0.00015965,0.00015965,0.00015965,1621,1,1621,1621,1621,17,1,17,17,17
50,70,0.000158039,1,0.000158039,0.000158039,0.000158039,1614,1,1614,1614,1614,18,1,18,18,18
50,70,0.000167166,1,0.000167166,0.000167166,0.000167166,1591,1,1591,1591,1591,16,1,16,16,16
50,70,0.000177324,1,0.000177324,0.000177324,0.000177324,1595,1,1595,1595,1595,17,1,17,17,17
50,70,0.000160626,1,0.000160626,0.000160626,0.000160626,1615,1,1615,1615,1615,17,1,17,17,17
50,70,0.000161149,1,0.000161149,0.000161149,0.000161149,1604,1,1604,1604,1604,18,1,18,18,18
50,70,0.000157162,1,0.000157162,0.000157162,0.000157162,1594,1,1594,1594,1594,17,1,17,17,17
50,70,0.000157414,1,0.000157414,0.000157414,0.000157414,1570,1,1570,1570,1570,16,1,16,16,16
50,70,0.000156331,1,0.000156331,0.000156331,0.000156331,1548,1,1548,1548,1548,15,1,15,15,15
50,70,0.000156471,1,0.000156471,0.000156471,0.000156471,1581,1,1581,1581,1581,16,1,16,16,16
50,70,0.000157625,1,0.000157625,0.000157625,0.000157625,1597,1,1597,1597,1597,17,1,17,17,17
50,70,0.00015897,1,0.00015897,0.00015897,0.00015897,1598,1,1598,1598,1598,17,1,17,17,17
50,70,0.000178242,1,0.000178242,0.000178242,0.000178242,1616,1,1616,1616,1616,18,1,18,18,18
50,70,0.000157594,1,0.000157594,0.000157594,0.000157594,1546,1,1546,1546,1546,15,1,15,15,15
50,70,0.000160027,1,0.000160027,0.000160027,0.000160027,1634,1,1634,1634,1634,18,1,18,18,18
50,70,0.000160042,1,0.000160042,0.000160042,0.000160042,1577,1,1577,1577,1577,15,1,15,15,15
50,70,0.000159014,1,0.000159014,0.000159014,0.000159014,1597,1,1597,1597,1597,17,1,17,17,17
50,70,0.000158119,1,0.000158119,0.000158119,0.000158119,1563,1,1563,1563,1563,17,1,17,17,17
50,70,0.000158754,1,0.000158754,0.000158754,0.000158754,1595,1,1595,1595,1595,17,1,17,17,17
50,70,0.000188626,1,0.000188626,0.000188626,0.000188626,1611,1,1611,1611,1611,17,1,17,17,17
50,70,0.000158619,1,0.000158619,0.000158619,0.000158619,1633,1,1633,1633,1633,18,1,18,18,18
50,70,0.000158563,1,0.000158563,0.000158563,0.000158563,1580,1,1580,1580,1580,16,1,16,16,16
50,70,0.000157816,1,0.000157816,0.000157816,0.000157816,1557,1,1557,1557,1557,16,1,16,16,16
50,70,0.000157522,1,0.000157522,0.000157522,0.000157522,1602,1,1602,1602,1602,17,1,17,17,17
