n,p,m_total,m_count,m_mean,m_min,m_max,time_total,time_count,time_mean,time_min,time_max,calls_total,calls_count,calls_mean,calls_min,calls_max,depth_total,depth_count,depth_mean,depth_min,depth_max,cliques_total,cliques_count,cliques_mean,cliques_min,cliques_max
18,10,14,1,14,14,14,6.7203e-05,1,6.7203e-05,6.7203e-05,6.7203e-05,19,1,19,19,19,4,1,4,4,4,0,1,0,0,0
18,10,14,1,14,14,14,5.8379e-05,1,5.8379e-05,5.8379e-05,5.8379e-05,22,1,22,22,22,4,1,4,4,4,0,1,0,0,0
18,10,17,1,17,17,17,5.4237e-05,1,5.4237e-05,5.4237e-05,5.4237e-05,19,1,19,19,19,4,1,4,4,4,0,1,0,0,0
18,10,15,1,15,15,15,5.8356e-05,1,5.8356e-05,5.8356e-05,5.8356e-05,24,1,24,24,24,3,1,3,3,3,0,1,0,0,0
18,10,19,1,19,19,19,5.7001e-05,1,5.7001e-05,5.7001e-05,5.7001e-05,21,1,21,21,21,4,1,4,4,4,0,1,0,0,0
18,10,14,1,14,14,14,5.4077e-05,1,5.4077e-05,5.4077e-05,5.4077e-05,19,1,19,19,19,4,1,4,4,4,0,1,0,0,0
18,10,17,1,17,17,17,5.8152e-05,1,5.8152e-05,5.8152e-05,5.8152e-05,23,1,23,23,23,4,1,4,4,4,0,1,0,0,0
18,10,19,1,19,19,19,6.255e-05,1,6.255e-05,6.255e-05,6.255e-05,28,1,28,28,28,3,1,3,3,3,0,1,0,0,0
18,10,15,1,15,15,15,5.6964e-05,1,5.6964e-05,5.6964e-05,5.6964e-05,22,1,22,22,22,4,1,4,4,4,0,1,0,0,0
18,10,17,1,17,17,17,6.3211e-05,1,6.3211e-05,6.3211e-05,6.3211e-05,28,1,28,28,28,4,1,4,4,4,0,1,0,0,0
18,10,20,1,20,20,20,6.5969e-05,1,6.5969e-05,6.5969e-05,6.5969e-05,32,1,32,32,32,3,1,3,3,3,0,1,0,0,0
18,10,15,1,15,15,15,5.6536e-05,1,5.6536e-05,5.6536e-05,5.6536e-05,22,1,22,22,22,4,1,4,4,4,0,1,0,0,0
18,10,17,1,17,17,17,5.9077e-05,1,5.9077e-05,5.9077e-05,5.9077e-05,23,1,23,23,23,4,1,4,4,4,0,1,0,0,0
18,10,11,1,11,11,11,5.3088e-05,1,5.3088e-05,5.3088e-05,5.3088e-05,19,1,19,19,19,4,1,4,4,4,0,1,0,0,0
18,10,15,1,15,15,15,6.0511e-05,1,6.0511e-05,6.0511e-05,6.0511e-05,26,1,26,26,26,3,1,3,3,3,0,1,0,0,0
18,10,12,1,12,12,12,5.329e-05,1,5.329e-05,5.329e-05,5.329e-05,19,1,19,19,19,4,1,4,4,4,0,1,0,0,0
18,10,10,1,10,10,10,5.4497e-05,1,5.4497e-05,5.4497e-05,5.4497e-05,21,1,21,21,21,3,1,3,3,3,0,1,0,0,0
18,10,15,1,15,15,15,5.6877e-05,1,5.6877e-05,5.6877e-05,5.6877e-05,22,1,22,22,22,4,1,4,4,4,0,1,0,0,0
18,10,15,1,15,15,15,6.027e-05,1,6.027e-05,6.027e-05,6.027e-05,27,1,27,27,27,3,1,3,3,3,0,1,0,0,0
18,10,13,1,13,13,13,5.2364e-05,1,5.2364e-05,5.2364e-05,5.2364e-05,19,1,19,19,19,4,1,4,4,4,0,1,0,0,0
18,10,15,1,15,15,15,5.8346e-05,1,5.8346e-05,5.8346e-05,5.8346e-05,25,1,25,25,25,3,1,3,3,3,0,1,0,0,0
18,10,17,1,17,17,17,5.451e-05,1,5.451e-05,5.451e-05,5.451e-05,19,1,19,19,19,4,1,4,4,4,0,1,0,0,0
18,10,14,1,14,14,14,5.2664e-05,1,5.2664e-05,5.2664e-05,5.2664e-05,19,1,19,19,19,4,1,4,4,4,0,1,0,0,0
18,10,20,1,20,20,20,5.7858e-05,1,5.7858e-05,5.7858e-05,5.7858e-05,22,1,22,22,22,4,1,4,4,4,0,1,0,0,0
18,10,18,1,18,18,18,6.1573e-05,1,6.1573e-05,6.1573e-05,6.1573e-05,28,1,28,28,28,3,1,3,3,3,0,1,0,0,0
18,10,16,1,16,16,16,6.0458e-05,1,6.0458e-05,6.0458e-05,6.0458e-05,28,1,28,28,28,3,1,3,3,3,0,1,0,0,0
18,10,7,1,7,7,7,5.1311e-05,1,5.1311e-05,5.1311e-05,5.1311e-05,19,1,19,19,19,3,1,3,3,3,0,1,0,0,0
18,10,19,1,19,19,19,5.9898e-05,1,5.9898e-05,5.9898e-05,5.9898e-05,23,1,23,23,23,4,1,4,4,4,0,1,0,0,0
18,10,8,1,8,8,8,8.4559e-05,1,8.4559e-05,8.4559e-05,8.4559e-05,19,1,19,19,19,3,1,3,3,3,0,1,0,0,0
18,10,16,1,16,16,16,5.9695e-05,1,5.9695e-05,5.9695e-05,5.9695e-05,24,1,24,24,24,4,1,4,4,4,0,1,0,0,0
18,10,15,1,15,15,15,5.8913e-05,1,5.8913e-05,5.8913e-05,5.8913e-05,26,1,26,26,26,3,1,3,3,3,0,1,0,0,0
18,10,13,1,13,13,13,5.6475e-05,1,5.6475e-05,5.6475e-05,5.6475e-05,23,1,23,23,23,3,1,3,3,3,0,1,0,0,0
18,10,19,1,19,19,19,5.8091e-05,1,5.8091e-05,5.8091e-05,5.8091e-05,22,1,22,22,22,4,1,4,4,4,0,1,0,0,0
18,10,12,1,12,12,12,5.6179e-05,1,5.6179e-05,5.6179e-05,5.6179e-05,23,1,23,23,23,3,1,3,3,3,0,1,0,0,0
18,10,22,1,22,22,22,6.0708e-05,1,6.0708e-05,6.0708e-05,6.0708e-05,25,1,25,25,25,4,1,4,4,4,0,1,0,0,0
18,10,14,1,14,14,14,5.7954e-05,1,5.7954e-05,5.7954e-05,5.7954e-05,25,1,25,25,25,3,1,3,3,3,0,1,0,0,0
18,10,9,1,9,9,9,5.4891e-05,1,5.4891e-05,5.4891e-05,5.4891e-05,23,1,23,23,23,3,1,3,3,3,0,1,0,0,0
18,10,21,1,21,21,21,5.9595e-05,1,5.9595e-05,5.9595e-05,5.9595e-05,23,1,23,23,23,4,1,4,4,4,0,1,0,0,0
18,10,16,1,16,16,16,5.9981e-05,1,5.9981e-05,5.9981e-05,5.9981e-05,24,1,24,24,24,4,1,4,4,4,0,1,0,0,0
18,10,19,1,19,19,19,5.5844e-05,1,5.5844e-05,5.5844e-05,5.5844e-05,19,1,19,19,19,4,1,4,4,4,0,1,0,0,0
18,10,14,1,14,14,14,5.7275e-05,1,5.7275e-05,5.7275e-05,5.7275e-05,24,1,24,24,24,3,1,3,3,3,0,1,0,0,0
18,10,15,1,15,15,15,5.8038e-05,1,5.8038e-05,5.8038e-05,5.8038e-05,24,1,24,24,24,3,1,3,3,3,0,1,0,0,0
18,10,20,1,20,20,20,6.3095e-05,1,6.3095e-05,6.3095e-05,6.3095e-05,30,1,30,30,30,3,1,3,3,3,0,1,0,0,0
18,10,19,1,19,19,19,6.467e-05,1,6.467e-05,6.467e-05,6.467e-05,28,1,28,28,28,4,1,4,4,4,0,1,0,0,0
18,10,18,1,18,18,18,5.9966e-05,1,5.9966e-05,5.9966e-05,5.9966e-05,25,1,25,25,25,4,1,4,4,4,0,1,0,0,0
18,10,16,1,16,16,16,6.1414e-05,1,6.1414e-05,6.1414e-05,6.1414e-05,27,1,27,27,27,3,1,3,3,3,0,1,0,0,0
18,10,19,1,19,19,19,5.8299e-05,1,5.8299e-05,5.8299e-05,5.8299e-05,23,1,23,23,23,4,1,4,4,4,0,1,0,0,0
18,10,13,1,13,13,13,5.7626e-05,1,5.7626e-05,5.7626e-05,5.7626e-05,24,1,24,24,24,3,1,3,3,3,0,1,0,0,0
18,10,26,1,26,26,26,6.036e-05,1,6.036e-05,6.036e-05,6.036e-05,24,1,24,24,24,4,1,4,4,4,0,1,0,0,0
18,10,11,1,11,11,11,5.4577e-05,1,5.4577e-05,5.4577e-05,5.4577e-05,21,1,21,21,21,3,1,3,3,3,0,1,0,0,0
18,10,16,1,16,16,16,5.9751e-05,1,5.9751e-05,5.9751e-05,5.9751e-05,25,1,25,25,25,4,1,4,4,4,0,1,0,0,0
18,10,19,1,19,19,19,5.6182e-05,1,5.6182e-05,5.6182e-05,5.6182e-05,19,1,19,19,19,4,1,4,4,4,0,1,0,0,0
18,10,15,1,15,15,15,5.4164e-05,1,5.4164e-05,5.4164e-05,5.4164e-05,19,1,19,19,19,4,1,4,4,4,0,1,0,0,0
18,10,15,1,15,15,15,5.4031e-05,1,5.4031e-05,5.4031e-05,5.4031e-05,19,1,19,19,19,4,1,4,4,4,0,1,0,0,0
18,10,13,1,13,13,13,5.5788e-05,1,5.5788e-05,5.5788e-05,5.5788e-05,22,1,22,22,22,4,1,4,4,4,0,1,0,0,0
18,10,14,1,14,14,14,5.7081e-05,1,5.7081e-05,5.7081e-05,5.7081e-05,25,1,25,25,25,3,1,3,3,3,0,1,0,0,0
18,10,17,1,17,17,17,5.5361e-05,1,5.5361e-05,5.5361e-05,5.5361e-05,19,1,19,19,19,4,1,4,4,4,0,1,0,0,0
18,10,19,1,19,19,19,5.7466e-05,1,5.7466e-05,5.7466e-05,5.7466e-05,22,1,22,22,22,4,1,4,4,4,0,1,0,0,0
18,10,19,1,19,19,19,5.9363e-05,1,5.9363e-05,5.9363e-05,5.9363e-05,25,1,25,25,25,4,1,4,4,4,0,1,0,0,0
18,10,12,1,12,12,12,5.5071e-05,1,5.5071e-05,5.5071e-05,5.5071e-05,21,1,21,21,21,4,1,4,4,4,0,1,0,0,0
18,10,17,1,17,17,17,5.6903e-05,1,5.6903e-05,5.6903e-05,5.6903e-05,22,1,22,22,22,4,1,4,4,4,0,1,0,0,0
18,10,14,1,14,14,14,5.2522e-05,1,5.2522e-05,5.2522e-05,5.2522e-05,19,1,19,19,19,4,1,4,4,4,0,1,0,0,0
18,10,21,1,21,21,21,6.1781e-05,1,6.1781e-05,6.1781e-05,6.1781e-05,24,1,24,24,24,4,1,4,4,4,0,1,0,0,0
18,10,20,1,20,20,20,6.0122e-05,1,6.0122e-05,6.0122e-05,6.0122e-05,25,1,25,25,25,4,1,4,4,4,0,1,0,0,0
18,10,19,1,19,19,19,5.5444e-05,1,5.5444e-05,5.5444e-05,5.5444e-05,19,1,19,19,19,4,1,4,4,4,0,1,0,0,0
18,10,22,1,22,22,22,5.8577e-05,1,5.8577e-05,5.8577e-05,5.8577e-05,22,1,22,22,22,4,1,4,4,4,0,1,0,0,0
18,10,10,1,10,10,10,5.3674e-05,1,5.3674e-05,5.3674e-05,5.3674e-05,19,1,19,19,19,3,1,3,3,3,0,1,0,0,0
18,10,13,1,13,13,13,5.7949e-05,1,5.7949e-05,5.7949e-05,5.7949e-05,25,1,25,25,25,4,1,4,4,4,0,1,0,0,0
18,10,14,1,14,14,14,5.666e-05,1,5.666e-05,5.666e-05,5.666e-05,23,1,23,23,23,4,1,4,4,4,0,1,0,0,0
18,10,13,1,13,13,13,5.7818e-05,1,5.7818e-05,5.7818e-05,5.7818e-05,27,1,27,27,27,3,1,3,3,3,0,1,0,0,0
18,10,14,1,14,14,14,5.3163e-05,1,5.3163e-05,5.3163e-05,5.3163e-05,19,1,19,19,19,4,1,4,4,4,0,1,0,0,0
18,10,15,1,15,15,15,5.9936e-05,1,5.9936e-05,5.9936e-05,5.9936e-05,25,1,25,25,25,4,1,4,4,4,0,1,0,0,0
18,10,14,1,14,14,14,6.068e-05,1,6.068e-05,6.068e-05,6.068e-05,28,1,28,28,28,3,1,3,3,3,0,1,0,0,0
18,10,18,1,18,18,18,5.7098e-05,1,5.7098e-05,5.7098e-05,5.7098e-05,22,1,22,22,22,4,1,4,4,4,0,1,0,0,0
18,10,19,1,19,19,19,5.801e-05,1,5.801e-05,5.801e-05,5.801e-05,22,1,22,22,22,4,1,4,4,4,0,1,0,0,0
18,10,21,1,21,21,21,5.7065e-05,1,5.7065e-05,5.7065e-05,5.7065e-05,19,1,19,19,19,4,1,4,4,4,0,1,0,0,0
18,10,15,1,15,15,15,5.3861e-05,1,5.3861e-05,5.3861e-05,5.3861e-05,19,1,19,19,19,4,1,4,4,4,0,1,0,0,0
18,10,17,1,17,17,17,5.4709e-05,1,5.4709e-05,5.4709e-05,5.4709e-05,19,1,19,19,19,4,1,4,4,4,0,1,0,0,0
18,10,11,1,11,11,11,5.2809e-05,1,5.2809e-05,5.2809e-05,5.2809e-05,19,1,19,19,19,4,1,4,4,4,0,1,0,0,0
18,10,14,1,14,14,14,5.4404e-05,1,5.4404e-05,5.4404e-05,5.4404e-05,19,1,19,19,19,4,1,4,4,4,0,1,0,0,0
18,10,14,1,14,14,14,5.7715e-05,1,5.7715e-05,5.7715e-05,5.7715e-05,25,1,25,25,25,3,1,3,3,3,0,1,0,0,0
18,10,22,1,22,22,22,5.5956e-05,1,5.5956e-05,5.5956e-05,5.5956e-05,19,1,19,19,19,4,1,4,4,4,0,1,0,0,0
18,10,11,1,11,11,11,5.5549e-05,1,5.5549e-05,5.5549e-05,5.5549e-05,23,1,23,23,23,3,1,3,3,3,0,1,0,0,0
18,10,16,1,16,16,16,5.6749e-05,1,5.6749e-05,5.6749e-05,5.6749e-05,22,1,22,22,22,4,1,4,4,4,0,1,0,0,0
18,10,23,1,23,23,23,6.047e-05,1,6.047e-05,6.047e-05,6.047e-05,21,1,21,21,21,4,1,4,4,4,0,1,0,0,0
18,10,9,1,9,9,9,5.548e-05,1,5.548e-05,5.548e-05,5.548e-05,23,1,23,23,23,3,1,3,3,3,0,1,0,0,0
18,10,17,1,17,17,17,6.1257e-05,1,6.1257e-05,6.1257e-05,6.1257e-05,28,1,28,28,28,3,1,3,3,3,0,1,0,0,0
18,10,19,1,19,19,19,5.8682e-05,1,5.8682e-05,5.8682e-05,5.8682e-05,23,1,23,23,23,4,1,4,4,4,0,1,0,0,0
18,10,13,1,13,13,13,5.38e-05,1,5.38e-05,5.38e-05,5.38e-05,19,1,19,19,19,4,1,4,4,4,0,1,0,0,0
18,10,20,1,20,20,20,6.0265e-05,1,6.0265e-05,6.0265e-05,6.0265e-05,23,1,23,23,23,4,1,4,4,4,0,1,0,0,0
18,10,10,1,10,10,10,5.3876e-05,1,5.3876e-05,5.3876e-05,5.3876e-05,19,1,19,19,19,4,1,4,4,4,0,1,0,0,0
18,10,21,1,21,21,21,5.989e-05,1,5.989e-05,5.989e-05,5.989e-05,22,1,22,22,22,4,1,4,4,4,0,1,0,0,0
18,10,21,1,21,21,21,6.6472e-05,1,6.6472e-05,6.6472e-05,6.6472e-05,28,1,28,28,28,4,1,4,4,4,0,1,0,0,0
18,10,22,1,22,22,22,5.6221e-05,1,5.6221e-05,5.6221e-05,5.6221e-05,19,1,19,19,19,4,1,4,4,4,0,1,0,0,0
18,10,16,1,16,16,16,6.0533e-05,1,6.0533e-05,6.0533e-05,6.0533e-05,27,1,27,27,27,3,1,3,3,3,0,1,0,0,0
18,10,13,1,13,13,13,5.7553e-05,1,5.7553e-05,5.7553e-05,5.7553e-05,25,1,25,25,25,3,1,3,3,3,0,1,0,0,0
18,10,21,1,21,21,21,5.8916e-05,1,5.8916e-05,5.8916e-05,5.8916e-05,22,1,22,22,22,4,1,4,4,4,0,1,0,0,0
18,10,11,1,11,11,11,5.4206e-05,1,5.4206e-05,5.4206e-05,5.4206e-05,23,1,23,23,23,3,1,3,3,3,0,1,0,0,0
18,10,13,1,13,13,13,5.6183e-05,1,5.6183e-05,5.6183e-05,5.6183e-05,23,1,23,23,23,3,1,3,3,3,0,1,0,0,0
18,10,14,1,14,14,14,5.7266e-05,1,5.7266e-05,5.7266e-05,5.7266e-05,23,1,23,23,23,3,1,3,3,3,0,1,0,0,0
18,10,11,1,11,11,11,7.3615e-05,1,7.3615e-05,7.3615e-05,7.3615e-05,21,1,21,21,21,3,1,3,3,3,0,1,0,0,0
18,10,18,1,18,18,18,6.0459e-05,1,6.0459e-05,6.0459e-05,6.0459e-05,26,1,26,26,26,3,1,3,3,3,0,1,0,0,0
18,10,14,1,14,14,14,5.6973e-05,1,5.6973e-05,5.6973e-05,5.6973e-05,22,1,22,22,22,4,1,4,4,4,0,1,0,0,0
18,10,18,1,18,18,18,6.147e-05,1,6.147e-05,6.147e-05,6.147e-05,28,1,28,28,28,3,1,3,3,3,0,1,0,0,0
18,10,13,1,13,13,13,5.7559e-05,1,5.7559e-05,5.7559e-05,5.7559e-05,25,1,25,25,25,3,1,3,3,3,0,1,0,0,0
18,10,21,1,21,21,21,5.9923e-05,1,5.9923e-05,5.9923e-05,5.9923e-05,23,1,23,23,23,4,1,4,4,4,0,1,0,0,0
18,10,18,1,18,18,18,5.7182e-05,1,5.7182e-05,5.7182e-05,5.7182e-05,22,1,22,22,22,4,1,4,4,4,0,1,0,0,0
18,10,18,1,18,18,18,5.5217e-05,1,5.5217e-05,5.5217e-05,5.5217e-05,19,1,19,19,19,4,1,4,4,4,0,1,0,0,0
18,10,14,1,14,14,14,5.7031e-05,1,5.7031e-05,5.7031e-05,5.7031e-05,23,1,23,23,23,3,1,3,3,3,0,1,0,0,0
18,10,14,1,14,14,14,5.3876e-05,1,5.3876e-05,5.3876e-05,5.3876e-05,19,1,19,19,19,4,1,4,4,4,0,1,0,0,0
18,10,15,1,15,15,15,6.0498e-05,1,6.0498e-05,6.0498e-05,6.0498e-05,28,1,28,28,28,3,1,3,3,3,0,1,0,0,0
18,10,14,1,14,14,14,5.9442e-05,1,5.9442e-05,5.9442e-05,5.9442e-05,25,1,25,25,25,4,1,4,4,4,0,1,0,0,0
18,10,17,1,17,17,17,5.5116e-05,1,5.5116e-05,5.5116e-05,5.5116e-05,19,1,19,19,19,4,1,4,4,4,0,1,0,0,0
18,10,15,1,15,15,15,6.1835e-05,1,6.1835e-05,6.1835e-05,6.1835e-05,28,1,28,28,28,3,1,3,3,3,0,1,0,0,0
18,10,17,1,17,17,17,6.2375e-05,1,6.2375e-05,6.2375e-05,6.2375e-05,29,1,29,29,29,3,1,3,3,3,0,1,0,0,0
18,10,12,1,12,12,12,5.3435e-05,1,5.3435e-05,5.3435e-05,5.3435e-05,19,1,19,19,19,4,1,4,4,4,0,1,0,0,0
18,10,14,1,14,14,14,5.3405e-05,1,5.3405e-05,5.3405e-05,5.3405e-05,19,1,19,19,19,4,1,4,4,4,0,1,0,0,0
18,10,16,1,16,16,16,5.891e-05,1,5.891e-05,5.891e-05,5.891e-05,25,1,25,25,25,3,1,3,3,3,0,1,0,0,0
18,10,20,1,20,20,20,6.3593e-05,1,6.3593e-05,6.3593e-05,6.3593e-05,30,1,30,30,30,3,1,3,3,3,0,1,0,0,0
18,10,18,1,18,18,18,6.0221e-05,1,6.0221e-05,6.0221e-05,6.0221e-05,26,1,26,26,26,3,1,3,3,3,0,1,0,0,0
18,10,17,1,17,17,17,5.9684e-05,1,5.9684e-05,5.9684e-05,5.9684e-05,25,1,25,25,25,3,1,3,3,3,0,1,0,0,0
18,10,14,1,14,14,14,5.3325e-05,1,5.3325e-05,5.3325e-05,5.3325e-05,19,1,19,19,19,4,1,4,4,4,0,1,0,0,0
18,10,16,1,16,16,16,6.2077e-05,1,6.2077e-05,6.2077e-05,6.2077e-05,29,1,29,29,29,3,1,3,3,3,0,1,0,0,0
18,10,12,1,12,12,12,5.769e-05,1,5.769e-05,5.769e-05,5.769e-05,24,1,24,24,24,3,1,3,3,3,0,1,0,0,0
18,10,19,1,19,19,19,5.7908e-05,1,5.7908e-05,5.7908e-05,5.7908e-05,22,1,22,22,22,4,1,4,4,4,0,1,0,0,0
18,10,11,1,11,11,11,5.3279e-05,1,5.3279e-05,5.3279e-05,5.3279e-05,19,1,19,19,19,3,1,3,3,3,0,1,0,0,0
18,10,7,1,7,7,7,5.2908e-05,1,5.2908e-05,5.2908e-05,5.2908e-05,19,1,19,19,19,4,1,4,4,4,0,1,0,0,0
18,10,16,1,16,16,16,6.0051e-05,1,6.0051e-05,6.0051e-05,6.0051e-05,27,1,27,27,27,3,1,3,3,3,0,1,0,0,0
18,10,16,1,16,16,16,5.4131e-05,1,5.4131e-05,5.4131e-05,5.4131e-05,19,1,19,19,19,4,1,4,4,4,0,1,0,0,0
18,10,12,1,12,12,12,5.4699e-05,1,5.4699e-05,5.4699e-05,5.4699e-05,22,1,22,22,22,4,1,4,4,4,0,1,0,0,0
18,10,19,1,19,19,19,5.7641e-05,1,5.7641e-05,5.7641e-05,5.7641e-05,22,1,22,22,22,4,1,4,4,4,0,1,0,0,0
18,10,13,1,13,13,13,5.4201e-05,1,5.4201e-05,5.4201e-05,5.4201e-05,23,1,23,23,23,3,1,3,3,3,0,1,0,0,0
18,10,21,1,21,21,21,6.0786e-05,1,6.0786e-05,6.0786e-05,6.0786e-05,25,1,25,25,25,4,1,4,4,4,0,1,0,0,0
18,10,15,1,15,15,15,5.9312e-05,1,5.9312e-05,5.9312e-05,5.9312e-05,25,1,25,25,25,3,1,3,3,3,0,1,0,0,0
18,10,9,1,9,9,9,5.0894e-05,1,5.0894e-05,5.0894e-05,5.0894e-05,19,1,19,19,19,3,1,3,3,3,0,1,0,0,0
18,10,19,1,19,19,19,5.804e-05,1,5.804e-05,5.804e-05,5.804e-05,22,1,22,22,22,4,1,4,4,4,0,1,0,0,0
18,10,11,1,11,11,11,5.4699e-05,1,5.4699e-05,5.4699e-05,5.4699e-05,21,1,21,21,21,4,1,4,4,4,0,1,0,0,0
18,10,16,1,16,16,16,6.0429e-05,1,6.0429e-05,6.0429e-05,6.0429e-05,26,1,26,26,26,3,1,3,3,3,0,1,0,0,0
18,10,17,1,17,17,17,6.3611e-05,1,6.3611e-05,6.3611e-05,6.3611e-05,30,1,30,30,30,3,1,3,3,3,0,1,0,0,0
18,10,14,1,14,14,14,5.8061e-05,1,5.8061e-05,5.8061e-05,5.8061e-05,26,1,26,26,26,3,1,3,3,3,0,1,0,0,0
18,10,18,1,18,18,18,6.1471e-05,1,6.1471e-05,6.1471e-05,6.1471e-05,26,1,26,26,26,4,1,4,4,4,0,1,0,0,0
18,10,7,1,7,7,7,5.4394e-05,1,5.4394e-05,5.4394e-05,5.4394e-05,23,1,23,23,23,3,1,3,3,3,0,1,0,0,0
18,10,11,1,11,11,11,5.4871e-05,1,5.4871e-05,5.4871e-05,5.4871e-05,23,1,23,23,23,3,1,3,3,3,0,1,0,0,0
18,10,16,1,16,16,16,5.907e-05,1,5.907e-05,5.907e-05,5.907e-05,23,1,23,23,23,4,1,4,4,4,0,1,0,0,0
18,10,21,1,21,21,21,6.2505e-05,1,6.2505e-05,6.2505e-05,6.2505e-05,24,1,24,24,24,4,1,4,4,4,0,1,0,0,0
18,10,19,1,19,19,19,5.6809e-05,1,5.6809e-05,5.6809e-05,5.6809e-05,22,1,22,22,22,4,1,4,4,4,0,1,0,0,0
18,10,16,1,16,16,16,6.0137e-05,1,6.0137e-05,6.0137e-05,6.0137e-05,26,1,26,26,26,3,1,3,3,3,0,1,0,0,0
18,10,14,1,14,14,14,5.9267e-05,1,5.9267e-05,5.9267e-05,5.9267e-05,25,1,25,25,25,3,1,3,3,3,0,1,0,0,0
18,10,20,1,20,20,20,5.6502e-05,1,5.6502e-05,5.6502e-05,5.6502e-05,19,1,19,19,19,4,1,4,4,4,0,1,0,0,0
18,10,16,1,16,16,16,5.885e-05,1,5.885e-05,5.885e-05,5.885e-05,24,1,24,24,24,4,1,4,4,4,0,1,0,0,0
18,10,18,1,18,18,18,5.4968e-05,1,5.4968e-05,5.4968e-05,5.4968e-05,19,1,19,19,19,4,1,4,4,4,0,1,0,0,0
18,10,20,1,20,20,20,6.4281e-05,1,6.4281e-05,6.4281e-05,6.4281e-05,29,1,29,29,29,4,1,4,4,4,0,1,0,0,0
18,10,20,1,20,20,20,6.1178e-05,1,6.1178e-05,6.1178e-05,6.1178e-05,26,1,26,26,26,4,1,4,4,4,0,1,0,0,0
18,10,20,1,20,20,20,5.5389e-05,1,5.5389e-05,5.5389e-05,5.5389e-05,19,1,19,19,19,4,1,4,4,4,0,1,0,0,0
18,10,12,1,12,12,12,5.5286e-05,1,5.5286e-05,5.5286e-05,5.5286e-05,21,1,21,21,21,3,1,3,3,3,0,1,0,0,0
18,10,16,1,16,16,16,6.123e-05,1,6.123e-05,6.123e-05,6.123e-05,28,1,28,28,28,3,1,3,3,3,0,1,0,0,0
18,10,16,1,16,16,16,5.5994e-05,1,5.5994e-05,5.5994e-05,5.5994e-05,19,1,19,19,19,4,1,4,4,4,0,1,0,0,0
18,10,21,1,21,21,21,6.2351e-05,1,6.2351e-05,6.2351e-05,6.2351e-05,24,1,24,24,24,4,1,4,4,4,0,1,0,0,0
18,10,23,1,23,23,23,5.8364e-05,1,5.8364e-05,5.8364e-05,5.8364e-05,21,1,21,21,21,4,1,4,4,4,0,1,0,0,0
18,10,6,1,6,6,6,5.2423e-05,1,5.2423e-05,5.2423e-05,5.2423e-05,21,1,21,21,21,3,1,3,3,3,0,1,0,0,0
18,10,16,1,16,16,16,5.7729e-05,1,5.7729e-05,5.7729e-05,5.7729e-05,22,1,22,22,22,3,1,3,3,3,0,1,0,0,0
18,10,19,1,19,19,19,5.9073e-05,1,5.9073e-05,5.9073e-05,5.9073e-05,24,1,24,24,24,4,1,4,4,4,0,1,0,0,0
18,10,11,1,11,11,11,5.5684e-05,1,5.5684e-05,5.5684e-05,5.5684e-05,23,1,23,23,23,3,1,3,3,3,0,1,0,0,0
18,10,22,1,22,22,22,6.1686e-05,1,6.1686e-05,6.1686e-05,6.1686e-05,25,1,25,25,25,4,1,4,4,4,0,1,0,0,0
18,10,15,1,15,15,15,5.8595e-05,1,5.8595e-05,5.8595e-05,5.8595e-05,26,1,26,26,26,3,1,3,3,3,0,1,0,0,0
18,10,18,1,18,18,18,5.6445e-05,1,5.6445e-05,5.6445e-05,5.6445e-05,21,1,21,21,21,4,1,4,4,4,0,1,0,0,0
18,10,24,1,24,24,24,6.8076e-05,1,6.8076e-05,6.8076e-05,6.8076e-05,31,1,31,31,31,4,1,4,4,4,0,1,0,0,0
18,10,17,1,17,17,17,5.8847e-05,1,5.8847e-05,5.8847e-05,5.8847e-05,23,1,23,23,23,4,1,4,4,4,0,1,0,0,0
18,10,17,1,17,17,17,5.8089e-05,1,5.8089e-05,5.8089e-05,5.8089e-05,22,1,22,22,22,4,1,4,4,4,0,1,0,0,0
18,10,19,1,19,19,19,6.3324e-05,1,6.3324e-05,6.3324e-05,6.3324e-05,29,1,29,29,29,3,1,3,3,3,0,1,0,0,0
18,10,16,1,16,16,16,5.9856e-05,1,5.9856e-05,5.9856e-05,5.9856e-05,24,1,24,24,24,4,1,4,4,4,0,1,0,0,0
18,10,11,1,11,11,11,5.7357e-05,1,5.7357e-05,5.7357e-05,5.7357e-05,25,1,25,25,25,3,1,3,3,3,0,1,0,0,0
18,10,19,1,19,19,19,6.1179e-05,1,6.1179e-05,6.1179e-05,6.1179e-05,23,1,23,23,23,4,1,4,4,4,0,1,0,0,0
18,10,18,1,18,18,18,5.5751e-05,1,5.5751e-05,5.5751e-05,5.5751e-05,19,1,19,19,19,4,1,4,4,4,0,1,0,0,0
18,10,15,1,15,15,15,5.6241e-05,1,5.6241e-05,5.6241e-05,5.6241e-05,22,1,22,22,22,4,1,4,4,4,0,1,0,0,0
18,10,13,1,13,13,13,5.8023e-05,1,5.8023e-05,5.8023e-05,5.8023e-05,25,1,25,25,25,3,1,3,3,3,0,1,0,0,0
18,10,15,1,15,15,15,5.528e-05,1,5.528e-05,5.528e-05,5.528e-05,22,1,22,22,22,4,1,4,4,4,0,1,0,0,0
18,10,14,1,14,14,14,5.9397e-05,1,5.9397e-05,5.9397e-05,5.9397e-05,26,1,26,26,26,3,1,3,3,3,0,1,0,0,0
18,10,22,1,22,22,22,5.7419e-05,1,5.7419e-05,5.7419e-05,5.7419e-05,19,1,19,19,19,4,1,4,4,4,0,1,0,0,0
18,10,15,1,15,15,15,5.5449e-05,1,5.5449e-05,5.5449e-05,5.5449e-05,19,1,19,19,19,4,1,4,4,4,0,1,0,0,0
18,10,17,1,17,17,17,6.5137e-05,1,6.5137e-05,6.5137e-05,6.5137e-05,30,1,30,30,30,3,1,3,3,3,0,1,0,0,0
18,10,12,1,12,12,12,5.4443e-05,1,5.4443e-05,5.4443e-05,5.4443e-05,21,1,21,21,21,3,1,3,3,3,0,1,0,0,0
18,10,19,1,19,19,19,6.0546e-05,1,6.0546e-05,6.0546e-05,6.0546e-05,25,1,25,25,25,4,1,4,4,4,0,1,0,0,0
18,10,21,1,21,21,21,5.7358e-05,1,5.7358e-05,5.7358e-05,5.7358e-05,21,1,21,21,21,4,1,4,4,4,0,1,0,0,0
18,10,19,1,19,19,19,5.9273e-05,1,5.9273e-05,5.9273e-05,5.9273e-05,22,1,22,22,22,4,1,4,4,4,0,1,0,0,0
18,10,15,1,15,15,15,5.7302e-05,1,5.7302e-05,5.7302e-05,5.7302e-05,25,1,25,25,25,3,1,3,3,3,0,1,0,0,0
18,10,16,1,16,16,16,5.8004e-05,1,5.8004e-05,5.8004e-05,5.8004e-05,22,1,22,22,22,4,1,4,4,4,0,1,0,0,0
18,10,13,1,13,13,13,5.6654e-05,1,5.6654e-05,5.6654e-05,5.6654e-05,23,1,23,23,23,3,1,3,3,3,0,1,0,0,0
18,10,15,1,15,15,15,5.7763e-05,1,5.7763e-05,5.7763e-05,5.7763e-05,25,1,25,25,25,3,1,3,3,3,0,1,0,0,0
18,10,18,1,18,18,18,5.5126e-05,1,5.5126e-05,5.5126e-05,5.5126e-05,19,1,19,19,19,4,1,4,4,4,0,1,0,0,0
18,10,16,1,16,16,16,6.1292e-05,1,6.1292e-05,6.1292e-05,6.1292e-05,27,1,27,27,27,4,1,4,4,4,0,1,0,0,0
18,10,20,1,20,20,20,5.9666e-05,1,5.9666e-05,5.9666e-05,5.9666e-05,25,1,25,25,25,4,1,4,4,4,0,1,0,0,0
18,10,10,1,10,10,10,5.2464e-05,1,5.2464e-05,5.2464e-05,5.2464e-05,19,1,19,19,19,3,1,3,3,3,0,1,0,0,0
18,10,17,1,17,17,17,5.4214e-05,1,5.4214e-05,5.4214e-05,5.4214e-05,19,1,19,19,19,4,1,4,4,4,0,1,0,0,0
18,10,11,1,11,11,11,5.279e-05,1,5.279e-05,5.279e-05,5.279e-05,19,1,19,19,19,4,1,4,4,4,0,1,0,0,0
18,10,9,1,9,9,9,5.1464e-05,1,5.1464e-05,5.1464e-05,5.1464e-05,19,1,19,19,19,3,1,3,3,3,0,1,0,0,0
18,10,10,1,10,10,10,5.3746e-05,1,5.3746e-05,5.3746e-05,5.3746e-05,21,1,21,21,21,3,1,3,3,3,0,1,0,0,0
18,10,13,1,13,13,13,5.9112e-05,1,5.9112e-05,5.9112e-05,5.9112e-05,26,1,26,26,26,3,1,3,3,3,0,1,0,0,0
18,10,25,1,25,25,25,6.1467e-05,1,6.1467e-05,6.1467e-05,6.1467e-05,23,1,23,23,23,4,1,4,4,4,0,1,0,0,0
18,10,17,1,17,17,17,6.2233e-05,1,6.2233e-05,6.2233e-05,6.2233e-05,29,1,29,29,29,3,1,3,3,3,0,1,0,0,0
18,10,14,1,14,14,14,5.5985e-05,1,5.5985e-05,5.5985e-05,5.5985e-05,23,1,23,23,23,3,1,3,3,3,0,1,0,0,0
18,10,13,1,13,13,13,5.3959e-05,1,5.3959e-05,5.3959e-05,5.3959e-05,19,1,19,19,19,4,1,4,4,4,0,1,0,0,0
18,10,13,1,13,13,13,5.4158e-05,1,5.4158e-05,5.4158e-05,5.4158e-05,19,1,19,19,19,4,1,4,4,4,0,1,0,0,0
18,10,19,1,19,19,19,5.4581e-05,1,5.4581e-05,5.4581e-05,5.4581e-05,19,1,19,19,19,4,1,4,4,4,0,1,0,0,0
18,10,22,1,22,22,22,5.6187e-05,1,5.6187e-05,5.6187e-05,5.6187e-05,19,1,19,19,19,4,1,4,4,4,0,1,0,0,0
18,10,11,1,11,11,11,5.5635e-05,1,5.5635e-05,5.5635e-05,5.5635e-05,22,1,22,22,22,3,1,3,3,3,0,1,0,0,0
18,10,11,1,11,11,11,5.5709e-05,1,5.5709e-05,5.5709e-05,5.5709e-05,24,1,24,24,24,3,1,3,3,3,0,1,0,0,0
18,10,17,1,17,17,17,6.1525e-05,1,6.1525e-05,6.1525e-05,6.1525e-05,28,1,28,28,28,3,1,3,3,3,0,1,0,0,0
18,10,17,1,17,17,17,5.4646e-05,1,5.4646e-05,5.4646e-05,5.4646e-05,19,1,19,19,19,4,1,4,4,4,0,1,0,0,0
18,10,14,1,14,14,14,5.3777e-05,1,5.3777e-05,5.3777e-05,5.3777e-05,19,1,19,19,19,4,1,4,4,4,0,1,0,0,0
18,10,11,1,11,11,11,5.2442e-05,1,5.2442e-05,5.2442e-05,5.2442e-05,19,1,19,19,19,4,1,4,4,4,0,1,0,0,0
18,10,23,1,23,23,23,6.516e-05,1,6.516e-05,6.516e-05,6.516e-05,28,1,28,28,28,4,1,4,4,4,0,1,0,0,0
18,10,9,1,9,9,9,5.165e-05,1,5.165e-05,5.165e-05,5.165e-05,19,1,19,19,19,4,1,4,4,4,0,1,0,0,0
18,10,21,1,21,21,21,6.4843e-05,1,6.4843e-05,6.4843e-05,6.4843e-05,26,1,26,26,26,4,1,4,4,4,0,1,0,0,0
18,10,15,1,15,15,15,5.8842e-05,1,5.8842e-05,5.8842e-05,5.8842e-05,25,1,25,25,25,3,1,3,3,3,0,1,0,0,0
18,10,9,1,9,9,9,5.2633e-05,1,5.2633e-05,5.2633e-05,5.2633e-05,21,1,21,21,21,3,1,3,3,3,0,1,0,0,0
18,10,17,1,17,17,17,6.1755e-05,1,6.1755e-05,6.1755e-05,6.1755e-05,29,1,29,29,29,3,1,3,3,3,0,1,0,0,0
18,10,12,1,12,12,12,5.3165e-05,1,5.3165e-05,5.3165e-05,5.3165e-05,19,1,19,19,19,4,1,4,4,4,0,1,0,0,0
18,10,10,1,10,10,10,5.4118e-05,1,5.4118e-05,5.4118e-05,5.4118e-05,21,1,21,21,21,3,1,3,3,3,0,1,0,0,0
18,10,16,1,16,16,16,5.584e-05,1,5.584e-05,5.584e-05,5.584e-05,19,1,19,19,19,4,1,4,4,4,0,1,0,0,0
18,10,13,1,13,13,13,5.6281e-05,1,5.6281e-05,5.6281e-05,5.6281e-05,21,1,21,21,21,4,1,4,4,4,0,1,0,0,0
18,10,19,1,19,19,19,6.2202e-05,1,6.2202e-05,6.2202e-05,6.2202e-05,27,1,27,27,27,3,1,3,3,3,0,1,0,0,0
18,10,11,1,11,11,11,5.398e-05,1,5.398e-05,5.398e-05,5.398e-05,22,1,22,22,22,3,1,3,3,3,0,1,0,0,0
18,10,18,1,18,18,18,6.1122e-05,1,6.1122e-05,6.1122e-05,6.1122e-05,28,1,28,28,28,3,1,3,3,3,0,1,0,0,0
18,10,15,1,15,15,15,6.0089e-05,1,6.0089e-05,6.0089e-05,6.0089e-05,26,1,26,26,26,3,1,3,3,3,0,1,0,0,0
18,10,11,1,11,11,11,5.4297e-05,1,5.4297e-05,5.4297e-05,5.4297e-05,21,1,21,21,21,3,1,3,3,3,0,1,0,0,0
18,10,18,1,18,18,18,6.1332e-05,1,6.1332e-05,6.1332e-05,6.1332e-05,26,1,26,26,26,4,1,4,4,4,0,1,0,0,0
18,10,15,1,15,15,15,5.381e-05,1,5.381e-05,5.381e-05,5.381e-05,19,1,19,19,19,4,1,4,4,4,0,1,0,0,0
18,10,20,1,20,20,20,6.2209e-05,1,6.2209e-05,6.2209e-05,6.2209e-05,26,1,26,26,26,4,1,4,4,4,0,1,0,0,0
18,10,18,1,18,18,18,5.9436e-05,1,5.9436e-05,5.9436e-05,5.9436e-05,24,1,24,24,24,4,1,4,4,4,0,1,0,0,0
18,10,13,1,13,13,13,5.3141e-05,1,5.3141e-05,5.3141e-05,5.3141e-05,19,1,19,19,19,4,1,4,4,4,0,1,0,0,0
18,10,11,1,11,11,11,5.5956e-05,1,5.5956e-05,5.5956e-05,5.5956e-05,23,1,23,23,23,3,1,3,3,3,0,1,0,0,0
18,10,17,1,17,17,17,5.8061e-05,1,5.8061e-05,5.8061e-05,5.8061e-05,21,1,21,21,21,4,1,4,4,4,0,1,0,0,0
18,10,18,1,18,18,18,6.2852e-05,1,6.2852e-05,6.2852e-05,6.2852e-05,27,1,27,27,27,4,1,4,4,4,0,1,0,0,0
18,10,18,1,18,18,18,6.2857e-05,1,6.2857e-05,6.2857e-05,6.2857e-05,30,1,30,30,30,3,1,3,3,3,0,1,0,0,0
18,10,13,1,13,13,13,5.6021e-05,1,5.6021e-05,5.6021e-05,5.6021e-05,23,1,23,23,23,3,1,3,3,3,0,1,0,0,0
18,10,14,1,14,14,14,5.8482e-05,1,5.8482e-05,5.8482e-05,5.8482e-05,26,1,26,26,26,3,1,3,3,3,0,1,0,0,0
18,10,18,1,18,18,18,5.6497e-05,1,5.6497e-05,5.6497e-05,5.6497e-05,21,1,21,21,21,4,1,4,4,4,0,1,0,0,0
18,10,13,1,13,13,13,5.7363e-05,1,5.7363e-05,5.7363e-05,5.7363e-05,24,1,24,24,24,3,1,3,3,3,0,1,0,0,0
18,10,10,1,10,10,10,5.1152e-05,1,5.1152e-05,5.1152e-05,5.1152e-05,19,1,19,19,19,3,1,3,3,3,0,1,0,0,0
18,10,18,1,18,18,18,6.0746e-05,1,6.0746e-05,6.0746e-05,6.0746e-05,27,1,27,27,27,3,1,3,3,3,0,1,0,0,0
18,10,15,1,15,15,15,5.5178e-05,1,5.5178e-05,5.5178e-05,5.5178e-05,19,1,19,19,19,4,1,4,4,4,0,1,0,0,0
18,10,12,1,12,12,12,5.7057e-05,1,5.7057e-05,5.7057e-05,5.7057e-05,25,1,25,25,25,3,1,3,3,3,0,1,0,0,0
18,10,19,1,19,19,19,5.8113e-05,1,5.8113e-05,5.8113e-05,5.8113e-05,21,1,21,21,21,4,1,4,4,4,0,1,0,0,0
18,10,16,1,16,16,16,5.6893e-05,1,5.6893e-05,5.6893e-05,5.6893e-05,22,1,22,22,22,4,1,4,4,4,0,1,0,0,0
18,10,17,1,17,17,17,6.0703e-05,1,6.0703e-05,6.0703e-05,6.0703e-05,23,1,23,23,23,3,1,3,3,3,0,1,0,0,0
18,10,13,1,13,13,13,5.6063e-05,1,5.6063e-05,5.6063e-05,5.6063e-05,23,1,23,23,23,3,1,3,3,3,0,1,0,0,0
18,10,14,1,14,14,14,5.4378e-05,1,5.4378e-05,5.4378e-05,5.4378e-05,19,1,19,19,19,4,1,4,4,4,0,1,0,0,0
18,10,14,1,14,14,14,5.7381e-05,1,5.7381e-05,5.7381e-05,5.7381e-05,24,1,24,24,24,3,1,3,3,3,0,1,0,0,0
18,10,15,1,15,15,15,5.6358e-05,1,5.6358e-05,5.6358e-05,5.6358e-05,24,1,24,24,24,3,1,3,3,3,0,1,0,0,0
18,10,13,1,13,13,13,5.668e-05,1,5.668e-05,5.668e-05,5.668e-05,24,1,24,24,24,3,1,3,3,3,0,1,0,0,0
18,10,16,1,16,16,16,5.7678e-05,1,5.7678e-05,5.7678e-05,5.7678e-05,23,1,23,23,23,3,1,3,3,3,0,1,0,0,0
18,10,12,1,12,12,12,5.495e-05,1,5.495e-05,5.495e-05,5.495e-05,21,1,21,21,21,3,1,3,3,3,0,1,0,0,0
18,10,18,1,18,18,18,5.6045e-05,1,5.6045e-05,5.6045e-05,5.6045e-05,22,1,22,22,22,4,1,4,4,4,0,1,0,0,0
18,10,13,1,13,13,13,5.6472e-05,1,5.6472e-05,5.6472e-05,5.6472e-05,23,1,23,23,23,3,1,3,3,3,0,1,0,0,0
18,10,11,1,11,11,11,5.5931e-05,1,5.5931e-05,5.5931e-05,5.5931e-05,23,1,23,23,23,3,1,3,3,3,0,1,0,0,0
18,10,19,1,19,19,19,6.3067e-05,1,6.3067e-05,6.3067e-05,6.3067e-05,29,1,29,29,29,3,1,3,3,3,0,1,0,0,0
18,10,13,1,13,13,13,5.6711e-05,1,5.6711e-05,5.6711e-05,5.6711e-05,23,1,23,23,23,3,1,3,3,3,0,1,0,0,0
18,10,18,1,18,18,18,5.8602e-05,1,5.8602e-05,5.8602e-05,5.8602e-05,22,1,22,22,22,4,1,4,4,4,0,1,0,0,0
18,10,15,1,15,15,15,5.6775e-05,1,5.6775e-05,5.6775e-05,5.6775e-05,23,1,23,23,23,3,1,3,3,3,0,1,0,0,0
18,10,17,1,17,17,17,6.0565e-05,1,6.0565e-05,6.0565e-05,6.0565e-05,27,1,27,27,27,3,1,3,3,3,0,1,0,0,0
18,10,15,1,15,15,15,5.358e-05,1,5.358e-05,5.358e-05,5.358e-05,19,1,19,19,19,4,1,4,4,4,0,1,0,0,0
18,10,23,1,23,23,23,6.5503e-05,1,6.5503e-05,6.5503e-05,6.5503e-05,28,1,28,28,28,4,1,4,4,4,0,1,0,0,0
18,10,15,1,15,15,15,5.841e-05,1,5.841e-05,5.841e-05,5.841e-05,26,1,26,26,26,3,1,3,3,3,0,1,0,0,0
18,10,19,1,19,19,19,6.0636e-05,1,6.0636e-05,6.0636e-05,6.0636e-05,26,1,26,26,26,4,1,4,4,4,0,1,0,0,0
18,10,16,1,16,16,16,5.6268e-05,1,5.6268e-05,5.6268e-05,5.6268e-05,22,1,22,22,22,3,1,3,3,3,0,1,0,0,0
18,10,9,1,9,9,9,5.1132e-05,1,5.1132e-05,5.1132e-05,5.1132e-05,19,1,19,19,19,3,1,3,3,3,0,1,0,0,0
18,10,16,1,16,16,16,5.4413e-05,1,5.4413e-05,5.4413e-05,5.4413e-05,19,1,19,19,19,4,1,4,4,4,0,1,0,0,0
18,10,19,1,19,19,19,5.6873e-05,1,5.6873e-05,5.6873e-05,5.6873e-05,22,1,22,22,22,4,1,4,4,4,0,1,0,0,0
18,10,13,1,13,13,13,5.8454e-05,1,5.8454e-05,5.8454e-05,5.8454e-05,26,1,26,26,26,3,1,3,3,3,0,1,0,0,0
18,10,9,1,9,9,9,5.4608e-05,1,5.4608e-05,5.4608e-05,5.4608e-05,22,1,22,22,22,3,1,3,3,3,0,1,0,0,0
18,10,14,1,14,14,14,5.8239e-05,1,5.8239e-05,5.8239e-05,5.8239e-05,26,1,26,26,26,3,1,3,3,3,0,1,0,0,0
18,10,16,1,16,16,16,5.785e-05,1,5.785e-05,5.785e-05,5.785e-05,22,1,22,22,22,4,1,4,4,4,0,1,0,0,0
18,10,13,1,13,13,13,5.5573e-05,1,5.5573e-05,5.5573e-05,5.5573e-05,22,1,22,22,22,4,1,4,4,4,0,1,0,0,0
18,10,18,1,18,18,18,5.8865e-05,1,5.8865e-05,5.8865e-05,5.8865e-05,22,1,22,22,22,4,1,4,4,4,0,1,0,0,0
18,10,18,1,18,18,18,5.7742e-05,1,5.7742e-05,5.7742e-05,5.7742e-05,22,1,22,22,22,4,1,4,4,4,0,1,0,0,0
18,10,11,1,11,11,11,5.5558e-05,1,5.5558e-05,5.5558e-05,5.5558e-05,22,1,22,22,22,4,1,4,4,4,0,1,0,0,0
18,10,12,1,12,12,12,5.2862e-05,1,5.2862e-05,5.2862e-05,5.2862e-05,19,1,19,19,19,4,1,4,4,4,0,1,0,0,0
18,10,8,1,8,8,8,5.3397e-05,1,5.3397e-05,5.3397e-05,5.3397e-05,21,1,21,21,21,3,1,3,3,3,0,1,0,0,0
18,10,14,1,14,14,14,5.6743e-05,1,5.6743e-05,5.6743e-05,5.6743e-05,24,1,24,24,24,3,1,3,3,3,0,1,0,0,0
18,10,10,1,10,10,10,5.4257e-05,1,5.4257e-05,5.4257e-05,5.4257e-05,21,1,21,21,21,3,1,3,3,3,0,1,0,0,0
18,10,13,1,13,13,13,5.515e-05,1,5.515e-05,5.515e-05,5.515e-05,23,1,23,23,23,3,1,3,3,3,0,1,0,0,0
18,10,11,1,11,11,11,7.6724e-05,1,7.6724e-05,7.6724e-05,7.6724e-05,21,1,21,21,21,3,1,3,3,3,0,1,0,0,0
18,10,15,1,15,15,15,5.7165e-05,1,5.7165e-05,5.7165e-05,5.7165e-05,24,1,24,24,24,3,1,3,3,3,0,1,0,0,0
18,10,13,1,13,13,13,5.7812e-05,1,5.7812e-05,5.7812e-05,5.7812e-05,22,1,22,22,22,4,1,4,4,4,0,1,0,0,0
18,10,11,1,11,11,11,5.5765e-05,1,5.5765e-05,5.5765e-05,5.5765e-05,22,1,22,22,22,3,1,3,3,3,0,1,0,0,0
18,10,16,1,16,16,16,5.3535e-05,1,5.3535e-05,5.3535e-05,5.3535e-05,19,1,19,19,19,4,1,4,4,4,0,1,0,0,0
18,10,15,1,15,15,15,5.2714e-05,1,5.2714e-05,5.2714e-05,5.2714e-05,19,1,19,19,19,4,1,4,4,4,0,1,0,0,0
18,10,16,1,16,16,16,6.0699e-05,1,6.0699e-05,6.0699e-05,6.0699e-05,28,1,28,28,28,3,1,3,3,3,0,1,0,0,0
18,10,14,1,14,14,14,5.4734e-05,1,5.4734e-05,5.4734e-05,5.4734e-05,19,1,19,19,19,4,1,4,4,4,0,1,0,0,0
18,10,13,1,13,13,13,5.6547e-05,1,5.6547e-05,5.6547e-05,5.6547e-05,21,1,21,21,21,4,1,4,4,4,0,1,0,0,0
18,10,11,1,11,11,11,5.5059e-05,1,5.5059e-05,5.5059e-05,5.5059e-05,21,1,21,21,21,3,1,3,3,3,0,1,0,0,0
18,10,17,1,17,17,17,5.4117e-05,1,5.4117e-05,5.4117e-05,5.4117e-05,19,1,19,19,19,4,1,4,4,4,0,1,0,0,0
18,10,15,1,15,15,15,5.668e-05,1,5.668e-05,5.668e-05,5.668e-05,24,1,24,24,24,3,1,3,3,3,0,1,0,0,0
18,10,14,1,14,14,14,5.8604e-05,1,5.8604e-05,5.8604e-05,5.8604e-05,25,1,25,25,25,3,1,3,3,3,0,1,0,0,0
18,10,14,1,14,14,14,5.9176e-05,1,5.9176e-05,5.9176e-05,5.9176e-05,25,1,25,25,25,3,1,3,3,3,0,1,0,0,0
18,10,14,1,14,14,14,6.0304e-05,1,6.0304e-05,6.0304e-05,6.0304e-05,26,1,26,26,26,3,1,3,3,3,0,1,0,0,0
18,10,16,1,16,16,16,5.4829e-05,1,5.4829e-05,5.4829e-05,5.4829e-05,19,1,19,19,19,4,1,4,4,4,0,1,0,0,0
18,10,13,1,13,13,13,5.4345e-05,1,5.4345e-05,5.4345e-05,5.4345e-05,21,1,21,21,21,3,1,3,3,3,0,1,0,0,0
18,10,19,1,19,19,19,5.4854e-05,1,5.4854e-05,5.4854e-05,5.4854e-05,19,1,19,19,19,4,1,4,4,4,0,1,0,0,0
18,10,11,1,11,11,11,5.558e-05,1,5.558e-05,5.558e-05,5.558e-05,23,1,23,23,23,3,1,3,3,3,0,1,0,0,0
18,10,20,1,20,20,20,5.6379e-05,1,5.6379e-05,5.6379e-05,5.6379e-05,19,1,19,19,19,4,1,4,4,4,0,1,0,0,0
18,10,8,1,8,8,8,5.3644e-05,1,5.3644e-05,5.3644e-05,5.3644e-05,21,1,21,21,21,3,1,3,3,3,0,1,0,0,0
18,10,8,1,8,8,8,5.3091e-05,1,5.3091e-05,5.3091e-05,5.3091e-05,21,1,21,21,21,3,1,3,3,3,0,1,0,0,0
18,10,18,1,18,18,18,5.5496e-05,1,5.5496e-05,5.5496e-05,5.5496e-05,19,1,19,19,19,4,1,4,4,4,0,1,0,0,0
18,10,19,1,19,19,19,5.9623e-05,1,5.9623e-05,5.9623e-05,5.9623e-05,22,1,22,22,22,4,1,4,4,4,0,1,0,0,0
18,10,12,1,12,12,12,5.5928e-05,1,5.5928e-05,5.5928e-05,5.5928e-05,23,1,23,23,23,3,1,3,3,3,0,1,0,0,0
18,10,14,1,14,14,14,5.2654e-05,1,5.2654e-05,5.2654e-05,5.2654e-05,19,1,19,19,19,4,1,4,4,4,0,1,0,0,0
18,10,13,1,13,13,13,5.5401e-05,1,5.5401e-05,5.5401e-05,5.5401e-05,23,1,23,23,23,3,1,3,3,3,0,1,0,0,0
18,10,17,1,17,17,17,5.9133e-05,1,5.9133e-05,5.9133e-05,5.9133e-05,25,1,25,25,25,3,1,3,3,3,0,1,0,0,0
18,10,9,1,9,9,9,5.3987e-05,1,5.3987e-05,5.3987e-05,5.3987e-05,21,1,21,21,21,3,1,3,3,3,0,1,0,0,0
18,10,5,1,5,5,5,5.044e-05,1,5.044e-05,5.044e-05,5.044e-05,19,1,19,19,19,3,1,3,3,3,0,1,0,0,0
18,10,14,1,14,14,14,5.9872e-05,1,5.9872e-05,5.9872e-05,5.9872e-05,26,1,26,26,26,3,1,3,3,3,0,1,0,0,0
18,10,22,1,22,22,22,6.3153e-05,1,6.3153e-05,6.3153e-05,6.3153e-05,25,1,25,25,25,4,1,4,4,4,0,1,0,0,0
18,10,10,1,10,10,10,5.4184e-05,1,5.4184e-05,5.4184e-05,5.4184e-05,21,1,21,21,21,3,1,3,3,3,0,1,0,0,0
18,10,22,1,22,22,22,6.2582e-05,1,6.2582e-05,6.2582e-05,6.2582e-05,26,1,26,26,26,4,1,4,4,4,0,1,0,0,0
18,10,16,1,16,16,16,5.3265e-05,1,5.3265e-05,5.3265e-05,5.3265e-05,19,1,19,19,19,4,1,4,4,4,0,1,0,0,0
18,10,19,1,19,19,19,6.5195e-05,1,6.5195e-05,6.5195e-05,6.5195e-05,29,1,29,29,29,3,1,3,3,3,0,1,0,0,0
18,10,14,1,14,14,14,5.3184e-05,1,5.3184e-05,5.3184e-05,5.3184e-05,19,1,19,19,19,4,1,4,4,4,0,1,0,0,0
18,10,21,1,21,21,21,8.2859e-05,1,8.2859e-05,8.2859e-05,8.2859e-05,25,1,25,25,25,4,1,4,4,4,0,1,0,0,0
18,10,10,1,10,10,10,5.3384e-05,1,5.3384e-05,5.3384e-05,5.3384e-05,21,1,21,21,21,3,1,3,3,3,0,1,0,0,0
18,10,15,1,15,15,15,5.6595e-05,1,5.6595e-05,5.6595e-05,5.6595e-05,23,1,23,23,23,3,1,3,3,3,0,1,0,0,0
18,10,19,1,19,19,19,5.7366e-05,1,5.7366e-05,5.7366e-05,5.7366e-05,21,1,21,21,21,4,1,4,4,4,0,1,0,0,0
18,10,17,1,17,17,17,5.5773e-05,1,5.5773e-05,5.5773e-05,5.5773e-05,19,1,19,19,19,4,1,4,4,4,0,1,0,0,0
18,10,12,1,12,12,12,5.7187e-05,1,5.7187e-05,5.7187e-05,5.7187e-05,25,1,25,25,25,3,1,3,3,3,0,1,0,0,0
18,10,17,1,17,17,17,5.884e-05,1,5.884e-05,5.884e-05,5.884e-05,25,1,25,25,25,3,1,3,3,3,0,1,0,0,0
18,10,13,1,13,13,13,5.6214e-05,1,5.6214e-05,5.6214e-05,5.6214e-05,22,1,22,22,22,3,1,3,3,3,0,1,0,0,0
18,10,13,1,13,13,13,5.653e-05,1,5.653e-05,5.653e-05,5.653e-05,24,1,24,24,24,3,1,3,3,3,0,1,0,0,0
18,10,16,1,16,16,16,5.5819e-05,1,5.5819e-05,5.5819e-05,5.5819e-05,19,1,19,19,19,4,1,4,4,4,0,1,0,0,0
18,10,11,1,11,11,11,5.2612e-05,1,5.2612e-05,5.2612e-05,5.2612e-05,19,1,19,19,19,4,1,4,4,4,0,1,0,0,0
18,10,17,1,17,17,17,5.7744e-05,1,5.7744e-05,5.7744e-05,5.7744e-05,23,1,23,23,23,4,1,4,4,4,0,1,0,0,0
18,10,18,1,18,18,18,5.6447e-05,1,5.6447e-05,5.6447e-05,5.6447e-05,19,1,19,19,19,4,1,4,4,4,0,1,0,0,0
18,10,13,1,13,13,13,5.6517e-05,1,5.6517e-05,5.6517e-05,5.6517e-05,23,1,23,23,23,3,1,3,3,3,0,1,0,0,0
18,10,15,1,15,15,15,5.9272e-05,1,5.9272e-05,5.9272e-05,5.9272e-05,27,1,27,27,27,3,1,3,3,3,0,1,0,0,0
18,10,18,1,18,18,18,5.9224e-05,1,5.9224e-05,5.9224e-05,5.9224e-05,26,1,26,26,26,3,1,3,3,3,0,1,0,0,0
18,10,17,1,17,17,17,6.3008e-05,1,6.3008e-05,6.3008e-05,6.3008e-05,30,1,30,30,30,3,1,3,3,3,0,1,0,0,0
18,10,19,1,19,19,19,6.2432e-05,1,6.2432e-05,6.2432e-05,6.2432e-05,29,1,29,29,29,3,1,3,3,3,0,1,0,0,0
18,10,23,1,23,23,23,5.8621e-05,1,5.8621e-05,5.8621e-05,5.8621e-05,22,1,22,22,22,4,1,4,4,4,0,1,0,0,0
18,10,15,1,15,15,15,5.5406e-05,1,5.5406e-05,5.5406e-05,5.5406e-05,19,1,19,19,19,4,1,4,4,4,0,1,0,0,0
18,10,17,1,17,17,17,5.7009e-05,1,5.7009e-05,5.7009e-05,5.7009e-05,22,1,22,22,22,4,1,4,4,4,0,1,0,0,0
18,10,15,1,15,15,15,5.4798e-05,1,5.4798e-05,5.4798e-05,5.4798e-05,19,1,19,19,19,4,1,4,4,4,0,1,0,0,0
18,10,22,1,22,22,22,5.8627e-05,1,5.8627e-05,5.8627e-05,5.8627e-05,21,1,21,21,21,4,1,4,4,4,0,1,0,0,0
18,10,13,1,13,13,13,5.7148e-05,1,5.7148e-05,5.7148e-05,5.7148e-05,24,1,24,24,24,3,1,3,3,3,0,1,0,0,0
18,10,18,1,18,18,18,6.3769e-05,1,6.3769e-05,6.3769e-05,6.3769e-05,31,1,31,31,31,3,1,3,3,3,0,1,0,0,0
18,10,16,1,16,16,16,5.9517e-05,1,5.9517e-05,5.9517e-05,5.9517e-05,26,1,26,26,26,3,1,3,3,3,0,1,0,0,0
18,10,9,1,9,9,9,5.3041e-05,1,5.3041e-05,5.3041e-05,5.3041e-05,21,1,21,21,21,3,1,3,3,3,0,1,0,0,0
18,10,10,1,10,10,10,5.2964e-05,1,5.2964e-05,5.2964e-05,5.2964e-05,19,1,19,19,19,3,1,3,3,3,0,1,0,0,0
18,10,14,1,14,14,14,5.7484e-05,1,5.7484e-05,5.7484e-05,5.7484e-05,25,1,25,25,25,3,1,3,3,3,0,1,0,0,0
18,10,18,1,18,18,18,5.9678e-05,1,5.9678e-05,5.9678e-05,5.9678e-05,25,1,25,25,25,3,1,3,3,3,0,1,0,0,0
18,10,10,1,10,10,10,5.3651e-05,1,5.3651e-05,5.3651e-05,5.3651e-05,21,1,21,21,21,3,1,3,3,3,0,1,0,0,0
18,10,21,1,21,21,21,5.7863e-05,1,5.7863e-05,5.7863e-05,5.7863e-05,21,1,21,21,21,4,1,4,4,4,0,1,0,0,0
18,10,17,1,17,17,17,6.231e-05,1,6.231e-05,6.231e-05,6.231e-05,29,1,29,29,29,3,1,3,3,3,0,1,0,0,0
18,10,9,1,9,9,9,5.5287e-05,1,5.5287e-05,5.5287e-05,5.5287e-05,23,1,23,23,23,3,1,3,3,3,0,1,0,0,0
18,10,14,1,14,14,14,5.7455e-05,1,5.7455e-05,5.7455e-05,5.7455e-05,24,1,24,24,24,4,1,4,4,4,0,1,0,0,0
18,10,16,1,16,16,16,6.0284e-05,1,6.0284e-05,6.0284e-05,6.0284e-05,27,1,27,27,27,3,1,3,3,3,0,1,0,0,0
18,10,20,1,20,20,20,6.4361e-05,1,6.4361e-05,6.4361e-05,6.4361e-05,29,1,29,29,29,3,1,3,3,3,0,1,0,0,0
18,10,19,1,19,19,19,6.1042e-05,1,6.1042e-05,6.1042e-05,6.1042e-05,28,1,28,28,28,3,1,3,3,3,0,1,0,0,0
18,10,18,1,18,18,18,6.0024e-05,1,6.0024e-05,6.0024e-05,6.0024e-05,24,1,24,24,24,4,1,4,4,4,0,1,0,0,0
18,10,15,1,15,15,15,5.8613e-05,1,5.8613e-05,5.8613e-05,5.8613e-05,25,1,25,25,25,3,1,3,3,3,0,1,0,0,0
18,10,12,1,12,12,12,5.6364e-05,1,5.6364e-05,5.6364e-05,5.6364e-05,24,1,24,24,24,3,1,3,3,3,0,1,0,0,0
18,10,14,1,14,14,14,5.969e-05,1,5.969e-05,5.969e-05,5.969e-05,24,1,24,24,24,4,1,4,4,4,0,1,0,0,0
18,10,12,1,12,12,12,5.5002e-05,1,5.5002e-05,5.5002e-05,5.5002e-05,23,1,23,23,23,3,1,3,3,3,0,1,0,0,0
18,10,18,1,18,18,18,6.4112e-05,1,6.4112e-05,6.4112e-05,6.4112e-05,27,1,27,27,27,4,1,4,4,4,0,1,0,0,0
18,10,20,1,20,20,20,6.2449e-05,1,6.2449e-05,6.2449e-05,6.2449e-05,26,1,26,26,26,4,1,4,4,4,0,1,0,0,0
18,10,16,1,16,16,16,5.6916e-05,1,5.6916e-05,5.6916e-05,5.6916e-05,22,1,22,22,22,4,1,4,4,4,0,1,0,0,0
18,10,18,1,18,18,18,5.7692e-05,1,5.7692e-05,5.7692e-05,5.7692e-05,25,1,25,25,25,3,1,3,3,3,0,1,0,0,0
18,10,15,1,15,15,15,5.7147e-05,1,5.7147e-05,5.7147e-05,5.7147e-05,22,1,22,22,22,4,1,4,4,4,0,1,0,0,0
18,10,17,1,17,17,17,5.4364e-05,1,5.4364e-05,5.4364e-05,5.4364e-05,19,1,19,19,19,4,1,4,4,4,0,1,0,0,0
18,10,24,1,24,24,24,6.1888e-05,1,6.1888e-05,6.1888e-05,6.1888e-05,24,1,24,24,24,4,1,4,4,4,0,1,0,0,0
18,10,10,1,10,10,10,5.6009e-05,1,5.6009e-05,5.6009e-05,5.6009e-05,22,1,22,22,22,3,1,3,3,3,0,1,0,0,0
18,10,17,1,17,17,17,5.4127e-05,1,5.4127e-05,5.4127e-05,5.4127e-05,19,1,19,19,19,4,1,4,4,4,0,1,0,0,0
18,10,17,1,17,17,17,5.4835e-05,1,5.4835e-05,5.4835e-05,5.4835e-05,19,1,19,19,19,4,1,4,4,4,0,1,0,0,0
18,10,15,1,15,15,15,5.5906e-05,1,5.5906e-05,5.5906e-05,5.5906e-05,21,1,21,21,21,4,1,4,4,4,0,1,0,0,0
18,10,13,1,13,13,13,5.3405e-05,1,5.3405e-05,5.3405e-05,5.3405e-05,19,1,19,19,19,4,1,4,4,4,0,1,0,0,0
18,10,18,1,18,18,18,5.8149e-05,1,5.8149e-05,5.8149e-05,5.8149e-05,21,1,21,21,21,4,1,4,4,4,0,1,0,0,0
18,10,18,1,18,18,18,5.9598e-05,1,5.9598e-05,5.9598e-05,5.9598e-05,21,1,21,21,21,4,1,4,4,4,0,1,0,0,0
18,10,21,1,21,21,21,6.9038e-05,1,6.9038e-05,6.9038e-05,6.9038e-05,34,1,34,34,34,3,1,3,3,3,0,1,0,0,0
18,10,11,1,11,11,11,5.3811e-05,1,5.3811e-05,5.3811e-05,5.3811e-05,19,1,19,19,19,3,1,3,3,3,0,1,0,0,0
18,10,16,1,16,16,16,5.9621e-05,1,5.9621e-05,5.9621e-05,5.9621e-05,27,1,27,27,27,3,1,3,3,3,0,1,0,0,0
18,10,17,1,17,17,17,5.7815e-05,1,5.7815e-05,5.7815e-05,5.7815e-05,22,1,22,22,22,4,1,4,4,4,0,1,0,0,0
18,10,14,1,14,14,14,5.3253e-05,1,5.3253e-05,5.3253e-05,5.3253e-05,19,1,19,19,19,4,1,4,4,4,0,1,0,0,0
18,10,18,1,18,18,18,6.293e-05,1,6.293e-05,6.293e-05,6.293e-05,27,1,27,27,27,4,1,4,4,4,0,1,0,0,0
18,10,17,1,17,17,17,5.9857e-05,1,5.9857e-05,5.9857e-05,5.9857e-05,27,1,27,27,27,3,1,3,3,3,0,1,0,0,0
18,10,10,1,10,10,10,5.512e-05,1,5.512e-05,5.512e-05,5.512e-05,22,1,22,22,22,3,1,3,3,3,0,1,0,0,0
18,10,13,1,13,13,13,5.2705e-05,1,5.2705e-05,5.2705e-05,5.2705e-05,19,1,19,19,19,4,1,4,4,4,0,1,0,0,0
18,10,16,1,16,16,16,5.9695e-05,1,5.9695e-05,5.9695e-05,5.9695e-05,26,1,26,26,26,3,1,3,3,3,0,1,0,0,0
18,10,13,1,13,13,13,5.7963e-05,1,5.7963e-05,5.7963e-05,5.7963e-05,22,1,22,22,22,4,1,4,4,4,0,1,0,0,0
18,10,7,1,7,7,7,5.2492e-05,1,5.2492e-05,5.2492e-05,5.2492e-05,19,1,19,19,19,4,1,4,4,4,0,1,0,0,0
18,10,13,1,13,13,13,5.5837e-05,1,5.5837e-05,5.5837e-05,5.5837e-05,24,1,24,24,24,3,1,3,3,3,0,1,0,0,0
18,10,8,1,8,8,8,5.2907e-05,1,5.2907e-05,5.2907e-05,5.2907e-05,21,1,21,21,21,3,1,3,3,3,0,1,0,0,0
18,10,17,1,17,17,17,6.0801e-05,1,6.0801e-05,6.0801e-05,6.0801e-05,26,1,26,26,26,3,1,3,3,3,0,1,0,0,0
18,10,16,1,16,16,16,5.9121e-05,1,5.9121e-05,5.9121e-05,5.9121e-05,23,1,23,23,23,4,1,4,4,4,0,1,0,0,0
18,10,16,1,16,16,16,9.2825e-05,1,9.2825e-05,9.2825e-05,9.2825e-05,25,1,25,25,25,3,1,3,3,3,0,1,0,0,0
18,10,19,1,19,19,19,6.4097e-05,1,6.4097e-05,6.4097e-05,6.4097e-05,29,1,29,29,29,4,1,4,4,4,0,1,0,0,0
18,10,13,1,13,13,13,5.8943e-05,1,5.8943e-05,5.8943e-05,5.8943e-05,26,1,26,26,26,3,1,3,3,3,0,1,0,0,0
18,10,13,1,13,13,13,5.7776e-05,1,5.7776e-05,5.7776e-05,5.7776e-05,25,1,25,25,25,3,1,3,3,3,0,1,0,0,0
18,10,16,1,16,16,16,5.363e-05,1,5.363e-05,5.363e-05,5.363e-05,19,1,19,19,19,4,1,4,4,4,0,1,0,0,0
18,10,12,1,12,12,12,5.784e-05,1,5.784e-05,5.784e-05,5.784e-05,25,1,25,25,25,3,1,3,3,3,0,1,0,0,0
18,10,14,1,14,14,14,5.2425e-05,1,5.2425e-05,5.2425e-05,5.2425e-05,19,1,19,19,19,4,1,4,4,4,0,1,0,0,0
18,10,10,1,10,10,10,5.2711e-05,1,5.2711e-05,5.2711e-05,5.2711e-05,19,1,19,19,19,3,1,3,3,3,0,1,0,0,0
18,10,16,1,16,16,16,5.9969e-05,1,5.9969e-05,5.9969e-05,5.9969e-05,25,1,25,25,25,4,1,4,4,4,0,1,0,0,0
18,10,13,1,13,13,13,5.3165e-05,1,5.3165e-05,5.3165e-05,5.3165e-05,19,1,19,19,19,4,1,4,4,4,0,1,0,0,0
18,10,13,1,13,13,13,5.7378e-05,1,5.7378e-05,5.7378e-05,5.7378e-05,24,1,24,24,24,3,1,3,3,3,0,1,0,0,0
18,10,15,1,15,15,15,5.4372e-05,1,5.4372e-05,5.4372e-05,5.4372e-05,19,1,19,19,19,4,1,4,4,4,0,1,0,0,0
18,10,18,1,18,18,18,5.4151e-05,1,5.4151e-05,5.4151e-05,5.4151e-05,19,1,19,19,19,4,1,4,4,4,0,1,0,0,0
18,10,15,1,15,15,15,5.9881e-05,1,5.9881e-05,5.9881e-05,5.9881e-05,27,1,27,27,27,3,1,3,3,3,0,1,0,0,0
18,10,16,1,16,16,16,5.6669e-05,1,5.6669e-05,5.6669e-05,5.6669e-05,22,1,22,22,22,4,1,4,4,4,0,1,0,0,0
18,10,18,1,18,18,18,5.4742e-05,1,5.4742e-05,5.4742e-05,5.4742e-05,19,1,19,19,19,4,1,4,4,4,0,1,0,0,0
18,10,17,1,17,17,17,5.8928e-05,1,5.8928e-05,5.8928e-05,5.8928e-05,24,1,24,24,24,4,1,4,4,4,0,1,0,0,0
18,10,23,1,23,23,23,5.8474e-05,1,5.8474e-05,5.8474e-05,5.8474e-05,21,1,21,21,21,4,1,4,4,4,0,1,0,0,0
18,10,8,1,8,8,8,5.539e-05,1,5.539e-05,5.539e-05,5.539e-05,23,1,23,23,23,3,1,3,3,3,0,1,0,0,0
18,10,13,1,13,13,13,5.7543e-05,1,5.7543e-05,5.7543e-05,5.7543e-05,25,1,25,25,25,3,1,3,3,3,0,1,0,0,0
18,10,17,1,17,17,17,5.8808e-05,1,5.8808e-05,5.8808e-05,5.8808e-05,27,1,27,27,27,3,1,3,3,3,0,1,0,0,0
18,10,19,1,19,19,19,6.175e-05,1,6.175e-05,6.175e-05,6.175e-05,28,1,28,28,28,3,1,3,3,3,0,1,0,0,0
18,10,17,1,17,17,17,6.0504e-05,1,6.0504e-05,6.0504e-05,6.0504e-05,28,1,28,28,28,3,1,3,3,3,0,1,0,0,0
18,10,7,1,7,7,7,5.1264e-05,1,5.1264e-05,5.1264e-05,5.1264e-05,19,1,19,19,19,3,1,3,3,3,0,1,0,0,0
18,10,19,1,19,19,19,6.3944e-05,1,6.3944e-05,6.3944e-05,6.3944e-05,28,1,28,28,28,4,1,4,4,4,0,1,0,0,0
18,10,21,1,21,21,21,6.4508e-05,1,6.4508e-05,6.4508e-05,6.4508e-05,30,1,30,30,30,3,1,3,3,3,0,1,0,0,0
18,10,21,1,21,21,21,6.3996e-05,1,6.3996e-05,6.3996e-05,6.3996e-05,29,1,29,29,29,3,1,3,3,3,0,1,0,0,0
18,10,14,1,14,14,14,5.8542e-05,1,5.8542e-05,5.8542e-05,5.8542e-05,25,1,25,25,25,3,1,3,3,3,0,1,0,0,0
18,10,13,1,13,13,13,5.5603e-05,1,5.5603e-05,5.5603e-05,5.5603e-05,22,1,22,22,22,4,1,4,4,4,0,1,0,0,0
18,10,19,1,19,19,19,6.3056e-05,1,6.3056e-05,6.3056e-05,6.3056e-05,27,1,27,27,27,4,1,4,4,4,0,1,0,0,0
18,10,24,1,24,24,24,6.3063e-05,1,6.3063e-05,6.3063e-05,6.3063e-05,26,1,26,26,26,4,1,4,4,4,0,1,0,0,0
18,10,19,1,19,19,19,6.0601e-05,1,6.0601e-05,6.0601e-05,6.0601e-05,26,1,26,26,26,4,1,4,4,4,0,1,0,0,0
18,10,14,1,14,14,14,5.41e-05,1,5.41e-05,5.41e-05,5.41e-05,19,1,19,19,19,4,1,4,4,4,0,1,0,0,0
18,10,11,1,11,11,11,5.6468e-05,1,5.6468e-05,5.6468e-05,5.6468e-05,23,1,23,23,23,3,1,3,3,3,0,1,0,0,0
18,10,21,1,21,21,21,5.8194e-05,1,5.8194e-05,5.8194e-05,5.8194e-05,22,1,22,22,22,4,1,4,4,4,0,1,0,0,0
18,10,15,1,15,15,15,5.9281e-05,1,5.9281e-05,5.9281e-05,5.9281e-05,26,1,26,26,26,3,1,3,3,3,0,1,0,0,0
18,10,15,1,15,15,15,6.2819e-05,1,6.2819e-05,6.2819e-05,6.2819e-05,21,1,21,21,21,4,1,4,4,4,0,1,0,0,0
18,10,15,1,15,15,15,5.3818e-05,1,5.3818e-05,5.3818e-05,5.3818e-05,19,1,19,19,19,4,1,4,4,4,0,1,0,0,0
18,10,14,1,14,14,14,5.6822e-05,1,5.6822e-05,5.6822e-05,5.6822e-05,25,1,25,25,25,3,1,3,3,3,0,1,0,0,0
18,10,7,1,7,7,7,5.3241e-05,1,5.3241e-05,5.3241e-05,5.3241e-05,21,1,21,21,21,3,1,3,3,3,0,1,0,0,0
18,10,18,1,18,18,18,5.7794e-05,1,5.7794e-05,5.7794e-05,5.7794e-05,21,1,21,21,21,4,1,4,4,4,0,1,0,0,0
18,10,13,1,13,13,13,5.6644e-05,1,5.6644e-05,5.6644e-05,5.6644e-05,23,1,23,23,23,3,1,3,3,3,0,1,0,0,0
18,10,15,1,15,15,15,5.9436e-05,1,5.9436e-05,5.9436e-05,5.9436e-05,25,1,25,25,25,3,1,3,3,3,0,1,0,0,0
18,10,19,1,19,19,19,6.0172e-05,1,6.0172e-05,6.0172e-05,6.0172e-05,26,1,26,26,26,3,1,3,3,3,0,1,0,0,0
18,10,17,1,17,17,17,6.1851e-05,1,6.1851e-05,6.1851e-05,6.1851e-05,28,1,28,28,28,3,1,3,3,3,0,1,0,0,0
18,10,17,1,17,17,17,5.7626e-05,1,5.7626e-05,5.7626e-05,5.7626e-05,24,1,24,24,24,4,1,4,4,4,0,1,0,0,0
18,10,18,1,18,18,18,5.4434e-05,1,5.4434e-05,5.4434e-05,5.4434e-05,19,1,19,19,19,4,1,4,4,4,0,1,0,0,0
18,10,19,1,19,19,19,6.4519e-05,1,6.4519e-05,6.4519e-05,6.4519e-05,31,1,31,31,31,3,1,3,3,3,0,1,0,0,0
18,10,16,1,16,16,16,5.7843e-05,1,5.7843e-05,5.7843e-05,5.7843e-05,26,1,26,26,26,3,1,3,3,3,0,1,0,0,0
18,10,12,1,12,12,12,5.4435e-05,1,5.4435e-05,5.4435e-05,5.4435e-05,23,1,23,23,23,3,1,3,3,3,0,1,0,0,0
18,10,17,1,17,17,17,6.0184e-05,1,6.0184e-05,6.0184e-05,6.0184e-05,26,1,26,26,26,4,1,4,4,4,0,1,0,0,0
18,10,6,1,6,6,6,5.1909e-05,1,5.1909e-05,5.1909e-05,5.1909e-05,19,1,19,19,19,4,1,4,4,4,0,1,0,0,0
18,10,18,1,18,18,18,5.5479e-05,1,5.5479e-05,5.5479e-05,5.5479e-05,19,1,19,19,19,4,1,4,4,4,0,1,0,0,0
18,10,17,1,17,17,17,5.6911e-05,1,5.6911e-05,5.6911e-05,5.6911e-05,25,1,25,25,25,3,1,3,3,3,0,1,0,0,0
18,10,16,1,16,16,16,5.4356e-05,1,5.4356e-05,5.4356e-05,5.4356e-05,19,1,19,19,19,4,1,4,4,4,0,1,0,0,0
18,10,18,1,18,18,18,5.7117e-05,1,5.7117e-05,5.7117e-05,5.7117e-05,22,1,22,22,22,4,1,4,4,4,0,1,0,0,0
18,10,13,1,13,13,13,5.7253e-05,1,5.7253e-05,5.7253e-05,5.7253e-05,24,1,24,24,24,3,1,3,3,3,0,1,0,0,0
18,10,22,1,22,22,22,6.0941e-05,1,6.0941e-05,6.0941e-05,6.0941e-05,25,1,25,25,25,4,1,4,4,4,0,1,0,0,0
18,10,18,1,18,18,18,6.334e-05,1,6.334e-05,6.334e-05,6.334e-05,30,1,30,30,30,4,1,4,4,4,0,1,0,0,0
18,10,14,1,14,14,14,5.6987e-05,1,5.6987e-05,5.6987e-05,5.6987e-05,23,1,23,23,23,3,1,3,3,3,0,1,0,0,0
18,10,15,1,15,15,15,5.806e-05,1,5.806e-05,5.806e-05,5.806e-05,25,1,25,25,25,3,1,3,3,3,0,1,0,0,0
18,10,12,1,12,12,12,5.5197e-05,1,5.5197e-05,5.5197e-05,5.5197e-05,21,1,21,21,21,3,1,3,3,3,0,1,0,0,0
18,10,23,1,23,23,23,6.1986e-05,1,6.1986e-05,6.1986e-05,6.1986e-05,25,1,25,25,25,4,1,4,4,4,0,1,0,0,0
18,10,13,1,13,13,13,5.3641e-05,1,5.3641e-05,5.3641e-05,5.3641e-05,19,1,19,19,19,4,1,4,4,4,0,1,0,0,0
18,10,12,1,12,12,12,5.5495e-05,1,5.5495e-05,5.5495e-05,5.5495e-05,23,1,23,23,23,3,1,3,3,3,0,1,0,0,0
18,10,17,1,17,17,17,5.7369e-05,1,5.7369e-05,5.7369e-05,5.7369e-05,21,1,21,21,21,4,1,4,4,4,0,1,0,0,0
18,10,10,1,10,10,10,5.4097e-05,1,5.4097e-05,5.4097e-05,5.4097e-05,21,1,21,21,21,3,1,3,3,3,0,1,0,0,0
18,10,18,1,18,18,18,5.7718e-05,1,5.7718e-05,5.7718e-05,5.7718e-05,22,1,22,22,22,4,1,4,4,4,0,1,0,0,0
18,10,12,1,12,12,12,5.7259e-05,1,5.7259e-05,5.7259e-05,5.7259e-05,24,1,24,24,24,3,1,3,3,3,0,1,0,0,0
18,10,20,1,20,20,20,6.134e-05,1,6.134e-05,6.134e-05,6.134e-05,26,1,26,26,26,4,1,4,4,4,0,1,0,0,0
18,10,15,1,15,15,15,5.8971e-05,1,5.8971e-05,5.8971e-05,5.8971e-05,27,1,27,27,27,3,1,3,3,3,0,1,0,0,0
18,10,18,1,18,18,18,5.9856e-05,1,5.9856e-05,5.9856e-05,5.9856e-05,22,1,22,22,22,4,1,4,4,4,0,1,0,0,0
18,10,17,1,17,17,17,6.1824e-05,1,6.1824e-05,6.1824e-05,6.1824e-05,25,1,25,25,25,3,1,3,3,3,0,1,0,0,0
18,10,13,1,13,13,13,5.2907e-05,1,5.2907e-05,5.2907e-05,5.2907e-05,19,1,19,19,19,4,1,4,4,4,0,1,0,0,0
18,10,12,1,12,12,12,5.5256e-05,1,5.5256e-05,5.5256e-05,5.5256e-05,22,1,22,22,22,3,1,3,3,3,0,1,0,0,0
18,10,10,1,10,10,10,5.5174e-05,1,5.5174e-05,5.5174e-05,5.5174e-05,23,1,23,23,23,3,1,3,3,3,0,1,0,0,0
18,10,14,1,14,14,14,5.7619e-05,1,5.7619e-05,5.7619e-05,5.7619e-05,24,1,24,24,24,3,1,3,3,3,0,1,0,0,0
18,10,16,1,16,16,16,5.8816e-05,1,5.8816e-05,5.8816e-05,5.8816e-05,27,1,27,27,27,3,1,3,3,3,0,1,0,0,0
18,10,22,1,22,22,22,6.0515e-05,1,6.0515e-05,6.0515e-05,6.0515e-05,22,1,22,22,22,4,1,4,4,4,0,1,0,0,0
18,10,18,1,18,18,18,5.9387e-05,1,5.9387e-05,5.9387e-05,5.9387e-05,26,1,26,26,26,3,1,3,3,3,0,1,0,0,0
18,10,22,1,22,22,22,5.5431e-05,1,5.5431e-05,5.5431e-05,5.5431e-05,19,1,19,19,19,4,1,4,4,4,0,1,0,0,0
18,10,16,1,16,16,16,5.9379e-05,1,5.9379e-05,5.9379e-05,5.9379e-05,23,1,23,23,23,4,1,4,4,4,0,1,0,0,0
18,10,22,1,22,22,22,6.4096e-05,1,6.4096e-05,6.4096e-05,6.4096e-05,26,1,26,26,26,4,1,4,4,4,0,1,0,0,0
18,10,13,1,13,13,13,5.6801e-05,1,5.6801e-05,5.6801e-05,5.6801e-05,23,1,23,23,23,3,1,3,3,3,0,1,0,0,0
18,10,22,1,22,22,22,6.3655e-05,1,6.3655e-05,6.3655e-05,6.3655e-05,26,1,26,26,26,4,1,4,4,4,0,1,0,0,0
18,10,13,1,13,13,13,5.8685e-05,1,5.8685e-05,5.8685e-05,5.8685e-05,25,1,25,25,25,3,1,3,3,3,0,1,0,0,0
18,10,14,1,14,14,14,5.2818e-05,1,5.2818e-05,5.2818e-05,5.2818e-05,19,1,19,19,19,4,1,4,4,4,0,1,0,0,0
18,10,14,1,14,14,14,5.5116e-05,1,5.5116e-05,5.5116e-05,5.5116e-05,23,1,23,23,23,3,1,3,3,3,0,1,0,0,0
18,10,15,1,15,15,15,5.8956e-05,1,5.8956e-05,5.8956e-05,5.8956e-05,26,1,26,26,26,3,1,3,3,3,0,1,0,0,0
18,10,13,1,13,13,13,5.6736e-05,1,5.6736e-05,5.6736e-05,5.6736e-05,22,1,22,22,22,4,1,4,4,4,0,1,0,0,0
18,10,17,1,17,17,17,6.0403e-05,1,6.0403e-05,6.0403e-05,6.0403e-05,24,1,24,24,24,4,1,4,4,4,0,1,0,0,0
18,10,18,1,18,18,18,5.7186e-05,1,5.7186e-05,5.7186e-05,5.7186e-05,22,1,22,22,22,4,1,4,4,4,0,1,0,0,0
18,10,15,1,15,15,15,5.4428e-05,1,5.4428e-05,5.4428e-05,5.4428e-05,19,1,19,19,19,4,1,4,4,4,0,1,0,0,0
18,10,15,1,15,15,15,6.0119e-05,1,6.0119e-05,6.0119e-05,6.0119e-05,28,1,28,28,28,3,1,3,3,3,0,1,0,0,0
18,10,13,1,13,13,13,5.6198e-05,1,5.6198e-05,5.6198e-05,5.6198e-05,22,1,22,22,22,3,1,3,3,3,0,1,0,0,0
18,10,14,1,14,14,14,5.3341e-05,1,5.3341e-05,5.3341e-05,5.3341e-05,19,1,19,19,19,4,1,4,4,4,0,1,0,0,0
18,10,15,1,15,15,15,5.8144e-05,1,5.8144e-05,5.8144e-05,5.8144e-05,25,1,25,25,25,3,1,3,3,3,0,1,0,0,0
18,10,16,1,16,16,16,5.977e-05,1,5.977e-05,5.977e-05,5.977e-05,26,1,26,26,26,3,1,3,3,3,0,1,0,0,0
18,10,7,1,7,7,7,5.1859e-05,1,5.1859e-05,5.1859e-05,5.1859e-05,19,1,19,19,19,3,1,3,3,3,0,1,0,0,0
18,10,19,1,19,19,19,6.178e-05,1,6.178e-05,6.178e-05,6.178e-05,28,1,28,28,28,3,1,3,3,3,0,1,0,0,0
18,10,10,1,10,10,10,5.3006e-05,1,5.3006e-05,5.3006e-05,5.3006e-05,19,1,19,19,19,3,1,3,3,3,0,1,0,0,0
18,10,21,1,21,21,21,6.0602e-05,1,6.0602e-05,6.0602e-05,6.0602e-05,23,1,23,23,23,4,1,4,4,4,0,1,0,0,0
18,10,18,1,18,18,18,5.7971e-05,1,5.7971e-05,5.7971e-05,5.7971e-05,22,1,22,22,22,4,1,4,4,4,0,1,0,0,0
18,10,15,1,15,15,15,5.9157e-05,1,5.9157e-05,5.9157e-05,5.9157e-05,24,1,24,24,24,4,1,4,4,4,0,1,0,0,0
18,10,11,1,11,11,11,5.1759e-05,1,5.1759e-05,5.1759e-05,5.1759e-05,19,1,19,19,19,3,1,3,3,3,0,1,0,0,0
18,10,13,1,13,13,13,5.7798e-05,1,5.7798e-05,5.7798e-05,5.7798e-05,23,1,23,23,23,3,1,3,3,3,0,1,0,0,0
18,10,14,1,14,14,14,5.3758e-05,1,5.3758e-05,5.3758e-05,5.3758e-05,19,1,19,19,19,4,1,4,4,4,0,1,0,0,0
18,10,12,1,12,12,12,5.4447e-05,1,5.4447e-05,5.4447e-05,5.4447e-05,23,1,23,23,23,3,1,3,3,3,0,1,0,0,0
18,10,16,1,16,16,16,5.77e-05,1,5.77e-05,5.77e-05,5.77e-05,24,1,24,24,24,3,1,3,3,3,0,1,0,0,0
18,10,22,1,22,22,22,6.576e-05,1,6.576e-05,6.576e-05,6.576e-05,28,1,28,28,28,4,1,4,4,4,0,1,0,0,0
18,10,17,1,17,17,17,5.8579e-05,1,5.8579e-05,5.8579e-05,5.8579e-05,25,1,25,25,25,3,1,3,3,3,0,1,0,0,0
18,10,12,1,12,12,12,5.4344e-05,1,5.4344e-05,5.4344e-05,5.4344e-05,21,1,21,21,21,3,1,3,3,3,0,1,0,0,0
18,10,13,1,13,13,13,5.4346e-05,1,5.4346e-05,5.4346e-05,5.4346e-05,21,1,21,21,21,3,1,3,3,3,0,1,0,0,0
18,10,18,1,18,18,18,5.4006e-05,1,5.4006e-05,5.4006e-05,5.4006e-05,19,1,19,19,19,4,1,4,4,4,0,1,0,0,0
18,10,17,1,17,17,17,5.6523e-05,1,5.6523e-05,5.6523e-05,5.6523e-05,22,1,22,22,22,4,1,4,4,4,0,1,0,0,0
18,10,18,1,18,18,18,6.0869e-05,1,6.0869e-05,6.0869e-05,6.0869e-05,25,1,25,25,25,3,1,3,3,3,0,1,0,0,0
18,10,16,1,16,16,16,5.8283e-05,1,5.8283e-05,5.8283e-05,5.8283e-05,25,1,25,25,25,3,1,3,3,3,0,1,0,0,0
18,10,8,1,8,8,8,5.381e-05,1,5.381e-05,5.381e-05,5.381e-05,21,1,21,21,21,3,1,3,3,3,0,1,0,0,0
18,10,21,1,21,21,21,6.5988e-05,1,6.5988e-05,6.5988e-05,6.5988e-05,28,1,28,28,28,4,1,4,4,4,0,1,0,0,0
18,10,15,1,15,15,15,5.6356e-05,1,5.6356e-05,5.6356e-05,5.6356e-05,24,1,24,24,24,3,1,3,3,3,0,1,0,0,0
18,10,21,1,21,21,21,5.4717e-05,1,5.4717e-05,5.4717e-05,5.4717e-05,19,1,19,19,19,4,1,4,4,4,0,1,0,0,0
18,10,18,1,18,18,18,5.7092e-05,1,5.7092e-05,5.7092e-05,5.7092e-05,22,1,22,22,22,4,1,4,4,4,0,1,0,0,0
18,10,21,1,21,21,21,5.5062e-05,1,5.5062e-05,5.5062e-05,5.5062e-05,19,1,19,19,19,4,1,4,4,4,0,1,0,0,0
18,10,8,1,8,8,8,5.1733e-05,1,5.1733e-05,5.1733e-05,5.1733e-05,19,1,19,19,19,3,1,3,3,3,0,1,0,0,0
18,10,10,1,10,10,10,5.6137e-05,1,5.6137e-05,5.6137e-05,5.6137e-05,24,1,24,24,24,3,1,3,3,3,0,1,0,0,0
18,10,13,1,13,13,13,5.6321e-05,1,5.6321e-05,5.6321e-05,5.6321e-05,23,1,23,23,23,3,1,3,3,3,0,1,0,0,0
18,10,13,1,13,13,13,5.1585e-05,1,5.1585e-05,5.1585e-05,5.1585e-05,19,1,19,19,19,4,1,4,4,4,0,1,0,0,0
18,10,20,1,20,20,20,5.6662e-05,1,5.6662e-05,5.6662e-05,5.6662e-05,19,1,19,19,19,4,1,4,4,4,0,1,0,0,0
18,10,11,1,11,11,11,5.3245e-05,1,5.3245e-05,5.3245e-05,5.3245e-05,21,1,21,21,21,3,1,3,3,3,0,1,0,0,0
18,10,13,1,13,13,13,5.2813e-05,1,5.2813e-05,5.2813e-05,5.2813e-05,19,1,19,19,19,4,1,4,4,4,0,1,0,0,0
18,10,12,1,12,12,12,5.4324e-05,1,5.4324e-05,5.4324e-05,5.4324e-05,19,1,19,19,19,4,1,4,4,4,0,1,0,0,0
18,10,13,1,13,13,13,5.448e-05,1,5.448e-05,5.448e-05,5.448e-05,19,1,19,19,19,4,1,4,4,4,0,1,0,0,0
18,10,14,1,14,14,14,5.7577e-05,1,5.7577e-05,5.7577e-05,5.7577e-05,24,1,24,24,24,3,1,3,3,3,0,1,0,0,0
18,10,10,1,10,10,10,5.1963e-05,1,5.1963e-05,5.1963e-05,5.1963e-05,19,1,19,19,19,4,1,4,4,4,0,1,0,0,0
18,10,12,1,12,12,12,5.4022e-05,1,5.4022e-05,5.4022e-05,5.4022e-05,21,1,21,21,21,3,1,3,3,3,0,1,0,0,0
18,10,8,1,8,8,8,5.1221e-05,1,5.1221e-05,5.1221e-05,5.1221e-05,19,1,19,19,19,3,1,3,3,3,0,1,0,0,0
18,10,22,1,22,22,22,6.3333e-05,1,6.3333e-05,6.3333e-05,6.3333e-05,25,1,25,25,25,4,1,4,4,4,0,1,0,0,0
18,10,15,1,15,15,15,5.4983e-05,1,5.4983e-05,5.4983e-05,5.4983e-05,21,1,21,21,21,3,1,3,3,3,0,1,0,0,0
18,10,13,1,13,13,13,5.3901e-05,1,5.3901e-05,5.3901e-05,5.3901e-05,19,1,19,19,19,4,1,4,4,4,0,1,0,0,0
18,10,21,1,21,21,21,5.5959e-05,1,5.5959e-05,5.5959e-05,5.5959e-05,19,1,19,19,19,4,1,4,4,4,0,1,0,0,0
18,10,12,1,12,12,12,5.4823e-05,1,5.4823e-05,5.4823e-05,5.4823e-05,21,1,21,21,21,3,1,3,3,3,0,1,0,0,0
18,10,15,1,15,15,15,5.3455e-05,1,5.3455e-05,5.3455e-05,5.3455e-05,19,1,19,19,19,4,1,4,4,4,0,1,0,0,0
18,10,19,1,19,19,19,6.1248e-05,1,6.1248e-05,6.1248e-05,6.1248e-05,25,1,25,25,25,4,1,4,4,4,0,1,0,0,0
18,10,13,1,13,13,13,5.4273e-05,1,5.4273e-05,5.4273e-05,5.4273e-05,19,1,19,19,19,4,1,4,4,4,0,1,0,0,0
18,10,19,1,19,19,19,6.5716e-05,1,6.5716e-05,6.5716e-05,6.5716e-05,31,1,31,31,31,3,1,3,3,3,0,1,0,0,0
18,10,15,1,15,15,15,5.6302e-05,1,5.6302e-05,5.6302e-05,5.6302e-05,22,1,22,22,22,4,1,4,4,4,0,1,0,0,0
18,10,16,1,16,16,16,9.9463e-05,1,9.9463e-05,9.9463e-05,9.9463e-05,30,1,30,30,30,4,1,4,4,4,0,1,0,0,0
18,10,13,1,13,13,13,5.7871e-05,1,5.7871e-05,5.7871e-05,5.7871e-05,24,1,24,24,24,3,1,3,3,3,0,1,0,0,0
18,10,11,1,11,11,11,5.4066e-05,1,5.4066e-05,5.4066e-05,5.4066e-05,21,1,21,21,21,3,1,3,3,3,0,1,0,0,0
18,10,10,1,10,10,10,5.3092e-05,1,5.3092e-05,5.3092e-05,5.3092e-05,21,1,21,21,21,3,1,3,3,3,0,1,0,0,0
18,10,12,1,12,12,12,5.3936e-05,1,5.3936e-05,5.3936e-05,5.3936e-05,21,1,21,21,21,3,1,3,3,3,0,1,0,0,0
18,10,9,1,9,9,9,5.5767e-05,1,5.5767e-05,5.5767e-05,5.5767e-05,21,1,21,21,21,4,1,4,4,4,0,1,0,0,0
18,10,15,1,15,15,15,5.683e-05,1,5.683e-05,5.683e-05,5.683e-05,22,1,22,22,22,4,1,4,4,4,0,1,0,0,0
18,10,16,1,16,16,16,5.8466e-05,1,5.8466e-05,5.8466e-05,5.8466e-05,24,1,24,24,24,3,1,3,3,3,0,1,0,0,0
18,10,11,1,11,11,11,5.6096e-05,1,5.6096e-05,5.6096e-05,5.6096e-05,23,1,23,23,23,3,1,3,3,3,0,1,0,0,0
18,10,13,1,13,13,13,5.2447e-05,1,5.2447e-05,5.2447e-05,5.2447e-05,19,1,19,19,19,4,1,4,4,4,0,1,0,0,0
18,10,13,1,13,13,13,5.4778e-05,1,5.4778e-05,5.4778e-05,5.4778e-05,21,1,21,21,21,3,1,3,3,3,0,1,0,0,0
18,10,17,1,17,17,17,5.4898e-05,1,5.4898e-05,5.4898e-05,5.4898e-05,19,1,19,19,19,4,1,4,4,4,0,1,0,0,0
18,10,11,1,11,11,11,5.7609e-05,1,5.7609e-05,5.7609e-05,5.7609e-05,23,1,23,23,23,4,1,4,4,4,0,1,0,0,0
18,10,17,1,17,17,17,5.9237e-05,1,5.9237e-05,5.9237e-05,5.9237e-05,27,1,27,27,27,3,1,3,3,3,0,1,0,0,0
18,10,5,1,5,5,5,5.0929e-05,1,5.0929e-05,5.0929e-05,5.0929e-05,19,1,19,19,19,3,1,3,3,3,0,1,0,0,0
18,10,18,1,18,18,18,6.116e-05,1,6.116e-05,6.116e-05,6.116e-05,29,1,29,29,29,3,1,3,3,3,0,1,0,0,0
18,10,10,1,10,10,10,5.8287e-05,1,5.8287e-05,5.8287e-05,5.8287e-05,25,1,25,25,25,3,1,3,3,3,0,1,0,0,0
18,10,16,1,16,16,16,6.1042e-05,1,6.1042e-05,6.1042e-05,6.1042e-05,28,1,28,28,28,3,1,3,3,3,0,1,0,0,0
18,10,19,1,19,19,19,5.8545e-05,1,5.8545e-05,5.8545e-05,5.8545e-05,24,1,24,24,24,4,1,4,4,4,0,1,0,0,0
18,10,18,1,18,18,18,6.2355e-05,1,6.2355e-05,6.2355e-05,6.2355e-05,27,1,27,27,27,4,1,4,4,4,0,1,0,0,0
18,10,13,1,13,13,13,5.2027e-05,1,5.2027e-05,5.2027e-05,5.2027e-05,19,1,19,19,19,3,1,3,3,3,0,1,0,0,0
18,10,16,1,16,16,16,6.4459e-05,1,6.4459e-05,6.4459e-05,6.4459e-05,30,1,30,30,30,4,1,4,4,4,0,1,0,0,0
18,10,18,1,18,18,18,5.5078e-05,1,5.5078e-05,5.5078e-05,5.5078e-05,19,1,19,19,19,5,1,5,5,5,0,1,0,0,0
18,10,16,1,16,16,16,5.512e-05,1,5.512e-05,5.512e-05,5.512e-05,19,1,19,19,19,4,1,4,4,4,0,1,0,0,0
18,10,22,1,22,22,22,6.5347e-05,1,6.5347e-05,6.5347e-05,6.5347e-05,27,1,27,27,27,4,1,4,4,4,0,1,0,0,0
18,10,13,1,13,13,13,5.5712e-05,1,5.5712e-05,5.5712e-05,5.5712e-05,22,1,22,22,22,3,1,3,3,3,0,1,0,0,0
18,10,13,1,13,13,13,5.7469e-05,1,5.7469e-05,5.7469e-05,5.7469e-05,25,1,25,25,25,3,1,3,3,3,0,1,0,0,0
18,10,14,1,14,14,14,5.8006e-05,1,5.8006e-05,5.8006e-05,5.8006e-05,24,1,24,24,24,3,1,3,3,3,0,1,0,0,0
18,10,14,1,14,14,14,5.3675e-05,1,5.3675e-05,5.3675e-05,5.3675e-05,19,1,19,19,19,4,1,4,4,4,0,1,0,0,0
18,10,11,1,11,11,11,5.1987e-05,1,5.1987e-05,5.1987e-05,5.1987e-05,19,1,19,19,19,4,1,4,4,4,0,1,0,0,0
18,10,14,1,14,14,14,5.5558e-05,1,5.5558e-05,5.5558e-05,5.5558e-05,21,1,21,21,21,3,1,3,3,3,0,1,0,0,0
18,10,11,1,11,11,11,5.1501e-05,1,5.1501e-05,5.1501e-05,5.1501e-05,19,1,19,19,19,4,1,4,4,4,0,1,0,0,0
18,10,15,1,15,15,15,5.6342e-05,1,5.6342e-05,5.6342e-05,5.6342e-05,22,1,22,22,22,4,1,4,4,4,0,1,0,0,0
18,10,14,1,14,14,14,5.3543e-05,1,5.3543e-05,5.3543e-05,5.3543e-05,19,1,19,19,19,4,1,4,4,4,0,1,0,0,0
18,10,13,1,13,13,13,5.676e-05,1,5.676e-05,5.676e-05,5.676e-05,24,1,24,24,24,3,1,3,3,3,0,1,0,0,0
18,10,20,1,20,20,20,5.9941e-05,1,5.9941e-05,5.9941e-05,5.9941e-05,22,1,22,22,22,4,1,4,4,4,0,1,0,0,0
18,10,8,1,8,8,8,5.1566e-05,1,5.1566e-05,5.1566e-05,5.1566e-05,19,1,19,19,19,3,1,3,3,3,0,1,0,0,0
18,10,7,1,7,7,7,5.7456e-05,1,5.7456e-05,5.7456e-05,5.7456e-05,19,1,19,19,19,3,1,3,3,3,0,1,0,0,0
18,10,17,1,17,17,17,7.3036e-05,1,7.3036e-05,7.3036e-05,7.3036e-05,22,1,22,22,22,4,1,4,4,4,0,1,0,0,0
18,10,9,1,9,9,9,5.2997e-05,1,5.2997e-05,5.2997e-05,5.2997e-05,21,1,21,21,21,3,1,3,3,3,0,1,0,0,0
18,10,12,1,12,12,12,5.4697e-05,1,5.4697e-05,5.4697e-05,5.4697e-05,21,1,21,21,21,3,1,3,3,3,0,1,0,0,0
18,10,16,1,16,16,16,5.467e-05,1,5.467e-05,5.467e-05,5.467e-05,19,1,19,19,19,4,1,4,4,4,0,1,0,0,0
18,10,20,1,20,20,20,6.1529e-05,1,6.1529e-05,6.1529e-05,6.1529e-05,25,1,25,25,25,4,1,4,4,4,0,1,0,0,0
18,10,16,1,16,16,16,5.5004e-05,1,5.5004e-05,5.5004e-05,5.5004e-05,19,1,19,19,19,4,1,4,4,4,0,1,0,0,0
18,10,24,1,24,24,24,6.495e-05,1,6.495e-05,6.495e-05,6.495e-05,28,1,28,28,28,4,1,4,4,4,0,1,0,0,0
18,10,15,1,15,15,15,5.4782e-05,1,5.4782e-05,5.4782e-05,5.4782e-05,19,1,19,19,19,4,1,4,4,4,0,1,0,0,0
18,10,14,1,14,14,14,5.6804e-05,1,5.6804e-05,5.6804e-05,5.6804e-05,23,1,23,23,23,3,1,3,3,3,0,1,0,0,0
18,10,12,1,12,12,12,5.3345e-05,1,5.3345e-05,5.3345e-05,5.3345e-05,19,1,19,19,19,4,1,4,4,4,0,1,0,0,0
18,10,13,1,13,13,13,5.3391e-05,1,5.3391e-05,5.3391e-05,5.3391e-05,19,1,19,19,19,4,1,4,4,4,0,1,0,0,0
18,10,15,1,15,15,15,5.699e-05,1,5.699e-05,5.699e-05,5.699e-05,22,1,22,22,22,4,1,4,4,4,0,1,0,0,0
18,10,11,1,11,11,11,5.3951e-05,1,5.3951e-05,5.3951e-05,5.3951e-05,21,1,21,21,21,3,1,3,3,3,0,1,0,0,0
18,10,15,1,15,15,15,5.3828e-05,1,5.3828e-05,5.3828e-05,5.3828e-05,19,1,19,19,19,4,1,4,4,4,0,1,0,0,0
18,10,14,1,14,14,14,5.4499e-05,1,5.4499e-05,5.4499e-05,5.4499e-05,19,1,19,19,19,4,1,4,4,4,0,1,0,0,0
18,10,19,1,19,19,19,5.4762e-05,1,5.4762e-05,5.4762e-05,5.4762e-05,19,1,19,19,19,4,1,4,4,4,0,1,0,0,0
18,10,16,1,16,16,16,5.3277e-05,1,5.3277e-05,5.3277e-05,5.3277e-05,19,1,19,19,19,4,1,4,4,4,0,1,0,0,0
18,10,13,1,13,13,13,5.546e-05,1,5.546e-05,5.546e-05,5.546e-05,21,1,21,21,21,3,1,3,3,3,0,1,0,0,0
18,10,18,1,18,18,18,5.7047e-05,1,5.7047e-05,5.7047e-05,5.7047e-05,21,1,21,21,21,4,1,4,4,4,0,1,0,0,0
18,10,13,1,13,13,13,5.5794e-05,1,5.5794e-05,5.5794e-05,5.5794e-05,22,1,22,22,22,4,1,4,4,4,0,1,0,0,0
18,10,17,1,17,17,17,5.7085e-05,1,5.7085e-05,5.7085e-05,5.7085e-05,21,1,21,21,21,4,1,4,4,4,0,1,0,0,0
18,10,13,1,13,13,13,5.5771e-05,1,5.5771e-05,5.5771e-05,5.5771e-05,22,1,22,22,22,3,1,3,3,3,0,1,0,0,0
18,10,10,1,10,10,10,5.424e-05,1,5.424e-05,5.424e-05,5.424e-05,21,1,21,21,21,3,1,3,3,3,0,1,0,0,0
18,10,15,1,15,15,15,6.033e-05,1,6.033e-05,6.033e-05,6.033e-05,26,1,26,26,26,3,1,3,3,3,0,1,0,0,0
18,10,22,1,22,22,22,5.8593e-05,1,5.8593e-05,5.8593e-05,5.8593e-05,22,1,22,22,22,4,1,4,4,4,0,1,0,0,0
18,10,14,1,14,14,14,5.8623e-05,1,5.8623e-05,5.8623e-05,5.8623e-05,25,1,25,25,25,3,1,3,3,3,0,1,0,0,0
18,10,21,1,21,21,21,6.4354e-05,1,6.4354e-05,6.4354e-05,6.4354e-05,31,1,31,31,31,3,1,3,3,3,0,1,0,0,0
18,10,17,1,17,17,17,6.074e-05,1,6.074e-05,6.074e-05,6.074e-05,27,1,27,27,27,3,1,3,3,3,0,1,0,0,0
18,10,11,1,11,11,11,5.3861e-05,1,5.3861e-05,5.3861e-05,5.3861e-05,21,1,21,21,21,3,1,3,3,3,0,1,0,0,0
18,10,18,1,18,18,18,5.9515e-05,1,5.9515e-05,5.9515e-05,5.9515e-05,25,1,25,25,25,4,1,4,4,4,0,1,0,0,0
18,10,14,1,14,14,14,5.2615e-05,1,5.2615e-05,5.2615e-05,5.2615e-05,19,1,19,19,19,4,1,4,4,4,0,1,0,0,0
18,10,19,1,19,19,19,6.1668e-05,1,6.1668e-05,6.1668e-05,6.1668e-05,24,1,24,24,24,4,1,4,4,4,0,1,0,0,0
18,10,12,1,12,12,12,5.7345e-05,1,5.7345e-05,5.7345e-05,5.7345e-05,24,1,24,24,24,3,1,3,3,3,0,1,0,0,0
18,10,12,1,12,12,12,5.444e-05,1,5.444e-05,5.444e-05,5.444e-05,22,1,22,22,22,3,1,3,3,3,0,1,0,0,0
18,10,9,1,9,9,9,5.3055e-05,1,5.3055e-05,5.3055e-05,5.3055e-05,21,1,21,21,21,3,1,3,3,3,0,1,0,0,0
18,10,11,1,11,11,11,5.3408e-05,1,5.3408e-05,5.3408e-05,5.3408e-05,19,1,19,19,19,4,1,4,4,4,0,1,0,0,0
18,10,22,1,22,22,22,0.000102305,1,0.000102305,0.000102305,0.000102305,32,1,32,32,32,3,1,3,3,3,0,1,0,0,0
18,10,19,1,19,19,19,5.743e-05,1,5.743e-05,5.743e-05,5.743e-05,22,1,22,22,22,4,1,4,4,4,0,1,0,0,0
18,10,13,1,13,13,13,5.5517e-05,1,5.5517e-05,5.5517e-05,5.5517e-05,23,1,23,23,23,3,1,3,3,3,0,1,0,0,0
18,10,16,1,16,16,16,5.5334e-05,1,5.5334e-05,5.5334e-05,5.5334e-05,19,1,19,19,19,4,1,4,4,4,0,1,0,0,0
18,10,18,1,18,18,18,6.2336e-05,1,6.2336e-05,6.2336e-05,6.2336e-05,26,1,26,26,26,4,1,4,4,4,0,1,0,0,0
18,10,11,1,11,11,11,5.5196e-05,1,5.5196e-05,5.5196e-05,5.5196e-05,23,1,23,23,23,3,1,3,3,3,0,1,0,0,0
18,10,13,1,13,13,13,5.57e-05,1,5.57e-05,5.57e-05,5.57e-05,23,1,23,23,23,3,1,3,3,3,0,1,0,0,0
18,10,18,1,18,18,18,5.9805e-05,1,5.9805e-05,5.9805e-05,5.9805e-05,25,1,25,25,25,4,1,4,4,4,0,1,0,0,0
18,10,13,1,13,13,13,5.4135e-05,1,5.4135e-05,5.4135e-05,5.4135e-05,19,1,19,19,19,4,1,4,4,4,0,1,0,0,0
18,10,23,1,23,23,23,6.1748e-05,1,6.1748e-05,6.1748e-05,6.1748e-05,23,1,23,23,23,4,1,4,4,4,0,1,0,0,0
18,10,16,1,16,16,16,5.973e-05,1,5.973e-05,5.973e-05,5.973e-05,26,1,26,26,26,3,1,3,3,3,0,1,0,0,0
18,10,10,1,10,10,10,5.5436e-05,1,5.5436e-05,5.5436e-05,5.5436e-05,23,1,23,23,23,3,1,3,3,3,0,1,0,0,0
18,10,11,1,11,11,11,5.5288e-05,1,5.5288e-05,5.5288e-05,5.5288e-05,21,1,21,21,21,3,1,3,3,3,0,1,0,0,0
18,10,13,1,13,13,13,5.4918e-05,1,5.4918e-05,5.4918e-05,5.4918e-05,21,1,21,21,21,3,1,3,3,3,0,1,0,0,0
18,10,16,1,16,16,16,5.607e-05,1,5.607e-05,5.607e-05,5.607e-05,21,1,21,21,21,4,1,4,4,4,0,1,0,0,0
18,10,13,1,13,13,13,5.1792e-05,1,5.1792e-05,5.1792e-05,5.1792e-05,19,1,19,19,19,3,1,3,3,3,0,1,0,0,0
18,10,12,1,12,12,12,5.5957e-05,1,5.5957e-05,5.5957e-05,5.5957e-05,22,1,22,22,22,3,1,3,3,3,0,1,0,0,0
18,10,11,1,11,11,11,5.4192e-05,1,5.4192e-05,5.4192e-05,5.4192e-05,21,1,21,21,21,3,1,3,3,3,0,1,0,0,0
18,10,16,1,16,16,16,6.1268e-05,1,6.1268e-05,6.1268e-05,6.1268e-05,27,1,27,27,27,4,1,4,4,4,0,1,0,0,0
18,10,17,1,17,17,17,5.6915e-05,1,5.6915e-05,5.6915e-05,5.6915e-05,22,1,22,22,22,4,1,4,4,4,0,1,0,0,0
18,10,14,1,14,14,14,5.5476e-05,1,5.5476e-05,5.5476e-05,5.5476e-05,22,1,22,22,22,3,1,3,3,3,0,1,0,0,0
18,10,14,1,14,14,14,5.7906e-05,1,5.7906e-05,5.7906e-05,5.7906e-05,22,1,22,22,22,4,1,4,4,4,0,1,0,0,0
18,10,18,1,18,18,18,5.5215e-05,1,5.5215e-05,5.5215e-05,5.5215e-05,19,1,19,19,19,4,1,4,4,4,0,1,0,0,0
18,10,16,1,16,16,16,5.867e-05,1,5.867e-05,5.867e-05,5.867e-05,22,1,22,22,22,4,1,4,4,4,0,1,0,0,0
18,10,19,1,19,19,19,6.2856e-05,1,6.2856e-05,6.2856e-05,6.2856e-05,28,1,28,28,28,3,1,3,3,3,0,1,0,0,0
18,10,10,1,10,10,10,5.2348e-05,1,5.2348e-05,5.2348e-05,5.2348e-05,19,1,19,19,19,3,1,3,3,3,0,1,0,0,0
18,10,13,1,13,13,13,5.6212e-05,1,5.6212e-05,5.6212e-05,5.6212e-05,23,1,23,23,23,3,1,3,3,3,0,1,0,0,0
18,10,12,1,12,12,12,5.4639e-05,1,5.4639e-05,5.4639e-05,5.4639e-05,21,1,21,21,21,3,1,3,3,3,0,1,0,0,0
18,10,13,1,13,13,13,5.8509e-05,1,5.8509e-05,5.8509e-05,5.8509e-05,26,1,26,26,26,3,1,3,3,3,0,1,0,0,0
18,10,14,1,14,14,14,5.6192e-05,1,5.6192e-05,5.6192e-05,5.6192e-05,23,1,23,23,23,3,1,3,3,3,0,1,0,0,0
18,10,14,1,14,14,14,5.8735e-05,1,5.8735e-05,5.8735e-05,5.8735e-05,26,1,26,26,26,3,1,3,3,3,0,1,0,0,0
18,10,23,1,23,23,23,6.6944e-05,1,6.6944e-05,6.6944e-05,6.6944e-05,28,1,28,28,28,4,1,4,4,4,0,1,0,0,0
18,10,22,1,22,22,22,6.5394e-05,1,6.5394e-05,6.5394e-05,6.5394e-05,28,1,28,28,28,4,1,4,4,4,0,1,0,0,0
18,10,10,1,10,10,10,5.4184e-05,1,5.4184e-05,5.4184e-05,5.4184e-05,21,1,21,21,21,3,1,3,3,3,0,1,0,0,0
18,10,11,1,11,11,11,5.6276e-05,1,5.6276e-05,5.6276e-05,5.6276e-05,23,1,23,23,23,3,1,3,3,3,0,1,0,0,0
18,10,12,1,12,12,12,5.7112e-05,1,5.7112e-05,5.7112e-05,5.7112e-05,24,1,24,24,24,3,1,3,3,3,0,1,0,0,0
18,10,22,1,22,22,22,6.8602e-05,1,6.8602e-05,6.8602e-05,6.8602e-05,24,1,24,24,24,4,1,4,4,4,0,1,0,0,0
18,10,23,1,23,23,23,6.4848e-05,1,6.4848e-05,6.4848e-05,6.4848e-05,30,1,30,30,30,4,1,4,4,4,0,1,0,0,0
18,10,15,1,15,15,15,5.4366e-05,1,5.4366e-05,5.4366e-05,5.4366e-05,19,1,19,19,19,4,1,4,4,4,0,1,0,0,0
18,10,18,1,18,18,18,5.5116e-05,1,5.5116e-05,5.5116e-05,5.5116e-05,19,1,19,19,19,4,1,4,4,4,0,1,0,0,0
18,10,12,1,12,12,12,5.6051e-05,1,5.6051e-05,5.6051e-05,5.6051e-05,23,1,23,23,23,3,1,3,3,3,0,1,0,0,0
18,10,13,1,13,13,13,5.4175e-05,1,5.4175e-05,5.4175e-05,5.4175e-05,21,1,21,21,21,3,1,3,3,3,0,1,0,0,0
18,10,20,1,20,20,20,6.3591e-05,1,6.3591e-05,6.3591e-05,6.3591e-05,30,1,30,30,30,3,1,3,3,3,0,1,0,0,0
18,10,18,1,18,18,18,5.526e-05,1,5.526e-05,5.526e-05,5.526e-05,22,1,22,22,22,4,1,4,4,4,0,1,0,0,0
18,10,10,1,10,10,10,5.4608e-05,1,5.4608e-05,5.4608e-05,5.4608e-05,21,1,21,21,21,4,1,4,4,4,0,1,0,0,0
18,10,16,1,16,16,16,5.8135e-05,1,5.8135e-05,5.8135e-05,5.8135e-05,22,1,22,22,22,4,1,4,4,4,0,1,0,0,0
18,10,19,1,19,19,19,6.5921e-05,1,6.5921e-05,6.5921e-05,6.5921e-05,32,1,32,32,32,3,1,3,3,3,0,1,0,0,0
18,10,20,1,20,20,20,6.0651e-05,1,6.0651e-05,6.0651e-05,6.0651e-05,25,1,25,25,25,4,1,4,4,4,0,1,0,0,0
18,10,17,1,17,17,17,6.1482e-05,1,6.1482e-05,6.1482e-05,6.1482e-05,26,1,26,26,26,3,1,3,3,3,0,1,0,0,0
18,10,20,1,20,20,20,5.7583e-05,1,5.7583e-05,5.7583e-05,5.7583e-05,21,1,21,21,21,4,1,4,4,4,0,1,0,0,0
18,10,13,1,13,13,13,5.3903e-05,1,5.3903e-05,5.3903e-05,5.3903e-05,19,1,19,19,19,4,1,4,4,4,0,1,0,0,0
18,10,18,1,18,18,18,5.9126e-05,1,5.9126e-05,5.9126e-05,5.9126e-05,24,1,24,24,24,4,1,4,4,4,0,1,0,0,0
18,10,15,1,15,15,15,5.7054e-05,1,5.7054e-05,5.7054e-05,5.7054e-05,22,1,22,22,22,4,1,4,4,4,0,1,0,0,0
18,10,20,1,20,20,20,6.1959e-05,1,6.1959e-05,6.1959e-05,6.1959e-05,29,1,29,29,29,3,1,3,3,3,0,1,0,0,0
18,10,13,1,13,13,13,5.4845e-05,1,5.4845e-05,5.4845e-05,5.4845e-05,21,1,21,21,21,3,1,3,3,3,0,1,0,0,0
18,10,21,1,21,21,21,6.5066e-05,1,6.5066e-05,6.5066e-05,6.5066e-05,31,1,31,31,31,3,1,3,3,3,0,1,0,0,0
18,10,10,1,10,10,10,5.4631e-05,1,5.4631e-05,5.4631e-05,5.4631e-05,21,1,21,21,21,3,1,3,3,3,0,1,0,0,0
18,10,15,1,15,15,15,5.4606e-05,1,5.4606e-05,5.4606e-05,5.4606e-05,19,1,19,19,19,4,1,4,4,4,0,1,0,0,0
18,10,18,1,18,18,18,6.2852e-05,1,6.2852e-05,6.2852e-05,6.2852e-05,29,1,29,29,29,3,1,3,3,3,0,1,0,0,0
18,10,16,1,16,16,16,5.8582e-05,1,5.8582e-05,5.8582e-05,5.8582e-05,26,1,26,26,26,3,1,3,3,3,0,1,0,0,0
18,10,18,1,18,18,18,6.1842e-05,1,6.1842e-05,6.1842e-05,6.1842e-05,28,1,28,28,28,3,1,3,3,3,0,1,0,0,0
18,10,13,1,13,13,13,5.4839e-05,1,5.4839e-05,5.4839e-05,5.4839e-05,21,1,21,21,21,3,1,3,3,3,0,1,0,0,0
18,10,14,1,14,14,14,5.7634e-05,1,5.7634e-05,5.7634e-05,5.7634e-05,24,1,24,24,24,3,1,3,3,3,0,1,0,0,0
18,10,15,1,15,15,15,5.4235e-05,1,5.4235e-05,5.4235e-05,5.4235e-05,21,1,21,21,21,3,1,3,3,3,0,1,0,0,0
18,10,15,1,15,15,15,5.6346e-05,1,5.6346e-05,5.6346e-05,5.6346e-05,22,1,22,22,22,4,1,4,4,4,0,1,0,0,0
18,10,20,1,20,20,20,6.277e-05,1,6.277e-05,6.277e-05,6.277e-05,26,1,26,26,26,4,1,4,4,4,0,1,0,0,0
18,10,19,1,19,19,19,6.2887e-05,1,6.2887e-05,6.2887e-05,6.2887e-05,29,1,29,29,29,3,1,3,3,3,0,1,0,0,0
18,10,16,1,16,16,16,6.0213e-05,1,6.0213e-05,6.0213e-05,6.0213e-05,27,1,27,27,27,3,1,3,3,3,0,1,0,0,0
18,10,9,1,9,9,9,5.1846e-05,1,5.1846e-05,5.1846e-05,5.1846e-05,19,1,19,19,19,3,1,3,3,3,0,1,0,0,0
18,10,12,1,12,12,12,5.5889e-05,1,5.5889e-05,5.5889e-05,5.5889e-05,23,1,23,23,23,3,1,3,3,3,0,1,0,0,0
18,10,21,1,21,21,21,5.7476e-05,1,5.7476e-05,5.7476e-05,5.7476e-05,21,1,21,21,21,4,1,4,4,4,0,1,0,0,0
18,10,12,1,12,12,12,5.3982e-05,1,5.3982e-05,5.3982e-05,5.3982e-05,21,1,21,21,21,3,1,3,3,3,0,1,0,0,0
18,10,11,1,11,11,11,5.7836e-05,1,5.7836e-05,5.7836e-05,5.7836e-05,25,1,25,25,25,3,1,3,3,3,0,1,0,0,0
18,10,21,1,21,21,21,6.4162e-05,1,6.4162e-05,6.4162e-05,6.4162e-05,30,1,30,30,30,3,1,3,3,3,0,1,0,0,0
18,10,11,1,11,11,11,5.3819e-05,1,5.3819e-05,5.3819e-05,5.3819e-05,21,1,21,21,21,3,1,3,3,3,0,1,0,0,0
18,10,11,1,11,11,11,5.4221e-05,1,5.4221e-05,5.4221e-05,5.4221e-05,21,1,21,21,21,3,1,3,3,3,0,1,0,0,0
18,10,12,1,12,12,12,5.9028e-05,1,5.9028e-05,5.9028e-05,5.9028e-05,26,1,26,26,26,3,1,3,3,3,0,1,0,0,0
18,10,16,1,16,16,16,6.0132e-05,1,6.0132e-05,6.0132e-05,6.0132e-05,27,1,27,27,27,3,1,3,3,3,0,1,0,0,0
18,10,15,1,15,15,15,6.0016e-05,1,6.0016e-05,6.0016e-05,6.0016e-05,26,1,26,26,26,3,1,3,3,3,0,1,0,0,0
18,10,8,1,8,8,8,5.2003e-05,1,5.2003e-05,5.2003e-05,5.2003e-05,19,1,19,19,19,3,1,3,3,3,0,1,0,0,0
18,10,10,1,10,10,10,5.2222e-05,1,5.2222e-05,5.2222e-05,5.2222e-05,19,1,19,19,19,3,1,3,3,3,0,1,0,0,0
18,10,21,1,21,21,21,5.5186e-05,1,5.5186e-05,5.5186e-05,5.5186e-05,19,1,19,19,19,4,1,4,4,4,0,1,0,0,0
18,10,21,1,21,21,21,6.5921e-05,1,6.5921e-05,6.5921e-05,6.5921e-05,31,1,31,31,31,3,1,3,3,3,0,1,0,0,0
18,10,19,1,19,19,19,6.5381e-05,1,6.5381e-05,6.5381e-05,6.5381e-05,31,1,31,31,31,3,1,3,3,3,0,1,0,0,0
18,10,15,1,15,15,15,5.666e-05,1,5.666e-05,5.666e-05,5.666e-05,21,1,21,21,21,4,1,4,4,4,0,1,0,0,0
18,10,19,1,19,19,19,5.5647e-05,1,5.5647e-05,5.5647e-05,5.5647e-05,19,1,19,19,19,4,1,4,4,4,0,1,0,0,0
18,10,14,1,14,14,14,5.7623e-05,1,5.7623e-05,5.7623e-05,5.7623e-05,24,1,24,24,24,4,1,4,4,4,0,1,0,0,0
18,10,14,1,14,14,14,5.5606e-05,1,5.5606e-05,5.5606e-05,5.5606e-05,21,1,21,21,21,3,1,3,3,3,0,1,0,0,0
18,10,19,1,19,19,19,5.8576e-05,1,5.8576e-05,5.8576e-05,5.8576e-05,22,1,22,22,22,4,1,4,4,4,0,1,0,0,0
18,10,13,1,13,13,13,5.7758e-05,1,5.7758e-05,5.7758e-05,5.7758e-05,25,1,25,25,25,3,1,3,3,3,0,1,0,0,0
18,10,12,1,12,12,12,5.4499e-05,1,5.4499e-05,5.4499e-05,5.4499e-05,21,1,21,21,21,3,1,3,3,3,0,1,0,0,0
18,10,19,1,19,19,19,5.929e-05,1,5.929e-05,5.929e-05,5.929e-05,22,1,22,22,22,4,1,4,4,4,0,1,0,0,0
18,10,15,1,15,15,15,5.3798e-05,1,5.3798e-05,5.3798e-05,5.3798e-05,19,1,19,19,19,4,1,4,4,4,0,1,0,0,0
18,10,11,1,11,11,11,5.3565e-05,1,5.3565e-05,5.3565e-05,5.3565e-05,19,1,19,19,19,4,1,4,4,4,0,1,0,0,0
18,10,15,1,15,15,15,5.6558e-05,1,5.6558e-05,5.6558e-05,5.6558e-05,22,1,22,22,22,4,1,4,4,4,0,1,0,0,0
18,10,13,1,13,13,13,5.5893e-05,1,5.5893e-05,5.5893e-05,5.5893e-05,23,1,23,23,23,3,1,3,3,3,0,1,0,0,0
18,10,16,1,16,16,16,5.7037e-05,1,5.7037e-05,5.7037e-05,5.7037e-05,22,1,22,22,22,4,1,4,4,4,0,1,0,0,0
18,10,17,1,17,17,17,5.4521e-05,1,5.4521e-05,5.4521e-05,5.4521e-05,19,1,19,19,19,4,1,4,4,4,0,1,0,0,0
18,10,20,1,20,20,20,5.4783e-05,1,5.4783e-05,5.4783e-05,5.4783e-05,19,1,19,19,19,4,1,4,4,4,0,1,0,0,0
18,10,17,1,17,17,17,5.4241e-05,1,5.4241e-05,5.4241e-05,5.4241e-05,19,1,19,19,19,4,1,4,4,4,0,1,0,0,0
18,10,17,1,17,17,17,6.0769e-05,1,6.0769e-05,6.0769e-05,6.0769e-05,28,1,28,28,28,3,1,3,3,3,0,1,0,0,0
18,10,10,1,10,10,10,5.6965e-05,1,5.6965e-05,5.6965e-05,5.6965e-05,24,1,24,24,24,3,1,3,3,3,0,1,0,0,0
18,10,11,1,11,11,11,5.5622e-05,1,5.5622e-05,5.5622e-05,5.5622e-05,23,1,23,23,23,3,1,3,3,3,0,1,0,0,0
18,10,17,1,17,17,17,5.6655e-05,1,5.6655e-05,5.6655e-05,5.6655e-05,22,1,22,22,22,4,1,4,4,4,0,1,0,0,0
18,10,18,1,18,18,18,6.0842e-05,1,6.0842e-05,6.0842e-05,6.0842e-05,25,1,25,25,25,4,1,4,4,4,0,1,0,0,0
18,10,16,1,16,16,16,5.8018e-05,1,5.8018e-05,5.8018e-05,5.8018e-05,24,1,24,24,24,4,1,4,4,4,0,1,0,0,0
18,10,12,1,12,12,12,5.502e-05,1,5.502e-05,5.502e-05,5.502e-05,21,1,21,21,21,3,1,3,3,3,0,1,0,0,0
18,10,13,1,13,13,13,5.5595e-05,1,5.5595e-05,5.5595e-05,5.5595e-05,25,1,25,25,25,3,1,3,3,3,0,1,0,0,0
18,10,7,1,7,7,7,5.13e-05,1,5.13e-05,5.13e-05,5.13e-05,19,1,19,19,19,3,1,3,3,3,0,1,0,0,0
18,10,15,1,15,15,15,7.6891e-05,1,7.6891e-05,7.6891e-05,7.6891e-05,26,1,26,26,26,4,1,4,4,4,0,1,0,0,0
18,10,13,1,13,13,13,5.6912e-05,1,5.6912e-05,5.6912e-05,5.6912e-05,24,1,24,24,24,3,1,3,3,3,0,1,0,0,0
18,10,17,1,17,17,17,5.6527e-05,1,5.6527e-05,5.6527e-05,5.6527e-05,21,1,21,21,21,4,1,4,4,4,0,1,0,0,0
18,10,16,1,16,16,16,5.8475e-05,1,5.8475e-05,5.8475e-05,5.8475e-05,23,1,23,23,23,4,1,4,4,4,0,1,0,0,0
18,10,13,1,13,13,13,5.3476e-05,1,5.3476e-05,5.3476e-05,5.3476e-05,19,1,19,19,19,4,1,4,4,4,0,1,0,0,0
18,10,16,1,16,16,16,5.9324e-05,1,5.9324e-05,5.9324e-05,5.9324e-05,27,1,27,27,27,3,1,3,3,3,0,1,0,0,0
18,10,10,1,10,10,10,5.5337e-05,1,5.5337e-05,5.5337e-05,5.5337e-05,21,1,21,21,21,3,1,3,3,3,0,1,0,0,0
18,10,10,1,10,10,10,5.5952e-05,1,5.5952e-05,5.5952e-05,5.5952e-05,23,1,23,23,23,3,1,3,3,3,0,1,0,0,0
18,10,10,1,10,10,10,5.169e-05,1,5.169e-05,5.169e-05,5.169e-05,19,1,19,19,19,4,1,4,4,4,0,1,0,0,0
18,10,13,1,13,13,13,5.8803e-05,1,5.8803e-05,5.8803e-05,5.8803e-05,27,1,27,27,27,3,1,3,3,3,0,1,0,0,0
18,10,15,1,15,15,15,5.9293e-05,1,5.9293e-05,5.9293e-05,5.9293e-05,25,1,25,25,25,3,1,3,3,3,0,1,0,0,0
18,10,18,1,18,18,18,6.3639e-05,1,6.3639e-05,6.3639e-05,6.3639e-05,29,1,29,29,29,4,1,4,4,4,0,1,0,0,0
18,10,15,1,15,15,15,5.7328e-05,1,5.7328e-05,5.7328e-05,5.7328e-05,23,1,23,23,23,4,1,4,4,4,0,1,0,0,0
18,10,16,1,16,16,16,5.8175e-05,1,5.8175e-05,5.8175e-05,5.8175e-05,24,1,24,24,24,3,1,3,3,3,0,1,0,0,0
18,10,16,1,16,16,16,5.9703e-05,1,5.9703e-05,5.9703e-05,5.9703e-05,27,1,27,27,27,3,1,3,3,3,0,1,0,0,0
18,10,26,1,26,26,26,6.6012e-05,1,6.6012e-05,6.6012e-05,6.6012e-05,25,1,25,25,25,4,1,4,4,4,0,1,0,0,0
18,10,25,1,25,25,25,6.7634e-05,1,6.7634e-05,6.7634e-05,6.7634e-05,30,1,30,30,30,4,1,4,4,4,0,1,0,0,0
18,10,12,1,12,12,12,5.9296e-05,1,5.9296e-05,5.9296e-05,5.9296e-05,26,1,26,26,26,3,1,3,3,3,0,1,0,0,0
18,10,21,1,21,21,21,6.6878e-05,1,6.6878e-05,6.6878e-05,6.6878e-05,33,1,33,33,33,3,1,3,3,3,0,1,0,0,0
18,10,22,1,22,22,22,6.209e-05,1,6.209e-05,6.209e-05,6.209e-05,26,1,26,26,26,4,1,4,4,4,0,1,0,0,0
18,10,14,1,14,14,14,5.5144e-05,1,5.5144e-05,5.5144e-05,5.5144e-05,21,1,21,21,21,3,1,3,3,3,0,1,0,0,0
18,10,9,1,9,9,9,5.511e-05,1,5.511e-05,5.511e-05,5.511e-05,23,1,23,23,23,3,1,3,3,3,0,1,0,0,0
18,10,18,1,18,18,18,6.06e-05,1,6.06e-05,6.06e-05,6.06e-05,25,1,25,25,25,4,1,4,4,4,0,1,0,0,0
18,10,26,1,26,26,26,6.6409e-05,1,6.6409e-05,6.6409e-05,6.6409e-05,27,1,27,27,27,4,1,4,4,4,0,1,0,0,0
18,10,21,1,21,21,21,6.2089e-05,1,6.2089e-05,6.2089e-05,6.2089e-05,25,1,25,25,25,4,1,4,4,4,0,1,0,0,0
18,10,12,1,12,12,12,5.2298e-05,1,5.2298e-05,5.2298e-05,5.2298e-05,19,1,19,19,19,4,1,4,4,4,0,1,0,0,0
18,10,11,1,11,11,11,5.4348e-05,1,5.4348e-05,5.4348e-05,5.4348e-05,22,1,22,22,22,3,1,3,3,3,0,1,0,0,0
18,10,16,1,16,16,16,6.2659e-05,1,6.2659e-05,6.2659e-05,6.2659e-05,30,1,30,30,30,3,1,3,3,3,0,1,0,0,0
18,10,13,1,13,13,13,5.4594e-05,1,5.4594e-05,5.4594e-05,5.4594e-05,19,1,19,19,19,4,1,4,4,4,0,1,0,0,0
18,10,12,1,12,12,12,5.7015e-05,1,5.7015e-05,5.7015e-05,5.7015e-05,23,1,23,23,23,3,1,3,3,3,0,1,0,0,0
18,10,14,1,14,14,14,5.6944e-05,1,5.6944e-05,5.6944e-05,5.6944e-05,23,1,23,23,23,4,1,4,4,4,0,1,0,0,0
18,10,25,1,25,25,25,6.9942e-05,1,6.9942e-05,6.9942e-05,6.9942e-05,35,1,35,35,35,3,1,3,3,3,0,1,0,0,0
18,10,13,1,13,13,13,5.4721e-05,1,5.4721e-05,5.4721e-05,5.4721e-05,22,1,22,22,22,3,1,3,3,3,0,1,0,0,0
18,10,19,1,19,19,19,6.2906e-05,1,6.2906e-05,6.2906e-05,6.2906e-05,26,1,26,26,26,4,1,4,4,4,0,1,0,0,0
18,10,16,1,16,16,16,5.452e-05,1,5.452e-05,5.452e-05,5.452e-05,19,1,19,19,19,4,1,4,4,4,0,1,0,0,0
18,10,17,1,17,17,17,5.4774e-05,1,5.4774e-05,5.4774e-05,5.4774e-05,19,1,19,19,19,4,1,4,4,4,0,1,0,0,0
18,10,17,1,17,17,17,8.1879e-05,1,8.1879e-05,8.1879e-05,8.1879e-05,22,1,22,22,22,4,1,4,4,4,0,1,0,0,0
18,10,16,1,16,16,16,5.9804e-05,1,5.9804e-05,5.9804e-05,5.9804e-05,27,1,27,27,27,3,1,3,3,3,0,1,0,0,0
18,10,15,1,15,15,15,5.7204e-05,1,5.7204e-05,5.7204e-05,5.7204e-05,25,1,25,25,25,3,1,3,3,3,0,1,0,0,0
18,10,8,1,8,8,8,5.3737e-05,1,5.3737e-05,5.3737e-05,5.3737e-05,21,1,21,21,21,3,1,3,3,3,0,1,0,0,0
18,10,14,1,14,14,14,5.7644e-05,1,5.7644e-05,5.7644e-05,5.7644e-05,24,1,24,24,24,4,1,4,4,4,0,1,0,0,0
18,10,16,1,16,16,16,6.1099e-05,1,6.1099e-05,6.1099e-05,6.1099e-05,27,1,27,27,27,3,1,3,3,3,0,1,0,0,0
18,10,14,1,14,14,14,5.8734e-05,1,5.8734e-05,5.8734e-05,5.8734e-05,26,1,26,26,26,3,1,3,3,3,0,1,0,0,0
18,10,13,1,13,13,13,5.6626e-05,1,5.6626e-05,5.6626e-05,5.6626e-05,23,1,23,23,23,3,1,3,3,3,0,1,0,0,0
18,10,15,1,15,15,15,5.8471e-05,1,5.8471e-05,5.8471e-05,5.8471e-05,23,1,23,23,23,4,1,4,4,4,0,1,0,0,0
18,10,14,1,14,14,14,5.6326e-05,1,5.6326e-05,5.6326e-05,5.6326e-05,25,1,25,25,25,3,1,3,3,3,0,1,0,0,0
18,10,18,1,18,18,18,5.3871e-05,1,5.3871e-05,5.3871e-05,5.3871e-05,19,1,19,19,19,4,1,4,4,4,0,1,0,0,0
18,10,20,1,20,20,20,6.0349e-05,1,6.0349e-05,6.0349e-05,6.0349e-05,24,1,24,24,24,4,1,4,4,4,0,1,0,0,0
18,10,26,1,26,26,26,6.6048e-05,1,6.6048e-05,6.6048e-05,6.6048e-05,26,1,26,26,26,4,1,4,4,4,0,1,0,0,0
18,10,13,1,13,13,13,5.4823e-05,1,5.4823e-05,5.4823e-05,5.4823e-05,21,1,21,21,21,3,1,3,3,3,0,1,0,0,0
18,10,19,1,19,19,19,5.7139e-05,1,5.7139e-05,5.7139e-05,5.7139e-05,22,1,22,22,22,4,1,4,4,4,0,1,0,0,0
18,10,16,1,16,16,16,5.8955e-05,1,5.8955e-05,5.8955e-05,5.8955e-05,24,1,24,24,24,4,1,4,4,4,0,1,0,0,0
18,10,12,1,12,12,12,5.5937e-05,1,5.5937e-05,5.5937e-05,5.5937e-05,23,1,23,23,23,3,1,3,3,3,0,1,0,0,0
18,10,24,1,24,24,24,6.362e-05,1,6.362e-05,6.362e-05,6.362e-05,26,1,26,26,26,4,1,4,4,4,0,1,0,0,0
18,10,16,1,16,16,16,5.5587e-05,1,5.5587e-05,5.5587e-05,5.5587e-05,22,1,22,22,22,4,1,4,4,4,0,1,0,0,0
18,10,16,1,16,16,16,6.1682e-05,1,6.1682e-05,6.1682e-05,6.1682e-05,28,1,28,28,28,4,1,4,4,4,0,1,0,0,0
18,10,11,1,11,11,11,5.4919e-05,1,5.4919e-05,5.4919e-05,5.4919e-05,23,1,23,23,23,3,1,3,3,3,0,1,0,0,0
18,10,13,1,13,13,13,5.3398e-05,1,5.3398e-05,5.3398e-05,5.3398e-05,19,1,19,19,19,4,1,4,4,4,0,1,0,0,0
18,10,21,1,21,21,21,6.156e-05,1,6.156e-05,6.156e-05,6.156e-05,25,1,25,25,25,4,1,4,4,4,0,1,0,0,0
18,10,19,1,19,19,19,5.4514e-05,1,5.4514e-05,5.4514e-05,5.4514e-05,19,1,19,19,19,4,1,4,4,4,0,1,0,0,0
18,10,22,1,22,22,22,5.9396e-05,1,5.9396e-05,5.9396e-05,5.9396e-05,22,1,22,22,22,4,1,4,4,4,0,1,0,0,0
18,10,13,1,13,13,13,5.8138e-05,1,5.8138e-05,5.8138e-05,5.8138e-05,25,1,25,25,25,3,1,3,3,3,0,1,0,0,0
18,10,17,1,17,17,17,5.868e-05,1,5.868e-05,5.868e-05,5.868e-05,22,1,22,22,22,4,1,4,4,4,0,1,0,0,0
18,10,21,1,21,21,21,5.9957e-05,1,5.9957e-05,5.9957e-05,5.9957e-05,23,1,23,23,23,4,1,4,4,4,0,1,0,0,0
18,10,17,1,17,17,17,5.9532e-05,1,5.9532e-05,5.9532e-05,5.9532e-05,25,1,25,25,25,4,1,4,4,4,0,1,0,0,0
18,10,12,1,12,12,12,5.5966e-05,1,5.5966e-05,5.5966e-05,5.5966e-05,23,1,23,23,23,3,1,3,3,3,0,1,0,0,0
18,10,17,1,17,17,17,6.0868e-05,1,6.0868e-05,6.0868e-05,6.0868e-05,29,1,29,29,29,3,1,3,3,3,0,1,0,0,0
18,10,21,1,21,21,21,5.7339e-05,1,5.7339e-05,5.7339e-05,5.7339e-05,22,1,22,22,22,4,1,4,4,4,0,1,0,0,0
18,10,18,1,18,18,18,6.0044e-05,1,6.0044e-05,6.0044e-05,6.0044e-05,27,1,27,27,27,3,1,3,3,3,0,1,0,0,0
18,10,16,1,16,16,16,5.6647e-05,1,5.6647e-05,5.6647e-05,5.6647e-05,21,1,21,21,21,4,1,4,4,4,0,1,0,0,0
18,10,12,1,12,12,12,5.4388e-05,1,5.4388e-05,5.4388e-05,5.4388e-05,21,1,21,21,21,3,1,3,3,3,0,1,0,0,0
18,10,14,1,14,14,14,5.8614e-05,1,5.8614e-05,5.8614e-05,5.8614e-05,26,1,26,26,26,3,1,3,3,3,0,1,0,0,0
18,10,27,1,27,27,27,7.5705e-05,1,7.5705e-05,7.5705e-05,7.5705e-05,30,1,30,30,30,4,1,4,4,4,0,1,0,0,0
18,10,14,1,14,14,14,5.363e-05,1,5.363e-05,5.363e-05,5.363e-05,19,1,19,19,19,4,1,4,4,4,0,1,0,0,0
18,10,13,1,13,13,13,5.7758e-05,1,5.7758e-05,5.7758e-05,5.7758e-05,24,1,24,24,24,3,1,3,3,3,0,1,0,0,0
18,10,14,1,14,14,14,5.447e-05,1,5.447e-05,5.447e-05,5.447e-05,21,1,21,21,21,3,1,3,3,3,0,1,0,0,0
18,10,17,1,17,17,17,5.8083e-05,1,5.8083e-05,5.8083e-05,5.8083e-05,24,1,24,24,24,3,1,3,3,3,0,1,0,0,0
18,10,13,1,13,13,13,5.7571e-05,1,5.7571e-05,5.7571e-05,5.7571e-05,25,1,25,25,25,3,1,3,3,3,0,1,0,0,0
18,10,16,1,16,16,16,5.9497e-05,1,5.9497e-05,5.9497e-05,5.9497e-05,27,1,27,27,27,3,1,3,3,3,0,1,0,0,0
18,10,18,1,18,18,18,6.2065e-05,1,6.2065e-05,6.2065e-05,6.2065e-05,29,1,29,29,29,3,1,3,3,3,0,1,0,0,0
18,10,22,1,22,22,22,6.0297e-05,1,6.0297e-05,6.0297e-05,6.0297e-05,26,1,26,26,26,4,1,4,4,4,0,1,0,0,0
18,10,14,1,14,14,14,5.7092e-05,1,5.7092e-05,5.7092e-05,5.7092e-05,25,1,25,25,25,3,1,3,3,3,0,1,0,0,0
18,10,24,1,24,24,24,5.9956e-05,1,5.9956e-05,5.9956e-05,5.9956e-05,21,1,21,21,21,4,1,4,4,4,0,1,0,0,0
18,10,13,1,13,13,13,5.6281e-05,1,5.6281e-05,5.6281e-05,5.6281e-05,23,1,23,23,23,3,1,3,3,3,0,1,0,0,0
18,10,19,1,19,19,19,6.3539e-05,1,6.3539e-05,6.3539e-05,6.3539e-05,30,1,30,30,30,3,1,3,3,3,0,1,0,0,0
18,10,13,1,13,13,13,5.6556e-05,1,5.6556e-05,5.6556e-05,5.6556e-05,24,1,24,24,24,3,1,3,3,3,0,1,0,0,0
18,10,13,1,13,13,13,5.516e-05,1,5.516e-05,5.516e-05,5.516e-05,21,1,21,21,21,4,1,4,4,4,0,1,0,0,0
18,10,13,1,13,13,13,5.3467e-05,1,5.3467e-05,5.3467e-05,5.3467e-05,19,1,19,19,19,4,1,4,4,4,0,1,0,0,0
18,10,14,1,14,14,14,5.3421e-05,1,5.3421e-05,5.3421e-05,5.3421e-05,19,1,19,19,19,4,1,4,4,4,0,1,0,0,0
18,10,16,1,16,16,16,5.9089e-05,1,5.9089e-05,5.9089e-05,5.9089e-05,26,1,26,26,26,3,1,3,3,3,0,1,0,0,0
18,10,19,1,19,19,19,6.5959e-05,1,6.5959e-05,6.5959e-05,6.5959e-05,31,1,31,31,31,3,1,3,3,3,0,1,0,0,0
18,10,10,1,10,10,10,5.3268e-05,1,5.3268e-05,5.3268e-05,5.3268e-05,19,1,19,19,19,4,1,4,4,4,0,1,0,0,0
18,10,20,1,20,20,20,6.542e-05,1,6.542e-05,6.542e-05,6.542e-05,30,1,30,30,30,4,1,4,4,4,0,1,0,0,0
18,10,17,1,17,17,17,6.0465e-05,1,6.0465e-05,6.0465e-05,6.0465e-05,28,1,28,28,28,3,1,3,3,3,0,1,0,0,0
18,10,11,1,11,11,11,5.4526e-05,1,5.4526e-05,5.4526e-05,5.4526e-05,22,1,22,22,22,3,1,3,3,3,0,1,0,0,0
18,10,14,1,14,14,14,5.3701e-05,1,5.3701e-05,5.3701e-05,5.3701e-05,19,1,19,19,19,4,1,4,4,4,0,1,0,0,0
18,10,15,1,15,15,15,5.7552e-05,1,5.7552e-05,5.7552e-05,5.7552e-05,24,1,24,24,24,3,1,3,3,3,0,1,0,0,0
18,10,14,1,14,14,14,5.722e-05,1,5.722e-05,5.722e-05,5.722e-05,26,1,26,26,26,3,1,3,3,3,0,1,0,0,0
18,10,9,1,9,9,9,5.4217e-05,1,5.4217e-05,5.4217e-05,5.4217e-05,21,1,21,21,21,3,1,3,3,3,0,1,0,0,0
18,10,15,1,15,15,15,6.0071e-05,1,6.0071e-05,6.0071e-05,6.0071e-05,27,1,27,27,27,3,1,3,3,3,0,1,0,0,0
18,10,14,1,14,14,14,5.7415e-05,1,5.7415e-05,5.7415e-05,5.7415e-05,25,1,25,25,25,3,1,3,3,3,0,1,0,0,0
18,10,11,1,11,11,11,5.6781e-05,1,5.6781e-05,5.6781e-05,5.6781e-05,25,1,25,25,25,3,1,3,3,3,0,1,0,0,0
18,10,21,1,21,21,21,5.7915e-05,1,5.7915e-05,5.7915e-05,5.7915e-05,21,1,21,21,21,4,1,4,4,4,0,1,0,0,0
18,10,10,1,10,10,10,5.3457e-05,1,5.3457e-05,5.3457e-05,5.3457e-05,21,1,21,21,21,3,1,3,3,3,0,1,0,0,0
18,10,14,1,14,14,14,5.7947e-05,1,5.7947e-05,5.7947e-05,5.7947e-05,23,1,23,23,23,4,1,4,4,4,0,1,0,0,0
18,10,15,1,15,15,15,5.4686e-05,1,5.4686e-05,5.4686e-05,5.4686e-05,19,1,19,19,19,4,1,4,4,4,0,1,0,0,0
18,10,19,1,19,19,19,5.8614e-05,1,5.8614e-05,5.8614e-05,5.8614e-05,23,1,23,23,23,4,1,4,4,4,0,1,0,0,0
18,10,19,1,19,19,19,5.6996e-05,1,5.6996e-05,5.6996e-05,5.6996e-05,21,1,21,21,21,4,1,4,4,4,0,1,0,0,0
18,10,9,1,9,9,9,5.3375e-05,1,5.3375e-05,5.3375e-05,5.3375e-05,19,1,19,19,19,3,1,3,3,3,0,1,0,0,0
18,10,14,1,14,14,14,7.1371e-05,1,7.1371e-05,7.1371e-05,7.1371e-05,23,1,23,23,23,3,1,3,3,3,0,1,0,0,0
18,10,17,1,17,17,17,5.8912e-05,1,5.8912e-05,5.8912e-05,5.8912e-05,23,1,23,23,23,4,1,4,4,4,0,1,0,0,0
18,10,10,1,10,10,10,5.3572e-05,1,5.3572e-05,5.3572e-05,5.3572e-05,21,1,21,21,21,3,1,3,3,3,0,1,0,0,0
18,10,16,1,16,16,16,5.774e-05,1,5.774e-05,5.774e-05,5.774e-05,21,1,21,21,21,4,1,4,4,4,0,1,0,0,0
18,10,19,1,19,19,19,5.7612e-05,1,5.7612e-05,5.7612e-05,5.7612e-05,21,1,21,21,21,4,1,4,4,4,0,1,0,0,0
18,10,15,1,15,15,15,5.7781e-05,1,5.7781e-05,5.7781e-05,5.7781e-05,24,1,24,24,24,3,1,3,3,3,0,1,0,0,0
18,10,10,1,10,10,10,5.3938e-05,1,5.3938e-05,5.3938e-05,5.3938e-05,21,1,21,21,21,3,1,3,3,3,0,1,0,0,0
18,10,19,1,19,19,19,6.0539e-05,1,6.0539e-05,6.0539e-05,6.0539e-05,28,1,28,28,28,3,1,3,3,3,0,1,0,0,0
18,10,17,1,17,17,17,5.8258e-05,1,5.8258e-05,5.8258e-05,5.8258e-05,22,1,22,22,22,4,1,4,4,4,0,1,0,0,0
18,10,13,1,13,13,13,5.2603e-05,1,5.2603e-05,5.2603e-05,5.2603e-05,19,1,19,19,19,4,1,4,4,4,0,1,0,0,0
18,10,12,1,12,12,12,5.5151e-05,1,5.5151e-05,5.5151e-05,5.5151e-05,23,1,23,23,23,3,1,3,3,3,0,1,0,0,0
18,10,17,1,17,17,17,5.9613e-05,1,5.9613e-05,5.9613e-05,5.9613e-05,26,1,26,26,26,3,1,3,3,3,0,1,0,0,0
18,10,18,1,18,18,18,5.823e-05,1,5.823e-05,5.823e-05,5.823e-05,22,1,22,22,22,4,1,4,4,4,0,1,0,0,0
18,10,17,1,17,17,17,6.1184e-05,1,6.1184e-05,6.1184e-05,6.1184e-05,28,1,28,28,28,3,1,3,3,3,0,1,0,0,0
18,10,22,1,22,22,22,6.0308e-05,1,6.0308e-05,6.0308e-05,6.0308e-05,22,1,22,22,22,4,1,4,4,4,0,1,0,0,0
18,10,19,1,19,19,19,5.9504e-05,1,5.9504e-05,5.9504e-05,5.9504e-05,22,1,22,22,22,4,1,4,4,4,0,1,0,0,0
18,10,11,1,11,11,11,5.4184e-05,1,5.4184e-05,5.4184e-05,5.4184e-05,21,1,21,21,21,3,1,3,3,3,0,1,0,0,0
18,10,15,1,15,15,15,5.6202e-05,1,5.6202e-05,5.6202e-05,5.6202e-05,21,1,21,21,21,4,1,4,4,4,0,1,0,0,0
18,10,21,1,21,21,21,6.0667e-05,1,6.0667e-05,6.0667e-05,6.0667e-05,25,1,25,25,25,4,1,4,4,4,0,1,0,0,0
18,10,14,1,14,14,14,5.5264e-05,1,5.5264e-05,5.5264e-05,5.5264e-05,21,1,21,21,21,4,1,4,4,4,0,1,0,0,0
18,10,18,1,18,18,18,5.8327e-05,1,5.8327e-05,5.8327e-05,5.8327e-05,23,1,23,23,23,4,1,4,4,4,0,1,0,0,0
18,10,16,1,16,16,16,6.1078e-05,1,6.1078e-05,6.1078e-05,6.1078e-05,29,1,29,29,29,3,1,3,3,3,0,1,0,0,0
18,10,17,1,17,17,17,6.0746e-05,1,6.0746e-05,6.0746e-05,6.0746e-05,28,1,28,28,28,3,1,3,3,3,0,1,0,0,0
18,10,13,1,13,13,13,5.7883e-05,1,5.7883e-05,5.7883e-05,5.7883e-05,26,1,26,26,26,3,1,3,3,3,0,1,0,0,0
18,10,20,1,20,20,20,6.0371e-05,1,6.0371e-05,6.0371e-05,6.0371e-05,24,1,24,24,24,4,1,4,4,4,0,1,0,0,0
18,10,14,1,14,14,14,5.718e-05,1,5.718e-05,5.718e-05,5.718e-05,25,1,25,25,25,3,1,3,3,3,0,1,0,0,0
18,10,11,1,11,11,11,5.3037e-05,1,5.3037e-05,5.3037e-05,5.3037e-05,19,1,19,19,19,4,1,4,4,4,0,1,0,0,0
18,10,18,1,18,18,18,6.039e-05,1,6.039e-05,6.039e-05,6.039e-05,27,1,27,27,27,3,1,3,3,3,0,1,0,0,0
18,10,10,1,10,10,10,5.6823e-05,1,5.6823e-05,5.6823e-05,5.6823e-05,24,1,24,24,24,3,1,3,3,3,0,1,0,0,0
18,10,15,1,15,15,15,5.5407e-05,1,5.5407e-05,5.5407e-05,5.5407e-05,19,1,19,19,19,4,1,4,4,4,0,1,0,0,0
18,10,9,1,9,9,9,5.3724e-05,1,5.3724e-05,5.3724e-05,5.3724e-05,21,1,21,21,21,3,1,3,3,3,0,1,0,0,0
18,10,19,1,19,19,19,6.3383e-05,1,6.3383e-05,6.3383e-05,6.3383e-05,28,1,28,28,28,4,1,4,4,4,0,1,0,0,0
18,10,15,1,15,15,15,5.7749e-05,1,5.7749e-05,5.7749e-05,5.7749e-05,25,1,25,25,25,3,1,3,3,3,0,1,0,0,0
18,10,12,1,12,12,12,5.4776e-05,1,5.4776e-05,5.4776e-05,5.4776e-05,21,1,21,21,21,3,1,3,3,3,0,1,0,0,0
18,10,14,1,14,14,14,5.648e-05,1,5.648e-05,5.648e-05,5.648e-05,22,1,22,22,22,4,1,4,4,4,0,1,0,0,0
18,10,14,1,14,14,14,5.9085e-05,1,5.9085e-05,5.9085e-05,5.9085e-05,27,1,27,27,27,3,1,3,3,3,0,1,0,0,0
18,10,15,1,15,15,15,5.874e-05,1,5.874e-05,5.874e-05,5.874e-05,19,1,19,19,19,4,1,4,4,4,0,1,0,0,0
18,10,11,1,11,11,11,5.2703e-05,1,5.2703e-05,5.2703e-05,5.2703e-05,21,1,21,21,21,3,1,3,3,3,0,1,0,0,0
18,10,16,1,16,16,16,9.3733e-05,1,9.3733e-05,9.3733e-05,9.3733e-05,29,1,29,29,29,3,1,3,3,3,0,1,0,0,0
18,10,17,1,17,17,17,5.7553e-05,1,5.7553e-05,5.7553e-05,5.7553e-05,22,1,22,22,22,4,1,4,4,4,0,1,0,0,0
18,10,20,1,20,20,20,6.5931e-05,1,6.5931e-05,6.5931e-05,6.5931e-05,32,1,32,32,32,4,1,4,4,4,0,1,0,0,0
18,10,10,1,10,10,10,5.5052e-05,1,5.5052e-05,5.5052e-05,5.5052e-05,23,1,23,23,23,3,1,3,3,3,0,1,0,0,0
18,10,14,1,14,14,14,5.707e-05,1,5.707e-05,5.707e-05,5.707e-05,24,1,24,24,24,3,1,3,3,3,0,1,0,0,0
18,10,13,1,13,13,13,5.7599e-05,1,5.7599e-05,5.7599e-05,5.7599e-05,24,1,24,24,24,3,1,3,3,3,0,1,0,0,0
18,10,15,1,15,15,15,5.7367e-05,1,5.7367e-05,5.7367e-05,5.7367e-05,22,1,22,22,22,4,1,4,4,4,0,1,0,0,0
18,10,16,1,16,16,16,5.794e-05,1,5.794e-05,5.794e-05,5.794e-05,22,1,22,22,22,4,1,4,4,4,0,1,0,0,0
18,10,15,1,15,15,15,5.3672e-05,1,5.3672e-05,5.3672e-05,5.3672e-05,19,1,19,19,19,4,1,4,4,4,0,1,0,0,0
18,10,11,1,11,11,11,5.2139e-05,1,5.2139e-05,5.2139e-05,5.2139e-05,19,1,19,19,19,3,1,3,3,3,0,1,0,0,0
18,10,25,1,25,25,25,6.975e-05,1,6.975e-05,6.975e-05,6.975e-05,34,1,34,34,34,4,1,4,4,4,0,1,0,0,0
18,10,23,1,23,23,23,6.7425e-05,1,6.7425e-05,6.7425e-05,6.7425e-05,27,1,27,27,27,4,1,4,4,4,0,1,0,0,0
18,10,16,1,16,16,16,5.722e-05,1,5.722e-05,5.722e-05,5.722e-05,22,1,22,22,22,4,1,4,4,4,0,1,0,0,0
18,10,18,1,18,18,18,6.1025e-05,1,6.1025e-05,6.1025e-05,6.1025e-05,25,1,25,25,25,4,1,4,4,4,0,1,0,0,0
18,10,15,1,15,15,15,6.2592e-05,1,6.2592e-05,6.2592e-05,6.2592e-05,29,1,29,29,29,3,1,3,3,3,0,1,0,0,0
18,10,14,1,14,14,14,5.3648e-05,1,5.3648e-05,5.3648e-05,5.3648e-05,19,1,19,19,19,4,1,4,4,4,0,1,0,0,0
18,10,19,1,19,19,19,5.6755e-05,1,5.6755e-05,5.6755e-05,5.6755e-05,22,1,22,22,22,4,1,4,4,4,0,1,0,0,0
18,10,12,1,12,12,12,5.2194e-05,1,5.2194e-05,5.2194e-05,5.2194e-05,19,1,19,19,19,4,1,4,4,4,0,1,0,0,0
18,10,12,1,12,12,12,5.2799e-05,1,5.2799e-05,5.2799e-05,5.2799e-05,19,1,19,19,19,3,1,3,3,3,0,1,0,0,0
18,10,16,1,16,16,16,5.6809e-05,1,5.6809e-05,5.6809e-05,5.6809e-05,22,1,22,22,22,4,1,4,4,4,0,1,0,0,0
18,10,20,1,20,20,20,6.393e-05,1,6.393e-05,6.393e-05,6.393e-05,28,1,28,28,28,3,1,3,3,3,0,1,0,0,0
18,10,21,1,21,21,21,6.4696e-05,1,6.4696e-05,6.4696e-05,6.4696e-05,29,1,29,29,29,4,1,4,4,4,0,1,0,0,0
18,10,15,1,15,15,15,5.3849e-05,1,5.3849e-05,5.3849e-05,5.3849e-05,21,1,21,21,21,3,1,3,3,3,0,1,0,0,0
18,10,15,1,15,15,15,5.7474e-05,1,5.7474e-05,5.7474e-05,5.7474e-05,25,1,25,25,25,3,1,3,3,3,0,1,0,0,0
18,10,17,1,17,17,17,6.0819e-05,1,6.0819e-05,6.0819e-05,6.0819e-05,28,1,28,28,28,3,1,3,3,3,0,1,0,0,0
18,10,13,1,13,13,13,5.7038e-05,1,5.7038e-05,5.7038e-05,5.7038e-05,25,1,25,25,25,3,1,3,3,3,0,1,0,0,0
18,10,26,1,26,26,26,6.6004e-05,1,6.6004e-05,6.6004e-05,6.6004e-05,26,1,26,26,26,4,1,4,4,4,0,1,0,0,0
18,10,26,1,26,26,26,6.1934e-05,1,6.1934e-05,6.1934e-05,6.1934e-05,25,1,25,25,25,4,1,4,4,4,0,1,0,0,0
18,10,22,1,22,22,22,6.5528e-05,1,6.5528e-05,6.5528e-05,6.5528e-05,32,1,32,32,32,3,1,3,3,3,0,1,0,0,0
18,10,16,1,16,16,16,5.817e-05,1,5.817e-05,5.817e-05,5.817e-05,24,1,24,24,24,3,1,3,3,3,0,1,0,0,0
18,10,13,1,13,13,13,5.3221e-05,1,5.3221e-05,5.3221e-05,5.3221e-05,19,1,19,19,19,4,1,4,4,4,0,1,0,0,0
18,10,20,1,20,20,20,6.3785e-05,1,6.3785e-05,6.3785e-05,6.3785e-05,30,1,30,30,30,3,1,3,3,3,0,1,0,0,0
18,10,14,1,14,14,14,5.3817e-05,1,5.3817e-05,5.3817e-05,5.3817e-05,19,1,19,19,19,4,1,4,4,4,0,1,0,0,0
18,10,18,1,18,18,18,6.2469e-05,1,6.2469e-05,6.2469e-05,6.2469e-05,28,1,28,28,28,4,1,4,4,4,0,1,0,0,0
18,10,13,1,13,13,13,7.4505e-05,1,7.4505e-05,7.4505e-05,7.4505e-05,24,1,24,24,24,4,1,4,4,4,0,1,0,0,0
18,10,17,1,17,17,17,6.2569e-05,1,6.2569e-05,6.2569e-05,6.2569e-05,29,1,29,29,29,3,1,3,3,3,0,1,0,0,0
18,10,13,1,13,13,13,5.3985e-05,1,5.3985e-05,5.3985e-05,5.3985e-05,19,1,19,19,19,4,1,4,4,4,0,1,0,0,0
18,10,20,1,20,20,20,6.3847e-05,1,6.3847e-05,6.3847e-05,6.3847e-05,26,1,26,26,26,4,1,4,4,4,0,1,0,0,0
18,10,22,1,22,22,22,6.0106e-05,1,6.0106e-05,6.0106e-05,6.0106e-05,25,1,25,25,25,4,1,4,4,4,0,1,0,0,0
18,10,14,1,14,14,14,5.8427e-05,1,5.8427e-05,5.8427e-05,5.8427e-05,25,1,25,25,25,3,1,3,3,3,0,1,0,0,0
18,10,11,1,11,11,11,5.5801e-05,1,5.5801e-05,5.5801e-05,5.5801e-05,23,1,23,23,23,3,1,3,3,3,0,1,0,0,0
18,10,14,1,14,14,14,5.3729e-05,1,5.3729e-05,5.3729e-05,5.3729e-05,19,1,19,19,19,4,1,4,4,4,0,1,0,0,0
18,10,12,1,12,12,12,5.2523e-05,1,5.2523e-05,5.2523e-05,5.2523e-05,19,1,19,19,19,4,1,4,4,4,0,1,0,0,0
18,10,17,1,17,17,17,6.0258e-05,1,6.0258e-05,6.0258e-05,6.0258e-05,26,1,26,26,26,4,1,4,4,4,0,1,0,0,0
18,10,18,1,18,18,18,6.2523e-05,1,6.2523e-05,6.2523e-05,6.2523e-05,26,1,26,26,26,4,1,4,4,4,0,1,0,0,0
18,10,15,1,15,15,15,5.9253e-05,1,5.9253e-05,5.9253e-05,5.9253e-05,26,1,26,26,26,3,1,3,3,3,0,1,0,0,0
18,10,9,1,9,9,9,5.296e-05,1,5.296e-05,5.296e-05,5.296e-05,21,1,21,21,21,3,1,3,3,3,0,1,0,0,0
18,10,19,1,19,19,19,5.7652e-05,1,5.7652e-05,5.7652e-05,5.7652e-05,22,1,22,22,22,4,1,4,4,4,0,1,0,0,0
18,10,19,1,19,19,19,5.8112e-05,1,5.8112e-05,5.8112e-05,5.8112e-05,21,1,21,21,21,4,1,4,4,4,0,1,0,0,0
18,10,16,1,16,16,16,5.8093e-05,1,5.8093e-05,5.8093e-05,5.8093e-05,23,1,23,23,23,4,1,4,4,4,0,1,0,0,0
18,10,23,1,23,23,23,5.951e-05,1,5.951e-05,5.951e-05,5.951e-05,21,1,21,21,21,4,1,4,4,4,0,1,0,0,0
18,10,15,1,15,15,15,5.9229e-05,1,5.9229e-05,5.9229e-05,5.9229e-05,25,1,25,25,25,3,1,3,3,3,0,1,0,0,0
18,10,21,1,21,21,21,6.3187e-05,1,6.3187e-05,6.3187e-05,6.3187e-05,29,1,29,29,29,4,1,4,4,4,0,1,0,0,0
18,10,17,1,17,17,17,6.0672e-05,1,6.0672e-05,6.0672e-05,6.0672e-05,24,1,24,24,24,4,1,4,4,4,0,1,0,0,0
18,10,15,1,15,15,15,6.0629e-05,1,6.0629e-05,6.0629e-05,6.0629e-05,28,1,28,28,28,3,1,3,3,3,0,1,0,0,0
18,10,18,1,18,18,18,5.417e-05,1,5.417e-05,5.417e-05,5.417e-05,19,1,19,19,19,4,1,4,4,4,0,1,0,0,0
18,10,13,1,13,13,13,5.6986e-05,1,5.6986e-05,5.6986e-05,5.6986e-05,24,1,24,24,24,3,1,3,3,3,0,1,0,0,0
18,10,16,1,16,16,16,6.0873e-05,1,6.0873e-05,6.0873e-05,6.0873e-05,28,1,28,28,28,3,1,3,3,3,0,1,0,0,0
18,10,21,1,21,21,21,5.6063e-05,1,5.6063e-05,5.6063e-05,5.6063e-05,19,1,19,19,19,4,1,4,4,4,0,1,0,0,0
18,10,15,1,15,15,15,6.0067e-05,1,6.0067e-05,6.0067e-05,6.0067e-05,27,1,27,27,27,3,1,3,3,3,0,1,0,0,0
18,10,6,1,6,6,6,5.1942e-05,1,5.1942e-05,5.1942e-05,5.1942e-05,19,1,19,19,19,3,1,3,3,3,0,1,0,0,0
18,10,14,1,14,14,14,5.5615e-05,1,5.5615e-05,5.5615e-05,5.5615e-05,21,1,21,21,21,3,1,3,3,3,0,1,0,0,0
18,10,19,1,19,19,19,6.0772e-05,1,6.0772e-05,6.0772e-05,6.0772e-05,23,1,23,23,23,4,1,4,4,4,0,1,0,0,0
18,10,19,1,19,19,19,5.795e-05,1,5.795e-05,5.795e-05,5.795e-05,22,1,22,22,22,4,1,4,4,4,0,1,0,0,0
18,10,17,1,17,17,17,5.3955e-05,1,5.3955e-05,5.3955e-05,5.3955e-05,19,1,19,19,19,4,1,4,4,4,0,1,0,0,0
18,10,22,1,22,22,22,6.4016e-05,1,6.4016e-05,6.4016e-05,6.4016e-05,27,1,27,27,27,4,1,4,4,4,0,1,0,0,0
18,10,9,1,9,9,9,5.3503e-05,1,5.3503e-05,5.3503e-05,5.3503e-05,21,1,21,21,21,3,1,3,3,3,0,1,0,0,0
18,10,13,1,13,13,13,5.5327e-05,1,5.5327e-05,5.5327e-05,5.5327e-05,21,1,21,21,21,3,1,3,3,3,0,1,0,0,0
18,10,11,1,11,11,11,5.8228e-05,1,5.8228e-05,5.8228e-05,5.8228e-05,25,1,25,25,25,3,1,3,3,3,0,1,0,0,0
18,10,15,1,15,15,15,6.0371e-05,1,6.0371e-05,6.0371e-05,6.0371e-05,27,1,27,27,27,3,1,3,3,3,0,1,0,0,0
18,10,15,1,15,15,15,5.8958e-05,1,5.8958e-05,5.8958e-05,5.8958e-05,25,1,25,25,25,3,1,3,3,3,0,1,0,0,0
18,10,16,1,16,16,16,5.9976e-05,1,5.9976e-05,5.9976e-05,5.9976e-05,27,1,27,27,27,3,1,3,3,3,0,1,0,0,0
18,10,12,1,12,12,12,5.5865e-05,1,5.5865e-05,5.5865e-05,5.5865e-05,21,1,21,21,21,3,1,3,3,3,0,1,0,0,0
18,10,12,1,12,12,12,5.609e-05,1,5.609e-05,5.609e-05,5.609e-05,23,1,23,23,23,3,1,3,3,3,0,1,0,0,0
18,10,18,1,18,18,18,5.7532e-05,1,5.7532e-05,5.7532e-05,5.7532e-05,22,1,22,22,22,4,1,4,4,4,0,1,0,0,0
18,10,16,1,16,16,16,5.7962e-05,1,5.7962e-05,5.7962e-05,5.7962e-05,23,1,23,23,23,4,1,4,4,4,0,1,0,0,0
18,10,13,1,13,13,13,5.8248e-05,1,5.8248e-05,5.8248e-05,5.8248e-05,26,1,26,26,26,3,1,3,3,3,0,1,0,0,0
18,10,12,1,12,12,12,5.2182e-05,1,5.2182e-05,5.2182e-05,5.2182e-05,19,1,19,19,19,4,1,4,4,4,0,1,0,0,0
18,10,14,1,14,14,14,6.0576e-05,1,6.0576e-05,6.0576e-05,6.0576e-05,27,1,27,27,27,3,1,3,3,3,0,1,0,0,0
18,10,19,1,19,19,19,6.0932e-05,1,6.0932e-05,6.0932e-05,6.0932e-05,24,1,24,24,24,4,1,4,4,4,0,1,0,0,0
18,10,18,1,18,18,18,5.9935e-05,1,5.9935e-05,5.9935e-05,5.9935e-05,25,1,25,25,25,3,1,3,3,3,0,1,0,0,0
18,10,17,1,17,17,17,6.0298e-05,1,6.0298e-05,6.0298e-05,6.0298e-05,28,1,28,28,28,3,1,3,3,3,0,1,0,0,0
18,10,19,1,19,19,19,5.8167e-05,1,5.8167e-05,5.8167e-05,5.8167e-05,23,1,23,23,23,4,1,4,4,4,0,1,0,0,0
18,10,19,1,19,19,19,6.5268e-05,1,6.5268e-05,6.5268e-05,6.5268e-05,31,1,31,31,31,3,1,3,3,3,0,1,0,0,0
18,10,20,1,20,20,20,6.3685e-05,1,6.3685e-05,6.3685e-05,6.3685e-05,30,1,30,30,30,3,1,3,3,3,0,1,0,0,0
18,10,17,1,17,17,17,5.9811e-05,1,5.9811e-05,5.9811e-05,5.9811e-05,24,1,24,24,24,4,1,4,4,4,0,1,0,0,0
18,10,18,1,18,18,18,6.2692e-05,1,6.2692e-05,6.2692e-05,6.2692e-05,28,1,28,28,28,3,1,3,3,3,0,1,0,0,0
18,10,21,1,21,21,21,6.1309e-05,1,6.1309e-05,6.1309e-05,6.1309e-05,24,1,24,24,24,4,1,4,4,4,0,1,0,0,0
18,10,20,1,20,20,20,5.9134e-05,1,5.9134e-05,5.9134e-05,5.9134e-05,24,1,24,24,24,4,1,4,4,4,0,1,0,0,0
18,10,15,1,15,15,15,5.589e-05,1,5.589e-05,5.589e-05,5.589e-05,23,1,23,23,23,3,1,3,3,3,0,1,0,0,0
18,10,7,1,7,7,7,5.1843e-05,1,5.1843e-05,5.1843e-05,5.1843e-05,21,1,21,21,21,3,1,3,3,3,0,1,0,0,0
18,10,15,1,15,15,15,5.4163e-05,1,5.4163e-05,5.4163e-05,5.4163e-05,19,1,19,19,19,4,1,4,4,4,0,1,0,0,0
18,10,17,1,17,17,17,5.4061e-05,1,5.4061e-05,5.4061e-05,5.4061e-05,19,1,19,19,19,4,1,4,4,4,0,1,0,0,0
18,10,13,1,13,13,13,5.7273e-05,1,5.7273e-05,5.7273e-05,5.7273e-05,24,1,24,24,24,3,1,3,3,3,0,1,0,0,0
18,10,10,1,10,10,10,5.5339e-05,1,5.5339e-05,5.5339e-05,5.5339e-05,23,1,23,23,23,3,1,3,3,3,0,1,0,0,0
18,10,15,1,15,15,15,5.6286e-05,1,5.6286e-05,5.6286e-05,5.6286e-05,23,1,23,23,23,3,1,3,3,3,0,1,0,0,0
18,10,17,1,17,17,17,5.4642e-05,1,5.4642e-05,5.4642e-05,5.4642e-05,19,1,19,19,19,4,1,4,4,4,0,1,0,0,0
18,10,18,1,18,18,18,5.5727e-05,1,5.5727e-05,5.5727e-05,5.5727e-05,19,1,19,19,19,4,1,4,4,4,0,1,0,0,0
18,10,15,1,15,15,15,5.6474e-05,1,5.6474e-05,5.6474e-05,5.6474e-05,21,1,21,21,21,4,1,4,4,4,0,1,0,0,0
18,10,15,1,15,15,15,5.7887e-05,1,5.7887e-05,5.7887e-05,5.7887e-05,26,1,26,26,26,3,1,3,3,3,0,1,0,0,0
18,10,16,1,16,16,16,5.8325e-05,1,5.8325e-05,5.8325e-05,5.8325e-05,23,1,23,23,23,4,1,4,4,4,0,1,0,0,0
18,10,15,1,15,15,15,6.0608e-05,1,6.0608e-05,6.0608e-05,6.0608e-05,27,1,27,27,27,3,1,3,3,3,0,1,0,0,0
18,10,17,1,17,17,17,5.8872e-05,1,5.8872e-05,5.8872e-05,5.8872e-05,23,1,23,23,23,4,1,4,4,4,0,1,0,0,0
18,10,25,1,25,25,25,6.24e-05,1,6.24e-05,6.24e-05,6.24e-05,25,1,25,25,25,4,1,4,4,4,0,1,0,0,0
18,10,14,1,14,14,14,5.8585e-05,1,5.8585e-05,5.8585e-05,5.8585e-05,25,1,25,25,25,3,1,3,3,3,0,1,0,0,0
18,10,13,1,13,13,13,5.5678e-05,1,5.5678e-05,5.5678e-05,5.5678e-05,23,1,23,23,23,3,1,3,3,3,0,1,0,0,0
18,10,20,1,20,20,20,8.0465e-05,1,8.0465e-05,8.0465e-05,8.0465e-05,30,1,30,30,30,3,1,3,3,3,0,1,0,0,0
18,10,16,1,16,16,16,5.6233e-05,1,5.6233e-05,5.6233e-05,5.6233e-05,22,1,22,22,22,4,1,4,4,4,0,1,0,0,0
18,10,18,1,18,18,18,5.465e-05,1,5.465e-05,5.465e-05,5.465e-05,19,1,19,19,19,4,1,4,4,4,0,1,0,0,0
18,10,14,1,14,14,14,5.8628e-05,1,5.8628e-05,5.8628e-05,5.8628e-05,25,1,25,25,25,3,1,3,3,3,0,1,0,0,0
18,10,15,1,15,15,15,5.8279e-05,1,5.8279e-05,5.8279e-05,5.8279e-05,26,1,26,26,26,3,1,3,3,3,0,1,0,0,0
18,10,18,1,18,18,18,5.8734e-05,1,5.8734e-05,5.8734e-05,5.8734e-05,22,1,22,22,22,4,1,4,4,4,0,1,0,0,0
18,10,17,1,17,17,17,5.949e-05,1,5.949e-05,5.949e-05,5.949e-05,24,1,24,24,24,4,1,4,4,4,0,1,0,0,0
18,10,12,1,12,12,12,5.7175e-05,1,5.7175e-05,5.7175e-05,5.7175e-05,23,1,23,23,23,4,1,4,4,4,0,1,0,0,0
18,10,12,1,12,12,12,5.4663e-05,1,5.4663e-05,5.4663e-05,5.4663e-05,21,1,21,21,21,3,1,3,3,3,0,1,0,0,0
18,10,17,1,17,17,17,5.4562e-05,1,5.4562e-05,5.4562e-05,5.4562e-05,19,1,19,19,19,4,1,4,4,4,0,1,0,0,0
18,10,15,1,15,15,15,5.5831e-05,1,5.5831e-05,5.5831e-05,5.5831e-05,21,1,21,21,21,4,1,4,4,4,0,1,0,0,0
18,10,18,1,18,18,18,5.6714e-05,1,5.6714e-05,5.6714e-05,5.6714e-05,22,1,22,22,22,4,1,4,4,4,0,1,0,0,0
18,10,12,1,12,12,12,5.5967e-05,1,5.5967e-05,5.5967e-05,5.5967e-05,24,1,24,24,24,3,1,3,3,3,0,1,0,0,0
18,10,12,1,12,12,12,5.3922e-05,1,5.3922e-05,5.3922e-05,5.3922e-05,21,1,21,21,21,3,1,3,3,3,0,1,0,0,0
18,10,14,1,14,14,14,5.7092e-05,1,5.7092e-05,5.7092e-05,5.7092e-05,24,1,24,24,24,3,1,3,3,3,0,1,0,0,0
18,10,13,1,13,13,13,5.4238e-05,1,5.4238e-05,5.4238e-05,5.4238e-05,19,1,19,19,19,4,1,4,4,4,0,1,0,0,0
18,10,14,1,14,14,14,5.842e-05,1,5.842e-05,5.842e-05,5.842e-05,26,1,26,26,26,3,1,3,3,3,0,1,0,0,0
18,10,12,1,12,12,12,5.7622e-05,1,5.7622e-05,5.7622e-05,5.7622e-05,25,1,25,25,25,3,1,3,3,3,0,1,0,0,0
18,10,11,1,11,11,11,5.4931e-05,1,5.4931e-05,5.4931e-05,5.4931e-05,23,1,23,23,23,3,1,3,3,3,0,1,0,0,0
18,10,18,1,18,18,18,6.2235e-05,1,6.2235e-05,6.2235e-05,6.2235e-05,29,1,29,29,29,3,1,3,3,3,0,1,0,0,0
18,10,18,1,18,18,18,5.8733e-05,1,5.8733e-05,5.8733e-05,5.8733e-05,22,1,22,22,22,4,1,4,4,4,0,1,0,0,0
18,10,18,1,18,18,18,6.028e-05,1,6.028e-05,6.028e-05,6.028e-05,25,1,25,25,25,3,1,3,3,3,0,1,0,0,0
18,10,16,1,16,16,16,6.0632e-05,1,6.0632e-05,6.0632e-05,6.0632e-05,28,1,28,28,28,3,1,3,3,3,0,1,0,0,0
18,10,14,1,14,14,14,5.859e-05,1,5.859e-05,5.859e-05,5.859e-05,24,1,24,24,24,3,1,3,3,3,0,1,0,0,0
18,10,14,1,14,14,14,5.6968e-05,1,5.6968e-05,5.6968e-05,5.6968e-05,24,1,24,24,24,3,1,3,3,3,0,1,0,0,0
18,10,11,1,11,11,11,5.5455e-05,1,5.5455e-05,5.5455e-05,5.5455e-05,22,1,22,22,22,3,1,3,3,3,0,1,0,0,0
