n,p,m_total,m_count,m_mean,m_min,m_max,time_total,time_count,time_mean,time_min,time_max,calls_total,calls_count,calls_mean,calls_min,calls_max,depth_total,depth_count,depth_mean,depth_min,depth_max,cliques_total,cliques_count,cliques_mean,cliques_min,cliques_max
12,40,26,1,26,26,26,5.6417e-05,1,5.6417e-05,5.6417e-05,5.6417e-05,25,1,25,25,25,4,1,4,4,4,0,1,0,0,0
12,40,21,1,21,21,21,3.6139e-05,1,3.6139e-05,3.6139e-05,3.6139e-05,15,1,15,15,15,5,1,5,5,5,0,1,0,0,0
12,40,28,1,28,28,28,5.0648e-05,1,5.0648e-05,5.0648e-05,5.0648e-05,28,1,28,28,28,4,1,4,4,4,0,1,0,0,0
12,40,33,1,33,33,33,4.7459e-05,1,4.7459e-05,4.7459e-05,4.7459e-05,19,1,19,19,19,6,1,6,6,6,0,1,0,0,0
12,40,26,1,26,26,26,4.1442e-05,1,4.1442e-05,4.1442e-05,4.1442e-05,17,1,17,17,17,5,1,5,5,5,0,1,0,0,0
12,40,19,1,19,19,19,3.7203e-05,1,3.7203e-05,3.7203e-05,3.7203e-05,19,1,19,19,19,4,1,4,4,4,0,1,0,0,0
12,40,29,1,29,29,29,4.2743e-05,1,4.2743e-05,4.2743e-05,4.2743e-05,16,1,16,16,16,5,1,5,5,5,0,1,0,0,0
12,40,27,1,27,27,27,3.9233e-05,1,3.9233e-05,3.9233e-05,3.9233e-05,15,1,15,15,15,5,1,5,5,5,0,1,0,0,0
12,40,22,1,22,22,22,3.8919e-05,1,3.8919e-05,3.8919e-05,3.8919e-05,18,1,18,18,18,4,1,4,4,4,0,1,0,0,0
12,40,23,1,23,23,23,3.5983e-05,1,3.5983e-05,3.5983e-05,3.5983e-05,15,1,15,15,15,5,1,5,5,5,0,1,0,0,0
12,40,26,1,26,26,26,3.6011e-05,1,3.6011e-05,3.6011e-05,3.6011e-05,13,1,13,13,13,6,1,6,6,6,0,1,0,0,0
12,40,26,1,26,26,26,4.4015e-05,1,4.4015e-05,4.4015e-05,4.4015e-05,24,1,24,24,24,5,1,5,5,5,0,1,0,0,0
12,40,32,1,32,32,32,4.6034e-05,1,4.6034e-05,4.6034e-05,4.6034e-05,19,1,19,19,19,5,1,5,5,5,0,1,0,0,0
12,40,29,1,29,29,29,4.3345e-05,1,4.3345e-05,4.3345e-05,4.3345e-05,19,1,19,19,19,5,1,5,5,5,0,1,0,0,0
12,40,25,1,25,25,25,4.3079e-05,1,4.3079e-05,4.3079e-05,4.3079e-05,18,1,18,18,18,5,1,5,5,5,0,1,0,0,0
12,40,24,1,24,24,24,3.745e-05,1,3.745e-05,3.745e-05,3.745e-05,16,1,16,16,16,5,1,5,5,5,0,1,0,0,0
12,40,26,1,26,26,26,4.553e-05,1,4.553e-05,4.553e-05,4.553e-05,23,1,23,23,23,4,1,4,4,4,0,1,0,0,0
12,40,33,1,33,33,33,4.3935e-05,1,4.3935e-05,4.3935e-05,4.3935e-05,15,1,15,15,15,6,1,6,6,6,0,1,0,0,0
12,40,21,1,21,21,21,3.7228e-05,1,3.7228e-05,3.7228e-05,3.7228e-05,18,1,18,18,18,4,1,4,4,4,0,1,0,0,0
12,40,27,1,27,27,27,3.7652e-05,1,3.7652e-05,3.7652e-05,3.7652e-05,15,1,15,15,15,5,1,5,5,5,0,1,0,0,0
12,40,26,1,26,26,26,3.8782e-05,1,3.8782e-05,3.8782e-05,3.8782e-05,16,1,16,16,16,5,1,5,5,5,0,1,0,0,0
12,40,36,1,36,36,36,5.8241e-05,1,5.8241e-05,5.8241e-05,5.8241e-05,22,1,22,22,22,6,1,6,6,6,0,1,0,0,0
12,40,26,1,26,26,26,4.6276e-05,1,4.6276e-05,4.6276e-05,4.6276e-05,22,1,22,22,22,4,1,4,4,4,0,1,0,0,0
12,40,20,1,20,20,20,3.6221e-05,1,3.6221e-05,3.6221e-05,3.6221e-05,18,1,18,18,18,4,1,4,4,4,0,1,0,0,0
12,40,20,1,20,20,20,3.8649e-05,1,3.8649e-05,3.8649e-05,3.8649e-05,18,1,18,18,18,5,1,5,5,5,0,1,0,0,0
12,40,32,1,32,32,32,4.733e-05,1,4.733e-05,4.733e-05,4.733e-05,21,1,21,21,21,5,1,5,5,5,0,1,0,0,0
12,40,28,1,28,28,28,4.5511e-05,1,4.5511e-05,4.5511e-05,4.5511e-05,20,1,20,20,20,5,1,5,5,5,0,1,0,0,0
12,40,28,1,28,28,28,4.7659e-05,1,4.7659e-05,4.7659e-05,4.7659e-05,24,1,24,24,24,4,1,4,4,4,0,1,0,0,0
12,40,33,1,33,33,33,5.1487e-05,1,5.1487e-05,5.1487e-05,5.1487e-05,24,1,24,24,24,5,1,5,5,5,0,1,0,0,0
12,40,31,1,31,31,31,4.8819e-05,1,4.8819e-05,4.8819e-05,4.8819e-05,21,1,21,21,21,5,1,5,5,5,0,1,0,0,0
12,40,28,1,28,28,28,4.2589e-05,1,4.2589e-05,4.2589e-05,4.2589e-05,20,1,20,20,20,5,1,5,5,5,0,1,0,0,0
12,40,29,1,29,29,29,4.0412e-05,1,4.0412e-05,4.0412e-05,4.0412e-05,13,1,13,13,13,6,1,6,6,6,0,1,0,0,0
12,40,18,1,18,18,18,3.6802e-05,1,3.6802e-05,3.6802e-05,3.6802e-05,20,1,20,20,20,4,1,4,4,4,0,1,0,0,0
12,40,20,1,20,20,20,5.6327e-05,1,5.6327e-05,5.6327e-05,5.6327e-05,18,1,18,18,18,4,1,4,4,4,0,1,0,0,0
12,40,27,1,27,27,27,3.8776e-05,1,3.8776e-05,3.8776e-05,3.8776e-05,16,1,16,16,16,5,1,5,5,5,0,1,0,0,0
12,40,23,1,23,23,23,3.5267e-05,1,3.5267e-05,3.5267e-05,3.5267e-05,16,1,16,16,16,5,1,5,5,5,0,1,0,0,0
12,40,32,1,32,32,32,4.8282e-05,1,4.8282e-05,4.8282e-05,4.8282e-05,21,1,21,21,21,5,1,5,5,5,0,1,0,0,0
12,40,25,1,25,25,25,3.371e-05,1,3.371e-05,3.371e-05,3.371e-05,13,1,13,13,13,5,1,5,5,5,0,1,0,0,0
12,40,22,1,22,22,22,3.6518e-05,1,3.6518e-05,3.6518e-05,3.6518e-05,15,1,15,15,15,5,1,5,5,5,0,1,0,0,0
12,40,24,1,24,24,24,4.2243e-05,1,4.2243e-05,4.2243e-05,4.2243e-05,23,1,23,23,23,4,1,4,4,4,0,1,0,0,0
12,40,30,1,30,30,30,3.9557e-05,1,3.9557e-05,3.9557e-05,3.9557e-05,16,1,16,16,16,5,1,5,5,5,0,1,0,0,0
12,40,26,1,26,26,26,4.6808e-05,1,4.6808e-05,4.6808e-05,4.6808e-05,25,1,25,25,25,4,1,4,4,4,0,1,0,0,0
12,40,25,1,25,25,25,4.3517e-05,1,4.3517e-05,4.3517e-05,4.3517e-05,22,1,22,22,22,4,1,4,4,4,0,1,0,0,0
12,40,22,1,22,22,22,3.6287e-05,1,3.6287e-05,3.6287e-05,3.6287e-05,17,1,17,17,17,4,1,4,4,4,0,1,0,0,0
12,40,24,1,24,24,24,3.7706e-05,1,3.7706e-05,3.7706e-05,3.7706e-05,16,1,16,16,16,5,1,5,5,5,0,1,0,0,0
12,40,20,1,20,20,20,4.0223e-05,1,4.0223e-05,4.0223e-05,4.0223e-05,21,1,21,21,21,4,1,4,4,4,0,1,0,0,0
12,40,32,1,32,32,32,5.0772e-05,1,5.0772e-05,5.0772e-05,5.0772e-05,21,1,21,21,21,5,1,5,5,5,0,1,0,0,0
12,40,24,1,24,24,24,4.1081e-05,1,4.1081e-05,4.1081e-05,4.1081e-05,21,1,21,21,21,4,1,4,4,4,0,1,0,0,0
12,40,19,1,19,19,19,3.6881e-05,1,3.6881e-05,3.6881e-05,3.6881e-05,18,1,18,18,18,4,1,4,4,4,0,1,0,0,0
12,40,19,1,19,19,19,3.0248e-05,1,3.0248e-05,3.0248e-05,3.0248e-05,13,1,13,13,13,4,1,4,4,4,0,1,0,0,0
12,40,29,1,29,29,29,3.6613e-05,1,3.6613e-05,3.6613e-05,3.6613e-05,13,1,13,13,13,6,1,6,6,6,0,1,0,0,0
12,40,29,1,29,29,29,4.1873e-05,1,4.1873e-05,4.1873e-05,4.1873e-05,18,1,18,18,18,5,1,5,5,5,0,1,0,0,0
12,40,25,1,25,25,25,4.4522e-05,1,4.4522e-05,4.4522e-05,4.4522e-05,25,1,25,25,25,4,1,4,4,4,0,1,0,0,0
12,40,28,1,28,28,28,4.8362e-05,1,4.8362e-05,4.8362e-05,4.8362e-05,28,1,28,28,28,4,1,4,4,4,0,1,0,0,0
12,40,28,1,28,28,28,3.6526e-05,1,3.6526e-05,3.6526e-05,3.6526e-05,13,1,13,13,13,6,1,6,6,6,0,1,0,0,0
12,40,20,1,20,20,20,3.1961e-05,1,3.1961e-05,3.1961e-05,3.1961e-05,13,1,13,13,13,4,1,4,4,4,0,1,0,0,0
12,40,25,1,25,25,25,3.6648e-05,1,3.6648e-05,3.6648e-05,3.6648e-05,15,1,15,15,15,5,1,5,5,5,0,1,0,0,0
12,40,21,1,21,21,21,3.1582e-05,1,3.1582e-05,3.1582e-05,3.1582e-05,13,1,13,13,13,5,1,5,5,5,0,1,0,0,0
12,40,25,1,25,25,25,3.6625e-05,1,3.6625e-05,3.6625e-05,3.6625e-05,16,1,16,16,16,5,1,5,5,5,0,1,0,0,0
12,40,23,1,23,23,23,4.5181e-05,1,4.5181e-05,4.5181e-05,4.5181e-05,23,1,23,23,23,4,1,4,4,4,0,1,0,0,0
12,40,25,1,25,25,25,4.3145e-05,1,4.3145e-05,4.3145e-05,4.3145e-05,22,1,22,22,22,4,1,4,4,4,0,1,0,0,0
12,40,25,1,25,25,25,4.7599e-05,1,4.7599e-05,4.7599e-05,4.7599e-05,25,1,25,25,25,4,1,4,4,4,0,1,0,0,0
12,40,24,1,24,24,24,3.3614e-05,1,3.3614e-05,3.3614e-05,3.3614e-05,13,1,13,13,13,5,1,5,5,5,0,1,0,0,0
12,40,25,1,25,25,25,4.5763e-05,1,4.5763e-05,4.5763e-05,4.5763e-05,21,1,21,21,21,4,1,4,4,4,0,1,0,0,0
12,40,25,1,25,25,25,4.7921e-05,1,4.7921e-05,4.7921e-05,4.7921e-05,25,1,25,25,25,4,1,4,4,4,0,1,0,0,0
12,40,26,1,26,26,26,4.7181e-05,1,4.7181e-05,4.7181e-05,4.7181e-05,26,1,26,26,26,4,1,4,4,4,0,1,0,0,0
12,40,34,1,34,34,34,5.9047e-05,1,5.9047e-05,5.9047e-05,5.9047e-05,31,1,31,31,31,5,1,5,5,5,0,1,0,0,0
12,40,22,1,22,22,22,3.3031e-05,1,3.3031e-05,3.3031e-05,3.3031e-05,13,1,13,13,13,5,1,5,5,5,0,1,0,0,0
12,40,23,1,23,23,23,4.3038e-05,1,4.3038e-05,4.3038e-05,4.3038e-05,21,1,21,21,21,5,1,5,5,5,0,1,0,0,0
12,40,27,1,27,27,27,4.2266e-05,1,4.2266e-05,4.2266e-05,4.2266e-05,20,1,20,20,20,5,1,5,5,5,0,1,0,0,0
12,40,30,1,30,30,30,4.6536e-05,1,4.6536e-05,4.6536e-05,4.6536e-05,22,1,22,22,22,5,1,5,5,5,0,1,0,0,0
12,40,25,1,25,25,25,3.8797e-05,1,3.8797e-05,3.8797e-05,3.8797e-05,17,1,17,17,17,5,1,5,5,5,0,1,0,0,0
12,40,28,1,28,28,28,5.4173e-05,1,5.4173e-05,5.4173e-05,5.4173e-05,24,1,24,24,24,5,1,5,5,5,0,1,0,0,0
12,40,26,1,26,26,26,4.373e-05,1,4.373e-05,4.373e-05,4.373e-05,19,1,19,19,19,5,1,5,5,5,0,1,0,0,0
12,40,27,1,27,27,27,4.7083e-05,1,4.7083e-05,4.7083e-05,4.7083e-05,25,1,25,25,25,4,1,4,4,4,0,1,0,0,0
12,40,26,1,26,26,26,4.5965e-05,1,4.5965e-05,4.5965e-05,4.5965e-05,24,1,24,24,24,4,1,4,4,4,0,1,0,0,0
12,40,23,1,23,23,23,4.0616e-05,1,4.0616e-05,4.0616e-05,4.0616e-05,20,1,20,20,20,4,1,4,4,4,0,1,0,0,0
12,40,29,1,29,29,29,9.0588e-05,1,9.0588e-05,9.0588e-05,9.0588e-05,28,1,28,28,28,4,1,4,4,4,0,1,0,0,0
12,40,21,1,21,21,21,3.2086e-05,1,3.2086e-05,3.2086e-05,3.2086e-05,13,1,13,13,13,5,1,5,5,5,0,1,0,0,0
12,40,29,1,29,29,29,3.5912e-05,1,3.5912e-05,3.5912e-05,3.5912e-05,13,1,13,13,13,6,1,6,6,6,0,1,0,0,0
12,40,30,1,30,30,30,4.7172e-05,1,4.7172e-05,4.7172e-05,4.7172e-05,22,1,22,22,22,5,1,5,5,5,0,1,0,0,0
12,40,26,1,26,26,26,4.5128e-05,1,4.5128e-05,4.5128e-05,4.5128e-05,24,1,24,24,24,4,1,4,4,4,0,1,0,0,0
12,40,27,1,27,27,27,4.0187e-05,1,4.0187e-05,4.0187e-05,4.0187e-05,18,1,18,18,18,5,1,5,5,5,0,1,0,0,0
12,40,21,1,21,21,21,3.7655e-05,1,3.7655e-05,3.7655e-05,3.7655e-05,19,1,19,19,19,4,1,4,4,4,0,1,0,0,0
12,40,25,1,25,25,25,4.2851e-05,1,4.2851e-05,4.2851e-05,4.2851e-05,21,1,21,21,21,4,1,4,4,4,0,1,0,0,0
12,40,28,1,28,28,28,5.2311e-05,1,5.2311e-05,5.2311e-05,5.2311e-05,28,1,28,28,28,4,1,4,4,4,0,1,0,0,0
12,40,28,1,28,28,28,4.0955e-05,1,4.0955e-05,4.0955e-05,4.0955e-05,18,1,18,18,18,5,1,5,5,5,0,1,0,0,0
12,40,25,1,25,25,25,4.379e-05,1,4.379e-05,4.379e-05,4.379e-05,24,1,24,24,24,4,1,4,4,4,0,1,0,0,0
12,40,18,1,18,18,18,3.3775e-05,1,3.3775e-05,3.3775e-05,3.3775e-05,17,1,17,17,17,4,1,4,4,4,0,1,0,0,0
12,40,27,1,27,27,27,4.259e-05,1,4.259e-05,4.259e-05,4.259e-05,18,1,18,18,18,5,1,5,5,5,0,1,0,0,0
12,40,26,1,26,26,26,3.6222e-05,1,3.6222e-05,3.6222e-05,3.6222e-05,15,1,15,15,15,5,1,5,5,5,0,1,0,0,0
12,40,29,1,29,29,29,4.2331e-05,1,4.2331e-05,4.2331e-05,4.2331e-05,19,1,19,19,19,5,1,5,5,5,0,1,0,0,0
12,40,31,1,31,31,31,3.5938e-05,1,3.5938e-05,3.5938e-05,3.5938e-05,13,1,13,13,13,6,1,6,6,6,0,1,0,0,0
12,40,30,1,30,30,30,4.8035e-05,1,4.8035e-05,4.8035e-05,4.8035e-05,22,1,22,22,22,5,1,5,5,5,0,1,0,0,0
12,40,27,1,27,27,27,4.2946e-05,1,4.2946e-05,4.2946e-05,4.2946e-05,19,1,19,19,19,5,1,5,5,5,0,1,0,0,0
12,40,21,1,21,21,21,3.6666e-05,1,3.6666e-05,3.6666e-05,3.6666e-05,18,1,18,18,18,4,1,4,4,4,0,1,0,0,0
12,40,29,1,29,29,29,4.387e-05,1,4.387e-05,4.387e-05,4.387e-05,20,1,20,20,20,5,1,5,5,5,0,1,0,0,0
12,40,31,1,31,31,31,4.1217e-05,1,4.1217e-05,4.1217e-05,4.1217e-05,15,1,15,15,15,6,1,6,6,6,0,1,0,0,0
12,40,23,1,23,23,23,4.1198e-05,1,4.1198e-05,4.1198e-05,4.1198e-05,22,1,22,22,22,4,1,4,4,4,0,1,0,0,0
12,40,22,1,22,22,22,3.951e-05,1,3.951e-05,3.951e-05,3.951e-05,21,1,21,21,21,4,1,4,4,4,0,1,0,0,0
12,40,30,1,30,30,30,4.3694e-05,1,4.3694e-05,4.3694e-05,4.3694e-05,20,1,20,20,20,5,1,5,5,5,0,1,0,0,0
12,40,23,1,23,23,23,4.1832e-05,1,4.1832e-05,4.1832e-05,4.1832e-05,19,1,19,19,19,5,1,5,5,5,0,1,0,0,0
12,40,25,1,25,25,25,3.7952e-05,1,3.7952e-05,3.7952e-05,3.7952e-05,16,1,16,16,16,5,1,5,5,5,0,1,0,0,0
12,40,26,1,26,26,26,4.4997e-05,1,4.4997e-05,4.4997e-05,4.4997e-05,22,1,22,22,22,4,1,4,4,4,0,1,0,0,0
12,40,35,1,35,35,35,5.6549e-05,1,5.6549e-05,5.6549e-05,5.6549e-05,27,1,27,27,27,5,1,5,5,5,0,1,0,0,0
12,40,28,1,28,28,28,3.949e-05,1,3.949e-05,3.949e-05,3.949e-05,16,1,16,16,16,5,1,5,5,5,0,1,0,0,0
12,40,37,1,37,37,37,4.7431e-05,1,4.7431e-05,4.7431e-05,4.7431e-05,17,1,17,17,17,6,1,6,6,6,0,1,0,0,0
12,40,17,1,17,17,17,3.373e-05,1,3.373e-05,3.373e-05,3.373e-05,15,1,15,15,15,4,1,4,4,4,0,1,0,0,0
12,40,28,1,28,28,28,4.4908e-05,1,4.4908e-05,4.4908e-05,4.4908e-05,21,1,21,21,21,5,1,5,5,5,0,1,0,0,0
12,40,27,1,27,27,27,4.1074e-05,1,4.1074e-05,4.1074e-05,4.1074e-05,18,1,18,18,18,5,1,5,5,5,0,1,0,0,0
12,40,25,1,25,25,25,3.9132e-05,1,3.9132e-05,3.9132e-05,3.9132e-05,17,1,17,17,17,5,1,5,5,5,0,1,0,0,0
12,40,30,1,30,30,30,4.4071e-05,1,4.4071e-05,4.4071e-05,4.4071e-05,21,1,21,21,21,5,1,5,5,5,0,1,0,0,0
12,40,27,1,27,27,27,3.91e-05,1,3.91e-05,3.91e-05,3.91e-05,19,1,19,19,19,5,1,5,5,5,0,1,0,0,0
12,40,28,1,28,28,28,5.1387e-05,1,5.1387e-05,5.1387e-05,5.1387e-05,25,1,25,25,25,5,1,5,5,5,0,1,0,0,0
12,40,20,1,20,20,20,3.4546e-05,1,3.4546e-05,3.4546e-05,3.4546e-05,16,1,16,16,16,4,1,4,4,4,0,1,0,0,0
12,40,29,1,29,29,29,4.5272e-05,1,4.5272e-05,4.5272e-05,4.5272e-05,19,1,19,19,19,5,1,5,5,5,0,1,0,0,0
12,40,26,1,26,26,26,4.1269e-05,1,4.1269e-05,4.1269e-05,4.1269e-05,18,1,18,18,18,5,1,5,5,5,0,1,0,0,0
12,40,25,1,25,25,25,3.5463e-05,1,3.5463e-05,3.5463e-05,3.5463e-05,16,1,16,16,16,5,1,5,5,5,0,1,0,0,0
12,40,25,1,25,25,25,4.2202e-05,1,4.2202e-05,4.2202e-05,4.2202e-05,22,1,22,22,22,4,1,4,4,4,0,1,0,0,0
12,40,24,1,24,24,24,4.0558e-05,1,4.0558e-05,4.0558e-05,4.0558e-05,17,1,17,17,17,5,1,5,5,5,0,1,0,0,0
12,40,24,1,24,24,24,4.0241e-05,1,4.0241e-05,4.0241e-05,4.0241e-05,20,1,20,20,20,4,1,4,4,4,0,1,0,0,0
12,40,22,1,22,22,22,5.9733e-05,1,5.9733e-05,5.9733e-05,5.9733e-05,23,1,23,23,23,4,1,4,4,4,0,1,0,0,0
12,40,21,1,21,21,21,3.5835e-05,1,3.5835e-05,3.5835e-05,3.5835e-05,17,1,17,17,17,4,1,4,4,4,0,1,0,0,0
12,40,35,1,35,35,35,4.9088e-05,1,4.9088e-05,4.9088e-05,4.9088e-05,18,1,18,18,18,6,1,6,6,6,0,1,0,0,0
12,40,31,1,31,31,31,5.2099e-05,1,5.2099e-05,5.2099e-05,5.2099e-05,27,1,27,27,27,5,1,5,5,5,0,1,0,0,0
12,40,23,1,23,23,23,4.0896e-05,1,4.0896e-05,4.0896e-05,4.0896e-05,21,1,21,21,21,4,1,4,4,4,0,1,0,0,0
12,40,19,1,19,19,19,3.6711e-05,1,3.6711e-05,3.6711e-05,3.6711e-05,19,1,19,19,19,4,1,4,4,4,0,1,0,0,0
12,40,24,1,24,24,24,3.8085e-05,1,3.8085e-05,3.8085e-05,3.8085e-05,17,1,17,17,17,5,1,5,5,5,0,1,0,0,0
12,40,20,1,20,20,20,3.9544e-05,1,3.9544e-05,3.9544e-05,3.9544e-05,19,1,19,19,19,4,1,4,4,4,0,1,0,0,0
12,40,26,1,26,26,26,4.2276e-05,1,4.2276e-05,4.2276e-05,4.2276e-05,19,1,19,19,19,5,1,5,5,5,0,1,0,0,0
12,40,27,1,27,27,27,4.1592e-05,1,4.1592e-05,4.1592e-05,4.1592e-05,19,1,19,19,19,5,1,5,5,5,0,1,0,0,0
12,40,31,1,31,31,31,4.7247e-05,1,4.7247e-05,4.7247e-05,4.7247e-05,21,1,21,21,21,5,1,5,5,5,0,1,0,0,0
12,40,27,1,27,27,27,3.8557e-05,1,3.8557e-05,3.8557e-05,3.8557e-05,16,1,16,16,16,5,1,5,5,5,0,1,0,0,0
12,40,21,1,21,21,21,3.7127e-05,1,3.7127e-05,3.7127e-05,3.7127e-05,18,1,18,18,18,4,1,4,4,4,0,1,0,0,0
12,40,31,1,31,31,31,3.68e-05,1,3.68e-05,3.68e-05,3.68e-05,13,1,13,13,13,6,1,6,6,6,0,1,0,0,0
12,40,23,1,23,23,23,3.6636e-05,1,3.6636e-05,3.6636e-05,3.6636e-05,16,1,16,16,16,5,1,5,5,5,0,1,0,0,0
12,40,26,1,26,26,26,4.719e-05,1,4.719e-05,4.719e-05,4.719e-05,24,1,24,24,24,4,1,4,4,4,0,1,0,0,0
12,40,30,1,30,30,30,3.9997e-05,1,3.9997e-05,3.9997e-05,3.9997e-05,16,1,16,16,16,6,1,6,6,6,0,1,0,0,0
12,40,25,1,25,25,25,3.6554e-05,1,3.6554e-05,3.6554e-05,3.6554e-05,16,1,16,16,16,5,1,5,5,5,0,1,0,0,0
12,40,20,1,20,20,20,3.8207e-05,1,3.8207e-05,3.8207e-05,3.8207e-05,19,1,19,19,19,4,1,4,4,4,0,1,0,0,0
12,40,29,1,29,29,29,4.0637e-05,1,4.0637e-05,4.0637e-05,4.0637e-05,17,1,17,17,17,5,1,5,5,5,0,1,0,0,0
12,40,21,1,21,21,21,3.7501e-05,1,3.7501e-05,3.7501e-05,3.7501e-05,20,1,20,20,20,4,1,4,4,4,0,1,0,0,0
12,40,28,1,28,28,28,4.2628e-05,1,4.2628e-05,4.2628e-05,4.2628e-05,18,1,18,18,18,5,1,5,5,5,0,1,0,0,0
12,40,27,1,27,27,27,3.4478e-05,1,3.4478e-05,3.4478e-05,3.4478e-05,13,1,13,13,13,5,1,5,5,5,0,1,0,0,0
12,40,26,1,26,26,26,4.8179e-05,1,4.8179e-05,4.8179e-05,4.8179e-05,24,1,24,24,24,5,1,5,5,5,0,1,0,0,0
12,40,32,1,32,32,32,4.5967e-05,1,4.5967e-05,4.5967e-05,4.5967e-05,18,1,18,18,18,6,1,6,6,6,0,1,0,0,0
12,40,30,1,30,30,30,4.415e-05,1,4.415e-05,4.415e-05,4.415e-05,20,1,20,20,20,5,1,5,5,5,0,1,0,0,0
12,40,19,1,19,19,19,3.3946e-05,1,3.3946e-05,3.3946e-05,3.3946e-05,16,1,16,16,16,4,1,4,4,4,0,1,0,0,0
12,40,30,1,30,30,30,4.2921e-05,1,4.2921e-05,4.2921e-05,4.2921e-05,18,1,18,18,18,5,1,5,5,5,0,1,0,0,0
12,40,28,1,28,28,28,4.7401e-05,1,4.7401e-05,4.7401e-05,4.7401e-05,23,1,23,23,23,5,1,5,5,5,0,1,0,0,0
12,40,30,1,30,30,30,4.2903e-05,1,4.2903e-05,4.2903e-05,4.2903e-05,13,1,13,13,13,6,1,6,6,6,0,1,0,0,0
12,40,26,1,26,26,26,5.2987e-05,1,5.2987e-05,5.2987e-05,5.2987e-05,24,1,24,24,24,4,1,4,4,4,0,1,0,0,0
12,40,25,1,25,25,25,4.2482e-05,1,4.2482e-05,4.2482e-05,4.2482e-05,20,1,20,20,20,5,1,5,5,5,0,1,0,0,0
12,40,22,1,22,22,22,3.6007e-05,1,3.6007e-05,3.6007e-05,3.6007e-05,16,1,16,16,16,4,1,4,4,4,0,1,0,0,0
12,40,27,1,27,27,27,3.7169e-05,1,3.7169e-05,3.7169e-05,3.7169e-05,15,1,15,15,15,5,1,5,5,5,0,1,0,0,0
12,40,17,1,17,17,17,5.4456e-05,1,5.4456e-05,5.4456e-05,5.4456e-05,20,1,20,20,20,4,1,4,4,4,0,1,0,0,0
12,40,29,1,29,29,29,3.6496e-05,1,3.6496e-05,3.6496e-05,3.6496e-05,13,1,13,13,13,6,1,6,6,6,0,1,0,0,0
12,40,27,1,27,27,27,3.9817e-05,1,3.9817e-05,3.9817e-05,3.9817e-05,17,1,17,17,17,5,1,5,5,5,0,1,0,0,0
12,40,24,1,24,24,24,3.58e-05,1,3.58e-05,3.58e-05,3.58e-05,16,1,16,16,16,5,1,5,5,5,0,1,0,0,0
12,40,25,1,25,25,25,4.0966e-05,1,4.0966e-05,4.0966e-05,4.0966e-05,17,1,17,17,17,5,1,5,5,5,0,1,0,0,0
12,40,28,1,28,28,28,3.9692e-05,1,3.9692e-05,3.9692e-05,3.9692e-05,18,1,18,18,18,5,1,5,5,5,0,1,0,0,0
12,40,23,1,23,23,23,4.5369e-05,1,4.5369e-05,4.5369e-05,4.5369e-05,22,1,22,22,22,4,1,4,4,4,0,1,0,0,0
12,40,27,1,27,27,27,4.2011e-05,1,4.2011e-05,4.2011e-05,4.2011e-05,18,1,18,18,18,5,1,5,5,5,0,1,0,0,0
12,40,27,1,27,27,27,4.1226e-05,1,4.1226e-05,4.1226e-05,4.1226e-05,18,1,18,18,18,5,1,5,5,5,0,1,0,0,0
12,40,21,1,21,21,21,6.34e-05,1,6.34e-05,6.34e-05,6.34e-05,22,1,22,22,22,4,1,4,4,4,0,1,0,0,0
12,40,31,1,31,31,31,3.8774e-05,1,3.8774e-05,3.8774e-05,3.8774e-05,13,1,13,13,13,6,1,6,6,6,0,1,0,0,0
12,40,30,1,30,30,30,4.9904e-05,1,4.9904e-05,4.9904e-05,4.9904e-05,22,1,22,22,22,5,1,5,5,5,0,1,0,0,0
12,40,23,1,23,23,23,3.7995e-05,1,3.7995e-05,3.7995e-05,3.7995e-05,16,1,16,16,16,5,1,5,5,5,0,1,0,0,0
12,40,22,1,22,22,22,4.1143e-05,1,4.1143e-05,4.1143e-05,4.1143e-05,20,1,20,20,20,4,1,4,4,4,0,1,0,0,0
12,40,20,1,20,20,20,3.7972e-05,1,3.7972e-05,3.7972e-05,3.7972e-05,20,1,20,20,20,4,1,4,4,4,0,1,0,0,0
12,40,27,1,27,27,27,3.9786e-05,1,3.9786e-05,3.9786e-05,3.9786e-05,15,1,15,15,15,5,1,5,5,5,0,1,0,0,0
12,40,16,1,16,16,16,3.6628e-05,1,3.6628e-05,3.6628e-05,3.6628e-05,19,1,19,19,19,4,1,4,4,4,0,1,0,0,0
12,40,31,1,31,31,31,4.4279e-05,1,4.4279e-05,4.4279e-05,4.4279e-05,18,1,18,18,18,5,1,5,5,5,0,1,0,0,0
12,40,25,1,25,25,25,4.713e-05,1,4.713e-05,4.713e-05,4.713e-05,24,1,24,24,24,4,1,4,4,4,0,1,0,0,0
12,40,25,1,25,25,25,4.5699e-05,1,4.5699e-05,4.5699e-05,4.5699e-05,24,1,24,24,24,4,1,4,4,4,0,1,0,0,0
12,40,34,1,34,34,34,4.5578e-05,1,4.5578e-05,4.5578e-05,4.5578e-05,17,1,17,17,17,6,1,6,6,6,0,1,0,0,0
12,40,20,1,20,20,20,3.6745e-05,1,3.6745e-05,3.6745e-05,3.6745e-05,17,1,17,17,17,4,1,4,4,4,0,1,0,0,0
12,40,20,1,20,20,20,5.4079e-05,1,5.4079e-05,5.4079e-05,5.4079e-05,17,1,17,17,17,4,1,4,4,4,0,1,0,0,0
12,40,26,1,26,26,26,3.7512e-05,1,3.7512e-05,3.7512e-05,3.7512e-05,16,1,16,16,16,5,1,5,5,5,0,1,0,0,0
12,40,28,1,28,28,28,4.5855e-05,1,4.5855e-05,4.5855e-05,4.5855e-05,22,1,22,22,22,5,1,5,5,5,0,1,0,0,0
12,40,34,1,34,34,34,4.2387e-05,1,4.2387e-05,4.2387e-05,4.2387e-05,16,1,16,16,16,6,1,6,6,6,0,1,0,0,0
12,40,28,1,28,28,28,4.0952e-05,1,4.0952e-05,4.0952e-05,4.0952e-05,17,1,17,17,17,5,1,5,5,5,0,1,0,0,0
12,40,16,1,16,16,16,2.953e-05,1,2.953e-05,2.953e-05,2.953e-05,13,1,13,13,13,4,1,4,4,4,0,1,0,0,0
12,40,33,1,33,33,33,5.7202e-05,1,5.7202e-05,5.7202e-05,5.7202e-05,29,1,29,29,29,5,1,5,5,5,0,1,0,0,0
12,40,25,1,25,25,25,4.3363e-05,1,4.3363e-05,4.3363e-05,4.3363e-05,23,1,23,23,23,5,1,5,5,5,0,1,0,0,0
12,40,28,1,28,28,28,4.0435e-05,1,4.0435e-05,4.0435e-05,4.0435e-05,17,1,17,17,17,5,1,5,5,5,0,1,0,0,0
12,40,21,1,21,21,21,3.922e-05,1,3.922e-05,3.922e-05,3.922e-05,21,1,21,21,21,4,1,4,4,4,0,1,0,0,0
12,40,34,1,34,34,34,5.7197e-05,1,5.7197e-05,5.7197e-05,5.7197e-05,25,1,25,25,25,5,1,5,5,5,0,1,0,0,0
12,40,28,1,28,28,28,4.9762e-05,1,4.9762e-05,4.9762e-05,4.9762e-05,27,1,27,27,27,4,1,4,4,4,0,1,0,0,0
12,40,28,1,28,28,28,4.03e-05,1,4.03e-05,4.03e-05,4.03e-05,17,1,17,17,17,5,1,5,5,5,0,1,0,0,0
12,40,18,1,18,18,18,3.4801e-05,1,3.4801e-05,3.4801e-05,3.4801e-05,17,1,17,17,17,4,1,4,4,4,0,1,0,0,0
12,40,24,1,24,24,24,4.3214e-05,1,4.3214e-05,4.3214e-05,4.3214e-05,22,1,22,22,22,4,1,4,4,4,0,1,0,0,0
12,40,25,1,25,25,25,4.775e-05,1,4.775e-05,4.775e-05,4.775e-05,28,1,28,28,28,4,1,4,4,4,0,1,0,0,0
12,40,21,1,21,21,21,4.0202e-05,1,4.0202e-05,4.0202e-05,4.0202e-05,20,1,20,20,20,4,1,4,4,4,0,1,0,0,0
12,40,25,1,25,25,25,3.3718e-05,1,3.3718e-05,3.3718e-05,3.3718e-05,13,1,13,13,13,5,1,5,5,5,0,1,0,0,0
12,40,27,1,27,27,27,4.125e-05,1,4.125e-05,4.125e-05,4.125e-05,18,1,18,18,18,5,1,5,5,5,0,1,0,0,0
12,40,24,1,24,24,24,4.0227e-05,1,4.0227e-05,4.0227e-05,4.0227e-05,18,1,18,18,18,5,1,5,5,5,0,1,0,0,0
12,40,31,1,31,31,31,5.1801e-05,1,5.1801e-05,5.1801e-05,5.1801e-05,24,1,24,24,24,5,1,5,5,5,0,1,0,0,0
12,40,31,1,31,31,31,5.172e-05,1,5.172e-05,5.172e-05,5.172e-05,23,1,23,23,23,5,1,5,5,5,0,1,0,0,0
12,40,22,1,22,22,22,3.6614e-05,1,3.6614e-05,3.6614e-05,3.6614e-05,16,1,16,16,16,5,1,5,5,5,0,1,0,0,0
12,40,28,1,28,28,28,4.2124e-05,1,4.2124e-05,4.2124e-05,4.2124e-05,18,1,18,18,18,5,1,5,5,5,0,1,0,0,0
12,40,25,1,25,25,25,3.5944e-05,1,3.5944e-05,3.5944e-05,3.5944e-05,15,1,15,15,15,5,1,5,5,5,0,1,0,0,0
12,40,22,1,22,22,22,3.6537e-05,1,3.6537e-05,3.6537e-05,3.6537e-05,16,1,16,16,16,5,1,5,5,5,0,1,0,0,0
12,40,28,1,28,28,28,4.7922e-05,1,4.7922e-05,4.7922e-05,4.7922e-05,23,1,23,23,23,5,1,5,5,5,0,1,0,0,0
12,40,30,1,30,30,30,4.2449e-05,1,4.2449e-05,4.2449e-05,4.2449e-05,18,1,18,18,18,5,1,5,5,5,0,1,0,0,0
12,40,25,1,25,25,25,4.3449e-05,1,4.3449e-05,4.3449e-05,4.3449e-05,23,1,23,23,23,4,1,4,4,4,0,1,0,0,0
12,40,29,1,29,29,29,4.6485e-05,1,4.6485e-05,4.6485e-05,4.6485e-05,21,1,21,21,21,5,1,5,5,5,0,1,0,0,0
12,40,26,1,26,26,26,4.7224e-05,1,4.7224e-05,4.7224e-05,4.7224e-05,23,1,23,23,23,4,1,4,4,4,0,1,0,0,0
12,40,28,1,28,28,28,4.2254e-05,1,4.2254e-05,4.2254e-05,4.2254e-05,19,1,19,19,19,5,1,5,5,5,0,1,0,0,0
12,40,27,1,27,27,27,4.6577e-05,1,4.6577e-05,4.6577e-05,4.6577e-05,21,1,21,21,21,5,1,5,5,5,0,1,0,0,0
12,40,27,1,27,27,27,3.8514e-05,1,3.8514e-05,3.8514e-05,3.8514e-05,15,1,15,15,15,5,1,5,5,5,0,1,0,0,0
12,40,28,1,28,28,28,4.0651e-05,1,4.0651e-05,4.0651e-05,4.0651e-05,18,1,18,18,18,5,1,5,5,5,0,1,0,0,0
12,40,29,1,29,29,29,4.4623e-05,1,4.4623e-05,4.4623e-05,4.4623e-05,21,1,21,21,21,5,1,5,5,5,0,1,0,0,0
12,40,24,1,24,24,24,4.2406e-05,1,4.2406e-05,4.2406e-05,4.2406e-05,22,1,22,22,22,4,1,4,4,4,0,1,0,0,0
12,40,27,1,27,27,27,3.9919e-05,1,3.9919e-05,3.9919e-05,3.9919e-05,18,1,18,18,18,5,1,5,5,5,0,1,0,0,0
12,40,28,1,28,28,28,4.5827e-05,1,4.5827e-05,4.5827e-05,4.5827e-05,22,1,22,22,22,5,1,5,5,5,0,1,0,0,0
12,40,24,1,24,24,24,4.3885e-05,1,4.3885e-05,4.3885e-05,4.3885e-05,24,1,24,24,24,4,1,4,4,4,0,1,0,0,0
12,40,25,1,25,25,25,3.7217e-05,1,3.7217e-05,3.7217e-05,3.7217e-05,15,1,15,15,15,5,1,5,5,5,0,1,0,0,0
12,40,28,1,28,28,28,4.0278e-05,1,4.0278e-05,4.0278e-05,4.0278e-05,19,1,19,19,19,5,1,5,5,5,0,1,0,0,0
12,40,22,1,22,22,22,4.0744e-05,1,4.0744e-05,4.0744e-05,4.0744e-05,20,1,20,20,20,5,1,5,5,5,0,1,0,0,0
12,40,21,1,21,21,21,4.3399e-05,1,4.3399e-05,4.3399e-05,4.3399e-05,24,1,24,24,24,4,1,4,4,4,0,1,0,0,0
12,40,27,1,27,27,27,4.7618e-05,1,4.7618e-05,4.7618e-05,4.7618e-05,26,1,26,26,26,4,1,4,4,4,0,1,0,0,0
12,40,25,1,25,25,25,4.0403e-05,1,4.0403e-05,4.0403e-05,4.0403e-05,21,1,21,21,21,4,1,4,4,4,0,1,0,0,0
12,40,35,1,35,35,35,5.7392e-05,1,5.7392e-05,5.7392e-05,5.7392e-05,27,1,27,27,27,5,1,5,5,5,0,1,0,0,0
12,40,24,1,24,24,24,3.4427e-05,1,3.4427e-05,3.4427e-05,3.4427e-05,13,1,13,13,13,5,1,5,5,5,0,1,0,0,0
12,40,29,1,29,29,29,4.514e-05,1,4.514e-05,4.514e-05,4.514e-05,19,1,19,19,19,5,1,5,5,5,0,1,0,0,0
12,40,26,1,26,26,26,4.6169e-05,1,4.6169e-05,4.6169e-05,4.6169e-05,23,1,23,23,23,5,1,5,5,5,0,1,0,0,0
12,40,29,1,29,29,29,4.6206e-05,1,4.6206e-05,4.6206e-05,4.6206e-05,20,1,20,20,20,5,1,5,5,5,0,1,0,0,0
12,40,27,1,27,27,27,3.8918e-05,1,3.8918e-05,3.8918e-05,3.8918e-05,17,1,17,17,17,5,1,5,5,5,0,1,0,0,0
12,40,25,1,25,25,25,4.1342e-05,1,4.1342e-05,4.1342e-05,4.1342e-05,18,1,18,18,18,5,1,5,5,5,0,1,0,0,0
12,40,24,1,24,24,24,3.7039e-05,1,3.7039e-05,3.7039e-05,3.7039e-05,15,1,15,15,15,5,1,5,5,5,0,1,0,0,0
12,40,21,1,21,21,21,3.9118e-05,1,3.9118e-05,3.9118e-05,3.9118e-05,21,1,21,21,21,4,1,4,4,4,0,1,0,0,0
12,40,21,1,21,21,21,3.9568e-05,1,3.9568e-05,3.9568e-05,3.9568e-05,20,1,20,20,20,4,1,4,4,4,0,1,0,0,0
12,40,29,1,29,29,29,5.3859e-05,1,5.3859e-05,5.3859e-05,5.3859e-05,29,1,29,29,29,5,1,5,5,5,0,1,0,0,0
12,40,30,1,30,30,30,4.0112e-05,1,4.0112e-05,4.0112e-05,4.0112e-05,18,1,18,18,18,5,1,5,5,5,0,1,0,0,0
12,40,28,1,28,28,28,3.746e-05,1,3.746e-05,3.746e-05,3.746e-05,15,1,15,15,15,5,1,5,5,5,0,1,0,0,0
12,40,21,1,21,21,21,3.5526e-05,1,3.5526e-05,3.5526e-05,3.5526e-05,16,1,16,16,16,5,1,5,5,5,0,1,0,0,0
12,40,24,1,24,24,24,4.0861e-05,1,4.0861e-05,4.0861e-05,4.0861e-05,22,1,22,22,22,4,1,4,4,4,0,1,0,0,0
12,40,26,1,26,26,26,4.6105e-05,1,4.6105e-05,4.6105e-05,4.6105e-05,24,1,24,24,24,4,1,4,4,4,0,1,0,0,0
12,40,26,1,26,26,26,4.2688e-05,1,4.2688e-05,4.2688e-05,4.2688e-05,20,1,20,20,20,5,1,5,5,5,0,1,0,0,0
12,40,34,1,34,34,34,5.2333e-05,1,5.2333e-05,5.2333e-05,5.2333e-05,24,1,24,24,24,5,1,5,5,5,0,1,0,0,0
12,40,26,1,26,26,26,3.469e-05,1,3.469e-05,3.469e-05,3.469e-05,13,1,13,13,13,5,1,5,5,5,0,1,0,0,0
12,40,26,1,26,26,26,3.834e-05,1,3.834e-05,3.834e-05,3.834e-05,16,1,16,16,16,5,1,5,5,5,0,1,0,0,0
12,40,29,1,29,29,29,4.5362e-05,1,4.5362e-05,4.5362e-05,4.5362e-05,19,1,19,19,19,5,1,5,5,5,0,1,0,0,0
12,40,27,1,27,27,27,4.7397e-05,1,4.7397e-05,4.7397e-05,4.7397e-05,27,1,27,27,27,4,1,4,4,4,0,1,0,0,0
12,40,29,1,29,29,29,4.2159e-05,1,4.2159e-05,4.2159e-05,4.2159e-05,18,1,18,18,18,5,1,5,5,5,0,1,0,0,0
12,40,31,1,31,31,31,4.8132e-05,1,4.8132e-05,4.8132e-05,4.8132e-05,22,1,22,22,22,5,1,5,5,5,0,1,0,0,0
12,40,25,1,25,25,25,4.5021e-05,1,4.5021e-05,4.5021e-05,4.5021e-05,21,1,21,21,21,4,1,4,4,4,0,1,0,0,0
12,40,25,1,25,25,25,4.6155e-05,1,4.6155e-05,4.6155e-05,4.6155e-05,26,1,26,26,26,4,1,4,4,4,0,1,0,0,0
12,40,26,1,26,26,26,4.7758e-05,1,4.7758e-05,4.7758e-05,4.7758e-05,24,1,24,24,24,4,1,4,4,4,0,1,0,0,0
12,40,24,1,24,24,24,5.2558e-05,1,5.2558e-05,5.2558e-05,5.2558e-05,16,1,16,16,16,5,1,5,5,5,0,1,0,0,0
12,40,25,1,25,25,25,4.6357e-05,1,4.6357e-05,4.6357e-05,4.6357e-05,27,1,27,27,27,4,1,4,4,4,0,1,0,0,0
12,40,25,1,25,25,25,3.3081e-05,1,3.3081e-05,3.3081e-05,3.3081e-05,13,1,13,13,13,5,1,5,5,5,0,1,0,0,0
12,40,27,1,27,27,27,3.6959e-05,1,3.6959e-05,3.6959e-05,3.6959e-05,13,1,13,13,13,6,1,6,6,6,0,1,0,0,0
12,40,24,1,24,24,24,4.3792e-05,1,4.3792e-05,4.3792e-05,4.3792e-05,21,1,21,21,21,5,1,5,5,5,0,1,0,0,0
12,40,28,1,28,28,28,3.7595e-05,1,3.7595e-05,3.7595e-05,3.7595e-05,15,1,15,15,15,5,1,5,5,5,0,1,0,0,0
12,40,31,1,31,31,31,4.4112e-05,1,4.4112e-05,4.4112e-05,4.4112e-05,18,1,18,18,18,5,1,5,5,5,0,1,0,0,0
12,40,31,1,31,31,31,4.6345e-05,1,4.6345e-05,4.6345e-05,4.6345e-05,21,1,21,21,21,5,1,5,5,5,0,1,0,0,0
12,40,24,1,24,24,24,4.4945e-05,1,4.4945e-05,4.4945e-05,4.4945e-05,23,1,23,23,23,4,1,4,4,4,0,1,0,0,0
12,40,34,1,34,34,34,4.9707e-05,1,4.9707e-05,4.9707e-05,4.9707e-05,22,1,22,22,22,5,1,5,5,5,0,1,0,0,0
12,40,29,1,29,29,29,5.1747e-05,1,5.1747e-05,5.1747e-05,5.1747e-05,27,1,27,27,27,4,1,4,4,4,0,1,0,0,0
12,40,26,1,26,26,26,3.8101e-05,1,3.8101e-05,3.8101e-05,3.8101e-05,16,1,16,16,16,5,1,5,5,5,0,1,0,0,0
12,40,26,1,26,26,26,3.9389e-05,1,3.9389e-05,3.9389e-05,3.9389e-05,17,1,17,17,17,5,1,5,5,5,0,1,0,0,0
12,40,20,1,20,20,20,3.7444e-05,1,3.7444e-05,3.7444e-05,3.7444e-05,19,1,19,19,19,4,1,4,4,4,0,1,0,0,0
12,40,31,1,31,31,31,5.5004e-05,1,5.5004e-05,5.5004e-05,5.5004e-05,31,1,31,31,31,4,1,4,4,4,0,1,0,0,0
12,40,28,1,28,28,28,4.6237e-05,1,4.6237e-05,4.6237e-05,4.6237e-05,22,1,22,22,22,5,1,5,5,5,0,1,0,0,0
12,40,23,1,23,23,23,3.2679e-05,1,3.2679e-05,3.2679e-05,3.2679e-05,13,1,13,13,13,5,1,5,5,5,0,1,0,0,0
12,40,19,1,19,19,19,3.5689e-05,1,3.5689e-05,3.5689e-05,3.5689e-05,17,1,17,17,17,4,1,4,4,4,0,1,0,0,0
12,40,22,1,22,22,22,3.2809e-05,1,3.2809e-05,3.2809e-05,3.2809e-05,13,1,13,13,13,5,1,5,5,5,0,1,0,0,0
12,40,27,1,27,27,27,4.4023e-05,1,4.4023e-05,4.4023e-05,4.4023e-05,20,1,20,20,20,5,1,5,5,5,0,1,0,0,0
12,40,31,1,31,31,31,4.5076e-05,1,4.5076e-05,4.5076e-05,4.5076e-05,19,1,19,19,19,5,1,5,5,5,0,1,0,0,0
12,40,26,1,26,26,26,3.3938e-05,1,3.3938e-05,3.3938e-05,3.3938e-05,13,1,13,13,13,5,1,5,5,5,0,1,0,0,0
12,40,29,1,29,29,29,4.3514e-05,1,4.3514e-05,4.3514e-05,4.3514e-05,20,1,20,20,20,5,1,5,5,5,0,1,0,0,0
12,40,25,1,25,25,25,4.8382e-05,1,4.8382e-05,4.8382e-05,4.8382e-05,27,1,27,27,27,4,1,4,4,4,0,1,0,0,0
12,40,28,1,28,28,28,3.7379e-05,1,3.7379e-05,3.7379e-05,3.7379e-05,15,1,15,15,15,5,1,5,5,5,0,1,0,0,0
12,40,25,1,25,25,25,4.4185e-05,1,4.4185e-05,4.4185e-05,4.4185e-05,25,1,25,25,25,4,1,4,4,4,0,1,0,0,0
12,40,22,1,22,22,22,4.2802e-05,1,4.2802e-05,4.2802e-05,4.2802e-05,22,1,22,22,22,4,1,4,4,4,0,1,0,0,0
12,40,33,1,33,33,33,4.3028e-05,1,4.3028e-05,4.3028e-05,4.3028e-05,16,1,16,16,16,6,1,6,6,6,0,1,0,0,0
12,40,29,1,29,29,29,4.4443e-05,1,4.4443e-05,4.4443e-05,4.4443e-05,21,1,21,21,21,5,1,5,5,5,0,1,0,0,0
12,40,27,1,27,27,27,3.8003e-05,1,3.8003e-05,3.8003e-05,3.8003e-05,16,1,16,16,16,5,1,5,5,5,0,1,0,0,0
12,40,24,1,24,24,24,4.3051e-05,1,4.3051e-05,4.3051e-05,4.3051e-05,21,1,21,21,21,4,1,4,4,4,0,1,0,0,0
12,40,29,1,29,29,29,4.1056e-05,1,4.1056e-05,4.1056e-05,4.1056e-05,18,1,18,18,18,5,1,5,5,5,0,1,0,0,0
12,40,25,1,25,25,25,4.3599e-05,1,4.3599e-05,4.3599e-05,4.3599e-05,23,1,23,23,23,4,1,4,4,4,0,1,0,0,0
12,40,27,1,27,27,27,3.515e-05,1,3.515e-05,3.515e-05,3.515e-05,13,1,13,13,13,6,1,6,6,6,0,1,0,0,0
12,40,25,1,25,25,25,3.9376e-05,1,3.9376e-05,3.9376e-05,3.9376e-05,18,1,18,18,18,5,1,5,5,5,0,1,0,0,0
12,40,23,1,23,23,23,3.546e-05,1,3.546e-05,3.546e-05,3.546e-05,15,1,15,15,15,5,1,5,5,5,0,1,0,0,0
12,40,27,1,27,27,27,4.0403e-05,1,4.0403e-05,4.0403e-05,4.0403e-05,18,1,18,18,18,5,1,5,5,5,0,1,0,0,0
12,40,30,1,30,30,30,4.2506e-05,1,4.2506e-05,4.2506e-05,4.2506e-05,17,1,17,17,17,5,1,5,5,5,0,1,0,0,0
12,40,24,1,24,24,24,4.5243e-05,1,4.5243e-05,4.5243e-05,4.5243e-05,20,1,20,20,20,5,1,5,5,5,0,1,0,0,0
12,40,29,1,29,29,29,3.6522e-05,1,3.6522e-05,3.6522e-05,3.6522e-05,13,1,13,13,13,6,1,6,6,6,0,1,0,0,0
12,40,30,1,30,30,30,4.7887e-05,1,4.7887e-05,4.7887e-05,4.7887e-05,21,1,21,21,21,5,1,5,5,5,0,1,0,0,0
12,40,31,1,31,31,31,4.5327e-05,1,4.5327e-05,4.5327e-05,4.5327e-05,21,1,21,21,21,5,1,5,5,5,0,1,0,0,0
12,40,20,1,20,20,20,3.1412e-05,1,3.1412e-05,3.1412e-05,3.1412e-05,13,1,13,13,13,5,1,5,5,5,0,1,0,0,0
12,40,28,1,28,28,28,0.000100639,1,0.000100639,0.000100639,0.000100639,20,1,20,20,20,5,1,5,5,5,0,1,0,0,0
12,40,33,1,33,33,33,5.1237e-05,1,5.1237e-05,5.1237e-05,5.1237e-05,24,1,24,24,24,5,1,5,5,5,0,1,0,0,0
12,40,26,1,26,26,26,4.675e-05,1,4.675e-05,4.675e-05,4.675e-05,25,1,25,25,25,4,1,4,4,4,0,1,0,0,0
12,40,27,1,27,27,27,4.4064e-05,1,4.4064e-05,4.4064e-05,4.4064e-05,21,1,21,21,21,5,1,5,5,5,0,1,0,0,0
12,40,23,1,23,23,23,4.2063e-05,1,4.2063e-05,4.2063e-05,4.2063e-05,20,1,20,20,20,4,1,4,4,4,0,1,0,0,0
12,40,32,1,32,32,32,4.4307e-05,1,4.4307e-05,4.4307e-05,4.4307e-05,17,1,17,17,17,6,1,6,6,6,0,1,0,0,0
12,40,24,1,24,24,24,4.2179e-05,1,4.2179e-05,4.2179e-05,4.2179e-05,23,1,23,23,23,4,1,4,4,4,0,1,0,0,0
12,40,27,1,27,27,27,4.6224e-05,1,4.6224e-05,4.6224e-05,4.6224e-05,23,1,23,23,23,4,1,4,4,4,0,1,0,0,0
12,40,22,1,22,22,22,3.9666e-05,1,3.9666e-05,3.9666e-05,3.9666e-05,21,1,21,21,21,4,1,4,4,4,0,1,0,0,0
12,40,26,1,26,26,26,4.6813e-05,1,4.6813e-05,4.6813e-05,4.6813e-05,26,1,26,26,26,4,1,4,4,4,0,1,0,0,0
12,40,21,1,21,21,21,3.5376e-05,1,3.5376e-05,3.5376e-05,3.5376e-05,17,1,17,17,17,4,1,4,4,4,0,1,0,0,0
12,40,25,1,25,25,25,4.2118e-05,1,4.2118e-05,4.2118e-05,4.2118e-05,22,1,22,22,22,4,1,4,4,4,0,1,0,0,0
12,40,32,1,32,32,32,4.5533e-05,1,4.5533e-05,4.5533e-05,4.5533e-05,20,1,20,20,20,5,1,5,5,5,0,1,0,0,0
12,40,30,1,30,30,30,3.7825e-05,1,3.7825e-05,3.7825e-05,3.7825e-05,13,1,13,13,13,6,1,6,6,6,0,1,0,0,0
12,40,20,1,20,20,20,3.64e-05,1,3.64e-05,3.64e-05,3.64e-05,18,1,18,18,18,4,1,4,4,4,0,1,0,0,0
12,40,25,1,25,25,25,4.1067e-05,1,4.1067e-05,4.1067e-05,4.1067e-05,19,1,19,19,19,5,1,5,5,5,0,1,0,0,0
12,40,30,1,30,30,30,4.8769e-05,1,4.8769e-05,4.8769e-05,4.8769e-05,22,1,22,22,22,5,1,5,5,5,0,1,0,0,0
12,40,26,1,26,26,26,4.5659e-05,1,4.5659e-05,4.5659e-05,4.5659e-05,22,1,22,22,22,4,1,4,4,4,0,1,0,0,0
12,40,23,1,23,23,23,4.0982e-05,1,4.0982e-05,4.0982e-05,4.0982e-05,22,1,22,22,22,4,1,4,4,4,0,1,0,0,0
12,40,28,1,28,28,28,4.0351e-05,1,4.0351e-05,4.0351e-05,4.0351e-05,19,1,19,19,19,5,1,5,5,5,0,1,0,0,0
12,40,35,1,35,35,35,5.9255e-05,1,5.9255e-05,5.9255e-05,5.9255e-05,26,1,26,26,26,5,1,5,5,5,0,1,0,0,0
12,40,29,1,29,29,29,5.7353e-05,1,5.7353e-05,5.7353e-05,5.7353e-05,31,1,31,31,31,4,1,4,4,4,0,1,0,0,0
12,40,31,1,31,31,31,4.8606e-05,1,4.8606e-05,4.8606e-05,4.8606e-05,18,1,18,18,18,5,1,5,5,5,0,1,0,0,0
12,40,25,1,25,25,25,4.517e-05,1,4.517e-05,4.517e-05,4.517e-05,24,1,24,24,24,4,1,4,4,4,0,1,0,0,0
12,40,26,1,26,26,26,4.8237e-05,1,4.8237e-05,4.8237e-05,4.8237e-05,23,1,23,23,23,5,1,5,5,5,0,1,0,0,0
12,40,28,1,28,28,28,4.0073e-05,1,4.0073e-05,4.0073e-05,4.0073e-05,17,1,17,17,17,5,1,5,5,5,0,1,0,0,0
12,40,26,1,26,26,26,3.7294e-05,1,3.7294e-05,3.7294e-05,3.7294e-05,15,1,15,15,15,5,1,5,5,5,0,1,0,0,0
12,40,22,1,22,22,22,3.9983e-05,1,3.9983e-05,3.9983e-05,3.9983e-05,21,1,21,21,21,4,1,4,4,4,0,1,0,0,0
12,40,29,1,29,29,29,4.188e-05,1,4.188e-05,4.188e-05,4.188e-05,18,1,18,18,18,5,1,5,5,5,0,1,0,0,0
12,40,23,1,23,23,23,3.9647e-05,1,3.9647e-05,3.9647e-05,3.9647e-05,18,1,18,18,18,4,1,4,4,4,0,1,0,0,0
12,40,29,1,29,29,29,4.1107e-05,1,4.1107e-05,4.1107e-05,4.1107e-05,17,1,17,17,17,5,1,5,5,5,0,1,0,0,0
12,40,20,1,20,20,20,3.6299e-05,1,3.6299e-05,3.6299e-05,3.6299e-05,17,1,17,17,17,4,1,4,4,4,0,1,0,0,0
12,40,21,1,21,21,21,3.8129e-05,1,3.8129e-05,3.8129e-05,3.8129e-05,20,1,20,20,20,4,1,4,4,4,0,1,0,0,0
12,40,22,1,22,22,22,4.0656e-05,1,4.0656e-05,4.0656e-05,4.0656e-05,21,1,21,21,21,4,1,4,4,4,0,1,0,0,0
12,40,26,1,26,26,26,4.4257e-05,1,4.4257e-05,4.4257e-05,4.4257e-05,22,1,22,22,22,4,1,4,4,4,0,1,0,0,0
12,40,21,1,21,21,21,3.6982e-05,1,3.6982e-05,3.6982e-05,3.6982e-05,18,1,18,18,18,4,1,4,4,4,0,1,0,0,0
12,40,34,1,34,34,34,3.8602e-05,1,3.8602e-05,3.8602e-05,3.8602e-05,13,1,13,13,13,6,1,6,6,6,0,1,0,0,0
12,40,21,1,21,21,21,3.6079e-05,1,3.6079e-05,3.6079e-05,3.6079e-05,18,1,18,18,18,4,1,4,4,4,0,1,0,0,0
12,40,28,1,28,28,28,4.5673e-05,1,4.5673e-05,4.5673e-05,4.5673e-05,21,1,21,21,21,5,1,5,5,5,0,1,0,0,0
12,40,21,1,21,21,21,4.0119e-05,1,4.0119e-05,4.0119e-05,4.0119e-05,22,1,22,22,22,4,1,4,4,4,0,1,0,0,0
12,40,30,1,30,30,30,4.3076e-05,1,4.3076e-05,4.3076e-05,4.3076e-05,18,1,18,18,18,5,1,5,5,5,0,1,0,0,0
12,40,22,1,22,22,22,3.9285e-05,1,3.9285e-05,3.9285e-05,3.9285e-05,21,1,21,21,21,4,1,4,4,4,0,1,0,0,0
12,40,23,1,23,23,23,4.1743e-05,1,4.1743e-05,4.1743e-05,4.1743e-05,18,1,18,18,18,4,1,4,4,4,0,1,0,0,0
12,40,25,1,25,25,25,4.4771e-05,1,4.4771e-05,4.4771e-05,4.4771e-05,22,1,22,22,22,4,1,4,4,4,0,1,0,0,0
12,40,29,1,29,29,29,4.3326e-05,1,4.3326e-05,4.3326e-05,4.3326e-05,21,1,21,21,21,5,1,5,5,5,0,1,0,0,0
12,40,28,1,28,28,28,4.1714e-05,1,4.1714e-05,4.1714e-05,4.1714e-05,20,1,20,20,20,5,1,5,5,5,0,1,0,0,0
12,40,32,1,32,32,32,4.8887e-05,1,4.8887e-05,4.8887e-05,4.8887e-05,21,1,21,21,21,5,1,5,5,5,0,1,0,0,0
12,40,28,1,28,28,28,4.2444e-05,1,4.2444e-05,4.2444e-05,4.2444e-05,18,1,18,18,18,5,1,5,5,5,0,1,0,0,0
12,40,29,1,29,29,29,5.3499e-05,1,5.3499e-05,5.3499e-05,5.3499e-05,26,1,26,26,26,4,1,4,4,4,0,1,0,0,0
12,40,30,1,30,30,30,3.6684e-05,1,3.6684e-05,3.6684e-05,3.6684e-05,13,1,13,13,13,6,1,6,6,6,0,1,0,0,0
12,40,30,1,30,30,30,4.6051e-05,1,4.6051e-05,4.6051e-05,4.6051e-05,22,1,22,22,22,5,1,5,5,5,0,1,0,0,0
12,40,26,1,26,26,26,3.7447e-05,1,3.7447e-05,3.7447e-05,3.7447e-05,15,1,15,15,15,5,1,5,5,5,0,1,0,0,0
12,40,21,1,21,21,21,3.9854e-05,1,3.9854e-05,3.9854e-05,3.9854e-05,20,1,20,20,20,4,1,4,4,4,0,1,0,0,0
12,40,28,1,28,28,28,4.2867e-05,1,4.2867e-05,4.2867e-05,4.2867e-05,18,1,18,18,18,5,1,5,5,5,0,1,0,0,0
12,40,27,1,27,27,27,3.853e-05,1,3.853e-05,3.853e-05,3.853e-05,15,1,15,15,15,5,1,5,5,5,0,1,0,0,0
12,40,26,1,26,26,26,4.0168e-05,1,4.0168e-05,4.0168e-05,4.0168e-05,18,1,18,18,18,5,1,5,5,5,0,1,0,0,0
12,40,27,1,27,27,27,4.0682e-05,1,4.0682e-05,4.0682e-05,4.0682e-05,17,1,17,17,17,5,1,5,5,5,0,1,0,0,0
12,40,18,1,18,18,18,3.5138e-05,1,3.5138e-05,3.5138e-05,3.5138e-05,17,1,17,17,17,4,1,4,4,4,0,1,0,0,0
12,40,24,1,24,24,24,4.259e-05,1,4.259e-05,4.259e-05,4.259e-05,22,1,22,22,22,4,1,4,4,4,0,1,0,0,0
12,40,25,1,25,25,25,4.5633e-05,1,4.5633e-05,4.5633e-05,4.5633e-05,22,1,22,22,22,4,1,4,4,4,0,1,0,0,0
12,40,27,1,27,27,27,5.3871e-05,1,5.3871e-05,5.3871e-05,5.3871e-05,29,1,29,29,29,4,1,4,4,4,0,1,0,0,0
12,40,28,1,28,28,28,4.3067e-05,1,4.3067e-05,4.3067e-05,4.3067e-05,19,1,19,19,19,5,1,5,5,5,0,1,0,0,0
12,40,27,1,27,27,27,5.1344e-05,1,5.1344e-05,5.1344e-05,5.1344e-05,27,1,27,27,27,4,1,4,4,4,0,1,0,0,0
12,40,28,1,28,28,28,4.1826e-05,1,4.1826e-05,4.1826e-05,4.1826e-05,19,1,19,19,19,5,1,5,5,5,0,1,0,0,0
12,40,28,1,28,28,28,4.053e-05,1,4.053e-05,4.053e-05,4.053e-05,18,1,18,18,18,5,1,5,5,5,0,1,0,0,0
12,40,22,1,22,22,22,3.9344e-05,1,3.9344e-05,3.9344e-05,3.9344e-05,20,1,20,20,20,4,1,4,4,4,0,1,0,0,0
12,40,34,1,34,34,34,6.1226e-05,1,6.1226e-05,6.1226e-05,6.1226e-05,30,1,30,30,30,5,1,5,5,5,0,1,0,0,0
12,40,30,1,30,30,30,5.6709e-05,1,5.6709e-05,5.6709e-05,5.6709e-05,27,1,27,27,27,5,1,5,5,5,0,1,0,0,0
12,40,28,1,28,28,28,3.8778e-05,1,3.8778e-05,3.8778e-05,3.8778e-05,16,1,16,16,16,5,1,5,5,5,0,1,0,0,0
12,40,22,1,22,22,22,3.779e-05,1,3.779e-05,3.779e-05,3.779e-05,17,1,17,17,17,5,1,5,5,5,0,1,0,0,0
12,40,29,1,29,29,29,4.5709e-05,1,4.5709e-05,4.5709e-05,4.5709e-05,21,1,21,21,21,5,1,5,5,5,0,1,0,0,0
12,40,19,1,19,19,19,3.6556e-05,1,3.6556e-05,3.6556e-05,3.6556e-05,20,1,20,20,20,4,1,4,4,4,0,1,0,0,0
12,40,28,1,28,28,28,5.1076e-05,1,5.1076e-05,5.1076e-05,5.1076e-05,26,1,26,26,26,5,1,5,5,5,0,1,0,0,0
12,40,26,1,26,26,26,3.4462e-05,1,3.4462e-05,3.4462e-05,3.4462e-05,13,1,13,13,13,5,1,5,5,5,0,1,0,0,0
12,40,23,1,23,23,23,3.9605e-05,1,3.9605e-05,3.9605e-05,3.9605e-05,18,1,18,18,18,5,1,5,5,5,0,1,0,0,0
12,40,24,1,24,24,24,4.2036e-05,1,4.2036e-05,4.2036e-05,4.2036e-05,22,1,22,22,22,4,1,4,4,4,0,1,0,0,0
12,40,39,1,39,39,39,5.3211e-05,1,5.3211e-05,5.3211e-05,5.3211e-05,19,1,19,19,19,6,1,6,6,6,0,1,0,0,0
12,40,27,1,27,27,27,3.569e-05,1,3.569e-05,3.569e-05,3.569e-05,13,1,13,13,13,5,1,5,5,5,0,1,0,0,0
12,40,27,1,27,27,27,4.7543e-05,1,4.7543e-05,4.7543e-05,4.7543e-05,23,1,23,23,23,5,1,5,5,5,0,1,0,0,0
12,40,28,1,28,28,28,4.7271e-05,1,4.7271e-05,4.7271e-05,4.7271e-05,25,1,25,25,25,5,1,5,5,5,0,1,0,0,0
12,40,29,1,29,29,29,4.9927e-05,1,4.9927e-05,4.9927e-05,4.9927e-05,24,1,24,24,24,5,1,5,5,5,0,1,0,0,0
12,40,18,1,18,18,18,3.8615e-05,1,3.8615e-05,3.8615e-05,3.8615e-05,21,1,21,21,21,4,1,4,4,4,0,1,0,0,0
12,40,28,1,28,28,28,3.8427e-05,1,3.8427e-05,3.8427e-05,3.8427e-05,16,1,16,16,16,5,1,5,5,5,0,1,0,0,0
12,40,22,1,22,22,22,4.5505e-05,1,4.5505e-05,4.5505e-05,4.5505e-05,24,1,24,24,24,4,1,4,4,4,0,1,0,0,0
12,40,32,1,32,32,32,4.7768e-05,1,4.7768e-05,4.7768e-05,4.7768e-05,24,1,24,24,24,5,1,5,5,5,0,1,0,0,0
12,40,27,1,27,27,27,5.6822e-05,1,5.6822e-05,5.6822e-05,5.6822e-05,18,1,18,18,18,5,1,5,5,5,0,1,0,0,0
12,40,25,1,25,25,25,4.6026e-05,1,4.6026e-05,4.6026e-05,4.6026e-05,23,1,23,23,23,4,1,4,4,4,0,1,0,0,0
12,40,21,1,21,21,21,3.66e-05,1,3.66e-05,3.66e-05,3.66e-05,19,1,19,19,19,4,1,4,4,4,0,1,0,0,0
12,40,20,1,20,20,20,3.7833e-05,1,3.7833e-05,3.7833e-05,3.7833e-05,19,1,19,19,19,4,1,4,4,4,0,1,0,0,0
12,40,33,1,33,33,33,5.9093e-05,1,5.9093e-05,5.9093e-05,5.9093e-05,30,1,30,30,30,4,1,4,4,4,0,1,0,0,0
12,40,27,1,27,27,27,4.6575e-05,1,4.6575e-05,4.6575e-05,4.6575e-05,21,1,21,21,21,5,1,5,5,5,0,1,0,0,0
12,40,26,1,26,26,26,3.7235e-05,1,3.7235e-05,3.7235e-05,3.7235e-05,16,1,16,16,16,5,1,5,5,5,0,1,0,0,0
12,40,21,1,21,21,21,3.9424e-05,1,3.9424e-05,3.9424e-05,3.9424e-05,20,1,20,20,20,4,1,4,4,4,0,1,0,0,0
12,40,21,1,21,21,21,3.9115e-05,1,3.9115e-05,3.9115e-05,3.9115e-05,19,1,19,19,19,5,1,5,5,5,0,1,0,0,0
12,40,25,1,25,25,25,4.378e-05,1,4.378e-05,4.378e-05,4.378e-05,24,1,24,24,24,4,1,4,4,4,0,1,0,0,0
12,40,30,1,30,30,30,5.2946e-05,1,5.2946e-05,5.2946e-05,5.2946e-05,25,1,25,25,25,5,1,5,5,5,0,1,0,0,0
12,40,25,1,25,25,25,4.5458e-05,1,4.5458e-05,4.5458e-05,4.5458e-05,23,1,23,23,23,5,1,5,5,5,0,1,0,0,0
12,40,17,1,17,17,17,3.2534e-05,1,3.2534e-05,3.2534e-05,3.2534e-05,16,1,16,16,16,4,1,4,4,4,0,1,0,0,0
12,40,34,1,34,34,34,5.5329e-05,1,5.5329e-05,5.5329e-05,5.5329e-05,26,1,26,26,26,5,1,5,5,5,0,1,0,0,0
12,40,24,1,24,24,24,3.9925e-05,1,3.9925e-05,3.9925e-05,3.9925e-05,21,1,21,21,21,4,1,4,4,4,0,1,0,0,0
12,40,27,1,27,27,27,3.7262e-05,1,3.7262e-05,3.7262e-05,3.7262e-05,13,1,13,13,13,5,1,5,5,5,0,1,0,0,0
12,40,26,1,26,26,26,3.8843e-05,1,3.8843e-05,3.8843e-05,3.8843e-05,17,1,17,17,17,5,1,5,5,5,0,1,0,0,0
12,40,23,1,23,23,23,4.5253e-05,1,4.5253e-05,4.5253e-05,4.5253e-05,24,1,24,24,24,4,1,4,4,4,0,1,0,0,0
12,40,27,1,27,27,27,4.6274e-05,1,4.6274e-05,4.6274e-05,4.6274e-05,23,1,23,23,23,4,1,4,4,4,0,1,0,0,0
12,40,25,1,25,25,25,3.2888e-05,1,3.2888e-05,3.2888e-05,3.2888e-05,13,1,13,13,13,6,1,6,6,6,0,1,0,0,0
12,40,28,1,28,28,28,4.4464e-05,1,4.4464e-05,4.4464e-05,4.4464e-05,17,1,17,17,17,6,1,6,6,6,0,1,0,0,0
12,40,28,1,28,28,28,4.2306e-05,1,4.2306e-05,4.2306e-05,4.2306e-05,20,1,20,20,20,5,1,5,5,5,0,1,0,0,0
12,40,35,1,35,35,35,4.7863e-05,1,4.7863e-05,4.7863e-05,4.7863e-05,19,1,19,19,19,6,1,6,6,6,0,1,0,0,0
12,40,28,1,28,28,28,4.7866e-05,1,4.7866e-05,4.7866e-05,4.7866e-05,26,1,26,26,26,4,1,4,4,4,0,1,0,0,0
12,40,31,1,31,31,31,4.7901e-05,1,4.7901e-05,4.7901e-05,4.7901e-05,20,1,20,20,20,5,1,5,5,5,0,1,0,0,0
12,40,29,1,29,29,29,5.1501e-05,1,5.1501e-05,5.1501e-05,5.1501e-05,25,1,25,25,25,5,1,5,5,5,0,1,0,0,0
12,40,29,1,29,29,29,5.2875e-05,1,5.2875e-05,5.2875e-05,5.2875e-05,28,1,28,28,28,4,1,4,4,4,0,1,0,0,0
12,40,24,1,24,24,24,3.9081e-05,1,3.9081e-05,3.9081e-05,3.9081e-05,17,1,17,17,17,5,1,5,5,5,0,1,0,0,0
12,40,30,1,30,30,30,4.6183e-05,1,4.6183e-05,4.6183e-05,4.6183e-05,19,1,19,19,19,5,1,5,5,5,0,1,0,0,0
12,40,26,1,26,26,26,4.7462e-05,1,4.7462e-05,4.7462e-05,4.7462e-05,23,1,23,23,23,5,1,5,5,5,0,1,0,0,0
12,40,33,1,33,33,33,4.7376e-05,1,4.7376e-05,4.7376e-05,4.7376e-05,19,1,19,19,19,5,1,5,5,5,0,1,0,0,0
12,40,32,1,32,32,32,5.581e-05,1,5.581e-05,5.581e-05,5.581e-05,27,1,27,27,27,5,1,5,5,5,0,1,0,0,0
12,40,33,1,33,33,33,5.0427e-05,1,5.0427e-05,5.0427e-05,5.0427e-05,22,1,22,22,22,5,1,5,5,5,0,1,0,0,0
12,40,23,1,23,23,23,4.1855e-05,1,4.1855e-05,4.1855e-05,4.1855e-05,21,1,21,21,21,4,1,4,4,4,0,1,0,0,0
12,40,25,1,25,25,25,4.331e-05,1,4.331e-05,4.331e-05,4.331e-05,23,1,23,23,23,4,1,4,4,4,0,1,0,0,0
12,40,26,1,26,26,26,4.0275e-05,1,4.0275e-05,4.0275e-05,4.0275e-05,17,1,17,17,17,5,1,5,5,5,0,1,0,0,0
12,40,30,1,30,30,30,5.3197e-05,1,5.3197e-05,5.3197e-05,5.3197e-05,30,1,30,30,30,4,1,4,4,4,0,1,0,0,0
12,40,19,1,19,19,19,3.1535e-05,1,3.1535e-05,3.1535e-05,3.1535e-05,13,1,13,13,13,5,1,5,5,5,0,1,0,0,0
12,40,27,1,27,27,27,3.7193e-05,1,3.7193e-05,3.7193e-05,3.7193e-05,16,1,16,16,16,5,1,5,5,5,0,1,0,0,0
12,40,24,1,24,24,24,4.3203e-05,1,4.3203e-05,4.3203e-05,4.3203e-05,24,1,24,24,24,4,1,4,4,4,0,1,0,0,0
12,40,31,1,31,31,31,4.4396e-05,1,4.4396e-05,4.4396e-05,4.4396e-05,19,1,19,19,19,5,1,5,5,5,0,1,0,0,0
12,40,27,1,27,27,27,4.1668e-05,1,4.1668e-05,4.1668e-05,4.1668e-05,19,1,19,19,19,5,1,5,5,5,0,1,0,0,0
12,40,24,1,24,24,24,6.7873e-05,1,6.7873e-05,6.7873e-05,6.7873e-05,22,1,22,22,22,4,1,4,4,4,0,1,0,0,0
12,40,28,1,28,28,28,3.8126e-05,1,3.8126e-05,3.8126e-05,3.8126e-05,16,1,16,16,16,5,1,5,5,5,0,1,0,0,0
12,40,27,1,27,27,27,4.8133e-05,1,4.8133e-05,4.8133e-05,4.8133e-05,26,1,26,26,26,4,1,4,4,4,0,1,0,0,0
12,40,26,1,26,26,26,4.8106e-05,1,4.8106e-05,4.8106e-05,4.8106e-05,24,1,24,24,24,4,1,4,4,4,0,1,0,0,0
12,40,26,1,26,26,26,4.3923e-05,1,4.3923e-05,4.3923e-05,4.3923e-05,22,1,22,22,22,5,1,5,5,5,0,1,0,0,0
12,40,32,1,32,32,32,5.3921e-05,1,5.3921e-05,5.3921e-05,5.3921e-05,24,1,24,24,24,5,1,5,5,5,0,1,0,0,0
12,40,24,1,24,24,24,3.8909e-05,1,3.8909e-05,3.8909e-05,3.8909e-05,18,1,18,18,18,4,1,4,4,4,0,1,0,0,0
12,40,29,1,29,29,29,5.2227e-05,1,5.2227e-05,5.2227e-05,5.2227e-05,25,1,25,25,25,5,1,5,5,5,0,1,0,0,0
12,40,24,1,24,24,24,4.0726e-05,1,4.0726e-05,4.0726e-05,4.0726e-05,21,1,21,21,21,4,1,4,4,4,0,1,0,0,0
12,40,29,1,29,29,29,4.3147e-05,1,4.3147e-05,4.3147e-05,4.3147e-05,18,1,18,18,18,5,1,5,5,5,0,1,0,0,0
12,40,23,1,23,23,23,4.2392e-05,1,4.2392e-05,4.2392e-05,4.2392e-05,21,1,21,21,21,4,1,4,4,4,0,1,0,0,0
12,40,25,1,25,25,25,4.2273e-05,1,4.2273e-05,4.2273e-05,4.2273e-05,22,1,22,22,22,4,1,4,4,4,0,1,0,0,0
12,40,25,1,25,25,25,3.7087e-05,1,3.7087e-05,3.7087e-05,3.7087e-05,15,1,15,15,15,5,1,5,5,5,0,1,0,0,0
12,40,26,1,26,26,26,4.6352e-05,1,4.6352e-05,4.6352e-05,4.6352e-05,24,1,24,24,24,5,1,5,5,5,0,1,0,0,0
12,40,25,1,25,25,25,4.2179e-05,1,4.2179e-05,4.2179e-05,4.2179e-05,22,1,22,22,22,4,1,4,4,4,0,1,0,0,0
12,40,26,1,26,26,26,4.8719e-05,1,4.8719e-05,4.8719e-05,4.8719e-05,26,1,26,26,26,4,1,4,4,4,0,1,0,0,0
12,40,20,1,20,20,20,3.7003e-05,1,3.7003e-05,3.7003e-05,3.7003e-05,19,1,19,19,19,4,1,4,4,4,0,1,0,0,0
12,40,25,1,25,25,25,3.3683e-05,1,3.3683e-05,3.3683e-05,3.3683e-05,13,1,13,13,13,5,1,5,5,5,0,1,0,0,0
12,40,25,1,25,25,25,4.3354e-05,1,4.3354e-05,4.3354e-05,4.3354e-05,22,1,22,22,22,4,1,4,4,4,0,1,0,0,0
12,40,25,1,25,25,25,4.664e-05,1,4.664e-05,4.664e-05,4.664e-05,23,1,23,23,23,5,1,5,5,5,0,1,0,0,0
12,40,25,1,25,25,25,3.4563e-05,1,3.4563e-05,3.4563e-05,3.4563e-05,13,1,13,13,13,5,1,5,5,5,0,1,0,0,0
12,40,29,1,29,29,29,5.2194e-05,1,5.2194e-05,5.2194e-05,5.2194e-05,30,1,30,30,30,4,1,4,4,4,0,1,0,0,0
12,40,20,1,20,20,20,3.4368e-05,1,3.4368e-05,3.4368e-05,3.4368e-05,15,1,15,15,15,5,1,5,5,5,0,1,0,0,0
12,40,29,1,29,29,29,3.8145e-05,1,3.8145e-05,3.8145e-05,3.8145e-05,15,1,15,15,15,5,1,5,5,5,0,1,0,0,0
12,40,22,1,22,22,22,3.9422e-05,1,3.9422e-05,3.9422e-05,3.9422e-05,22,1,22,22,22,4,1,4,4,4,0,1,0,0,0
12,40,29,1,29,29,29,4.4318e-05,1,4.4318e-05,4.4318e-05,4.4318e-05,19,1,19,19,19,5,1,5,5,5,0,1,0,0,0
12,40,23,1,23,23,23,3.7748e-05,1,3.7748e-05,3.7748e-05,3.7748e-05,16,1,16,16,16,5,1,5,5,5,0,1,0,0,0
12,40,28,1,28,28,28,3.7628e-05,1,3.7628e-05,3.7628e-05,3.7628e-05,15,1,15,15,15,5,1,5,5,5,0,1,0,0,0
12,40,28,1,28,28,28,3.5729e-05,1,3.5729e-05,3.5729e-05,3.5729e-05,13,1,13,13,13,6,1,6,6,6,0,1,0,0,0
12,40,19,1,19,19,19,3.6871e-05,1,3.6871e-05,3.6871e-05,3.6871e-05,19,1,19,19,19,4,1,4,4,4,0,1,0,0,0
12,40,20,1,20,20,20,3.9364e-05,1,3.9364e-05,3.9364e-05,3.9364e-05,20,1,20,20,20,4,1,4,4,4,0,1,0,0,0
12,40,24,1,24,24,24,4.051e-05,1,4.051e-05,4.051e-05,4.051e-05,19,1,19,19,19,5,1,5,5,5,0,1,0,0,0
12,40,20,1,20,20,20,3.4667e-05,1,3.4667e-05,3.4667e-05,3.4667e-05,17,1,17,17,17,4,1,4,4,4,0,1,0,0,0
12,40,28,1,28,28,28,4.278e-05,1,4.278e-05,4.278e-05,4.278e-05,18,1,18,18,18,5,1,5,5,5,0,1,0,0,0
12,40,25,1,25,25,25,3.9481e-05,1,3.9481e-05,3.9481e-05,3.9481e-05,16,1,16,16,16,6,1,6,6,6,0,1,0,0,0
12,40,26,1,26,26,26,3.9246e-05,1,3.9246e-05,3.9246e-05,3.9246e-05,17,1,17,17,17,5,1,5,5,5,0,1,0,0,0
12,40,29,1,29,29,29,4.2963e-05,1,4.2963e-05,4.2963e-05,4.2963e-05,18,1,18,18,18,5,1,5,5,5,0,1,0,0,0
12,40,22,1,22,22,22,4.093e-05,1,4.093e-05,4.093e-05,4.093e-05,20,1,20,20,20,4,1,4,4,4,0,1,0,0,0
12,40,32,1,32,32,32,5.9763e-05,1,5.9763e-05,5.9763e-05,5.9763e-05,33,1,33,33,33,4,1,4,4,4,0,1,0,0,0
12,40,29,1,29,29,29,5.4615e-05,1,5.4615e-05,5.4615e-05,5.4615e-05,29,1,29,29,29,4,1,4,4,4,0,1,0,0,0
12,40,28,1,28,28,28,4.4902e-05,1,4.4902e-05,4.4902e-05,4.4902e-05,20,1,20,20,20,5,1,5,5,5,0,1,0,0,0
12,40,39,1,39,39,39,5.8938e-05,1,5.8938e-05,5.8938e-05,5.8938e-05,23,1,23,23,23,6,1,6,6,6,0,1,0,0,0
12,40,26,1,26,26,26,3.9357e-05,1,3.9357e-05,3.9357e-05,3.9357e-05,18,1,18,18,18,5,1,5,5,5,0,1,0,0,0
12,40,21,1,21,21,21,3.838e-05,1,3.838e-05,3.838e-05,3.838e-05,20,1,20,20,20,4,1,4,4,4,0,1,0,0,0
12,40,26,1,26,26,26,5.7383e-05,1,5.7383e-05,5.7383e-05,5.7383e-05,15,1,15,15,15,5,1,5,5,5,0,1,0,0,0
12,40,27,1,27,27,27,4.5368e-05,1,4.5368e-05,4.5368e-05,4.5368e-05,24,1,24,24,24,4,1,4,4,4,0,1,0,0,0
12,40,34,1,34,34,34,4.918e-05,1,4.918e-05,4.918e-05,4.918e-05,23,1,23,23,23,5,1,5,5,5,0,1,0,0,0
12,40,29,1,29,29,29,4.509e-05,1,4.509e-05,4.509e-05,4.509e-05,19,1,19,19,19,5,1,5,5,5,0,1,0,0,0
12,40,26,1,26,26,26,4.8454e-05,1,4.8454e-05,4.8454e-05,4.8454e-05,26,1,26,26,26,4,1,4,4,4,0,1,0,0,0
12,40,28,1,28,28,28,4.104e-05,1,4.104e-05,4.104e-05,4.104e-05,18,1,18,18,18,5,1,5,5,5,0,1,0,0,0
12,40,29,1,29,29,29,4.8114e-05,1,4.8114e-05,4.8114e-05,4.8114e-05,21,1,21,21,21,5,1,5,5,5,0,1,0,0,0
12,40,29,1,29,29,29,4.4251e-05,1,4.4251e-05,4.4251e-05,4.4251e-05,19,1,19,19,19,5,1,5,5,5,0,1,0,0,0
12,40,21,1,21,21,21,3.4702e-05,1,3.4702e-05,3.4702e-05,3.4702e-05,17,1,17,17,17,5,1,5,5,5,0,1,0,0,0
12,40,27,1,27,27,27,3.464e-05,1,3.464e-05,3.464e-05,3.464e-05,13,1,13,13,13,5,1,5,5,5,0,1,0,0,0
12,40,28,1,28,28,28,4.2286e-05,1,4.2286e-05,4.2286e-05,4.2286e-05,19,1,19,19,19,5,1,5,5,5,0,1,0,0,0
12,40,24,1,24,24,24,4.3996e-05,1,4.3996e-05,4.3996e-05,4.3996e-05,24,1,24,24,24,4,1,4,4,4,0,1,0,0,0
12,40,14,1,14,14,14,2.9294e-05,1,2.9294e-05,2.9294e-05,2.9294e-05,13,1,13,13,13,4,1,4,4,4,0,1,0,0,0
12,40,30,1,30,30,30,5.0205e-05,1,5.0205e-05,5.0205e-05,5.0205e-05,26,1,26,26,26,5,1,5,5,5,0,1,0,0,0
12,40,26,1,26,26,26,4.3619e-05,1,4.3619e-05,4.3619e-05,4.3619e-05,19,1,19,19,19,5,1,5,5,5,0,1,0,0,0
12,40,23,1,23,23,23,4.0489e-05,1,4.0489e-05,4.0489e-05,4.0489e-05,19,1,19,19,19,5,1,5,5,5,0,1,0,0,0
12,40,23,1,23,23,23,3.6068e-05,1,3.6068e-05,3.6068e-05,3.6068e-05,16,1,16,16,16,5,1,5,5,5,0,1,0,0,0
12,40,25,1,25,25,25,4.2246e-05,1,4.2246e-05,4.2246e-05,4.2246e-05,20,1,20,20,20,5,1,5,5,5,0,1,0,0,0
12,40,28,1,28,28,28,3.7059e-05,1,3.7059e-05,3.7059e-05,3.7059e-05,15,1,15,15,15,5,1,5,5,5,0,1,0,0,0
12,40,31,1,31,31,31,4.9013e-05,1,4.9013e-05,4.9013e-05,4.9013e-05,23,1,23,23,23,5,1,5,5,5,0,1,0,0,0
12,40,26,1,26,26,26,4.644e-05,1,4.644e-05,4.644e-05,4.644e-05,25,1,25,25,25,4,1,4,4,4,0,1,0,0,0
12,40,25,1,25,25,25,3.5143e-05,1,3.5143e-05,3.5143e-05,3.5143e-05,13,1,13,13,13,5,1,5,5,5,0,1,0,0,0
12,40,24,1,24,24,24,3.8825e-05,1,3.8825e-05,3.8825e-05,3.8825e-05,17,1,17,17,17,5,1,5,5,5,0,1,0,0,0
12,40,21,1,21,21,21,4.0082e-05,1,4.0082e-05,4.0082e-05,4.0082e-05,22,1,22,22,22,4,1,4,4,4,0,1,0,0,0
12,40,26,1,26,26,26,4.3717e-05,1,4.3717e-05,4.3717e-05,4.3717e-05,22,1,22,22,22,5,1,5,5,5,0,1,0,0,0
12,40,25,1,25,25,25,4.5967e-05,1,4.5967e-05,4.5967e-05,4.5967e-05,26,1,26,26,26,4,1,4,4,4,0,1,0,0,0
12,40,16,1,16,16,16,3.2892e-05,1,3.2892e-05,3.2892e-05,3.2892e-05,16,1,16,16,16,4,1,4,4,4,0,1,0,0,0
12,40,30,1,30,30,30,5.1495e-05,1,5.1495e-05,5.1495e-05,5.1495e-05,24,1,24,24,24,5,1,5,5,5,0,1,0,0,0
12,40,23,1,23,23,23,4.0225e-05,1,4.0225e-05,4.0225e-05,4.0225e-05,19,1,19,19,19,4,1,4,4,4,0,1,0,0,0
12,40,30,1,30,30,30,4.4537e-05,1,4.4537e-05,4.4537e-05,4.4537e-05,21,1,21,21,21,5,1,5,5,5,0,1,0,0,0
12,40,32,1,32,32,32,4.8671e-05,1,4.8671e-05,4.8671e-05,4.8671e-05,22,1,22,22,22,5,1,5,5,5,0,1,0,0,0
12,40,32,1,32,32,32,4.4574e-05,1,4.4574e-05,4.4574e-05,4.4574e-05,18,1,18,18,18,5,1,5,5,5,0,1,0,0,0
12,40,19,1,19,19,19,3.7676e-05,1,3.7676e-05,3.7676e-05,3.7676e-05,19,1,19,19,19,4,1,4,4,4,0,1,0,0,0
12,40,21,1,21,21,21,3.797e-05,1,3.797e-05,3.797e-05,3.797e-05,20,1,20,20,20,4,1,4,4,4,0,1,0,0,0
12,40,18,1,18,18,18,3.5904e-05,1,3.5904e-05,3.5904e-05,3.5904e-05,17,1,17,17,17,4,1,4,4,4,0,1,0,0,0
12,40,25,1,25,25,25,3.3331e-05,1,3.3331e-05,3.3331e-05,3.3331e-05,13,1,13,13,13,5,1,5,5,5,0,1,0,0,0
12,40,21,1,21,21,21,3.6862e-05,1,3.6862e-05,3.6862e-05,3.6862e-05,19,1,19,19,19,4,1,4,4,4,0,1,0,0,0
12,40,21,1,21,21,21,3.1159e-05,1,3.1159e-05,3.1159e-05,3.1159e-05,13,1,13,13,13,5,1,5,5,5,0,1,0,0,0
12,40,24,1,24,24,24,4.4474e-05,1,4.4474e-05,4.4474e-05,4.4474e-05,24,1,24,24,24,4,1,4,4,4,0,1,0,0,0
12,40,29,1,29,29,29,4.3907e-05,1,4.3907e-05,4.3907e-05,4.3907e-05,19,1,19,19,19,5,1,5,5,5,0,1,0,0,0
12,40,26,1,26,26,26,4.7004e-05,1,4.7004e-05,4.7004e-05,4.7004e-05,24,1,24,24,24,4,1,4,4,4,0,1,0,0,0
12,40,26,1,26,26,26,4.5195e-05,1,4.5195e-05,4.5195e-05,4.5195e-05,23,1,23,23,23,4,1,4,4,4,0,1,0,0,0
12,40,26,1,26,26,26,4.8284e-05,1,4.8284e-05,4.8284e-05,4.8284e-05,24,1,24,24,24,4,1,4,4,4,0,1,0,0,0
12,40,23,1,23,23,23,3.4584e-05,1,3.4584e-05,3.4584e-05,3.4584e-05,15,1,15,15,15,5,1,5,5,5,0,1,0,0,0
12,40,23,1,23,23,23,4.5238e-05,1,4.5238e-05,4.5238e-05,4.5238e-05,24,1,24,24,24,4,1,4,4,4,0,1,0,0,0
12,40,18,1,18,18,18,3.2362e-05,1,3.2362e-05,3.2362e-05,3.2362e-05,13,1,13,13,13,4,1,4,4,4,0,1,0,0,0
12,40,28,1,28,28,28,5.1831e-05,1,5.1831e-05,5.1831e-05,5.1831e-05,27,1,27,27,27,4,1,4,4,4,0,1,0,0,0
12,40,29,1,29,29,29,4.3146e-05,1,4.3146e-05,4.3146e-05,4.3146e-05,20,1,20,20,20,5,1,5,5,5,0,1,0,0,0
12,40,20,1,20,20,20,3.5762e-05,1,3.5762e-05,3.5762e-05,3.5762e-05,18,1,18,18,18,4,1,4,4,4,0,1,0,0,0
12,40,33,1,33,33,33,5.1435e-05,1,5.1435e-05,5.1435e-05,5.1435e-05,23,1,23,23,23,5,1,5,5,5,0,1,0,0,0
12,40,31,1,31,31,31,5.0465e-05,1,5.0465e-05,5.0465e-05,5.0465e-05,21,1,21,21,21,6,1,6,6,6,0,1,0,0,0
12,40,31,1,31,31,31,4.812e-05,1,4.812e-05,4.812e-05,4.812e-05,21,1,21,21,21,5,1,5,5,5,0,1,0,0,0
12,40,30,1,30,30,30,5.3511e-05,1,5.3511e-05,5.3511e-05,5.3511e-05,27,1,27,27,27,5,1,5,5,5,0,1,0,0,0
12,40,22,1,22,22,22,3.7593e-05,1,3.7593e-05,3.7593e-05,3.7593e-05,18,1,18,18,18,4,1,4,4,4,0,1,0,0,0
12,40,28,1,28,28,28,4.3041e-05,1,4.3041e-05,4.3041e-05,4.3041e-05,20,1,20,20,20,5,1,5,5,5,0,1,0,0,0
12,40,28,1,28,28,28,4.7256e-05,1,4.7256e-05,4.7256e-05,4.7256e-05,28,1,28,28,28,4,1,4,4,4,0,1,0,0,0
12,40,20,1,20,20,20,3.7116e-05,1,3.7116e-05,3.7116e-05,3.7116e-05,19,1,19,19,19,4,1,4,4,4,0,1,0,0,0
12,40,28,1,28,28,28,4.3407e-05,1,4.3407e-05,4.3407e-05,4.3407e-05,19,1,19,19,19,5,1,5,5,5,0,1,0,0,0
12,40,18,1,18,18,18,3.5074e-05,1,3.5074e-05,3.5074e-05,3.5074e-05,16,1,16,16,16,4,1,4,4,4,0,1,0,0,0
12,40,31,1,31,31,31,4.6332e-05,1,4.6332e-05,4.6332e-05,4.6332e-05,20,1,20,20,20,5,1,5,5,5,0,1,0,0,0
12,40,30,1,30,30,30,5.3306e-05,1,5.3306e-05,5.3306e-05,5.3306e-05,25,1,25,25,25,5,1,5,5,5,0,1,0,0,0
12,40,27,1,27,27,27,4.5402e-05,1,4.5402e-05,4.5402e-05,4.5402e-05,25,1,25,25,25,4,1,4,4,4,0,1,0,0,0
12,40,29,1,29,29,29,4.199e-05,1,4.199e-05,4.199e-05,4.199e-05,19,1,19,19,19,5,1,5,5,5,0,1,0,0,0
12,40,19,1,19,19,19,3.5822e-05,1,3.5822e-05,3.5822e-05,3.5822e-05,18,1,18,18,18,4,1,4,4,4,0,1,0,0,0
12,40,28,1,28,28,28,4.7719e-05,1,4.7719e-05,4.7719e-05,4.7719e-05,19,1,19,19,19,6,1,6,6,6,0,1,0,0,0
12,40,33,1,33,33,33,4.6672e-05,1,4.6672e-05,4.6672e-05,4.6672e-05,22,1,22,22,22,5,1,5,5,5,0,1,0,0,0
12,40,18,1,18,18,18,3.5964e-05,1,3.5964e-05,3.5964e-05,3.5964e-05,19,1,19,19,19,4,1,4,4,4,0,1,0,0,0
12,40,27,1,27,27,27,4.3631e-05,1,4.3631e-05,4.3631e-05,4.3631e-05,19,1,19,19,19,5,1,5,5,5,0,1,0,0,0
12,40,26,1,26,26,26,3.8348e-05,1,3.8348e-05,3.8348e-05,3.8348e-05,16,1,16,16,16,5,1,5,5,5,0,1,0,0,0
12,40,32,1,32,32,32,4.0913e-05,1,4.0913e-05,4.0913e-05,4.0913e-05,15,1,15,15,15,6,1,6,6,6,0,1,0,0,0
12,40,34,1,34,34,34,5.5599e-05,1,5.5599e-05,5.5599e-05,5.5599e-05,26,1,26,26,26,5,1,5,5,5,0,1,0,0,0
12,40,23,1,23,23,23,4.0334e-05,1,4.0334e-05,4.0334e-05,4.0334e-05,21,1,21,21,21,4,1,4,4,4,0,1,0,0,0
12,40,34,1,34,34,34,5.5133e-05,1,5.5133e-05,5.5133e-05,5.5133e-05,26,1,26,26,26,5,1,5,5,5,0,1,0,0,0
12,40,20,1,20,20,20,3.9892e-05,1,3.9892e-05,3.9892e-05,3.9892e-05,20,1,20,20,20,4,1,4,4,4,0,1,0,0,0
12,40,26,1,26,26,26,3.8482e-05,1,3.8482e-05,3.8482e-05,3.8482e-05,16,1,16,16,16,5,1,5,5,5,0,1,0,0,0
12,40,22,1,22,22,22,4.0893e-05,1,4.0893e-05,4.0893e-05,4.0893e-05,21,1,21,21,21,4,1,4,4,4,0,1,0,0,0
12,40,25,1,25,25,25,4.4685e-05,1,4.4685e-05,4.4685e-05,4.4685e-05,24,1,24,24,24,4,1,4,4,4,0,1,0,0,0
12,40,23,1,23,23,23,4.2753e-05,1,4.2753e-05,4.2753e-05,4.2753e-05,22,1,22,22,22,4,1,4,4,4,0,1,0,0,0
12,40,23,1,23,23,23,4.1846e-05,1,4.1846e-05,4.1846e-05,4.1846e-05,21,1,21,21,21,4,1,4,4,4,0,1,0,0,0
12,40,21,1,21,21,21,4.208e-05,1,4.208e-05,4.208e-05,4.208e-05,22,1,22,22,22,4,1,4,4,4,0,1,0,0,0
12,40,29,1,29,29,29,4.4502e-05,1,4.4502e-05,4.4502e-05,4.4502e-05,21,1,21,21,21,5,1,5,5,5,0,1,0,0,0
12,40,20,1,20,20,20,3.6685e-05,1,3.6685e-05,3.6685e-05,3.6685e-05,17,1,17,17,17,5,1,5,5,5,0,1,0,0,0
12,40,22,1,22,22,22,4.1881e-05,1,4.1881e-05,4.1881e-05,4.1881e-05,24,1,24,24,24,4,1,4,4,4,0,1,0,0,0
12,40,34,1,34,34,34,4.3794e-05,1,4.3794e-05,4.3794e-05,4.3794e-05,16,1,16,16,16,6,1,6,6,6,0,1,0,0,0
12,40,30,1,30,30,30,4.6064e-05,1,4.6064e-05,4.6064e-05,4.6064e-05,21,1,21,21,21,5,1,5,5,5,0,1,0,0,0
12,40,27,1,27,27,27,5.8902e-05,1,5.8902e-05,5.8902e-05,5.8902e-05,20,1,20,20,20,5,1,5,5,5,0,1,0,0,0
12,40,28,1,28,28,28,6.3085e-05,1,6.3085e-05,6.3085e-05,6.3085e-05,21,1,21,21,21,5,1,5,5,5,0,1,0,0,0
12,40,30,1,30,30,30,7.7633e-05,1,7.7633e-05,7.7633e-05,7.7633e-05,24,1,24,24,24,5,1,5,5,5,0,1,0,0,0
12,40,25,1,25,25,25,4.5373e-05,1,4.5373e-05,4.5373e-05,4.5373e-05,22,1,22,22,22,5,1,5,5,5,0,1,0,0,0
12,40,32,1,32,32,32,5.6647e-05,1,5.6647e-05,5.6647e-05,5.6647e-05,25,1,25,25,25,5,1,5,5,5,0,1,0,0,0
12,40,31,1,31,31,31,5.5416e-05,1,5.5416e-05,5.5416e-05,5.5416e-05,29,1,29,29,29,4,1,4,4,4,0,1,0,0,0
12,40,25,1,25,25,25,4.1463e-05,1,4.1463e-05,4.1463e-05,4.1463e-05,20,1,20,20,20,4,1,4,4,4,0,1,0,0,0
12,40,28,1,28,28,28,4.7352e-05,1,4.7352e-05,4.7352e-05,4.7352e-05,19,1,19,19,19,5,1,5,5,5,0,1,0,0,0
12,40,24,1,24,24,24,6.362e-05,1,6.362e-05,6.362e-05,6.362e-05,17,1,17,17,17,5,1,5,5,5,0,1,0,0,0
12,40,27,1,27,27,27,7.214e-05,1,7.214e-05,7.214e-05,7.214e-05,26,1,26,26,26,4,1,4,4,4,0,1,0,0,0
12,40,27,1,27,27,27,4.5969e-05,1,4.5969e-05,4.5969e-05,4.5969e-05,21,1,21,21,21,5,1,5,5,5,0,1,0,0,0
12,40,27,1,27,27,27,4.352e-05,1,4.352e-05,4.352e-05,4.352e-05,22,1,22,22,22,5,1,5,5,5,0,1,0,0,0
12,40,29,1,29,29,29,4.1495e-05,1,4.1495e-05,4.1495e-05,4.1495e-05,16,1,16,16,16,5,1,5,5,5,0,1,0,0,0
12,40,23,1,23,23,23,5.4156e-05,1,5.4156e-05,5.4156e-05,5.4156e-05,16,1,16,16,16,5,1,5,5,5,0,1,0,0,0
12,40,24,1,24,24,24,4.1952e-05,1,4.1952e-05,4.1952e-05,4.1952e-05,22,1,22,22,22,4,1,4,4,4,0,1,0,0,0
12,40,28,1,28,28,28,4.8399e-05,1,4.8399e-05,4.8399e-05,4.8399e-05,26,1,26,26,26,4,1,4,4,4,0,1,0,0,0
12,40,28,1,28,28,28,3.5283e-05,1,3.5283e-05,3.5283e-05,3.5283e-05,13,1,13,13,13,6,1,6,6,6,0,1,0,0,0
12,40,27,1,27,27,27,4.1556e-05,1,4.1556e-05,4.1556e-05,4.1556e-05,18,1,18,18,18,5,1,5,5,5,0,1,0,0,0
12,40,25,1,25,25,25,4.4762e-05,1,4.4762e-05,4.4762e-05,4.4762e-05,24,1,24,24,24,4,1,4,4,4,0,1,0,0,0
12,40,28,1,28,28,28,5.14e-05,1,5.14e-05,5.14e-05,5.14e-05,29,1,29,29,29,4,1,4,4,4,0,1,0,0,0
12,40,25,1,25,25,25,4.4332e-05,1,4.4332e-05,4.4332e-05,4.4332e-05,23,1,23,23,23,4,1,4,4,4,0,1,0,0,0
12,40,30,1,30,30,30,4.321e-05,1,4.321e-05,4.321e-05,4.321e-05,19,1,19,19,19,5,1,5,5,5,0,1,0,0,0
12,40,24,1,24,24,24,4.124e-05,1,4.124e-05,4.124e-05,4.124e-05,21,1,21,21,21,4,1,4,4,4,0,1,0,0,0
12,40,31,1,31,31,31,4.3892e-05,1,4.3892e-05,4.3892e-05,4.3892e-05,19,1,19,19,19,5,1,5,5,5,0,1,0,0,0
12,40,19,1,19,19,19,3.5436e-05,1,3.5436e-05,3.5436e-05,3.5436e-05,17,1,17,17,17,4,1,4,4,4,0,1,0,0,0
12,40,33,1,33,33,33,5.8225e-05,1,5.8225e-05,5.8225e-05,5.8225e-05,28,1,28,28,28,5,1,5,5,5,0,1,0,0,0
12,40,25,1,25,25,25,4.7789e-05,1,4.7789e-05,4.7789e-05,4.7789e-05,24,1,24,24,24,4,1,4,4,4,0,1,0,0,0
12,40,25,1,25,25,25,4.1779e-05,1,4.1779e-05,4.1779e-05,4.1779e-05,20,1,20,20,20,5,1,5,5,5,0,1,0,0,0
12,40,21,1,21,21,21,3.5473e-05,1,3.5473e-05,3.5473e-05,3.5473e-05,17,1,17,17,17,5,1,5,5,5,0,1,0,0,0
12,40,33,1,33,33,33,5.9679e-05,1,5.9679e-05,5.9679e-05,5.9679e-05,27,1,27,27,27,5,1,5,5,5,0,1,0,0,0
12,40,21,1,21,21,21,3.6152e-05,1,3.6152e-05,3.6152e-05,3.6152e-05,19,1,19,19,19,4,1,4,4,4,0,1,0,0,0
12,40,26,1,26,26,26,3.3517e-05,1,3.3517e-05,3.3517e-05,3.3517e-05,13,1,13,13,13,5,1,5,5,5,0,1,0,0,0
12,40,34,1,34,34,34,5.2265e-05,1,5.2265e-05,5.2265e-05,5.2265e-05,26,1,26,26,26,5,1,5,5,5,0,1,0,0,0
12,40,28,1,28,28,28,4.7493e-05,1,4.7493e-05,4.7493e-05,4.7493e-05,24,1,24,24,24,5,1,5,5,5,0,1,0,0,0
12,40,29,1,29,29,29,4.7152e-05,1,4.7152e-05,4.7152e-05,4.7152e-05,21,1,21,21,21,5,1,5,5,5,0,1,0,0,0
12,40,23,1,23,23,23,4.1345e-05,1,4.1345e-05,4.1345e-05,4.1345e-05,22,1,22,22,22,4,1,4,4,4,0,1,0,0,0
12,40,31,1,31,31,31,4.8428e-05,1,4.8428e-05,4.8428e-05,4.8428e-05,22,1,22,22,22,5,1,5,5,5,0,1,0,0,0
12,40,25,1,25,25,25,3.8135e-05,1,3.8135e-05,3.8135e-05,3.8135e-05,16,1,16,16,16,5,1,5,5,5,0,1,0,0,0
12,40,27,1,27,27,27,3.7687e-05,1,3.7687e-05,3.7687e-05,3.7687e-05,16,1,16,16,16,5,1,5,5,5,0,1,0,0,0
12,40,27,1,27,27,27,4.9591e-05,1,4.9591e-05,4.9591e-05,4.9591e-05,21,1,21,21,21,5,1,5,5,5,0,1,0,0,0
12,40,29,1,29,29,29,6.1698e-05,1,6.1698e-05,6.1698e-05,6.1698e-05,20,1,20,20,20,5,1,5,5,5,0,1,0,0,0
12,40,23,1,23,23,23,3.3494e-05,1,3.3494e-05,3.3494e-05,3.3494e-05,13,1,13,13,13,5,1,5,5,5,0,1,0,0,0
12,40,24,1,24,24,24,4.4326e-05,1,4.4326e-05,4.4326e-05,4.4326e-05,23,1,23,23,23,4,1,4,4,4,0,1,0,0,0
12,40,26,1,26,26,26,3.624e-05,1,3.624e-05,3.624e-05,3.624e-05,13,1,13,13,13,5,1,5,5,5,0,1,0,0,0
12,40,28,1,28,28,28,4.3508e-05,1,4.3508e-05,4.3508e-05,4.3508e-05,20,1,20,20,20,5,1,5,5,5,0,1,0,0,0
12,40,21,1,21,21,21,3.8367e-05,1,3.8367e-05,3.8367e-05,3.8367e-05,21,1,21,21,21,4,1,4,4,4,0,1,0,0,0
12,40,22,1,22,22,22,4.2741e-05,1,4.2741e-05,4.2741e-05,4.2741e-05,23,1,23,23,23,4,1,4,4,4,0,1,0,0,0
12,40,32,1,32,32,32,4.09e-05,1,4.09e-05,4.09e-05,4.09e-05,15,1,15,15,15,6,1,6,6,6,0,1,0,0,0
12,40,24,1,24,24,24,4.4945e-05,1,4.4945e-05,4.4945e-05,4.4945e-05,23,1,23,23,23,4,1,4,4,4,0,1,0,0,0
12,40,28,1,28,28,28,3.9675e-05,1,3.9675e-05,3.9675e-05,3.9675e-05,17,1,17,17,17,5,1,5,5,5,0,1,0,0,0
12,40,27,1,27,27,27,4.004e-05,1,4.004e-05,4.004e-05,4.004e-05,19,1,19,19,19,5,1,5,5,5,0,1,0,0,0
12,40,21,1,21,21,21,3.5412e-05,1,3.5412e-05,3.5412e-05,3.5412e-05,16,1,16,16,16,4,1,4,4,4,0,1,0,0,0
12,40,28,1,28,28,28,3.8911e-05,1,3.8911e-05,3.8911e-05,3.8911e-05,16,1,16,16,16,5,1,5,5,5,0,1,0,0,0
12,40,21,1,21,21,21,3.9478e-05,1,3.9478e-05,3.9478e-05,3.9478e-05,20,1,20,20,20,4,1,4,4,4,0,1,0,0,0
12,40,31,1,31,31,31,4.5008e-05,1,4.5008e-05,4.5008e-05,4.5008e-05,22,1,22,22,22,5,1,5,5,5,0,1,0,0,0
12,40,33,1,33,33,33,4.1795e-05,1,4.1795e-05,4.1795e-05,4.1795e-05,15,1,15,15,15,6,1,6,6,6,0,1,0,0,0
12,40,30,1,30,30,30,4.7119e-05,1,4.7119e-05,4.7119e-05,4.7119e-05,21,1,21,21,21,5,1,5,5,5,0,1,0,0,0
12,40,28,1,28,28,28,4.0163e-05,1,4.0163e-05,4.0163e-05,4.0163e-05,18,1,18,18,18,5,1,5,5,5,0,1,0,0,0
12,40,30,1,30,30,30,5.0152e-05,1,5.0152e-05,5.0152e-05,5.0152e-05,22,1,22,22,22,5,1,5,5,5,0,1,0,0,0
12,40,33,1,33,33,33,6.2694e-05,1,6.2694e-05,6.2694e-05,6.2694e-05,33,1,33,33,33,5,1,5,5,5,0,1,0,0,0
12,40,26,1,26,26,26,4.6138e-05,1,4.6138e-05,4.6138e-05,4.6138e-05,22,1,22,22,22,5,1,5,5,5,0,1,0,0,0
12,40,24,1,24,24,24,3.7541e-05,1,3.7541e-05,3.7541e-05,3.7541e-05,15,1,15,15,15,5,1,5,5,5,0,1,0,0,0
12,40,27,1,27,27,27,4.8658e-05,1,4.8658e-05,4.8658e-05,4.8658e-05,29,1,29,29,29,4,1,4,4,4,0,1,0,0,0
12,40,30,1,30,30,30,3.5691e-05,1,3.5691e-05,3.5691e-05,3.5691e-05,13,1,13,13,13,5,1,5,5,5,0,1,0,0,0
12,40,28,1,28,28,28,4.0364e-05,1,4.0364e-05,4.0364e-05,4.0364e-05,17,1,17,17,17,5,1,5,5,5,0,1,0,0,0
12,40,25,1,25,25,25,4.1065e-05,1,4.1065e-05,4.1065e-05,4.1065e-05,17,1,17,17,17,5,1,5,5,5,0,1,0,0,0
12,40,23,1,23,23,23,4.4345e-05,1,4.4345e-05,4.4345e-05,4.4345e-05,24,1,24,24,24,4,1,4,4,4,0,1,0,0,0
12,40,22,1,22,22,22,3.834e-05,1,3.834e-05,3.834e-05,3.834e-05,18,1,18,18,18,4,1,4,4,4,0,1,0,0,0
12,40,27,1,27,27,27,5.0706e-05,1,5.0706e-05,5.0706e-05,5.0706e-05,30,1,30,30,30,4,1,4,4,4,0,1,0,0,0
12,40,31,1,31,31,31,4.6063e-05,1,4.6063e-05,4.6063e-05,4.6063e-05,19,1,19,19,19,5,1,5,5,5,0,1,0,0,0
12,40,30,1,30,30,30,3.6492e-05,1,3.6492e-05,3.6492e-05,3.6492e-05,13,1,13,13,13,6,1,6,6,6,0,1,0,0,0
12,40,25,1,25,25,25,3.6599e-05,1,3.6599e-05,3.6599e-05,3.6599e-05,15,1,15,15,15,5,1,5,5,5,0,1,0,0,0
12,40,26,1,26,26,26,3.7064e-05,1,3.7064e-05,3.7064e-05,3.7064e-05,15,1,15,15,15,5,1,5,5,5,0,1,0,0,0
12,40,22,1,22,22,22,4.0178e-05,1,4.0178e-05,4.0178e-05,4.0178e-05,20,1,20,20,20,4,1,4,4,4,0,1,0,0,0
12,40,35,1,35,35,35,4.6298e-05,1,4.6298e-05,4.6298e-05,4.6298e-05,16,1,16,16,16,6,1,6,6,6,0,1,0,0,0
12,40,23,1,23,23,23,3.347e-05,1,3.347e-05,3.347e-05,3.347e-05,13,1,13,13,13,5,1,5,5,5,0,1,0,0,0
12,40,30,1,30,30,30,4.5806e-05,1,4.5806e-05,4.5806e-05,4.5806e-05,23,1,23,23,23,5,1,5,5,5,0,1,0,0,0
12,40,26,1,26,26,26,4.4568e-05,1,4.4568e-05,4.4568e-05,4.4568e-05,23,1,23,23,23,4,1,4,4,4,0,1,0,0,0
12,40,21,1,21,21,21,3.733e-05,1,3.733e-05,3.733e-05,3.733e-05,18,1,18,18,18,4,1,4,4,4,0,1,0,0,0
12,40,28,1,28,28,28,4.5066e-05,1,4.5066e-05,4.5066e-05,4.5066e-05,22,1,22,22,22,5,1,5,5,5,0,1,0,0,0
12,40,23,1,23,23,23,4.0572e-05,1,4.0572e-05,4.0572e-05,4.0572e-05,19,1,19,19,19,4,1,4,4,4,0,1,0,0,0
12,40,28,1,28,28,28,4.8576e-05,1,4.8576e-05,4.8576e-05,4.8576e-05,27,1,27,27,27,4,1,4,4,4,0,1,0,0,0
12,40,27,1,27,27,27,5.3247e-05,1,5.3247e-05,5.3247e-05,5.3247e-05,28,1,28,28,28,4,1,4,4,4,0,1,0,0,0
12,40,35,1,35,35,35,6.2403e-05,1,6.2403e-05,6.2403e-05,6.2403e-05,31,1,31,31,31,5,1,5,5,5,0,1,0,0,0
12,40,26,1,26,26,26,4.6928e-05,1,4.6928e-05,4.6928e-05,4.6928e-05,24,1,24,24,24,4,1,4,4,4,0,1,0,0,0
12,40,22,1,22,22,22,3.2838e-05,1,3.2838e-05,3.2838e-05,3.2838e-05,13,1,13,13,13,5,1,5,5,5,0,1,0,0,0
12,40,27,1,27,27,27,4.6922e-05,1,4.6922e-05,4.6922e-05,4.6922e-05,25,1,25,25,25,4,1,4,4,4,0,1,0,0,0
12,40,31,1,31,31,31,4.5371e-05,1,4.5371e-05,4.5371e-05,4.5371e-05,21,1,21,21,21,5,1,5,5,5,0,1,0,0,0
12,40,28,1,28,28,28,3.9596e-05,1,3.9596e-05,3.9596e-05,3.9596e-05,16,1,16,16,16,5,1,5,5,5,0,1,0,0,0
12,40,21,1,21,21,21,3.7047e-05,1,3.7047e-05,3.7047e-05,3.7047e-05,18,1,18,18,18,4,1,4,4,4,0,1,0,0,0
12,40,27,1,27,27,27,4.4246e-05,1,4.4246e-05,4.4246e-05,4.4246e-05,19,1,19,19,19,5,1,5,5,5,0,1,0,0,0
12,40,33,1,33,33,33,4.6931e-05,1,4.6931e-05,4.6931e-05,4.6931e-05,20,1,20,20,20,5,1,5,5,5,0,1,0,0,0
12,40,26,1,26,26,26,4.424e-05,1,4.424e-05,4.424e-05,4.424e-05,23,1,23,23,23,4,1,4,4,4,0,1,0,0,0
12,40,37,1,37,37,37,4.6275e-05,1,4.6275e-05,4.6275e-05,4.6275e-05,17,1,17,17,17,6,1,6,6,6,0,1,0,0,0
12,40,30,1,30,30,30,5.0348e-05,1,5.0348e-05,5.0348e-05,5.0348e-05,24,1,24,24,24,5,1,5,5,5,0,1,0,0,0
12,40,28,1,28,28,28,4.0024e-05,1,4.0024e-05,4.0024e-05,4.0024e-05,16,1,16,16,16,6,1,6,6,6,0,1,0,0,0
12,40,26,1,26,26,26,3.3688e-05,1,3.3688e-05,3.3688e-05,3.3688e-05,13,1,13,13,13,5,1,5,5,5,0,1,0,0,0
12,40,25,1,25,25,25,4.4161e-05,1,4.4161e-05,4.4161e-05,4.4161e-05,23,1,23,23,23,4,1,4,4,4,0,1,0,0,0
12,40,20,1,20,20,20,3.8869e-05,1,3.8869e-05,3.8869e-05,3.8869e-05,19,1,19,19,19,4,1,4,4,4,0,1,0,0,0
12,40,28,1,28,28,28,4.0234e-05,1,4.0234e-05,4.0234e-05,4.0234e-05,16,1,16,16,16,5,1,5,5,5,0,1,0,0,0
12,40,22,1,22,22,22,4.2595e-05,1,4.2595e-05,4.2595e-05,4.2595e-05,23,1,23,23,23,4,1,4,4,4,0,1,0,0,0
12,40,21,1,21,21,21,3.783e-05,1,3.783e-05,3.783e-05,3.783e-05,19,1,19,19,19,4,1,4,4,4,0,1,0,0,0
12,40,24,1,24,24,24,3.9349e-05,1,3.9349e-05,3.9349e-05,3.9349e-05,18,1,18,18,18,5,1,5,5,5,0,1,0,0,0
12,40,32,1,32,32,32,4.7123e-05,1,4.7123e-05,4.7123e-05,4.7123e-05,20,1,20,20,20,5,1,5,5,5,0,1,0,0,0
12,40,20,1,20,20,20,4.1674e-05,1,4.1674e-05,4.1674e-05,4.1674e-05,22,1,22,22,22,4,1,4,4,4,0,1,0,0,0
12,40,29,1,29,29,29,3.5487e-05,1,3.5487e-05,3.5487e-05,3.5487e-05,13,1,13,13,13,6,1,6,6,6,0,1,0,0,0
12,40,28,1,28,28,28,3.8441e-05,1,3.8441e-05,3.8441e-05,3.8441e-05,17,1,17,17,17,5,1,5,5,5,0,1,0,0,0
12,40,28,1,28,28,28,4.9903e-05,1,4.9903e-05,4.9903e-05,4.9903e-05,22,1,22,22,22,5,1,5,5,5,0,1,0,0,0
12,40,28,1,28,28,28,3.5981e-05,1,3.5981e-05,3.5981e-05,3.5981e-05,13,1,13,13,13,5,1,5,5,5,0,1,0,0,0
12,40,21,1,21,21,21,3.2815e-05,1,3.2815e-05,3.2815e-05,3.2815e-05,13,1,13,13,13,5,1,5,5,5,0,1,0,0,0
12,40,22,1,22,22,22,3.2743e-05,1,3.2743e-05,3.2743e-05,3.2743e-05,13,1,13,13,13,6,1,6,6,6,0,1,0,0,0
12,40,21,1,21,21,21,4.3007e-05,1,4.3007e-05,4.3007e-05,4.3007e-05,24,1,24,24,24,4,1,4,4,4,0,1,0,0,0
12,40,19,1,19,19,19,3.7382e-05,1,3.7382e-05,3.7382e-05,3.7382e-05,19,1,19,19,19,4,1,4,4,4,0,1,0,0,0
12,40,34,1,34,34,34,4.4036e-05,1,4.4036e-05,4.4036e-05,4.4036e-05,16,1,16,16,16,6,1,6,6,6,0,1,0,0,0
12,40,30,1,30,30,30,4.0949e-05,1,4.0949e-05,4.0949e-05,4.0949e-05,16,1,16,16,16,5,1,5,5,5,0,1,0,0,0
12,40,22,1,22,22,22,4.0401e-05,1,4.0401e-05,4.0401e-05,4.0401e-05,21,1,21,21,21,4,1,4,4,4,0,1,0,0,0
12,40,27,1,27,27,27,3.9128e-05,1,3.9128e-05,3.9128e-05,3.9128e-05,16,1,16,16,16,5,1,5,5,5,0,1,0,0,0
12,40,28,1,28,28,28,4.5069e-05,1,4.5069e-05,4.5069e-05,4.5069e-05,19,1,19,19,19,5,1,5,5,5,0,1,0,0,0
12,40,28,1,28,28,28,4.0436e-05,1,4.0436e-05,4.0436e-05,4.0436e-05,17,1,17,17,17,5,1,5,5,5,0,1,0,0,0
12,40,27,1,27,27,27,4.459e-05,1,4.459e-05,4.459e-05,4.459e-05,22,1,22,22,22,5,1,5,5,5,0,1,0,0,0
12,40,31,1,31,31,31,5.5756e-05,1,5.5756e-05,5.5756e-05,5.5756e-05,31,1,31,31,31,4,1,4,4,4,0,1,0,0,0
12,40,26,1,26,26,26,4.7526e-05,1,4.7526e-05,4.7526e-05,4.7526e-05,22,1,22,22,22,5,1,5,5,5,0,1,0,0,0
12,40,26,1,26,26,26,4.5049e-05,1,4.5049e-05,4.5049e-05,4.5049e-05,22,1,22,22,22,5,1,5,5,5,0,1,0,0,0
12,40,27,1,27,27,27,4.7699e-05,1,4.7699e-05,4.7699e-05,4.7699e-05,25,1,25,25,25,5,1,5,5,5,0,1,0,0,0
12,40,19,1,19,19,19,3.7189e-05,1,3.7189e-05,3.7189e-05,3.7189e-05,20,1,20,20,20,4,1,4,4,4,0,1,0,0,0
12,40,29,1,29,29,29,4.3534e-05,1,4.3534e-05,4.3534e-05,4.3534e-05,21,1,21,21,21,5,1,5,5,5,0,1,0,0,0
12,40,30,1,30,30,30,7.7795e-05,1,7.7795e-05,7.7795e-05,7.7795e-05,24,1,24,24,24,5,1,5,5,5,0,1,0,0,0
12,40,24,1,24,24,24,4.4551e-05,1,4.4551e-05,4.4551e-05,4.4551e-05,23,1,23,23,23,4,1,4,4,4,0,1,0,0,0
12,40,24,1,24,24,24,3.9672e-05,1,3.9672e-05,3.9672e-05,3.9672e-05,19,1,19,19,19,4,1,4,4,4,0,1,0,0,0
12,40,22,1,22,22,22,4.1676e-05,1,4.1676e-05,4.1676e-05,4.1676e-05,21,1,21,21,21,4,1,4,4,4,0,1,0,0,0
12,40,27,1,27,27,27,3.7464e-05,1,3.7464e-05,3.7464e-05,3.7464e-05,15,1,15,15,15,5,1,5,5,5,0,1,0,0,0
12,40,27,1,27,27,27,3.927e-05,1,3.927e-05,3.927e-05,3.927e-05,17,1,17,17,17,5,1,5,5,5,0,1,0,0,0
12,40,25,1,25,25,25,4.704e-05,1,4.704e-05,4.704e-05,4.704e-05,25,1,25,25,25,4,1,4,4,4,0,1,0,0,0
12,40,30,1,30,30,30,4.6657e-05,1,4.6657e-05,4.6657e-05,4.6657e-05,21,1,21,21,21,5,1,5,5,5,0,1,0,0,0
12,40,31,1,31,31,31,3.7392e-05,1,3.7392e-05,3.7392e-05,3.7392e-05,13,1,13,13,13,6,1,6,6,6,0,1,0,0,0
12,40,27,1,27,27,27,4.1159e-05,1,4.1159e-05,4.1159e-05,4.1159e-05,18,1,18,18,18,5,1,5,5,5,0,1,0,0,0
12,40,21,1,21,21,21,3.2247e-05,1,3.2247e-05,3.2247e-05,3.2247e-05,13,1,13,13,13,5,1,5,5,5,0,1,0,0,0
12,40,20,1,20,20,20,3.5158e-05,1,3.5158e-05,3.5158e-05,3.5158e-05,16,1,16,16,16,4,1,4,4,4,0,1,0,0,0
12,40,30,1,30,30,30,4.5677e-05,1,4.5677e-05,4.5677e-05,4.5677e-05,19,1,19,19,19,5,1,5,5,5,0,1,0,0,0
12,40,20,1,20,20,20,4.1155e-05,1,4.1155e-05,4.1155e-05,4.1155e-05,21,1,21,21,21,4,1,4,4,4,0,1,0,0,0
12,40,28,1,28,28,28,4.2607e-05,1,4.2607e-05,4.2607e-05,4.2607e-05,19,1,19,19,19,5,1,5,5,5,0,1,0,0,0
12,40,24,1,24,24,24,4.2e-05,1,4.2e-05,4.2e-05,4.2e-05,21,1,21,21,21,4,1,4,4,4,0,1,0,0,0
12,40,22,1,22,22,22,3.4686e-05,1,3.4686e-05,3.4686e-05,3.4686e-05,13,1,13,13,13,5,1,5,5,5,0,1,0,0,0
12,40,21,1,21,21,21,3.8417e-05,1,3.8417e-05,3.8417e-05,3.8417e-05,18,1,18,18,18,4,1,4,4,4,0,1,0,0,0
12,40,32,1,32,32,32,5.3109e-05,1,5.3109e-05,5.3109e-05,5.3109e-05,27,1,27,27,27,5,1,5,5,5,0,1,0,0,0
12,40,32,1,32,32,32,5.1262e-05,1,5.1262e-05,5.1262e-05,5.1262e-05,20,1,20,20,20,5,1,5,5,5,0,1,0,0,0
12,40,25,1,25,25,25,3.8376e-05,1,3.8376e-05,3.8376e-05,3.8376e-05,15,1,15,15,15,5,1,5,5,5,0,1,0,0,0
12,40,31,1,31,31,31,3.8931e-05,1,3.8931e-05,3.8931e-05,3.8931e-05,13,1,13,13,13,6,1,6,6,6,0,1,0,0,0
12,40,24,1,24,24,24,4.3337e-05,1,4.3337e-05,4.3337e-05,4.3337e-05,23,1,23,23,23,4,1,4,4,4,0,1,0,0,0
12,40,32,1,32,32,32,5.2466e-05,1,5.2466e-05,5.2466e-05,5.2466e-05,26,1,26,26,26,5,1,5,5,5,0,1,0,0,0
12,40,25,1,25,25,25,4.2953e-05,1,4.2953e-05,4.2953e-05,4.2953e-05,20,1,20,20,20,5,1,5,5,5,0,1,0,0,0
12,40,25,1,25,25,25,4.3397e-05,1,4.3397e-05,4.3397e-05,4.3397e-05,22,1,22,22,22,4,1,4,4,4,0,1,0,0,0
12,40,25,1,25,25,25,3.7215e-05,1,3.7215e-05,3.7215e-05,3.7215e-05,16,1,16,16,16,5,1,5,5,5,0,1,0,0,0
12,40,27,1,27,27,27,3.781e-05,1,3.781e-05,3.781e-05,3.781e-05,16,1,16,16,16,5,1,5,5,5,0,1,0,0,0
12,40,27,1,27,27,27,4.0302e-05,1,4.0302e-05,4.0302e-05,4.0302e-05,17,1,17,17,17,5,1,5,5,5,0,1,0,0,0
12,40,33,1,33,33,33,5.1906e-05,1,5.1906e-05,5.1906e-05,5.1906e-05,24,1,24,24,24,5,1,5,5,5,0,1,0,0,0
12,40,26,1,26,26,26,4.773e-05,1,4.773e-05,4.773e-05,4.773e-05,25,1,25,25,25,4,1,4,4,4,0,1,0,0,0
12,40,20,1,20,20,20,3.6321e-05,1,3.6321e-05,3.6321e-05,3.6321e-05,16,1,16,16,16,4,1,4,4,4,0,1,0,0,0
12,40,28,1,28,28,28,4.396e-05,1,4.396e-05,4.396e-05,4.396e-05,20,1,20,20,20,5,1,5,5,5,0,1,0,0,0
12,40,26,1,26,26,26,4.2831e-05,1,4.2831e-05,4.2831e-05,4.2831e-05,22,1,22,22,22,4,1,4,4,4,0,1,0,0,0
12,40,26,1,26,26,26,4.4717e-05,1,4.4717e-05,4.4717e-05,4.4717e-05,23,1,23,23,23,4,1,4,4,4,0,1,0,0,0
12,40,22,1,22,22,22,4.2689e-05,1,4.2689e-05,4.2689e-05,4.2689e-05,23,1,23,23,23,4,1,4,4,4,0,1,0,0,0
12,40,29,1,29,29,29,4.949e-05,1,4.949e-05,4.949e-05,4.949e-05,24,1,24,24,24,5,1,5,5,5,0,1,0,0,0
12,40,23,1,23,23,23,4.1879e-05,1,4.1879e-05,4.1879e-05,4.1879e-05,22,1,22,22,22,4,1,4,4,4,0,1,0,0,0
12,40,33,1,33,33,33,4.4546e-05,1,4.4546e-05,4.4546e-05,4.4546e-05,18,1,18,18,18,6,1,6,6,6,0,1,0,0,0
12,40,21,1,21,21,21,3.6818e-05,1,3.6818e-05,3.6818e-05,3.6818e-05,18,1,18,18,18,4,1,4,4,4,0,1,0,0,0
12,40,27,1,27,27,27,4.3345e-05,1,4.3345e-05,4.3345e-05,4.3345e-05,19,1,19,19,19,5,1,5,5,5,0,1,0,0,0
12,40,26,1,26,26,26,4.5871e-05,1,4.5871e-05,4.5871e-05,4.5871e-05,22,1,22,22,22,5,1,5,5,5,0,1,0,0,0
12,40,23,1,23,23,23,3.9066e-05,1,3.9066e-05,3.9066e-05,3.9066e-05,17,1,17,17,17,5,1,5,5,5,0,1,0,0,0
12,40,26,1,26,26,26,4.2977e-05,1,4.2977e-05,4.2977e-05,4.2977e-05,18,1,18,18,18,5,1,5,5,5,0,1,0,0,0
12,40,29,1,29,29,29,5.3418e-05,1,5.3418e-05,5.3418e-05,5.3418e-05,30,1,30,30,30,4,1,4,4,4,0,1,0,0,0
12,40,27,1,27,27,27,5.163e-05,1,5.163e-05,5.163e-05,5.163e-05,27,1,27,27,27,4,1,4,4,4,0,1,0,0,0
12,40,22,1,22,22,22,3.2609e-05,1,3.2609e-05,3.2609e-05,3.2609e-05,13,1,13,13,13,5,1,5,5,5,0,1,0,0,0
12,40,22,1,22,22,22,3.5962e-05,1,3.5962e-05,3.5962e-05,3.5962e-05,16,1,16,16,16,5,1,5,5,5,0,1,0,0,0
12,40,25,1,25,25,25,3.7997e-05,1,3.7997e-05,3.7997e-05,3.7997e-05,16,1,16,16,16,5,1,5,5,5,0,1,0,0,0
12,40,25,1,25,25,25,3.42e-05,1,3.42e-05,3.42e-05,3.42e-05,13,1,13,13,13,5,1,5,5,5,0,1,0,0,0
12,40,24,1,24,24,24,4.1999e-05,1,4.1999e-05,4.1999e-05,4.1999e-05,22,1,22,22,22,4,1,4,4,4,0,1,0,0,0
12,40,25,1,25,25,25,3.8914e-05,1,3.8914e-05,3.8914e-05,3.8914e-05,16,1,16,16,16,5,1,5,5,5,0,1,0,0,0
12,40,27,1,27,27,27,3.8709e-05,1,3.8709e-05,3.8709e-05,3.8709e-05,17,1,17,17,17,5,1,5,5,5,0,1,0,0,0
12,40,27,1,27,27,27,4.3225e-05,1,4.3225e-05,4.3225e-05,4.3225e-05,20,1,20,20,20,5,1,5,5,5,0,1,0,0,0
12,40,25,1,25,25,25,3.9934e-05,1,3.9934e-05,3.9934e-05,3.9934e-05,18,1,18,18,18,5,1,5,5,5,0,1,0,0,0
12,40,21,1,21,21,21,3.8544e-05,1,3.8544e-05,3.8544e-05,3.8544e-05,20,1,20,20,20,4,1,4,4,4,0,1,0,0,0
12,40,26,1,26,26,26,4.1123e-05,1,4.1123e-05,4.1123e-05,4.1123e-05,19,1,19,19,19,5,1,5,5,5,0,1,0,0,0
12,40,31,1,31,31,31,5.4024e-05,1,5.4024e-05,5.4024e-05,5.4024e-05,23,1,23,23,23,5,1,5,5,5,0,1,0,0,0
12,40,19,1,19,19,19,3.1852e-05,1,3.1852e-05,3.1852e-05,3.1852e-05,13,1,13,13,13,5,1,5,5,5,0,1,0,0,0
12,40,28,1,28,28,28,3.997e-05,1,3.997e-05,3.997e-05,3.997e-05,17,1,17,17,17,5,1,5,5,5,0,1,0,0,0
12,40,23,1,23,23,23,4.2587e-05,1,4.2587e-05,4.2587e-05,4.2587e-05,21,1,21,21,21,4,1,4,4,4,0,1,0,0,0
12,40,28,1,28,28,28,3.9576e-05,1,3.9576e-05,3.9576e-05,3.9576e-05,15,1,15,15,15,5,1,5,5,5,0,1,0,0,0
12,40,25,1,25,25,25,3.3938e-05,1,3.3938e-05,3.3938e-05,3.3938e-05,13,1,13,13,13,5,1,5,5,5,0,1,0,0,0
12,40,30,1,30,30,30,5.6213e-05,1,5.6213e-05,5.6213e-05,5.6213e-05,32,1,32,32,32,4,1,4,4,4,0,1,0,0,0
12,40,23,1,23,23,23,3.2905e-05,1,3.2905e-05,3.2905e-05,3.2905e-05,13,1,13,13,13,5,1,5,5,5,0,1,0,0,0
12,40,27,1,27,27,27,4.0052e-05,1,4.0052e-05,4.0052e-05,4.0052e-05,19,1,19,19,19,5,1,5,5,5,0,1,0,0,0
12,40,29,1,29,29,29,4.4785e-05,1,4.4785e-05,4.4785e-05,4.4785e-05,20,1,20,20,20,5,1,5,5,5,0,1,0,0,0
12,40,26,1,26,26,26,4.0437e-05,1,4.0437e-05,4.0437e-05,4.0437e-05,17,1,17,17,17,5,1,5,5,5,0,1,0,0,0
12,40,22,1,22,22,22,3.8255e-05,1,3.8255e-05,3.8255e-05,3.8255e-05,20,1,20,20,20,4,1,4,4,4,0,1,0,0,0
12,40,26,1,26,26,26,4.5639e-05,1,4.5639e-05,4.5639e-05,4.5639e-05,24,1,24,24,24,4,1,4,4,4,0,1,0,0,0
12,40,28,1,28,28,28,5.1826e-05,1,5.1826e-05,5.1826e-05,5.1826e-05,28,1,28,28,28,4,1,4,4,4,0,1,0,0,0
12,40,28,1,28,28,28,4.3174e-05,1,4.3174e-05,4.3174e-05,4.3174e-05,20,1,20,20,20,5,1,5,5,5,0,1,0,0,0
12,40,29,1,29,29,29,5.1738e-05,1,5.1738e-05,5.1738e-05,5.1738e-05,28,1,28,28,28,4,1,4,4,4,0,1,0,0,0
12,40,27,1,27,27,27,4.2625e-05,1,4.2625e-05,4.2625e-05,4.2625e-05,19,1,19,19,19,5,1,5,5,5,0,1,0,0,0
12,40,35,1,35,35,35,5.3148e-05,1,5.3148e-05,5.3148e-05,5.3148e-05,25,1,25,25,25,5,1,5,5,5,0,1,0,0,0
12,40,33,1,33,33,33,5.0271e-05,1,5.0271e-05,5.0271e-05,5.0271e-05,22,1,22,22,22,5,1,5,5,5,0,1,0,0,0
12,40,25,1,25,25,25,4.0286e-05,1,4.0286e-05,4.0286e-05,4.0286e-05,18,1,18,18,18,5,1,5,5,5,0,1,0,0,0
12,40,22,1,22,22,22,4.0321e-05,1,4.0321e-05,4.0321e-05,4.0321e-05,21,1,21,21,21,4,1,4,4,4,0,1,0,0,0
12,40,26,1,26,26,26,3.8642e-05,1,3.8642e-05,3.8642e-05,3.8642e-05,16,1,16,16,16,5,1,5,5,5,0,1,0,0,0
12,40,23,1,23,23,23,4.0505e-05,1,4.0505e-05,4.0505e-05,4.0505e-05,23,1,23,23,23,4,1,4,4,4,0,1,0,0,0
12,40,33,1,33,33,33,4.3156e-05,1,4.3156e-05,4.3156e-05,4.3156e-05,15,1,15,15,15,6,1,6,6,6,0,1,0,0,0
12,40,36,1,36,36,36,6.01e-05,1,6.01e-05,6.01e-05,6.01e-05,28,1,28,28,28,5,1,5,5,5,0,1,0,0,0
12,40,26,1,26,26,26,3.9836e-05,1,3.9836e-05,3.9836e-05,3.9836e-05,19,1,19,19,19,5,1,5,5,5,0,1,0,0,0
12,40,24,1,24,24,24,3.6873e-05,1,3.6873e-05,3.6873e-05,3.6873e-05,16,1,16,16,16,5,1,5,5,5,0,1,0,0,0
12,40,22,1,22,22,22,3.8605e-05,1,3.8605e-05,3.8605e-05,3.8605e-05,18,1,18,18,18,4,1,4,4,4,0,1,0,0,0
12,40,24,1,24,24,24,4.2672e-05,1,4.2672e-05,4.2672e-05,4.2672e-05,24,1,24,24,24,4,1,4,4,4,0,1,0,0,0
12,40,26,1,26,26,26,4.3789e-05,1,4.3789e-05,4.3789e-05,4.3789e-05,24,1,24,24,24,4,1,4,4,4,0,1,0,0,0
12,40,27,1,27,27,27,4.5225e-05,1,4.5225e-05,4.5225e-05,4.5225e-05,20,1,20,20,20,5,1,5,5,5,0,1,0,0,0
12,40,32,1,32,32,32,5.3881e-05,1,5.3881e-05,5.3881e-05,5.3881e-05,26,1,26,26,26,5,1,5,5,5,0,1,0,0,0
12,40,25,1,25,25,25,4.1487e-05,1,4.1487e-05,4.1487e-05,4.1487e-05,22,1,22,22,22,4,1,4,4,4,0,1,0,0,0
12,40,28,1,28,28,28,3.9395e-05,1,3.9395e-05,3.9395e-05,3.9395e-05,16,1,16,16,16,5,1,5,5,5,0,1,0,0,0
12,40,30,1,30,30,30,4.3495e-05,1,4.3495e-05,4.3495e-05,4.3495e-05,20,1,20,20,20,5,1,5,5,5,0,1,0,0,0
12,40,26,1,26,26,26,4.5838e-05,1,4.5838e-05,4.5838e-05,4.5838e-05,23,1,23,23,23,4,1,4,4,4,0,1,0,0,0
12,40,24,1,24,24,24,4.1448e-05,1,4.1448e-05,4.1448e-05,4.1448e-05,23,1,23,23,23,4,1,4,4,4,0,1,0,0,0
12,40,30,1,30,30,30,4.131e-05,1,4.131e-05,4.131e-05,4.131e-05,17,1,17,17,17,5,1,5,5,5,0,1,0,0,0
12,40,28,1,28,28,28,4.1737e-05,1,4.1737e-05,4.1737e-05,4.1737e-05,16,1,16,16,16,6,1,6,6,6,0,1,0,0,0
12,40,26,1,26,26,26,4.0883e-05,1,4.0883e-05,4.0883e-05,4.0883e-05,19,1,19,19,19,5,1,5,5,5,0,1,0,0,0
12,40,17,1,17,17,17,3.6873e-05,1,3.6873e-05,3.6873e-05,3.6873e-05,19,1,19,19,19,4,1,4,4,4,0,1,0,0,0
12,40,21,1,21,21,21,4.0232e-05,1,4.0232e-05,4.0232e-05,4.0232e-05,20,1,20,20,20,4,1,4,4,4,0,1,0,0,0
12,40,25,1,25,25,25,4.3814e-05,1,4.3814e-05,4.3814e-05,4.3814e-05,24,1,24,24,24,4,1,4,4,4,0,1,0,0,0
12,40,26,1,26,26,26,3.9051e-05,1,3.9051e-05,3.9051e-05,3.9051e-05,16,1,16,16,16,5,1,5,5,5,0,1,0,0,0
12,40,27,1,27,27,27,3.8458e-05,1,3.8458e-05,3.8458e-05,3.8458e-05,15,1,15,15,15,5,1,5,5,5,0,1,0,0,0
12,40,23,1,23,23,23,4.2402e-05,1,4.2402e-05,4.2402e-05,4.2402e-05,23,1,23,23,23,4,1,4,4,4,0,1,0,0,0
12,40,17,1,17,17,17,3.5072e-05,1,3.5072e-05,3.5072e-05,3.5072e-05,17,1,17,17,17,4,1,4,4,4,0,1,0,0,0
12,40,23,1,23,23,23,3.2558e-05,1,3.2558e-05,3.2558e-05,3.2558e-05,13,1,13,13,13,5,1,5,5,5,0,1,0,0,0
12,40,27,1,27,27,27,3.9961e-05,1,3.9961e-05,3.9961e-05,3.9961e-05,17,1,17,17,17,5,1,5,5,5,0,1,0,0,0
12,40,25,1,25,25,25,3.8516e-05,1,3.8516e-05,3.8516e-05,3.8516e-05,18,1,18,18,18,5,1,5,5,5,0,1,0,0,0
12,40,28,1,28,28,28,4.2752e-05,1,4.2752e-05,4.2752e-05,4.2752e-05,19,1,19,19,19,5,1,5,5,5,0,1,0,0,0
12,40,23,1,23,23,23,4.3842e-05,1,4.3842e-05,4.3842e-05,4.3842e-05,22,1,22,22,22,4,1,4,4,4,0,1,0,0,0
12,40,24,1,24,24,24,3.2687e-05,1,3.2687e-05,3.2687e-05,3.2687e-05,13,1,13,13,13,5,1,5,5,5,0,1,0,0,0
12,40,22,1,22,22,22,3.2982e-05,1,3.2982e-05,3.2982e-05,3.2982e-05,13,1,13,13,13,5,1,5,5,5,0,1,0,0,0
12,40,19,1,19,19,19,3.7476e-05,1,3.7476e-05,3.7476e-05,3.7476e-05,19,1,19,19,19,4,1,4,4,4,0,1,0,0,0
12,40,33,1,33,33,33,4.8051e-05,1,4.8051e-05,4.8051e-05,4.8051e-05,17,1,17,17,17,6,1,6,6,6,0,1,0,0,0
12,40,25,1,25,25,25,4.4861e-05,1,4.4861e-05,4.4861e-05,4.4861e-05,24,1,24,24,24,4,1,4,4,4,0,1,0,0,0
12,40,25,1,25,25,25,4.3437e-05,1,4.3437e-05,4.3437e-05,4.3437e-05,22,1,22,22,22,4,1,4,4,4,0,1,0,0,0
12,40,31,1,31,31,31,4.8606e-05,1,4.8606e-05,4.8606e-05,4.8606e-05,23,1,23,23,23,5,1,5,5,5,0,1,0,0,0
12,40,34,1,34,34,34,5.6085e-05,1,5.6085e-05,5.6085e-05,5.6085e-05,24,1,24,24,24,5,1,5,5,5,0,1,0,0,0
12,40,28,1,28,28,28,3.6495e-05,1,3.6495e-05,3.6495e-05,3.6495e-05,13,1,13,13,13,6,1,6,6,6,0,1,0,0,0
12,40,31,1,31,31,31,4.7627e-05,1,4.7627e-05,4.7627e-05,4.7627e-05,23,1,23,23,23,5,1,5,5,5,0,1,0,0,0
12,40,21,1,21,21,21,3.9548e-05,1,3.9548e-05,3.9548e-05,3.9548e-05,20,1,20,20,20,4,1,4,4,4,0,1,0,0,0
12,40,26,1,26,26,26,4.4896e-05,1,4.4896e-05,4.4896e-05,4.4896e-05,25,1,25,25,25,4,1,4,4,4,0,1,0,0,0
12,40,28,1,28,28,28,4.2001e-05,1,4.2001e-05,4.2001e-05,4.2001e-05,17,1,17,17,17,5,1,5,5,5,0,1,0,0,0
12,40,31,1,31,31,31,4.3276e-05,1,4.3276e-05,4.3276e-05,4.3276e-05,17,1,17,17,17,6,1,6,6,6,0,1,0,0,0
12,40,23,1,23,23,23,4.1588e-05,1,4.1588e-05,4.1588e-05,4.1588e-05,21,1,21,21,21,4,1,4,4,4,0,1,0,0,0
12,40,21,1,21,21,21,3.5072e-05,1,3.5072e-05,3.5072e-05,3.5072e-05,18,1,18,18,18,4,1,4,4,4,0,1,0,0,0
12,40,27,1,27,27,27,4.1877e-05,1,4.1877e-05,4.1877e-05,4.1877e-05,18,1,18,18,18,5,1,5,5,5,0,1,0,0,0
12,40,22,1,22,22,22,3.7322e-05,1,3.7322e-05,3.7322e-05,3.7322e-05,18,1,18,18,18,4,1,4,4,4,0,1,0,0,0
12,40,24,1,24,24,24,4.2808e-05,1,4.2808e-05,4.2808e-05,4.2808e-05,23,1,23,23,23,4,1,4,4,4,0,1,0,0,0
12,40,22,1,22,22,22,4.0385e-05,1,4.0385e-05,4.0385e-05,4.0385e-05,21,1,21,21,21,4,1,4,4,4,0,1,0,0,0
12,40,19,1,19,19,19,3.4632e-05,1,3.4632e-05,3.4632e-05,3.4632e-05,16,1,16,16,16,4,1,4,4,4,0,1,0,0,0
12,40,30,1,30,30,30,5.4648e-05,1,5.4648e-05,5.4648e-05,5.4648e-05,31,1,31,31,31,4,1,4,4,4,0,1,0,0,0
12,40,19,1,19,19,19,3.163e-05,1,3.163e-05,3.163e-05,3.163e-05,13,1,13,13,13,5,1,5,5,5,0,1,0,0,0
12,40,21,1,21,21,21,3.9509e-05,1,3.9509e-05,3.9509e-05,3.9509e-05,20,1,20,20,20,4,1,4,4,4,0,1,0,0,0
12,40,33,1,33,33,33,5.0738e-05,1,5.0738e-05,5.0738e-05,5.0738e-05,23,1,23,23,23,5,1,5,5,5,0,1,0,0,0
12,40,23,1,23,23,23,3.5122e-05,1,3.5122e-05,3.5122e-05,3.5122e-05,15,1,15,15,15,5,1,5,5,5,0,1,0,0,0
12,40,28,1,28,28,28,4.0162e-05,1,4.0162e-05,4.0162e-05,4.0162e-05,18,1,18,18,18,5,1,5,5,5,0,1,0,0,0
12,40,28,1,28,28,28,4.9316e-05,1,4.9316e-05,4.9316e-05,4.9316e-05,26,1,26,26,26,5,1,5,5,5,0,1,0,0,0
12,40,22,1,22,22,22,4.1544e-05,1,4.1544e-05,4.1544e-05,4.1544e-05,22,1,22,22,22,4,1,4,4,4,0,1,0,0,0
12,40,29,1,29,29,29,4.9785e-05,1,4.9785e-05,4.9785e-05,4.9785e-05,24,1,24,24,24,5,1,5,5,5,0,1,0,0,0
12,40,28,1,28,28,28,4.1189e-05,1,4.1189e-05,4.1189e-05,4.1189e-05,19,1,19,19,19,5,1,5,5,5,0,1,0,0,0
12,40,26,1,26,26,26,4.1665e-05,1,4.1665e-05,4.1665e-05,4.1665e-05,19,1,19,19,19,5,1,5,5,5,0,1,0,0,0
12,40,24,1,24,24,24,4.4102e-05,1,4.4102e-05,4.4102e-05,4.4102e-05,23,1,23,23,23,4,1,4,4,4,0,1,0,0,0
12,40,24,1,24,24,24,3.3056e-05,1,3.3056e-05,3.3056e-05,3.3056e-05,13,1,13,13,13,5,1,5,5,5,0,1,0,0,0
12,40,26,1,26,26,26,3.9813e-05,1,3.9813e-05,3.9813e-05,3.9813e-05,18,1,18,18,18,5,1,5,5,5,0,1,0,0,0
12,40,35,1,35,35,35,5.1265e-05,1,5.1265e-05,5.1265e-05,5.1265e-05,23,1,23,23,23,5,1,5,5,5,0,1,0,0,0
12,40,25,1,25,25,25,3.6897e-05,1,3.6897e-05,3.6897e-05,3.6897e-05,15,1,15,15,15,5,1,5,5,5,0,1,0,0,0
12,40,22,1,22,22,22,4.0068e-05,1,4.0068e-05,4.0068e-05,4.0068e-05,21,1,21,21,21,4,1,4,4,4,0,1,0,0,0
12,40,27,1,27,27,27,3.8212e-05,1,3.8212e-05,3.8212e-05,3.8212e-05,16,1,16,16,16,5,1,5,5,5,0,1,0,0,0
12,40,31,1,31,31,31,4.8697e-05,1,4.8697e-05,4.8697e-05,4.8697e-05,20,1,20,20,20,5,1,5,5,5,0,1,0,0,0
12,40,30,1,30,30,30,4.4732e-05,1,4.4732e-05,4.4732e-05,4.4732e-05,20,1,20,20,20,5,1,5,5,5,0,1,0,0,0
12,40,23,1,23,23,23,3.9366e-05,1,3.9366e-05,3.9366e-05,3.9366e-05,20,1,20,20,20,4,1,4,4,4,0,1,0,0,0
12,40,21,1,21,21,21,3.1858e-05,1,3.1858e-05,3.1858e-05,3.1858e-05,13,1,13,13,13,5,1,5,5,5,0,1,0,0,0
12,40,34,1,34,34,34,5.0744e-05,1,5.0744e-05,5.0744e-05,5.0744e-05,21,1,21,21,21,6,1,6,6,6,0,1,0,0,0
12,40,29,1,29,29,29,4.9636e-05,1,4.9636e-05,4.9636e-05,4.9636e-05,22,1,22,22,22,5,1,5,5,5,0,1,0,0,0
12,40,21,1,21,21,21,4.1388e-05,1,4.1388e-05,4.1388e-05,4.1388e-05,22,1,22,22,22,4,1,4,4,4,0,1,0,0,0
12,40,23,1,23,23,23,3.9578e-05,1,3.9578e-05,3.9578e-05,3.9578e-05,19,1,19,19,19,5,1,5,5,5,0,1,0,0,0
12,40,27,1,27,27,27,3.4324e-05,1,3.4324e-05,3.4324e-05,3.4324e-05,13,1,13,13,13,5,1,5,5,5,0,1,0,0,0
12,40,28,1,28,28,28,4.9735e-05,1,4.9735e-05,4.9735e-05,4.9735e-05,25,1,25,25,25,5,1,5,5,5,0,1,0,0,0
12,40,32,1,32,32,32,4.9845e-05,1,4.9845e-05,4.9845e-05,4.9845e-05,23,1,23,23,23,5,1,5,5,5,0,1,0,0,0
12,40,16,1,16,16,16,3.3157e-05,1,3.3157e-05,3.3157e-05,3.3157e-05,15,1,15,15,15,4,1,4,4,4,0,1,0,0,0
12,40,32,1,32,32,32,4.9716e-05,1,4.9716e-05,4.9716e-05,4.9716e-05,22,1,22,22,22,5,1,5,5,5,0,1,0,0,0
12,40,31,1,31,31,31,4.4704e-05,1,4.4704e-05,4.4704e-05,4.4704e-05,19,1,19,19,19,5,1,5,5,5,0,1,0,0,0
12,40,22,1,22,22,22,3.7397e-05,1,3.7397e-05,3.7397e-05,3.7397e-05,16,1,16,16,16,5,1,5,5,5,0,1,0,0,0
12,40,22,1,22,22,22,4.1212e-05,1,4.1212e-05,4.1212e-05,4.1212e-05,22,1,22,22,22,4,1,4,4,4,0,1,0,0,0
12,40,34,1,34,34,34,5.1096e-05,1,5.1096e-05,5.1096e-05,5.1096e-05,24,1,24,24,24,5,1,5,5,5,0,1,0,0,0
12,40,31,1,31,31,31,3.5667e-05,1,3.5667e-05,3.5667e-05,3.5667e-05,13,1,13,13,13,6,1,6,6,6,0,1,0,0,0
12,40,18,1,18,18,18,3.5425e-05,1,3.5425e-05,3.5425e-05,3.5425e-05,18,1,18,18,18,4,1,4,4,4,0,1,0,0,0
12,40,29,1,29,29,29,3.9023e-05,1,3.9023e-05,3.9023e-05,3.9023e-05,16,1,16,16,16,5,1,5,5,5,0,1,0,0,0
12,40,24,1,24,24,24,3.8689e-05,1,3.8689e-05,3.8689e-05,3.8689e-05,18,1,18,18,18,4,1,4,4,4,0,1,0,0,0
12,40,32,1,32,32,32,5.1364e-05,1,5.1364e-05,5.1364e-05,5.1364e-05,23,1,23,23,23,5,1,5,5,5,0,1,0,0,0
12,40,26,1,26,26,26,3.9359e-05,1,3.9359e-05,3.9359e-05,3.9359e-05,18,1,18,18,18,5,1,5,5,5,0,1,0,0,0
12,40,25,1,25,25,25,4.3409e-05,1,4.3409e-05,4.3409e-05,4.3409e-05,20,1,20,20,20,5,1,5,5,5,0,1,0,0,0
12,40,23,1,23,23,23,4.0925e-05,1,4.0925e-05,4.0925e-05,4.0925e-05,21,1,21,21,21,4,1,4,4,4,0,1,0,0,0
12,40,35,1,35,35,35,4.9232e-05,1,4.9232e-05,4.9232e-05,4.9232e-05,18,1,18,18,18,6,1,6,6,6,0,1,0,0,0
12,40,26,1,26,26,26,3.8648e-05,1,3.8648e-05,3.8648e-05,3.8648e-05,16,1,16,16,16,5,1,5,5,5,0,1,0,0,0
12,40,27,1,27,27,27,6.8633e-05,1,6.8633e-05,6.8633e-05,6.8633e-05,18,1,18,18,18,5,1,5,5,5,0,1,0,0,0
12,40,29,1,29,29,29,5.2066e-05,1,5.2066e-05,5.2066e-05,5.2066e-05,26,1,26,26,26,4,1,4,4,4,0,1,0,0,0
12,40,28,1,28,28,28,4.0548e-05,1,4.0548e-05,4.0548e-05,4.0548e-05,18,1,18,18,18,5,1,5,5,5,0,1,0,0,0
12,40,24,1,24,24,24,3.3806e-05,1,3.3806e-05,3.3806e-05,3.3806e-05,13,1,13,13,13,5,1,5,5,5,0,1,0,0,0
12,40,30,1,30,30,30,4.4279e-05,1,4.4279e-05,4.4279e-05,4.4279e-05,20,1,20,20,20,5,1,5,5,5,0,1,0,0,0
12,40,23,1,23,23,23,3.9284e-05,1,3.9284e-05,3.9284e-05,3.9284e-05,20,1,20,20,20,4,1,4,4,4,0,1,0,0,0
12,40,20,1,20,20,20,3.3635e-05,1,3.3635e-05,3.3635e-05,3.3635e-05,16,1,16,16,16,4,1,4,4,4,0,1,0,0,0
12,40,28,1,28,28,28,4.2435e-05,1,4.2435e-05,4.2435e-05,4.2435e-05,18,1,18,18,18,5,1,5,5,5,0,1,0,0,0
12,40,22,1,22,22,22,4.0634e-05,1,4.0634e-05,4.0634e-05,4.0634e-05,21,1,21,21,21,4,1,4,4,4,0,1,0,0,0
12,40,23,1,23,23,23,4.335e-05,1,4.335e-05,4.335e-05,4.335e-05,25,1,25,25,25,4,1,4,4,4,0,1,0,0,0
12,40,23,1,23,23,23,4.0348e-05,1,4.0348e-05,4.0348e-05,4.0348e-05,21,1,21,21,21,4,1,4,4,4,0,1,0,0,0
12,40,29,1,29,29,29,4.4512e-05,1,4.4512e-05,4.4512e-05,4.4512e-05,19,1,19,19,19,5,1,5,5,5,0,1,0,0,0
12,40,28,1,28,28,28,4.3171e-05,1,4.3171e-05,4.3171e-05,4.3171e-05,19,1,19,19,19,5,1,5,5,5,0,1,0,0,0
12,40,29,1,29,29,29,4.3232e-05,1,4.3232e-05,4.3232e-05,4.3232e-05,19,1,19,19,19,5,1,5,5,5,0,1,0,0,0
12,40,24,1,24,24,24,4.4759e-05,1,4.4759e-05,4.4759e-05,4.4759e-05,23,1,23,23,23,4,1,4,4,4,0,1,0,0,0
12,40,26,1,26,26,26,5.1619e-05,1,5.1619e-05,5.1619e-05,5.1619e-05,29,1,29,29,29,4,1,4,4,4,0,1,0,0,0
12,40,30,1,30,30,30,4.2083e-05,1,4.2083e-05,4.2083e-05,4.2083e-05,17,1,17,17,17,5,1,5,5,5,0,1,0,0,0
12,40,21,1,21,21,21,3.8149e-05,1,3.8149e-05,3.8149e-05,3.8149e-05,19,1,19,19,19,4,1,4,4,4,0,1,0,0,0
12,40,27,1,27,27,27,4.1913e-05,1,4.1913e-05,4.1913e-05,4.1913e-05,17,1,17,17,17,5,1,5,5,5,0,1,0,0,0
12,40,24,1,24,24,24,3.8874e-05,1,3.8874e-05,3.8874e-05,3.8874e-05,16,1,16,16,16,5,1,5,5,5,0,1,0,0,0
12,40,27,1,27,27,27,5.0401e-05,1,5.0401e-05,5.0401e-05,5.0401e-05,28,1,28,28,28,4,1,4,4,4,0,1,0,0,0
12,40,24,1,24,24,24,4.3126e-05,1,4.3126e-05,4.3126e-05,4.3126e-05,23,1,23,23,23,4,1,4,4,4,0,1,0,0,0
12,40,25,1,25,25,25,3.7436e-05,1,3.7436e-05,3.7436e-05,3.7436e-05,15,1,15,15,15,5,1,5,5,5,0,1,0,0,0
12,40,30,1,30,30,30,4.9869e-05,1,4.9869e-05,4.9869e-05,4.9869e-05,23,1,23,23,23,5,1,5,5,5,0,1,0,0,0
12,40,25,1,25,25,25,4.3112e-05,1,4.3112e-05,4.3112e-05,4.3112e-05,21,1,21,21,21,4,1,4,4,4,0,1,0,0,0
12,40,20,1,20,20,20,3.3979e-05,1,3.3979e-05,3.3979e-05,3.3979e-05,16,1,16,16,16,4,1,4,4,4,0,1,0,0,0
12,40,21,1,21,21,21,3.667e-05,1,3.667e-05,3.667e-05,3.667e-05,16,1,16,16,16,5,1,5,5,5,0,1,0,0,0
12,40,22,1,22,22,22,4.09e-05,1,4.09e-05,4.09e-05,4.09e-05,21,1,21,21,21,4,1,4,4,4,0,1,0,0,0
12,40,27,1,27,27,27,4.0015e-05,1,4.0015e-05,4.0015e-05,4.0015e-05,16,1,16,16,16,5,1,5,5,5,0,1,0,0,0
12,40,27,1,27,27,27,3.5798e-05,1,3.5798e-05,3.5798e-05,3.5798e-05,13,1,13,13,13,5,1,5,5,5,0,1,0,0,0
12,40,16,1,16,16,16,3.3416e-05,1,3.3416e-05,3.3416e-05,3.3416e-05,18,1,18,18,18,4,1,4,4,4,0,1,0,0,0
12,40,26,1,26,26,26,5.1198e-05,1,5.1198e-05,5.1198e-05,5.1198e-05,28,1,28,28,28,4,1,4,4,4,0,1,0,0,0
12,40,27,1,27,27,27,4.8841e-05,1,4.8841e-05,4.8841e-05,4.8841e-05,25,1,25,25,25,4,1,4,4,4,0,1,0,0,0
12,40,23,1,23,23,23,4.2808e-05,1,4.2808e-05,4.2808e-05,4.2808e-05,21,1,21,21,21,4,1,4,4,4,0,1,0,0,0
12,40,31,1,31,31,31,4.0539e-05,1,4.0539e-05,4.0539e-05,4.0539e-05,17,1,17,17,17,5,1,5,5,5,0,1,0,0,0
12,40,30,1,30,30,30,5.2581e-05,1,5.2581e-05,5.2581e-05,5.2581e-05,28,1,28,28,28,5,1,5,5,5,0,1,0,0,0
12,40,29,1,29,29,29,4.3816e-05,1,4.3816e-05,4.3816e-05,4.3816e-05,18,1,18,18,18,5,1,5,5,5,0,1,0,0,0
12,40,28,1,28,28,28,3.8075e-05,1,3.8075e-05,3.8075e-05,3.8075e-05,15,1,15,15,15,5,1,5,5,5,0,1,0,0,0
12,40,26,1,26,26,26,3.6388e-05,1,3.6388e-05,3.6388e-05,3.6388e-05,15,1,15,15,15,5,1,5,5,5,0,1,0,0,0
12,40,29,1,29,29,29,4.4846e-05,1,4.4846e-05,4.4846e-05,4.4846e-05,21,1,21,21,21,5,1,5,5,5,0,1,0,0,0
12,40,31,1,31,31,31,4.7109e-05,1,4.7109e-05,4.7109e-05,4.7109e-05,20,1,20,20,20,5,1,5,5,5,0,1,0,0,0
12,40,19,1,19,19,19,3.8543e-05,1,3.8543e-05,3.8543e-05,3.8543e-05,22,1,22,22,22,4,1,4,4,4,0,1,0,0,0
12,40,29,1,29,29,29,4.7346e-05,1,4.7346e-05,4.7346e-05,4.7346e-05,19,1,19,19,19,5,1,5,5,5,0,1,0,0,0
12,40,29,1,29,29,29,4.793e-05,1,4.793e-05,4.793e-05,4.793e-05,21,1,21,21,21,5,1,5,5,5,0,1,0,0,0
12,40,26,1,26,26,26,4.5958e-05,1,4.5958e-05,4.5958e-05,4.5958e-05,24,1,24,24,24,4,1,4,4,4,0,1,0,0,0
12,40,27,1,27,27,27,8.1864e-05,1,8.1864e-05,8.1864e-05,8.1864e-05,26,1,26,26,26,4,1,4,4,4,0,1,0,0,0
12,40,25,1,25,25,25,3.4987e-05,1,3.4987e-05,3.4987e-05,3.4987e-05,13,1,13,13,13,5,1,5,5,5,0,1,0,0,0
12,40,23,1,23,23,23,4.1476e-05,1,4.1476e-05,4.1476e-05,4.1476e-05,18,1,18,18,18,4,1,4,4,4,0,1,0,0,0
12,40,23,1,23,23,23,4.5104e-05,1,4.5104e-05,4.5104e-05,4.5104e-05,19,1,19,19,19,5,1,5,5,5,0,1,0,0,0
12,40,26,1,26,26,26,6.5836e-05,1,6.5836e-05,6.5836e-05,6.5836e-05,15,1,15,15,15,5,1,5,5,5,0,1,0,0,0
12,40,24,1,24,24,24,4.6012e-05,1,4.6012e-05,4.6012e-05,4.6012e-05,24,1,24,24,24,4,1,4,4,4,0,1,0,0,0
12,40,22,1,22,22,22,4.0902e-05,1,4.0902e-05,4.0902e-05,4.0902e-05,22,1,22,22,22,4,1,4,4,4,0,1,0,0,0
12,40,26,1,26,26,26,3.8298e-05,1,3.8298e-05,3.8298e-05,3.8298e-05,16,1,16,16,16,5,1,5,5,5,0,1,0,0,0
12,40,25,1,25,25,25,4.7129e-05,1,4.7129e-05,4.7129e-05,4.7129e-05,23,1,23,23,23,4,1,4,4,4,0,1,0,0,0
12,40,26,1,26,26,26,6.8183e-05,1,6.8183e-05,6.8183e-05,6.8183e-05,23,1,23,23,23,4,1,4,4,4,0,1,0,0,0
12,40,28,1,28,28,28,9.1428e-05,1,9.1428e-05,9.1428e-05,9.1428e-05,15,1,15,15,15,5,1,5,5,5,0,1,0,0,0
12,40,31,1,31,31,31,4.281e-05,1,4.281e-05,4.281e-05,4.281e-05,15,1,15,15,15,6,1,6,6,6,0,1,0,0,0
12,40,25,1,25,25,25,3.8078e-05,1,3.8078e-05,3.8078e-05,3.8078e-05,16,1,16,16,16,5,1,5,5,5,0,1,0,0,0
12,40,29,1,29,29,29,5.1575e-05,1,5.1575e-05,5.1575e-05,5.1575e-05,30,1,30,30,30,4,1,4,4,4,0,1,0,0,0
12,40,17,1,17,17,17,3.4789e-05,1,3.4789e-05,3.4789e-05,3.4789e-05,13,1,13,13,13,4,1,4,4,4,0,1,0,0,0
12,40,26,1,26,26,26,4.7749e-05,1,4.7749e-05,4.7749e-05,4.7749e-05,23,1,23,23,23,5,1,5,5,5,0,1,0,0,0
12,40,30,1,30,30,30,4.2868e-05,1,4.2868e-05,4.2868e-05,4.2868e-05,18,1,18,18,18,5,1,5,5,5,0,1,0,0,0
12,40,31,1,31,31,31,5.3167e-05,1,5.3167e-05,5.3167e-05,5.3167e-05,26,1,26,26,26,5,1,5,5,5,0,1,0,0,0
12,40,30,1,30,30,30,4.6912e-05,1,4.6912e-05,4.6912e-05,4.6912e-05,22,1,22,22,22,5,1,5,5,5,0,1,0,0,0
12,40,23,1,23,23,23,4.3676e-05,1,4.3676e-05,4.3676e-05,4.3676e-05,21,1,21,21,21,4,1,4,4,4,0,1,0,0,0
12,40,23,1,23,23,23,5.7734e-05,1,5.7734e-05,5.7734e-05,5.7734e-05,21,1,21,21,21,4,1,4,4,4,0,1,0,0,0
12,40,32,1,32,32,32,5.128e-05,1,5.128e-05,5.128e-05,5.128e-05,24,1,24,24,24,5,1,5,5,5,0,1,0,0,0
12,40,31,1,31,31,31,4.9883e-05,1,4.9883e-05,4.9883e-05,4.9883e-05,20,1,20,20,20,5,1,5,5,5,0,1,0,0,0
12,40,26,1,26,26,26,4.2411e-05,1,4.2411e-05,4.2411e-05,4.2411e-05,18,1,18,18,18,5,1,5,5,5,0,1,0,0,0
12,40,24,1,24,24,24,4.4553e-05,1,4.4553e-05,4.4553e-05,4.4553e-05,22,1,22,22,22,4,1,4,4,4,0,1,0,0,0
12,40,25,1,25,25,25,4.0627e-05,1,4.0627e-05,4.0627e-05,4.0627e-05,17,1,17,17,17,5,1,5,5,5,0,1,0,0,0
12,40,20,1,20,20,20,3.7594e-05,1,3.7594e-05,3.7594e-05,3.7594e-05,17,1,17,17,17,4,1,4,4,4,0,1,0,0,0
12,40,23,1,23,23,23,4.2381e-05,1,4.2381e-05,4.2381e-05,4.2381e-05,23,1,23,23,23,4,1,4,4,4,0,1,0,0,0
12,40,31,1,31,31,31,4.4952e-05,1,4.4952e-05,4.4952e-05,4.4952e-05,18,1,18,18,18,5,1,5,5,5,0,1,0,0,0
12,40,19,1,19,19,19,3.6328e-05,1,3.6328e-05,3.6328e-05,3.6328e-05,17,1,17,17,17,4,1,4,4,4,0,1,0,0,0
12,40,23,1,23,23,23,4.4277e-05,1,4.4277e-05,4.4277e-05,4.4277e-05,21,1,21,21,21,4,1,4,4,4,0,1,0,0,0
12,40,27,1,27,27,27,4.9732e-05,1,4.9732e-05,4.9732e-05,4.9732e-05,29,1,29,29,29,4,1,4,4,4,0,1,0,0,0
12,40,34,1,34,34,34,5.3527e-05,1,5.3527e-05,5.3527e-05,5.3527e-05,27,1,27,27,27,5,1,5,5,5,0,1,0,0,0
12,40,29,1,29,29,29,4.4892e-05,1,4.4892e-05,4.4892e-05,4.4892e-05,19,1,19,19,19,5,1,5,5,5,0,1,0,0,0
12,40,29,1,29,29,29,5.2143e-05,1,5.2143e-05,5.2143e-05,5.2143e-05,28,1,28,28,28,4,1,4,4,4,0,1,0,0,0
12,40,28,1,28,28,28,5.0798e-05,1,5.0798e-05,5.0798e-05,5.0798e-05,26,1,26,26,26,4,1,4,4,4,0,1,0,0,0
12,40,22,1,22,22,22,7.8229e-05,1,7.8229e-05,7.8229e-05,7.8229e-05,20,1,20,20,20,4,1,4,4,4,0,1,0,0,0
12,40,25,1,25,25,25,3.8946e-05,1,3.8946e-05,3.8946e-05,3.8946e-05,16,1,16,16,16,5,1,5,5,5,0,1,0,0,0
12,40,24,1,24,24,24,3.9076e-05,1,3.9076e-05,3.9076e-05,3.9076e-05,16,1,16,16,16,5,1,5,5,5,0,1,0,0,0
12,40,19,1,19,19,19,3.7492e-05,1,3.7492e-05,3.7492e-05,3.7492e-05,19,1,19,19,19,4,1,4,4,4,0,1,0,0,0
12,40,21,1,21,21,21,4.1169e-05,1,4.1169e-05,4.1169e-05,4.1169e-05,21,1,21,21,21,4,1,4,4,4,0,1,0,0,0
12,40,22,1,22,22,22,4.0376e-05,1,4.0376e-05,4.0376e-05,4.0376e-05,17,1,17,17,17,5,1,5,5,5,0,1,0,0,0
12,40,26,1,26,26,26,4.0339e-05,1,4.0339e-05,4.0339e-05,4.0339e-05,15,1,15,15,15,5,1,5,5,5,0,1,0,0,0
12,40,33,1,33,33,33,5.8821e-05,1,5.8821e-05,5.8821e-05,5.8821e-05,27,1,27,27,27,5,1,5,5,5,0,1,0,0,0
12,40,28,1,28,28,28,4.2303e-05,1,4.2303e-05,4.2303e-05,4.2303e-05,18,1,18,18,18,5,1,5,5,5,0,1,0,0,0
12,40,22,1,22,22,22,4.2208e-05,1,4.2208e-05,4.2208e-05,4.2208e-05,22,1,22,22,22,4,1,4,4,4,0,1,0,0,0
12,40,26,1,26,26,26,4.2489e-05,1,4.2489e-05,4.2489e-05,4.2489e-05,18,1,18,18,18,5,1,5,5,5,0,1,0,0,0
12,40,31,1,31,31,31,6.1718e-05,1,6.1718e-05,6.1718e-05,6.1718e-05,32,1,32,32,32,5,1,5,5,5,0,1,0,0,0
12,40,26,1,26,26,26,3.9995e-05,1,3.9995e-05,3.9995e-05,3.9995e-05,16,1,16,16,16,5,1,5,5,5,0,1,0,0,0
12,40,36,1,36,36,36,4.5349e-05,1,4.5349e-05,4.5349e-05,4.5349e-05,16,1,16,16,16,6,1,6,6,6,0,1,0,0,0
12,40,24,1,24,24,24,4.4797e-05,1,4.4797e-05,4.4797e-05,4.4797e-05,25,1,25,25,25,4,1,4,4,4,0,1,0,0,0
12,40,27,1,27,27,27,4.3422e-05,1,4.3422e-05,4.3422e-05,4.3422e-05,19,1,19,19,19,5,1,5,5,5,0,1,0,0,0
12,40,24,1,24,24,24,4.2943e-05,1,4.2943e-05,4.2943e-05,4.2943e-05,21,1,21,21,21,4,1,4,4,4,0,1,0,0,0
12,40,30,1,30,30,30,3.9892e-05,1,3.9892e-05,3.9892e-05,3.9892e-05,17,1,17,17,17,5,1,5,5,5,0,1,0,0,0
12,40,32,1,32,32,32,5.2632e-05,1,5.2632e-05,5.2632e-05,5.2632e-05,23,1,23,23,23,5,1,5,5,5,0,1,0,0,0
12,40,33,1,33,33,33,5.8616e-05,1,5.8616e-05,5.8616e-05,5.8616e-05,27,1,27,27,27,5,1,5,5,5,0,1,0,0,0
12,40,29,1,29,29,29,4.8209e-05,1,4.8209e-05,4.8209e-05,4.8209e-05,22,1,22,22,22,5,1,5,5,5,0,1,0,0,0
12,40,18,1,18,18,18,3.946e-05,1,3.946e-05,3.946e-05,3.946e-05,19,1,19,19,19,4,1,4,4,4,0,1,0,0,0
12,40,25,1,25,25,25,4.1513e-05,1,4.1513e-05,4.1513e-05,4.1513e-05,18,1,18,18,18,5,1,5,5,5,0,1,0,0,0
12,40,24,1,24,24,24,3.9938e-05,1,3.9938e-05,3.9938e-05,3.9938e-05,17,1,17,17,17,5,1,5,5,5,0,1,0,0,0
12,40,31,1,31,31,31,5.193e-05,1,5.193e-05,5.193e-05,5.193e-05,23,1,23,23,23,5,1,5,5,5,0,1,0,0,0
12,40,25,1,25,25,25,3.3819e-05,1,3.3819e-05,3.3819e-05,3.3819e-05,13,1,13,13,13,5,1,5,5,5,0,1,0,0,0
12,40,30,1,30,30,30,4.6361e-05,1,4.6361e-05,4.6361e-05,4.6361e-05,20,1,20,20,20,5,1,5,5,5,0,1,0,0,0
12,40,30,1,30,30,30,5.4306e-05,1,5.4306e-05,5.4306e-05,5.4306e-05,29,1,29,29,29,4,1,4,4,4,0,1,0,0,0
12,40,25,1,25,25,25,3.874e-05,1,3.874e-05,3.874e-05,3.874e-05,17,1,17,17,17,5,1,5,5,5,0,1,0,0,0
12,40,27,1,27,27,27,5.135e-05,1,5.135e-05,5.135e-05,5.135e-05,30,1,30,30,30,4,1,4,4,4,0,1,0,0,0
12,40,32,1,32,32,32,5.3638e-05,1,5.3638e-05,5.3638e-05,5.3638e-05,23,1,23,23,23,5,1,5,5,5,0,1,0,0,0
12,40,22,1,22,22,22,3.8232e-05,1,3.8232e-05,3.8232e-05,3.8232e-05,19,1,19,19,19,4,1,4,4,4,0,1,0,0,0
12,40,27,1,27,27,27,4.2404e-05,1,4.2404e-05,4.2404e-05,4.2404e-05,18,1,18,18,18,5,1,5,5,5,0,1,0,0,0
12,40,31,1,31,31,31,4.735e-05,1,4.735e-05,4.735e-05,4.735e-05,20,1,20,20,20,5,1,5,5,5,0,1,0,0,0
12,40,26,1,26,26,26,4.9742e-05,1,4.9742e-05,4.9742e-05,4.9742e-05,26,1,26,26,26,4,1,4,4,4,0,1,0,0,0
12,40,28,1,28,28,28,5.4166e-05,1,5.4166e-05,5.4166e-05,5.4166e-05,28,1,28,28,28,4,1,4,4,4,0,1,0,0,0
12,40,22,1,22,22,22,3.7363e-05,1,3.7363e-05,3.7363e-05,3.7363e-05,15,1,15,15,15,5,1,5,5,5,0,1,0,0,0
12,40,23,1,23,23,23,3.7552e-05,1,3.7552e-05,3.7552e-05,3.7552e-05,16,1,16,16,16,5,1,5,5,5,0,1,0,0,0
12,40,30,1,30,30,30,4.7294e-05,1,4.7294e-05,4.7294e-05,4.7294e-05,21,1,21,21,21,5,1,5,5,5,0,1,0,0,0
12,40,29,1,29,29,29,4.9141e-05,1,4.9141e-05,4.9141e-05,4.9141e-05,22,1,22,22,22,5,1,5,5,5,0,1,0,0,0
12,40,22,1,22,22,22,4.0056e-05,1,4.0056e-05,4.0056e-05,4.0056e-05,20,1,20,20,20,4,1,4,4,4,0,1,0,0,0
12,40,28,1,28,28,28,4.4914e-05,1,4.4914e-05,4.4914e-05,4.4914e-05,20,1,20,20,20,5,1,5,5,5,0,1,0,0,0
12,40,24,1,24,24,24,5.7677e-05,1,5.7677e-05,5.7677e-05,5.7677e-05,18,1,18,18,18,5,1,5,5,5,0,1,0,0,0
12,40,30,1,30,30,30,4.7182e-05,1,4.7182e-05,4.7182e-05,4.7182e-05,20,1,20,20,20,5,1,5,5,5,0,1,0,0,0
12,40,24,1,24,24,24,4.1469e-05,1,4.1469e-05,4.1469e-05,4.1469e-05,19,1,19,19,19,5,1,5,5,5,0,1,0,0,0
12,40,29,1,29,29,29,4.7504e-05,1,4.7504e-05,4.7504e-05,4.7504e-05,20,1,20,20,20,5,1,5,5,5,0,1,0,0,0
12,40,19,1,19,19,19,3.3033e-05,1,3.3033e-05,3.3033e-05,3.3033e-05,13,1,13,13,13,5,1,5,5,5,0,1,0,0,0
12,40,31,1,31,31,31,4.8189e-05,1,4.8189e-05,4.8189e-05,4.8189e-05,21,1,21,21,21,5,1,5,5,5,0,1,0,0,0
12,40,31,1,31,31,31,5.809e-05,1,5.809e-05,5.809e-05,5.809e-05,31,1,31,31,31,4,1,4,4,4,0,1,0,0,0
12,40,25,1,25,25,25,4.2457e-05,1,4.2457e-05,4.2457e-05,4.2457e-05,19,1,19,19,19,5,1,5,5,5,0,1,0,0,0
12,40,19,1,19,19,19,3.7847e-05,1,3.7847e-05,3.7847e-05,3.7847e-05,19,1,19,19,19,4,1,4,4,4,0,1,0,0,0
12,40,28,1,28,28,28,5.2391e-05,1,5.2391e-05,5.2391e-05,5.2391e-05,24,1,24,24,24,5,1,5,5,5,0,1,0,0,0
12,40,18,1,18,18,18,3.3182e-05,1,3.3182e-05,3.3182e-05,3.3182e-05,15,1,15,15,15,4,1,4,4,4,0,1,0,0,0
12,40,31,1,31,31,31,5.4838e-05,1,5.4838e-05,5.4838e-05,5.4838e-05,29,1,29,29,29,4,1,4,4,4,0,1,0,0,0
12,40,24,1,24,24,24,4.7127e-05,1,4.7127e-05,4.7127e-05,4.7127e-05,23,1,23,23,23,4,1,4,4,4,0,1,0,0,0
12,40,28,1,28,28,28,3.6011e-05,1,3.6011e-05,3.6011e-05,3.6011e-05,13,1,13,13,13,6,1,6,6,6,0,1,0,0,0
12,40,24,1,24,24,24,4.3313e-05,1,4.3313e-05,4.3313e-05,4.3313e-05,21,1,21,21,21,4,1,4,4,4,0,1,0,0,0
12,40,29,1,29,29,29,4.6485e-05,1,4.6485e-05,4.6485e-05,4.6485e-05,20,1,20,20,20,5,1,5,5,5,0,1,0,0,0
12,40,25,1,25,25,25,4.9452e-05,1,4.9452e-05,4.9452e-05,4.9452e-05,26,1,26,26,26,4,1,4,4,4,0,1,0,0,0
12,40,29,1,29,29,29,4.5486e-05,1,4.5486e-05,4.5486e-05,4.5486e-05,20,1,20,20,20,5,1,5,5,5,0,1,0,0,0
12,40,21,1,21,21,21,3.7102e-05,1,3.7102e-05,3.7102e-05,3.7102e-05,18,1,18,18,18,4,1,4,4,4,0,1,0,0,0
12,40,29,1,29,29,29,4.8528e-05,1,4.8528e-05,4.8528e-05,4.8528e-05,24,1,24,24,24,5,1,5,5,5,0,1,0,0,0
12,40,22,1,22,22,22,3.6522e-05,1,3.6522e-05,3.6522e-05,3.6522e-05,16,1,16,16,16,5,1,5,5,5,0,1,0,0,0
12,40,28,1,28,28,28,4.9616e-05,1,4.9616e-05,4.9616e-05,4.9616e-05,27,1,27,27,27,4,1,4,4,4,0,1,0,0,0
12,40,29,1,29,29,29,4.4039e-05,1,4.4039e-05,4.4039e-05,4.4039e-05,19,1,19,19,19,5,1,5,5,5,0,1,0,0,0
12,40,29,1,29,29,29,4.7638e-05,1,4.7638e-05,4.7638e-05,4.7638e-05,20,1,20,20,20,5,1,5,5,5,0,1,0,0,0
12,40,27,1,27,27,27,5.0081e-05,1,5.0081e-05,5.0081e-05,5.0081e-05,25,1,25,25,25,4,1,4,4,4,0,1,0,0,0
12,40,33,1,33,33,33,4.292e-05,1,4.292e-05,4.292e-05,4.292e-05,15,1,15,15,15,6,1,6,6,6,0,1,0,0,0
12,40,32,1,32,32,32,5.1846e-05,1,5.1846e-05,5.1846e-05,5.1846e-05,23,1,23,23,23,5,1,5,5,5,0,1,0,0,0
