n,p,m_total,m_count,m_mean,m_min,m_max,time_total,time_count,time_mean,time_min,time_max,calls_total,calls_count,calls_mean,calls_min,calls_max,depth_total,depth_count,depth_mean,depth_min,depth_max,cliques_total,cliques_count,cliques_mean,cliques_min,cliques_max
10,80,33,1,33,33,33,5.4162e-05,1,5.4162e-05,5.4162e-05,5.4162e-05,19,1,19,19,19,6,1,6,6,6,0,1,0,0,0
10,80,37,1,37,37,37,5.096e-05,1,5.096e-05,5.096e-05,5.096e-05,19,1,19,19,19,7,1,7,7,7,0,1,0,0,0
10,80,37,1,37,37,37,4.3612e-05,1,4.3612e-05,4.3612e-05,4.3612e-05,16,1,16,16,16,7,1,7,7,7,0,1,0,0,0
10,80,33,1,33,33,33,3.3343e-05,1,3.3343e-05,3.3343e-05,3.3343e-05,11,1,11,11,11,7,1,7,7,7,0,1,0,0,0
10,80,38,1,38,38,38,4.2204e-05,1,4.2204e-05,4.2204e-05,4.2204e-05,13,1,13,13,13,8,1,8,8,8,0,1,0,0,0
10,80,42,1,42,42,42,4.4388e-05,1,4.4388e-05,4.4388e-05,4.4388e-05,13,1,13,13,13,9,1,9,9,9,0,1,0,0,0
10,80,32,1,32,32,32,4.2017e-05,1,4.2017e-05,4.2017e-05,4.2017e-05,19,1,19,19,19,6,1,6,6,6,0,1,0,0,0
10,80,38,1,38,38,38,4.9647e-05,1,4.9647e-05,4.9647e-05,4.9647e-05,18,1,18,18,18,7,1,7,7,7,0,1,0,0,0
10,80,34,1,34,34,34,4.8228e-05,1,4.8228e-05,4.8228e-05,4.8228e-05,20,1,20,20,20,6,1,6,6,6,0,1,0,0,0
10,80,33,1,33,33,33,4.5088e-05,1,4.5088e-05,4.5088e-05,4.5088e-05,19,1,19,19,19,6,1,6,6,6,0,1,0,0,0
10,80,35,1,35,35,35,3.8717e-05,1,3.8717e-05,3.8717e-05,3.8717e-05,14,1,14,14,14,7,1,7,7,7,0,1,0,0,0
10,80,36,1,36,36,36,4.3818e-05,1,4.3818e-05,4.3818e-05,4.3818e-05,11,1,11,11,11,8,1,8,8,8,0,1,0,0,0
10,80,36,1,36,36,36,4.5006e-05,1,4.5006e-05,4.5006e-05,4.5006e-05,15,1,15,15,15,7,1,7,7,7,0,1,0,0,0
10,80,33,1,33,33,33,4.9008e-05,1,4.9008e-05,4.9008e-05,4.9008e-05,22,1,22,22,22,6,1,6,6,6,0,1,0,0,0
10,80,37,1,37,37,37,5.4722e-05,1,5.4722e-05,5.4722e-05,5.4722e-05,11,1,11,11,11,8,1,8,8,8,0,1,0,0,0
10,80,36,1,36,36,36,3.9139e-05,1,3.9139e-05,3.9139e-05,3.9139e-05,14,1,14,14,14,7,1,7,7,7,0,1,0,0,0
10,80,36,1,36,36,36,4.4786e-05,1,4.4786e-05,4.4786e-05,4.4786e-05,16,1,16,16,16,7,1,7,7,7,0,1,0,0,0
10,80,36,1,36,36,36,4.404e-05,1,4.404e-05,4.404e-05,4.404e-05,16,1,16,16,16,7,1,7,7,7,0,1,0,0,0
10,80,33,1,33,33,33,3.3696e-05,1,3.3696e-05,3.3696e-05,3.3696e-05,11,1,11,11,11,7,1,7,7,7,0,1,0,0,0
10,80,38,1,38,38,38,4.6275e-05,1,4.6275e-05,4.6275e-05,4.6275e-05,15,1,15,15,15,8,1,8,8,8,0,1,0,0,0
10,80,34,1,34,34,34,4.3044e-05,1,4.3044e-05,4.3044e-05,4.3044e-05,15,1,15,15,15,7,1,7,7,7,0,1,0,0,0
10,80,35,1,35,35,35,4.2325e-05,1,4.2325e-05,4.2325e-05,4.2325e-05,14,1,14,14,14,7,1,7,7,7,0,1,0,0,0
10,80,36,1,36,36,36,4.3306e-05,1,4.3306e-05,4.3306e-05,4.3306e-05,15,1,15,15,15,7,1,7,7,7,0,1,0,0,0
10,80,38,1,38,38,38,5.0135e-05,1,5.0135e-05,5.0135e-05,5.0135e-05,19,1,19,19,19,7,1,7,7,7,0,1,0,0,0
10,80,33,1,33,33,33,4.0709e-05,1,4.0709e-05,4.0709e-05,4.0709e-05,18,1,18,18,18,6,1,6,6,6,0,1,0,0,0
10,80,34,1,34,34,34,5.0459e-05,1,5.0459e-05,5.0459e-05,5.0459e-05,22,1,22,22,22,6,1,6,6,6,0,1,0,0,0
10,80,33,1,33,33,33,4.2712e-05,1,4.2712e-05,4.2712e-05,4.2712e-05,18,1,18,18,18,6,1,6,6,6,0,1,0,0,0
10,80,36,1,36,36,36,4.4961e-05,1,4.4961e-05,4.4961e-05,4.4961e-05,16,1,16,16,16,7,1,7,7,7,0,1,0,0,0
10,80,39,1,39,39,39,4.2953e-05,1,4.2953e-05,4.2953e-05,4.2953e-05,13,1,13,13,13,8,1,8,8,8,0,1,0,0,0
10,80,35,1,35,35,35,3.5678e-05,1,3.5678e-05,3.5678e-05,3.5678e-05,11,1,11,11,11,7,1,7,7,7,0,1,0,0,0
10,80,32,1,32,32,32,4.0802e-05,1,4.0802e-05,4.0802e-05,4.0802e-05,17,1,17,17,17,6,1,6,6,6,0,1,0,0,0
10,80,36,1,36,36,36,3.7205e-05,1,3.7205e-05,3.7205e-05,3.7205e-05,11,1,11,11,11,8,1,8,8,8,0,1,0,0,0
10,80,35,1,35,35,35,3.8021e-05,1,3.8021e-05,3.8021e-05,3.8021e-05,11,1,11,11,11,8,1,8,8,8,0,1,0,0,0
10,80,37,1,37,37,37,4.4288e-05,1,4.4288e-05,4.4288e-05,4.4288e-05,15,1,15,15,15,7,1,7,7,7,0,1,0,0,0
10,80,39,1,39,39,39,4.231e-05,1,4.231e-05,4.231e-05,4.231e-05,13,1,13,13,13,8,1,8,8,8,0,1,0,0,0
10,80,36,1,36,36,36,3.9806e-05,1,3.9806e-05,3.9806e-05,3.9806e-05,13,1,13,13,13,7,1,7,7,7,0,1,0,0,0
10,80,37,1,37,37,37,7.2763e-05,1,7.2763e-05,7.2763e-05,7.2763e-05,37,1,37,37,37,6,1,6,6,6,0,1,0,0,0
10,80,38,1,38,38,38,4.2088e-05,1,4.2088e-05,4.2088e-05,4.2088e-05,13,1,13,13,13,8,1,8,8,8,0,1,0,0,0
10,80,34,1,34,34,34,5.5635e-05,1,5.5635e-05,5.5635e-05,5.5635e-05,24,1,24,24,24,6,1,6,6,6,0,1,0,0,0
10,80,37,1,37,37,37,4.6232e-05,1,4.6232e-05,4.6232e-05,4.6232e-05,17,1,17,17,17,7,1,7,7,7,0,1,0,0,0
10,80,35,1,35,35,35,3.8207e-05,1,3.8207e-05,3.8207e-05,3.8207e-05,13,1,13,13,13,7,1,7,7,7,0,1,0,0,0
10,80,36,1,36,36,36,4.1762e-05,1,4.1762e-05,4.1762e-05,4.1762e-05,14,1,14,14,14,7,1,7,7,7,0,1,0,0,0
10,80,36,1,36,36,36,4.0982e-05,1,4.0982e-05,4.0982e-05,4.0982e-05,16,1,16,16,16,7,1,7,7,7,0,1,0,0,0
10,80,32,1,32,32,32,3.4722e-05,1,3.4722e-05,3.4722e-05,3.4722e-05,13,1,13,13,13,7,1,7,7,7,0,1,0,0,0
10,80,36,1,36,36,36,4.7365e-05,1,4.7365e-05,4.7365e-05,4.7365e-05,18,1,18,18,18,7,1,7,7,7,0,1,0,0,0
10,80,35,1,35,35,35,4.6118e-05,1,4.6118e-05,4.6118e-05,4.6118e-05,16,1,16,16,16,7,1,7,7,7,0,1,0,0,0
10,80,40,1,40,40,40,5.6375e-05,1,5.6375e-05,5.6375e-05,5.6375e-05,25,1,25,25,25,7,1,7,7,7,0,1,0,0,0
10,80,37,1,37,37,37,4.0809e-05,1,4.0809e-05,4.0809e-05,4.0809e-05,13,1,13,13,13,8,1,8,8,8,0,1,0,0,0
10,80,38,1,38,38,38,5.1794e-05,1,5.1794e-05,5.1794e-05,5.1794e-05,22,1,22,22,22,7,1,7,7,7,0,1,0,0,0
10,80,35,1,35,35,35,3.7885e-05,1,3.7885e-05,3.7885e-05,3.7885e-05,11,1,11,11,11,7,1,7,7,7,0,1,0,0,0
10,80,37,1,37,37,37,4.5604e-05,1,4.5604e-05,4.5604e-05,4.5604e-05,17,1,17,17,17,7,1,7,7,7,0,1,0,0,0
10,80,38,1,38,38,38,3.849e-05,1,3.849e-05,3.849e-05,3.849e-05,11,1,11,11,11,8,1,8,8,8,0,1,0,0,0
10,80,38,1,38,38,38,5.2762e-05,1,5.2762e-05,5.2762e-05,5.2762e-05,22,1,22,22,22,7,1,7,7,7,0,1,0,0,0
10,80,35,1,35,35,35,4.8079e-05,1,4.8079e-05,4.8079e-05,4.8079e-05,22,1,22,22,22,6,1,6,6,6,0,1,0,0,0
10,80,34,1,34,34,34,4.952e-05,1,4.952e-05,4.952e-05,4.952e-05,23,1,23,23,23,6,1,6,6,6,0,1,0,0,0
10,80,34,1,34,34,34,4.4125e-05,1,4.4125e-05,4.4125e-05,4.4125e-05,19,1,19,19,19,6,1,6,6,6,0,1,0,0,0
10,80,41,1,41,41,41,4.2133e-05,1,4.2133e-05,4.2133e-05,4.2133e-05,11,1,11,11,11,9,1,9,9,9,0,1,0,0,0
10,80,29,1,29,29,29,4.6197e-05,1,4.6197e-05,4.6197e-05,4.6197e-05,22,1,22,22,22,5,1,5,5,5,0,1,0,0,0
10,80,39,1,39,39,39,4.4388e-05,1,4.4388e-05,4.4388e-05,4.4388e-05,14,1,14,14,14,8,1,8,8,8,0,1,0,0,0
10,80,38,1,38,38,38,4.6325e-05,1,4.6325e-05,4.6325e-05,4.6325e-05,18,1,18,18,18,7,1,7,7,7,0,1,0,0,0
10,80,35,1,35,35,35,5.338e-05,1,5.338e-05,5.338e-05,5.338e-05,23,1,23,23,23,6,1,6,6,6,0,1,0,0,0
10,80,40,1,40,40,40,6.6896e-05,1,6.6896e-05,6.6896e-05,6.6896e-05,16,1,16,16,16,8,1,8,8,8,0,1,0,0,0
10,80,34,1,34,34,34,9.9682e-05,1,9.9682e-05,9.9682e-05,9.9682e-05,25,1,25,25,25,6,1,6,6,6,0,1,0,0,0
10,80,37,1,37,37,37,4.372e-05,1,4.372e-05,4.372e-05,4.372e-05,11,1,11,11,11,8,1,8,8,8,0,1,0,0,0
10,80,33,1,33,33,33,5.3837e-05,1,5.3837e-05,5.3837e-05,5.3837e-05,22,1,22,22,22,6,1,6,6,6,0,1,0,0,0
10,80,35,1,35,35,35,3.915e-05,1,3.915e-05,3.915e-05,3.915e-05,13,1,13,13,13,7,1,7,7,7,0,1,0,0,0
10,80,38,1,38,38,38,5.5967e-05,1,5.5967e-05,5.5967e-05,5.5967e-05,11,1,11,11,11,8,1,8,8,8,0,1,0,0,0
10,80,40,1,40,40,40,4.6966e-05,1,4.6966e-05,4.6966e-05,4.6966e-05,15,1,15,15,15,8,1,8,8,8,0,1,0,0,0
10,80,29,1,29,29,29,3.6108e-05,1,3.6108e-05,3.6108e-05,3.6108e-05,13,1,13,13,13,6,1,6,6,6,0,1,0,0,0
10,80,31,1,31,31,31,8.8222e-05,1,8.8222e-05,8.8222e-05,8.8222e-05,28,1,28,28,28,5,1,5,5,5,0,1,0,0,0
10,80,44,1,44,44,44,4.4223e-05,1,4.4223e-05,4.4223e-05,4.4223e-05,11,1,11,11,11,10,1,10,10,10,0,1,0,0,0
10,80,38,1,38,38,38,7.2095e-05,1,7.2095e-05,7.2095e-05,7.2095e-05,31,1,31,31,31,7,1,7,7,7,0,1,0,0,0
10,80,35,1,35,35,35,5.1978e-05,1,5.1978e-05,5.1978e-05,5.1978e-05,23,1,23,23,23,6,1,6,6,6,0,1,0,0,0
10,80,38,1,38,38,38,3.8349e-05,1,3.8349e-05,3.8349e-05,3.8349e-05,11,1,11,11,11,8,1,8,8,8,0,1,0,0,0
10,80,38,1,38,38,38,5.2452e-05,1,5.2452e-05,5.2452e-05,5.2452e-05,22,1,22,22,22,7,1,7,7,7,0,1,0,0,0
10,80,34,1,34,34,34,5.0763e-05,1,5.0763e-05,5.0763e-05,5.0763e-05,22,1,22,22,22,6,1,6,6,6,0,1,0,0,0
10,80,33,1,33,33,33,4.7713e-05,1,4.7713e-05,4.7713e-05,4.7713e-05,20,1,20,20,20,6,1,6,6,6,0,1,0,0,0
10,80,36,1,36,36,36,4.0248e-05,1,4.0248e-05,4.0248e-05,4.0248e-05,15,1,15,15,15,7,1,7,7,7,0,1,0,0,0
10,80,31,1,31,31,31,4.9955e-05,1,4.9955e-05,4.9955e-05,4.9955e-05,22,1,22,22,22,6,1,6,6,6,0,1,0,0,0
10,80,37,1,37,37,37,4.6983e-05,1,4.6983e-05,4.6983e-05,4.6983e-05,16,1,16,16,16,8,1,8,8,8,0,1,0,0,0
10,80,41,1,41,41,41,4.9125e-05,1,4.9125e-05,4.9125e-05,4.9125e-05,18,1,18,18,18,8,1,8,8,8,0,1,0,0,0
10,80,34,1,34,34,34,4.7909e-05,1,4.7909e-05,4.7909e-05,4.7909e-05,20,1,20,20,20,6,1,6,6,6,0,1,0,0,0
10,80,40,1,40,40,40,4.6186e-05,1,4.6186e-05,4.6186e-05,4.6186e-05,15,1,15,15,15,8,1,8,8,8,0,1,0,0,0
10,80,38,1,38,38,38,5.583e-05,1,5.583e-05,5.583e-05,5.583e-05,22,1,22,22,22,7,1,7,7,7,0,1,0,0,0
10,80,36,1,36,36,36,4.8651e-05,1,4.8651e-05,4.8651e-05,4.8651e-05,16,1,16,16,16,7,1,7,7,7,0,1,0,0,0
10,80,35,1,35,35,35,4.5152e-05,1,4.5152e-05,4.5152e-05,4.5152e-05,16,1,16,16,16,7,1,7,7,7,0,1,0,0,0
10,80,34,1,34,34,34,5.484e-05,1,5.484e-05,5.484e-05,5.484e-05,24,1,24,24,24,6,1,6,6,6,0,1,0,0,0
10,80,33,1,33,33,33,3.7711e-05,1,3.7711e-05,3.7711e-05,3.7711e-05,11,1,11,11,11,7,1,7,7,7,0,1,0,0,0
10,80,36,1,36,36,36,4.238e-05,1,4.238e-05,4.238e-05,4.238e-05,13,1,13,13,13,7,1,7,7,7,0,1,0,0,0
10,80,37,1,37,37,37,4.9361e-05,1,4.9361e-05,4.9361e-05,4.9361e-05,17,1,17,17,17,7,1,7,7,7,0,1,0,0,0
10,80,40,1,40,40,40,4.9454e-05,1,4.9454e-05,4.9454e-05,4.9454e-05,15,1,15,15,15,8,1,8,8,8,0,1,0,0,0
10,80,37,1,37,37,37,5.0952e-05,1,5.0952e-05,5.0952e-05,5.0952e-05,16,1,16,16,16,7,1,7,7,7,0,1,0,0,0
10,80,33,1,33,33,33,4.5063e-05,1,4.5063e-05,4.5063e-05,4.5063e-05,18,1,18,18,18,6,1,6,6,6,0,1,0,0,0
10,80,33,1,33,33,33,4.443e-05,1,4.443e-05,4.443e-05,4.443e-05,18,1,18,18,18,6,1,6,6,6,0,1,0,0,0
10,80,35,1,35,35,35,6.3624e-05,1,6.3624e-05,6.3624e-05,6.3624e-05,19,1,19,19,19,7,1,7,7,7,0,1,0,0,0
10,80,35,1,35,35,35,3.8623e-05,1,3.8623e-05,3.8623e-05,3.8623e-05,14,1,14,14,14,7,1,7,7,7,0,1,0,0,0
10,80,39,1,39,39,39,5.708e-05,1,5.708e-05,5.708e-05,5.708e-05,13,1,13,13,13,8,1,8,8,8,0,1,0,0,0
10,80,35,1,35,35,35,4.9473e-05,1,4.9473e-05,4.9473e-05,4.9473e-05,20,1,20,20,20,6,1,6,6,6,0,1,0,0,0
10,80,36,1,36,36,36,4.3807e-05,1,4.3807e-05,4.3807e-05,4.3807e-05,16,1,16,16,16,7,1,7,7,7,0,1,0,0,0
10,80,35,1,35,35,35,4.4683e-05,1,4.4683e-05,4.4683e-05,4.4683e-05,15,1,15,15,15,7,1,7,7,7,0,1,0,0,0
10,80,39,1,39,39,39,4.3492e-05,1,4.3492e-05,4.3492e-05,4.3492e-05,13,1,13,13,13,8,1,8,8,8,0,1,0,0,0
10,80,37,1,37,37,37,5.0848e-05,1,5.0848e-05,5.0848e-05,5.0848e-05,19,1,19,19,19,7,1,7,7,7,0,1,0,0,0
10,80,35,1,35,35,35,6.649e-05,1,6.649e-05,6.649e-05,6.649e-05,34,1,34,34,34,6,1,6,6,6,0,1,0,0,0
10,80,35,1,35,35,35,4.0814e-05,1,4.0814e-05,4.0814e-05,4.0814e-05,15,1,15,15,15,7,1,7,7,7,0,1,0,0,0
10,80,37,1,37,37,37,4.4616e-05,1,4.4616e-05,4.4616e-05,4.4616e-05,17,1,17,17,17,7,1,7,7,7,0,1,0,0,0
10,80,37,1,37,37,37,3.8784e-05,1,3.8784e-05,3.8784e-05,3.8784e-05,11,1,11,11,11,8,1,8,8,8,0,1,0,0,0
10,80,37,1,37,37,37,3.9661e-05,1,3.9661e-05,3.9661e-05,3.9661e-05,11,1,11,11,11,9,1,9,9,9,0,1,0,0,0
10,80,37,1,37,37,37,4.2623e-05,1,4.2623e-05,4.2623e-05,4.2623e-05,15,1,15,15,15,7,1,7,7,7,0,1,0,0,0
10,80,37,1,37,37,37,4.1808e-05,1,4.1808e-05,4.1808e-05,4.1808e-05,15,1,15,15,15,7,1,7,7,7,0,1,0,0,0
10,80,34,1,34,34,34,3.2923e-05,1,3.2923e-05,3.2923e-05,3.2923e-05,11,1,11,11,11,7,1,7,7,7,0,1,0,0,0
10,80,34,1,34,34,34,4.8478e-05,1,4.8478e-05,4.8478e-05,4.8478e-05,22,1,22,22,22,6,1,6,6,6,0,1,0,0,0
10,80,40,1,40,40,40,4.3427e-05,1,4.3427e-05,4.3427e-05,4.3427e-05,13,1,13,13,13,8,1,8,8,8,0,1,0,0,0
10,80,38,1,38,38,38,4.7814e-05,1,4.7814e-05,4.7814e-05,4.7814e-05,19,1,19,19,19,7,1,7,7,7,0,1,0,0,0
10,80,35,1,35,35,35,4.143e-05,1,4.143e-05,4.143e-05,4.143e-05,14,1,14,14,14,7,1,7,7,7,0,1,0,0,0
10,80,39,1,39,39,39,4.4059e-05,1,4.4059e-05,4.4059e-05,4.4059e-05,14,1,14,14,14,8,1,8,8,8,0,1,0,0,0
10,80,38,1,38,38,38,3.952e-05,1,3.952e-05,3.952e-05,3.952e-05,11,1,11,11,11,8,1,8,8,8,0,1,0,0,0
10,80,36,1,36,36,36,6.3769e-05,1,6.3769e-05,6.3769e-05,6.3769e-05,31,1,31,31,31,6,1,6,6,6,0,1,0,0,0
10,80,35,1,35,35,35,6.0835e-05,1,6.0835e-05,6.0835e-05,6.0835e-05,27,1,27,27,27,6,1,6,6,6,0,1,0,0,0
10,80,35,1,35,35,35,4.0039e-05,1,4.0039e-05,4.0039e-05,4.0039e-05,13,1,13,13,13,7,1,7,7,7,0,1,0,0,0
10,80,34,1,34,34,34,4.7598e-05,1,4.7598e-05,4.7598e-05,4.7598e-05,18,1,18,18,18,7,1,7,7,7,0,1,0,0,0
10,80,34,1,34,34,34,3.9026e-05,1,3.9026e-05,3.9026e-05,3.9026e-05,13,1,13,13,13,7,1,7,7,7,0,1,0,0,0
10,80,32,1,32,32,32,3.6767e-05,1,3.6767e-05,3.6767e-05,3.6767e-05,14,1,14,14,14,7,1,7,7,7,0,1,0,0,0
10,80,39,1,39,39,39,5.0545e-05,1,5.0545e-05,5.0545e-05,5.0545e-05,22,1,22,22,22,7,1,7,7,7,0,1,0,0,0
10,80,33,1,33,33,33,5.3835e-05,1,5.3835e-05,5.3835e-05,5.3835e-05,25,1,25,25,25,6,1,6,6,6,0,1,0,0,0
10,80,33,1,33,33,33,3.3648e-05,1,3.3648e-05,3.3648e-05,3.3648e-05,11,1,11,11,11,7,1,7,7,7,0,1,0,0,0
10,80,35,1,35,35,35,3.6056e-05,1,3.6056e-05,3.6056e-05,3.6056e-05,11,1,11,11,11,7,1,7,7,7,0,1,0,0,0
10,80,42,1,42,42,42,4.8213e-05,1,4.8213e-05,4.8213e-05,4.8213e-05,19,1,19,19,19,8,1,8,8,8,0,1,0,0,0
10,80,36,1,36,36,36,3.6504e-05,1,3.6504e-05,3.6504e-05,3.6504e-05,11,1,11,11,11,8,1,8,8,8,0,1,0,0,0
10,80,40,1,40,40,40,4.1672e-05,1,4.1672e-05,4.1672e-05,4.1672e-05,13,1,13,13,13,8,1,8,8,8,0,1,0,0,0
10,80,39,1,39,39,39,4.244e-05,1,4.244e-05,4.244e-05,4.244e-05,13,1,13,13,13,8,1,8,8,8,0,1,0,0,0
10,80,36,1,36,36,36,4.2349e-05,1,4.2349e-05,4.2349e-05,4.2349e-05,15,1,15,15,15,7,1,7,7,7,0,1,0,0,0
10,80,35,1,35,35,35,5.074e-05,1,5.074e-05,5.074e-05,5.074e-05,23,1,23,23,23,6,1,6,6,6,0,1,0,0,0
10,80,39,1,39,39,39,5.3697e-05,1,5.3697e-05,5.3697e-05,5.3697e-05,23,1,23,23,23,7,1,7,7,7,0,1,0,0,0
10,80,34,1,34,34,34,4.4478e-05,1,4.4478e-05,4.4478e-05,4.4478e-05,19,1,19,19,19,7,1,7,7,7,0,1,0,0,0
10,80,40,1,40,40,40,4.4738e-05,1,4.4738e-05,4.4738e-05,4.4738e-05,15,1,15,15,15,8,1,8,8,8,0,1,0,0,0
10,80,35,1,35,35,35,6.8693e-05,1,6.8693e-05,6.8693e-05,6.8693e-05,16,1,16,16,16,7,1,7,7,7,0,1,0,0,0
10,80,34,1,34,34,34,5.0003e-05,1,5.0003e-05,5.0003e-05,5.0003e-05,22,1,22,22,22,6,1,6,6,6,0,1,0,0,0
10,80,36,1,36,36,36,4.7916e-05,1,4.7916e-05,4.7916e-05,4.7916e-05,17,1,17,17,17,7,1,7,7,7,0,1,0,0,0
10,80,39,1,39,39,39,4.1632e-05,1,4.1632e-05,4.1632e-05,4.1632e-05,13,1,13,13,13,8,1,8,8,8,0,1,0,0,0
10,80,35,1,35,35,35,5.7209e-05,1,5.7209e-05,5.7209e-05,5.7209e-05,26,1,26,26,26,6,1,6,6,6,0,1,0,0,0
10,80,36,1,36,36,36,5.8596e-05,1,5.8596e-05,5.8596e-05,5.8596e-05,28,1,28,28,28,6,1,6,6,6,0,1,0,0,0
10,80,37,1,37,37,37,4.8778e-05,1,4.8778e-05,4.8778e-05,4.8778e-05,17,1,17,17,17,7,1,7,7,7,0,1,0,0,0
10,80,37,1,37,37,37,4.9394e-05,1,4.9394e-05,4.9394e-05,4.9394e-05,18,1,18,18,18,7,1,7,7,7,0,1,0,0,0
10,80,40,1,40,40,40,4.0552e-05,1,4.0552e-05,4.0552e-05,4.0552e-05,11,1,11,11,11,9,1,9,9,9,0,1,0,0,0
10,80,36,1,36,36,36,4.0334e-05,1,4.0334e-05,4.0334e-05,4.0334e-05,13,1,13,13,13,7,1,7,7,7,0,1,0,0,0
10,80,34,1,34,34,34,4.5509e-05,1,4.5509e-05,4.5509e-05,4.5509e-05,19,1,19,19,19,6,1,6,6,6,0,1,0,0,0
10,80,36,1,36,36,36,3.6121e-05,1,3.6121e-05,3.6121e-05,3.6121e-05,11,1,11,11,11,8,1,8,8,8,0,1,0,0,0
10,80,37,1,37,37,37,4.7906e-05,1,4.7906e-05,4.7906e-05,4.7906e-05,18,1,18,18,18,7,1,7,7,7,0,1,0,0,0
10,80,34,1,34,34,34,4.6869e-05,1,4.6869e-05,4.6869e-05,4.6869e-05,20,1,20,20,20,6,1,6,6,6,0,1,0,0,0
10,80,34,1,34,34,34,5.371e-05,1,5.371e-05,5.371e-05,5.371e-05,22,1,22,22,22,6,1,6,6,6,0,1,0,0,0
10,80,35,1,35,35,35,4.3225e-05,1,4.3225e-05,4.3225e-05,4.3225e-05,15,1,15,15,15,7,1,7,7,7,0,1,0,0,0
10,80,33,1,33,33,33,3.8685e-05,1,3.8685e-05,3.8685e-05,3.8685e-05,17,1,17,17,17,6,1,6,6,6,0,1,0,0,0
10,80,31,1,31,31,31,3.9954e-05,1,3.9954e-05,3.9954e-05,3.9954e-05,15,1,15,15,15,6,1,6,6,6,0,1,0,0,0
10,80,38,1,38,38,38,3.7041e-05,1,3.7041e-05,3.7041e-05,3.7041e-05,11,1,11,11,11,8,1,8,8,8,0,1,0,0,0
10,80,37,1,37,37,37,4.7078e-05,1,4.7078e-05,4.7078e-05,4.7078e-05,19,1,19,19,19,7,1,7,7,7,0,1,0,0,0
10,80,32,1,32,32,32,5.0883e-05,1,5.0883e-05,5.0883e-05,5.0883e-05,22,1,22,22,22,6,1,6,6,6,0,1,0,0,0
10,80,36,1,36,36,36,4.2607e-05,1,4.2607e-05,4.2607e-05,4.2607e-05,15,1,15,15,15,7,1,7,7,7,0,1,0,0,0
10,80,39,1,39,39,39,3.8961e-05,1,3.8961e-05,3.8961e-05,3.8961e-05,11,1,11,11,11,8,1,8,8,8,0,1,0,0,0
10,80,33,1,33,33,33,4.0416e-05,1,4.0416e-05,4.0416e-05,4.0416e-05,17,1,17,17,17,6,1,6,6,6,0,1,0,0,0
10,80,38,1,38,38,38,4.7253e-05,1,4.7253e-05,4.7253e-05,4.7253e-05,17,1,17,17,17,7,1,7,7,7,0,1,0,0,0
10,80,33,1,33,33,33,4.2204e-05,1,4.2204e-05,4.2204e-05,4.2204e-05,18,1,18,18,18,6,1,6,6,6,0,1,0,0,0
10,80,43,1,43,43,43,4.418e-05,1,4.418e-05,4.418e-05,4.418e-05,11,1,11,11,11,10,1,10,10,10,0,1,0,0,0
10,80,40,1,40,40,40,4.1821e-05,1,4.1821e-05,4.1821e-05,4.1821e-05,13,1,13,13,13,8,1,8,8,8,0,1,0,0,0
10,80,37,1,37,37,37,3.8836e-05,1,3.8836e-05,3.8836e-05,3.8836e-05,11,1,11,11,11,8,1,8,8,8,0,1,0,0,0
10,80,36,1,36,36,36,4.3887e-05,1,4.3887e-05,4.3887e-05,4.3887e-05,16,1,16,16,16,7,1,7,7,7,0,1,0,0,0
10,80,40,1,40,40,40,4.816e-05,1,4.816e-05,4.816e-05,4.816e-05,16,1,16,16,16,8,1,8,8,8,0,1,0,0,0
10,80,36,1,36,36,36,3.9365e-05,1,3.9365e-05,3.9365e-05,3.9365e-05,13,1,13,13,13,7,1,7,7,7,0,1,0,0,0
10,80,41,1,41,41,41,4.143e-05,1,4.143e-05,4.143e-05,4.143e-05,11,1,11,11,11,9,1,9,9,9,0,1,0,0,0
10,80,35,1,35,35,35,5.3257e-05,1,5.3257e-05,5.3257e-05,5.3257e-05,25,1,25,25,25,6,1,6,6,6,0,1,0,0,0
10,80,35,1,35,35,35,5.9247e-05,1,5.9247e-05,5.9247e-05,5.9247e-05,25,1,25,25,25,6,1,6,6,6,0,1,0,0,0
10,80,36,1,36,36,36,4.309e-05,1,4.309e-05,4.309e-05,4.309e-05,15,1,15,15,15,7,1,7,7,7,0,1,0,0,0
10,80,39,1,39,39,39,4.3235e-05,1,4.3235e-05,4.3235e-05,4.3235e-05,13,1,13,13,13,8,1,8,8,8,0,1,0,0,0
10,80,36,1,36,36,36,4.3721e-05,1,4.3721e-05,4.3721e-05,4.3721e-05,15,1,15,15,15,7,1,7,7,7,0,1,0,0,0
10,80,39,1,39,39,39,4.2892e-05,1,4.2892e-05,4.2892e-05,4.2892e-05,13,1,13,13,13,8,1,8,8,8,0,1,0,0,0
10,80,36,1,36,36,36,3.8946e-05,1,3.8946e-05,3.8946e-05,3.8946e-05,13,1,13,13,13,7,1,7,7,7,0,1,0,0,0
10,80,38,1,38,38,38,3.903e-05,1,3.903e-05,3.903e-05,3.903e-05,11,1,11,11,11,8,1,8,8,8,0,1,0,0,0
10,80,34,1,34,34,34,4.7642e-05,1,4.7642e-05,4.7642e-05,4.7642e-05,21,1,21,21,21,6,1,6,6,6,0,1,0,0,0
10,80,36,1,36,36,36,4.0321e-05,1,4.0321e-05,4.0321e-05,4.0321e-05,14,1,14,14,14,7,1,7,7,7,0,1,0,0,0
10,80,29,1,29,29,29,4.7616e-05,1,4.7616e-05,4.7616e-05,4.7616e-05,21,1,21,21,21,6,1,6,6,6,0,1,0,0,0
10,80,39,1,39,39,39,4.0877e-05,1,4.0877e-05,4.0877e-05,4.0877e-05,13,1,13,13,13,8,1,8,8,8,0,1,0,0,0
10,80,37,1,37,37,37,3.7397e-05,1,3.7397e-05,3.7397e-05,3.7397e-05,11,1,11,11,11,8,1,8,8,8,0,1,0,0,0
10,80,37,1,37,37,37,3.9968e-05,1,3.9968e-05,3.9968e-05,3.9968e-05,11,1,11,11,11,8,1,8,8,8,0,1,0,0,0
10,80,38,1,38,38,38,4.0215e-05,1,4.0215e-05,4.0215e-05,4.0215e-05,11,1,11,11,11,8,1,8,8,8,0,1,0,0,0
10,80,38,1,38,38,38,3.9643e-05,1,3.9643e-05,3.9643e-05,3.9643e-05,11,1,11,11,11,8,1,8,8,8,0,1,0,0,0
10,80,37,1,37,37,37,4.0555e-05,1,4.0555e-05,4.0555e-05,4.0555e-05,15,1,15,15,15,7,1,7,7,7,0,1,0,0,0
10,80,39,1,39,39,39,5.3166e-05,1,5.3166e-05,5.3166e-05,5.3166e-05,22,1,22,22,22,7,1,7,7,7,0,1,0,0,0
10,80,36,1,36,36,36,3.807e-05,1,3.807e-05,3.807e-05,3.807e-05,11,1,11,11,11,8,1,8,8,8,0,1,0,0,0
10,80,39,1,39,39,39,5.6796e-05,1,5.6796e-05,5.6796e-05,5.6796e-05,22,1,22,22,22,7,1,7,7,7,0,1,0,0,0
10,80,39,1,39,39,39,5.0126e-05,1,5.0126e-05,5.0126e-05,5.0126e-05,22,1,22,22,22,7,1,7,7,7,0,1,0,0,0
10,80,31,1,31,31,31,3.4433e-05,1,3.4433e-05,3.4433e-05,3.4433e-05,14,1,14,14,14,6,1,6,6,6,0,1,0,0,0
10,80,39,1,39,39,39,4.4081e-05,1,4.4081e-05,4.4081e-05,4.4081e-05,14,1,14,14,14,8,1,8,8,8,0,1,0,0,0
10,80,35,1,35,35,35,4.7774e-05,1,4.7774e-05,4.7774e-05,4.7774e-05,20,1,20,20,20,6,1,6,6,6,0,1,0,0,0
10,80,35,1,35,35,35,3.843e-05,1,3.843e-05,3.843e-05,3.843e-05,13,1,13,13,13,7,1,7,7,7,0,1,0,0,0
10,80,40,1,40,40,40,4.6022e-05,1,4.6022e-05,4.6022e-05,4.6022e-05,16,1,16,16,16,8,1,8,8,8,0,1,0,0,0
10,80,32,1,32,32,32,3.4782e-05,1,3.4782e-05,3.4782e-05,3.4782e-05,11,1,11,11,11,7,1,7,7,7,0,1,0,0,0
10,80,29,1,29,29,29,3.6133e-05,1,3.6133e-05,3.6133e-05,3.6133e-05,14,1,14,14,14,6,1,6,6,6,0,1,0,0,0
10,80,35,1,35,35,35,4.99e-05,1,4.99e-05,4.99e-05,4.99e-05,24,1,24,24,24,6,1,6,6,6,0,1,0,0,0
10,80,35,1,35,35,35,4.1443e-05,1,4.1443e-05,4.1443e-05,4.1443e-05,14,1,14,14,14,7,1,7,7,7,0,1,0,0,0
10,80,39,1,39,39,39,4.3166e-05,1,4.3166e-05,4.3166e-05,4.3166e-05,13,1,13,13,13,8,1,8,8,8,0,1,0,0,0
10,80,36,1,36,36,36,4.2143e-05,1,4.2143e-05,4.2143e-05,4.2143e-05,14,1,14,14,14,7,1,7,7,7,0,1,0,0,0
10,80,30,1,30,30,30,3.6885e-05,1,3.6885e-05,3.6885e-05,3.6885e-05,13,1,13,13,13,7,1,7,7,7,0,1,0,0,0
10,80,37,1,37,37,37,4.2395e-05,1,4.2395e-05,4.2395e-05,4.2395e-05,15,1,15,15,15,7,1,7,7,7,0,1,0,0,0
10,80,38,1,38,38,38,4.4521e-05,1,4.4521e-05,4.4521e-05,4.4521e-05,16,1,16,16,16,7,1,7,7,7,0,1,0,0,0
10,80,39,1,39,39,39,4.2985e-05,1,4.2985e-05,4.2985e-05,4.2985e-05,13,1,13,13,13,8,1,8,8,8,0,1,0,0,0
10,80,37,1,37,37,37,4.6107e-05,1,4.6107e-05,4.6107e-05,4.6107e-05,19,1,19,19,19,7,1,7,7,7,0,1,0,0,0
10,80,33,1,33,33,33,4.3196e-05,1,4.3196e-05,4.3196e-05,4.3196e-05,18,1,18,18,18,6,1,6,6,6,0,1,0,0,0
10,80,40,1,40,40,40,5.1765e-05,1,5.1765e-05,5.1765e-05,5.1765e-05,19,1,19,19,19,8,1,8,8,8,0,1,0,0,0
10,80,39,1,39,39,39,4.1605e-05,1,4.1605e-05,4.1605e-05,4.1605e-05,11,1,11,11,11,9,1,9,9,9,0,1,0,0,0
10,80,38,1,38,38,38,4.2895e-05,1,4.2895e-05,4.2895e-05,4.2895e-05,14,1,14,14,14,8,1,8,8,8,0,1,0,0,0
10,80,38,1,38,38,38,4.7381e-05,1,4.7381e-05,4.7381e-05,4.7381e-05,17,1,17,17,17,7,1,7,7,7,0,1,0,0,0
10,80,36,1,36,36,36,5.2678e-05,1,5.2678e-05,5.2678e-05,5.2678e-05,19,1,19,19,19,7,1,7,7,7,0,1,0,0,0
10,80,39,1,39,39,39,6.2581e-05,1,6.2581e-05,6.2581e-05,6.2581e-05,26,1,26,26,26,7,1,7,7,7,0,1,0,0,0
10,80,35,1,35,35,35,4.0929e-05,1,4.0929e-05,4.0929e-05,4.0929e-05,14,1,14,14,14,7,1,7,7,7,0,1,0,0,0
10,80,35,1,35,35,35,3.2987e-05,1,3.2987e-05,3.2987e-05,3.2987e-05,11,1,11,11,11,7,1,7,7,7,0,1,0,0,0
10,80,37,1,37,37,37,4.37e-05,1,4.37e-05,4.37e-05,4.37e-05,15,1,15,15,15,7,1,7,7,7,0,1,0,0,0
10,80,31,1,31,31,31,5.6721e-05,1,5.6721e-05,5.6721e-05,5.6721e-05,15,1,15,15,15,6,1,6,6,6,0,1,0,0,0
10,80,33,1,33,33,33,6.323e-05,1,6.323e-05,6.323e-05,6.323e-05,17,1,17,17,17,6,1,6,6,6,0,1,0,0,0
10,80,33,1,33,33,33,4.6869e-05,1,4.6869e-05,4.6869e-05,4.6869e-05,20,1,20,20,20,6,1,6,6,6,0,1,0,0,0
10,80,40,1,40,40,40,5.5772e-05,1,5.5772e-05,5.5772e-05,5.5772e-05,27,1,27,27,27,7,1,7,7,7,0,1,0,0,0
10,80,34,1,34,34,34,3.9903e-05,1,3.9903e-05,3.9903e-05,3.9903e-05,13,1,13,13,13,7,1,7,7,7,0,1,0,0,0
10,80,32,1,32,32,32,3.7013e-05,1,3.7013e-05,3.7013e-05,3.7013e-05,14,1,14,14,14,6,1,6,6,6,0,1,0,0,0
10,80,39,1,39,39,39,4.5684e-05,1,4.5684e-05,4.5684e-05,4.5684e-05,15,1,15,15,15,8,1,8,8,8,0,1,0,0,0
10,80,38,1,38,38,38,3.7607e-05,1,3.7607e-05,3.7607e-05,3.7607e-05,11,1,11,11,11,8,1,8,8,8,0,1,0,0,0
10,80,32,1,32,32,32,3.9383e-05,1,3.9383e-05,3.9383e-05,3.9383e-05,16,1,16,16,16,6,1,6,6,6,0,1,0,0,0
10,80,38,1,38,38,38,4.6417e-05,1,4.6417e-05,4.6417e-05,4.6417e-05,18,1,18,18,18,7,1,7,7,7,0,1,0,0,0
10,80,35,1,35,35,35,4.1933e-05,1,4.1933e-05,4.1933e-05,4.1933e-05,15,1,15,15,15,7,1,7,7,7,0,1,0,0,0
10,80,33,1,33,33,33,3.6366e-05,1,3.6366e-05,3.6366e-05,3.6366e-05,11,1,11,11,11,8,1,8,8,8,0,1,0,0,0
10,80,28,1,28,28,28,3.7445e-05,1,3.7445e-05,3.7445e-05,3.7445e-05,15,1,15,15,15,6,1,6,6,6,0,1,0,0,0
10,80,36,1,36,36,36,4.4923e-05,1,4.4923e-05,4.4923e-05,4.4923e-05,16,1,16,16,16,7,1,7,7,7,0,1,0,0,0
10,80,39,1,39,39,39,4.7471e-05,1,4.7471e-05,4.7471e-05,4.7471e-05,16,1,16,16,16,8,1,8,8,8,0,1,0,0,0
10,80,39,1,39,39,39,4.2683e-05,1,4.2683e-05,4.2683e-05,4.2683e-05,13,1,13,13,13,8,1,8,8,8,0,1,0,0,0
10,80,35,1,35,35,35,4.0086e-05,1,4.0086e-05,4.0086e-05,4.0086e-05,13,1,13,13,13,7,1,7,7,7,0,1,0,0,0
10,80,35,1,35,35,35,4.0029e-05,1,4.0029e-05,4.0029e-05,4.0029e-05,14,1,14,14,14,7,1,7,7,7,0,1,0,0,0
10,80,35,1,35,35,35,4.0934e-05,1,4.0934e-05,4.0934e-05,4.0934e-05,15,1,15,15,15,7,1,7,7,7,0,1,0,0,0
10,80,39,1,39,39,39,4.7469e-05,1,4.7469e-05,4.7469e-05,4.7469e-05,20,1,20,20,20,7,1,7,7,7,0,1,0,0,0
10,80,32,1,32,32,32,3.3262e-05,1,3.3262e-05,3.3262e-05,3.3262e-05,11,1,11,11,11,7,1,7,7,7,0,1,0,0,0
10,80,37,1,37,37,37,3.7786e-05,1,3.7786e-05,3.7786e-05,3.7786e-05,11,1,11,11,11,8,1,8,8,8,0,1,0,0,0
10,80,38,1,38,38,38,4.9952e-05,1,4.9952e-05,4.9952e-05,4.9952e-05,18,1,18,18,18,7,1,7,7,7,0,1,0,0,0
10,80,36,1,36,36,36,5.472e-05,1,5.472e-05,5.472e-05,5.472e-05,28,1,28,28,28,6,1,6,6,6,0,1,0,0,0
10,80,35,1,35,35,35,5.2088e-05,1,5.2088e-05,5.2088e-05,5.2088e-05,19,1,19,19,19,7,1,7,7,7,0,1,0,0,0
10,80,40,1,40,40,40,5.3847e-05,1,5.3847e-05,5.3847e-05,5.3847e-05,26,1,26,26,26,7,1,7,7,7,0,1,0,0,0
10,80,37,1,37,37,37,4.5947e-05,1,4.5947e-05,4.5947e-05,4.5947e-05,17,1,17,17,17,7,1,7,7,7,0,1,0,0,0
10,80,36,1,36,36,36,4.0612e-05,1,4.0612e-05,4.0612e-05,4.0612e-05,13,1,13,13,13,7,1,7,7,7,0,1,0,0,0
10,80,31,1,31,31,31,4.0648e-05,1,4.0648e-05,4.0648e-05,4.0648e-05,17,1,17,17,17,6,1,6,6,6,0,1,0,0,0
10,80,35,1,35,35,35,5.3804e-05,1,5.3804e-05,5.3804e-05,5.3804e-05,25,1,25,25,25,6,1,6,6,6,0,1,0,0,0
10,80,35,1,35,35,35,5.8549e-05,1,5.8549e-05,5.8549e-05,5.8549e-05,28,1,28,28,28,6,1,6,6,6,0,1,0,0,0
10,80,38,1,38,38,38,3.7738e-05,1,3.7738e-05,3.7738e-05,3.7738e-05,11,1,11,11,11,8,1,8,8,8,0,1,0,0,0
10,80,39,1,39,39,39,3.9892e-05,1,3.9892e-05,3.9892e-05,3.9892e-05,11,1,11,11,11,8,1,8,8,8,0,1,0,0,0
10,80,37,1,37,37,37,4.1291e-05,1,4.1291e-05,4.1291e-05,4.1291e-05,15,1,15,15,15,7,1,7,7,7,0,1,0,0,0
10,80,36,1,36,36,36,4.7046e-05,1,4.7046e-05,4.7046e-05,4.7046e-05,18,1,18,18,18,7,1,7,7,7,0,1,0,0,0
10,80,40,1,40,40,40,4.5475e-05,1,4.5475e-05,4.5475e-05,4.5475e-05,15,1,15,15,15,8,1,8,8,8,0,1,0,0,0
10,80,34,1,34,34,34,3.3385e-05,1,3.3385e-05,3.3385e-05,3.3385e-05,11,1,11,11,11,7,1,7,7,7,0,1,0,0,0
10,80,35,1,35,35,35,4.8101e-05,1,4.8101e-05,4.8101e-05,4.8101e-05,17,1,17,17,17,7,1,7,7,7,0,1,0,0,0
10,80,37,1,37,37,37,4.0883e-05,1,4.0883e-05,4.0883e-05,4.0883e-05,13,1,13,13,13,8,1,8,8,8,0,1,0,0,0
10,80,35,1,35,35,35,8.6975e-05,1,8.6975e-05,8.6975e-05,8.6975e-05,22,1,22,22,22,6,1,6,6,6,0,1,0,0,0
10,80,38,1,38,38,38,5.1149e-05,1,5.1149e-05,5.1149e-05,5.1149e-05,21,1,21,21,21,7,1,7,7,7,0,1,0,0,0
10,80,37,1,37,37,37,5.2347e-05,1,5.2347e-05,5.2347e-05,5.2347e-05,19,1,19,19,19,7,1,7,7,7,0,1,0,0,0
10,80,32,1,32,32,32,3.4445e-05,1,3.4445e-05,3.4445e-05,3.4445e-05,13,1,13,13,13,7,1,7,7,7,0,1,0,0,0
10,80,37,1,37,37,37,3.9229e-05,1,3.9229e-05,3.9229e-05,3.9229e-05,11,1,11,11,11,9,1,9,9,9,0,1,0,0,0
10,80,37,1,37,37,37,6.949e-05,1,6.949e-05,6.949e-05,6.949e-05,35,1,35,35,35,6,1,6,6,6,0,1,0,0,0
10,80,38,1,38,38,38,4.8824e-05,1,4.8824e-05,4.8824e-05,4.8824e-05,19,1,19,19,19,7,1,7,7,7,0,1,0,0,0
10,80,34,1,34,34,34,4.6599e-05,1,4.6599e-05,4.6599e-05,4.6599e-05,20,1,20,20,20,6,1,6,6,6,0,1,0,0,0
10,80,30,1,30,30,30,4.2392e-05,1,4.2392e-05,4.2392e-05,4.2392e-05,18,1,18,18,18,6,1,6,6,6,0,1,0,0,0
10,80,37,1,37,37,37,3.8741e-05,1,3.8741e-05,3.8741e-05,3.8741e-05,11,1,11,11,11,8,1,8,8,8,0,1,0,0,0
10,80,36,1,36,36,36,4.1209e-05,1,4.1209e-05,4.1209e-05,4.1209e-05,15,1,15,15,15,7,1,7,7,7,0,1,0,0,0
10,80,32,1,32,32,32,4.628e-05,1,4.628e-05,4.628e-05,4.628e-05,19,1,19,19,19,6,1,6,6,6,0,1,0,0,0
10,80,36,1,36,36,36,5.7317e-05,1,5.7317e-05,5.7317e-05,5.7317e-05,26,1,26,26,26,6,1,6,6,6,0,1,0,0,0
10,80,35,1,35,35,35,4.3185e-05,1,4.3185e-05,4.3185e-05,4.3185e-05,15,1,15,15,15,7,1,7,7,7,0,1,0,0,0
10,80,34,1,34,34,34,5.1465e-05,1,5.1465e-05,5.1465e-05,5.1465e-05,24,1,24,24,24,6,1,6,6,6,0,1,0,0,0
10,80,38,1,38,38,38,5.4115e-05,1,5.4115e-05,5.4115e-05,5.4115e-05,22,1,22,22,22,7,1,7,7,7,0,1,0,0,0
10,80,36,1,36,36,36,5.8613e-05,1,5.8613e-05,5.8613e-05,5.8613e-05,28,1,28,28,28,6,1,6,6,6,0,1,0,0,0
10,80,39,1,39,39,39,4.6864e-05,1,4.6864e-05,4.6864e-05,4.6864e-05,18,1,18,18,18,7,1,7,7,7,0,1,0,0,0
10,80,36,1,36,36,36,3.6812e-05,1,3.6812e-05,3.6812e-05,3.6812e-05,13,1,13,13,13,7,1,7,7,7,0,1,0,0,0
10,80,37,1,37,37,37,4.211e-05,1,4.211e-05,4.211e-05,4.211e-05,15,1,15,15,15,7,1,7,7,7,0,1,0,0,0
10,80,35,1,35,35,35,5.0915e-05,1,5.0915e-05,5.0915e-05,5.0915e-05,23,1,23,23,23,6,1,6,6,6,0,1,0,0,0
10,80,38,1,38,38,38,4.6283e-05,1,4.6283e-05,4.6283e-05,4.6283e-05,17,1,17,17,17,7,1,7,7,7,0,1,0,0,0
10,80,38,1,38,38,38,4.2587e-05,1,4.2587e-05,4.2587e-05,4.2587e-05,13,1,13,13,13,8,1,8,8,8,0,1,0,0,0
10,80,36,1,36,36,36,4.8047e-05,1,4.8047e-05,4.8047e-05,4.8047e-05,17,1,17,17,17,7,1,7,7,7,0,1,0,0,0
10,80,34,1,34,34,34,4.7316e-05,1,4.7316e-05,4.7316e-05,4.7316e-05,23,1,23,23,23,6,1,6,6,6,0,1,0,0,0
10,80,34,1,34,34,34,4.8434e-05,1,4.8434e-05,4.8434e-05,4.8434e-05,20,1,20,20,20,6,1,6,6,6,0,1,0,0,0
10,80,34,1,34,34,34,3.9393e-05,1,3.9393e-05,3.9393e-05,3.9393e-05,14,1,14,14,14,7,1,7,7,7,0,1,0,0,0
10,80,33,1,33,33,33,3.8758e-05,1,3.8758e-05,3.8758e-05,3.8758e-05,14,1,14,14,14,7,1,7,7,7,0,1,0,0,0
10,80,35,1,35,35,35,4.0123e-05,1,4.0123e-05,4.0123e-05,4.0123e-05,14,1,14,14,14,7,1,7,7,7,0,1,0,0,0
10,80,36,1,36,36,36,3.8435e-05,1,3.8435e-05,3.8435e-05,3.8435e-05,13,1,13,13,13,7,1,7,7,7,0,1,0,0,0
10,80,33,1,33,33,33,3.7848e-05,1,3.7848e-05,3.7848e-05,3.7848e-05,13,1,13,13,13,7,1,7,7,7,0,1,0,0,0
10,80,36,1,36,36,36,5.9731e-05,1,5.9731e-05,5.9731e-05,5.9731e-05,25,1,25,25,25,6,1,6,6,6,0,1,0,0,0
10,80,32,1,32,32,32,3.4884e-05,1,3.4884e-05,3.4884e-05,3.4884e-05,11,1,11,11,11,7,1,7,7,7,0,1,0,0,0
10,80,34,1,34,34,34,5.3863e-05,1,5.3863e-05,5.3863e-05,5.3863e-05,23,1,23,23,23,6,1,6,6,6,0,1,0,0,0
10,80,38,1,38,38,38,4.6404e-05,1,4.6404e-05,4.6404e-05,4.6404e-05,19,1,19,19,19,7,1,7,7,7,0,1,0,0,0
10,80,39,1,39,39,39,4.3662e-05,1,4.3662e-05,4.3662e-05,4.3662e-05,13,1,13,13,13,8,1,8,8,8,0,1,0,0,0
10,80,30,1,30,30,30,4.3289e-05,1,4.3289e-05,4.3289e-05,4.3289e-05,22,1,22,22,22,5,1,5,5,5,0,1,0,0,0
10,80,37,1,37,37,37,4.7914e-05,1,4.7914e-05,4.7914e-05,4.7914e-05,18,1,18,18,18,7,1,7,7,7,0,1,0,0,0
10,80,36,1,36,36,36,5.6234e-05,1,5.6234e-05,5.6234e-05,5.6234e-05,29,1,29,29,29,6,1,6,6,6,0,1,0,0,0
10,80,36,1,36,36,36,3.9316e-05,1,3.9316e-05,3.9316e-05,3.9316e-05,14,1,14,14,14,7,1,7,7,7,0,1,0,0,0
10,80,40,1,40,40,40,4.6431e-05,1,4.6431e-05,4.6431e-05,4.6431e-05,15,1,15,15,15,8,1,8,8,8,0,1,0,0,0
10,80,37,1,37,37,37,4.2105e-05,1,4.2105e-05,4.2105e-05,4.2105e-05,13,1,13,13,13,8,1,8,8,8,0,1,0,0,0
10,80,36,1,36,36,36,4.6135e-05,1,4.6135e-05,4.6135e-05,4.6135e-05,17,1,17,17,17,7,1,7,7,7,0,1,0,0,0
10,80,37,1,37,37,37,3.8943e-05,1,3.8943e-05,3.8943e-05,3.8943e-05,11,1,11,11,11,8,1,8,8,8,0,1,0,0,0
10,80,41,1,41,41,41,4.512e-05,1,4.512e-05,4.512e-05,4.512e-05,15,1,15,15,15,8,1,8,8,8,0,1,0,0,0
10,80,33,1,33,33,33,4.6405e-05,1,4.6405e-05,4.6405e-05,4.6405e-05,19,1,19,19,19,6,1,6,6,6,0,1,0,0,0
10,80,37,1,37,37,37,3.9245e-05,1,3.9245e-05,3.9245e-05,3.9245e-05,11,1,11,11,11,8,1,8,8,8,0,1,0,0,0
10,80,40,1,40,40,40,4.3398e-05,1,4.3398e-05,4.3398e-05,4.3398e-05,13,1,13,13,13,8,1,8,8,8,0,1,0,0,0
10,80,40,1,40,40,40,4.6203e-05,1,4.6203e-05,4.6203e-05,4.6203e-05,15,1,15,15,15,8,1,8,8,8,0,1,0,0,0
10,80,32,1,32,32,32,3.914e-05,1,3.914e-05,3.914e-05,3.914e-05,14,1,14,14,14,7,1,7,7,7,0,1,0,0,0
10,80,32,1,32,32,32,3.8047e-05,1,3.8047e-05,3.8047e-05,3.8047e-05,14,1,14,14,14,7,1,7,7,7,0,1,0,0,0
10,80,34,1,34,34,34,5.0276e-05,1,5.0276e-05,5.0276e-05,5.0276e-05,21,1,21,21,21,6,1,6,6,6,0,1,0,0,0
10,80,37,1,37,37,37,3.9173e-05,1,3.9173e-05,3.9173e-05,3.9173e-05,11,1,11,11,11,8,1,8,8,8,0,1,0,0,0
10,80,39,1,39,39,39,4.2598e-05,1,4.2598e-05,4.2598e-05,4.2598e-05,13,1,13,13,13,8,1,8,8,8,0,1,0,0,0
10,80,31,1,31,31,31,4.0014e-05,1,4.0014e-05,4.0014e-05,4.0014e-05,16,1,16,16,16,6,1,6,6,6,0,1,0,0,0
10,80,39,1,39,39,39,4.278e-05,1,4.278e-05,4.278e-05,4.278e-05,13,1,13,13,13,8,1,8,8,8,0,1,0,0,0
10,80,33,1,33,33,33,3.9758e-05,1,3.9758e-05,3.9758e-05,3.9758e-05,16,1,16,16,16,6,1,6,6,6,0,1,0,0,0
10,80,35,1,35,35,35,3.8085e-05,1,3.8085e-05,3.8085e-05,3.8085e-05,11,1,11,11,11,8,1,8,8,8,0,1,0,0,0
10,80,38,1,38,38,38,4.6444e-05,1,4.6444e-05,4.6444e-05,4.6444e-05,18,1,18,18,18,7,1,7,7,7,0,1,0,0,0
10,80,37,1,37,37,37,4.6237e-05,1,4.6237e-05,4.6237e-05,4.6237e-05,17,1,17,17,17,7,1,7,7,7,0,1,0,0,0
10,80,39,1,39,39,39,4.6923e-05,1,4.6923e-05,4.6923e-05,4.6923e-05,18,1,18,18,18,7,1,7,7,7,0,1,0,0,0
10,80,41,1,41,41,41,4.2537e-05,1,4.2537e-05,4.2537e-05,4.2537e-05,11,1,11,11,11,9,1,9,9,9,0,1,0,0,0
10,80,36,1,36,36,36,6.4114e-05,1,6.4114e-05,6.4114e-05,6.4114e-05,28,1,28,28,28,6,1,6,6,6,0,1,0,0,0
10,80,32,1,32,32,32,4.5319e-05,1,4.5319e-05,4.5319e-05,4.5319e-05,19,1,19,19,19,6,1,6,6,6,0,1,0,0,0
10,80,34,1,34,34,34,5.1907e-05,1,5.1907e-05,5.1907e-05,5.1907e-05,26,1,26,26,26,6,1,6,6,6,0,1,0,0,0
10,80,33,1,33,33,33,3.7279e-05,1,3.7279e-05,3.7279e-05,3.7279e-05,14,1,14,14,14,7,1,7,7,7,0,1,0,0,0
10,80,34,1,34,34,34,4.5454e-05,1,4.5454e-05,4.5454e-05,4.5454e-05,21,1,21,21,21,6,1,6,6,6,0,1,0,0,0
10,80,30,1,30,30,30,4.6182e-05,1,4.6182e-05,4.6182e-05,4.6182e-05,24,1,24,24,24,5,1,5,5,5,0,1,0,0,0
10,80,32,1,32,32,32,5.2599e-05,1,5.2599e-05,5.2599e-05,5.2599e-05,23,1,23,23,23,6,1,6,6,6,0,1,0,0,0
10,80,35,1,35,35,35,5.9164e-05,1,5.9164e-05,5.9164e-05,5.9164e-05,25,1,25,25,25,6,1,6,6,6,0,1,0,0,0
10,80,37,1,37,37,37,4.2548e-05,1,4.2548e-05,4.2548e-05,4.2548e-05,15,1,15,15,15,7,1,7,7,7,0,1,0,0,0
10,80,38,1,38,38,38,3.8418e-05,1,3.8418e-05,3.8418e-05,3.8418e-05,11,1,11,11,11,8,1,8,8,8,0,1,0,0,0
10,80,32,1,32,32,32,3.895e-05,1,3.895e-05,3.895e-05,3.895e-05,14,1,14,14,14,6,1,6,6,6,0,1,0,0,0
10,80,34,1,34,34,34,4.1525e-05,1,4.1525e-05,4.1525e-05,4.1525e-05,14,1,14,14,14,7,1,7,7,7,0,1,0,0,0
10,80,34,1,34,34,34,3.8898e-05,1,3.8898e-05,3.8898e-05,3.8898e-05,13,1,13,13,13,7,1,7,7,7,0,1,0,0,0
10,80,36,1,36,36,36,5.6696e-05,1,5.6696e-05,5.6696e-05,5.6696e-05,29,1,29,29,29,6,1,6,6,6,0,1,0,0,0
10,80,40,1,40,40,40,4.703e-05,1,4.703e-05,4.703e-05,4.703e-05,17,1,17,17,17,8,1,8,8,8,0,1,0,0,0
10,80,33,1,33,33,33,4.3307e-05,1,4.3307e-05,4.3307e-05,4.3307e-05,18,1,18,18,18,6,1,6,6,6,0,1,0,0,0
10,80,34,1,34,34,34,5.1168e-05,1,5.1168e-05,5.1168e-05,5.1168e-05,23,1,23,23,23,6,1,6,6,6,0,1,0,0,0
10,80,34,1,34,34,34,0.000100602,1,0.000100602,0.000100602,0.000100602,23,1,23,23,23,6,1,6,6,6,0,1,0,0,0
10,80,38,1,38,38,38,3.9295e-05,1,3.9295e-05,3.9295e-05,3.9295e-05,11,1,11,11,11,8,1,8,8,8,0,1,0,0,0
10,80,33,1,33,33,33,4.6562e-05,1,4.6562e-05,4.6562e-05,4.6562e-05,23,1,23,23,23,6,1,6,6,6,0,1,0,0,0
10,80,35,1,35,35,35,3.9417e-05,1,3.9417e-05,3.9417e-05,3.9417e-05,13,1,13,13,13,7,1,7,7,7,0,1,0,0,0
10,80,41,1,41,41,41,4.5351e-05,1,4.5351e-05,4.5351e-05,4.5351e-05,16,1,16,16,16,8,1,8,8,8,0,1,0,0,0
10,80,37,1,37,37,37,4.3109e-05,1,4.3109e-05,4.3109e-05,4.3109e-05,16,1,16,16,16,7,1,7,7,7,0,1,0,0,0
10,80,39,1,39,39,39,4.0184e-05,1,4.0184e-05,4.0184e-05,4.0184e-05,11,1,11,11,11,8,1,8,8,8,0,1,0,0,0
10,80,36,1,36,36,36,4.5353e-05,1,4.5353e-05,4.5353e-05,4.5353e-05,17,1,17,17,17,7,1,7,7,7,0,1,0,0,0
10,80,32,1,32,32,32,4.5138e-05,1,4.5138e-05,4.5138e-05,4.5138e-05,19,1,19,19,19,6,1,6,6,6,0,1,0,0,0
10,80,37,1,37,37,37,4.008e-05,1,4.008e-05,4.008e-05,4.008e-05,15,1,15,15,15,7,1,7,7,7,0,1,0,0,0
10,80,36,1,36,36,36,4.2758e-05,1,4.2758e-05,4.2758e-05,4.2758e-05,16,1,16,16,16,7,1,7,7,7,0,1,0,0,0
10,80,34,1,34,34,34,3.8053e-05,1,3.8053e-05,3.8053e-05,3.8053e-05,13,1,13,13,13,7,1,7,7,7,0,1,0,0,0
10,80,35,1,35,35,35,4.7266e-05,1,4.7266e-05,4.7266e-05,4.7266e-05,17,1,17,17,17,7,1,7,7,7,0,1,0,0,0
10,80,39,1,39,39,39,4.249e-05,1,4.249e-05,4.249e-05,4.249e-05,13,1,13,13,13,8,1,8,8,8,0,1,0,0,0
10,80,37,1,37,37,37,4.6382e-05,1,4.6382e-05,4.6382e-05,4.6382e-05,17,1,17,17,17,7,1,7,7,7,0,1,0,0,0
10,80,33,1,33,33,33,3.7923e-05,1,3.7923e-05,3.7923e-05,3.7923e-05,14,1,14,14,14,7,1,7,7,7,0,1,0,0,0
10,80,38,1,38,38,38,4.7649e-05,1,4.7649e-05,4.7649e-05,4.7649e-05,16,1,16,16,16,8,1,8,8,8,0,1,0,0,0
10,80,37,1,37,37,37,6.2021e-05,1,6.2021e-05,6.2021e-05,6.2021e-05,34,1,34,34,34,6,1,6,6,6,0,1,0,0,0
10,80,36,1,36,36,36,3.9636e-05,1,3.9636e-05,3.9636e-05,3.9636e-05,11,1,11,11,11,8,1,8,8,8,0,1,0,0,0
10,80,38,1,38,38,38,4.3677e-05,1,4.3677e-05,4.3677e-05,4.3677e-05,19,1,19,19,19,7,1,7,7,7,0,1,0,0,0
10,80,36,1,36,36,36,5.5037e-05,1,5.5037e-05,5.5037e-05,5.5037e-05,27,1,27,27,27,6,1,6,6,6,0,1,0,0,0
10,80,35,1,35,35,35,3.865e-05,1,3.865e-05,3.865e-05,3.865e-05,11,1,11,11,11,8,1,8,8,8,0,1,0,0,0
10,80,34,1,34,34,34,3.9226e-05,1,3.9226e-05,3.9226e-05,3.9226e-05,13,1,13,13,13,7,1,7,7,7,0,1,0,0,0
10,80,36,1,36,36,36,3.98e-05,1,3.98e-05,3.98e-05,3.98e-05,13,1,13,13,13,7,1,7,7,7,0,1,0,0,0
10,80,35,1,35,35,35,3.8381e-05,1,3.8381e-05,3.8381e-05,3.8381e-05,13,1,13,13,13,7,1,7,7,7,0,1,0,0,0
10,80,35,1,35,35,35,4.157e-05,1,4.157e-05,4.157e-05,4.157e-05,14,1,14,14,14,7,1,7,7,7,0,1,0,0,0
10,80,38,1,38,38,38,4.4733e-05,1,4.4733e-05,4.4733e-05,4.4733e-05,17,1,17,17,17,7,1,7,7,7,0,1,0,0,0
10,80,37,1,37,37,37,4.6942e-05,1,4.6942e-05,4.6942e-05,4.6942e-05,19,1,19,19,19,7,1,7,7,7,0,1,0,0,0
10,80,34,1,34,34,34,3.7354e-05,1,3.7354e-05,3.7354e-05,3.7354e-05,11,1,11,11,11,7,1,7,7,7,0,1,0,0,0
10,80,38,1,38,38,38,3.8075e-05,1,3.8075e-05,3.8075e-05,3.8075e-05,11,1,11,11,11,8,1,8,8,8,0,1,0,0,0
10,80,41,1,41,41,41,4.2048e-05,1,4.2048e-05,4.2048e-05,4.2048e-05,11,1,11,11,11,9,1,9,9,9,0,1,0,0,0
10,80,41,1,41,41,41,4.7217e-05,1,4.7217e-05,4.7217e-05,4.7217e-05,16,1,16,16,16,8,1,8,8,8,0,1,0,0,0
10,80,39,1,39,39,39,4.5945e-05,1,4.5945e-05,4.5945e-05,4.5945e-05,15,1,15,15,15,8,1,8,8,8,0,1,0,0,0
10,80,38,1,38,38,38,3.9368e-05,1,3.9368e-05,3.9368e-05,3.9368e-05,11,1,11,11,11,8,1,8,8,8,0,1,0,0,0
10,80,35,1,35,35,35,5.0622e-05,1,5.0622e-05,5.0622e-05,5.0622e-05,22,1,22,22,22,6,1,6,6,6,0,1,0,0,0
10,80,33,1,33,33,33,4.0895e-05,1,4.0895e-05,4.0895e-05,4.0895e-05,14,1,14,14,14,7,1,7,7,7,0,1,0,0,0
10,80,35,1,35,35,35,3.7924e-05,1,3.7924e-05,3.7924e-05,3.7924e-05,13,1,13,13,13,7,1,7,7,7,0,1,0,0,0
10,80,38,1,38,38,38,3.8776e-05,1,3.8776e-05,3.8776e-05,3.8776e-05,11,1,11,11,11,8,1,8,8,8,0,1,0,0,0
10,80,39,1,39,39,39,3.9622e-05,1,3.9622e-05,3.9622e-05,3.9622e-05,11,1,11,11,11,9,1,9,9,9,0,1,0,0,0
10,80,39,1,39,39,39,4.0985e-05,1,4.0985e-05,4.0985e-05,4.0985e-05,11,1,11,11,11,8,1,8,8,8,0,1,0,0,0
10,80,34,1,34,34,34,4.0795e-05,1,4.0795e-05,4.0795e-05,4.0795e-05,11,1,11,11,11,8,1,8,8,8,0,1,0,0,0
10,80,35,1,35,35,35,5.7642e-05,1,5.7642e-05,5.7642e-05,5.7642e-05,28,1,28,28,28,6,1,6,6,6,0,1,0,0,0
10,80,37,1,37,37,37,5.8806e-05,1,5.8806e-05,5.8806e-05,5.8806e-05,31,1,31,31,31,6,1,6,6,6,0,1,0,0,0
10,80,33,1,33,33,33,5.3435e-05,1,5.3435e-05,5.3435e-05,5.3435e-05,22,1,22,22,22,6,1,6,6,6,0,1,0,0,0
10,80,35,1,35,35,35,3.7155e-05,1,3.7155e-05,3.7155e-05,3.7155e-05,11,1,11,11,11,7,1,7,7,7,0,1,0,0,0
10,80,35,1,35,35,35,5.4058e-05,1,5.4058e-05,5.4058e-05,5.4058e-05,26,1,26,26,26,6,1,6,6,6,0,1,0,0,0
10,80,34,1,34,34,34,7.3084e-05,1,7.3084e-05,7.3084e-05,7.3084e-05,14,1,14,14,14,7,1,7,7,7,0,1,0,0,0
10,80,38,1,38,38,38,4.4852e-05,1,4.4852e-05,4.4852e-05,4.4852e-05,17,1,17,17,17,7,1,7,7,7,0,1,0,0,0
10,80,38,1,38,38,38,5.2084e-05,1,5.2084e-05,5.2084e-05,5.2084e-05,20,1,20,20,20,7,1,7,7,7,0,1,0,0,0
10,80,39,1,39,39,39,6.3799e-05,1,6.3799e-05,6.3799e-05,6.3799e-05,25,1,25,25,25,7,1,7,7,7,0,1,0,0,0
10,80,36,1,36,36,36,4.6643e-05,1,4.6643e-05,4.6643e-05,4.6643e-05,17,1,17,17,17,7,1,7,7,7,0,1,0,0,0
10,80,38,1,38,38,38,4.8827e-05,1,4.8827e-05,4.8827e-05,4.8827e-05,19,1,19,19,19,7,1,7,7,7,0,1,0,0,0
10,80,41,1,41,41,41,4.2171e-05,1,4.2171e-05,4.2171e-05,4.2171e-05,11,1,11,11,11,9,1,9,9,9,0,1,0,0,0
10,80,41,1,41,41,41,4.1626e-05,1,4.1626e-05,4.1626e-05,4.1626e-05,11,1,11,11,11,9,1,9,9,9,0,1,0,0,0
10,80,34,1,34,34,34,4.8613e-05,1,4.8613e-05,4.8613e-05,4.8613e-05,24,1,24,24,24,6,1,6,6,6,0,1,0,0,0
10,80,40,1,40,40,40,4.4161e-05,1,4.4161e-05,4.4161e-05,4.4161e-05,13,1,13,13,13,9,1,9,9,9,0,1,0,0,0
10,80,32,1,32,32,32,4.3513e-05,1,4.3513e-05,4.3513e-05,4.3513e-05,19,1,19,19,19,6,1,6,6,6,0,1,0,0,0
10,80,36,1,36,36,36,3.9422e-05,1,3.9422e-05,3.9422e-05,3.9422e-05,13,1,13,13,13,7,1,7,7,7,0,1,0,0,0
10,80,39,1,39,39,39,4.8745e-05,1,4.8745e-05,4.8745e-05,4.8745e-05,20,1,20,20,20,7,1,7,7,7,0,1,0,0,0
10,80,38,1,38,38,38,3.8637e-05,1,3.8637e-05,3.8637e-05,3.8637e-05,11,1,11,11,11,8,1,8,8,8,0,1,0,0,0
10,80,34,1,34,34,34,4.7056e-05,1,4.7056e-05,4.7056e-05,4.7056e-05,20,1,20,20,20,6,1,6,6,6,0,1,0,0,0
10,80,36,1,36,36,36,3.8665e-05,1,3.8665e-05,3.8665e-05,3.8665e-05,11,1,11,11,11,8,1,8,8,8,0,1,0,0,0
10,80,33,1,33,33,33,4.0826e-05,1,4.0826e-05,4.0826e-05,4.0826e-05,14,1,14,14,14,7,1,7,7,7,0,1,0,0,0
10,80,36,1,36,36,36,3.7664e-05,1,3.7664e-05,3.7664e-05,3.7664e-05,11,1,11,11,11,8,1,8,8,8,0,1,0,0,0
10,80,35,1,35,35,35,5.0027e-05,1,5.0027e-05,5.0027e-05,5.0027e-05,23,1,23,23,23,6,1,6,6,6,0,1,0,0,0
10,80,37,1,37,37,37,6.2126e-05,1,6.2126e-05,6.2126e-05,6.2126e-05,30,1,30,30,30,6,1,6,6,6,0,1,0,0,0
10,80,34,1,34,34,34,4.3545e-05,1,4.3545e-05,4.3545e-05,4.3545e-05,19,1,19,19,19,6,1,6,6,6,0,1,0,0,0
10,80,36,1,36,36,36,4.8622e-05,1,4.8622e-05,4.8622e-05,4.8622e-05,17,1,17,17,17,7,1,7,7,7,0,1,0,0,0
10,80,37,1,37,37,37,4.1864e-05,1,4.1864e-05,4.1864e-05,4.1864e-05,15,1,15,15,15,7,1,7,7,7,0,1,0,0,0
10,80,36,1,36,36,36,3.6864e-05,1,3.6864e-05,3.6864e-05,3.6864e-05,13,1,13,13,13,7,1,7,7,7,0,1,0,0,0
10,80,35,1,35,35,35,5.1201e-05,1,5.1201e-05,5.1201e-05,5.1201e-05,23,1,23,23,23,6,1,6,6,6,0,1,0,0,0
10,80,35,1,35,35,35,4.4799e-05,1,4.4799e-05,4.4799e-05,4.4799e-05,16,1,16,16,16,7,1,7,7,7,0,1,0,0,0
10,80,36,1,36,36,36,4.8103e-05,1,4.8103e-05,4.8103e-05,4.8103e-05,18,1,18,18,18,7,1,7,7,7,0,1,0,0,0
10,80,36,1,36,36,36,4.7603e-05,1,4.7603e-05,4.7603e-05,4.7603e-05,16,1,16,16,16,7,1,7,7,7,0,1,0,0,0
10,80,39,1,39,39,39,3.9897e-05,1,3.9897e-05,3.9897e-05,3.9897e-05,11,1,11,11,11,8,1,8,8,8,0,1,0,0,0
10,80,31,1,31,31,31,4.0753e-05,1,4.0753e-05,4.0753e-05,4.0753e-05,16,1,16,16,16,6,1,6,6,6,0,1,0,0,0
10,80,36,1,36,36,36,3.7406e-05,1,3.7406e-05,3.7406e-05,3.7406e-05,11,1,11,11,11,8,1,8,8,8,0,1,0,0,0
10,80,40,1,40,40,40,4.0652e-05,1,4.0652e-05,4.0652e-05,4.0652e-05,11,1,11,11,11,9,1,9,9,9,0,1,0,0,0
10,80,38,1,38,38,38,3.946e-05,1,3.946e-05,3.946e-05,3.946e-05,11,1,11,11,11,8,1,8,8,8,0,1,0,0,0
10,80,37,1,37,37,37,4.896e-05,1,4.896e-05,4.896e-05,4.896e-05,16,1,16,16,16,7,1,7,7,7,0,1,0,0,0
10,80,33,1,33,33,33,4.345e-05,1,4.345e-05,4.345e-05,4.345e-05,18,1,18,18,18,6,1,6,6,6,0,1,0,0,0
10,80,40,1,40,40,40,4.4998e-05,1,4.4998e-05,4.4998e-05,4.4998e-05,15,1,15,15,15,8,1,8,8,8,0,1,0,0,0
10,80,39,1,39,39,39,4.2937e-05,1,4.2937e-05,4.2937e-05,4.2937e-05,13,1,13,13,13,8,1,8,8,8,0,1,0,0,0
10,80,34,1,34,34,34,4.7995e-05,1,4.7995e-05,4.7995e-05,4.7995e-05,20,1,20,20,20,7,1,7,7,7,0,1,0,0,0
10,80,34,1,34,34,34,4.478e-05,1,4.478e-05,4.478e-05,4.478e-05,18,1,18,18,18,6,1,6,6,6,0,1,0,0,0
10,80,38,1,38,38,38,3.9535e-05,1,3.9535e-05,3.9535e-05,3.9535e-05,11,1,11,11,11,8,1,8,8,8,0,1,0,0,0
10,80,38,1,38,38,38,5.1873e-05,1,5.1873e-05,5.1873e-05,5.1873e-05,23,1,23,23,23,7,1,7,7,7,0,1,0,0,0
10,80,39,1,39,39,39,4.4103e-05,1,4.4103e-05,4.4103e-05,4.4103e-05,14,1,14,14,14,8,1,8,8,8,0,1,0,0,0
10,80,34,1,34,34,34,5.4739e-05,1,5.4739e-05,5.4739e-05,5.4739e-05,24,1,24,24,24,6,1,6,6,6,0,1,0,0,0
10,80,38,1,38,38,38,6.2661e-05,1,6.2661e-05,6.2661e-05,6.2661e-05,25,1,25,25,25,7,1,7,7,7,0,1,0,0,0
10,80,29,1,29,29,29,3.3778e-05,1,3.3778e-05,3.3778e-05,3.3778e-05,13,1,13,13,13,6,1,6,6,6,0,1,0,0,0
10,80,34,1,34,34,34,4.5842e-05,1,4.5842e-05,4.5842e-05,4.5842e-05,22,1,22,22,22,6,1,6,6,6,0,1,0,0,0
10,80,38,1,38,38,38,5.0506e-05,1,5.0506e-05,5.0506e-05,5.0506e-05,19,1,19,19,19,7,1,7,7,7,0,1,0,0,0
10,80,33,1,33,33,33,4.4422e-05,1,4.4422e-05,4.4422e-05,4.4422e-05,18,1,18,18,18,6,1,6,6,6,0,1,0,0,0
10,80,43,1,43,43,43,4.3976e-05,1,4.3976e-05,4.3976e-05,4.3976e-05,13,1,13,13,13,9,1,9,9,9,0,1,0,0,0
10,80,34,1,34,34,34,3.7216e-05,1,3.7216e-05,3.7216e-05,3.7216e-05,11,1,11,11,11,7,1,7,7,7,0,1,0,0,0
10,80,37,1,37,37,37,3.8346e-05,1,3.8346e-05,3.8346e-05,3.8346e-05,11,1,11,11,11,8,1,8,8,8,0,1,0,0,0
10,80,30,1,30,30,30,3.4528e-05,1,3.4528e-05,3.4528e-05,3.4528e-05,13,1,13,13,13,6,1,6,6,6,0,1,0,0,0
10,80,34,1,34,34,34,3.8828e-05,1,3.8828e-05,3.8828e-05,3.8828e-05,13,1,13,13,13,7,1,7,7,7,0,1,0,0,0
10,80,32,1,32,32,32,4.1699e-05,1,4.1699e-05,4.1699e-05,4.1699e-05,18,1,18,18,18,6,1,6,6,6,0,1,0,0,0
10,80,39,1,39,39,39,4.6915e-05,1,4.6915e-05,4.6915e-05,4.6915e-05,16,1,16,16,16,8,1,8,8,8,0,1,0,0,0
10,80,38,1,38,38,38,4.7057e-05,1,4.7057e-05,4.7057e-05,4.7057e-05,20,1,20,20,20,7,1,7,7,7,0,1,0,0,0
10,80,37,1,37,37,37,6.8458e-05,1,6.8458e-05,6.8458e-05,6.8458e-05,36,1,36,36,36,6,1,6,6,6,0,1,0,0,0
10,80,38,1,38,38,38,4.6861e-05,1,4.6861e-05,4.6861e-05,4.6861e-05,20,1,20,20,20,7,1,7,7,7,0,1,0,0,0
10,80,38,1,38,38,38,4.9621e-05,1,4.9621e-05,4.9621e-05,4.9621e-05,19,1,19,19,19,7,1,7,7,7,0,1,0,0,0
10,80,35,1,35,35,35,5.0959e-05,1,5.0959e-05,5.0959e-05,5.0959e-05,25,1,25,25,25,6,1,6,6,6,0,1,0,0,0
10,80,37,1,37,37,37,4.3945e-05,1,4.3945e-05,4.3945e-05,4.3945e-05,16,1,16,16,16,7,1,7,7,7,0,1,0,0,0
10,80,35,1,35,35,35,4.9413e-05,1,4.9413e-05,4.9413e-05,4.9413e-05,23,1,23,23,23,6,1,6,6,6,0,1,0,0,0
10,80,36,1,36,36,36,4.0033e-05,1,4.0033e-05,4.0033e-05,4.0033e-05,13,1,13,13,13,7,1,7,7,7,0,1,0,0,0
10,80,39,1,39,39,39,5.8555e-05,1,5.8555e-05,5.8555e-05,5.8555e-05,25,1,25,25,25,7,1,7,7,7,0,1,0,0,0
10,80,41,1,41,41,41,6.2322e-05,1,6.2322e-05,6.2322e-05,6.2322e-05,33,1,33,33,33,7,1,7,7,7,0,1,0,0,0
10,80,36,1,36,36,36,6.0418e-05,1,6.0418e-05,6.0418e-05,6.0418e-05,29,1,29,29,29,6,1,6,6,6,0,1,0,0,0
10,80,36,1,36,36,36,4.2731e-05,1,4.2731e-05,4.2731e-05,4.2731e-05,15,1,15,15,15,7,1,7,7,7,0,1,0,0,0
10,80,35,1,35,35,35,3.785e-05,1,3.785e-05,3.785e-05,3.785e-05,13,1,13,13,13,7,1,7,7,7,0,1,0,0,0
10,80,37,1,37,37,37,3.7441e-05,1,3.7441e-05,3.7441e-05,3.7441e-05,11,1,11,11,11,8,1,8,8,8,0,1,0,0,0
10,80,40,1,40,40,40,4.3874e-05,1,4.3874e-05,4.3874e-05,4.3874e-05,14,1,14,14,14,8,1,8,8,8,0,1,0,0,0
10,80,34,1,34,34,34,3.7712e-05,1,3.7712e-05,3.7712e-05,3.7712e-05,11,1,11,11,11,8,1,8,8,8,0,1,0,0,0
10,80,37,1,37,37,37,3.6847e-05,1,3.6847e-05,3.6847e-05,3.6847e-05,11,1,11,11,11,8,1,8,8,8,0,1,0,0,0
10,80,36,1,36,36,36,4.432e-05,1,4.432e-05,4.432e-05,4.432e-05,16,1,16,16,16,7,1,7,7,7,0,1,0,0,0
10,80,37,1,37,37,37,8.1001e-05,1,8.1001e-05,8.1001e-05,8.1001e-05,18,1,18,18,18,7,1,7,7,7,0,1,0,0,0
10,80,36,1,36,36,36,6.2192e-05,1,6.2192e-05,6.2192e-05,6.2192e-05,11,1,11,11,11,8,1,8,8,8,0,1,0,0,0
10,80,40,1,40,40,40,4.354e-05,1,4.354e-05,4.354e-05,4.354e-05,11,1,11,11,11,9,1,9,9,9,0,1,0,0,0
10,80,32,1,32,32,32,4.2303e-05,1,4.2303e-05,4.2303e-05,4.2303e-05,16,1,16,16,16,6,1,6,6,6,0,1,0,0,0
10,80,38,1,38,38,38,7.1563e-05,1,7.1563e-05,7.1563e-05,7.1563e-05,20,1,20,20,20,7,1,7,7,7,0,1,0,0,0
10,80,34,1,34,34,34,6.5445e-05,1,6.5445e-05,6.5445e-05,6.5445e-05,37,1,37,37,37,5,1,5,5,5,0,1,0,0,0
10,80,36,1,36,36,36,6.0688e-05,1,6.0688e-05,6.0688e-05,6.0688e-05,29,1,29,29,29,6,1,6,6,6,0,1,0,0,0
10,80,40,1,40,40,40,6.8772e-05,1,6.8772e-05,6.8772e-05,6.8772e-05,15,1,15,15,15,8,1,8,8,8,0,1,0,0,0
10,80,38,1,38,38,38,4.8356e-05,1,4.8356e-05,4.8356e-05,4.8356e-05,19,1,19,19,19,7,1,7,7,7,0,1,0,0,0
10,80,37,1,37,37,37,3.8884e-05,1,3.8884e-05,3.8884e-05,3.8884e-05,11,1,11,11,11,8,1,8,8,8,0,1,0,0,0
10,80,39,1,39,39,39,5.77e-05,1,5.77e-05,5.77e-05,5.77e-05,25,1,25,25,25,7,1,7,7,7,0,1,0,0,0
10,80,40,1,40,40,40,4.2676e-05,1,4.2676e-05,4.2676e-05,4.2676e-05,13,1,13,13,13,8,1,8,8,8,0,1,0,0,0
10,80,35,1,35,35,35,4.0584e-05,1,4.0584e-05,4.0584e-05,4.0584e-05,15,1,15,15,15,7,1,7,7,7,0,1,0,0,0
10,80,34,1,34,34,34,3.4642e-05,1,3.4642e-05,3.4642e-05,3.4642e-05,11,1,11,11,11,7,1,7,7,7,0,1,0,0,0
10,80,37,1,37,37,37,4.7189e-05,1,4.7189e-05,4.7189e-05,4.7189e-05,16,1,16,16,16,8,1,8,8,8,0,1,0,0,0
10,80,37,1,37,37,37,4.7923e-05,1,4.7923e-05,4.7923e-05,4.7923e-05,18,1,18,18,18,7,1,7,7,7,0,1,0,0,0
10,80,37,1,37,37,37,4.4207e-05,1,4.4207e-05,4.4207e-05,4.4207e-05,16,1,16,16,16,7,1,7,7,7,0,1,0,0,0
10,80,36,1,36,36,36,4.8052e-05,1,4.8052e-05,4.8052e-05,4.8052e-05,18,1,18,18,18,7,1,7,7,7,0,1,0,0,0
10,80,34,1,34,34,34,4.2849e-05,1,4.2849e-05,4.2849e-05,4.2849e-05,19,1,19,19,19,6,1,6,6,6,0,1,0,0,0
10,80,32,1,32,32,32,3.3398e-05,1,3.3398e-05,3.3398e-05,3.3398e-05,11,1,11,11,11,7,1,7,7,7,0,1,0,0,0
10,80,37,1,37,37,37,4.605e-05,1,4.605e-05,4.605e-05,4.605e-05,17,1,17,17,17,7,1,7,7,7,0,1,0,0,0
10,80,38,1,38,38,38,6.8414e-05,1,6.8414e-05,6.8414e-05,6.8414e-05,20,1,20,20,20,7,1,7,7,7,0,1,0,0,0
10,80,34,1,34,34,34,4.4407e-05,1,4.4407e-05,4.4407e-05,4.4407e-05,20,1,20,20,20,6,1,6,6,6,0,1,0,0,0
10,80,36,1,36,36,36,5.8714e-05,1,5.8714e-05,5.8714e-05,5.8714e-05,27,1,27,27,27,6,1,6,6,6,0,1,0,0,0
10,80,40,1,40,40,40,5.6468e-05,1,5.6468e-05,5.6468e-05,5.6468e-05,27,1,27,27,27,7,1,7,7,7,0,1,0,0,0
10,80,39,1,39,39,39,5.538e-05,1,5.538e-05,5.538e-05,5.538e-05,25,1,25,25,25,7,1,7,7,7,0,1,0,0,0
10,80,36,1,36,36,36,4.8978e-05,1,4.8978e-05,4.8978e-05,4.8978e-05,19,1,19,19,19,7,1,7,7,7,0,1,0,0,0
10,80,33,1,33,33,33,4.3094e-05,1,4.3094e-05,4.3094e-05,4.3094e-05,18,1,18,18,18,6,1,6,6,6,0,1,0,0,0
10,80,31,1,31,31,31,4.5648e-05,1,4.5648e-05,4.5648e-05,4.5648e-05,20,1,20,20,20,6,1,6,6,6,0,1,0,0,0
10,80,26,1,26,26,26,3.9632e-05,1,3.9632e-05,3.9632e-05,3.9632e-05,20,1,20,20,20,5,1,5,5,5,0,1,0,0,0
10,80,36,1,36,36,36,4.364e-05,1,4.364e-05,4.364e-05,4.364e-05,16,1,16,16,16,7,1,7,7,7,0,1,0,0,0
10,80,32,1,32,32,32,3.9125e-05,1,3.9125e-05,3.9125e-05,3.9125e-05,13,1,13,13,13,7,1,7,7,7,0,1,0,0,0
10,80,33,1,33,33,33,4.4648e-05,1,4.4648e-05,4.4648e-05,4.4648e-05,16,1,16,16,16,7,1,7,7,7,0,1,0,0,0
10,80,34,1,34,34,34,4.6795e-05,1,4.6795e-05,4.6795e-05,4.6795e-05,21,1,21,21,21,6,1,6,6,6,0,1,0,0,0
10,80,39,1,39,39,39,4.9686e-05,1,4.9686e-05,4.9686e-05,4.9686e-05,21,1,21,21,21,7,1,7,7,7,0,1,0,0,0
10,80,37,1,37,37,37,4.4732e-05,1,4.4732e-05,4.4732e-05,4.4732e-05,16,1,16,16,16,7,1,7,7,7,0,1,0,0,0
10,80,38,1,38,38,38,6.2757e-05,1,6.2757e-05,6.2757e-05,6.2757e-05,18,1,18,18,18,7,1,7,7,7,0,1,0,0,0
10,80,35,1,35,35,35,4.2512e-05,1,4.2512e-05,4.2512e-05,4.2512e-05,16,1,16,16,16,7,1,7,7,7,0,1,0,0,0
10,80,40,1,40,40,40,4.3641e-05,1,4.3641e-05,4.3641e-05,4.3641e-05,14,1,14,14,14,8,1,8,8,8,0,1,0,0,0
10,80,41,1,41,41,41,4.1853e-05,1,4.1853e-05,4.1853e-05,4.1853e-05,11,1,11,11,11,9,1,9,9,9,0,1,0,0,0
10,80,34,1,34,34,34,4.7094e-05,1,4.7094e-05,4.7094e-05,4.7094e-05,17,1,17,17,17,7,1,7,7,7,0,1,0,0,0
10,80,37,1,37,37,37,4.4585e-05,1,4.4585e-05,4.4585e-05,4.4585e-05,15,1,15,15,15,7,1,7,7,7,0,1,0,0,0
10,80,39,1,39,39,39,4.4986e-05,1,4.4986e-05,4.4986e-05,4.4986e-05,15,1,15,15,15,8,1,8,8,8,0,1,0,0,0
10,80,40,1,40,40,40,4.4992e-05,1,4.4992e-05,4.4992e-05,4.4992e-05,15,1,15,15,15,8,1,8,8,8,0,1,0,0,0
10,80,38,1,38,38,38,4.5577e-05,1,4.5577e-05,4.5577e-05,4.5577e-05,15,1,15,15,15,8,1,8,8,8,0,1,0,0,0
10,80,35,1,35,35,35,4.0425e-05,1,4.0425e-05,4.0425e-05,4.0425e-05,13,1,13,13,13,7,1,7,7,7,0,1,0,0,0
10,80,33,1,33,33,33,4.0767e-05,1,4.0767e-05,4.0767e-05,4.0767e-05,17,1,17,17,17,6,1,6,6,6,0,1,0,0,0
10,80,38,1,38,38,38,6.0726e-05,1,6.0726e-05,6.0726e-05,6.0726e-05,25,1,25,25,25,7,1,7,7,7,0,1,0,0,0
10,80,32,1,32,32,32,3.7146e-05,1,3.7146e-05,3.7146e-05,3.7146e-05,15,1,15,15,15,6,1,6,6,6,0,1,0,0,0
10,80,37,1,37,37,37,3.9112e-05,1,3.9112e-05,3.9112e-05,3.9112e-05,11,1,11,11,11,8,1,8,8,8,0,1,0,0,0
10,80,33,1,33,33,33,3.48e-05,1,3.48e-05,3.48e-05,3.48e-05,11,1,11,11,11,7,1,7,7,7,0,1,0,0,0
10,80,37,1,37,37,37,5.8124e-05,1,5.8124e-05,5.8124e-05,5.8124e-05,31,1,31,31,31,6,1,6,6,6,0,1,0,0,0
10,80,36,1,36,36,36,4.3558e-05,1,4.3558e-05,4.3558e-05,4.3558e-05,15,1,15,15,15,7,1,7,7,7,0,1,0,0,0
10,80,37,1,37,37,37,4.3101e-05,1,4.3101e-05,4.3101e-05,4.3101e-05,15,1,15,15,15,7,1,7,7,7,0,1,0,0,0
10,80,38,1,38,38,38,4.6591e-05,1,4.6591e-05,4.6591e-05,4.6591e-05,18,1,18,18,18,7,1,7,7,7,0,1,0,0,0
10,80,33,1,33,33,33,3.3448e-05,1,3.3448e-05,3.3448e-05,3.3448e-05,11,1,11,11,11,7,1,7,7,7,0,1,0,0,0
10,80,37,1,37,37,37,4.5868e-05,1,4.5868e-05,4.5868e-05,4.5868e-05,18,1,18,18,18,7,1,7,7,7,0,1,0,0,0
10,80,37,1,37,37,37,4.656e-05,1,4.656e-05,4.656e-05,4.656e-05,18,1,18,18,18,7,1,7,7,7,0,1,0,0,0
10,80,37,1,37,37,37,5.0158e-05,1,5.0158e-05,5.0158e-05,5.0158e-05,19,1,19,19,19,7,1,7,7,7,0,1,0,0,0
10,80,34,1,34,34,34,4.023e-05,1,4.023e-05,4.023e-05,4.023e-05,13,1,13,13,13,7,1,7,7,7,0,1,0,0,0
10,80,41,1,41,41,41,4.686e-05,1,4.686e-05,4.686e-05,4.686e-05,16,1,16,16,16,8,1,8,8,8,0,1,0,0,0
10,80,40,1,40,40,40,4.4843e-05,1,4.4843e-05,4.4843e-05,4.4843e-05,15,1,15,15,15,8,1,8,8,8,0,1,0,0,0
10,80,42,1,42,42,42,4.4501e-05,1,4.4501e-05,4.4501e-05,4.4501e-05,13,1,13,13,13,9,1,9,9,9,0,1,0,0,0
10,80,36,1,36,36,36,4.5265e-05,1,4.5265e-05,4.5265e-05,4.5265e-05,18,1,18,18,18,7,1,7,7,7,0,1,0,0,0
10,80,37,1,37,37,37,4.6978e-05,1,4.6978e-05,4.6978e-05,4.6978e-05,18,1,18,18,18,7,1,7,7,7,0,1,0,0,0
10,80,38,1,38,38,38,4.2478e-05,1,4.2478e-05,4.2478e-05,4.2478e-05,13,1,13,13,13,8,1,8,8,8,0,1,0,0,0
10,80,33,1,33,33,33,5.0581e-05,1,5.0581e-05,5.0581e-05,5.0581e-05,24,1,24,24,24,6,1,6,6,6,0,1,0,0,0
10,80,33,1,33,33,33,4.3104e-05,1,4.3104e-05,4.3104e-05,4.3104e-05,17,1,17,17,17,6,1,6,6,6,0,1,0,0,0
10,80,37,1,37,37,37,4.6543e-05,1,4.6543e-05,4.6543e-05,4.6543e-05,19,1,19,19,19,7,1,7,7,7,0,1,0,0,0
10,80,34,1,34,34,34,3.7315e-05,1,3.7315e-05,3.7315e-05,3.7315e-05,11,1,11,11,11,7,1,7,7,7,0,1,0,0,0
10,80,38,1,38,38,38,4.7654e-05,1,4.7654e-05,4.7654e-05,4.7654e-05,20,1,20,20,20,7,1,7,7,7,0,1,0,0,0
10,80,31,1,31,31,31,3.9411e-05,1,3.9411e-05,3.9411e-05,3.9411e-05,16,1,16,16,16,6,1,6,6,6,0,1,0,0,0
10,80,34,1,34,34,34,4.3396e-05,1,4.3396e-05,4.3396e-05,4.3396e-05,19,1,19,19,19,6,1,6,6,6,0,1,0,0,0
10,80,33,1,33,33,33,5.0059e-05,1,5.0059e-05,5.0059e-05,5.0059e-05,22,1,22,22,22,6,1,6,6,6,0,1,0,0,0
10,80,35,1,35,35,35,4.1815e-05,1,4.1815e-05,4.1815e-05,4.1815e-05,15,1,15,15,15,7,1,7,7,7,0,1,0,0,0
10,80,38,1,38,38,38,4.9931e-05,1,4.9931e-05,4.9931e-05,4.9931e-05,17,1,17,17,17,7,1,7,7,7,0,1,0,0,0
10,80,37,1,37,37,37,6.6429e-05,1,6.6429e-05,6.6429e-05,6.6429e-05,38,1,38,38,38,6,1,6,6,6,0,1,0,0,0
10,80,38,1,38,38,38,5.7603e-05,1,5.7603e-05,5.7603e-05,5.7603e-05,23,1,23,23,23,7,1,7,7,7,0,1,0,0,0
10,80,43,1,43,43,43,4.427e-05,1,4.427e-05,4.427e-05,4.427e-05,13,1,13,13,13,9,1,9,9,9,0,1,0,0,0
10,80,41,1,41,41,41,4.2132e-05,1,4.2132e-05,4.2132e-05,4.2132e-05,11,1,11,11,11,9,1,9,9,9,0,1,0,0,0
10,80,40,1,40,40,40,4.1528e-05,1,4.1528e-05,4.1528e-05,4.1528e-05,11,1,11,11,11,9,1,9,9,9,0,1,0,0,0
10,80,42,1,42,42,42,4.2071e-05,1,4.2071e-05,4.2071e-05,4.2071e-05,11,1,11,11,11,9,1,9,9,9,0,1,0,0,0
10,80,30,1,30,30,30,3.4499e-05,1,3.4499e-05,3.4499e-05,3.4499e-05,14,1,14,14,14,6,1,6,6,6,0,1,0,0,0
10,80,39,1,39,39,39,6.2227e-05,1,6.2227e-05,6.2227e-05,6.2227e-05,25,1,25,25,25,7,1,7,7,7,0,1,0,0,0
10,80,34,1,34,34,34,4.8428e-05,1,4.8428e-05,4.8428e-05,4.8428e-05,20,1,20,20,20,6,1,6,6,6,0,1,0,0,0
10,80,37,1,37,37,37,4.8412e-05,1,4.8412e-05,4.8412e-05,4.8412e-05,17,1,17,17,17,7,1,7,7,7,0,1,0,0,0
10,80,38,1,38,38,38,4.8865e-05,1,4.8865e-05,4.8865e-05,4.8865e-05,19,1,19,19,19,7,1,7,7,7,0,1,0,0,0
10,80,37,1,37,37,37,3.7672e-05,1,3.7672e-05,3.7672e-05,3.7672e-05,11,1,11,11,11,8,1,8,8,8,0,1,0,0,0
10,80,34,1,34,34,34,5.0364e-05,1,5.0364e-05,5.0364e-05,5.0364e-05,21,1,21,21,21,6,1,6,6,6,0,1,0,0,0
10,80,37,1,37,37,37,4.2043e-05,1,4.2043e-05,4.2043e-05,4.2043e-05,13,1,13,13,13,8,1,8,8,8,0,1,0,0,0
10,80,38,1,38,38,38,5.0697e-05,1,5.0697e-05,5.0697e-05,5.0697e-05,19,1,19,19,19,7,1,7,7,7,0,1,0,0,0
10,80,32,1,32,32,32,3.2648e-05,1,3.2648e-05,3.2648e-05,3.2648e-05,11,1,11,11,11,7,1,7,7,7,0,1,0,0,0
10,80,35,1,35,35,35,3.8609e-05,1,3.8609e-05,3.8609e-05,3.8609e-05,13,1,13,13,13,7,1,7,7,7,0,1,0,0,0
10,80,38,1,38,38,38,4.2004e-05,1,4.2004e-05,4.2004e-05,4.2004e-05,13,1,13,13,13,8,1,8,8,8,0,1,0,0,0
10,80,37,1,37,37,37,3.864e-05,1,3.864e-05,3.864e-05,3.864e-05,11,1,11,11,11,8,1,8,8,8,0,1,0,0,0
10,80,33,1,33,33,33,4.2547e-05,1,4.2547e-05,4.2547e-05,4.2547e-05,15,1,15,15,15,7,1,7,7,7,0,1,0,0,0
10,80,36,1,36,36,36,4.3562e-05,1,4.3562e-05,4.3562e-05,4.3562e-05,16,1,16,16,16,7,1,7,7,7,0,1,0,0,0
10,80,38,1,38,38,38,6.2713e-05,1,6.2713e-05,6.2713e-05,6.2713e-05,28,1,28,28,28,7,1,7,7,7,0,1,0,0,0
10,80,39,1,39,39,39,4.3174e-05,1,4.3174e-05,4.3174e-05,4.3174e-05,13,1,13,13,13,8,1,8,8,8,0,1,0,0,0
10,80,36,1,36,36,36,4.6731e-05,1,4.6731e-05,4.6731e-05,4.6731e-05,17,1,17,17,17,7,1,7,7,7,0,1,0,0,0
10,80,34,1,34,34,34,3.7706e-05,1,3.7706e-05,3.7706e-05,3.7706e-05,11,1,11,11,11,8,1,8,8,8,0,1,0,0,0
10,80,38,1,38,38,38,4.0524e-05,1,4.0524e-05,4.0524e-05,4.0524e-05,11,1,11,11,11,8,1,8,8,8,0,1,0,0,0
10,80,34,1,34,34,34,4.4482e-05,1,4.4482e-05,4.4482e-05,4.4482e-05,16,1,16,16,16,7,1,7,7,7,0,1,0,0,0
10,80,34,1,34,34,34,4.4057e-05,1,4.4057e-05,4.4057e-05,4.4057e-05,17,1,17,17,17,6,1,6,6,6,0,1,0,0,0
10,80,36,1,36,36,36,4.4725e-05,1,4.4725e-05,4.4725e-05,4.4725e-05,18,1,18,18,18,7,1,7,7,7,0,1,0,0,0
10,80,34,1,34,34,34,3.7276e-05,1,3.7276e-05,3.7276e-05,3.7276e-05,11,1,11,11,11,7,1,7,7,7,0,1,0,0,0
10,80,37,1,37,37,37,4.6916e-05,1,4.6916e-05,4.6916e-05,4.6916e-05,17,1,17,17,17,7,1,7,7,7,0,1,0,0,0
10,80,35,1,35,35,35,3.9857e-05,1,3.9857e-05,3.9857e-05,3.9857e-05,14,1,14,14,14,7,1,7,7,7,0,1,0,0,0
10,80,38,1,38,38,38,4.6617e-05,1,4.6617e-05,4.6617e-05,4.6617e-05,18,1,18,18,18,7,1,7,7,7,0,1,0,0,0
10,80,39,1,39,39,39,5.1988e-05,1,5.1988e-05,5.1988e-05,5.1988e-05,21,1,21,21,21,7,1,7,7,7,0,1,0,0,0
10,80,33,1,33,33,33,4.67e-05,1,4.67e-05,4.67e-05,4.67e-05,21,1,21,21,21,6,1,6,6,6,0,1,0,0,0
10,80,37,1,37,37,37,4.716e-05,1,4.716e-05,4.716e-05,4.716e-05,18,1,18,18,18,7,1,7,7,7,0,1,0,0,0
10,80,34,1,34,34,34,4.6818e-05,1,4.6818e-05,4.6818e-05,4.6818e-05,20,1,20,20,20,6,1,6,6,6,0,1,0,0,0
10,80,38,1,38,38,38,4.7001e-05,1,4.7001e-05,4.7001e-05,4.7001e-05,18,1,18,18,18,7,1,7,7,7,0,1,0,0,0
10,80,39,1,39,39,39,3.9472e-05,1,3.9472e-05,3.9472e-05,3.9472e-05,11,1,11,11,11,8,1,8,8,8,0,1,0,0,0
10,80,34,1,34,34,34,3.6861e-05,1,3.6861e-05,3.6861e-05,3.6861e-05,11,1,11,11,11,8,1,8,8,8,0,1,0,0,0
10,80,39,1,39,39,39,4.0054e-05,1,4.0054e-05,4.0054e-05,4.0054e-05,11,1,11,11,11,8,1,8,8,8,0,1,0,0,0
10,80,32,1,32,32,32,3.9183e-05,1,3.9183e-05,3.9183e-05,3.9183e-05,15,1,15,15,15,6,1,6,6,6,0,1,0,0,0
10,80,33,1,33,33,33,3.6347e-05,1,3.6347e-05,3.6347e-05,3.6347e-05,13,1,13,13,13,7,1,7,7,7,0,1,0,0,0
10,80,38,1,38,38,38,3.7416e-05,1,3.7416e-05,3.7416e-05,3.7416e-05,11,1,11,11,11,8,1,8,8,8,0,1,0,0,0
10,80,38,1,38,38,38,5.4383e-05,1,5.4383e-05,5.4383e-05,5.4383e-05,21,1,21,21,21,7,1,7,7,7,0,1,0,0,0
10,80,31,1,31,31,31,3.896e-05,1,3.896e-05,3.896e-05,3.896e-05,16,1,16,16,16,6,1,6,6,6,0,1,0,0,0
10,80,37,1,37,37,37,4.7297e-05,1,4.7297e-05,4.7297e-05,4.7297e-05,17,1,17,17,17,7,1,7,7,7,0,1,0,0,0
10,80,36,1,36,36,36,4.2281e-05,1,4.2281e-05,4.2281e-05,4.2281e-05,14,1,14,14,14,7,1,7,7,7,0,1,0,0,0
10,80,34,1,34,34,34,4.5861e-05,1,4.5861e-05,4.5861e-05,4.5861e-05,20,1,20,20,20,6,1,6,6,6,0,1,0,0,0
10,80,37,1,37,37,37,4.1194e-05,1,4.1194e-05,4.1194e-05,4.1194e-05,16,1,16,16,16,7,1,7,7,7,0,1,0,0,0
10,80,39,1,39,39,39,4.2925e-05,1,4.2925e-05,4.2925e-05,4.2925e-05,13,1,13,13,13,8,1,8,8,8,0,1,0,0,0
10,80,34,1,34,34,34,4.1159e-05,1,4.1159e-05,4.1159e-05,4.1159e-05,14,1,14,14,14,7,1,7,7,7,0,1,0,0,0
10,80,32,1,32,32,32,4.5694e-05,1,4.5694e-05,4.5694e-05,4.5694e-05,19,1,19,19,19,6,1,6,6,6,0,1,0,0,0
10,80,34,1,34,34,34,5.6175e-05,1,5.6175e-05,5.6175e-05,5.6175e-05,26,1,26,26,26,6,1,6,6,6,0,1,0,0,0
10,80,39,1,39,39,39,5.8297e-05,1,5.8297e-05,5.8297e-05,5.8297e-05,24,1,24,24,24,7,1,7,7,7,0,1,0,0,0
10,80,39,1,39,39,39,5.1125e-05,1,5.1125e-05,5.1125e-05,5.1125e-05,17,1,17,17,17,8,1,8,8,8,0,1,0,0,0
10,80,34,1,34,34,34,4.6112e-05,1,4.6112e-05,4.6112e-05,4.6112e-05,21,1,21,21,21,6,1,6,6,6,0,1,0,0,0
10,80,39,1,39,39,39,5.2066e-05,1,5.2066e-05,5.2066e-05,5.2066e-05,21,1,21,21,21,7,1,7,7,7,0,1,0,0,0
10,80,33,1,33,33,33,4.4516e-05,1,4.4516e-05,4.4516e-05,4.4516e-05,18,1,18,18,18,7,1,7,7,7,0,1,0,0,0
10,80,35,1,35,35,35,3.9452e-05,1,3.9452e-05,3.9452e-05,3.9452e-05,13,1,13,13,13,7,1,7,7,7,0,1,0,0,0
10,80,36,1,36,36,36,4.8898e-05,1,4.8898e-05,4.8898e-05,4.8898e-05,20,1,20,20,20,7,1,7,7,7,0,1,0,0,0
10,80,34,1,34,34,34,4.983e-05,1,4.983e-05,4.983e-05,4.983e-05,22,1,22,22,22,6,1,6,6,6,0,1,0,0,0
10,80,33,1,33,33,33,3.8063e-05,1,3.8063e-05,3.8063e-05,3.8063e-05,13,1,13,13,13,7,1,7,7,7,0,1,0,0,0
10,80,37,1,37,37,37,3.8491e-05,1,3.8491e-05,3.8491e-05,3.8491e-05,11,1,11,11,11,8,1,8,8,8,0,1,0,0,0
10,80,32,1,32,32,32,4.3534e-05,1,4.3534e-05,4.3534e-05,4.3534e-05,18,1,18,18,18,6,1,6,6,6,0,1,0,0,0
10,80,38,1,38,38,38,3.7145e-05,1,3.7145e-05,3.7145e-05,3.7145e-05,11,1,11,11,11,8,1,8,8,8,0,1,0,0,0
10,80,35,1,35,35,35,4.3162e-05,1,4.3162e-05,4.3162e-05,4.3162e-05,15,1,15,15,15,7,1,7,7,7,0,1,0,0,0
10,80,33,1,33,33,33,4.5573e-05,1,4.5573e-05,4.5573e-05,4.5573e-05,20,1,20,20,20,6,1,6,6,6,0,1,0,0,0
10,80,40,1,40,40,40,4.3833e-05,1,4.3833e-05,4.3833e-05,4.3833e-05,14,1,14,14,14,8,1,8,8,8,0,1,0,0,0
10,80,36,1,36,36,36,4.5185e-05,1,4.5185e-05,4.5185e-05,4.5185e-05,16,1,16,16,16,7,1,7,7,7,0,1,0,0,0
10,80,36,1,36,36,36,6.1673e-05,1,6.1673e-05,6.1673e-05,6.1673e-05,28,1,28,28,28,6,1,6,6,6,0,1,0,0,0
10,80,31,1,31,31,31,4.8684e-05,1,4.8684e-05,4.8684e-05,4.8684e-05,22,1,22,22,22,6,1,6,6,6,0,1,0,0,0
10,80,38,1,38,38,38,4.6519e-05,1,4.6519e-05,4.6519e-05,4.6519e-05,19,1,19,19,19,7,1,7,7,7,0,1,0,0,0
10,80,35,1,35,35,35,4.5922e-05,1,4.5922e-05,4.5922e-05,4.5922e-05,19,1,19,19,19,6,1,6,6,6,0,1,0,0,0
10,80,38,1,38,38,38,4.7299e-05,1,4.7299e-05,4.7299e-05,4.7299e-05,19,1,19,19,19,7,1,7,7,7,0,1,0,0,0
10,80,34,1,34,34,34,5.4483e-05,1,5.4483e-05,5.4483e-05,5.4483e-05,22,1,22,22,22,6,1,6,6,6,0,1,0,0,0
10,80,34,1,34,34,34,4.8896e-05,1,4.8896e-05,4.8896e-05,4.8896e-05,19,1,19,19,19,7,1,7,7,7,0,1,0,0,0
10,80,38,1,38,38,38,5.1431e-05,1,5.1431e-05,5.1431e-05,5.1431e-05,23,1,23,23,23,7,1,7,7,7,0,1,0,0,0
10,80,39,1,39,39,39,4.6149e-05,1,4.6149e-05,4.6149e-05,4.6149e-05,15,1,15,15,15,8,1,8,8,8,0,1,0,0,0
10,80,38,1,38,38,38,3.9524e-05,1,3.9524e-05,3.9524e-05,3.9524e-05,11,1,11,11,11,8,1,8,8,8,0,1,0,0,0
10,80,36,1,36,36,36,5.4273e-05,1,5.4273e-05,5.4273e-05,5.4273e-05,23,1,23,23,23,7,1,7,7,7,0,1,0,0,0
10,80,31,1,31,31,31,3.2861e-05,1,3.2861e-05,3.2861e-05,3.2861e-05,11,1,11,11,11,7,1,7,7,7,0,1,0,0,0
10,80,38,1,38,38,38,4.4802e-05,1,4.4802e-05,4.4802e-05,4.4802e-05,17,1,17,17,17,7,1,7,7,7,0,1,0,0,0
10,80,34,1,34,34,34,4.6371e-05,1,4.6371e-05,4.6371e-05,4.6371e-05,22,1,22,22,22,6,1,6,6,6,0,1,0,0,0
10,80,33,1,33,33,33,4.0828e-05,1,4.0828e-05,4.0828e-05,4.0828e-05,17,1,17,17,17,6,1,6,6,6,0,1,0,0,0
10,80,33,1,33,33,33,4.9465e-05,1,4.9465e-05,4.9465e-05,4.9465e-05,22,1,22,22,22,6,1,6,6,6,0,1,0,0,0
10,80,30,1,30,30,30,3.2481e-05,1,3.2481e-05,3.2481e-05,3.2481e-05,11,1,11,11,11,7,1,7,7,7,0,1,0,0,0
10,80,37,1,37,37,37,5.0547e-05,1,5.0547e-05,5.0547e-05,5.0547e-05,20,1,20,20,20,7,1,7,7,7,0,1,0,0,0
10,80,35,1,35,35,35,3.9541e-05,1,3.9541e-05,3.9541e-05,3.9541e-05,13,1,13,13,13,7,1,7,7,7,0,1,0,0,0
10,80,35,1,35,35,35,4.1623e-05,1,4.1623e-05,4.1623e-05,4.1623e-05,14,1,14,14,14,7,1,7,7,7,0,1,0,0,0
10,80,30,1,30,30,30,4.3037e-05,1,4.3037e-05,4.3037e-05,4.3037e-05,19,1,19,19,19,6,1,6,6,6,0,1,0,0,0
10,80,38,1,38,38,38,5.2851e-05,1,5.2851e-05,5.2851e-05,5.2851e-05,22,1,22,22,22,7,1,7,7,7,0,1,0,0,0
10,80,34,1,34,34,34,5.302e-05,1,5.302e-05,5.302e-05,5.302e-05,22,1,22,22,22,6,1,6,6,6,0,1,0,0,0
10,80,35,1,35,35,35,4.5397e-05,1,4.5397e-05,4.5397e-05,4.5397e-05,18,1,18,18,18,7,1,7,7,7,0,1,0,0,0
10,80,34,1,34,34,34,4.9733e-05,1,4.9733e-05,4.9733e-05,4.9733e-05,22,1,22,22,22,6,1,6,6,6,0,1,0,0,0
10,80,39,1,39,39,39,4.2845e-05,1,4.2845e-05,4.2845e-05,4.2845e-05,13,1,13,13,13,8,1,8,8,8,0,1,0,0,0
10,80,36,1,36,36,36,5.8442e-05,1,5.8442e-05,5.8442e-05,5.8442e-05,30,1,30,30,30,6,1,6,6,6,0,1,0,0,0
10,80,36,1,36,36,36,3.8902e-05,1,3.8902e-05,3.8902e-05,3.8902e-05,11,1,11,11,11,8,1,8,8,8,0,1,0,0,0
10,80,36,1,36,36,36,4.8284e-05,1,4.8284e-05,4.8284e-05,4.8284e-05,17,1,17,17,17,7,1,7,7,7,0,1,0,0,0
10,80,31,1,31,31,31,4.1863e-05,1,4.1863e-05,4.1863e-05,4.1863e-05,18,1,18,18,18,6,1,6,6,6,0,1,0,0,0
10,80,38,1,38,38,38,4.8973e-05,1,4.8973e-05,4.8973e-05,4.8973e-05,19,1,19,19,19,7,1,7,7,7,0,1,0,0,0
10,80,39,1,39,39,39,4.5699e-05,1,4.5699e-05,4.5699e-05,4.5699e-05,15,1,15,15,15,8,1,8,8,8,0,1,0,0,0
10,80,36,1,36,36,36,6.4565e-05,1,6.4565e-05,6.4565e-05,6.4565e-05,29,1,29,29,29,6,1,6,6,6,0,1,0,0,0
10,80,33,1,33,33,33,4.2712e-05,1,4.2712e-05,4.2712e-05,4.2712e-05,17,1,17,17,17,6,1,6,6,6,0,1,0,0,0
10,80,33,1,33,33,33,3.8082e-05,1,3.8082e-05,3.8082e-05,3.8082e-05,13,1,13,13,13,7,1,7,7,7,0,1,0,0,0
10,80,34,1,34,34,34,4.2765e-05,1,4.2765e-05,4.2765e-05,4.2765e-05,15,1,15,15,15,7,1,7,7,7,0,1,0,0,0
10,80,30,1,30,30,30,3.1769e-05,1,3.1769e-05,3.1769e-05,3.1769e-05,11,1,11,11,11,7,1,7,7,7,0,1,0,0,0
10,80,33,1,33,33,33,4.5635e-05,1,4.5635e-05,4.5635e-05,4.5635e-05,20,1,20,20,20,6,1,6,6,6,0,1,0,0,0
10,80,34,1,34,34,34,3.5329e-05,1,3.5329e-05,3.5329e-05,3.5329e-05,11,1,11,11,11,7,1,7,7,7,0,1,0,0,0
10,80,36,1,36,36,36,3.958e-05,1,3.958e-05,3.958e-05,3.958e-05,11,1,11,11,11,8,1,8,8,8,0,1,0,0,0
10,80,42,1,42,42,42,4.2376e-05,1,4.2376e-05,4.2376e-05,4.2376e-05,11,1,11,11,11,9,1,9,9,9,0,1,0,0,0
10,80,35,1,35,35,35,3.9372e-05,1,3.9372e-05,3.9372e-05,3.9372e-05,14,1,14,14,14,7,1,7,7,7,0,1,0,0,0
10,80,38,1,38,38,38,3.8494e-05,1,3.8494e-05,3.8494e-05,3.8494e-05,11,1,11,11,11,8,1,8,8,8,0,1,0,0,0
10,80,36,1,36,36,36,4.3521e-05,1,4.3521e-05,4.3521e-05,4.3521e-05,14,1,14,14,14,8,1,8,8,8,0,1,0,0,0
10,80,36,1,36,36,36,4.4836e-05,1,4.4836e-05,4.4836e-05,4.4836e-05,17,1,17,17,17,7,1,7,7,7,0,1,0,0,0
10,80,33,1,33,33,33,4.6777e-05,1,4.6777e-05,4.6777e-05,4.6777e-05,19,1,19,19,19,6,1,6,6,6,0,1,0,0,0
10,80,35,1,35,35,35,4.1703e-05,1,4.1703e-05,4.1703e-05,4.1703e-05,14,1,14,14,14,7,1,7,7,7,0,1,0,0,0
10,80,34,1,34,34,34,3.8951e-05,1,3.8951e-05,3.8951e-05,3.8951e-05,14,1,14,14,14,7,1,7,7,7,0,1,0,0,0
10,80,36,1,36,36,36,6.5281e-05,1,6.5281e-05,6.5281e-05,6.5281e-05,31,1,31,31,31,6,1,6,6,6,0,1,0,0,0
10,80,31,1,31,31,31,4.0807e-05,1,4.0807e-05,4.0807e-05,4.0807e-05,16,1,16,16,16,6,1,6,6,6,0,1,0,0,0
10,80,38,1,38,38,38,4.4655e-05,1,4.4655e-05,4.4655e-05,4.4655e-05,14,1,14,14,14,8,1,8,8,8,0,1,0,0,0
10,80,39,1,39,39,39,4.2451e-05,1,4.2451e-05,4.2451e-05,4.2451e-05,13,1,13,13,13,8,1,8,8,8,0,1,0,0,0
10,80,36,1,36,36,36,4.6234e-05,1,4.6234e-05,4.6234e-05,4.6234e-05,16,1,16,16,16,7,1,7,7,7,0,1,0,0,0
10,80,39,1,39,39,39,4.3013e-05,1,4.3013e-05,4.3013e-05,4.3013e-05,13,1,13,13,13,8,1,8,8,8,0,1,0,0,0
10,80,34,1,34,34,34,3.6597e-05,1,3.6597e-05,3.6597e-05,3.6597e-05,11,1,11,11,11,8,1,8,8,8,0,1,0,0,0
10,80,39,1,39,39,39,5.1317e-05,1,5.1317e-05,5.1317e-05,5.1317e-05,22,1,22,22,22,7,1,7,7,7,0,1,0,0,0
10,80,38,1,38,38,38,3.8e-05,1,3.8e-05,3.8e-05,3.8e-05,11,1,11,11,11,8,1,8,8,8,0,1,0,0,0
10,80,36,1,36,36,36,3.7178e-05,1,3.7178e-05,3.7178e-05,3.7178e-05,13,1,13,13,13,7,1,7,7,7,0,1,0,0,0
10,80,35,1,35,35,35,4.3647e-05,1,4.3647e-05,4.3647e-05,4.3647e-05,16,1,16,16,16,7,1,7,7,7,0,1,0,0,0
10,80,37,1,37,37,37,4.5198e-05,1,4.5198e-05,4.5198e-05,4.5198e-05,16,1,16,16,16,7,1,7,7,7,0,1,0,0,0
10,80,34,1,34,34,34,4.8654e-05,1,4.8654e-05,4.8654e-05,4.8654e-05,22,1,22,22,22,6,1,6,6,6,0,1,0,0,0
10,80,35,1,35,35,35,4.1459e-05,1,4.1459e-05,4.1459e-05,4.1459e-05,14,1,14,14,14,7,1,7,7,7,0,1,0,0,0
10,80,36,1,36,36,36,5.6657e-05,1,5.6657e-05,5.6657e-05,5.6657e-05,25,1,25,25,25,6,1,6,6,6,0,1,0,0,0
10,80,35,1,35,35,35,4.6459e-05,1,4.6459e-05,4.6459e-05,4.6459e-05,21,1,21,21,21,6,1,6,6,6,0,1,0,0,0
10,80,32,1,32,32,32,5.1249e-05,1,5.1249e-05,5.1249e-05,5.1249e-05,24,1,24,24,24,6,1,6,6,6,0,1,0,0,0
10,80,40,1,40,40,40,4.615e-05,1,4.615e-05,4.615e-05,4.615e-05,16,1,16,16,16,8,1,8,8,8,0,1,0,0,0
10,80,35,1,35,35,35,4.1232e-05,1,4.1232e-05,4.1232e-05,4.1232e-05,14,1,14,14,14,7,1,7,7,7,0,1,0,0,0
10,80,36,1,36,36,36,4.4958e-05,1,4.4958e-05,4.4958e-05,4.4958e-05,17,1,17,17,17,7,1,7,7,7,0,1,0,0,0
10,80,36,1,36,36,36,3.8519e-05,1,3.8519e-05,3.8519e-05,3.8519e-05,13,1,13,13,13,7,1,7,7,7,0,1,0,0,0
10,80,36,1,36,36,36,3.8587e-05,1,3.8587e-05,3.8587e-05,3.8587e-05,13,1,13,13,13,7,1,7,7,7,0,1,0,0,0
10,80,35,1,35,35,35,5.1979e-05,1,5.1979e-05,5.1979e-05,5.1979e-05,22,1,22,22,22,6,1,6,6,6,0,1,0,0,0
10,80,39,1,39,39,39,4.3862e-05,1,4.3862e-05,4.3862e-05,4.3862e-05,14,1,14,14,14,8,1,8,8,8,0,1,0,0,0
10,80,38,1,38,38,38,4.2007e-05,1,4.2007e-05,4.2007e-05,4.2007e-05,13,1,13,13,13,8,1,8,8,8,0,1,0,0,0
10,80,33,1,33,33,33,4.4192e-05,1,4.4192e-05,4.4192e-05,4.4192e-05,18,1,18,18,18,6,1,6,6,6,0,1,0,0,0
10,80,39,1,39,39,39,5.4299e-05,1,5.4299e-05,5.4299e-05,5.4299e-05,19,1,19,19,19,8,1,8,8,8,0,1,0,0,0
10,80,34,1,34,34,34,4.0125e-05,1,4.0125e-05,4.0125e-05,4.0125e-05,13,1,13,13,13,7,1,7,7,7,0,1,0,0,0
10,80,40,1,40,40,40,4.1589e-05,1,4.1589e-05,4.1589e-05,4.1589e-05,11,1,11,11,11,9,1,9,9,9,0,1,0,0,0
10,80,39,1,39,39,39,4.9129e-05,1,4.9129e-05,4.9129e-05,4.9129e-05,20,1,20,20,20,7,1,7,7,7,0,1,0,0,0
10,80,35,1,35,35,35,4.4869e-05,1,4.4869e-05,4.4869e-05,4.4869e-05,16,1,16,16,16,7,1,7,7,7,0,1,0,0,0
10,80,31,1,31,31,31,4.2749e-05,1,4.2749e-05,4.2749e-05,4.2749e-05,17,1,17,17,17,6,1,6,6,6,0,1,0,0,0
10,80,37,1,37,37,37,4.2692e-05,1,4.2692e-05,4.2692e-05,4.2692e-05,14,1,14,14,14,8,1,8,8,8,0,1,0,0,0
10,80,37,1,37,37,37,4.3237e-05,1,4.3237e-05,4.3237e-05,4.3237e-05,16,1,16,16,16,7,1,7,7,7,0,1,0,0,0
10,80,33,1,33,33,33,3.5346e-05,1,3.5346e-05,3.5346e-05,3.5346e-05,11,1,11,11,11,7,1,7,7,7,0,1,0,0,0
10,80,34,1,34,34,34,3.5349e-05,1,3.5349e-05,3.5349e-05,3.5349e-05,11,1,11,11,11,7,1,7,7,7,0,1,0,0,0
10,80,36,1,36,36,36,4.838e-05,1,4.838e-05,4.838e-05,4.838e-05,19,1,19,19,19,7,1,7,7,7,0,1,0,0,0
10,80,35,1,35,35,35,3.7766e-05,1,3.7766e-05,3.7766e-05,3.7766e-05,13,1,13,13,13,7,1,7,7,7,0,1,0,0,0
10,80,32,1,32,32,32,3.9507e-05,1,3.9507e-05,3.9507e-05,3.9507e-05,16,1,16,16,16,6,1,6,6,6,0,1,0,0,0
10,80,37,1,37,37,37,3.8162e-05,1,3.8162e-05,3.8162e-05,3.8162e-05,11,1,11,11,11,8,1,8,8,8,0,1,0,0,0
10,80,35,1,35,35,35,4.0805e-05,1,4.0805e-05,4.0805e-05,4.0805e-05,15,1,15,15,15,7,1,7,7,7,0,1,0,0,0
10,80,35,1,35,35,35,4.4285e-05,1,4.4285e-05,4.4285e-05,4.4285e-05,16,1,16,16,16,7,1,7,7,7,0,1,0,0,0
10,80,37,1,37,37,37,4.5295e-05,1,4.5295e-05,4.5295e-05,4.5295e-05,16,1,16,16,16,7,1,7,7,7,0,1,0,0,0
10,80,42,1,42,42,42,4.8432e-05,1,4.8432e-05,4.8432e-05,4.8432e-05,19,1,19,19,19,8,1,8,8,8,0,1,0,0,0
10,80,36,1,36,36,36,4.1499e-05,1,4.1499e-05,4.1499e-05,4.1499e-05,15,1,15,15,15,7,1,7,7,7,0,1,0,0,0
10,80,38,1,38,38,38,3.9205e-05,1,3.9205e-05,3.9205e-05,3.9205e-05,11,1,11,11,11,8,1,8,8,8,0,1,0,0,0
10,80,36,1,36,36,36,4.4401e-05,1,4.4401e-05,4.4401e-05,4.4401e-05,16,1,16,16,16,7,1,7,7,7,0,1,0,0,0
10,80,35,1,35,35,35,3.9441e-05,1,3.9441e-05,3.9441e-05,3.9441e-05,14,1,14,14,14,7,1,7,7,7,0,1,0,0,0
10,80,34,1,34,34,34,4.5934e-05,1,4.5934e-05,4.5934e-05,4.5934e-05,21,1,21,21,21,6,1,6,6,6,0,1,0,0,0
10,80,37,1,37,37,37,4.1716e-05,1,4.1716e-05,4.1716e-05,4.1716e-05,15,1,15,15,15,7,1,7,7,7,0,1,0,0,0
10,80,36,1,36,36,36,3.7104e-05,1,3.7104e-05,3.7104e-05,3.7104e-05,11,1,11,11,11,8,1,8,8,8,0,1,0,0,0
10,80,40,1,40,40,40,5.1678e-05,1,5.1678e-05,5.1678e-05,5.1678e-05,22,1,22,22,22,7,1,7,7,7,0,1,0,0,0
10,80,37,1,37,37,37,6.6615e-05,1,6.6615e-05,6.6615e-05,6.6615e-05,32,1,32,32,32,6,1,6,6,6,0,1,0,0,0
10,80,35,1,35,35,35,3.6412e-05,1,3.6412e-05,3.6412e-05,3.6412e-05,11,1,11,11,11,8,1,8,8,8,0,1,0,0,0
10,80,37,1,37,37,37,4.3223e-05,1,4.3223e-05,4.3223e-05,4.3223e-05,15,1,15,15,15,7,1,7,7,7,0,1,0,0,0
10,80,34,1,34,34,34,5.1462e-05,1,5.1462e-05,5.1462e-05,5.1462e-05,25,1,25,25,25,6,1,6,6,6,0,1,0,0,0
10,80,38,1,38,38,38,4.4886e-05,1,4.4886e-05,4.4886e-05,4.4886e-05,17,1,17,17,17,7,1,7,7,7,0,1,0,0,0
10,80,35,1,35,35,35,5.0455e-05,1,5.0455e-05,5.0455e-05,5.0455e-05,22,1,22,22,22,6,1,6,6,6,0,1,0,0,0
10,80,34,1,34,34,34,4.5906e-05,1,4.5906e-05,4.5906e-05,4.5906e-05,16,1,16,16,16,7,1,7,7,7,0,1,0,0,0
10,80,36,1,36,36,36,4.8191e-05,1,4.8191e-05,4.8191e-05,4.8191e-05,17,1,17,17,17,7,1,7,7,7,0,1,0,0,0
10,80,39,1,39,39,39,4.6865e-05,1,4.6865e-05,4.6865e-05,4.6865e-05,18,1,18,18,18,7,1,7,7,7,0,1,0,0,0
10,80,36,1,36,36,36,4.3246e-05,1,4.3246e-05,4.3246e-05,4.3246e-05,15,1,15,15,15,7,1,7,7,7,0,1,0,0,0
10,80,32,1,32,32,32,4.4868e-05,1,4.4868e-05,4.4868e-05,4.4868e-05,19,1,19,19,19,6,1,6,6,6,0,1,0,0,0
10,80,36,1,36,36,36,4.8587e-05,1,4.8587e-05,4.8587e-05,4.8587e-05,18,1,18,18,18,7,1,7,7,7,0,1,0,0,0
10,80,33,1,33,33,33,4.9132e-05,1,4.9132e-05,4.9132e-05,4.9132e-05,22,1,22,22,22,6,1,6,6,6,0,1,0,0,0
10,80,37,1,37,37,37,3.8839e-05,1,3.8839e-05,3.8839e-05,3.8839e-05,11,1,11,11,11,8,1,8,8,8,0,1,0,0,0
10,80,36,1,36,36,36,4.2719e-05,1,4.2719e-05,4.2719e-05,4.2719e-05,15,1,15,15,15,7,1,7,7,7,0,1,0,0,0
10,80,35,1,35,35,35,4.3763e-05,1,4.3763e-05,4.3763e-05,4.3763e-05,15,1,15,15,15,7,1,7,7,7,0,1,0,0,0
10,80,29,1,29,29,29,3.1704e-05,1,3.1704e-05,3.1704e-05,3.1704e-05,11,1,11,11,11,6,1,6,6,6,0,1,0,0,0
10,80,36,1,36,36,36,4.6808e-05,1,4.6808e-05,4.6808e-05,4.6808e-05,17,1,17,17,17,7,1,7,7,7,0,1,0,0,0
10,80,35,1,35,35,35,4.5585e-05,1,4.5585e-05,4.5585e-05,4.5585e-05,18,1,18,18,18,7,1,7,7,7,0,1,0,0,0
10,80,37,1,37,37,37,5.835e-05,1,5.835e-05,5.835e-05,5.835e-05,16,1,16,16,16,7,1,7,7,7,0,1,0,0,0
10,80,37,1,37,37,37,6.6671e-05,1,6.6671e-05,6.6671e-05,6.6671e-05,31,1,31,31,31,6,1,6,6,6,0,1,0,0,0
10,80,31,1,31,31,31,3.8486e-05,1,3.8486e-05,3.8486e-05,3.8486e-05,15,1,15,15,15,6,1,6,6,6,0,1,0,0,0
10,80,38,1,38,38,38,4.7951e-05,1,4.7951e-05,4.7951e-05,4.7951e-05,19,1,19,19,19,7,1,7,7,7,0,1,0,0,0
10,80,40,1,40,40,40,4.3023e-05,1,4.3023e-05,4.3023e-05,4.3023e-05,13,1,13,13,13,8,1,8,8,8,0,1,0,0,0
10,80,40,1,40,40,40,4.4404e-05,1,4.4404e-05,4.4404e-05,4.4404e-05,14,1,14,14,14,8,1,8,8,8,0,1,0,0,0
10,80,33,1,33,33,33,3.7317e-05,1,3.7317e-05,3.7317e-05,3.7317e-05,11,1,11,11,11,8,1,8,8,8,0,1,0,0,0
10,80,41,1,41,41,41,5.0711e-05,1,5.0711e-05,5.0711e-05,5.0711e-05,19,1,19,19,19,8,1,8,8,8,0,1,0,0,0
10,80,37,1,37,37,37,4.2211e-05,1,4.2211e-05,4.2211e-05,4.2211e-05,13,1,13,13,13,8,1,8,8,8,0,1,0,0,0
10,80,34,1,34,34,34,4.0135e-05,1,4.0135e-05,4.0135e-05,4.0135e-05,13,1,13,13,13,7,1,7,7,7,0,1,0,0,0
10,80,34,1,34,34,34,3.647e-05,1,3.647e-05,3.647e-05,3.647e-05,11,1,11,11,11,7,1,7,7,7,0,1,0,0,0
10,80,33,1,33,33,33,4.5352e-05,1,4.5352e-05,4.5352e-05,4.5352e-05,18,1,18,18,18,6,1,6,6,6,0,1,0,0,0
10,80,35,1,35,35,35,6.2241e-05,1,6.2241e-05,6.2241e-05,6.2241e-05,28,1,28,28,28,6,1,6,6,6,0,1,0,0,0
10,80,37,1,37,37,37,3.7536e-05,1,3.7536e-05,3.7536e-05,3.7536e-05,11,1,11,11,11,8,1,8,8,8,0,1,0,0,0
10,80,40,1,40,40,40,4.6815e-05,1,4.6815e-05,4.6815e-05,4.6815e-05,16,1,16,16,16,8,1,8,8,8,0,1,0,0,0
10,80,33,1,33,33,33,5.536e-05,1,5.536e-05,5.536e-05,5.536e-05,24,1,24,24,24,6,1,6,6,6,0,1,0,0,0
10,80,37,1,37,37,37,3.4454e-05,1,3.4454e-05,3.4454e-05,3.4454e-05,11,1,11,11,11,8,1,8,8,8,0,1,0,0,0
10,80,38,1,38,38,38,4.2131e-05,1,4.2131e-05,4.2131e-05,4.2131e-05,13,1,13,13,13,8,1,8,8,8,0,1,0,0,0
10,80,35,1,35,35,35,3.7998e-05,1,3.7998e-05,3.7998e-05,3.7998e-05,11,1,11,11,11,7,1,7,7,7,0,1,0,0,0
10,80,36,1,36,36,36,4.6219e-05,1,4.6219e-05,4.6219e-05,4.6219e-05,17,1,17,17,17,7,1,7,7,7,0,1,0,0,0
10,80,38,1,38,38,38,4.2885e-05,1,4.2885e-05,4.2885e-05,4.2885e-05,14,1,14,14,14,8,1,8,8,8,0,1,0,0,0
10,80,38,1,38,38,38,4.0073e-05,1,4.0073e-05,4.0073e-05,4.0073e-05,11,1,11,11,11,8,1,8,8,8,0,1,0,0,0
10,80,35,1,35,35,35,3.9279e-05,1,3.9279e-05,3.9279e-05,3.9279e-05,13,1,13,13,13,7,1,7,7,7,0,1,0,0,0
10,80,39,1,39,39,39,5.9938e-05,1,5.9938e-05,5.9938e-05,5.9938e-05,25,1,25,25,25,7,1,7,7,7,0,1,0,0,0
10,80,37,1,37,37,37,4.8219e-05,1,4.8219e-05,4.8219e-05,4.8219e-05,20,1,20,20,20,7,1,7,7,7,0,1,0,0,0
10,80,39,1,39,39,39,3.959e-05,1,3.959e-05,3.959e-05,3.959e-05,11,1,11,11,11,8,1,8,8,8,0,1,0,0,0
10,80,36,1,36,36,36,3.8606e-05,1,3.8606e-05,3.8606e-05,3.8606e-05,13,1,13,13,13,7,1,7,7,7,0,1,0,0,0
10,80,36,1,36,36,36,4.3077e-05,1,4.3077e-05,4.3077e-05,4.3077e-05,16,1,16,16,16,7,1,7,7,7,0,1,0,0,0
10,80,35,1,35,35,35,4.0441e-05,1,4.0441e-05,4.0441e-05,4.0441e-05,14,1,14,14,14,7,1,7,7,7,0,1,0,0,0
10,80,39,1,39,39,39,4.2061e-05,1,4.2061e-05,4.2061e-05,4.2061e-05,13,1,13,13,13,8,1,8,8,8,0,1,0,0,0
10,80,36,1,36,36,36,6.5704e-05,1,6.5704e-05,6.5704e-05,6.5704e-05,30,1,30,30,30,6,1,6,6,6,0,1,0,0,0
10,80,36,1,36,36,36,3.8938e-05,1,3.8938e-05,3.8938e-05,3.8938e-05,11,1,11,11,11,8,1,8,8,8,0,1,0,0,0
10,80,37,1,37,37,37,5.4457e-05,1,5.4457e-05,5.4457e-05,5.4457e-05,20,1,20,20,20,7,1,7,7,7,0,1,0,0,0
10,80,34,1,34,34,34,3.9489e-05,1,3.9489e-05,3.9489e-05,3.9489e-05,13,1,13,13,13,7,1,7,7,7,0,1,0,0,0
10,80,39,1,39,39,39,4.5239e-05,1,4.5239e-05,4.5239e-05,4.5239e-05,15,1,15,15,15,8,1,8,8,8,0,1,0,0,0
10,80,37,1,37,37,37,4.718e-05,1,4.718e-05,4.718e-05,4.718e-05,18,1,18,18,18,7,1,7,7,7,0,1,0,0,0
10,80,34,1,34,34,34,4.013e-05,1,4.013e-05,4.013e-05,4.013e-05,13,1,13,13,13,7,1,7,7,7,0,1,0,0,0
10,80,40,1,40,40,40,4.1332e-05,1,4.1332e-05,4.1332e-05,4.1332e-05,11,1,11,11,11,9,1,9,9,9,0,1,0,0,0
10,80,35,1,35,35,35,3.8773e-05,1,3.8773e-05,3.8773e-05,3.8773e-05,13,1,13,13,13,7,1,7,7,7,0,1,0,0,0
10,80,35,1,35,35,35,4.5087e-05,1,4.5087e-05,4.5087e-05,4.5087e-05,16,1,16,16,16,7,1,7,7,7,0,1,0,0,0
10,80,36,1,36,36,36,4.7878e-05,1,4.7878e-05,4.7878e-05,4.7878e-05,17,1,17,17,17,7,1,7,7,7,0,1,0,0,0
10,80,37,1,37,37,37,3.6915e-05,1,3.6915e-05,3.6915e-05,3.6915e-05,11,1,11,11,11,8,1,8,8,8,0,1,0,0,0
10,80,38,1,38,38,38,3.9127e-05,1,3.9127e-05,3.9127e-05,3.9127e-05,11,1,11,11,11,8,1,8,8,8,0,1,0,0,0
10,80,35,1,35,35,35,5.9791e-05,1,5.9791e-05,5.9791e-05,5.9791e-05,26,1,26,26,26,6,1,6,6,6,0,1,0,0,0
10,80,29,1,29,29,29,4.049e-05,1,4.049e-05,4.049e-05,4.049e-05,17,1,17,17,17,6,1,6,6,6,0,1,0,0,0
10,80,32,1,32,32,32,4.4277e-05,1,4.4277e-05,4.4277e-05,4.4277e-05,20,1,20,20,20,6,1,6,6,6,0,1,0,0,0
10,80,30,1,30,30,30,4.5061e-05,1,4.5061e-05,4.5061e-05,4.5061e-05,22,1,22,22,22,5,1,5,5,5,0,1,0,0,0
10,80,33,1,33,33,33,3.4949e-05,1,3.4949e-05,3.4949e-05,3.4949e-05,11,1,11,11,11,7,1,7,7,7,0,1,0,0,0
10,80,33,1,33,33,33,4.3099e-05,1,4.3099e-05,4.3099e-05,4.3099e-05,17,1,17,17,17,6,1,6,6,6,0,1,0,0,0
10,80,34,1,34,34,34,4.8027e-05,1,4.8027e-05,4.8027e-05,4.8027e-05,22,1,22,22,22,6,1,6,6,6,0,1,0,0,0
10,80,35,1,35,35,35,6.3575e-05,1,6.3575e-05,6.3575e-05,6.3575e-05,18,1,18,18,18,7,1,7,7,7,0,1,0,0,0
10,80,35,1,35,35,35,3.6257e-05,1,3.6257e-05,3.6257e-05,3.6257e-05,11,1,11,11,11,8,1,8,8,8,0,1,0,0,0
10,80,37,1,37,37,37,5.0284e-05,1,5.0284e-05,5.0284e-05,5.0284e-05,19,1,19,19,19,7,1,7,7,7,0,1,0,0,0
10,80,37,1,37,37,37,3.8666e-05,1,3.8666e-05,3.8666e-05,3.8666e-05,11,1,11,11,11,8,1,8,8,8,0,1,0,0,0
10,80,35,1,35,35,35,5.1693e-05,1,5.1693e-05,5.1693e-05,5.1693e-05,22,1,22,22,22,6,1,6,6,6,0,1,0,0,0
10,80,35,1,35,35,35,5.4742e-05,1,5.4742e-05,5.4742e-05,5.4742e-05,23,1,23,23,23,6,1,6,6,6,0,1,0,0,0
10,80,38,1,38,38,38,4.7597e-05,1,4.7597e-05,4.7597e-05,4.7597e-05,16,1,16,16,16,8,1,8,8,8,0,1,0,0,0
10,80,34,1,34,34,34,3.6412e-05,1,3.6412e-05,3.6412e-05,3.6412e-05,11,1,11,11,11,8,1,8,8,8,0,1,0,0,0
10,80,36,1,36,36,36,4.0672e-05,1,4.0672e-05,4.0672e-05,4.0672e-05,15,1,15,15,15,7,1,7,7,7,0,1,0,0,0
10,80,38,1,38,38,38,4.9206e-05,1,4.9206e-05,4.9206e-05,4.9206e-05,19,1,19,19,19,7,1,7,7,7,0,1,0,0,0
10,80,36,1,36,36,36,5.6221e-05,1,5.6221e-05,5.6221e-05,5.6221e-05,25,1,25,25,25,6,1,6,6,6,0,1,0,0,0
10,80,33,1,33,33,33,4.212e-05,1,4.212e-05,4.212e-05,4.212e-05,17,1,17,17,17,6,1,6,6,6,0,1,0,0,0
10,80,40,1,40,40,40,4.7393e-05,1,4.7393e-05,4.7393e-05,4.7393e-05,16,1,16,16,16,8,1,8,8,8,0,1,0,0,0
10,80,35,1,35,35,35,4.2012e-05,1,4.2012e-05,4.2012e-05,4.2012e-05,15,1,15,15,15,7,1,7,7,7,0,1,0,0,0
10,80,40,1,40,40,40,4.472e-05,1,4.472e-05,4.472e-05,4.472e-05,15,1,15,15,15,8,1,8,8,8,0,1,0,0,0
10,80,40,1,40,40,40,4.5641e-05,1,4.5641e-05,4.5641e-05,4.5641e-05,15,1,15,15,15,8,1,8,8,8,0,1,0,0,0
10,80,38,1,38,38,38,4.2128e-05,1,4.2128e-05,4.2128e-05,4.2128e-05,13,1,13,13,13,8,1,8,8,8,0,1,0,0,0
10,80,39,1,39,39,39,5.1152e-05,1,5.1152e-05,5.1152e-05,5.1152e-05,22,1,22,22,22,7,1,7,7,7,0,1,0,0,0
10,80,33,1,33,33,33,3.936e-05,1,3.936e-05,3.936e-05,3.936e-05,19,1,19,19,19,6,1,6,6,6,0,1,0,0,0
10,80,36,1,36,36,36,5.302e-05,1,5.302e-05,5.302e-05,5.302e-05,27,1,27,27,27,6,1,6,6,6,0,1,0,0,0
10,80,39,1,39,39,39,4.8506e-05,1,4.8506e-05,4.8506e-05,4.8506e-05,20,1,20,20,20,7,1,7,7,7,0,1,0,0,0
10,80,36,1,36,36,36,3.9315e-05,1,3.9315e-05,3.9315e-05,3.9315e-05,11,1,11,11,11,8,1,8,8,8,0,1,0,0,0
10,80,37,1,37,37,37,4.51e-05,1,4.51e-05,4.51e-05,4.51e-05,16,1,16,16,16,7,1,7,7,7,0,1,0,0,0
10,80,35,1,35,35,35,4.4264e-05,1,4.4264e-05,4.4264e-05,4.4264e-05,16,1,16,16,16,7,1,7,7,7,0,1,0,0,0
10,80,36,1,36,36,36,4.8001e-05,1,4.8001e-05,4.8001e-05,4.8001e-05,17,1,17,17,17,7,1,7,7,7,0,1,0,0,0
10,80,39,1,39,39,39,4.3819e-05,1,4.3819e-05,4.3819e-05,4.3819e-05,14,1,14,14,14,8,1,8,8,8,0,1,0,0,0
10,80,26,1,26,26,26,3.9321e-05,1,3.9321e-05,3.9321e-05,3.9321e-05,18,1,18,18,18,5,1,5,5,5,0,1,0,0,0
10,80,37,1,37,37,37,5.9448e-05,1,5.9448e-05,5.9448e-05,5.9448e-05,30,1,30,30,30,6,1,6,6,6,0,1,0,0,0
10,80,36,1,36,36,36,3.803e-05,1,3.803e-05,3.803e-05,3.803e-05,14,1,14,14,14,7,1,7,7,7,0,1,0,0,0
10,80,37,1,37,37,37,4.6748e-05,1,4.6748e-05,4.6748e-05,4.6748e-05,17,1,17,17,17,7,1,7,7,7,0,1,0,0,0
10,80,39,1,39,39,39,4.2638e-05,1,4.2638e-05,4.2638e-05,4.2638e-05,13,1,13,13,13,8,1,8,8,8,0,1,0,0,0
10,80,34,1,34,34,34,4.5996e-05,1,4.5996e-05,4.5996e-05,4.5996e-05,18,1,18,18,18,6,1,6,6,6,0,1,0,0,0
10,80,34,1,34,34,34,3.6236e-05,1,3.6236e-05,3.6236e-05,3.6236e-05,13,1,13,13,13,7,1,7,7,7,0,1,0,0,0
10,80,34,1,34,34,34,4.5095e-05,1,4.5095e-05,4.5095e-05,4.5095e-05,18,1,18,18,18,6,1,6,6,6,0,1,0,0,0
10,80,34,1,34,34,34,3.7796e-05,1,3.7796e-05,3.7796e-05,3.7796e-05,11,1,11,11,11,8,1,8,8,8,0,1,0,0,0
10,80,30,1,30,30,30,3.5008e-05,1,3.5008e-05,3.5008e-05,3.5008e-05,13,1,13,13,13,6,1,6,6,6,0,1,0,0,0
10,80,37,1,37,37,37,4.3313e-05,1,4.3313e-05,4.3313e-05,4.3313e-05,16,1,16,16,16,7,1,7,7,7,0,1,0,0,0
10,80,33,1,33,33,33,3.6361e-05,1,3.6361e-05,3.6361e-05,3.6361e-05,13,1,13,13,13,7,1,7,7,7,0,1,0,0,0
10,80,30,1,30,30,30,3.5019e-05,1,3.5019e-05,3.5019e-05,3.5019e-05,14,1,14,14,14,6,1,6,6,6,0,1,0,0,0
10,80,41,1,41,41,41,5.0367e-05,1,5.0367e-05,5.0367e-05,5.0367e-05,19,1,19,19,19,8,1,8,8,8,0,1,0,0,0
10,80,42,1,42,42,42,4.3459e-05,1,4.3459e-05,4.3459e-05,4.3459e-05,11,1,11,11,11,9,1,9,9,9,0,1,0,0,0
10,80,27,1,27,27,27,3.3708e-05,1,3.3708e-05,3.3708e-05,3.3708e-05,14,1,14,14,14,6,1,6,6,6,0,1,0,0,0
10,80,39,1,39,39,39,5.2656e-05,1,5.2656e-05,5.2656e-05,5.2656e-05,21,1,21,21,21,7,1,7,7,7,0,1,0,0,0
10,80,37,1,37,37,37,6.5021e-05,1,6.5021e-05,6.5021e-05,6.5021e-05,32,1,32,32,32,6,1,6,6,6,0,1,0,0,0
10,80,32,1,32,32,32,4.4801e-05,1,4.4801e-05,4.4801e-05,4.4801e-05,19,1,19,19,19,6,1,6,6,6,0,1,0,0,0
10,80,38,1,38,38,38,4.2298e-05,1,4.2298e-05,4.2298e-05,4.2298e-05,13,1,13,13,13,8,1,8,8,8,0,1,0,0,0
10,80,32,1,32,32,32,3.3071e-05,1,3.3071e-05,3.3071e-05,3.3071e-05,11,1,11,11,11,7,1,7,7,7,0,1,0,0,0
10,80,40,1,40,40,40,4.6024e-05,1,4.6024e-05,4.6024e-05,4.6024e-05,15,1,15,15,15,8,1,8,8,8,0,1,0,0,0
10,80,34,1,34,34,34,4.7191e-05,1,4.7191e-05,4.7191e-05,4.7191e-05,20,1,20,20,20,6,1,6,6,6,0,1,0,0,0
10,80,38,1,38,38,38,5.4006e-05,1,5.4006e-05,5.4006e-05,5.4006e-05,23,1,23,23,23,7,1,7,7,7,0,1,0,0,0
10,80,32,1,32,32,32,5.0292e-05,1,5.0292e-05,5.0292e-05,5.0292e-05,21,1,21,21,21,6,1,6,6,6,0,1,0,0,0
10,80,42,1,42,42,42,4.3975e-05,1,4.3975e-05,4.3975e-05,4.3975e-05,13,1,13,13,13,9,1,9,9,9,0,1,0,0,0
10,80,35,1,35,35,35,4.1752e-05,1,4.1752e-05,4.1752e-05,4.1752e-05,14,1,14,14,14,7,1,7,7,7,0,1,0,0,0
10,80,31,1,31,31,31,3.9609e-05,1,3.9609e-05,3.9609e-05,3.9609e-05,14,1,14,14,14,7,1,7,7,7,0,1,0,0,0
10,80,39,1,39,39,39,4.3446e-05,1,4.3446e-05,4.3446e-05,4.3446e-05,13,1,13,13,13,8,1,8,8,8,0,1,0,0,0
10,80,41,1,41,41,41,4.1833e-05,1,4.1833e-05,4.1833e-05,4.1833e-05,11,1,11,11,11,9,1,9,9,9,0,1,0,0,0
10,80,37,1,37,37,37,3.8065e-05,1,3.8065e-05,3.8065e-05,3.8065e-05,11,1,11,11,11,8,1,8,8,8,0,1,0,0,0
10,80,36,1,36,36,36,5.1954e-05,1,5.1954e-05,5.1954e-05,5.1954e-05,25,1,25,25,25,6,1,6,6,6,0,1,0,0,0
10,80,41,1,41,41,41,4.5084e-05,1,4.5084e-05,4.5084e-05,4.5084e-05,15,1,15,15,15,8,1,8,8,8,0,1,0,0,0
10,80,36,1,36,36,36,3.9544e-05,1,3.9544e-05,3.9544e-05,3.9544e-05,11,1,11,11,11,8,1,8,8,8,0,1,0,0,0
10,80,34,1,34,34,34,4.6929e-05,1,4.6929e-05,4.6929e-05,4.6929e-05,21,1,21,21,21,6,1,6,6,6,0,1,0,0,0
10,80,38,1,38,38,38,4.264e-05,1,4.264e-05,4.264e-05,4.264e-05,13,1,13,13,13,8,1,8,8,8,0,1,0,0,0
10,80,30,1,30,30,30,4.9213e-05,1,4.9213e-05,4.9213e-05,4.9213e-05,26,1,26,26,26,5,1,5,5,5,0,1,0,0,0
10,80,38,1,38,38,38,4.7734e-05,1,4.7734e-05,4.7734e-05,4.7734e-05,19,1,19,19,19,7,1,7,7,7,0,1,0,0,0
10,80,34,1,34,34,34,3.4811e-05,1,3.4811e-05,3.4811e-05,3.4811e-05,11,1,11,11,11,7,1,7,7,7,0,1,0,0,0
10,80,39,1,39,39,39,4.0012e-05,1,4.0012e-05,4.0012e-05,4.0012e-05,11,1,11,11,11,8,1,8,8,8,0,1,0,0,0
10,80,39,1,39,39,39,3.9771e-05,1,3.9771e-05,3.9771e-05,3.9771e-05,11,1,11,11,11,8,1,8,8,8,0,1,0,0,0
10,80,37,1,37,37,37,4.7449e-05,1,4.7449e-05,4.7449e-05,4.7449e-05,16,1,16,16,16,7,1,7,7,7,0,1,0,0,0
10,80,28,1,28,28,28,3.2632e-05,1,3.2632e-05,3.2632e-05,3.2632e-05,13,1,13,13,13,6,1,6,6,6,0,1,0,0,0
10,80,35,1,35,35,35,4.9171e-05,1,4.9171e-05,4.9171e-05,4.9171e-05,21,1,21,21,21,6,1,6,6,6,0,1,0,0,0
10,80,31,1,31,31,31,5.172e-05,1,5.172e-05,5.172e-05,5.172e-05,26,1,26,26,26,5,1,5,5,5,0,1,0,0,0
10,80,35,1,35,35,35,5.4421e-05,1,5.4421e-05,5.4421e-05,5.4421e-05,26,1,26,26,26,6,1,6,6,6,0,1,0,0,0
10,80,36,1,36,36,36,4.7813e-05,1,4.7813e-05,4.7813e-05,4.7813e-05,18,1,18,18,18,7,1,7,7,7,0,1,0,0,0
10,80,38,1,38,38,38,5.1175e-05,1,5.1175e-05,5.1175e-05,5.1175e-05,21,1,21,21,21,7,1,7,7,7,0,1,0,0,0
10,80,39,1,39,39,39,5.209e-05,1,5.209e-05,5.209e-05,5.209e-05,21,1,21,21,21,7,1,7,7,7,0,1,0,0,0
10,80,34,1,34,34,34,3.8366e-05,1,3.8366e-05,3.8366e-05,3.8366e-05,13,1,13,13,13,7,1,7,7,7,0,1,0,0,0
10,80,38,1,38,38,38,3.7452e-05,1,3.7452e-05,3.7452e-05,3.7452e-05,11,1,11,11,11,8,1,8,8,8,0,1,0,0,0
10,80,32,1,32,32,32,3.9567e-05,1,3.9567e-05,3.9567e-05,3.9567e-05,15,1,15,15,15,6,1,6,6,6,0,1,0,0,0
10,80,33,1,33,33,33,4.3166e-05,1,4.3166e-05,4.3166e-05,4.3166e-05,18,1,18,18,18,6,1,6,6,6,0,1,0,0,0
10,80,35,1,35,35,35,3.942e-05,1,3.942e-05,3.942e-05,3.942e-05,13,1,13,13,13,7,1,7,7,7,0,1,0,0,0
10,80,41,1,41,41,41,8.0604e-05,1,8.0604e-05,8.0604e-05,8.0604e-05,15,1,15,15,15,8,1,8,8,8,0,1,0,0,0
10,80,35,1,35,35,35,4.0814e-05,1,4.0814e-05,4.0814e-05,4.0814e-05,13,1,13,13,13,7,1,7,7,7,0,1,0,0,0
10,80,39,1,39,39,39,5.0853e-05,1,5.0853e-05,5.0853e-05,5.0853e-05,22,1,22,22,22,7,1,7,7,7,0,1,0,0,0
10,80,35,1,35,35,35,5.8378e-05,1,5.8378e-05,5.8378e-05,5.8378e-05,29,1,29,29,29,6,1,6,6,6,0,1,0,0,0
10,80,35,1,35,35,35,6.1905e-05,1,6.1905e-05,6.1905e-05,6.1905e-05,27,1,27,27,27,6,1,6,6,6,0,1,0,0,0
10,80,33,1,33,33,33,4.4648e-05,1,4.4648e-05,4.4648e-05,4.4648e-05,18,1,18,18,18,6,1,6,6,6,0,1,0,0,0
10,80,40,1,40,40,40,4.8873e-05,1,4.8873e-05,4.8873e-05,4.8873e-05,16,1,16,16,16,8,1,8,8,8,0,1,0,0,0
10,80,36,1,36,36,36,4.1634e-05,1,4.1634e-05,4.1634e-05,4.1634e-05,15,1,15,15,15,7,1,7,7,7,0,1,0,0,0
10,80,34,1,34,34,34,5.8717e-05,1,5.8717e-05,5.8717e-05,5.8717e-05,26,1,26,26,26,6,1,6,6,6,0,1,0,0,0
10,80,35,1,35,35,35,5.1164e-05,1,5.1164e-05,5.1164e-05,5.1164e-05,23,1,23,23,23,6,1,6,6,6,0,1,0,0,0
10,80,33,1,33,33,33,4.7957e-05,1,4.7957e-05,4.7957e-05,4.7957e-05,22,1,22,22,22,6,1,6,6,6,0,1,0,0,0
10,80,39,1,39,39,39,4.9265e-05,1,4.9265e-05,4.9265e-05,4.9265e-05,21,1,21,21,21,7,1,7,7,7,0,1,0,0,0
10,80,35,1,35,35,35,4e-05,1,4e-05,4e-05,4e-05,13,1,13,13,13,7,1,7,7,7,0,1,0,0,0
10,80,37,1,37,37,37,4.0835e-05,1,4.0835e-05,4.0835e-05,4.0835e-05,13,1,13,13,13,8,1,8,8,8,0,1,0,0,0
10,80,39,1,39,39,39,4.2679e-05,1,4.2679e-05,4.2679e-05,4.2679e-05,13,1,13,13,13,8,1,8,8,8,0,1,0,0,0
10,80,36,1,36,36,36,3.8033e-05,1,3.8033e-05,3.8033e-05,3.8033e-05,11,1,11,11,11,8,1,8,8,8,0,1,0,0,0
10,80,39,1,39,39,39,4.276e-05,1,4.276e-05,4.276e-05,4.276e-05,13,1,13,13,13,8,1,8,8,8,0,1,0,0,0
10,80,35,1,35,35,35,4.4706e-05,1,4.4706e-05,4.4706e-05,4.4706e-05,16,1,16,16,16,7,1,7,7,7,0,1,0,0,0
10,80,42,1,42,42,42,4.2113e-05,1,4.2113e-05,4.2113e-05,4.2113e-05,11,1,11,11,11,9,1,9,9,9,0,1,0,0,0
10,80,35,1,35,35,35,4.3815e-05,1,4.3815e-05,4.3815e-05,4.3815e-05,16,1,16,16,16,7,1,7,7,7,0,1,0,0,0
10,80,35,1,35,35,35,3.7227e-05,1,3.7227e-05,3.7227e-05,3.7227e-05,13,1,13,13,13,7,1,7,7,7,0,1,0,0,0
10,80,35,1,35,35,35,4.3853e-05,1,4.3853e-05,4.3853e-05,4.3853e-05,15,1,15,15,15,7,1,7,7,7,0,1,0,0,0
10,80,37,1,37,37,37,3.6867e-05,1,3.6867e-05,3.6867e-05,3.6867e-05,11,1,11,11,11,8,1,8,8,8,0,1,0,0,0
10,80,36,1,36,36,36,4.6726e-05,1,4.6726e-05,4.6726e-05,4.6726e-05,17,1,17,17,17,7,1,7,7,7,0,1,0,0,0
10,80,37,1,37,37,37,5.3326e-05,1,5.3326e-05,5.3326e-05,5.3326e-05,22,1,22,22,22,7,1,7,7,7,0,1,0,0,0
10,80,33,1,33,33,33,3.4924e-05,1,3.4924e-05,3.4924e-05,3.4924e-05,11,1,11,11,11,7,1,7,7,7,0,1,0,0,0
10,80,36,1,36,36,36,4.1408e-05,1,4.1408e-05,4.1408e-05,4.1408e-05,15,1,15,15,15,7,1,7,7,7,0,1,0,0,0
10,80,35,1,35,35,35,3.824e-05,1,3.824e-05,3.824e-05,3.824e-05,13,1,13,13,13,7,1,7,7,7,0,1,0,0,0
10,80,40,1,40,40,40,4.3571e-05,1,4.3571e-05,4.3571e-05,4.3571e-05,14,1,14,14,14,8,1,8,8,8,0,1,0,0,0
10,80,35,1,35,35,35,4.1072e-05,1,4.1072e-05,4.1072e-05,4.1072e-05,14,1,14,14,14,7,1,7,7,7,0,1,0,0,0
10,80,34,1,34,34,34,3.9534e-05,1,3.9534e-05,3.9534e-05,3.9534e-05,13,1,13,13,13,7,1,7,7,7,0,1,0,0,0
10,80,29,1,29,29,29,4.5293e-05,1,4.5293e-05,4.5293e-05,4.5293e-05,22,1,22,22,22,5,1,5,5,5,0,1,0,0,0
10,80,39,1,39,39,39,6.2673e-05,1,6.2673e-05,6.2673e-05,6.2673e-05,24,1,24,24,24,7,1,7,7,7,0,1,0,0,0
10,80,33,1,33,33,33,4.918e-05,1,4.918e-05,4.918e-05,4.918e-05,24,1,24,24,24,6,1,6,6,6,0,1,0,0,0
10,80,38,1,38,38,38,3.8903e-05,1,3.8903e-05,3.8903e-05,3.8903e-05,11,1,11,11,11,8,1,8,8,8,0,1,0,0,0
10,80,36,1,36,36,36,5.7122e-05,1,5.7122e-05,5.7122e-05,5.7122e-05,23,1,23,23,23,7,1,7,7,7,0,1,0,0,0
10,80,42,1,42,42,42,4.2598e-05,1,4.2598e-05,4.2598e-05,4.2598e-05,11,1,11,11,11,9,1,9,9,9,0,1,0,0,0
10,80,30,1,30,30,30,4.723e-05,1,4.723e-05,4.723e-05,4.723e-05,21,1,21,21,21,6,1,6,6,6,0,1,0,0,0
10,80,37,1,37,37,37,4.5663e-05,1,4.5663e-05,4.5663e-05,4.5663e-05,18,1,18,18,18,7,1,7,7,7,0,1,0,0,0
10,80,34,1,34,34,34,4.4382e-05,1,4.4382e-05,4.4382e-05,4.4382e-05,14,1,14,14,14,7,1,7,7,7,0,1,0,0,0
10,80,36,1,36,36,36,5.5615e-05,1,5.5615e-05,5.5615e-05,5.5615e-05,25,1,25,25,25,6,1,6,6,6,0,1,0,0,0
10,80,37,1,37,37,37,5.6137e-05,1,5.6137e-05,5.6137e-05,5.6137e-05,22,1,22,22,22,7,1,7,7,7,0,1,0,0,0
10,80,35,1,35,35,35,4.9098e-05,1,4.9098e-05,4.9098e-05,4.9098e-05,22,1,22,22,22,6,1,6,6,6,0,1,0,0,0
10,80,42,1,42,42,42,4.2629e-05,1,4.2629e-05,4.2629e-05,4.2629e-05,11,1,11,11,11,9,1,9,9,9,0,1,0,0,0
10,80,38,1,38,38,38,4.7284e-05,1,4.7284e-05,4.7284e-05,4.7284e-05,16,1,16,16,16,8,1,8,8,8,0,1,0,0,0
10,80,35,1,35,35,35,5.383e-05,1,5.383e-05,5.383e-05,5.383e-05,24,1,24,24,24,6,1,6,6,6,0,1,0,0,0
10,80,39,1,39,39,39,4.9988e-05,1,4.9988e-05,4.9988e-05,4.9988e-05,21,1,21,21,21,7,1,7,7,7,0,1,0,0,0
10,80,34,1,34,34,34,3.9441e-05,1,3.9441e-05,3.9441e-05,3.9441e-05,13,1,13,13,13,7,1,7,7,7,0,1,0,0,0
10,80,36,1,36,36,36,4.2372e-05,1,4.2372e-05,4.2372e-05,4.2372e-05,14,1,14,14,14,7,1,7,7,7,0,1,0,0,0
10,80,35,1,35,35,35,5.8787e-05,1,5.8787e-05,5.8787e-05,5.8787e-05,28,1,28,28,28,6,1,6,6,6,0,1,0,0,0
10,80,36,1,36,36,36,3.7766e-05,1,3.7766e-05,3.7766e-05,3.7766e-05,11,1,11,11,11,8,1,8,8,8,0,1,0,0,0
10,80,39,1,39,39,39,5.4143e-05,1,5.4143e-05,5.4143e-05,5.4143e-05,22,1,22,22,22,7,1,7,7,7,0,1,0,0,0
10,80,32,1,32,32,32,4.5735e-05,1,4.5735e-05,4.5735e-05,4.5735e-05,19,1,19,19,19,6,1,6,6,6,0,1,0,0,0
10,80,33,1,33,33,33,4.5227e-05,1,4.5227e-05,4.5227e-05,4.5227e-05,18,1,18,18,18,6,1,6,6,6,0,1,0,0,0
10,80,36,1,36,36,36,4.1105e-05,1,4.1105e-05,4.1105e-05,4.1105e-05,14,1,14,14,14,7,1,7,7,7,0,1,0,0,0
10,80,38,1,38,38,38,3.993e-05,1,3.993e-05,3.993e-05,3.993e-05,11,1,11,11,11,8,1,8,8,8,0,1,0,0,0
10,80,29,1,29,29,29,3.3669e-05,1,3.3669e-05,3.3669e-05,3.3669e-05,13,1,13,13,13,6,1,6,6,6,0,1,0,0,0
10,80,37,1,37,37,37,4.2414e-05,1,4.2414e-05,4.2414e-05,4.2414e-05,14,1,14,14,14,7,1,7,7,7,0,1,0,0,0
10,80,32,1,32,32,32,4.0254e-05,1,4.0254e-05,4.0254e-05,4.0254e-05,14,1,14,14,14,7,1,7,7,7,0,1,0,0,0
10,80,38,1,38,38,38,5.2069e-05,1,5.2069e-05,5.2069e-05,5.2069e-05,20,1,20,20,20,7,1,7,7,7,0,1,0,0,0
10,80,34,1,34,34,34,3.3315e-05,1,3.3315e-05,3.3315e-05,3.3315e-05,11,1,11,11,11,7,1,7,7,7,0,1,0,0,0
10,80,34,1,34,34,34,4.8481e-05,1,4.8481e-05,4.8481e-05,4.8481e-05,20,1,20,20,20,6,1,6,6,6,0,1,0,0,0
10,80,36,1,36,36,36,4.44e-05,1,4.44e-05,4.44e-05,4.44e-05,16,1,16,16,16,7,1,7,7,7,0,1,0,0,0
10,80,37,1,37,37,37,3.9691e-05,1,3.9691e-05,3.9691e-05,3.9691e-05,11,1,11,11,11,8,1,8,8,8,0,1,0,0,0
10,80,37,1,37,37,37,4.0996e-05,1,4.0996e-05,4.0996e-05,4.0996e-05,15,1,15,15,15,7,1,7,7,7,0,1,0,0,0
10,80,34,1,34,34,34,5.4729e-05,1,5.4729e-05,5.4729e-05,5.4729e-05,27,1,27,27,27,6,1,6,6,6,0,1,0,0,0
10,80,35,1,35,35,35,5.2333e-05,1,5.2333e-05,5.2333e-05,5.2333e-05,22,1,22,22,22,6,1,6,6,6,0,1,0,0,0
10,80,37,1,37,37,37,5.2145e-05,1,5.2145e-05,5.2145e-05,5.2145e-05,20,1,20,20,20,7,1,7,7,7,0,1,0,0,0
10,80,36,1,36,36,36,6.2123e-05,1,6.2123e-05,6.2123e-05,6.2123e-05,31,1,31,31,31,6,1,6,6,6,0,1,0,0,0
10,80,33,1,33,33,33,4.039e-05,1,4.039e-05,4.039e-05,4.039e-05,17,1,17,17,17,6,1,6,6,6,0,1,0,0,0
10,80,36,1,36,36,36,3.7079e-05,1,3.7079e-05,3.7079e-05,3.7079e-05,11,1,11,11,11,8,1,8,8,8,0,1,0,0,0
10,80,38,1,38,38,38,4.5491e-05,1,4.5491e-05,4.5491e-05,4.5491e-05,15,1,15,15,15,8,1,8,8,8,0,1,0,0,0
10,80,32,1,32,32,32,3.8382e-05,1,3.8382e-05,3.8382e-05,3.8382e-05,13,1,13,13,13,7,1,7,7,7,0,1,0,0,0
10,80,32,1,32,32,32,5.0574e-05,1,5.0574e-05,5.0574e-05,5.0574e-05,11,1,11,11,11,7,1,7,7,7,0,1,0,0,0
10,80,34,1,34,34,34,5.212e-05,1,5.212e-05,5.212e-05,5.212e-05,23,1,23,23,23,6,1,6,6,6,0,1,0,0,0
10,80,35,1,35,35,35,4.7367e-05,1,4.7367e-05,4.7367e-05,4.7367e-05,17,1,17,17,17,7,1,7,7,7,0,1,0,0,0
10,80,33,1,33,33,33,3.5192e-05,1,3.5192e-05,3.5192e-05,3.5192e-05,11,1,11,11,11,7,1,7,7,7,0,1,0,0,0
10,80,39,1,39,39,39,4.9162e-05,1,4.9162e-05,4.9162e-05,4.9162e-05,21,1,21,21,21,7,1,7,7,7,0,1,0,0,0
10,80,37,1,37,37,37,4.7516e-05,1,4.7516e-05,4.7516e-05,4.7516e-05,17,1,17,17,17,7,1,7,7,7,0,1,0,0,0
10,80,40,1,40,40,40,7.5546e-05,1,7.5546e-05,7.5546e-05,7.5546e-05,13,1,13,13,13,8,1,8,8,8,0,1,0,0,0
10,80,32,1,32,32,32,3.3905e-05,1,3.3905e-05,3.3905e-05,3.3905e-05,11,1,11,11,11,7,1,7,7,7,0,1,0,0,0
10,80,35,1,35,35,35,3.5263e-05,1,3.5263e-05,3.5263e-05,3.5263e-05,11,1,11,11,11,7,1,7,7,7,0,1,0,0,0
10,80,40,1,40,40,40,4.5962e-05,1,4.5962e-05,4.5962e-05,4.5962e-05,16,1,16,16,16,8,1,8,8,8,0,1,0,0,0
10,80,40,1,40,40,40,4.5376e-05,1,4.5376e-05,4.5376e-05,4.5376e-05,15,1,15,15,15,8,1,8,8,8,0,1,0,0,0
10,80,38,1,38,38,38,3.8279e-05,1,3.8279e-05,3.8279e-05,3.8279e-05,11,1,11,11,11,8,1,8,8,8,0,1,0,0,0
10,80,39,1,39,39,39,4.0542e-05,1,4.0542e-05,4.0542e-05,4.0542e-05,13,1,13,13,13,8,1,8,8,8,0,1,0,0,0
10,80,38,1,38,38,38,5.5841e-05,1,5.5841e-05,5.5841e-05,5.5841e-05,29,1,29,29,29,6,1,6,6,6,0,1,0,0,0
10,80,39,1,39,39,39,4.2742e-05,1,4.2742e-05,4.2742e-05,4.2742e-05,13,1,13,13,13,8,1,8,8,8,0,1,0,0,0
10,80,37,1,37,37,37,5.6564e-05,1,5.6564e-05,5.6564e-05,5.6564e-05,21,1,21,21,21,7,1,7,7,7,0,1,0,0,0
10,80,40,1,40,40,40,4.1231e-05,1,4.1231e-05,4.1231e-05,4.1231e-05,11,1,11,11,11,9,1,9,9,9,0,1,0,0,0
10,80,39,1,39,39,39,4.0262e-05,1,4.0262e-05,4.0262e-05,4.0262e-05,11,1,11,11,11,8,1,8,8,8,0,1,0,0,0
10,80,37,1,37,37,37,4.6138e-05,1,4.6138e-05,4.6138e-05,4.6138e-05,16,1,16,16,16,7,1,7,7,7,0,1,0,0,0
10,80,38,1,38,38,38,3.895e-05,1,3.895e-05,3.895e-05,3.895e-05,11,1,11,11,11,9,1,9,9,9,0,1,0,0,0
10,80,39,1,39,39,39,4.155e-05,1,4.155e-05,4.155e-05,4.155e-05,13,1,13,13,13,8,1,8,8,8,0,1,0,0,0
10,80,36,1,36,36,36,3.7373e-05,1,3.7373e-05,3.7373e-05,3.7373e-05,11,1,11,11,11,8,1,8,8,8,0,1,0,0,0
10,80,38,1,38,38,38,4.2208e-05,1,4.2208e-05,4.2208e-05,4.2208e-05,13,1,13,13,13,8,1,8,8,8,0,1,0,0,0
10,80,40,1,40,40,40,4.3876e-05,1,4.3876e-05,4.3876e-05,4.3876e-05,14,1,14,14,14,8,1,8,8,8,0,1,0,0,0
10,80,32,1,32,32,32,4.1859e-05,1,4.1859e-05,4.1859e-05,4.1859e-05,16,1,16,16,16,6,1,6,6,6,0,1,0,0,0
10,80,38,1,38,38,38,4.6976e-05,1,4.6976e-05,4.6976e-05,4.6976e-05,18,1,18,18,18,7,1,7,7,7,0,1,0,0,0
10,80,32,1,32,32,32,5.0359e-05,1,5.0359e-05,5.0359e-05,5.0359e-05,22,1,22,22,22,6,1,6,6,6,0,1,0,0,0
10,80,34,1,34,34,34,3.9132e-05,1,3.9132e-05,3.9132e-05,3.9132e-05,13,1,13,13,13,7,1,7,7,7,0,1,0,0,0
10,80,40,1,40,40,40,4.1439e-05,1,4.1439e-05,4.1439e-05,4.1439e-05,11,1,11,11,11,9,1,9,9,9,0,1,0,0,0
10,80,37,1,37,37,37,4.401e-05,1,4.401e-05,4.401e-05,4.401e-05,15,1,15,15,15,7,1,7,7,7,0,1,0,0,0
10,80,37,1,37,37,37,4.2345e-05,1,4.2345e-05,4.2345e-05,4.2345e-05,14,1,14,14,14,7,1,7,7,7,0,1,0,0,0
10,80,38,1,38,38,38,4.365e-05,1,4.365e-05,4.365e-05,4.365e-05,14,1,14,14,14,8,1,8,8,8,0,1,0,0,0
10,80,38,1,38,38,38,4.1724e-05,1,4.1724e-05,4.1724e-05,4.1724e-05,13,1,13,13,13,8,1,8,8,8,0,1,0,0,0
10,80,37,1,37,37,37,4.8611e-05,1,4.8611e-05,4.8611e-05,4.8611e-05,17,1,17,17,17,7,1,7,7,7,0,1,0,0,0
10,80,36,1,36,36,36,4.5323e-05,1,4.5323e-05,4.5323e-05,4.5323e-05,17,1,17,17,17,7,1,7,7,7,0,1,0,0,0
10,80,35,1,35,35,35,4.1737e-05,1,4.1737e-05,4.1737e-05,4.1737e-05,15,1,15,15,15,7,1,7,7,7,0,1,0,0,0
10,80,36,1,36,36,36,4.3661e-05,1,4.3661e-05,4.3661e-05,4.3661e-05,16,1,16,16,16,7,1,7,7,7,0,1,0,0,0
10,80,39,1,39,39,39,4.275e-05,1,4.275e-05,4.275e-05,4.275e-05,13,1,13,13,13,8,1,8,8,8,0,1,0,0,0
10,80,39,1,39,39,39,4.5536e-05,1,4.5536e-05,4.5536e-05,4.5536e-05,15,1,15,15,15,8,1,8,8,8,0,1,0,0,0
10,80,37,1,37,37,37,5.3594e-05,1,5.3594e-05,5.3594e-05,5.3594e-05,21,1,21,21,21,7,1,7,7,7,0,1,0,0,0
10,80,38,1,38,38,38,3.8673e-05,1,3.8673e-05,3.8673e-05,3.8673e-05,11,1,11,11,11,8,1,8,8,8,0,1,0,0,0
10,80,41,1,41,41,41,5.0615e-05,1,5.0615e-05,5.0615e-05,5.0615e-05,19,1,19,19,19,8,1,8,8,8,0,1,0,0,0
10,80,36,1,36,36,36,4.3334e-05,1,4.3334e-05,4.3334e-05,4.3334e-05,15,1,15,15,15,7,1,7,7,7,0,1,0,0,0
10,80,32,1,32,32,32,4.0376e-05,1,4.0376e-05,4.0376e-05,4.0376e-05,14,1,14,14,14,7,1,7,7,7,0,1,0,0,0
10,80,39,1,39,39,39,4.2695e-05,1,4.2695e-05,4.2695e-05,4.2695e-05,13,1,13,13,13,8,1,8,8,8,0,1,0,0,0
10,80,32,1,32,32,32,3.9692e-05,1,3.9692e-05,3.9692e-05,3.9692e-05,17,1,17,17,17,6,1,6,6,6,0,1,0,0,0
10,80,33,1,33,33,33,4.314e-05,1,4.314e-05,4.314e-05,4.314e-05,17,1,17,17,17,6,1,6,6,6,0,1,0,0,0
10,80,40,1,40,40,40,4.6173e-05,1,4.6173e-05,4.6173e-05,4.6173e-05,15,1,15,15,15,8,1,8,8,8,0,1,0,0,0
10,80,37,1,37,37,37,5.5646e-05,1,5.5646e-05,5.5646e-05,5.5646e-05,23,1,23,23,23,7,1,7,7,7,0,1,0,0,0
10,80,40,1,40,40,40,4.1943e-05,1,4.1943e-05,4.1943e-05,4.1943e-05,13,1,13,13,13,8,1,8,8,8,0,1,0,0,0
10,80,37,1,37,37,37,4.6249e-05,1,4.6249e-05,4.6249e-05,4.6249e-05,18,1,18,18,18,7,1,7,7,7,0,1,0,0,0
10,80,38,1,38,38,38,5.3698e-05,1,5.3698e-05,5.3698e-05,5.3698e-05,22,1,22,22,22,7,1,7,7,7,0,1,0,0,0
10,80,33,1,33,33,33,3.4119e-05,1,3.4119e-05,3.4119e-05,3.4119e-05,11,1,11,11,11,8,1,8,8,8,0,1,0,0,0
10,80,37,1,37,37,37,3.8368e-05,1,3.8368e-05,3.8368e-05,3.8368e-05,11,1,11,11,11,8,1,8,8,8,0,1,0,0,0
10,80,33,1,33,33,33,5.0437e-05,1,5.0437e-05,5.0437e-05,5.0437e-05,22,1,22,22,22,6,1,6,6,6,0,1,0,0,0
10,80,34,1,34,34,34,3.8422e-05,1,3.8422e-05,3.8422e-05,3.8422e-05,13,1,13,13,13,7,1,7,7,7,0,1,0,0,0
10,80,38,1,38,38,38,4.5817e-05,1,4.5817e-05,4.5817e-05,4.5817e-05,17,1,17,17,17,7,1,7,7,7,0,1,0,0,0
10,80,38,1,38,38,38,4.2403e-05,1,4.2403e-05,4.2403e-05,4.2403e-05,13,1,13,13,13,8,1,8,8,8,0,1,0,0,0
10,80,34,1,34,34,34,5.268e-05,1,5.268e-05,5.268e-05,5.268e-05,24,1,24,24,24,6,1,6,6,6,0,1,0,0,0
10,80,31,1,31,31,31,4.2306e-05,1,4.2306e-05,4.2306e-05,4.2306e-05,16,1,16,16,16,6,1,6,6,6,0,1,0,0,0
10,80,35,1,35,35,35,3.723e-05,1,3.723e-05,3.723e-05,3.723e-05,11,1,11,11,11,7,1,7,7,7,0,1,0,0,0
10,80,35,1,35,35,35,3.697e-05,1,3.697e-05,3.697e-05,3.697e-05,11,1,11,11,11,7,1,7,7,7,0,1,0,0,0
10,80,40,1,40,40,40,4.5195e-05,1,4.5195e-05,4.5195e-05,4.5195e-05,15,1,15,15,15,8,1,8,8,8,0,1,0,0,0
10,80,34,1,34,34,34,3.397e-05,1,3.397e-05,3.397e-05,3.397e-05,11,1,11,11,11,7,1,7,7,7,0,1,0,0,0
10,80,33,1,33,33,33,4.0658e-05,1,4.0658e-05,4.0658e-05,4.0658e-05,17,1,17,17,17,6,1,6,6,6,0,1,0,0,0
10,80,32,1,32,32,32,4.1588e-05,1,4.1588e-05,4.1588e-05,4.1588e-05,17,1,17,17,17,6,1,6,6,6,0,1,0,0,0
10,80,40,1,40,40,40,4.3597e-05,1,4.3597e-05,4.3597e-05,4.3597e-05,13,1,13,13,13,8,1,8,8,8,0,1,0,0,0
10,80,39,1,39,39,39,5.5357e-05,1,5.5357e-05,5.5357e-05,5.5357e-05,25,1,25,25,25,7,1,7,7,7,0,1,0,0,0
10,80,35,1,35,35,35,5.1686e-05,1,5.1686e-05,5.1686e-05,5.1686e-05,23,1,23,23,23,6,1,6,6,6,0,1,0,0,0
10,80,39,1,39,39,39,4.2561e-05,1,4.2561e-05,4.2561e-05,4.2561e-05,13,1,13,13,13,8,1,8,8,8,0,1,0,0,0
10,80,33,1,33,33,33,4.29e-05,1,4.29e-05,4.29e-05,4.29e-05,17,1,17,17,17,6,1,6,6,6,0,1,0,0,0
10,80,41,1,41,41,41,4.5143e-05,1,4.5143e-05,4.5143e-05,4.5143e-05,16,1,16,16,16,8,1,8,8,8,0,1,0,0,0
10,80,31,1,31,31,31,4.4733e-05,1,4.4733e-05,4.4733e-05,4.4733e-05,24,1,24,24,24,5,1,5,5,5,0,1,0,0,0
10,80,38,1,38,38,38,4.6995e-05,1,4.6995e-05,4.6995e-05,4.6995e-05,17,1,17,17,17,7,1,7,7,7,0,1,0,0,0
10,80,34,1,34,34,34,4.4073e-05,1,4.4073e-05,4.4073e-05,4.4073e-05,19,1,19,19,19,6,1,6,6,6,0,1,0,0,0
10,80,42,1,42,42,42,4.4208e-05,1,4.4208e-05,4.4208e-05,4.4208e-05,13,1,13,13,13,9,1,9,9,9,0,1,0,0,0
10,80,37,1,37,37,37,4.7307e-05,1,4.7307e-05,4.7307e-05,4.7307e-05,17,1,17,17,17,7,1,7,7,7,0,1,0,0,0
10,80,33,1,33,33,33,4.8076e-05,1,4.8076e-05,4.8076e-05,4.8076e-05,19,1,19,19,19,6,1,6,6,6,0,1,0,0,0
10,80,40,1,40,40,40,4.0862e-05,1,4.0862e-05,4.0862e-05,4.0862e-05,11,1,11,11,11,9,1,9,9,9,0,1,0,0,0
10,80,39,1,39,39,39,5.0359e-05,1,5.0359e-05,5.0359e-05,5.0359e-05,22,1,22,22,22,7,1,7,7,7,0,1,0,0,0
