n,p,time_total,time_count,time_mean,time_min,time_max,steps_total,steps_count,steps_mean,steps_min,steps_max,number_total,number_count,number_mean,number_min,number_max
39,10,0.000212863,1,0.000212863,0.000212863,0.000212863,849,1,849,849,849,3,1,3,3,3
39,10,0.000188088,1,0.000188088,0.000188088,0.000188088,850,1,850,850,850,4,1,4,4,4
39,10,0.000207229,1,0.000207229,0.000207229,0.000207229,839,1,839,839,839,4,1,4,4,4
39,10,0.000376199,1,0.000376199,0.000376199,0.000376199,894,1,894,894,894,4,1,4,4,4
39,10,9.4826e-05,1,9.4826e-05,9.4826e-05,9.4826e-05,780,1,780,780,780,3,1,3,3,3
39,10,0.000311737,1,0.000311737,0.000311737,0.000311737,875,1,875,875,875,4,1,4,4,4
39,10,0.000270133,1,0.000270133,0.000270133,0.000270133,841,1,841,841,841,4,1,4,4,4
39,10,0.000266368,1,0.000266368,0.000266368,0.000266368,860,1,860,860,860,4,1,4,4,4
39,10,0.000251264,1,0.000251264,0.000251264,0.000251264,836,1,836,836,836,4,1,4,4,4
39,10,0.000195461,1,0.000195461,0.000195461,0.000195461,810,1,810,810,810,4,1,4,4,4
39,10,0.000244991,1,0.000244991,0.000244991,0.000244991,829,1,829,829,829,4,1,4,4,4
39,10,0.000299122,1,0.000299122,0.000299122,0.000299122,877,1,877,877,877,4,1,4,4,4
39,10,0.00012957,1,0.00012957,0.00012957,0.00012957,792,1,792,792,792,4,1,4,4,4
39,10,0.000132939,1,0.000132939,0.000132939,0.000132939,814,1,814,814,814,4,1,4,4,4
39,10,0.000372209,1,0.000372209,0.000372209,0.000372209,872,1,872,872,872,4,1,4,4,4
39,10,0.000409362,1,0.000409362,0.000409362,0.000409362,927,1,927,927,927,4,1,4,4,4
39,10,0.000122267,1,0.000122267,0.000122267,0.000122267,796,1,796,796,796,3,1,3,3,3
39,10,0.00026702,1,0.00026702,0.00026702,0.00026702,855,1,855,855,855,4,1,4,4,4
39,10,0.000315935,1,0.000315935,0.000315935,0.000315935,875,1,875,875,875,4,1,4,4,4
39,10,0.000174438,1,0.000174438,0.000174438,0.000174438,841,1,841,841,841,4,1,4,4,4
39,10,0.000220015,1,0.000220015,0.000220015,0.000220015,827,1,827,827,827,4,1,4,4,4
39,10,0.000189652,1,0.000189652,0.000189652,0.000189652,820,1,820,820,820,4,1,4,4,4
39,10,0.00022032,1,0.00022032,0.00022032,0.00022032,828,1,828,828,828,4,1,4,4,4
39,10,0.000115697,1,0.000115697,0.000115697,0.000115697,791,1,791,791,791,3,1,3,3,3
39,10,0.000195942,1,0.000195942,0.000195942,0.000195942,847,1,847,847,847,4,1,4,4,4
39,10,0.000271525,1,0.000271525,0.000271525,0.000271525,861,1,861,861,861,4,1,4,4,4
39,10,0.000142123,1,0.000142123,0.000142123,0.000142123,828,1,828,828,828,4,1,4,4,4
39,10,0.000243084,1,0.000243084,0.000243084,0.000243084,858,1,858,858,858,5,1,5,5,5
39,10,0.000220061,1,0.000220061,0.000220061,0.000220061,842,1,842,842,842,4,1,4,4,4
39,10,0.0002998,1,0.0002998,0.0002998,0.0002998,837,1,837,837,837,4,1,4,4,4
39,10,0.000162039,1,0.000162039,0.000162039,0.000162039,806,1,806,806,806,4,1,4,4,4
39,10,0.000335494,1,0.000335494,0.000335494,0.000335494,856,1,856,856,856,4,1,4,4,4
39,10,0.000184309,1,0.000184309,0.000184309,0.000184309,842,1,842,842,842,4,1,4,4,4
39,10,0.000192976,1,0.000192976,0.000192976,0.000192976,835,1,835,835,835,4,1,4,4,4
39,10,9.4968e-05,1,9.4968e-05,9.4968e-05,9.4968e-05,778,1,778,778,778,3,1,3,3,3
39,10,0.00025891,1,0.00025891,0.00025891,0.00025891,846,1,846,846,846,4,1,4,4,4
39,10,0.000331335,1,0.000331335,0.000331335,0.000331335,879,1,879,879,879,3,1,3,3,3
39,10,0.000260008,1,0.000260008,0.000260008,0.000260008,856,1,856,856,856,4,1,4,4,4
39,10,0.000214989,1,0.000214989,0.000214989,0.000214989,834,1,834,834,834,4,1,4,4,4
39,10,0.000207805,1,0.000207805,0.000207805,0.000207805,856,1,856,856,856,4,1,4,4,4
39,10,0.000328139,1,0.000328139,0.000328139,0.000328139,872,1,872,872,872,3,1,3,3,3
39,10,0.000180583,1,0.000180583,0.000180583,0.000180583,831,1,831,831,831,4,1,4,4,4
39,10,0.000195923,1,0.000195923,0.000195923,0.000195923,835,1,835,835,835,4,1,4,4,4
39,10,0.000151424,1,0.000151424,0.000151424,0.000151424,814,1,814,814,814,3,1,3,3,3
39,10,0.000166446,1,0.000166446,0.000166446,0.000166446,833,1,833,833,833,4,1,4,4,4
39,10,0.000380103,1,0.000380103,0.000380103,0.000380103,902,1,902,902,902,4,1,4,4,4
39,10,0.00026462,1,0.00026462,0.00026462,0.00026462,861,1,861,861,861,5,1,5,5,5
39,10,0.000197454,1,0.000197454,0.000197454,0.000197454,825,1,825,825,825,4,1,4,4,4
39,10,0.000150419,1,0.000150419,0.000150419,0.000150419,796,1,796,796,796,3,1,3,3,3
39,10,0.000278865,1,0.000278865,0.000278865,0.000278865,852,1,852,852,852,4,1,4,4,4
39,10,0.000218741,1,0.000218741,0.000218741,0.000218741,834,1,834,834,834,4,1,4,4,4
39,10,0.000235774,1,0.000235774,0.000235774,0.000235774,843,1,843,843,843,4,1,4,4,4
39,10,0.000192448,1,0.000192448,0.000192448,0.000192448,857,1,857,857,857,4,1,4,4,4
39,10,0.000319269,1,0.000319269,0.000319269,0.000319269,863,1,863,863,863,4,1,4,4,4
39,10,0.000162842,1,0.000162842,0.000162842,0.000162842,823,1,823,823,823,3,1,3,3,3
39,10,0.000192675,1,0.000192675,0.000192675,0.000192675,848,1,848,848,848,3,1,3,3,3
39,10,0.000283069,1,0.000283069,0.000283069,0.000283069,888,1,888,888,888,4,1,4,4,4
39,10,0.000224131,1,0.000224131,0.000224131,0.000224131,856,1,856,856,856,4,1,4,4,4
39,10,0.000125009,1,0.000125009,0.000125009,0.000125009,821,1,821,821,821,4,1,4,4,4
39,10,0.000253978,1,0.000253978,0.000253978,0.000253978,835,1,835,835,835,4,1,4,4,4
39,10,0.000186626,1,0.000186626,0.000186626,0.000186626,837,1,837,837,837,4,1,4,4,4
39,10,0.00011733,1,0.00011733,0.00011733,0.00011733,793,1,793,793,793,3,1,3,3,3
39,10,0.000207312,1,0.000207312,0.000207312,0.000207312,823,1,823,823,823,3,1,3,3,3
39,10,0.000285753,1,0.000285753,0.000285753,0.000285753,869,1,869,869,869,4,1,4,4,4
39,10,0.000311112,1,0.000311112,0.000311112,0.000311112,867,1,867,867,867,4,1,4,4,4
39,10,0.000155088,1,0.000155088,0.000155088,0.000155088,822,1,822,822,822,4,1,4,4,4
39,10,0.000319562,1,0.000319562,0.000319562,0.000319562,866,1,866,866,866,4,1,4,4,4
39,10,0.000639235,1,0.000639235,0.000639235,0.000639235,1055,1,1055,1055,1055,4,1,4,4,4
39,10,0.00032371,1,0.00032371,0.00032371,0.00032371,899,1,899,899,899,4,1,4,4,4
39,10,0.000210706,1,0.000210706,0.000210706,0.000210706,832,1,832,832,832,4,1,4,4,4
39,10,0.000294444,1,0.000294444,0.000294444,0.000294444,901,1,901,901,901,4,1,4,4,4
39,10,0.000186567,1,0.000186567,0.000186567,0.000186567,831,1,831,831,831,4,1,4,4,4
39,10,0.000200234,1,0.000200234,0.000200234,0.000200234,829,1,829,829,829,4,1,4,4,4
39,10,0.00041823,1,0.00041823,0.00041823,0.00041823,911,1,911,911,911,4,1,4,4,4
39,10,0.000224843,1,0.000224843,0.000224843,0.000224843,843,1,843,843,843,4,1,4,4,4
39,10,0.000287977,1,0.000287977,0.000287977,0.000287977,870,1,870,870,870,4,1,4,4,4
39,10,0.000385616,1,0.000385616,0.000385616,0.000385616,871,1,871,871,871,4,1,4,4,4
39,10,0.000331036,1,0.000331036,0.000331036,0.000331036,893,1,893,893,893,4,1,4,4,4
39,10,0.000112093,1,0.000112093,0.000112093,0.000112093,788,1,788,788,788,3,1,3,3,3
39,10,0.000301749,1,0.000301749,0.000301749,0.000301749,871,1,871,871,871,4,1,4,4,4
39,10,0.000226179,1,0.000226179,0.000226179,0.000226179,852,1,852,852,852,4,1,4,4,4
39,10,0.000299704,1,0.000299704,0.000299704,0.000299704,874,1,874,874,874,4,1,4,4,4
39,10,0.000337571,1,0.000337571,0.000337571,0.000337571,874,1,874,874,874,5,1,5,5,5
39,10,0.000235974,1,0.000235974,0.000235974,0.000235974,845,1,845,845,845,4,1,4,4,4
39,10,0.000229626,1,0.000229626,0.000229626,0.000229626,836,1,836,836,836,4,1,4,4,4
39,10,0.000219321,1,0.000219321,0.000219321,0.000219321,865,1,865,865,865,4,1,4,4,4
39,10,0.000235392,1,0.000235392,0.000235392,0.000235392,838,1,838,838,838,4,1,4,4,4
39,10,0.000122996,1,0.000122996,0.000122996,0.000122996,800,1,800,800,800,4,1,4,4,4
39,10,0.000197611,1,0.000197611,0.000197611,0.000197611,835,1,835,835,835,4,1,4,4,4
39,10,0.00027222,1,0.00027222,0.00027222,0.00027222,859,1,859,859,859,4,1,4,4,4
39,10,0.000271985,1,0.000271985,0.000271985,0.000271985,872,1,872,872,872,4,1,4,4,4
39,10,0.000226413,1,0.000226413,0.000226413,0.000226413,833,1,833,833,833,4,1,4,4,4
39,10,0.000220956,1,0.000220956,0.000220956,0.000220956,831,1,831,831,831,4,1,4,4,4
39,10,0.000199661,1,0.000199661,0.000199661,0.000199661,831,1,831,831,831,3,1,3,3,3
39,10,0.00012881,1,0.00012881,0.00012881,0.00012881,809,1,809,809,809,3,1,3,3,3
39,10,0.000111992,1,0.000111992,0.000111992,0.000111992,798,1,798,798,798,3,1,3,3,3
39,10,0.000174887,1,0.000174887,0.000174887,0.000174887,823,1,823,823,823,4,1,4,4,4
39,10,0.000133323,1,0.000133323,0.000133323,0.000133323,792,1,792,792,792,4,1,4,4,4
39,10,0.000205231,1,0.000205231,0.000205231,0.000205231,843,1,843,843,843,4,1,4,4,4
39,10,0.000242371,1,0.000242371,0.000242371,0.000242371,842,1,842,842,842,4,1,4,4,4
39,10,0.000356333,1,0.000356333,0.000356333,0.000356333,882,1,882,882,882,5,1,5,5,5
39,10,0.000207681,1,0.000207681,0.000207681,0.000207681,828,1,828,828,828,4,1,4,4,4
39,10,0.000189846,1,0.000189846,0.000189846,0.000189846,824,1,824,824,824,4,1,4,4,4
39,10,0.000196119,1,0.000196119,0.000196119,0.000196119,830,1,830,830,830,4,1,4,4,4
39,10,0.000390596,1,0.000390596,0.000390596,0.000390596,931,1,931,931,931,4,1,4,4,4
39,10,0.000210986,1,0.000210986,0.000210986,0.000210986,839,1,839,839,839,4,1,4,4,4
39,10,0.000191115,1,0.000191115,0.000191115,0.000191115,858,1,858,858,858,4,1,4,4,4
39,10,0.000319677,1,0.000319677,0.000319677,0.000319677,867,1,867,867,867,4,1,4,4,4
39,10,0.00034613,1,0.00034613,0.00034613,0.00034613,883,1,883,883,883,4,1,4,4,4
39,10,0.000185731,1,0.000185731,0.000185731,0.000185731,839,1,839,839,839,4,1,4,4,4
39,10,0.000330122,1,0.000330122,0.000330122,0.000330122,896,1,896,896,896,4,1,4,4,4
39,10,0.000151766,1,0.000151766,0.000151766,0.000151766,793,1,793,793,793,3,1,3,3,3
39,10,0.000290838,1,0.000290838,0.000290838,0.000290838,893,1,893,893,893,4,1,4,4,4
39,10,0.000293828,1,0.000293828,0.000293828,0.000293828,863,1,863,863,863,4,1,4,4,4
39,10,0.000166448,1,0.000166448,0.000166448,0.000166448,825,1,825,825,825,3,1,3,3,3
39,10,0.00020576,1,0.00020576,0.00020576,0.00020576,843,1,843,843,843,4,1,4,4,4
39,10,0.000292508,1,0.000292508,0.000292508,0.000292508,858,1,858,858,858,4,1,4,4,4
39,10,0.000138163,1,0.000138163,0.000138163,0.000138163,821,1,821,821,821,4,1,4,4,4
39,10,0.000300419,1,0.000300419,0.000300419,0.000300419,890,1,890,890,890,4,1,4,4,4
39,10,0.000273848,1,0.000273848,0.000273848,0.000273848,876,1,876,876,876,4,1,4,4,4
39,10,0.000290195,1,0.000290195,0.000290195,0.000290195,854,1,854,854,854,4,1,4,4,4
39,10,0.000251473,1,0.000251473,0.000251473,0.000251473,847,1,847,847,847,4,1,4,4,4
39,10,0.000220905,1,0.000220905,0.000220905,0.000220905,830,1,830,830,830,4,1,4,4,4
39,10,0.00013153,1,0.00013153,0.00013153,0.00013153,795,1,795,795,795,3,1,3,3,3
39,10,0.000154729,1,0.000154729,0.000154729,0.000154729,841,1,841,841,841,4,1,4,4,4
39,10,9.2264e-05,1,9.2264e-05,9.2264e-05,9.2264e-05,776,1,776,776,776,3,1,3,3,3
39,10,0.000267601,1,0.000267601,0.000267601,0.000267601,865,1,865,865,865,3,1,3,3,3
39,10,0.000238368,1,0.000238368,0.000238368,0.000238368,855,1,855,855,855,4,1,4,4,4
39,10,0.00025848,1,0.00025848,0.00025848,0.00025848,881,1,881,881,881,4,1,4,4,4
39,10,0.00029379,1,0.00029379,0.00029379,0.00029379,883,1,883,883,883,4,1,4,4,4
39,10,0.000255598,1,0.000255598,0.000255598,0.000255598,877,1,877,877,877,4,1,4,4,4
39,10,0.000335862,1,0.000335862,0.000335862,0.000335862,888,1,888,888,888,4,1,4,4,4
39,10,0.000224385,1,0.000224385,0.000224385,0.000224385,847,1,847,847,847,4,1,4,4,4
39,10,0.000265809,1,0.000265809,0.000265809,0.000265809,879,1,879,879,879,4,1,4,4,4
39,10,0.000135908,1,0.000135908,0.000135908,0.000135908,818,1,818,818,818,3,1,3,3,3
39,10,0.000190039,1,0.000190039,0.000190039,0.000190039,818,1,818,818,818,4,1,4,4,4
39,10,0.000202921,1,0.000202921,0.000202921,0.000202921,833,1,833,833,833,4,1,4,4,4
39,10,0.00017558,1,0.00017558,0.00017558,0.00017558,839,1,839,839,839,4,1,4,4,4
39,10,0.000148193,1,0.000148193,0.000148193,0.000148193,790,1,790,790,790,3,1,3,3,3
39,10,0.00025251,1,0.00025251,0.00025251,0.00025251,850,1,850,850,850,4,1,4,4,4
39,10,0.000287237,1,0.000287237,0.000287237,0.000287237,862,1,862,862,862,4,1,4,4,4
39,10,0.000180525,1,0.000180525,0.000180525,0.000180525,829,1,829,829,829,4,1,4,4,4
39,10,0.00025377,1,0.00025377,0.00025377,0.00025377,837,1,837,837,837,4,1,4,4,4
39,10,0.000166738,1,0.000166738,0.000166738,0.000166738,824,1,824,824,824,4,1,4,4,4
39,10,0.000227256,1,0.000227256,0.000227256,0.000227256,847,1,847,847,847,4,1,4,4,4
39,10,0.000243,1,0.000243,0.000243,0.000243,837,1,837,837,837,4,1,4,4,4
39,10,0.000271814,1,0.000271814,0.000271814,0.000271814,866,1,866,866,866,3,1,3,3,3
39,10,0.000370483,1,0.000370483,0.000370483,0.000370483,896,1,896,896,896,4,1,4,4,4
39,10,0.000105446,1,0.000105446,0.000105446,0.000105446,784,1,784,784,784,3,1,3,3,3
39,10,0.000212054,1,0.000212054,0.000212054,0.000212054,841,1,841,841,841,4,1,4,4,4
39,10,0.000233486,1,0.000233486,0.000233486,0.000233486,869,1,869,869,869,3,1,3,3,3
39,10,0.000254393,1,0.000254393,0.000254393,0.000254393,860,1,860,860,860,4,1,4,4,4
39,10,0.000273877,1,0.000273877,0.000273877,0.000273877,846,1,846,846,846,4,1,4,4,4
39,10,0.000267179,1,0.000267179,0.000267179,0.000267179,850,1,850,850,850,4,1,4,4,4
39,10,0.000314851,1,0.000314851,0.000314851,0.000314851,934,1,934,934,934,4,1,4,4,4
39,10,0.000231622,1,0.000231622,0.000231622,0.000231622,840,1,840,840,840,4,1,4,4,4
39,10,0.000363663,1,0.000363663,0.000363663,0.000363663,905,1,905,905,905,5,1,5,5,5
39,10,0.000291325,1,0.000291325,0.000291325,0.000291325,844,1,844,844,844,4,1,4,4,4
39,10,0.000122247,1,0.000122247,0.000122247,0.000122247,795,1,795,795,795,3,1,3,3,3
39,10,0.000197239,1,0.000197239,0.000197239,0.000197239,845,1,845,845,845,4,1,4,4,4
39,10,0.000232555,1,0.000232555,0.000232555,0.000232555,866,1,866,866,866,4,1,4,4,4
39,10,0.000215178,1,0.000215178,0.000215178,0.000215178,827,1,827,827,827,4,1,4,4,4
39,10,0.000328517,1,0.000328517,0.000328517,0.000328517,886,1,886,886,886,4,1,4,4,4
39,10,0.000159954,1,0.000159954,0.000159954,0.000159954,815,1,815,815,815,4,1,4,4,4
39,10,0.000250117,1,0.000250117,0.000250117,0.000250117,866,1,866,866,866,4,1,4,4,4
39,10,0.000172931,1,0.000172931,0.000172931,0.000172931,841,1,841,841,841,4,1,4,4,4
39,10,0.000310716,1,0.000310716,0.000310716,0.000310716,870,1,870,870,870,4,1,4,4,4
39,10,0.000230315,1,0.000230315,0.000230315,0.000230315,831,1,831,831,831,4,1,4,4,4
39,10,0.000286768,1,0.000286768,0.000286768,0.000286768,859,1,859,859,859,4,1,4,4,4
39,10,0.00031437,1,0.00031437,0.00031437,0.00031437,903,1,903,903,903,3,1,3,3,3
39,10,0.000173575,1,0.000173575,0.000173575,0.000173575,819,1,819,819,819,4,1,4,4,4
39,10,0.000158093,1,0.000158093,0.000158093,0.000158093,813,1,813,813,813,4,1,4,4,4
39,10,0.000287067,1,0.000287067,0.000287067,0.000287067,849,1,849,849,849,4,1,4,4,4
39,10,0.000260438,1,0.000260438,0.000260438,0.000260438,838,1,838,838,838,4,1,4,4,4
39,10,0.000123696,1,0.000123696,0.000123696,0.000123696,791,1,791,791,791,3,1,3,3,3
39,10,0.000296803,1,0.000296803,0.000296803,0.000296803,849,1,849,849,849,4,1,4,4,4
39,10,0.000196656,1,0.000196656,0.000196656,0.000196656,839,1,839,839,839,3,1,3,3,3
39,10,0.000310523,1,0.000310523,0.000310523,0.000310523,853,1,853,853,853,4,1,4,4,4
39,10,0.000192388,1,0.000192388,0.000192388,0.000192388,845,1,845,845,845,4,1,4,4,4
39,10,0.000276325,1,0.000276325,0.000276325,0.000276325,868,1,868,868,868,4,1,4,4,4
39,10,0.000236613,1,0.000236613,0.000236613,0.000236613,855,1,855,855,855,4,1,4,4,4
39,10,0.000232535,1,0.000232535,0.000232535,0.000232535,846,1,846,846,846,4,1,4,4,4
39,10,0.00022562,1,0.00022562,0.00022562,0.00022562,829,1,829,829,829,4,1,4,4,4
39,10,0.000202691,1,0.000202691,0.000202691,0.000202691,828,1,828,828,828,4,1,4,4,4
39,10,0.000224126,1,0.000224126,0.000224126,0.000224126,850,1,850,850,850,4,1,4,4,4
39,10,0.000230304,1,0.000230304,0.000230304,0.000230304,829,1,829,829,829,4,1,4,4,4
39,10,0.000221486,1,0.000221486,0.000221486,0.000221486,828,1,828,828,828,4,1,4,4,4
39,10,0.000203407,1,0.000203407,0.000203407,0.000203407,827,1,827,827,827,4,1,4,4,4
39,10,0.00019239,1,0.00019239,0.00019239,0.00019239,814,1,814,814,814,4,1,4,4,4
39,10,0.000343287,1,0.000343287,0.000343287,0.000343287,861,1,861,861,861,4,1,4,4,4
39,10,0.000370629,1,0.000370629,0.000370629,0.000370629,910,1,910,910,910,4,1,4,4,4
39,10,0.00010904,1,0.00010904,0.00010904,0.00010904,790,1,790,790,790,3,1,3,3,3
39,10,0.000320075,1,0.000320075,0.000320075,0.000320075,885,1,885,885,885,5,1,5,5,5
39,10,0.000281209,1,0.000281209,0.000281209,0.000281209,869,1,869,869,869,3,1,3,3,3
39,10,0.000129795,1,0.000129795,0.000129795,0.000129795,795,1,795,795,795,4,1,4,4,4
39,10,0.000289518,1,0.000289518,0.000289518,0.000289518,850,1,850,850,850,4,1,4,4,4
39,10,0.000316867,1,0.000316867,0.000316867,0.000316867,883,1,883,883,883,4,1,4,4,4
39,10,0.000369247,1,0.000369247,0.000369247,0.000369247,902,1,902,902,902,4,1,4,4,4
39,10,0.000219677,1,0.000219677,0.000219677,0.000219677,828,1,828,828,828,4,1,4,4,4
39,10,0.000239369,1,0.000239369,0.000239369,0.000239369,844,1,844,844,844,4,1,4,4,4
39,10,0.000300405,1,0.000300405,0.000300405,0.000300405,914,1,914,914,914,4,1,4,4,4
39,10,0.000105537,1,0.000105537,0.000105537,0.000105537,788,1,788,788,788,3,1,3,3,3
39,10,0.000304383,1,0.000304383,0.000304383,0.000304383,858,1,858,858,858,4,1,4,4,4
39,10,0.000221819,1,0.000221819,0.000221819,0.000221819,841,1,841,841,841,4,1,4,4,4
39,10,0.000244674,1,0.000244674,0.000244674,0.000244674,832,1,832,832,832,4,1,4,4,4
39,10,0.000343107,1,0.000343107,0.000343107,0.000343107,868,1,868,868,868,4,1,4,4,4
39,10,0.00014857,1,0.00014857,0.00014857,0.00014857,814,1,814,814,814,3,1,3,3,3
39,10,0.00022165,1,0.00022165,0.00022165,0.00022165,846,1,846,846,846,4,1,4,4,4
39,10,0.000330819,1,0.000330819,0.000330819,0.000330819,878,1,878,878,878,4,1,4,4,4
39,10,0.000389325,1,0.000389325,0.000389325,0.000389325,917,1,917,917,917,4,1,4,4,4
39,10,0.000306364,1,0.000306364,0.000306364,0.000306364,850,1,850,850,850,4,1,4,4,4
39,10,9.1134e-05,1,9.1134e-05,9.1134e-05,9.1134e-05,775,1,775,775,775,3,1,3,3,3
39,10,0.000246295,1,0.000246295,0.000246295,0.000246295,832,1,832,832,832,4,1,4,4,4
39,10,0.000209148,1,0.000209148,0.000209148,0.000209148,833,1,833,833,833,4,1,4,4,4
39,10,0.000344299,1,0.000344299,0.000344299,0.000344299,876,1,876,876,876,4,1,4,4,4
39,10,0.000333761,1,0.000333761,0.000333761,0.000333761,904,1,904,904,904,4,1,4,4,4
39,10,0.000308091,1,0.000308091,0.000308091,0.000308091,859,1,859,859,859,4,1,4,4,4
39,10,0.000129526,1,0.000129526,0.000129526,0.000129526,793,1,793,793,793,3,1,3,3,3
39,10,0.000202223,1,0.000202223,0.000202223,0.000202223,828,1,828,828,828,4,1,4,4,4
39,10,0.00027732,1,0.00027732,0.00027732,0.00027732,853,1,853,853,853,4,1,4,4,4
39,10,0.000380355,1,0.000380355,0.000380355,0.000380355,901,1,901,901,901,4,1,4,4,4
39,10,0.000332309,1,0.000332309,0.000332309,0.000332309,871,1,871,871,871,4,1,4,4,4
39,10,0.000291493,1,0.000291493,0.000291493,0.000291493,864,1,864,864,864,5,1,5,5,5
39,10,0.000152986,1,0.000152986,0.000152986,0.000152986,830,1,830,830,830,3,1,3,3,3
39,10,0.000222383,1,0.000222383,0.000222383,0.000222383,849,1,849,849,849,4,1,4,4,4
39,10,0.000131051,1,0.000131051,0.000131051,0.000131051,804,1,804,804,804,3,1,3,3,3
39,10,0.000242459,1,0.000242459,0.000242459,0.000242459,853,1,853,853,853,4,1,4,4,4
39,10,0.000249604,1,0.000249604,0.000249604,0.000249604,876,1,876,876,876,4,1,4,4,4
39,10,0.000216862,1,0.000216862,0.000216862,0.000216862,850,1,850,850,850,4,1,4,4,4
39,10,0.000315721,1,0.000315721,0.000315721,0.000315721,855,1,855,855,855,4,1,4,4,4
39,10,0.000249412,1,0.000249412,0.000249412,0.000249412,840,1,840,840,840,4,1,4,4,4
39,10,0.000152472,1,0.000152472,0.000152472,0.000152472,832,1,832,832,832,4,1,4,4,4
39,10,0.000209449,1,0.000209449,0.000209449,0.000209449,836,1,836,836,836,4,1,4,4,4
39,10,0.000261742,1,0.000261742,0.000261742,0.000261742,849,1,849,849,849,4,1,4,4,4
39,10,0.000272535,1,0.000272535,0.000272535,0.000272535,850,1,850,850,850,4,1,4,4,4
39,10,0.00011779,1,0.00011779,0.00011779,0.00011779,796,1,796,796,796,3,1,3,3,3
39,10,0.000191516,1,0.000191516,0.000191516,0.000191516,822,1,822,822,822,4,1,4,4,4
39,10,0.000263467,1,0.000263467,0.000263467,0.000263467,851,1,851,851,851,4,1,4,4,4
39,10,0.000236413,1,0.000236413,0.000236413,0.000236413,843,1,843,843,843,4,1,4,4,4
39,10,0.000216148,1,0.000216148,0.000216148,0.000216148,849,1,849,849,849,4,1,4,4,4
39,10,0.000121945,1,0.000121945,0.000121945,0.000121945,787,1,787,787,787,3,1,3,3,3
39,10,0.000241523,1,0.000241523,0.000241523,0.000241523,860,1,860,860,860,4,1,4,4,4
39,10,0.00023543,1,0.00023543,0.00023543,0.00023543,840,1,840,840,840,4,1,4,4,4
39,10,0.00018056,1,0.00018056,0.00018056,0.00018056,832,1,832,832,832,3,1,3,3,3
39,10,0.000209844,1,0.000209844,0.000209844,0.000209844,842,1,842,842,842,4,1,4,4,4
39,10,0.000209792,1,0.000209792,0.000209792,0.000209792,851,1,851,851,851,4,1,4,4,4
39,10,0.000204668,1,0.000204668,0.000204668,0.000204668,842,1,842,842,842,4,1,4,4,4
39,10,0.000329832,1,0.000329832,0.000329832,0.000329832,863,1,863,863,863,4,1,4,4,4
39,10,0.000241734,1,0.000241734,0.000241734,0.000241734,852,1,852,852,852,4,1,4,4,4
39,10,0.000176545,1,0.000176545,0.000176545,0.000176545,813,1,813,813,813,3,1,3,3,3
39,10,0.000277366,1,0.000277366,0.000277366,0.000277366,868,1,868,868,868,4,1,4,4,4
39,10,0.000370472,1,0.000370472,0.000370472,0.000370472,896,1,896,896,896,4,1,4,4,4
39,10,0.000285326,1,0.000285326,0.000285326,0.000285326,851,1,851,851,851,4,1,4,4,4
39,10,0.000164902,1,0.000164902,0.000164902,0.000164902,823,1,823,823,823,3,1,3,3,3
39,10,0.000210182,1,0.000210182,0.000210182,0.000210182,827,1,827,827,827,4,1,4,4,4
39,10,0.000134894,1,0.000134894,0.000134894,0.000134894,791,1,791,791,791,3,1,3,3,3
39,10,0.000220067,1,0.000220067,0.000220067,0.000220067,830,1,830,830,830,4,1,4,4,4
39,10,0.000416581,1,0.000416581,0.000416581,0.000416581,959,1,959,959,959,4,1,4,4,4
39,10,0.000174466,1,0.000174466,0.000174466,0.000174466,815,1,815,815,815,4,1,4,4,4
39,10,0.00017059,1,0.00017059,0.00017059,0.00017059,830,1,830,830,830,4,1,4,4,4
39,10,0.000208193,1,0.000208193,0.000208193,0.000208193,869,1,869,869,869,4,1,4,4,4
39,10,0.000170264,1,0.000170264,0.000170264,0.000170264,818,1,818,818,818,3,1,3,3,3
39,10,0.000115037,1,0.000115037,0.000115037,0.000115037,788,1,788,788,788,3,1,3,3,3
39,10,0.000140308,1,0.000140308,0.000140308,0.000140308,823,1,823,823,823,4,1,4,4,4
39,10,0.000282601,1,0.000282601,0.000282601,0.000282601,886,1,886,886,886,4,1,4,4,4
39,10,0.000281582,1,0.000281582,0.000281582,0.000281582,851,1,851,851,851,5,1,5,5,5
39,10,0.000190412,1,0.000190412,0.000190412,0.000190412,818,1,818,818,818,4,1,4,4,4
39,10,0.000326061,1,0.000326061,0.000326061,0.000326061,875,1,875,875,875,4,1,4,4,4
39,10,0.000127367,1,0.000127367,0.000127367,0.000127367,790,1,790,790,790,3,1,3,3,3
39,10,0.00013914,1,0.00013914,0.00013914,0.00013914,800,1,800,800,800,3,1,3,3,3
39,10,9.5293e-05,1,9.5293e-05,9.5293e-05,9.5293e-05,775,1,775,775,775,3,1,3,3,3
39,10,0.000186322,1,0.000186322,0.000186322,0.000186322,819,1,819,819,819,4,1,4,4,4
39,10,0.000168116,1,0.000168116,0.000168116,0.000168116,839,1,839,839,839,4,1,4,4,4
39,10,0.000126721,1,0.000126721,0.000126721,0.000126721,808,1,808,808,808,3,1,3,3,3
39,10,0.000238326,1,0.000238326,0.000238326,0.000238326,842,1,842,842,842,4,1,4,4,4
39,10,0.000258046,1,0.000258046,0.000258046,0.000258046,845,1,845,845,845,4,1,4,4,4
39,10,0.000299572,1,0.000299572,0.000299572,0.000299572,872,1,872,872,872,4,1,4,4,4
39,10,0.000282457,1,0.000282457,0.000282457,0.000282457,871,1,871,871,871,4,1,4,4,4
39,10,0.000206921,1,0.000206921,0.000206921,0.000206921,833,1,833,833,833,4,1,4,4,4
39,10,0.000339369,1,0.000339369,0.000339369,0.000339369,888,1,888,888,888,4,1,4,4,4
39,10,0.000187182,1,0.000187182,0.000187182,0.000187182,807,1,807,807,807,3,1,3,3,3
39,10,0.000278858,1,0.000278858,0.000278858,0.000278858,900,1,900,900,900,4,1,4,4,4
39,10,0.000237237,1,0.000237237,0.000237237,0.000237237,851,1,851,851,851,4,1,4,4,4
39,10,0.000269081,1,0.000269081,0.000269081,0.000269081,859,1,859,859,859,4,1,4,4,4
39,10,0.000285291,1,0.000285291,0.000285291,0.000285291,852,1,852,852,852,4,1,4,4,4
39,10,0.000181212,1,0.000181212,0.000181212,0.000181212,832,1,832,832,832,4,1,4,4,4
39,10,0.00020862,1,0.00020862,0.00020862,0.00020862,854,1,854,854,854,4,1,4,4,4
39,10,0.000157268,1,0.000157268,0.000157268,0.000157268,805,1,805,805,805,4,1,4,4,4
39,10,0.000245005,1,0.000245005,0.000245005,0.000245005,838,1,838,838,838,4,1,4,4,4
39,10,0.000308041,1,0.000308041,0.000308041,0.000308041,853,1,853,853,853,4,1,4,4,4
39,10,0.000313479,1,0.000313479,0.000313479,0.000313479,874,1,874,874,874,4,1,4,4,4
39,10,0.000248073,1,0.000248073,0.000248073,0.000248073,868,1,868,868,868,4,1,4,4,4
39,10,0.000238973,1,0.000238973,0.000238973,0.000238973,845,1,845,845,845,4,1,4,4,4
39,10,0.00027004,1,0.00027004,0.00027004,0.00027004,842,1,842,842,842,4,1,4,4,4
39,10,0.000175236,1,0.000175236,0.000175236,0.000175236,812,1,812,812,812,3,1,3,3,3
39,10,0.000114343,1,0.000114343,0.000114343,0.000114343,796,1,796,796,796,3,1,3,3,3
39,10,0.000168639,1,0.000168639,0.000168639,0.000168639,828,1,828,828,828,4,1,4,4,4
39,10,0.00018241,1,0.00018241,0.00018241,0.00018241,830,1,830,830,830,4,1,4,4,4
39,10,0.000225861,1,0.000225861,0.000225861,0.000225861,831,1,831,831,831,4,1,4,4,4
39,10,0.000230683,1,0.000230683,0.000230683,0.000230683,831,1,831,831,831,3,1,3,3,3
39,10,0.000177586,1,0.000177586,0.000177586,0.000177586,816,1,816,816,816,4,1,4,4,4
39,10,0.000272115,1,0.000272115,0.000272115,0.000272115,869,1,869,869,869,4,1,4,4,4
39,10,0.000197472,1,0.000197472,0.000197472,0.000197472,835,1,835,835,835,3,1,3,3,3
39,10,0.000376011,1,0.000376011,0.000376011,0.000376011,932,1,932,932,932,4,1,4,4,4
39,10,0.000167876,1,0.000167876,0.000167876,0.000167876,804,1,804,804,804,3,1,3,3,3
39,10,0.000220952,1,0.000220952,0.000220952,0.000220952,842,1,842,842,842,4,1,4,4,4
39,10,0.000274266,1,0.000274266,0.000274266,0.000274266,853,1,853,853,853,4,1,4,4,4
39,10,0.000350122,1,0.000350122,0.000350122,0.000350122,913,1,913,913,913,4,1,4,4,4
39,10,0.00034496,1,0.00034496,0.00034496,0.00034496,872,1,872,872,872,5,1,5,5,5
39,10,0.000185563,1,0.000185563,0.000185563,0.000185563,831,1,831,831,831,4,1,4,4,4
39,10,0.000188079,1,0.000188079,0.000188079,0.000188079,820,1,820,820,820,4,1,4,4,4
39,10,0.000400677,1,0.000400677,0.000400677,0.000400677,904,1,904,904,904,5,1,5,5,5
39,10,0.00036464,1,0.00036464,0.00036464,0.00036464,887,1,887,887,887,4,1,4,4,4
39,10,0.000108707,1,0.000108707,0.000108707,0.000108707,785,1,785,785,785,3,1,3,3,3
39,10,0.000310844,1,0.000310844,0.000310844,0.000310844,888,1,888,888,888,4,1,4,4,4
39,10,0.000246781,1,0.000246781,0.000246781,0.000246781,853,1,853,853,853,4,1,4,4,4
39,10,0.000169488,1,0.000169488,0.000169488,0.000169488,803,1,803,803,803,3,1,3,3,3
39,10,0.000386095,1,0.000386095,0.000386095,0.000386095,914,1,914,914,914,4,1,4,4,4
39,10,0.000273863,1,0.000273863,0.000273863,0.000273863,851,1,851,851,851,4,1,4,4,4
39,10,0.000155727,1,0.000155727,0.000155727,0.000155727,817,1,817,817,817,3,1,3,3,3
39,10,0.000367855,1,0.000367855,0.000367855,0.000367855,916,1,916,916,916,5,1,5,5,5
39,10,0.00018437,1,0.00018437,0.00018437,0.00018437,807,1,807,807,807,4,1,4,4,4
39,10,0.000317467,1,0.000317467,0.000317467,0.000317467,874,1,874,874,874,4,1,4,4,4
39,10,0.000234481,1,0.000234481,0.000234481,0.000234481,847,1,847,847,847,4,1,4,4,4
39,10,0.000179902,1,0.000179902,0.000179902,0.000179902,841,1,841,841,841,3,1,3,3,3
39,10,0.000202208,1,0.000202208,0.000202208,0.000202208,845,1,845,845,845,4,1,4,4,4
39,10,0.000297667,1,0.000297667,0.000297667,0.000297667,864,1,864,864,864,4,1,4,4,4
39,10,0.000166207,1,0.000166207,0.000166207,0.000166207,835,1,835,835,835,4,1,4,4,4
39,10,0.000330958,1,0.000330958,0.000330958,0.000330958,876,1,876,876,876,4,1,4,4,4
39,10,0.000197005,1,0.000197005,0.000197005,0.000197005,821,1,821,821,821,4,1,4,4,4
39,10,0.000194832,1,0.000194832,0.000194832,0.000194832,813,1,813,813,813,4,1,4,4,4
39,10,0.000670833,1,0.000670833,0.000670833,0.000670833,1098,1,1098,1098,1098,4,1,4,4,4
39,10,0.000334656,1,0.000334656,0.000334656,0.000334656,939,1,939,939,939,4,1,4,4,4
39,10,0.000198691,1,0.000198691,0.000198691,0.000198691,833,1,833,833,833,4,1,4,4,4
39,10,0.000219563,1,0.000219563,0.000219563,0.000219563,829,1,829,829,829,4,1,4,4,4
39,10,0.000324435,1,0.000324435,0.000324435,0.000324435,948,1,948,948,948,3,1,3,3,3
39,10,0.000575443,1,0.000575443,0.000575443,0.000575443,999,1,999,999,999,4,1,4,4,4
39,10,0.000259326,1,0.000259326,0.000259326,0.000259326,881,1,881,881,881,4,1,4,4,4
39,10,0.000320227,1,0.000320227,0.000320227,0.000320227,852,1,852,852,852,4,1,4,4,4
39,10,0.000175233,1,0.000175233,0.000175233,0.000175233,819,1,819,819,819,4,1,4,4,4
39,10,0.000127804,1,0.000127804,0.000127804,0.000127804,797,1,797,797,797,4,1,4,4,4
39,10,0.000375786,1,0.000375786,0.000375786,0.000375786,870,1,870,870,870,4,1,4,4,4
39,10,0.00025002,1,0.00025002,0.00025002,0.00025002,856,1,856,856,856,4,1,4,4,4
39,10,0.000160895,1,0.000160895,0.000160895,0.000160895,825,1,825,825,825,4,1,4,4,4
39,10,0.000121141,1,0.000121141,0.000121141,0.000121141,801,1,801,801,801,3,1,3,3,3
39,10,0.000302589,1,0.000302589,0.000302589,0.000302589,890,1,890,890,890,4,1,4,4,4
39,10,0.000152533,1,0.000152533,0.000152533,0.000152533,813,1,813,813,813,4,1,4,4,4
39,10,0.000316284,1,0.000316284,0.000316284,0.000316284,912,1,912,912,912,4,1,4,4,4
39,10,0.000208012,1,0.000208012,0.000208012,0.000208012,830,1,830,830,830,4,1,4,4,4
39,10,0.000195668,1,0.000195668,0.000195668,0.000195668,825,1,825,825,825,4,1,4,4,4
39,10,0.000120717,1,0.000120717,0.000120717,0.000120717,804,1,804,804,804,4,1,4,4,4
39,10,0.000239766,1,0.000239766,0.000239766,0.000239766,861,1,861,861,861,4,1,4,4,4
39,10,0.00030262,1,0.00030262,0.00030262,0.00030262,880,1,880,880,880,4,1,4,4,4
39,10,0.000310261,1,0.000310261,0.000310261,0.000310261,885,1,885,885,885,5,1,5,5,5
39,10,0.000211412,1,0.000211412,0.000211412,0.000211412,844,1,844,844,844,4,1,4,4,4
39,10,0.000269627,1,0.000269627,0.000269627,0.000269627,836,1,836,836,836,4,1,4,4,4
39,10,0.000144288,1,0.000144288,0.000144288,0.000144288,813,1,813,813,813,4,1,4,4,4
39,10,0.000315108,1,0.000315108,0.000315108,0.000315108,874,1,874,874,874,4,1,4,4,4
39,10,0.000371997,1,0.000371997,0.000371997,0.000371997,885,1,885,885,885,4,1,4,4,4
39,10,0.000354298,1,0.000354298,0.000354298,0.000354298,893,1,893,893,893,4,1,4,4,4
39,10,0.000283962,1,0.000283962,0.000283962,0.000283962,867,1,867,867,867,4,1,4,4,4
39,10,0.000276313,1,0.000276313,0.000276313,0.000276313,868,1,868,868,868,4,1,4,4,4
39,10,0.000149012,1,0.000149012,0.000149012,0.000149012,809,1,809,809,809,4,1,4,4,4
39,10,0.000177745,1,0.000177745,0.000177745,0.000177745,826,1,826,826,826,4,1,4,4,4
39,10,0.000335317,1,0.000335317,0.000335317,0.000335317,883,1,883,883,883,4,1,4,4,4
39,10,0.000174188,1,0.000174188,0.000174188,0.000174188,815,1,815,815,815,4,1,4,4,4
39,10,0.000242836,1,0.000242836,0.000242836,0.000242836,839,1,839,839,839,4,1,4,4,4
39,10,0.000137907,1,0.000137907,0.000137907,0.000137907,833,1,833,833,833,4,1,4,4,4
39,10,0.000136658,1,0.000136658,0.000136658,0.000136658,800,1,800,800,800,3,1,3,3,3
39,10,0.000197598,1,0.000197598,0.000197598,0.000197598,833,1,833,833,833,3,1,3,3,3
39,10,0.000391102,1,0.000391102,0.000391102,0.000391102,902,1,902,902,902,5,1,5,5,5
39,10,0.000339699,1,0.000339699,0.000339699,0.000339699,910,1,910,910,910,3,1,3,3,3
39,10,0.000274238,1,0.000274238,0.000274238,0.000274238,846,1,846,846,846,4,1,4,4,4
39,10,0.000303741,1,0.000303741,0.000303741,0.000303741,854,1,854,854,854,4,1,4,4,4
39,10,0.000229569,1,0.000229569,0.000229569,0.000229569,843,1,843,843,843,4,1,4,4,4
39,10,0.000257295,1,0.000257295,0.000257295,0.000257295,853,1,853,853,853,4,1,4,4,4
39,10,0.000244268,1,0.000244268,0.000244268,0.000244268,834,1,834,834,834,4,1,4,4,4
39,10,0.000205407,1,0.000205407,0.000205407,0.000205407,827,1,827,827,827,4,1,4,4,4
39,10,0.000303906,1,0.000303906,0.000303906,0.000303906,866,1,866,866,866,4,1,4,4,4
39,10,0.000180862,1,0.000180862,0.000180862,0.000180862,839,1,839,839,839,4,1,4,4,4
39,10,0.000257254,1,0.000257254,0.000257254,0.000257254,890,1,890,890,890,4,1,4,4,4
39,10,0.000204897,1,0.000204897,0.000204897,0.000204897,842,1,842,842,842,4,1,4,4,4
39,10,0.000175178,1,0.000175178,0.000175178,0.000175178,826,1,826,826,826,4,1,4,4,4
39,10,0.000186498,1,0.000186498,0.000186498,0.000186498,855,1,855,855,855,4,1,4,4,4
39,10,0.000181999,1,0.000181999,0.000181999,0.000181999,821,1,821,821,821,4,1,4,4,4
39,10,0.000316169,1,0.000316169,0.000316169,0.000316169,877,1,877,877,877,4,1,4,4,4
39,10,0.000367257,1,0.000367257,0.000367257,0.000367257,946,1,946,946,946,3,1,3,3,3
39,10,0.000396078,1,0.000396078,0.000396078,0.000396078,925,1,925,925,925,4,1,4,4,4
39,10,0.00015655,1,0.00015655,0.00015655,0.00015655,830,1,830,830,830,4,1,4,4,4
39,10,0.000326614,1,0.000326614,0.000326614,0.000326614,867,1,867,867,867,4,1,4,4,4
39,10,0.000198412,1,0.000198412,0.000198412,0.000198412,867,1,867,867,867,4,1,4,4,4
39,10,0.000197437,1,0.000197437,0.000197437,0.000197437,815,1,815,815,815,4,1,4,4,4
39,10,0.000142397,1,0.000142397,0.000142397,0.000142397,812,1,812,812,812,3,1,3,3,3
39,10,0.000353594,1,0.000353594,0.000353594,0.000353594,898,1,898,898,898,4,1,4,4,4
39,10,0.000189755,1,0.000189755,0.000189755,0.000189755,846,1,846,846,846,4,1,4,4,4
39,10,0.000262504,1,0.000262504,0.000262504,0.000262504,848,1,848,848,848,4,1,4,4,4
39,10,0.000210214,1,0.000210214,0.000210214,0.000210214,858,1,858,858,858,4,1,4,4,4
39,10,0.000273754,1,0.000273754,0.000273754,0.000273754,849,1,849,849,849,4,1,4,4,4
39,10,0.000141178,1,0.000141178,0.000141178,0.000141178,800,1,800,800,800,4,1,4,4,4
39,10,0.000160655,1,0.000160655,0.000160655,0.000160655,816,1,816,816,816,3,1,3,3,3
39,10,0.000178604,1,0.000178604,0.000178604,0.000178604,810,1,810,810,810,4,1,4,4,4
39,10,0.000216769,1,0.000216769,0.000216769,0.000216769,832,1,832,832,832,4,1,4,4,4
39,10,0.000273297,1,0.000273297,0.000273297,0.000273297,882,1,882,882,882,4,1,4,4,4
39,10,0.000120233,1,0.000120233,0.000120233,0.000120233,808,1,808,808,808,4,1,4,4,4
39,10,0.000429468,1,0.000429468,0.000429468,0.000429468,924,1,924,924,924,5,1,5,5,5
39,10,0.000272725,1,0.000272725,0.000272725,0.000272725,874,1,874,874,874,4,1,4,4,4
39,10,0.000294133,1,0.000294133,0.000294133,0.000294133,868,1,868,868,868,4,1,4,4,4
39,10,0.00030934,1,0.00030934,0.00030934,0.00030934,865,1,865,865,865,4,1,4,4,4
39,10,0.000205801,1,0.000205801,0.000205801,0.000205801,825,1,825,825,825,4,1,4,4,4
39,10,0.000133681,1,0.000133681,0.000133681,0.000133681,828,1,828,828,828,4,1,4,4,4
39,10,0.000252962,1,0.000252962,0.000252962,0.000252962,861,1,861,861,861,4,1,4,4,4
39,10,0.000246115,1,0.000246115,0.000246115,0.000246115,885,1,885,885,885,4,1,4,4,4
39,10,0.000188755,1,0.000188755,0.000188755,0.000188755,840,1,840,840,840,4,1,4,4,4
39,10,0.000186211,1,0.000186211,0.000186211,0.000186211,825,1,825,825,825,3,1,3,3,3
39,10,0.000168299,1,0.000168299,0.000168299,0.000168299,839,1,839,839,839,4,1,4,4,4
39,10,0.000283566,1,0.000283566,0.000283566,0.000283566,881,1,881,881,881,4,1,4,4,4
39,10,0.000224382,1,0.000224382,0.000224382,0.000224382,837,1,837,837,837,4,1,4,4,4
39,10,0.000222479,1,0.000222479,0.000222479,0.000222479,850,1,850,850,850,3,1,3,3,3
39,10,0.000208316,1,0.000208316,0.000208316,0.000208316,839,1,839,839,839,4,1,4,4,4
39,10,0.000148644,1,0.000148644,0.000148644,0.000148644,818,1,818,818,818,4,1,4,4,4
39,10,0.000229901,1,0.000229901,0.000229901,0.000229901,842,1,842,842,842,4,1,4,4,4
39,10,0.000135194,1,0.000135194,0.000135194,0.000135194,815,1,815,815,815,4,1,4,4,4
39,10,0.000203878,1,0.000203878,0.000203878,0.000203878,841,1,841,841,841,4,1,4,4,4
39,10,0.000311576,1,0.000311576,0.000311576,0.000311576,930,1,930,930,930,4,1,4,4,4
39,10,0.000231342,1,0.000231342,0.000231342,0.000231342,842,1,842,842,842,4,1,4,4,4
39,10,0.000204018,1,0.000204018,0.000204018,0.000204018,822,1,822,822,822,4,1,4,4,4
39,10,0.000328262,1,0.000328262,0.000328262,0.000328262,879,1,879,879,879,4,1,4,4,4
39,10,0.000218398,1,0.000218398,0.000218398,0.000218398,827,1,827,827,827,4,1,4,4,4
39,10,0.00016479,1,0.00016479,0.00016479,0.00016479,835,1,835,835,835,4,1,4,4,4
39,10,0.000130523,1,0.000130523,0.000130523,0.000130523,788,1,788,788,788,3,1,3,3,3
39,10,0.000169517,1,0.000169517,0.000169517,0.000169517,830,1,830,830,830,3,1,3,3,3
39,10,0.000305835,1,0.000305835,0.000305835,0.000305835,891,1,891,891,891,4,1,4,4,4
39,10,0.000167626,1,0.000167626,0.000167626,0.000167626,808,1,808,808,808,3,1,3,3,3
39,10,0.000242286,1,0.000242286,0.000242286,0.000242286,841,1,841,841,841,4,1,4,4,4
39,10,0.00015295,1,0.00015295,0.00015295,0.00015295,822,1,822,822,822,3,1,3,3,3
39,10,0.000237182,1,0.000237182,0.000237182,0.000237182,843,1,843,843,843,4,1,4,4,4
39,10,0.000182517,1,0.000182517,0.000182517,0.000182517,845,1,845,845,845,4,1,4,4,4
39,10,0.000211089,1,0.000211089,0.000211089,0.000211089,825,1,825,825,825,4,1,4,4,4
39,10,0.00044893,1,0.00044893,0.00044893,0.00044893,926,1,926,926,926,4,1,4,4,4
39,10,0.000118627,1,0.000118627,0.000118627,0.000118627,800,1,800,800,800,3,1,3,3,3
39,10,0.000248524,1,0.000248524,0.000248524,0.000248524,843,1,843,843,843,4,1,4,4,4
39,10,0.000215068,1,0.000215068,0.000215068,0.000215068,840,1,840,840,840,4,1,4,4,4
39,10,0.000281146,1,0.000281146,0.000281146,0.000281146,882,1,882,882,882,4,1,4,4,4
39,10,0.00017247,1,0.00017247,0.00017247,0.00017247,837,1,837,837,837,4,1,4,4,4
39,10,0.000354437,1,0.000354437,0.000354437,0.000354437,884,1,884,884,884,4,1,4,4,4
39,10,0.000182936,1,0.000182936,0.000182936,0.000182936,833,1,833,833,833,4,1,4,4,4
39,10,0.000284148,1,0.000284148,0.000284148,0.000284148,886,1,886,886,886,3,1,3,3,3
39,10,0.000330431,1,0.000330431,0.000330431,0.000330431,861,1,861,861,861,4,1,4,4,4
39,10,0.000209991,1,0.000209991,0.000209991,0.000209991,837,1,837,837,837,4,1,4,4,4
39,10,0.000278186,1,0.000278186,0.000278186,0.000278186,885,1,885,885,885,4,1,4,4,4
39,10,0.000336941,1,0.000336941,0.000336941,0.000336941,887,1,887,887,887,4,1,4,4,4
39,10,0.000205199,1,0.000205199,0.000205199,0.000205199,844,1,844,844,844,4,1,4,4,4
39,10,0.000192686,1,0.000192686,0.000192686,0.000192686,852,1,852,852,852,4,1,4,4,4
39,10,0.000164179,1,0.000164179,0.000164179,0.000164179,823,1,823,823,823,3,1,3,3,3
39,10,0.000156661,1,0.000156661,0.000156661,0.000156661,806,1,806,806,806,4,1,4,4,4
39,10,0.000321742,1,0.000321742,0.000321742,0.000321742,868,1,868,868,868,4,1,4,4,4
39,10,9.9553e-05,1,9.9553e-05,9.9553e-05,9.9553e-05,769,1,769,769,769,3,1,3,3,3
39,10,0.000261325,1,0.000261325,0.000261325,0.000261325,827,1,827,827,827,4,1,4,4,4
39,10,0.000481143,1,0.000481143,0.000481143,0.000481143,958,1,958,958,958,4,1,4,4,4
39,10,0.000218835,1,0.000218835,0.000218835,0.000218835,856,1,856,856,856,4,1,4,4,4
39,10,0.000260792,1,0.000260792,0.000260792,0.000260792,875,1,875,875,875,3,1,3,3,3
39,10,0.000243966,1,0.000243966,0.000243966,0.000243966,846,1,846,846,846,4,1,4,4,4
39,10,0.000433038,1,0.000433038,0.000433038,0.000433038,925,1,925,925,925,4,1,4,4,4
39,10,0.00014117,1,0.00014117,0.00014117,0.00014117,803,1,803,803,803,4,1,4,4,4
39,10,0.000234731,1,0.000234731,0.000234731,0.000234731,850,1,850,850,850,4,1,4,4,4
39,10,0.000206495,1,0.000206495,0.000206495,0.000206495,825,1,825,825,825,4,1,4,4,4
39,10,0.000252863,1,0.000252863,0.000252863,0.000252863,867,1,867,867,867,4,1,4,4,4
39,10,0.000225583,1,0.000225583,0.000225583,0.000225583,841,1,841,841,841,4,1,4,4,4
39,10,0.00029677,1,0.00029677,0.00029677,0.00029677,894,1,894,894,894,4,1,4,4,4
39,10,0.000228919,1,0.000228919,0.000228919,0.000228919,841,1,841,841,841,4,1,4,4,4
39,10,0.000290602,1,0.000290602,0.000290602,0.000290602,884,1,884,884,884,4,1,4,4,4
39,10,0.000295327,1,0.000295327,0.000295327,0.000295327,860,1,860,860,860,4,1,4,4,4
39,10,0.000329154,1,0.000329154,0.000329154,0.000329154,871,1,871,871,871,4,1,4,4,4
39,10,0.000295019,1,0.000295019,0.000295019,0.000295019,855,1,855,855,855,4,1,4,4,4
39,10,0.000226339,1,0.000226339,0.000226339,0.000226339,841,1,841,841,841,4,1,4,4,4
39,10,0.000241223,1,0.000241223,0.000241223,0.000241223,865,1,865,865,865,3,1,3,3,3
39,10,0.000238732,1,0.000238732,0.000238732,0.000238732,836,1,836,836,836,4,1,4,4,4
39,10,0.000296679,1,0.000296679,0.000296679,0.000296679,855,1,855,855,855,4,1,4,4,4
39,10,0.000231772,1,0.000231772,0.000231772,0.000231772,838,1,838,838,838,4,1,4,4,4
39,10,0.00033455,1,0.00033455,0.00033455,0.00033455,880,1,880,880,880,4,1,4,4,4
39,10,0.000274532,1,0.000274532,0.000274532,0.000274532,847,1,847,847,847,4,1,4,4,4
39,10,0.000370554,1,0.000370554,0.000370554,0.000370554,866,1,866,866,866,4,1,4,4,4
39,10,0.000180454,1,0.000180454,0.000180454,0.000180454,825,1,825,825,825,4,1,4,4,4
39,10,0.000195564,1,0.000195564,0.000195564,0.000195564,851,1,851,851,851,4,1,4,4,4
39,10,0.000256155,1,0.000256155,0.000256155,0.000256155,841,1,841,841,841,4,1,4,4,4
39,10,0.000356998,1,0.000356998,0.000356998,0.000356998,929,1,929,929,929,4,1,4,4,4
39,10,0.000433182,1,0.000433182,0.000433182,0.000433182,904,1,904,904,904,5,1,5,5,5
39,10,0.000192608,1,0.000192608,0.000192608,0.000192608,839,1,839,839,839,3,1,3,3,3
39,10,0.00017103,1,0.00017103,0.00017103,0.00017103,835,1,835,835,835,4,1,4,4,4
39,10,0.000205829,1,0.000205829,0.000205829,0.000205829,826,1,826,826,826,3,1,3,3,3
39,10,0.000211595,1,0.000211595,0.000211595,0.000211595,824,1,824,824,824,4,1,4,4,4
39,10,0.000280694,1,0.000280694,0.000280694,0.000280694,848,1,848,848,848,4,1,4,4,4
39,10,0.000195831,1,0.000195831,0.000195831,0.000195831,834,1,834,834,834,4,1,4,4,4
39,10,0.000213099,1,0.000213099,0.000213099,0.000213099,825,1,825,825,825,4,1,4,4,4
39,10,0.000150382,1,0.000150382,0.000150382,0.000150382,825,1,825,825,825,4,1,4,4,4
39,10,0.000214374,1,0.000214374,0.000214374,0.000214374,829,1,829,829,829,4,1,4,4,4
39,10,0.000413402,1,0.000413402,0.000413402,0.000413402,943,1,943,943,943,4,1,4,4,4
39,10,0.000230707,1,0.000230707,0.000230707,0.000230707,870,1,870,870,870,4,1,4,4,4
39,10,0.000302936,1,0.000302936,0.000302936,0.000302936,845,1,845,845,845,4,1,4,4,4
39,10,0.00030327,1,0.00030327,0.00030327,0.00030327,883,1,883,883,883,4,1,4,4,4
39,10,0.000286604,1,0.000286604,0.000286604,0.000286604,868,1,868,868,868,4,1,4,4,4
39,10,0.000202783,1,0.000202783,0.000202783,0.000202783,828,1,828,828,828,4,1,4,4,4
39,10,0.000269691,1,0.000269691,0.000269691,0.000269691,870,1,870,870,870,4,1,4,4,4
39,10,0.000262691,1,0.000262691,0.000262691,0.000262691,875,1,875,875,875,5,1,5,5,5
39,10,0.00029452,1,0.00029452,0.00029452,0.00029452,855,1,855,855,855,4,1,4,4,4
39,10,0.00017162,1,0.00017162,0.00017162,0.00017162,817,1,817,817,817,4,1,4,4,4
39,10,0.000190474,1,0.000190474,0.000190474,0.000190474,853,1,853,853,853,4,1,4,4,4
39,10,0.000245929,1,0.000245929,0.000245929,0.000245929,848,1,848,848,848,4,1,4,4,4
39,10,0.000132289,1,0.000132289,0.000132289,0.000132289,802,1,802,802,802,4,1,4,4,4
39,10,0.000156895,1,0.000156895,0.000156895,0.000156895,825,1,825,825,825,4,1,4,4,4
39,10,0.000204502,1,0.000204502,0.000204502,0.000204502,836,1,836,836,836,4,1,4,4,4
39,10,0.000207544,1,0.000207544,0.000207544,0.000207544,832,1,832,832,832,4,1,4,4,4
39,10,0.000244422,1,0.000244422,0.000244422,0.000244422,868,1,868,868,868,4,1,4,4,4
39,10,0.000220405,1,0.000220405,0.000220405,0.000220405,862,1,862,862,862,4,1,4,4,4
39,10,0.000273502,1,0.000273502,0.000273502,0.000273502,854,1,854,854,854,4,1,4,4,4
39,10,0.000224288,1,0.000224288,0.000224288,0.000224288,836,1,836,836,836,4,1,4,4,4
39,10,0.000285769,1,0.000285769,0.000285769,0.000285769,860,1,860,860,860,4,1,4,4,4
39,10,0.000484724,1,0.000484724,0.000484724,0.000484724,968,1,968,968,968,4,1,4,4,4
39,10,0.000178284,1,0.000178284,0.000178284,0.000178284,810,1,810,810,810,4,1,4,4,4
39,10,0.000247971,1,0.000247971,0.000247971,0.000247971,881,1,881,881,881,4,1,4,4,4
39,10,0.000210938,1,0.000210938,0.000210938,0.000210938,830,1,830,830,830,4,1,4,4,4
39,10,0.00037223,1,0.00037223,0.00037223,0.00037223,905,1,905,905,905,4,1,4,4,4
39,10,0.000230008,1,0.000230008,0.000230008,0.000230008,855,1,855,855,855,4,1,4,4,4
39,10,0.000200103,1,0.000200103,0.000200103,0.000200103,823,1,823,823,823,4,1,4,4,4
39,10,0.000234154,1,0.000234154,0.000234154,0.000234154,873,1,873,873,873,4,1,4,4,4
39,10,0.000201479,1,0.000201479,0.000201479,0.000201479,855,1,855,855,855,4,1,4,4,4
39,10,0.000278011,1,0.000278011,0.000278011,0.000278011,845,1,845,845,845,4,1,4,4,4
39,10,0.000336317,1,0.000336317,0.000336317,0.000336317,882,1,882,882,882,4,1,4,4,4
39,10,0.000163573,1,0.000163573,0.000163573,0.000163573,828,1,828,828,828,4,1,4,4,4
39,10,0.000214856,1,0.000214856,0.000214856,0.000214856,844,1,844,844,844,4,1,4,4,4
39,10,0.000145855,1,0.000145855,0.000145855,0.000145855,832,1,832,832,832,4,1,4,4,4
39,10,0.000303943,1,0.000303943,0.000303943,0.000303943,897,1,897,897,897,4,1,4,4,4
39,10,0.000233751,1,0.000233751,0.000233751,0.000233751,837,1,837,837,837,4,1,4,4,4
39,10,0.000217841,1,0.000217841,0.000217841,0.000217841,834,1,834,834,834,4,1,4,4,4
39,10,0.000334088,1,0.000334088,0.000334088,0.000334088,860,1,860,860,860,4,1,4,4,4
39,10,0.000283288,1,0.000283288,0.000283288,0.000283288,840,1,840,840,840,4,1,4,4,4
39,10,0.000283648,1,0.000283648,0.000283648,0.000283648,862,1,862,862,862,4,1,4,4,4
39,10,0.00021053,1,0.00021053,0.00021053,0.00021053,832,1,832,832,832,4,1,4,4,4
39,10,0.000145572,1,0.000145572,0.000145572,0.000145572,821,1,821,821,821,4,1,4,4,4
39,10,0.0001397,1,0.0001397,0.0001397,0.0001397,792,1,792,792,792,3,1,3,3,3
39,10,0.000295994,1,0.000295994,0.000295994,0.000295994,889,1,889,889,889,4,1,4,4,4
39,10,0.000261188,1,0.000261188,0.000261188,0.000261188,847,1,847,847,847,4,1,4,4,4
39,10,0.000269038,1,0.000269038,0.000269038,0.000269038,849,1,849,849,849,4,1,4,4,4
39,10,0.000249117,1,0.000249117,0.000249117,0.000249117,833,1,833,833,833,4,1,4,4,4
39,10,0.0002862,1,0.0002862,0.0002862,0.0002862,846,1,846,846,846,4,1,4,4,4
39,10,0.000233341,1,0.000233341,0.000233341,0.000233341,830,1,830,830,830,4,1,4,4,4
39,10,0.000272365,1,0.000272365,0.000272365,0.000272365,874,1,874,874,874,4,1,4,4,4
39,10,0.000214285,1,0.000214285,0.000214285,0.000214285,858,1,858,858,858,4,1,4,4,4
39,10,0.000343537,1,0.000343537,0.000343537,0.000343537,898,1,898,898,898,4,1,4,4,4
39,10,0.000269826,1,0.000269826,0.000269826,0.000269826,849,1,849,849,849,4,1,4,4,4
39,10,0.000561373,1,0.000561373,0.000561373,0.000561373,980,1,980,980,980,5,1,5,5,5
39,10,0.000193181,1,0.000193181,0.000193181,0.000193181,847,1,847,847,847,4,1,4,4,4
39,10,0.000187095,1,0.000187095,0.000187095,0.000187095,836,1,836,836,836,4,1,4,4,4
39,10,0.000290012,1,0.000290012,0.000290012,0.000290012,861,1,861,861,861,4,1,4,4,4
39,10,0.000457332,1,0.000457332,0.000457332,0.000457332,943,1,943,943,943,5,1,5,5,5
39,10,0.00020043,1,0.00020043,0.00020043,0.00020043,835,1,835,835,835,4,1,4,4,4
39,10,0.000126076,1,0.000126076,0.000126076,0.000126076,797,1,797,797,797,3,1,3,3,3
39,10,0.00035801,1,0.00035801,0.00035801,0.00035801,915,1,915,915,915,4,1,4,4,4
39,10,0.000340714,1,0.000340714,0.000340714,0.000340714,878,1,878,878,878,4,1,4,4,4
39,10,0.000135797,1,0.000135797,0.000135797,0.000135797,798,1,798,798,798,4,1,4,4,4
39,10,0.000427245,1,0.000427245,0.000427245,0.000427245,933,1,933,933,933,4,1,4,4,4
39,10,0.000223966,1,0.000223966,0.000223966,0.000223966,858,1,858,858,858,3,1,3,3,3
39,10,0.000138748,1,0.000138748,0.000138748,0.000138748,788,1,788,788,788,3,1,3,3,3
39,10,0.000241749,1,0.000241749,0.000241749,0.000241749,845,1,845,845,845,4,1,4,4,4
39,10,0.00025709,1,0.00025709,0.00025709,0.00025709,842,1,842,842,842,4,1,4,4,4
39,10,0.000250409,1,0.000250409,0.000250409,0.000250409,857,1,857,857,857,4,1,4,4,4
39,10,0.000311039,1,0.000311039,0.000311039,0.000311039,863,1,863,863,863,4,1,4,4,4
39,10,0.000219602,1,0.000219602,0.000219602,0.000219602,848,1,848,848,848,4,1,4,4,4
39,10,0.000233572,1,0.000233572,0.000233572,0.000233572,837,1,837,837,837,3,1,3,3,3
39,10,0.000369446,1,0.000369446,0.000369446,0.000369446,953,1,953,953,953,4,1,4,4,4
39,10,0.000384688,1,0.000384688,0.000384688,0.000384688,931,1,931,931,931,4,1,4,4,4
39,10,0.000267442,1,0.000267442,0.000267442,0.000267442,864,1,864,864,864,4,1,4,4,4
39,10,0.000340925,1,0.000340925,0.000340925,0.000340925,864,1,864,864,864,4,1,4,4,4
39,10,0.000162445,1,0.000162445,0.000162445,0.000162445,799,1,799,799,799,4,1,4,4,4
39,10,0.000299281,1,0.000299281,0.000299281,0.000299281,875,1,875,875,875,4,1,4,4,4
39,10,0.000498978,1,0.000498978,0.000498978,0.000498978,957,1,957,957,957,5,1,5,5,5
39,10,0.000174935,1,0.000174935,0.000174935,0.000174935,825,1,825,825,825,3,1,3,3,3
39,10,0.000146007,1,0.000146007,0.000146007,0.000146007,817,1,817,817,817,3,1,3,3,3
39,10,0.000176496,1,0.000176496,0.000176496,0.000176496,811,1,811,811,811,4,1,4,4,4
39,10,0.000159822,1,0.000159822,0.000159822,0.000159822,821,1,821,821,821,4,1,4,4,4
39,10,0.000143192,1,0.000143192,0.000143192,0.000143192,829,1,829,829,829,4,1,4,4,4
39,10,0.000138045,1,0.000138045,0.000138045,0.000138045,810,1,810,810,810,3,1,3,3,3
39,10,0.000249611,1,0.000249611,0.000249611,0.000249611,846,1,846,846,846,4,1,4,4,4
39,10,0.000124432,1,0.000124432,0.000124432,0.000124432,794,1,794,794,794,3,1,3,3,3
39,10,0.000244707,1,0.000244707,0.000244707,0.000244707,839,1,839,839,839,4,1,4,4,4
39,10,0.000178185,1,0.000178185,0.000178185,0.000178185,835,1,835,835,835,4,1,4,4,4
39,10,0.00032739,1,0.00032739,0.00032739,0.00032739,869,1,869,869,869,4,1,4,4,4
39,10,0.000440566,1,0.000440566,0.000440566,0.000440566,922,1,922,922,922,4,1,4,4,4
39,10,0.000127782,1,0.000127782,0.000127782,0.000127782,802,1,802,802,802,3,1,3,3,3
39,10,0.000299908,1,0.000299908,0.000299908,0.000299908,867,1,867,867,867,4,1,4,4,4
39,10,0.000135682,1,0.000135682,0.000135682,0.000135682,792,1,792,792,792,4,1,4,4,4
39,10,0.000321972,1,0.000321972,0.000321972,0.000321972,870,1,870,870,870,4,1,4,4,4
39,10,0.00019256,1,0.00019256,0.00019256,0.00019256,818,1,818,818,818,4,1,4,4,4
39,10,0.000270265,1,0.000270265,0.000270265,0.000270265,854,1,854,854,854,4,1,4,4,4
39,10,9.4365e-05,1,9.4365e-05,9.4365e-05,9.4365e-05,772,1,772,772,772,3,1,3,3,3
39,10,0.000415075,1,0.000415075,0.000415075,0.000415075,933,1,933,933,933,5,1,5,5,5
39,10,0.000405894,1,0.000405894,0.000405894,0.000405894,973,1,973,973,973,4,1,4,4,4
39,10,0.000347397,1,0.000347397,0.000347397,0.000347397,895,1,895,895,895,4,1,4,4,4
39,10,0.000178016,1,0.000178016,0.000178016,0.000178016,844,1,844,844,844,3,1,3,3,3
39,10,0.000210928,1,0.000210928,0.000210928,0.000210928,845,1,845,845,845,4,1,4,4,4
39,10,0.000260808,1,0.000260808,0.000260808,0.000260808,845,1,845,845,845,4,1,4,4,4
39,10,0.000168693,1,0.000168693,0.000168693,0.000168693,820,1,820,820,820,4,1,4,4,4
39,10,0.000220263,1,0.000220263,0.000220263,0.000220263,853,1,853,853,853,4,1,4,4,4
39,10,0.000351454,1,0.000351454,0.000351454,0.000351454,921,1,921,921,921,5,1,5,5,5
39,10,0.000232558,1,0.000232558,0.000232558,0.000232558,838,1,838,838,838,4,1,4,4,4
39,10,0.000253672,1,0.000253672,0.000253672,0.000253672,847,1,847,847,847,4,1,4,4,4
39,10,0.000134875,1,0.000134875,0.000134875,0.000134875,799,1,799,799,799,3,1,3,3,3
39,10,0.000279705,1,0.000279705,0.000279705,0.000279705,861,1,861,861,861,4,1,4,4,4
39,10,0.000266243,1,0.000266243,0.000266243,0.000266243,848,1,848,848,848,4,1,4,4,4
39,10,0.000219398,1,0.000219398,0.000219398,0.000219398,821,1,821,821,821,4,1,4,4,4
39,10,0.000287492,1,0.000287492,0.000287492,0.000287492,846,1,846,846,846,4,1,4,4,4
39,10,0.000190786,1,0.000190786,0.000190786,0.000190786,829,1,829,829,829,4,1,4,4,4
39,10,0.000249921,1,0.000249921,0.000249921,0.000249921,839,1,839,839,839,4,1,4,4,4
39,10,0.000191786,1,0.000191786,0.000191786,0.000191786,820,1,820,820,820,4,1,4,4,4
39,10,0.000218691,1,0.000218691,0.000218691,0.000218691,849,1,849,849,849,4,1,4,4,4
39,10,0.000313125,1,0.000313125,0.000313125,0.000313125,887,1,887,887,887,4,1,4,4,4
39,10,0.000264864,1,0.000264864,0.000264864,0.000264864,877,1,877,877,877,4,1,4,4,4
39,10,0.000195115,1,0.000195115,0.000195115,0.000195115,821,1,821,821,821,3,1,3,3,3
39,10,0.000272978,1,0.000272978,0.000272978,0.000272978,841,1,841,841,841,4,1,4,4,4
39,10,0.000307725,1,0.000307725,0.000307725,0.000307725,858,1,858,858,858,4,1,4,4,4
39,10,9.9099e-05,1,9.9099e-05,9.9099e-05,9.9099e-05,775,1,775,775,775,3,1,3,3,3
39,10,0.000250103,1,0.000250103,0.000250103,0.000250103,858,1,858,858,858,4,1,4,4,4
39,10,0.000265341,1,0.000265341,0.000265341,0.000265341,848,1,848,848,848,4,1,4,4,4
39,10,0.000242492,1,0.000242492,0.000242492,0.000242492,843,1,843,843,843,4,1,4,4,4
39,10,0.000215738,1,0.000215738,0.000215738,0.000215738,856,1,856,856,856,4,1,4,4,4
39,10,0.000329535,1,0.000329535,0.000329535,0.000329535,867,1,867,867,867,4,1,4,4,4
39,10,0.000283103,1,0.000283103,0.000283103,0.000283103,849,1,849,849,849,4,1,4,4,4
39,10,0.000243781,1,0.000243781,0.000243781,0.000243781,862,1,862,862,862,4,1,4,4,4
39,10,0.000174491,1,0.000174491,0.000174491,0.000174491,826,1,826,826,826,4,1,4,4,4
39,10,0.000411919,1,0.000411919,0.000411919,0.000411919,916,1,916,916,916,4,1,4,4,4
39,10,0.000328412,1,0.000328412,0.000328412,0.000328412,859,1,859,859,859,4,1,4,4,4
39,10,0.000246248,1,0.000246248,0.000246248,0.000246248,839,1,839,839,839,4,1,4,4,4
39,10,0.000226778,1,0.000226778,0.000226778,0.000226778,831,1,831,831,831,4,1,4,4,4
39,10,0.000309913,1,0.000309913,0.000309913,0.000309913,843,1,843,843,843,4,1,4,4,4
39,10,0.000248022,1,0.000248022,0.000248022,0.000248022,847,1,847,847,847,4,1,4,4,4
39,10,0.00029785,1,0.00029785,0.00029785,0.00029785,897,1,897,897,897,4,1,4,4,4
39,10,0.000216242,1,0.000216242,0.000216242,0.000216242,850,1,850,850,850,4,1,4,4,4
39,10,0.000181971,1,0.000181971,0.000181971,0.000181971,812,1,812,812,812,4,1,4,4,4
39,10,0.000286593,1,0.000286593,0.000286593,0.000286593,864,1,864,864,864,4,1,4,4,4
39,10,0.000221143,1,0.000221143,0.000221143,0.000221143,835,1,835,835,835,4,1,4,4,4
39,10,0.000166762,1,0.000166762,0.000166762,0.000166762,817,1,817,817,817,4,1,4,4,4
39,10,0.000216124,1,0.000216124,0.000216124,0.000216124,829,1,829,829,829,4,1,4,4,4
39,10,0.000228691,1,0.000228691,0.000228691,0.000228691,839,1,839,839,839,4,1,4,4,4
39,10,0.000469136,1,0.000469136,0.000469136,0.000469136,948,1,948,948,948,4,1,4,4,4
39,10,0.000269521,1,0.000269521,0.000269521,0.000269521,873,1,873,873,873,4,1,4,4,4
39,10,0.000240985,1,0.000240985,0.000240985,0.000240985,846,1,846,846,846,4,1,4,4,4
39,10,0.00028665,1,0.00028665,0.00028665,0.00028665,868,1,868,868,868,4,1,4,4,4
39,10,0.000299245,1,0.000299245,0.000299245,0.000299245,879,1,879,879,879,4,1,4,4,4
39,10,0.000248094,1,0.000248094,0.000248094,0.000248094,851,1,851,851,851,4,1,4,4,4
39,10,0.000209647,1,0.000209647,0.000209647,0.000209647,848,1,848,848,848,4,1,4,4,4
39,10,0.000353592,1,0.000353592,0.000353592,0.000353592,882,1,882,882,882,4,1,4,4,4
39,10,9.8598e-05,1,9.8598e-05,9.8598e-05,9.8598e-05,772,1,772,772,772,3,1,3,3,3
39,10,0.000130918,1,0.000130918,0.000130918,0.000130918,792,1,792,792,792,3,1,3,3,3
39,10,0.000125528,1,0.000125528,0.000125528,0.000125528,801,1,801,801,801,3,1,3,3,3
39,10,9.8766e-05,1,9.8766e-05,9.8766e-05,9.8766e-05,774,1,774,774,774,3,1,3,3,3
39,10,0.0002084,1,0.0002084,0.0002084,0.0002084,821,1,821,821,821,4,1,4,4,4
39,10,0.000243975,1,0.000243975,0.000243975,0.000243975,872,1,872,872,872,4,1,4,4,4
39,10,0.000136025,1,0.000136025,0.000136025,0.000136025,792,1,792,792,792,3,1,3,3,3
39,10,0.000206363,1,0.000206363,0.000206363,0.000206363,834,1,834,834,834,4,1,4,4,4
39,10,0.000406135,1,0.000406135,0.000406135,0.000406135,907,1,907,907,907,4,1,4,4,4
39,10,0.000253504,1,0.000253504,0.000253504,0.000253504,863,1,863,863,863,4,1,4,4,4
39,10,0.000270512,1,0.000270512,0.000270512,0.000270512,869,1,869,869,869,4,1,4,4,4
39,10,0.000203598,1,0.000203598,0.000203598,0.000203598,829,1,829,829,829,4,1,4,4,4
39,10,0.000264413,1,0.000264413,0.000264413,0.000264413,862,1,862,862,862,4,1,4,4,4
39,10,0.000366594,1,0.000366594,0.000366594,0.000366594,897,1,897,897,897,4,1,4,4,4
39,10,0.000235816,1,0.000235816,0.000235816,0.000235816,837,1,837,837,837,4,1,4,4,4
39,10,0.000215287,1,0.000215287,0.000215287,0.000215287,840,1,840,840,840,4,1,4,4,4
39,10,0.000156295,1,0.000156295,0.000156295,0.000156295,803,1,803,803,803,3,1,3,3,3
39,10,0.000346415,1,0.000346415,0.000346415,0.000346415,922,1,922,922,922,4,1,4,4,4
39,10,0.000124204,1,0.000124204,0.000124204,0.000124204,793,1,793,793,793,3,1,3,3,3
39,10,0.00011825,1,0.00011825,0.00011825,0.00011825,792,1,792,792,792,3,1,3,3,3
39,10,0.000190794,1,0.000190794,0.000190794,0.000190794,843,1,843,843,843,4,1,4,4,4
39,10,0.000224985,1,0.000224985,0.000224985,0.000224985,836,1,836,836,836,4,1,4,4,4
39,10,0.000209572,1,0.000209572,0.000209572,0.000209572,824,1,824,824,824,4,1,4,4,4
39,10,0.000333114,1,0.000333114,0.000333114,0.000333114,891,1,891,891,891,5,1,5,5,5
39,10,0.000318497,1,0.000318497,0.000318497,0.000318497,869,1,869,869,869,4,1,4,4,4
39,10,0.000263438,1,0.000263438,0.000263438,0.000263438,841,1,841,841,841,4,1,4,4,4
39,10,0.00027468,1,0.00027468,0.00027468,0.00027468,864,1,864,864,864,4,1,4,4,4
39,10,0.000182621,1,0.000182621,0.000182621,0.000182621,820,1,820,820,820,4,1,4,4,4
39,10,0.00022175,1,0.00022175,0.00022175,0.00022175,826,1,826,826,826,4,1,4,4,4
39,10,0.00023276,1,0.00023276,0.00023276,0.00023276,835,1,835,835,835,4,1,4,4,4
39,10,0.000349955,1,0.000349955,0.000349955,0.000349955,880,1,880,880,880,4,1,4,4,4
39,10,0.000206324,1,0.000206324,0.000206324,0.000206324,832,1,832,832,832,4,1,4,4,4
39,10,0.000223889,1,0.000223889,0.000223889,0.000223889,841,1,841,841,841,4,1,4,4,4
39,10,0.000293246,1,0.000293246,0.000293246,0.000293246,864,1,864,864,864,4,1,4,4,4
39,10,0.000305604,1,0.000305604,0.000305604,0.000305604,855,1,855,855,855,4,1,4,4,4
39,10,0.000184699,1,0.000184699,0.000184699,0.000184699,852,1,852,852,852,4,1,4,4,4
39,10,0.000191564,1,0.000191564,0.000191564,0.000191564,809,1,809,809,809,4,1,4,4,4
39,10,0.000210779,1,0.000210779,0.000210779,0.000210779,836,1,836,836,836,4,1,4,4,4
39,10,0.000228323,1,0.000228323,0.000228323,0.000228323,830,1,830,830,830,4,1,4,4,4
39,10,0.000238337,1,0.000238337,0.000238337,0.000238337,881,1,881,881,881,4,1,4,4,4
39,10,0.000186819,1,0.000186819,0.000186819,0.000186819,812,1,812,812,812,4,1,4,4,4
39,10,0.000234843,1,0.000234843,0.000234843,0.000234843,855,1,855,855,855,3,1,3,3,3
39,10,0.000247876,1,0.000247876,0.000247876,0.000247876,849,1,849,849,849,4,1,4,4,4
39,10,0.000129651,1,0.000129651,0.000129651,0.000129651,788,1,788,788,788,3,1,3,3,3
39,10,0.000105227,1,0.000105227,0.000105227,0.000105227,800,1,800,800,800,3,1,3,3,3
39,10,0.000322594,1,0.000322594,0.000322594,0.000322594,926,1,926,926,926,4,1,4,4,4
39,10,0.00026798,1,0.00026798,0.00026798,0.00026798,858,1,858,858,858,4,1,4,4,4
39,10,0.000226262,1,0.000226262,0.000226262,0.000226262,848,1,848,848,848,4,1,4,4,4
39,10,0.000317509,1,0.000317509,0.000317509,0.000317509,862,1,862,862,862,4,1,4,4,4
39,10,0.00018131,1,0.00018131,0.00018131,0.00018131,834,1,834,834,834,4,1,4,4,4
39,10,0.000268389,1,0.000268389,0.000268389,0.000268389,846,1,846,846,846,4,1,4,4,4
39,10,0.000228199,1,0.000228199,0.000228199,0.000228199,834,1,834,834,834,4,1,4,4,4
39,10,0.000426455,1,0.000426455,0.000426455,0.000426455,988,1,988,988,988,4,1,4,4,4
39,10,0.000242736,1,0.000242736,0.000242736,0.000242736,848,1,848,848,848,4,1,4,4,4
39,10,0.000195553,1,0.000195553,0.000195553,0.000195553,825,1,825,825,825,4,1,4,4,4
39,10,0.00013359,1,0.00013359,0.00013359,0.00013359,805,1,805,805,805,3,1,3,3,3
39,10,0.000223071,1,0.000223071,0.000223071,0.000223071,839,1,839,839,839,4,1,4,4,4
39,10,0.00013765,1,0.00013765,0.00013765,0.00013765,793,1,793,793,793,3,1,3,3,3
39,10,0.000305915,1,0.000305915,0.000305915,0.000305915,879,1,879,879,879,4,1,4,4,4
39,10,0.000412211,1,0.000412211,0.000412211,0.000412211,921,1,921,921,921,4,1,4,4,4
39,10,0.000220244,1,0.000220244,0.000220244,0.000220244,829,1,829,829,829,4,1,4,4,4
39,10,0.000201457,1,0.000201457,0.000201457,0.000201457,832,1,832,832,832,4,1,4,4,4
39,10,0.000475747,1,0.000475747,0.000475747,0.000475747,964,1,964,964,964,4,1,4,4,4
39,10,0.000325428,1,0.000325428,0.000325428,0.000325428,925,1,925,925,925,4,1,4,4,4
39,10,0.000296372,1,0.000296372,0.000296372,0.000296372,861,1,861,861,861,4,1,4,4,4
39,10,0.000204099,1,0.000204099,0.000204099,0.000204099,824,1,824,824,824,4,1,4,4,4
39,10,0.000212113,1,0.000212113,0.000212113,0.000212113,822,1,822,822,822,4,1,4,4,4
39,10,0.0003082,1,0.0003082,0.0003082,0.0003082,864,1,864,864,864,4,1,4,4,4
39,10,0.000148305,1,0.000148305,0.000148305,0.000148305,799,1,799,799,799,3,1,3,3,3
39,10,0.000274662,1,0.000274662,0.000274662,0.000274662,857,1,857,857,857,4,1,4,4,4
39,10,0.000320728,1,0.000320728,0.000320728,0.000320728,849,1,849,849,849,4,1,4,4,4
39,10,0.000158876,1,0.000158876,0.000158876,0.000158876,847,1,847,847,847,4,1,4,4,4
39,10,0.000295416,1,0.000295416,0.000295416,0.000295416,864,1,864,864,864,4,1,4,4,4
39,10,0.000186,1,0.000186,0.000186,0.000186,817,1,817,817,817,4,1,4,4,4
39,10,0.000253259,1,0.000253259,0.000253259,0.000253259,857,1,857,857,857,4,1,4,4,4
39,10,0.000138004,1,0.000138004,0.000138004,0.000138004,813,1,813,813,813,3,1,3,3,3
39,10,0.000200128,1,0.000200128,0.000200128,0.000200128,832,1,832,832,832,4,1,4,4,4
39,10,0.000293474,1,0.000293474,0.000293474,0.000293474,849,1,849,849,849,4,1,4,4,4
39,10,0.000186476,1,0.000186476,0.000186476,0.000186476,833,1,833,833,833,4,1,4,4,4
39,10,0.000208298,1,0.000208298,0.000208298,0.000208298,831,1,831,831,831,3,1,3,3,3
39,10,0.000199248,1,0.000199248,0.000199248,0.000199248,825,1,825,825,825,4,1,4,4,4
39,10,0.000276326,1,0.000276326,0.000276326,0.000276326,878,1,878,878,878,4,1,4,4,4
39,10,0.000203386,1,0.000203386,0.000203386,0.000203386,870,1,870,870,870,4,1,4,4,4
39,10,0.000385126,1,0.000385126,0.000385126,0.000385126,926,1,926,926,926,4,1,4,4,4
39,10,0.000268957,1,0.000268957,0.000268957,0.000268957,861,1,861,861,861,4,1,4,4,4
39,10,0.000321436,1,0.000321436,0.000321436,0.000321436,852,1,852,852,852,4,1,4,4,4
39,10,0.000201793,1,0.000201793,0.000201793,0.000201793,839,1,839,839,839,4,1,4,4,4
39,10,0.000334301,1,0.000334301,0.000334301,0.000334301,871,1,871,871,871,4,1,4,4,4
39,10,0.000274908,1,0.000274908,0.000274908,0.000274908,858,1,858,858,858,4,1,4,4,4
39,10,0.000264123,1,0.000264123,0.000264123,0.000264123,883,1,883,883,883,4,1,4,4,4
39,10,0.000267217,1,0.000267217,0.000267217,0.000267217,856,1,856,856,856,4,1,4,4,4
39,10,0.000288977,1,0.000288977,0.000288977,0.000288977,861,1,861,861,861,4,1,4,4,4
39,10,0.000150288,1,0.000150288,0.000150288,0.000150288,821,1,821,821,821,4,1,4,4,4
39,10,0.000164242,1,0.000164242,0.000164242,0.000164242,808,1,808,808,808,4,1,4,4,4
39,10,0.000260289,1,0.000260289,0.000260289,0.000260289,844,1,844,844,844,4,1,4,4,4
39,10,9.6234e-05,1,9.6234e-05,9.6234e-05,9.6234e-05,783,1,783,783,783,4,1,4,4,4
39,10,0.00031897,1,0.00031897,0.00031897,0.00031897,906,1,906,906,906,4,1,4,4,4
39,10,0.000420119,1,0.000420119,0.000420119,0.000420119,933,1,933,933,933,5,1,5,5,5
39,10,0.000178321,1,0.000178321,0.000178321,0.000178321,833,1,833,833,833,4,1,4,4,4
39,10,0.000276359,1,0.000276359,0.000276359,0.000276359,857,1,857,857,857,4,1,4,4,4
39,10,0.000333809,1,0.000333809,0.000333809,0.000333809,867,1,867,867,867,4,1,4,4,4
39,10,0.00024021,1,0.00024021,0.00024021,0.00024021,845,1,845,845,845,4,1,4,4,4
39,10,0.000299891,1,0.000299891,0.000299891,0.000299891,878,1,878,878,878,4,1,4,4,4
39,10,0.000368921,1,0.000368921,0.000368921,0.000368921,894,1,894,894,894,4,1,4,4,4
39,10,0.00029231,1,0.00029231,0.00029231,0.00029231,863,1,863,863,863,4,1,4,4,4
39,10,0.000180554,1,0.000180554,0.000180554,0.000180554,826,1,826,826,826,4,1,4,4,4
39,10,0.000397336,1,0.000397336,0.000397336,0.000397336,884,1,884,884,884,4,1,4,4,4
39,10,0.000149399,1,0.000149399,0.000149399,0.000149399,803,1,803,803,803,4,1,4,4,4
39,10,0.000312411,1,0.000312411,0.000312411,0.000312411,904,1,904,904,904,4,1,4,4,4
39,10,0.000206871,1,0.000206871,0.000206871,0.000206871,822,1,822,822,822,4,1,4,4,4
39,10,0.000237639,1,0.000237639,0.000237639,0.000237639,860,1,860,860,860,4,1,4,4,4
39,10,9.931e-05,1,9.931e-05,9.931e-05,9.931e-05,776,1,776,776,776,3,1,3,3,3
39,10,0.000199047,1,0.000199047,0.000199047,0.000199047,828,1,828,828,828,4,1,4,4,4
39,10,0.000134475,1,0.000134475,0.000134475,0.000134475,798,1,798,798,798,4,1,4,4,4
39,10,0.000377539,1,0.000377539,0.000377539,0.000377539,923,1,923,923,923,4,1,4,4,4
39,10,0.000453529,1,0.000453529,0.000453529,0.000453529,939,1,939,939,939,5,1,5,5,5
39,10,0.000363404,1,0.000363404,0.000363404,0.000363404,877,1,877,877,877,4,1,4,4,4
39,10,0.00021253,1,0.00021253,0.00021253,0.00021253,830,1,830,830,830,4,1,4,4,4
39,10,0.000304262,1,0.000304262,0.000304262,0.000304262,888,1,888,888,888,4,1,4,4,4
39,10,0.000220396,1,0.000220396,0.000220396,0.000220396,829,1,829,829,829,4,1,4,4,4
39,10,0.000144494,1,0.000144494,0.000144494,0.000144494,795,1,795,795,795,4,1,4,4,4
39,10,0.000439861,1,0.000439861,0.000439861,0.000439861,933,1,933,933,933,5,1,5,5,5
39,10,0.000334755,1,0.000334755,0.000334755,0.000334755,873,1,873,873,873,4,1,4,4,4
39,10,0.000316644,1,0.000316644,0.000316644,0.000316644,899,1,899,899,899,4,1,4,4,4
39,10,0.000195048,1,0.000195048,0.000195048,0.000195048,838,1,838,838,838,4,1,4,4,4
39,10,0.000208224,1,0.000208224,0.000208224,0.000208224,852,1,852,852,852,4,1,4,4,4
39,10,0.000243807,1,0.000243807,0.000243807,0.000243807,837,1,837,837,837,4,1,4,4,4
39,10,0.000254456,1,0.000254456,0.000254456,0.000254456,844,1,844,844,844,4,1,4,4,4
39,10,0.000348091,1,0.000348091,0.000348091,0.000348091,877,1,877,877,877,4,1,4,4,4
39,10,0.000264465,1,0.000264465,0.000264465,0.000264465,869,1,869,869,869,4,1,4,4,4
39,10,0.000283026,1,0.000283026,0.000283026,0.000283026,856,1,856,856,856,4,1,4,4,4
39,10,0.000261488,1,0.000261488,0.000261488,0.000261488,835,1,835,835,835,4,1,4,4,4
39,10,0.000225465,1,0.000225465,0.000225465,0.000225465,835,1,835,835,835,4,1,4,4,4
39,10,0.000187492,1,0.000187492,0.000187492,0.000187492,825,1,825,825,825,4,1,4,4,4
39,10,0.000223032,1,0.000223032,0.000223032,0.000223032,823,1,823,823,823,4,1,4,4,4
39,10,0.000469685,1,0.000469685,0.000469685,0.000469685,965,1,965,965,965,4,1,4,4,4
39,10,0.00030232,1,0.00030232,0.00030232,0.00030232,877,1,877,877,877,4,1,4,4,4
39,10,0.000311386,1,0.000311386,0.000311386,0.000311386,873,1,873,873,873,4,1,4,4,4
39,10,0.000332703,1,0.000332703,0.000332703,0.000332703,887,1,887,887,887,4,1,4,4,4
39,10,0.000215094,1,0.000215094,0.000215094,0.000215094,847,1,847,847,847,4,1,4,4,4
39,10,0.000420085,1,0.000420085,0.000420085,0.000420085,948,1,948,948,948,4,1,4,4,4
39,10,0.000123313,1,0.000123313,0.000123313,0.000123313,800,1,800,800,800,3,1,3,3,3
39,10,0.000254432,1,0.000254432,0.000254432,0.000254432,839,1,839,839,839,4,1,4,4,4
39,10,0.000254853,1,0.000254853,0.000254853,0.000254853,849,1,849,849,849,4,1,4,4,4
39,10,0.00033348,1,0.00033348,0.00033348,0.00033348,873,1,873,873,873,4,1,4,4,4
39,10,0.000141241,1,0.000141241,0.000141241,0.000141241,797,1,797,797,797,3,1,3,3,3
39,10,0.000215325,1,0.000215325,0.000215325,0.000215325,822,1,822,822,822,4,1,4,4,4
39,10,0.000245325,1,0.000245325,0.000245325,0.000245325,837,1,837,837,837,4,1,4,4,4
39,10,0.000313132,1,0.000313132,0.000313132,0.000313132,851,1,851,851,851,4,1,4,4,4
39,10,0.000260075,1,0.000260075,0.000260075,0.000260075,835,1,835,835,835,4,1,4,4,4
39,10,0.000204746,1,0.000204746,0.000204746,0.000204746,836,1,836,836,836,4,1,4,4,4
39,10,0.000149527,1,0.000149527,0.000149527,0.000149527,816,1,816,816,816,3,1,3,3,3
39,10,0.00038256,1,0.00038256,0.00038256,0.00038256,886,1,886,886,886,4,1,4,4,4
39,10,0.000477766,1,0.000477766,0.000477766,0.000477766,919,1,919,919,919,4,1,4,4,4
39,10,0.000210737,1,0.000210737,0.000210737,0.000210737,832,1,832,832,832,3,1,3,3,3
39,10,0.000330843,1,0.000330843,0.000330843,0.000330843,902,1,902,902,902,3,1,3,3,3
39,10,0.000218021,1,0.000218021,0.000218021,0.000218021,824,1,824,824,824,4,1,4,4,4
39,10,0.000340364,1,0.000340364,0.000340364,0.000340364,883,1,883,883,883,4,1,4,4,4
39,10,0.000151888,1,0.000151888,0.000151888,0.000151888,820,1,820,820,820,4,1,4,4,4
39,10,0.000312256,1,0.000312256,0.000312256,0.000312256,872,1,872,872,872,4,1,4,4,4
39,10,0.000219041,1,0.000219041,0.000219041,0.000219041,822,1,822,822,822,4,1,4,4,4
39,10,0.000177892,1,0.000177892,0.000177892,0.000177892,820,1,820,820,820,4,1,4,4,4
39,10,0.000204582,1,0.000204582,0.000204582,0.000204582,839,1,839,839,839,4,1,4,4,4
39,10,0.000195574,1,0.000195574,0.000195574,0.000195574,818,1,818,818,818,4,1,4,4,4
39,10,0.000283008,1,0.000283008,0.000283008,0.000283008,849,1,849,849,849,4,1,4,4,4
39,10,0.000139485,1,0.000139485,0.000139485,0.000139485,790,1,790,790,790,3,1,3,3,3
39,10,0.000257056,1,0.000257056,0.000257056,0.000257056,833,1,833,833,833,4,1,4,4,4
39,10,0.000327423,1,0.000327423,0.000327423,0.000327423,878,1,878,878,878,4,1,4,4,4
39,10,0.000224176,1,0.000224176,0.000224176,0.000224176,832,1,832,832,832,4,1,4,4,4
39,10,0.000436254,1,0.000436254,0.000436254,0.000436254,942,1,942,942,942,4,1,4,4,4
39,10,0.000350886,1,0.000350886,0.000350886,0.000350886,901,1,901,901,901,5,1,5,5,5
39,10,0.000123,1,0.000123,0.000123,0.000123,795,1,795,795,795,3,1,3,3,3
39,10,0.000442423,1,0.000442423,0.000442423,0.000442423,907,1,907,907,907,5,1,5,5,5
39,10,0.000300421,1,0.000300421,0.000300421,0.000300421,871,1,871,871,871,5,1,5,5,5
39,10,0.000281173,1,0.000281173,0.000281173,0.000281173,853,1,853,853,853,4,1,4,4,4
39,10,0.000198851,1,0.000198851,0.000198851,0.000198851,840,1,840,840,840,4,1,4,4,4
39,10,0.000262225,1,0.000262225,0.000262225,0.000262225,847,1,847,847,847,4,1,4,4,4
39,10,0.000293467,1,0.000293467,0.000293467,0.000293467,879,1,879,879,879,4,1,4,4,4
39,10,0.000349809,1,0.000349809,0.000349809,0.000349809,903,1,903,903,903,4,1,4,4,4
39,10,0.000129681,1,0.000129681,0.000129681,0.000129681,795,1,795,795,795,4,1,4,4,4
39,10,0.000200405,1,0.000200405,0.000200405,0.000200405,830,1,830,830,830,4,1,4,4,4
39,10,0.000306189,1,0.000306189,0.000306189,0.000306189,881,1,881,881,881,4,1,4,4,4
39,10,0.000221062,1,0.000221062,0.000221062,0.000221062,830,1,830,830,830,4,1,4,4,4
39,10,0.000221163,1,0.000221163,0.000221163,0.000221163,845,1,845,845,845,4,1,4,4,4
39,10,0.000276993,1,0.000276993,0.000276993,0.000276993,873,1,873,873,873,4,1,4,4,4
39,10,0.00010361,1,0.00010361,0.00010361,0.00010361,787,1,787,787,787,3,1,3,3,3
39,10,0.000179295,1,0.000179295,0.000179295,0.000179295,848,1,848,848,848,4,1,4,4,4
39,10,0.000306629,1,0.000306629,0.000306629,0.000306629,862,1,862,862,862,4,1,4,4,4
39,10,0.000187963,1,0.000187963,0.000187963,0.000187963,836,1,836,836,836,4,1,4,4,4
39,10,0.000264784,1,0.000264784,0.000264784,0.000264784,855,1,855,855,855,4,1,4,4,4
39,10,0.000111535,1,0.000111535,0.000111535,0.000111535,791,1,791,791,791,3,1,3,3,3
39,10,0.000287811,1,0.000287811,0.000287811,0.000287811,850,1,850,850,850,4,1,4,4,4
39,10,0.00035302,1,0.00035302,0.00035302,0.00035302,891,1,891,891,891,4,1,4,4,4
39,10,0.00014308,1,0.00014308,0.00014308,0.00014308,830,1,830,830,830,4,1,4,4,4
39,10,0.000231637,1,0.000231637,0.000231637,0.000231637,846,1,846,846,846,4,1,4,4,4
39,10,0.00052012,1,0.00052012,0.00052012,0.00052012,926,1,926,926,926,5,1,5,5,5
39,10,0.000191901,1,0.000191901,0.000191901,0.000191901,818,1,818,818,818,4,1,4,4,4
39,10,0.000139929,1,0.000139929,0.000139929,0.000139929,814,1,814,814,814,3,1,3,3,3
39,10,9.9092e-05,1,9.9092e-05,9.9092e-05,9.9092e-05,777,1,777,777,777,3,1,3,3,3
39,10,0.000121808,1,0.000121808,0.000121808,0.000121808,790,1,790,790,790,3,1,3,3,3
39,10,0.000169369,1,0.000169369,0.000169369,0.000169369,834,1,834,834,834,3,1,3,3,3
39,10,0.000304413,1,0.000304413,0.000304413,0.000304413,853,1,853,853,853,4,1,4,4,4
39,10,0.000148089,1,0.000148089,0.000148089,0.000148089,793,1,793,793,793,3,1,3,3,3
39,10,0.000256377,1,0.000256377,0.000256377,0.000256377,847,1,847,847,847,4,1,4,4,4
39,10,0.00023616,1,0.00023616,0.00023616,0.00023616,845,1,845,845,845,4,1,4,4,4
39,10,0.000128914,1,0.000128914,0.000128914,0.000128914,787,1,787,787,787,3,1,3,3,3
39,10,0.000457537,1,0.000457537,0.000457537,0.000457537,913,1,913,913,913,4,1,4,4,4
39,10,0.000143771,1,0.000143771,0.000143771,0.000143771,814,1,814,814,814,4,1,4,4,4
39,10,0.00024028,1,0.00024028,0.00024028,0.00024028,870,1,870,870,870,4,1,4,4,4
39,10,0.000245724,1,0.000245724,0.000245724,0.000245724,834,1,834,834,834,4,1,4,4,4
39,10,0.000154858,1,0.000154858,0.000154858,0.000154858,834,1,834,834,834,4,1,4,4,4
39,10,0.000312201,1,0.000312201,0.000312201,0.000312201,893,1,893,893,893,4,1,4,4,4
39,10,0.000344263,1,0.000344263,0.000344263,0.000344263,880,1,880,880,880,4,1,4,4,4
39,10,0.000167702,1,0.000167702,0.000167702,0.000167702,798,1,798,798,798,3,1,3,3,3
39,10,0.000221338,1,0.000221338,0.000221338,0.000221338,838,1,838,838,838,4,1,4,4,4
39,10,0.000215378,1,0.000215378,0.000215378,0.000215378,843,1,843,843,843,5,1,5,5,5
39,10,0.000255662,1,0.000255662,0.000255662,0.000255662,846,1,846,846,846,4,1,4,4,4
39,10,0.000541041,1,0.000541041,0.000541041,0.000541041,977,1,977,977,977,4,1,4,4,4
39,10,0.000136612,1,0.000136612,0.000136612,0.000136612,805,1,805,805,805,3,1,3,3,3
39,10,0.000143904,1,0.000143904,0.000143904,0.000143904,790,1,790,790,790,3,1,3,3,3
39,10,0.000122333,1,0.000122333,0.000122333,0.000122333,790,1,790,790,790,4,1,4,4,4
39,10,0.000231456,1,0.000231456,0.000231456,0.000231456,852,1,852,852,852,4,1,4,4,4
39,10,0.00019176,1,0.00019176,0.00019176,0.00019176,843,1,843,843,843,4,1,4,4,4
39,10,0.000122594,1,0.000122594,0.000122594,0.000122594,791,1,791,791,791,3,1,3,3,3
39,10,0.000284327,1,0.000284327,0.000284327,0.000284327,839,1,839,839,839,4,1,4,4,4
39,10,0.000330331,1,0.000330331,0.000330331,0.000330331,891,1,891,891,891,4,1,4,4,4
39,10,0.00011866,1,0.00011866,0.00011866,0.00011866,785,1,785,785,785,3,1,3,3,3
39,10,0.000222337,1,0.000222337,0.000222337,0.000222337,839,1,839,839,839,4,1,4,4,4
39,10,0.000386283,1,0.000386283,0.000386283,0.000386283,906,1,906,906,906,4,1,4,4,4
39,10,0.000426269,1,0.000426269,0.000426269,0.000426269,931,1,931,931,931,4,1,4,4,4
39,10,0.000125944,1,0.000125944,0.000125944,0.000125944,803,1,803,803,803,4,1,4,4,4
39,10,0.00039122,1,0.00039122,0.00039122,0.00039122,886,1,886,886,886,4,1,4,4,4
39,10,0.000211063,1,0.000211063,0.000211063,0.000211063,819,1,819,819,819,4,1,4,4,4
39,10,0.000263383,1,0.000263383,0.000263383,0.000263383,856,1,856,856,856,4,1,4,4,4
39,10,0.00033362,1,0.00033362,0.00033362,0.00033362,864,1,864,864,864,4,1,4,4,4
39,10,0.000315706,1,0.000315706,0.000315706,0.000315706,852,1,852,852,852,4,1,4,4,4
39,10,0.000215995,1,0.000215995,0.000215995,0.000215995,845,1,845,845,845,4,1,4,4,4
39,10,0.000165398,1,0.000165398,0.000165398,0.000165398,814,1,814,814,814,3,1,3,3,3
39,10,0.000168665,1,0.000168665,0.000168665,0.000168665,822,1,822,822,822,3,1,3,3,3
39,10,0.000401578,1,0.000401578,0.000401578,0.000401578,875,1,875,875,875,4,1,4,4,4
39,10,0.000167594,1,0.000167594,0.000167594,0.000167594,815,1,815,815,815,4,1,4,4,4
39,10,0.000214436,1,0.000214436,0.000214436,0.000214436,841,1,841,841,841,3,1,3,3,3
39,10,0.000234589,1,0.000234589,0.000234589,0.000234589,842,1,842,842,842,4,1,4,4,4
39,10,0.00035772,1,0.00035772,0.00035772,0.00035772,884,1,884,884,884,4,1,4,4,4
39,10,0.000196876,1,0.000196876,0.000196876,0.000196876,815,1,815,815,815,4,1,4,4,4
39,10,0.00020948,1,0.00020948,0.00020948,0.00020948,861,1,861,861,861,4,1,4,4,4
39,10,0.000198123,1,0.000198123,0.000198123,0.000198123,822,1,822,822,822,4,1,4,4,4
39,10,0.00027338,1,0.00027338,0.00027338,0.00027338,859,1,859,859,859,4,1,4,4,4
39,10,0.000275355,1,0.000275355,0.000275355,0.000275355,872,1,872,872,872,4,1,4,4,4
39,10,0.000171691,1,0.000171691,0.000171691,0.000171691,821,1,821,821,821,4,1,4,4,4
39,10,0.000225766,1,0.000225766,0.000225766,0.000225766,841,1,841,841,841,4,1,4,4,4
39,10,0.000412603,1,0.000412603,0.000412603,0.000412603,928,1,928,928,928,4,1,4,4,4
39,10,0.000128625,1,0.000128625,0.000128625,0.000128625,808,1,808,808,808,3,1,3,3,3
39,10,0.000301749,1,0.000301749,0.000301749,0.000301749,849,1,849,849,849,4,1,4,4,4
39,10,0.000278817,1,0.000278817,0.000278817,0.000278817,834,1,834,834,834,4,1,4,4,4
39,10,0.000253407,1,0.000253407,0.000253407,0.000253407,874,1,874,874,874,3,1,3,3,3
39,10,0.000151767,1,0.000151767,0.000151767,0.000151767,800,1,800,800,800,3,1,3,3,3
39,10,0.000233883,1,0.000233883,0.000233883,0.000233883,850,1,850,850,850,4,1,4,4,4
39,10,0.000254102,1,0.000254102,0.000254102,0.000254102,853,1,853,853,853,4,1,4,4,4
39,10,0.000366581,1,0.000366581,0.000366581,0.000366581,892,1,892,892,892,5,1,5,5,5
39,10,0.00018195,1,0.00018195,0.00018195,0.00018195,838,1,838,838,838,3,1,3,3,3
39,10,0.000279521,1,0.000279521,0.000279521,0.000279521,847,1,847,847,847,4,1,4,4,4
39,10,0.000283561,1,0.000283561,0.000283561,0.000283561,854,1,854,854,854,5,1,5,5,5
39,10,0.000187915,1,0.000187915,0.000187915,0.000187915,832,1,832,832,832,4,1,4,4,4
39,10,0.000225924,1,0.000225924,0.000225924,0.000225924,843,1,843,843,843,4,1,4,4,4
39,10,0.000224398,1,0.000224398,0.000224398,0.000224398,839,1,839,839,839,4,1,4,4,4
39,10,0.000339278,1,0.000339278,0.000339278,0.000339278,922,1,922,922,922,4,1,4,4,4
39,10,0.000155648,1,0.000155648,0.000155648,0.000155648,831,1,831,831,831,4,1,4,4,4
39,10,0.000403289,1,0.000403289,0.000403289,0.000403289,930,1,930,930,930,4,1,4,4,4
39,10,0.000204133,1,0.000204133,0.000204133,0.000204133,836,1,836,836,836,4,1,4,4,4
39,10,0.000235258,1,0.000235258,0.000235258,0.000235258,842,1,842,842,842,4,1,4,4,4
39,10,0.000188283,1,0.000188283,0.000188283,0.000188283,828,1,828,828,828,4,1,4,4,4
39,10,0.000273213,1,0.000273213,0.000273213,0.000273213,849,1,849,849,849,4,1,4,4,4
39,10,0.000511877,1,0.000511877,0.000511877,0.000511877,965,1,965,965,965,4,1,4,4,4
39,10,0.000384991,1,0.000384991,0.000384991,0.000384991,889,1,889,889,889,4,1,4,4,4
39,10,0.00031135,1,0.00031135,0.00031135,0.00031135,858,1,858,858,858,4,1,4,4,4
39,10,0.00020922,1,0.00020922,0.00020922,0.00020922,839,1,839,839,839,4,1,4,4,4
39,10,0.000274106,1,0.000274106,0.000274106,0.000274106,832,1,832,832,832,4,1,4,4,4
39,10,0.000404573,1,0.000404573,0.000404573,0.000404573,869,1,869,869,869,4,1,4,4,4
39,10,0.000318737,1,0.000318737,0.000318737,0.000318737,877,1,877,877,877,4,1,4,4,4
39,10,0.000310368,1,0.000310368,0.000310368,0.000310368,891,1,891,891,891,4,1,4,4,4
39,10,9.6118e-05,1,9.6118e-05,9.6118e-05,9.6118e-05,774,1,774,774,774,3,1,3,3,3
39,10,0.000256286,1,0.000256286,0.000256286,0.000256286,869,1,869,869,869,4,1,4,4,4
39,10,0.000222147,1,0.000222147,0.000222147,0.000222147,858,1,858,858,858,4,1,4,4,4
39,10,0.000138087,1,0.000138087,0.000138087,0.000138087,786,1,786,786,786,3,1,3,3,3
39,10,0.000313647,1,0.000313647,0.000313647,0.000313647,865,1,865,865,865,4,1,4,4,4
39,10,0.000168209,1,0.000168209,0.000168209,0.000168209,803,1,803,803,803,3,1,3,3,3
39,10,0.000366847,1,0.000366847,0.000366847,0.000366847,901,1,901,901,901,4,1,4,4,4
39,10,0.000337673,1,0.000337673,0.000337673,0.000337673,875,1,875,875,875,4,1,4,4,4
39,10,0.000326733,1,0.000326733,0.000326733,0.000326733,888,1,888,888,888,4,1,4,4,4
39,10,0.000251377,1,0.000251377,0.000251377,0.000251377,855,1,855,855,855,4,1,4,4,4
39,10,0.000186133,1,0.000186133,0.000186133,0.000186133,829,1,829,829,829,4,1,4,4,4
39,10,0.000405927,1,0.000405927,0.000405927,0.000405927,901,1,901,901,901,4,1,4,4,4
39,10,0.000332521,1,0.000332521,0.000332521,0.000332521,872,1,872,872,872,4,1,4,4,4
39,10,0.000183719,1,0.000183719,0.000183719,0.000183719,836,1,836,836,836,4,1,4,4,4
39,10,0.000230858,1,0.000230858,0.000230858,0.000230858,858,1,858,858,858,3,1,3,3,3
39,10,0.000228396,1,0.000228396,0.000228396,0.000228396,831,1,831,831,831,4,1,4,4,4
39,10,0.000194534,1,0.000194534,0.000194534,0.000194534,825,1,825,825,825,4,1,4,4,4
39,10,0.000281356,1,0.000281356,0.000281356,0.000281356,855,1,855,855,855,4,1,4,4,4
39,10,0.000357526,1,0.000357526,0.000357526,0.000357526,881,1,881,881,881,5,1,5,5,5
39,10,0.000173751,1,0.000173751,0.000173751,0.000173751,822,1,822,822,822,3,1,3,3,3
39,10,0.000360924,1,0.000360924,0.000360924,0.000360924,939,1,939,939,939,4,1,4,4,4
39,10,0.000287796,1,0.000287796,0.000287796,0.000287796,880,1,880,880,880,4,1,4,4,4
39,10,0.000279206,1,0.000279206,0.000279206,0.000279206,867,1,867,867,867,4,1,4,4,4
39,10,0.000206745,1,0.000206745,0.000206745,0.000206745,849,1,849,849,849,3,1,3,3,3
39,10,0.000271254,1,0.000271254,0.000271254,0.000271254,839,1,839,839,839,4,1,4,4,4
39,10,9.832e-05,1,9.832e-05,9.832e-05,9.832e-05,771,1,771,771,771,3,1,3,3,3
39,10,0.000390707,1,0.000390707,0.000390707,0.000390707,894,1,894,894,894,4,1,4,4,4
39,10,0.000345948,1,0.000345948,0.000345948,0.000345948,915,1,915,915,915,4,1,4,4,4
39,10,0.000237419,1,0.000237419,0.000237419,0.000237419,836,1,836,836,836,4,1,4,4,4
39,10,0.000444837,1,0.000444837,0.000444837,0.000444837,928,1,928,928,928,4,1,4,4,4
39,10,0.000209697,1,0.000209697,0.000209697,0.000209697,852,1,852,852,852,4,1,4,4,4
39,10,0.000127973,1,0.000127973,0.000127973,0.000127973,802,1,802,802,802,3,1,3,3,3
39,10,0.000308872,1,0.000308872,0.000308872,0.000308872,862,1,862,862,862,4,1,4,4,4
39,10,0.00034328,1,0.00034328,0.00034328,0.00034328,876,1,876,876,876,4,1,4,4,4
39,10,0.000222081,1,0.000222081,0.000222081,0.000222081,835,1,835,835,835,4,1,4,4,4
39,10,0.000198446,1,0.000198446,0.000198446,0.000198446,841,1,841,841,841,4,1,4,4,4
39,10,0.00030808,1,0.00030808,0.00030808,0.00030808,876,1,876,876,876,4,1,4,4,4
39,10,0.000276249,1,0.000276249,0.000276249,0.000276249,852,1,852,852,852,4,1,4,4,4
39,10,0.000196163,1,0.000196163,0.000196163,0.000196163,850,1,850,850,850,4,1,4,4,4
39,10,0.000307816,1,0.000307816,0.000307816,0.000307816,890,1,890,890,890,4,1,4,4,4
39,10,0.000224795,1,0.000224795,0.000224795,0.000224795,842,1,842,842,842,3,1,3,3,3
39,10,0.000183442,1,0.000183442,0.000183442,0.000183442,825,1,825,825,825,4,1,4,4,4
39,10,0.000287219,1,0.000287219,0.000287219,0.000287219,886,1,886,886,886,4,1,4,4,4
39,10,0.00016256,1,0.00016256,0.00016256,0.00016256,841,1,841,841,841,4,1,4,4,4
39,10,0.000250977,1,0.000250977,0.000250977,0.000250977,834,1,834,834,834,4,1,4,4,4
39,10,0.000203275,1,0.000203275,0.000203275,0.000203275,823,1,823,823,823,4,1,4,4,4
39,10,0.000174604,1,0.000174604,0.000174604,0.000174604,829,1,829,829,829,3,1,3,3,3
39,10,0.000197,1,0.000197,0.000197,0.000197,820,1,820,820,820,4,1,4,4,4
39,10,0.000266243,1,0.000266243,0.000266243,0.000266243,852,1,852,852,852,4,1,4,4,4
39,10,0.000217206,1,0.000217206,0.000217206,0.000217206,834,1,834,834,834,4,1,4,4,4
39,10,0.000187948,1,0.000187948,0.000187948,0.000187948,836,1,836,836,836,3,1,3,3,3
39,10,0.000279982,1,0.000279982,0.000279982,0.000279982,845,1,845,845,845,4,1,4,4,4
39,10,0.000403194,1,0.000403194,0.000403194,0.000403194,908,1,908,908,908,4,1,4,4,4
39,10,0.000310054,1,0.000310054,0.000310054,0.000310054,849,1,849,849,849,4,1,4,4,4
39,10,0.000200953,1,0.000200953,0.000200953,0.000200953,833,1,833,833,833,4,1,4,4,4
39,10,0.000361279,1,0.000361279,0.000361279,0.000361279,883,1,883,883,883,4,1,4,4,4
39,10,0.000172619,1,0.000172619,0.000172619,0.000172619,840,1,840,840,840,4,1,4,4,4
39,10,0.000217015,1,0.000217015,0.000217015,0.000217015,832,1,832,832,832,4,1,4,4,4
39,10,0.000357476,1,0.000357476,0.000357476,0.000357476,912,1,912,912,912,4,1,4,4,4
39,10,0.000152377,1,0.000152377,0.000152377,0.000152377,840,1,840,840,840,4,1,4,4,4
39,10,0.000213603,1,0.000213603,0.000213603,0.000213603,839,1,839,839,839,4,1,4,4,4
39,10,0.000375352,1,0.000375352,0.000375352,0.000375352,948,1,948,948,948,4,1,4,4,4
39,10,0.000227767,1,0.000227767,0.000227767,0.000227767,840,1,840,840,840,4,1,4,4,4
39,10,0.000196714,1,0.000196714,0.000196714,0.000196714,823,1,823,823,823,4,1,4,4,4
39,10,0.000276825,1,0.000276825,0.000276825,0.000276825,884,1,884,884,884,4,1,4,4,4
39,10,0.000447097,1,0.000447097,0.000447097,0.000447097,936,1,936,936,936,4,1,4,4,4
39,10,0.000215025,1,0.000215025,0.000215025,0.000215025,847,1,847,847,847,3,1,3,3,3
39,10,0.000419861,1,0.000419861,0.000419861,0.000419861,916,1,916,916,916,4,1,4,4,4
