n,p,time_total,time_count,time_mean,time_min,time_max,steps_total,steps_count,steps_mean,steps_min,steps_max,number_total,number_count,number_mean,number_min,number_max
27,50,0.000379236,1,0.000379236,0.000379236,0.000379236,616,1,616,616,616,8,1,8,8,8
27,50,0.000319323,1,0.000319323,0.000319323,0.000319323,516,1,516,516,516,7,1,7,7,7
27,50,0.000292213,1,0.000292213,0.000292213,0.000292213,546,1,546,546,546,7,1,7,7,7
27,50,0.000352747,1,0.000352747,0.000352747,0.000352747,544,1,544,544,544,7,1,7,7,7
27,50,0.000344549,1,0.000344549,0.000344549,0.000344549,565,1,565,565,565,8,1,8,8,8
27,50,0.000348981,1,0.000348981,0.000348981,0.000348981,581,1,581,581,581,8,1,8,8,8
27,50,0.000455237,1,0.000455237,0.000455237,0.000455237,573,1,573,573,573,7,1,7,7,7
27,50,0.000427715,1,0.000427715,0.000427715,0.000427715,598,1,598,598,598,8,1,8,8,8
27,50,0.000425366,1,0.000425366,0.000425366,0.000425366,640,1,640,640,640,8,1,8,8,8
27,50,0.000384095,1,0.000384095,0.000384095,0.000384095,597,1,597,597,597,8,1,8,8,8
27,50,0.000434254,1,0.000434254,0.000434254,0.000434254,620,1,620,620,620,8,1,8,8,8
27,50,0.000563296,1,0.000563296,0.000563296,0.000563296,630,1,630,630,630,8,1,8,8,8
27,50,0.00044494,1,0.00044494,0.00044494,0.00044494,598,1,598,598,598,8,1,8,8,8
27,50,0.000379173,1,0.000379173,0.000379173,0.000379173,606,1,606,606,606,8,1,8,8,8
27,50,0.000368757,1,0.000368757,0.000368757,0.000368757,587,1,587,587,587,8,1,8,8,8
27,50,0.000260018,1,0.000260018,0.000260018,0.000260018,562,1,562,562,562,7,1,7,7,7
27,50,0.000620304,1,0.000620304,0.000620304,0.000620304,660,1,660,660,660,9,1,9,9,9
27,50,0.000429654,1,0.000429654,0.000429654,0.000429654,587,1,587,587,587,8,1,8,8,8
27,50,0.000275533,1,0.000275533,0.000275533,0.000275533,542,1,542,542,542,7,1,7,7,7
27,50,0.000454294,1,0.000454294,0.000454294,0.000454294,598,1,598,598,598,8,1,8,8,8
27,50,0.00027806,1,0.00027806,0.00027806,0.00027806,531,1,531,531,531,7,1,7,7,7
27,50,0.000288654,1,0.000288654,0.000288654,0.000288654,556,1,556,556,556,8,1,8,8,8
27,50,0.00050178,1,0.00050178,0.00050178,0.00050178,628,1,628,628,628,9,1,9,9,9
27,50,0.000424769,1,0.000424769,0.000424769,0.000424769,581,1,581,581,581,8,1,8,8,8
27,50,0.000402588,1,0.000402588,0.000402588,0.000402588,558,1,558,558,558,8,1,8,8,8
27,50,0.000482035,1,0.000482035,0.000482035,0.000482035,602,1,602,602,602,8,1,8,8,8
27,50,0.000185275,1,0.000185275,0.000185275,0.000185275,491,1,491,491,491,6,1,6,6,6
27,50,0.000246532,1,0.000246532,0.000246532,0.000246532,501,1,501,501,501,7,1,7,7,7
27,50,0.000427835,1,0.000427835,0.000427835,0.000427835,605,1,605,605,605,8,1,8,8,8
27,50,0.000375885,1,0.000375885,0.000375885,0.000375885,589,1,589,589,589,8,1,8,8,8
27,50,0.000261025,1,0.000261025,0.000261025,0.000261025,532,1,532,532,532,7,1,7,7,7
27,50,0.000296974,1,0.000296974,0.000296974,0.000296974,542,1,542,542,542,7,1,7,7,7
27,50,0.000237725,1,0.000237725,0.000237725,0.000237725,546,1,546,546,546,7,1,7,7,7
27,50,0.000269691,1,0.000269691,0.000269691,0.000269691,583,1,583,583,583,8,1,8,8,8
27,50,0.000319556,1,0.000319556,0.000319556,0.000319556,595,1,595,595,595,8,1,8,8,8
27,50,0.000259734,1,0.000259734,0.000259734,0.000259734,534,1,534,534,534,7,1,7,7,7
27,50,0.00038274,1,0.00038274,0.00038274,0.00038274,557,1,557,557,557,8,1,8,8,8
27,50,0.0002886,1,0.0002886,0.0002886,0.0002886,524,1,524,524,524,7,1,7,7,7
27,50,0.000447419,1,0.000447419,0.000447419,0.000447419,650,1,650,650,650,8,1,8,8,8
27,50,0.000382761,1,0.000382761,0.000382761,0.000382761,570,1,570,570,570,8,1,8,8,8
27,50,0.000301889,1,0.000301889,0.000301889,0.000301889,544,1,544,544,544,7,1,7,7,7
27,50,0.000275993,1,0.000275993,0.000275993,0.000275993,566,1,566,566,566,7,1,7,7,7
27,50,0.000369646,1,0.000369646,0.000369646,0.000369646,581,1,581,581,581,8,1,8,8,8
27,50,0.00035171,1,0.00035171,0.00035171,0.00035171,595,1,595,595,595,8,1,8,8,8
27,50,0.000390326,1,0.000390326,0.000390326,0.000390326,565,1,565,565,565,8,1,8,8,8
27,50,0.000379659,1,0.000379659,0.000379659,0.000379659,598,1,598,598,598,8,1,8,8,8
27,50,0.000372487,1,0.000372487,0.000372487,0.000372487,555,1,555,555,555,8,1,8,8,8
27,50,0.000401893,1,0.000401893,0.000401893,0.000401893,611,1,611,611,611,8,1,8,8,8
27,50,0.000289801,1,0.000289801,0.000289801,0.000289801,552,1,552,552,552,7,1,7,7,7
27,50,0.000458684,1,0.000458684,0.000458684,0.000458684,619,1,619,619,619,8,1,8,8,8
27,50,0.00039118,1,0.00039118,0.00039118,0.00039118,634,1,634,634,634,7,1,7,7,7
27,50,0.000489344,1,0.000489344,0.000489344,0.000489344,574,1,574,574,574,8,1,8,8,8
27,50,0.000330322,1,0.000330322,0.000330322,0.000330322,591,1,591,591,591,8,1,8,8,8
27,50,0.000353012,1,0.000353012,0.000353012,0.000353012,590,1,590,590,590,8,1,8,8,8
27,50,0.000242745,1,0.000242745,0.000242745,0.000242745,524,1,524,524,524,7,1,7,7,7
27,50,0.000268866,1,0.000268866,0.000268866,0.000268866,553,1,553,553,553,7,1,7,7,7
27,50,0.000428137,1,0.000428137,0.000428137,0.000428137,594,1,594,594,594,8,1,8,8,8
27,50,0.000414324,1,0.000414324,0.000414324,0.000414324,614,1,614,614,614,8,1,8,8,8
27,50,0.000271774,1,0.000271774,0.000271774,0.000271774,550,1,550,550,550,7,1,7,7,7
27,50,0.000352547,1,0.000352547,0.000352547,0.000352547,569,1,569,569,569,8,1,8,8,8
27,50,0.000388818,1,0.000388818,0.000388818,0.000388818,588,1,588,588,588,8,1,8,8,8
27,50,0.000208248,1,0.000208248,0.000208248,0.000208248,480,1,480,480,480,6,1,6,6,6
27,50,0.000439195,1,0.000439195,0.000439195,0.000439195,578,1,578,578,578,8,1,8,8,8
27,50,0.000422884,1,0.000422884,0.000422884,0.000422884,560,1,560,560,560,8,1,8,8,8
27,50,0.000195134,1,0.000195134,0.000195134,0.000195134,481,1,481,481,481,6,1,6,6,6
27,50,0.0003849,1,0.0003849,0.0003849,0.0003849,576,1,576,576,576,8,1,8,8,8
27,50,0.000317854,1,0.000317854,0.000317854,0.000317854,534,1,534,534,534,7,1,7,7,7
27,50,0.000352927,1,0.000352927,0.000352927,0.000352927,603,1,603,603,603,7,1,7,7,7
27,50,0.000499197,1,0.000499197,0.000499197,0.000499197,601,1,601,601,601,8,1,8,8,8
27,50,0.000427492,1,0.000427492,0.000427492,0.000427492,592,1,592,592,592,8,1,8,8,8
27,50,0.000222972,1,0.000222972,0.000222972,0.000222972,504,1,504,504,504,7,1,7,7,7
27,50,0.000598823,1,0.000598823,0.000598823,0.000598823,664,1,664,664,664,9,1,9,9,9
27,50,0.000310544,1,0.000310544,0.000310544,0.000310544,534,1,534,534,534,7,1,7,7,7
27,50,0.000273027,1,0.000273027,0.000273027,0.000273027,533,1,533,533,533,7,1,7,7,7
27,50,0.000305621,1,0.000305621,0.000305621,0.000305621,513,1,513,513,513,7,1,7,7,7
27,50,0.000274951,1,0.000274951,0.000274951,0.000274951,516,1,516,516,516,7,1,7,7,7
27,50,0.000234644,1,0.000234644,0.000234644,0.000234644,499,1,499,499,499,7,1,7,7,7
27,50,0.000327745,1,0.000327745,0.000327745,0.000327745,551,1,551,551,551,7,1,7,7,7
27,50,0.000316432,1,0.000316432,0.000316432,0.000316432,595,1,595,595,595,7,1,7,7,7
27,50,0.000343469,1,0.000343469,0.000343469,0.000343469,603,1,603,603,603,7,1,7,7,7
27,50,0.000263181,1,0.000263181,0.000263181,0.000263181,542,1,542,542,542,7,1,7,7,7
27,50,0.000320633,1,0.000320633,0.000320633,0.000320633,560,1,560,560,560,8,1,8,8,8
27,50,0.000396085,1,0.000396085,0.000396085,0.000396085,596,1,596,596,596,8,1,8,8,8
27,50,0.000305011,1,0.000305011,0.000305011,0.000305011,519,1,519,519,519,7,1,7,7,7
27,50,0.000437605,1,0.000437605,0.000437605,0.000437605,617,1,617,617,617,8,1,8,8,8
27,50,0.000623199,1,0.000623199,0.000623199,0.000623199,641,1,641,641,641,9,1,9,9,9
27,50,0.000437745,1,0.000437745,0.000437745,0.000437745,570,1,570,570,570,8,1,8,8,8
27,50,0.000454253,1,0.000454253,0.000454253,0.000454253,598,1,598,598,598,8,1,8,8,8
27,50,0.000418056,1,0.000418056,0.000418056,0.000418056,619,1,619,619,619,8,1,8,8,8
27,50,0.000203768,1,0.000203768,0.000203768,0.000203768,484,1,484,484,484,7,1,7,7,7
27,50,0.000484153,1,0.000484153,0.000484153,0.000484153,621,1,621,621,621,8,1,8,8,8
27,50,0.000409399,1,0.000409399,0.000409399,0.000409399,639,1,639,639,639,8,1,8,8,8
27,50,0.00041505,1,0.00041505,0.00041505,0.00041505,592,1,592,592,592,8,1,8,8,8
27,50,0.000475882,1,0.000475882,0.000475882,0.000475882,602,1,602,602,602,8,1,8,8,8
27,50,0.000421464,1,0.000421464,0.000421464,0.000421464,575,1,575,575,575,8,1,8,8,8
27,50,0.000368532,1,0.000368532,0.000368532,0.000368532,579,1,579,579,579,8,1,8,8,8
27,50,0.000325078,1,0.000325078,0.000325078,0.000325078,585,1,585,585,585,7,1,7,7,7
27,50,0.00056091,1,0.00056091,0.00056091,0.00056091,654,1,654,654,654,9,1,9,9,9
27,50,0.000246181,1,0.000246181,0.000246181,0.000246181,519,1,519,519,519,7,1,7,7,7
27,50,0.000287264,1,0.000287264,0.000287264,0.000287264,507,1,507,507,507,7,1,7,7,7
27,50,0.000256623,1,0.000256623,0.000256623,0.000256623,537,1,537,537,537,7,1,7,7,7
27,50,0.000404843,1,0.000404843,0.000404843,0.000404843,637,1,637,637,637,8,1,8,8,8
27,50,0.000193477,1,0.000193477,0.000193477,0.000193477,501,1,501,501,501,6,1,6,6,6
27,50,0.000421533,1,0.000421533,0.000421533,0.000421533,581,1,581,581,581,8,1,8,8,8
27,50,0.000231804,1,0.000231804,0.000231804,0.000231804,552,1,552,552,552,7,1,7,7,7
27,50,0.000263486,1,0.000263486,0.000263486,0.000263486,514,1,514,514,514,7,1,7,7,7
27,50,0.000519637,1,0.000519637,0.000519637,0.000519637,660,1,660,660,660,8,1,8,8,8
27,50,0.000384932,1,0.000384932,0.000384932,0.000384932,586,1,586,586,586,8,1,8,8,8
27,50,0.000406413,1,0.000406413,0.000406413,0.000406413,583,1,583,583,583,8,1,8,8,8
27,50,0.000387678,1,0.000387678,0.000387678,0.000387678,587,1,587,587,587,8,1,8,8,8
27,50,0.000227293,1,0.000227293,0.000227293,0.000227293,537,1,537,537,537,7,1,7,7,7
27,50,0.000362778,1,0.000362778,0.000362778,0.000362778,545,1,545,545,545,7,1,7,7,7
27,50,0.000397056,1,0.000397056,0.000397056,0.000397056,589,1,589,589,589,8,1,8,8,8
27,50,0.000331155,1,0.000331155,0.000331155,0.000331155,584,1,584,584,584,8,1,8,8,8
27,50,0.000278237,1,0.000278237,0.000278237,0.000278237,535,1,535,535,535,7,1,7,7,7
27,50,0.000361955,1,0.000361955,0.000361955,0.000361955,593,1,593,593,593,8,1,8,8,8
27,50,0.00038305,1,0.00038305,0.00038305,0.00038305,574,1,574,574,574,8,1,8,8,8
27,50,0.00026464,1,0.00026464,0.00026464,0.00026464,536,1,536,536,536,7,1,7,7,7
27,50,0.000224365,1,0.000224365,0.000224365,0.000224365,549,1,549,549,549,7,1,7,7,7
27,50,0.000275049,1,0.000275049,0.000275049,0.000275049,545,1,545,545,545,7,1,7,7,7
27,50,0.000347031,1,0.000347031,0.000347031,0.000347031,569,1,569,569,569,8,1,8,8,8
27,50,0.000344419,1,0.000344419,0.000344419,0.000344419,565,1,565,565,565,8,1,8,8,8
27,50,0.000790361,1,0.000790361,0.000790361,0.000790361,693,1,693,693,693,9,1,9,9,9
27,50,0.00051136,1,0.00051136,0.00051136,0.00051136,674,1,674,674,674,9,1,9,9,9
27,50,0.000547139,1,0.000547139,0.000547139,0.000547139,644,1,644,644,644,9,1,9,9,9
27,50,0.000370724,1,0.000370724,0.000370724,0.000370724,582,1,582,582,582,8,1,8,8,8
27,50,0.000266058,1,0.000266058,0.000266058,0.000266058,552,1,552,552,552,7,1,7,7,7
27,50,0.000330713,1,0.000330713,0.000330713,0.000330713,561,1,561,561,561,8,1,8,8,8
27,50,0.000371454,1,0.000371454,0.000371454,0.000371454,580,1,580,580,580,7,1,7,7,7
27,50,0.000420165,1,0.000420165,0.000420165,0.000420165,592,1,592,592,592,8,1,8,8,8
27,50,0.000398989,1,0.000398989,0.000398989,0.000398989,593,1,593,593,593,8,1,8,8,8
27,50,0.000285176,1,0.000285176,0.000285176,0.000285176,550,1,550,550,550,7,1,7,7,7
27,50,0.000455953,1,0.000455953,0.000455953,0.000455953,616,1,616,616,616,8,1,8,8,8
27,50,0.000320613,1,0.000320613,0.000320613,0.000320613,534,1,534,534,534,7,1,7,7,7
27,50,0.000271353,1,0.000271353,0.000271353,0.000271353,549,1,549,549,549,7,1,7,7,7
27,50,0.000366813,1,0.000366813,0.000366813,0.000366813,586,1,586,586,586,8,1,8,8,8
27,50,0.000506171,1,0.000506171,0.000506171,0.000506171,658,1,658,658,658,9,1,9,9,9
27,50,0.000384833,1,0.000384833,0.000384833,0.000384833,576,1,576,576,576,8,1,8,8,8
27,50,0.000461883,1,0.000461883,0.000461883,0.000461883,625,1,625,625,625,8,1,8,8,8
27,50,0.000400232,1,0.000400232,0.000400232,0.000400232,581,1,581,581,581,8,1,8,8,8
27,50,0.000339868,1,0.000339868,0.000339868,0.000339868,578,1,578,578,578,8,1,8,8,8
27,50,0.000339571,1,0.000339571,0.000339571,0.000339571,575,1,575,575,575,8,1,8,8,8
27,50,0.000316496,1,0.000316496,0.000316496,0.000316496,571,1,571,571,571,8,1,8,8,8
27,50,0.000339989,1,0.000339989,0.000339989,0.000339989,599,1,599,599,599,8,1,8,8,8
27,50,0.000321198,1,0.000321198,0.000321198,0.000321198,599,1,599,599,599,7,1,7,7,7
27,50,0.00040576,1,0.00040576,0.00040576,0.00040576,570,1,570,570,570,8,1,8,8,8
27,50,0.000305515,1,0.000305515,0.000305515,0.000305515,549,1,549,549,549,8,1,8,8,8
27,50,0.000387929,1,0.000387929,0.000387929,0.000387929,577,1,577,577,577,8,1,8,8,8
27,50,0.000419096,1,0.000419096,0.000419096,0.000419096,585,1,585,585,585,8,1,8,8,8
27,50,0.000375985,1,0.000375985,0.000375985,0.000375985,593,1,593,593,593,8,1,8,8,8
27,50,0.000235524,1,0.000235524,0.000235524,0.000235524,522,1,522,522,522,7,1,7,7,7
27,50,0.000365997,1,0.000365997,0.000365997,0.000365997,593,1,593,593,593,8,1,8,8,8
27,50,0.000467065,1,0.000467065,0.000467065,0.000467065,600,1,600,600,600,8,1,8,8,8
27,50,0.000461458,1,0.000461458,0.000461458,0.000461458,623,1,623,623,623,8,1,8,8,8
27,50,0.000386208,1,0.000386208,0.000386208,0.000386208,600,1,600,600,600,8,1,8,8,8
27,50,0.000211527,1,0.000211527,0.000211527,0.000211527,520,1,520,520,520,7,1,7,7,7
27,50,0.000452902,1,0.000452902,0.000452902,0.000452902,647,1,647,647,647,9,1,9,9,9
27,50,0.000312118,1,0.000312118,0.000312118,0.000312118,535,1,535,535,535,7,1,7,7,7
27,50,0.000245628,1,0.000245628,0.000245628,0.000245628,528,1,528,528,528,7,1,7,7,7
27,50,0.000372347,1,0.000372347,0.000372347,0.000372347,597,1,597,597,597,8,1,8,8,8
27,50,0.00030175,1,0.00030175,0.00030175,0.00030175,543,1,543,543,543,7,1,7,7,7
27,50,0.000398309,1,0.000398309,0.000398309,0.000398309,616,1,616,616,616,8,1,8,8,8
27,50,0.000616669,1,0.000616669,0.000616669,0.000616669,652,1,652,652,652,9,1,9,9,9
27,50,0.000310472,1,0.000310472,0.000310472,0.000310472,510,1,510,510,510,7,1,7,7,7
27,50,0.000590622,1,0.000590622,0.000590622,0.000590622,642,1,642,642,642,9,1,9,9,9
27,50,0.000404841,1,0.000404841,0.000404841,0.000404841,634,1,634,634,634,7,1,7,7,7
27,50,0.000298935,1,0.000298935,0.000298935,0.000298935,518,1,518,518,518,7,1,7,7,7
27,50,0.000309767,1,0.000309767,0.000309767,0.000309767,568,1,568,568,568,8,1,8,8,8
27,50,0.000298909,1,0.000298909,0.000298909,0.000298909,582,1,582,582,582,7,1,7,7,7
27,50,0.000356009,1,0.000356009,0.000356009,0.000356009,600,1,600,600,600,8,1,8,8,8
27,50,0.000693306,1,0.000693306,0.000693306,0.000693306,713,1,713,713,713,9,1,9,9,9
27,50,0.000396153,1,0.000396153,0.000396153,0.000396153,626,1,626,626,626,8,1,8,8,8
27,50,0.000220848,1,0.000220848,0.000220848,0.000220848,514,1,514,514,514,7,1,7,7,7
27,50,0.000531819,1,0.000531819,0.000531819,0.000531819,672,1,672,672,672,9,1,9,9,9
27,50,0.00027503,1,0.00027503,0.00027503,0.00027503,537,1,537,537,537,7,1,7,7,7
27,50,0.000650318,1,0.000650318,0.000650318,0.000650318,666,1,666,666,666,9,1,9,9,9
27,50,0.000316114,1,0.000316114,0.000316114,0.000316114,526,1,526,526,526,7,1,7,7,7
27,50,0.000325111,1,0.000325111,0.000325111,0.000325111,583,1,583,583,583,7,1,7,7,7
27,50,0.000295832,1,0.000295832,0.000295832,0.000295832,550,1,550,550,550,7,1,7,7,7
27,50,0.000404622,1,0.000404622,0.000404622,0.000404622,647,1,647,647,647,9,1,9,9,9
27,50,0.000343861,1,0.000343861,0.000343861,0.000343861,593,1,593,593,593,8,1,8,8,8
27,50,0.000268212,1,0.000268212,0.000268212,0.000268212,544,1,544,544,544,7,1,7,7,7
27,50,0.00034585,1,0.00034585,0.00034585,0.00034585,579,1,579,579,579,8,1,8,8,8
27,50,0.000355343,1,0.000355343,0.000355343,0.000355343,577,1,577,577,577,8,1,8,8,8
27,50,0.000420438,1,0.000420438,0.000420438,0.000420438,593,1,593,593,593,8,1,8,8,8
27,50,0.000458497,1,0.000458497,0.000458497,0.000458497,646,1,646,646,646,9,1,9,9,9
27,50,0.000464549,1,0.000464549,0.000464549,0.000464549,605,1,605,605,605,8,1,8,8,8
27,50,0.000317406,1,0.000317406,0.000317406,0.000317406,610,1,610,610,610,8,1,8,8,8
27,50,0.000414547,1,0.000414547,0.000414547,0.000414547,617,1,617,617,617,8,1,8,8,8
27,50,0.000448309,1,0.000448309,0.000448309,0.000448309,594,1,594,594,594,8,1,8,8,8
27,50,0.000288995,1,0.000288995,0.000288995,0.000288995,559,1,559,559,559,7,1,7,7,7
27,50,0.000493286,1,0.000493286,0.000493286,0.000493286,622,1,622,622,622,8,1,8,8,8
27,50,0.000451576,1,0.000451576,0.000451576,0.000451576,602,1,602,602,602,8,1,8,8,8
27,50,0.000513435,1,0.000513435,0.000513435,0.000513435,644,1,644,644,644,8,1,8,8,8
27,50,0.000296177,1,0.000296177,0.000296177,0.000296177,532,1,532,532,532,7,1,7,7,7
27,50,0.0002227,1,0.0002227,0.0002227,0.0002227,546,1,546,546,546,7,1,7,7,7
27,50,0.00015875,1,0.00015875,0.00015875,0.00015875,469,1,469,469,469,6,1,6,6,6
27,50,0.000276897,1,0.000276897,0.000276897,0.000276897,527,1,527,527,527,7,1,7,7,7
27,50,0.000316191,1,0.000316191,0.000316191,0.000316191,592,1,592,592,592,8,1,8,8,8
27,50,0.000294195,1,0.000294195,0.000294195,0.000294195,541,1,541,541,541,7,1,7,7,7
27,50,0.000363977,1,0.000363977,0.000363977,0.000363977,550,1,550,550,550,8,1,8,8,8
27,50,0.000471214,1,0.000471214,0.000471214,0.000471214,597,1,597,597,597,8,1,8,8,8
27,50,0.000365252,1,0.000365252,0.000365252,0.000365252,587,1,587,587,587,8,1,8,8,8
27,50,0.000475458,1,0.000475458,0.000475458,0.000475458,602,1,602,602,602,8,1,8,8,8
27,50,0.000283877,1,0.000283877,0.000283877,0.000283877,553,1,553,553,553,7,1,7,7,7
27,50,0.000294403,1,0.000294403,0.000294403,0.000294403,570,1,570,570,570,7,1,7,7,7
27,50,0.000230322,1,0.000230322,0.000230322,0.000230322,539,1,539,539,539,7,1,7,7,7
27,50,0.000458173,1,0.000458173,0.000458173,0.000458173,573,1,573,573,573,8,1,8,8,8
27,50,0.000525477,1,0.000525477,0.000525477,0.000525477,626,1,626,626,626,9,1,9,9,9
27,50,0.000295603,1,0.000295603,0.000295603,0.000295603,554,1,554,554,554,7,1,7,7,7
27,50,0.000407375,1,0.000407375,0.000407375,0.000407375,610,1,610,610,610,8,1,8,8,8
27,50,0.000423136,1,0.000423136,0.000423136,0.000423136,596,1,596,596,596,8,1,8,8,8
27,50,0.000404132,1,0.000404132,0.000404132,0.000404132,596,1,596,596,596,8,1,8,8,8
27,50,0.00029484,1,0.00029484,0.00029484,0.00029484,590,1,590,590,590,7,1,7,7,7
27,50,0.000512968,1,0.000512968,0.000512968,0.000512968,644,1,644,644,644,8,1,8,8,8
27,50,0.000345253,1,0.000345253,0.000345253,0.000345253,540,1,540,540,540,7,1,7,7,7
27,50,0.000559899,1,0.000559899,0.000559899,0.000559899,644,1,644,644,644,9,1,9,9,9
27,50,0.000404786,1,0.000404786,0.000404786,0.000404786,573,1,573,573,573,8,1,8,8,8
27,50,0.000431952,1,0.000431952,0.000431952,0.000431952,610,1,610,610,610,8,1,8,8,8
27,50,0.000209339,1,0.000209339,0.000209339,0.000209339,534,1,534,534,534,6,1,6,6,6
27,50,0.000488536,1,0.000488536,0.000488536,0.000488536,603,1,603,603,603,8,1,8,8,8
27,50,0.000347271,1,0.000347271,0.000347271,0.000347271,605,1,605,605,605,8,1,8,8,8
27,50,0.000308541,1,0.000308541,0.000308541,0.000308541,561,1,561,561,561,6,1,6,6,6
27,50,0.000286709,1,0.000286709,0.000286709,0.000286709,547,1,547,547,547,7,1,7,7,7
27,50,0.00038689,1,0.00038689,0.00038689,0.00038689,596,1,596,596,596,8,1,8,8,8
27,50,0.000411768,1,0.000411768,0.000411768,0.000411768,634,1,634,634,634,9,1,9,9,9
27,50,0.000296437,1,0.000296437,0.000296437,0.000296437,547,1,547,547,547,7,1,7,7,7
27,50,0.000330075,1,0.000330075,0.000330075,0.000330075,576,1,576,576,576,8,1,8,8,8
27,50,0.000467386,1,0.000467386,0.000467386,0.000467386,634,1,634,634,634,8,1,8,8,8
27,50,0.000391942,1,0.000391942,0.000391942,0.000391942,606,1,606,606,606,8,1,8,8,8
27,50,0.000657968,1,0.000657968,0.000657968,0.000657968,689,1,689,689,689,9,1,9,9,9
27,50,0.000250652,1,0.000250652,0.000250652,0.000250652,545,1,545,545,545,7,1,7,7,7
27,50,0.000390656,1,0.000390656,0.000390656,0.000390656,572,1,572,572,572,8,1,8,8,8
27,50,0.00043816,1,0.00043816,0.00043816,0.00043816,607,1,607,607,607,8,1,8,8,8
27,50,0.000307711,1,0.000307711,0.000307711,0.000307711,574,1,574,574,574,8,1,8,8,8
27,50,0.000353477,1,0.000353477,0.000353477,0.000353477,574,1,574,574,574,8,1,8,8,8
27,50,0.000532222,1,0.000532222,0.000532222,0.000532222,632,1,632,632,632,8,1,8,8,8
27,50,0.00023349,1,0.00023349,0.00023349,0.00023349,507,1,507,507,507,7,1,7,7,7
27,50,0.000291231,1,0.000291231,0.000291231,0.000291231,509,1,509,509,509,7,1,7,7,7
27,50,0.000367355,1,0.000367355,0.000367355,0.000367355,582,1,582,582,582,8,1,8,8,8
27,50,0.000578841,1,0.000578841,0.000578841,0.000578841,633,1,633,633,633,9,1,9,9,9
27,50,0.000395816,1,0.000395816,0.000395816,0.000395816,590,1,590,590,590,8,1,8,8,8
27,50,0.000305062,1,0.000305062,0.000305062,0.000305062,525,1,525,525,525,7,1,7,7,7
27,50,0.000249578,1,0.000249578,0.000249578,0.000249578,539,1,539,539,539,7,1,7,7,7
27,50,0.000345196,1,0.000345196,0.000345196,0.000345196,546,1,546,546,546,8,1,8,8,8
27,50,0.000472563,1,0.000472563,0.000472563,0.000472563,620,1,620,620,620,9,1,9,9,9
27,50,0.000629148,1,0.000629148,0.000629148,0.000629148,651,1,651,651,651,9,1,9,9,9
27,50,0.000391228,1,0.000391228,0.000391228,0.000391228,590,1,590,590,590,8,1,8,8,8
27,50,0.000541979,1,0.000541979,0.000541979,0.000541979,633,1,633,633,633,8,1,8,8,8
27,50,0.000396601,1,0.000396601,0.000396601,0.000396601,606,1,606,606,606,8,1,8,8,8
27,50,0.000370992,1,0.000370992,0.000370992,0.000370992,593,1,593,593,593,8,1,8,8,8
27,50,0.000314325,1,0.000314325,0.000314325,0.000314325,555,1,555,555,555,7,1,7,7,7
27,50,0.000402548,1,0.000402548,0.000402548,0.000402548,624,1,624,624,624,8,1,8,8,8
27,50,0.000387653,1,0.000387653,0.000387653,0.000387653,585,1,585,585,585,8,1,8,8,8
27,50,0.00025807,1,0.00025807,0.00025807,0.00025807,544,1,544,544,544,7,1,7,7,7
27,50,0.000378315,1,0.000378315,0.000378315,0.000378315,595,1,595,595,595,8,1,8,8,8
27,50,0.000365655,1,0.000365655,0.000365655,0.000365655,599,1,599,599,599,8,1,8,8,8
27,50,0.000408558,1,0.000408558,0.000408558,0.000408558,593,1,593,593,593,8,1,8,8,8
27,50,0.000297232,1,0.000297232,0.000297232,0.000297232,532,1,532,532,532,7,1,7,7,7
27,50,0.00056422,1,0.00056422,0.00056422,0.00056422,641,1,641,641,641,8,1,8,8,8
27,50,0.000216619,1,0.000216619,0.000216619,0.000216619,563,1,563,563,563,7,1,7,7,7
27,50,0.000357794,1,0.000357794,0.000357794,0.000357794,553,1,553,553,553,8,1,8,8,8
27,50,0.000451993,1,0.000451993,0.000451993,0.000451993,610,1,610,610,610,8,1,8,8,8
27,50,0.000385602,1,0.000385602,0.000385602,0.000385602,601,1,601,601,601,8,1,8,8,8
27,50,0.000441962,1,0.000441962,0.000441962,0.000441962,599,1,599,599,599,8,1,8,8,8
27,50,0.000311723,1,0.000311723,0.000311723,0.000311723,549,1,549,549,549,7,1,7,7,7
27,50,0.000480155,1,0.000480155,0.000480155,0.000480155,633,1,633,633,633,8,1,8,8,8
27,50,0.000470312,1,0.000470312,0.000470312,0.000470312,610,1,610,610,610,8,1,8,8,8
27,50,0.000220295,1,0.000220295,0.000220295,0.000220295,509,1,509,509,509,6,1,6,6,6
27,50,0.000327742,1,0.000327742,0.000327742,0.000327742,543,1,543,543,543,8,1,8,8,8
27,50,0.000205621,1,0.000205621,0.000205621,0.000205621,519,1,519,519,519,7,1,7,7,7
27,50,0.000440902,1,0.000440902,0.000440902,0.000440902,601,1,601,601,601,8,1,8,8,8
27,50,0.000387752,1,0.000387752,0.000387752,0.000387752,588,1,588,588,588,8,1,8,8,8
27,50,0.000427648,1,0.000427648,0.000427648,0.000427648,651,1,651,651,651,8,1,8,8,8
27,50,0.000708647,1,0.000708647,0.000708647,0.000708647,685,1,685,685,685,9,1,9,9,9
27,50,0.000659263,1,0.000659263,0.000659263,0.000659263,653,1,653,653,653,9,1,9,9,9
27,50,0.000441071,1,0.000441071,0.000441071,0.000441071,603,1,603,603,603,8,1,8,8,8
27,50,0.000510226,1,0.000510226,0.000510226,0.000510226,656,1,656,656,656,9,1,9,9,9
27,50,0.000614392,1,0.000614392,0.000614392,0.000614392,711,1,711,711,711,8,1,8,8,8
27,50,0.000450997,1,0.000450997,0.000450997,0.000450997,618,1,618,618,618,8,1,8,8,8
27,50,0.000372746,1,0.000372746,0.000372746,0.000372746,559,1,559,559,559,7,1,7,7,7
27,50,0.000418024,1,0.000418024,0.000418024,0.000418024,607,1,607,607,607,8,1,8,8,8
27,50,0.000735461,1,0.000735461,0.000735461,0.000735461,723,1,723,723,723,10,1,10,10,10
27,50,0.000279963,1,0.000279963,0.000279963,0.000279963,532,1,532,532,532,7,1,7,7,7
27,50,0.000585331,1,0.000585331,0.000585331,0.000585331,626,1,626,626,626,9,1,9,9,9
27,50,0.000398165,1,0.000398165,0.000398165,0.000398165,623,1,623,623,623,8,1,8,8,8
27,50,0.000477212,1,0.000477212,0.000477212,0.000477212,628,1,628,628,628,8,1,8,8,8
27,50,0.000433765,1,0.000433765,0.000433765,0.000433765,649,1,649,649,649,8,1,8,8,8
27,50,0.00028152,1,0.00028152,0.00028152,0.00028152,532,1,532,532,532,7,1,7,7,7
27,50,0.000449477,1,0.000449477,0.000449477,0.000449477,615,1,615,615,615,8,1,8,8,8
27,50,0.000405166,1,0.000405166,0.000405166,0.000405166,598,1,598,598,598,8,1,8,8,8
27,50,0.000265064,1,0.000265064,0.000265064,0.000265064,554,1,554,554,554,7,1,7,7,7
27,50,0.000259524,1,0.000259524,0.000259524,0.000259524,538,1,538,538,538,7,1,7,7,7
27,50,0.000272999,1,0.000272999,0.000272999,0.000272999,511,1,511,511,511,7,1,7,7,7
27,50,0.000313396,1,0.000313396,0.000313396,0.000313396,557,1,557,557,557,7,1,7,7,7
27,50,0.000722179,1,0.000722179,0.000722179,0.000722179,723,1,723,723,723,9,1,9,9,9
27,50,0.000392894,1,0.000392894,0.000392894,0.000392894,574,1,574,574,574,7,1,7,7,7
27,50,0.000303264,1,0.000303264,0.000303264,0.000303264,579,1,579,579,579,8,1,8,8,8
27,50,0.000510246,1,0.000510246,0.000510246,0.000510246,623,1,623,623,623,9,1,9,9,9
27,50,0.00051342,1,0.00051342,0.00051342,0.00051342,612,1,612,612,612,9,1,9,9,9
27,50,0.000500464,1,0.000500464,0.000500464,0.000500464,637,1,637,637,637,8,1,8,8,8
27,50,0.000322448,1,0.000322448,0.000322448,0.000322448,605,1,605,605,605,8,1,8,8,8
27,50,0.000276619,1,0.000276619,0.000276619,0.000276619,537,1,537,537,537,7,1,7,7,7
27,50,0.000250715,1,0.000250715,0.000250715,0.000250715,561,1,561,561,561,7,1,7,7,7
27,50,0.000451926,1,0.000451926,0.000451926,0.000451926,649,1,649,649,649,9,1,9,9,9
27,50,0.000393964,1,0.000393964,0.000393964,0.000393964,593,1,593,593,593,7,1,7,7,7
27,50,0.000337939,1,0.000337939,0.000337939,0.000337939,585,1,585,585,585,8,1,8,8,8
27,50,0.000296057,1,0.000296057,0.000296057,0.000296057,561,1,561,561,561,7,1,7,7,7
27,50,0.000282565,1,0.000282565,0.000282565,0.000282565,547,1,547,547,547,7,1,7,7,7
27,50,0.000411039,1,0.000411039,0.000411039,0.000411039,546,1,546,546,546,8,1,8,8,8
27,50,0.000220167,1,0.000220167,0.000220167,0.000220167,547,1,547,547,547,7,1,7,7,7
27,50,0.000388054,1,0.000388054,0.000388054,0.000388054,578,1,578,578,578,8,1,8,8,8
27,50,0.000433734,1,0.000433734,0.000433734,0.000433734,604,1,604,604,604,8,1,8,8,8
27,50,0.000231507,1,0.000231507,0.000231507,0.000231507,538,1,538,538,538,7,1,7,7,7
27,50,0.000376664,1,0.000376664,0.000376664,0.000376664,624,1,624,624,624,7,1,7,7,7
27,50,0.00048208,1,0.00048208,0.00048208,0.00048208,595,1,595,595,595,8,1,8,8,8
27,50,0.000449363,1,0.000449363,0.000449363,0.000449363,637,1,637,637,637,8,1,8,8,8
27,50,0.000675897,1,0.000675897,0.000675897,0.000675897,693,1,693,693,693,9,1,9,9,9
27,50,0.000503831,1,0.000503831,0.000503831,0.000503831,662,1,662,662,662,9,1,9,9,9
27,50,0.00042853,1,0.00042853,0.00042853,0.00042853,566,1,566,566,566,8,1,8,8,8
27,50,0.000437878,1,0.000437878,0.000437878,0.000437878,599,1,599,599,599,8,1,8,8,8
27,50,0.000277551,1,0.000277551,0.000277551,0.000277551,527,1,527,527,527,7,1,7,7,7
27,50,0.000470254,1,0.000470254,0.000470254,0.000470254,622,1,622,622,622,8,1,8,8,8
27,50,0.000341019,1,0.000341019,0.000341019,0.000341019,579,1,579,579,579,8,1,8,8,8
27,50,0.000301479,1,0.000301479,0.000301479,0.000301479,540,1,540,540,540,7,1,7,7,7
27,50,0.000579825,1,0.000579825,0.000579825,0.000579825,640,1,640,640,640,9,1,9,9,9
27,50,0.000494005,1,0.000494005,0.000494005,0.000494005,612,1,612,612,612,8,1,8,8,8
27,50,0.000340767,1,0.000340767,0.000340767,0.000340767,606,1,606,606,606,8,1,8,8,8
27,50,0.000500174,1,0.000500174,0.000500174,0.000500174,639,1,639,639,639,8,1,8,8,8
27,50,0.00040843,1,0.00040843,0.00040843,0.00040843,619,1,619,619,619,8,1,8,8,8
27,50,0.000360382,1,0.000360382,0.000360382,0.000360382,579,1,579,579,579,8,1,8,8,8
27,50,0.00033419,1,0.00033419,0.00033419,0.00033419,587,1,587,587,587,8,1,8,8,8
27,50,0.000602731,1,0.000602731,0.000602731,0.000602731,662,1,662,662,662,9,1,9,9,9
27,50,0.000445568,1,0.000445568,0.000445568,0.000445568,579,1,579,579,579,8,1,8,8,8
27,50,0.000288011,1,0.000288011,0.000288011,0.000288011,553,1,553,553,553,7,1,7,7,7
27,50,0.000401004,1,0.000401004,0.000401004,0.000401004,652,1,652,652,652,7,1,7,7,7
27,50,0.000427715,1,0.000427715,0.000427715,0.000427715,606,1,606,606,606,8,1,8,8,8
27,50,0.000436027,1,0.000436027,0.000436027,0.000436027,614,1,614,614,614,8,1,8,8,8
27,50,0.000272226,1,0.000272226,0.000272226,0.000272226,530,1,530,530,530,7,1,7,7,7
27,50,0.00025495,1,0.00025495,0.00025495,0.00025495,542,1,542,542,542,7,1,7,7,7
27,50,0.000453605,1,0.000453605,0.000453605,0.000453605,628,1,628,628,628,9,1,9,9,9
27,50,0.000368281,1,0.000368281,0.000368281,0.000368281,564,1,564,564,564,8,1,8,8,8
27,50,0.000396491,1,0.000396491,0.000396491,0.000396491,585,1,585,585,585,8,1,8,8,8
27,50,0.000334709,1,0.000334709,0.000334709,0.000334709,561,1,561,561,561,7,1,7,7,7
27,50,0.000257967,1,0.000257967,0.000257967,0.000257967,560,1,560,560,560,7,1,7,7,7
27,50,0.000329584,1,0.000329584,0.000329584,0.000329584,554,1,554,554,554,7,1,7,7,7
27,50,0.000308709,1,0.000308709,0.000308709,0.000308709,558,1,558,558,558,7,1,7,7,7
27,50,0.00032869,1,0.00032869,0.00032869,0.00032869,550,1,550,550,550,8,1,8,8,8
27,50,0.000450218,1,0.000450218,0.000450218,0.000450218,605,1,605,605,605,9,1,9,9,9
27,50,0.000347097,1,0.000347097,0.000347097,0.000347097,562,1,562,562,562,8,1,8,8,8
27,50,0.000404461,1,0.000404461,0.000404461,0.000404461,597,1,597,597,597,8,1,8,8,8
27,50,0.000232112,1,0.000232112,0.000232112,0.000232112,523,1,523,523,523,7,1,7,7,7
27,50,0.00040667,1,0.00040667,0.00040667,0.00040667,570,1,570,570,570,8,1,8,8,8
27,50,0.000220033,1,0.000220033,0.000220033,0.000220033,543,1,543,543,543,7,1,7,7,7
27,50,0.000376016,1,0.000376016,0.000376016,0.000376016,602,1,602,602,602,8,1,8,8,8
27,50,0.000289162,1,0.000289162,0.000289162,0.000289162,553,1,553,553,553,7,1,7,7,7
27,50,0.000409697,1,0.000409697,0.000409697,0.000409697,626,1,626,626,626,8,1,8,8,8
27,50,0.000374615,1,0.000374615,0.000374615,0.000374615,579,1,579,579,579,8,1,8,8,8
27,50,0.000323271,1,0.000323271,0.000323271,0.000323271,588,1,588,588,588,8,1,8,8,8
27,50,0.000340246,1,0.000340246,0.000340246,0.000340246,607,1,607,607,607,8,1,8,8,8
27,50,0.000283741,1,0.000283741,0.000283741,0.000283741,552,1,552,552,552,7,1,7,7,7
27,50,0.000496012,1,0.000496012,0.000496012,0.000496012,590,1,590,590,590,8,1,8,8,8
27,50,0.000284841,1,0.000284841,0.000284841,0.000284841,546,1,546,546,546,7,1,7,7,7
27,50,0.000284728,1,0.000284728,0.000284728,0.000284728,551,1,551,551,551,7,1,7,7,7
27,50,0.000319197,1,0.000319197,0.000319197,0.000319197,540,1,540,540,540,7,1,7,7,7
27,50,0.00039138,1,0.00039138,0.00039138,0.00039138,600,1,600,600,600,8,1,8,8,8
27,50,0.000315257,1,0.000315257,0.000315257,0.000315257,535,1,535,535,535,7,1,7,7,7
27,50,0.000527923,1,0.000527923,0.000527923,0.000527923,655,1,655,655,655,9,1,9,9,9
27,50,0.000461574,1,0.000461574,0.000461574,0.000461574,652,1,652,652,652,8,1,8,8,8
27,50,0.000484838,1,0.000484838,0.000484838,0.000484838,622,1,622,622,622,9,1,9,9,9
27,50,0.000492753,1,0.000492753,0.000492753,0.000492753,613,1,613,613,613,8,1,8,8,8
27,50,0.000491808,1,0.000491808,0.000491808,0.000491808,613,1,613,613,613,9,1,9,9,9
27,50,0.000272666,1,0.000272666,0.000272666,0.000272666,539,1,539,539,539,7,1,7,7,7
27,50,0.000377928,1,0.000377928,0.000377928,0.000377928,606,1,606,606,606,8,1,8,8,8
27,50,0.000229153,1,0.000229153,0.000229153,0.000229153,524,1,524,524,524,7,1,7,7,7
27,50,0.00036963,1,0.00036963,0.00036963,0.00036963,602,1,602,602,602,8,1,8,8,8
27,50,0.000270599,1,0.000270599,0.000270599,0.000270599,549,1,549,549,549,7,1,7,7,7
27,50,0.000544014,1,0.000544014,0.000544014,0.000544014,647,1,647,647,647,9,1,9,9,9
27,50,0.000475691,1,0.000475691,0.000475691,0.000475691,646,1,646,646,646,8,1,8,8,8
27,50,0.000212394,1,0.000212394,0.000212394,0.000212394,533,1,533,533,533,7,1,7,7,7
27,50,0.000358815,1,0.000358815,0.000358815,0.000358815,581,1,581,581,581,8,1,8,8,8
27,50,0.000385415,1,0.000385415,0.000385415,0.000385415,581,1,581,581,581,8,1,8,8,8
27,50,0.000409347,1,0.000409347,0.000409347,0.000409347,605,1,605,605,605,8,1,8,8,8
27,50,0.000267522,1,0.000267522,0.000267522,0.000267522,519,1,519,519,519,7,1,7,7,7
27,50,0.000285468,1,0.000285468,0.000285468,0.000285468,560,1,560,560,560,7,1,7,7,7
27,50,0.000387052,1,0.000387052,0.000387052,0.000387052,603,1,603,603,603,8,1,8,8,8
27,50,0.000447258,1,0.000447258,0.000447258,0.000447258,643,1,643,643,643,9,1,9,9,9
27,50,0.000524122,1,0.000524122,0.000524122,0.000524122,661,1,661,661,661,9,1,9,9,9
27,50,0.000481257,1,0.000481257,0.000481257,0.000481257,622,1,622,622,622,9,1,9,9,9
27,50,0.000441423,1,0.000441423,0.000441423,0.000441423,631,1,631,631,631,7,1,7,7,7
27,50,0.000277289,1,0.000277289,0.000277289,0.000277289,603,1,603,603,603,8,1,8,8,8
27,50,0.000371098,1,0.000371098,0.000371098,0.000371098,588,1,588,588,588,8,1,8,8,8
27,50,0.000355684,1,0.000355684,0.000355684,0.000355684,617,1,617,617,617,7,1,7,7,7
27,50,0.00037683,1,0.00037683,0.00037683,0.00037683,637,1,637,637,637,8,1,8,8,8
27,50,0.000314833,1,0.000314833,0.000314833,0.000314833,536,1,536,536,536,7,1,7,7,7
27,50,0.00055595,1,0.00055595,0.00055595,0.00055595,650,1,650,650,650,9,1,9,9,9
27,50,0.000305432,1,0.000305432,0.000305432,0.000305432,508,1,508,508,508,7,1,7,7,7
27,50,0.000315525,1,0.000315525,0.000315525,0.000315525,528,1,528,528,528,7,1,7,7,7
27,50,0.000369163,1,0.000369163,0.000369163,0.000369163,585,1,585,585,585,8,1,8,8,8
27,50,0.000351311,1,0.000351311,0.000351311,0.000351311,574,1,574,574,574,8,1,8,8,8
27,50,0.000419629,1,0.000419629,0.000419629,0.000419629,647,1,647,647,647,8,1,8,8,8
27,50,0.000362067,1,0.000362067,0.000362067,0.000362067,567,1,567,567,567,8,1,8,8,8
27,50,0.00026392,1,0.00026392,0.00026392,0.00026392,529,1,529,529,529,7,1,7,7,7
27,50,0.000367138,1,0.000367138,0.000367138,0.000367138,552,1,552,552,552,8,1,8,8,8
27,50,0.000391971,1,0.000391971,0.000391971,0.000391971,568,1,568,568,568,8,1,8,8,8
27,50,0.000357557,1,0.000357557,0.000357557,0.000357557,576,1,576,576,576,7,1,7,7,7
27,50,0.000433481,1,0.000433481,0.000433481,0.000433481,650,1,650,650,650,7,1,7,7,7
27,50,0.000248656,1,0.000248656,0.000248656,0.000248656,538,1,538,538,538,7,1,7,7,7
27,50,0.000277077,1,0.000277077,0.000277077,0.000277077,522,1,522,522,522,7,1,7,7,7
27,50,0.00051577,1,0.00051577,0.00051577,0.00051577,613,1,613,613,613,8,1,8,8,8
27,50,0.000271237,1,0.000271237,0.000271237,0.000271237,532,1,532,532,532,7,1,7,7,7
27,50,0.000260646,1,0.000260646,0.000260646,0.000260646,516,1,516,516,516,7,1,7,7,7
27,50,0.000245043,1,0.000245043,0.000245043,0.000245043,532,1,532,532,532,7,1,7,7,7
27,50,0.000253253,1,0.000253253,0.000253253,0.000253253,531,1,531,531,531,7,1,7,7,7
27,50,0.000574487,1,0.000574487,0.000574487,0.000574487,665,1,665,665,665,9,1,9,9,9
27,50,0.00040182,1,0.00040182,0.00040182,0.00040182,628,1,628,628,628,7,1,7,7,7
27,50,0.00040312,1,0.00040312,0.00040312,0.00040312,591,1,591,591,591,8,1,8,8,8
27,50,0.000249738,1,0.000249738,0.000249738,0.000249738,494,1,494,494,494,7,1,7,7,7
27,50,0.000199111,1,0.000199111,0.000199111,0.000199111,522,1,522,522,522,7,1,7,7,7
27,50,0.000288246,1,0.000288246,0.000288246,0.000288246,531,1,531,531,531,7,1,7,7,7
27,50,0.00026578,1,0.00026578,0.00026578,0.00026578,554,1,554,554,554,7,1,7,7,7
27,50,0.000467831,1,0.000467831,0.000467831,0.000467831,662,1,662,662,662,9,1,9,9,9
27,50,0.00039939,1,0.00039939,0.00039939,0.00039939,605,1,605,605,605,7,1,7,7,7
27,50,0.00039534,1,0.00039534,0.00039534,0.00039534,579,1,579,579,579,8,1,8,8,8
27,50,0.000274687,1,0.000274687,0.000274687,0.000274687,525,1,525,525,525,7,1,7,7,7
27,50,0.000269389,1,0.000269389,0.000269389,0.000269389,558,1,558,558,558,7,1,7,7,7
27,50,0.000663185,1,0.000663185,0.000663185,0.000663185,689,1,689,689,689,9,1,9,9,9
27,50,0.000362589,1,0.000362589,0.000362589,0.000362589,589,1,589,589,589,8,1,8,8,8
27,50,0.000405965,1,0.000405965,0.000405965,0.000405965,594,1,594,594,594,8,1,8,8,8
27,50,0.000361557,1,0.000361557,0.000361557,0.000361557,607,1,607,607,607,8,1,8,8,8
27,50,0.000243493,1,0.000243493,0.000243493,0.000243493,544,1,544,544,544,7,1,7,7,7
27,50,0.000544011,1,0.000544011,0.000544011,0.000544011,640,1,640,640,640,9,1,9,9,9
27,50,0.0004449,1,0.0004449,0.0004449,0.0004449,570,1,570,570,570,8,1,8,8,8
27,50,0.00034104,1,0.00034104,0.00034104,0.00034104,579,1,579,579,579,8,1,8,8,8
27,50,0.000554408,1,0.000554408,0.000554408,0.000554408,642,1,642,642,642,9,1,9,9,9
27,50,0.000599157,1,0.000599157,0.000599157,0.000599157,665,1,665,665,665,9,1,9,9,9
27,50,0.000326386,1,0.000326386,0.000326386,0.000326386,552,1,552,552,552,7,1,7,7,7
27,50,0.000389119,1,0.000389119,0.000389119,0.000389119,590,1,590,590,590,8,1,8,8,8
27,50,0.000428128,1,0.000428128,0.000428128,0.000428128,602,1,602,602,602,8,1,8,8,8
27,50,0.00036871,1,0.00036871,0.00036871,0.00036871,609,1,609,609,609,8,1,8,8,8
27,50,0.000248164,1,0.000248164,0.000248164,0.000248164,533,1,533,533,533,7,1,7,7,7
27,50,0.000461261,1,0.000461261,0.000461261,0.000461261,615,1,615,615,615,8,1,8,8,8
27,50,0.00031048,1,0.00031048,0.00031048,0.00031048,538,1,538,538,538,7,1,7,7,7
27,50,0.000391439,1,0.000391439,0.000391439,0.000391439,559,1,559,559,559,8,1,8,8,8
27,50,0.000469657,1,0.000469657,0.000469657,0.000469657,612,1,612,612,612,8,1,8,8,8
27,50,0.000187348,1,0.000187348,0.000187348,0.000187348,498,1,498,498,498,6,1,6,6,6
27,50,0.000642197,1,0.000642197,0.000642197,0.000642197,721,1,721,721,721,9,1,9,9,9
27,50,0.00042071,1,0.00042071,0.00042071,0.00042071,595,1,595,595,595,8,1,8,8,8
27,50,0.000744974,1,0.000744974,0.000744974,0.000744974,719,1,719,719,719,9,1,9,9,9
27,50,0.000447728,1,0.000447728,0.000447728,0.000447728,623,1,623,623,623,8,1,8,8,8
27,50,0.000604477,1,0.000604477,0.000604477,0.000604477,665,1,665,665,665,9,1,9,9,9
27,50,0.000363023,1,0.000363023,0.000363023,0.000363023,593,1,593,593,593,8,1,8,8,8
27,50,0.00042194,1,0.00042194,0.00042194,0.00042194,604,1,604,604,604,8,1,8,8,8
27,50,0.000398396,1,0.000398396,0.000398396,0.000398396,595,1,595,595,595,8,1,8,8,8
27,50,0.000267579,1,0.000267579,0.000267579,0.000267579,519,1,519,519,519,7,1,7,7,7
27,50,0.000408336,1,0.000408336,0.000408336,0.000408336,598,1,598,598,598,7,1,7,7,7
27,50,0.000495168,1,0.000495168,0.000495168,0.000495168,609,1,609,609,609,8,1,8,8,8
27,50,0.000371067,1,0.000371067,0.000371067,0.000371067,601,1,601,601,601,8,1,8,8,8
27,50,0.000396063,1,0.000396063,0.000396063,0.000396063,603,1,603,603,603,8,1,8,8,8
27,50,0.000260767,1,0.000260767,0.000260767,0.000260767,517,1,517,517,517,7,1,7,7,7
27,50,0.000223012,1,0.000223012,0.000223012,0.000223012,528,1,528,528,528,7,1,7,7,7
27,50,0.000358104,1,0.000358104,0.000358104,0.000358104,586,1,586,586,586,8,1,8,8,8
27,50,0.00038431,1,0.00038431,0.00038431,0.00038431,565,1,565,565,565,8,1,8,8,8
27,50,0.000381423,1,0.000381423,0.000381423,0.000381423,594,1,594,594,594,8,1,8,8,8
27,50,0.000326176,1,0.000326176,0.000326176,0.000326176,594,1,594,594,594,7,1,7,7,7
27,50,0.000570169,1,0.000570169,0.000570169,0.000570169,661,1,661,661,661,9,1,9,9,9
27,50,0.00048793,1,0.00048793,0.00048793,0.00048793,630,1,630,630,630,9,1,9,9,9
27,50,0.000476235,1,0.000476235,0.000476235,0.000476235,612,1,612,612,612,8,1,8,8,8
27,50,0.00028962,1,0.00028962,0.00028962,0.00028962,531,1,531,531,531,7,1,7,7,7
27,50,0.000427847,1,0.000427847,0.000427847,0.000427847,596,1,596,596,596,8,1,8,8,8
27,50,0.000532829,1,0.000532829,0.000532829,0.000532829,673,1,673,673,673,7,1,7,7,7
27,50,0.000398546,1,0.000398546,0.000398546,0.000398546,627,1,627,627,627,7,1,7,7,7
27,50,0.000308131,1,0.000308131,0.000308131,0.000308131,535,1,535,535,535,7,1,7,7,7
27,50,0.000330152,1,0.000330152,0.000330152,0.000330152,567,1,567,567,567,7,1,7,7,7
27,50,0.000231168,1,0.000231168,0.000231168,0.000231168,530,1,530,530,530,7,1,7,7,7
27,50,0.000434153,1,0.000434153,0.000434153,0.000434153,588,1,588,588,588,8,1,8,8,8
27,50,0.00017404,1,0.00017404,0.00017404,0.00017404,493,1,493,493,493,6,1,6,6,6
27,50,0.000483406,1,0.000483406,0.000483406,0.000483406,597,1,597,597,597,8,1,8,8,8
27,50,0.000367925,1,0.000367925,0.000367925,0.000367925,584,1,584,584,584,8,1,8,8,8
27,50,0.000288891,1,0.000288891,0.000288891,0.000288891,542,1,542,542,542,7,1,7,7,7
27,50,0.000263044,1,0.000263044,0.000263044,0.000263044,529,1,529,529,529,7,1,7,7,7
27,50,0.00042548,1,0.00042548,0.00042548,0.00042548,627,1,627,627,627,9,1,9,9,9
27,50,0.00037608,1,0.00037608,0.00037608,0.00037608,602,1,602,602,602,8,1,8,8,8
27,50,0.00031567,1,0.00031567,0.00031567,0.00031567,550,1,550,550,550,7,1,7,7,7
27,50,0.000274518,1,0.000274518,0.000274518,0.000274518,524,1,524,524,524,7,1,7,7,7
27,50,0.00036954,1,0.00036954,0.00036954,0.00036954,566,1,566,566,566,7,1,7,7,7
27,50,0.000255244,1,0.000255244,0.000255244,0.000255244,514,1,514,514,514,7,1,7,7,7
27,50,0.000221903,1,0.000221903,0.000221903,0.000221903,507,1,507,507,507,7,1,7,7,7
27,50,0.000389738,1,0.000389738,0.000389738,0.000389738,600,1,600,600,600,8,1,8,8,8
27,50,0.000286272,1,0.000286272,0.000286272,0.000286272,515,1,515,515,515,7,1,7,7,7
27,50,0.000399338,1,0.000399338,0.000399338,0.000399338,580,1,580,580,580,8,1,8,8,8
27,50,0.000259913,1,0.000259913,0.000259913,0.000259913,523,1,523,523,523,7,1,7,7,7
27,50,0.000396055,1,0.000396055,0.000396055,0.000396055,604,1,604,604,604,8,1,8,8,8
27,50,0.000401841,1,0.000401841,0.000401841,0.000401841,604,1,604,604,604,8,1,8,8,8
27,50,0.000512446,1,0.000512446,0.000512446,0.000512446,611,1,611,611,611,8,1,8,8,8
27,50,0.000316571,1,0.000316571,0.000316571,0.000316571,583,1,583,583,583,8,1,8,8,8
27,50,0.000418355,1,0.000418355,0.000418355,0.000418355,651,1,651,651,651,8,1,8,8,8
27,50,0.000509514,1,0.000509514,0.000509514,0.000509514,651,1,651,651,651,9,1,9,9,9
27,50,0.000529833,1,0.000529833,0.000529833,0.000529833,658,1,658,658,658,9,1,9,9,9
27,50,0.000535894,1,0.000535894,0.000535894,0.000535894,662,1,662,662,662,9,1,9,9,9
27,50,0.00057901,1,0.00057901,0.00057901,0.00057901,659,1,659,659,659,9,1,9,9,9
27,50,0.000247856,1,0.000247856,0.000247856,0.000247856,542,1,542,542,542,7,1,7,7,7
27,50,0.000396385,1,0.000396385,0.000396385,0.000396385,601,1,601,601,601,8,1,8,8,8
27,50,0.000328534,1,0.000328534,0.000328534,0.000328534,556,1,556,556,556,7,1,7,7,7
27,50,0.000345159,1,0.000345159,0.000345159,0.000345159,580,1,580,580,580,8,1,8,8,8
27,50,0.000219211,1,0.000219211,0.000219211,0.000219211,572,1,572,572,572,7,1,7,7,7
27,50,0.000327891,1,0.000327891,0.000327891,0.000327891,560,1,560,560,560,8,1,8,8,8
27,50,0.000295541,1,0.000295541,0.000295541,0.000295541,546,1,546,546,546,7,1,7,7,7
27,50,0.000523906,1,0.000523906,0.000523906,0.000523906,661,1,661,661,661,9,1,9,9,9
27,50,0.000585646,1,0.000585646,0.000585646,0.000585646,657,1,657,657,657,9,1,9,9,9
27,50,0.000262318,1,0.000262318,0.000262318,0.000262318,566,1,566,566,566,7,1,7,7,7
27,50,0.000229947,1,0.000229947,0.000229947,0.000229947,504,1,504,504,504,6,1,6,6,6
27,50,0.000293723,1,0.000293723,0.000293723,0.000293723,547,1,547,547,547,7,1,7,7,7
27,50,0.000267881,1,0.000267881,0.000267881,0.000267881,577,1,577,577,577,8,1,8,8,8
27,50,0.000439062,1,0.000439062,0.000439062,0.000439062,606,1,606,606,606,8,1,8,8,8
27,50,0.000395904,1,0.000395904,0.000395904,0.000395904,629,1,629,629,629,8,1,8,8,8
27,50,0.000450788,1,0.000450788,0.000450788,0.000450788,671,1,671,671,671,8,1,8,8,8
27,50,0.000237951,1,0.000237951,0.000237951,0.000237951,554,1,554,554,554,7,1,7,7,7
27,50,0.00034435,1,0.00034435,0.00034435,0.00034435,592,1,592,592,592,8,1,8,8,8
27,50,0.000442951,1,0.000442951,0.000442951,0.000442951,590,1,590,590,590,8,1,8,8,8
27,50,0.000310462,1,0.000310462,0.000310462,0.000310462,596,1,596,596,596,7,1,7,7,7
27,50,0.000511307,1,0.000511307,0.000511307,0.000511307,583,1,583,583,583,8,1,8,8,8
27,50,0.000285512,1,0.000285512,0.000285512,0.000285512,546,1,546,546,546,7,1,7,7,7
27,50,0.00026024,1,0.00026024,0.00026024,0.00026024,518,1,518,518,518,7,1,7,7,7
27,50,0.000480799,1,0.000480799,0.000480799,0.000480799,607,1,607,607,607,8,1,8,8,8
27,50,0.000318839,1,0.000318839,0.000318839,0.000318839,541,1,541,541,541,7,1,7,7,7
27,50,0.000331849,1,0.000331849,0.000331849,0.000331849,538,1,538,538,538,7,1,7,7,7
27,50,0.000387595,1,0.000387595,0.000387595,0.000387595,577,1,577,577,577,8,1,8,8,8
27,50,0.00052365,1,0.00052365,0.00052365,0.00052365,613,1,613,613,613,9,1,9,9,9
27,50,0.000382903,1,0.000382903,0.000382903,0.000382903,613,1,613,613,613,8,1,8,8,8
27,50,0.000341583,1,0.000341583,0.000341583,0.000341583,567,1,567,567,567,8,1,8,8,8
27,50,0.000347755,1,0.000347755,0.000347755,0.000347755,556,1,556,556,556,7,1,7,7,7
27,50,0.000224982,1,0.000224982,0.000224982,0.000224982,553,1,553,553,553,7,1,7,7,7
27,50,0.00043667,1,0.00043667,0.00043667,0.00043667,624,1,624,624,624,8,1,8,8,8
27,50,0.000234484,1,0.000234484,0.000234484,0.000234484,535,1,535,535,535,7,1,7,7,7
27,50,0.00038314,1,0.00038314,0.00038314,0.00038314,583,1,583,583,583,8,1,8,8,8
27,50,0.00027744,1,0.00027744,0.00027744,0.00027744,555,1,555,555,555,6,1,6,6,6
27,50,0.000479295,1,0.000479295,0.000479295,0.000479295,634,1,634,634,634,8,1,8,8,8
27,50,0.000396441,1,0.000396441,0.000396441,0.000396441,583,1,583,583,583,8,1,8,8,8
27,50,0.000379406,1,0.000379406,0.000379406,0.000379406,591,1,591,591,591,8,1,8,8,8
27,50,0.000452395,1,0.000452395,0.000452395,0.000452395,586,1,586,586,586,8,1,8,8,8
27,50,0.000523282,1,0.000523282,0.000523282,0.000523282,665,1,665,665,665,9,1,9,9,9
27,50,0.000356578,1,0.000356578,0.000356578,0.000356578,661,1,661,661,661,8,1,8,8,8
27,50,0.000238278,1,0.000238278,0.000238278,0.000238278,539,1,539,539,539,7,1,7,7,7
27,50,0.000373682,1,0.000373682,0.000373682,0.000373682,590,1,590,590,590,8,1,8,8,8
27,50,0.000383317,1,0.000383317,0.000383317,0.000383317,587,1,587,587,587,8,1,8,8,8
27,50,0.000467383,1,0.000467383,0.000467383,0.000467383,621,1,621,621,621,8,1,8,8,8
27,50,0.00028033,1,0.00028033,0.00028033,0.00028033,564,1,564,564,564,8,1,8,8,8
27,50,0.000577067,1,0.000577067,0.000577067,0.000577067,634,1,634,634,634,9,1,9,9,9
27,50,0.000253513,1,0.000253513,0.000253513,0.000253513,525,1,525,525,525,7,1,7,7,7
27,50,0.000365936,1,0.000365936,0.000365936,0.000365936,593,1,593,593,593,7,1,7,7,7
27,50,0.000493135,1,0.000493135,0.000493135,0.000493135,656,1,656,656,656,8,1,8,8,8
27,50,0.000289347,1,0.000289347,0.000289347,0.000289347,548,1,548,548,548,7,1,7,7,7
27,50,0.000265174,1,0.000265174,0.000265174,0.000265174,521,1,521,521,521,7,1,7,7,7
27,50,0.000501929,1,0.000501929,0.000501929,0.000501929,655,1,655,655,655,9,1,9,9,9
27,50,0.000488477,1,0.000488477,0.000488477,0.000488477,638,1,638,638,638,9,1,9,9,9
27,50,0.000344073,1,0.000344073,0.000344073,0.000344073,583,1,583,583,583,8,1,8,8,8
27,50,0.000445856,1,0.000445856,0.000445856,0.000445856,588,1,588,588,588,8,1,8,8,8
27,50,0.00033192,1,0.00033192,0.00033192,0.00033192,563,1,563,563,563,7,1,7,7,7
27,50,0.0002799,1,0.0002799,0.0002799,0.0002799,548,1,548,548,548,7,1,7,7,7
27,50,0.000328756,1,0.000328756,0.000328756,0.000328756,541,1,541,541,541,7,1,7,7,7
27,50,0.000571823,1,0.000571823,0.000571823,0.000571823,702,1,702,702,702,8,1,8,8,8
27,50,0.000418798,1,0.000418798,0.000418798,0.000418798,625,1,625,625,625,9,1,9,9,9
27,50,0.000320937,1,0.000320937,0.000320937,0.000320937,604,1,604,604,604,8,1,8,8,8
27,50,0.000556028,1,0.000556028,0.000556028,0.000556028,644,1,644,644,644,9,1,9,9,9
27,50,0.000383029,1,0.000383029,0.000383029,0.000383029,582,1,582,582,582,8,1,8,8,8
27,50,0.000493907,1,0.000493907,0.000493907,0.000493907,652,1,652,652,652,8,1,8,8,8
27,50,0.000301431,1,0.000301431,0.000301431,0.000301431,605,1,605,605,605,8,1,8,8,8
27,50,0.000446583,1,0.000446583,0.000446583,0.000446583,601,1,601,601,601,8,1,8,8,8
27,50,0.000375325,1,0.000375325,0.000375325,0.000375325,580,1,580,580,580,8,1,8,8,8
27,50,0.000222604,1,0.000222604,0.000222604,0.000222604,500,1,500,500,500,7,1,7,7,7
27,50,0.000246102,1,0.000246102,0.000246102,0.000246102,540,1,540,540,540,7,1,7,7,7
27,50,0.00045502,1,0.00045502,0.00045502,0.00045502,635,1,635,635,635,8,1,8,8,8
27,50,0.000348991,1,0.000348991,0.000348991,0.000348991,582,1,582,582,582,8,1,8,8,8
27,50,0.000369836,1,0.000369836,0.000369836,0.000369836,603,1,603,603,603,8,1,8,8,8
27,50,0.000301475,1,0.000301475,0.000301475,0.000301475,571,1,571,571,571,7,1,7,7,7
27,50,0.000483316,1,0.000483316,0.000483316,0.000483316,584,1,584,584,584,8,1,8,8,8
27,50,0.000201781,1,0.000201781,0.000201781,0.000201781,481,1,481,481,481,6,1,6,6,6
27,50,0.000444191,1,0.000444191,0.000444191,0.000444191,595,1,595,595,595,9,1,9,9,9
27,50,0.000280964,1,0.000280964,0.000280964,0.000280964,535,1,535,535,535,7,1,7,7,7
27,50,0.000477993,1,0.000477993,0.000477993,0.000477993,645,1,645,645,645,9,1,9,9,9
27,50,0.000555885,1,0.000555885,0.000555885,0.000555885,635,1,635,635,635,9,1,9,9,9
27,50,0.00027236,1,0.00027236,0.00027236,0.00027236,536,1,536,536,536,7,1,7,7,7
27,50,0.000367876,1,0.000367876,0.000367876,0.000367876,544,1,544,544,544,8,1,8,8,8
27,50,0.000275635,1,0.000275635,0.000275635,0.000275635,591,1,591,591,591,8,1,8,8,8
27,50,0.000397509,1,0.000397509,0.000397509,0.000397509,580,1,580,580,580,8,1,8,8,8
27,50,0.000429028,1,0.000429028,0.000429028,0.000429028,590,1,590,590,590,8,1,8,8,8
27,50,0.000501292,1,0.000501292,0.000501292,0.000501292,607,1,607,607,607,9,1,9,9,9
27,50,0.000578952,1,0.000578952,0.000578952,0.000578952,646,1,646,646,646,9,1,9,9,9
27,50,0.000257389,1,0.000257389,0.000257389,0.000257389,524,1,524,524,524,7,1,7,7,7
27,50,0.000396386,1,0.000396386,0.000396386,0.000396386,590,1,590,590,590,8,1,8,8,8
27,50,0.000408771,1,0.000408771,0.000408771,0.000408771,579,1,579,579,579,8,1,8,8,8
27,50,0.000441687,1,0.000441687,0.000441687,0.000441687,605,1,605,605,605,8,1,8,8,8
27,50,0.000460782,1,0.000460782,0.000460782,0.000460782,661,1,661,661,661,8,1,8,8,8
27,50,0.000409879,1,0.000409879,0.000409879,0.000409879,590,1,590,590,590,8,1,8,8,8
27,50,0.000271312,1,0.000271312,0.000271312,0.000271312,521,1,521,521,521,7,1,7,7,7
27,50,0.000372237,1,0.000372237,0.000372237,0.000372237,601,1,601,601,601,7,1,7,7,7
27,50,0.000551751,1,0.000551751,0.000551751,0.000551751,601,1,601,601,601,8,1,8,8,8
27,50,0.000440463,1,0.000440463,0.000440463,0.000440463,606,1,606,606,606,8,1,8,8,8
27,50,0.000292543,1,0.000292543,0.000292543,0.000292543,546,1,546,546,546,7,1,7,7,7
27,50,0.000290772,1,0.000290772,0.000290772,0.000290772,531,1,531,531,531,7,1,7,7,7
27,50,0.000460651,1,0.000460651,0.000460651,0.000460651,629,1,629,629,629,9,1,9,9,9
27,50,0.000537086,1,0.000537086,0.000537086,0.000537086,641,1,641,641,641,8,1,8,8,8
27,50,0.000312269,1,0.000312269,0.000312269,0.000312269,545,1,545,545,545,7,1,7,7,7
27,50,0.000280832,1,0.000280832,0.000280832,0.000280832,532,1,532,532,532,7,1,7,7,7
27,50,0.000304208,1,0.000304208,0.000304208,0.000304208,582,1,582,582,582,7,1,7,7,7
27,50,0.000239986,1,0.000239986,0.000239986,0.000239986,541,1,541,541,541,7,1,7,7,7
27,50,0.000252766,1,0.000252766,0.000252766,0.000252766,542,1,542,542,542,7,1,7,7,7
27,50,0.000187971,1,0.000187971,0.000187971,0.000187971,522,1,522,522,522,7,1,7,7,7
27,50,0.000324255,1,0.000324255,0.000324255,0.000324255,581,1,581,581,581,8,1,8,8,8
27,50,0.0003033,1,0.0003033,0.0003033,0.0003033,536,1,536,536,536,7,1,7,7,7
27,50,0.000405742,1,0.000405742,0.000405742,0.000405742,565,1,565,565,565,8,1,8,8,8
27,50,0.00047576,1,0.00047576,0.00047576,0.00047576,603,1,603,603,603,8,1,8,8,8
27,50,0.000282514,1,0.000282514,0.000282514,0.000282514,545,1,545,545,545,7,1,7,7,7
27,50,0.000421904,1,0.000421904,0.000421904,0.000421904,595,1,595,595,595,8,1,8,8,8
27,50,0.000409415,1,0.000409415,0.000409415,0.000409415,593,1,593,593,593,8,1,8,8,8
27,50,0.000358792,1,0.000358792,0.000358792,0.000358792,608,1,608,608,608,7,1,7,7,7
27,50,0.00035049,1,0.00035049,0.00035049,0.00035049,556,1,556,556,556,8,1,8,8,8
27,50,0.000359463,1,0.000359463,0.000359463,0.000359463,568,1,568,568,568,8,1,8,8,8
27,50,0.000509977,1,0.000509977,0.000509977,0.000509977,660,1,660,660,660,9,1,9,9,9
27,50,0.000408169,1,0.000408169,0.000408169,0.000408169,604,1,604,604,604,8,1,8,8,8
27,50,0.000531543,1,0.000531543,0.000531543,0.000531543,627,1,627,627,627,9,1,9,9,9
27,50,0.000303356,1,0.000303356,0.000303356,0.000303356,550,1,550,550,550,7,1,7,7,7
27,50,0.000367849,1,0.000367849,0.000367849,0.000367849,590,1,590,590,590,8,1,8,8,8
27,50,0.000326909,1,0.000326909,0.000326909,0.000326909,546,1,546,546,546,7,1,7,7,7
27,50,0.000415074,1,0.000415074,0.000415074,0.000415074,591,1,591,591,591,8,1,8,8,8
27,50,0.000297425,1,0.000297425,0.000297425,0.000297425,531,1,531,531,531,7,1,7,7,7
27,50,0.00050515,1,0.00050515,0.00050515,0.00050515,608,1,608,608,608,8,1,8,8,8
27,50,0.00039416,1,0.00039416,0.00039416,0.00039416,608,1,608,608,608,8,1,8,8,8
27,50,0.000433627,1,0.000433627,0.000433627,0.000433627,607,1,607,607,607,8,1,8,8,8
27,50,0.000482302,1,0.000482302,0.000482302,0.000482302,577,1,577,577,577,8,1,8,8,8
27,50,0.000620396,1,0.000620396,0.000620396,0.000620396,640,1,640,640,640,9,1,9,9,9
27,50,0.000435579,1,0.000435579,0.000435579,0.000435579,618,1,618,618,618,8,1,8,8,8
27,50,0.00027688,1,0.00027688,0.00027688,0.00027688,567,1,567,567,567,7,1,7,7,7
27,50,0.000538128,1,0.000538128,0.000538128,0.000538128,656,1,656,656,656,8,1,8,8,8
27,50,0.000467751,1,0.000467751,0.000467751,0.000467751,596,1,596,596,596,8,1,8,8,8
27,50,0.00049534,1,0.00049534,0.00049534,0.00049534,587,1,587,587,587,8,1,8,8,8
27,50,0.000297036,1,0.000297036,0.000297036,0.000297036,559,1,559,559,559,7,1,7,7,7
27,50,0.000307792,1,0.000307792,0.000307792,0.000307792,550,1,550,550,550,7,1,7,7,7
27,50,0.000645524,1,0.000645524,0.000645524,0.000645524,682,1,682,682,682,9,1,9,9,9
27,50,0.000594284,1,0.000594284,0.000594284,0.000594284,679,1,679,679,679,9,1,9,9,9
27,50,0.000418543,1,0.000418543,0.000418543,0.000418543,644,1,644,644,644,8,1,8,8,8
27,50,0.00053418,1,0.00053418,0.00053418,0.00053418,643,1,643,643,643,9,1,9,9,9
27,50,0.000299343,1,0.000299343,0.000299343,0.000299343,562,1,562,562,562,7,1,7,7,7
27,50,0.000476743,1,0.000476743,0.000476743,0.000476743,594,1,594,594,594,8,1,8,8,8
27,50,0.000480536,1,0.000480536,0.000480536,0.000480536,632,1,632,632,632,8,1,8,8,8
27,50,0.000679091,1,0.000679091,0.000679091,0.000679091,708,1,708,708,708,10,1,10,10,10
27,50,0.000390198,1,0.000390198,0.000390198,0.000390198,593,1,593,593,593,8,1,8,8,8
27,50,0.000369969,1,0.000369969,0.000369969,0.000369969,583,1,583,583,583,8,1,8,8,8
27,50,0.000353336,1,0.000353336,0.000353336,0.000353336,593,1,593,593,593,8,1,8,8,8
27,50,0.0003824,1,0.0003824,0.0003824,0.0003824,584,1,584,584,584,8,1,8,8,8
27,50,0.000349779,1,0.000349779,0.000349779,0.000349779,566,1,566,566,566,8,1,8,8,8
27,50,0.000182843,1,0.000182843,0.000182843,0.000182843,529,1,529,529,529,7,1,7,7,7
27,50,0.000557384,1,0.000557384,0.000557384,0.000557384,629,1,629,629,629,9,1,9,9,9
27,50,0.000412196,1,0.000412196,0.000412196,0.000412196,586,1,586,586,586,8,1,8,8,8
27,50,0.000353104,1,0.000353104,0.000353104,0.000353104,562,1,562,562,562,7,1,7,7,7
27,50,0.000282927,1,0.000282927,0.000282927,0.000282927,525,1,525,525,525,7,1,7,7,7
27,50,0.000311239,1,0.000311239,0.000311239,0.000311239,519,1,519,519,519,7,1,7,7,7
27,50,0.000374871,1,0.000374871,0.000374871,0.000374871,601,1,601,601,601,8,1,8,8,8
27,50,0.000318414,1,0.000318414,0.000318414,0.000318414,565,1,565,565,565,7,1,7,7,7
27,50,0.000398008,1,0.000398008,0.000398008,0.000398008,581,1,581,581,581,8,1,8,8,8
27,50,0.000320423,1,0.000320423,0.000320423,0.000320423,543,1,543,543,543,7,1,7,7,7
27,50,0.000416149,1,0.000416149,0.000416149,0.000416149,605,1,605,605,605,8,1,8,8,8
27,50,0.000368347,1,0.000368347,0.000368347,0.000368347,591,1,591,591,591,8,1,8,8,8
27,50,0.000294294,1,0.000294294,0.000294294,0.000294294,527,1,527,527,527,7,1,7,7,7
27,50,0.000413194,1,0.000413194,0.000413194,0.000413194,595,1,595,595,595,8,1,8,8,8
27,50,0.000342845,1,0.000342845,0.000342845,0.000342845,614,1,614,614,614,8,1,8,8,8
27,50,0.000615988,1,0.000615988,0.000615988,0.000615988,697,1,697,697,697,9,1,9,9,9
27,50,0.000364096,1,0.000364096,0.000364096,0.000364096,571,1,571,571,571,7,1,7,7,7
27,50,0.000156303,1,0.000156303,0.000156303,0.000156303,505,1,505,505,505,6,1,6,6,6
27,50,0.000399196,1,0.000399196,0.000399196,0.000399196,563,1,563,563,563,8,1,8,8,8
27,50,0.000322408,1,0.000322408,0.000322408,0.000322408,626,1,626,626,626,7,1,7,7,7
27,50,0.000379064,1,0.000379064,0.000379064,0.000379064,568,1,568,568,568,8,1,8,8,8
27,50,0.000350188,1,0.000350188,0.000350188,0.000350188,547,1,547,547,547,7,1,7,7,7
27,50,0.000278844,1,0.000278844,0.000278844,0.000278844,530,1,530,530,530,7,1,7,7,7
27,50,0.000228706,1,0.000228706,0.000228706,0.000228706,502,1,502,502,502,7,1,7,7,7
27,50,0.00039525,1,0.00039525,0.00039525,0.00039525,573,1,573,573,573,8,1,8,8,8
27,50,0.000522419,1,0.000522419,0.000522419,0.000522419,631,1,631,631,631,8,1,8,8,8
27,50,0.00031324,1,0.00031324,0.00031324,0.00031324,565,1,565,565,565,7,1,7,7,7
27,50,0.00044868,1,0.00044868,0.00044868,0.00044868,666,1,666,666,666,8,1,8,8,8
27,50,0.000437196,1,0.000437196,0.000437196,0.000437196,579,1,579,579,579,8,1,8,8,8
27,50,0.000358915,1,0.000358915,0.000358915,0.000358915,590,1,590,590,590,8,1,8,8,8
27,50,0.000322529,1,0.000322529,0.000322529,0.000322529,569,1,569,569,569,8,1,8,8,8
27,50,0.000268765,1,0.000268765,0.000268765,0.000268765,557,1,557,557,557,7,1,7,7,7
27,50,0.00050635,1,0.00050635,0.00050635,0.00050635,636,1,636,636,636,9,1,9,9,9
27,50,0.000471406,1,0.000471406,0.000471406,0.000471406,629,1,629,629,629,8,1,8,8,8
27,50,0.000405384,1,0.000405384,0.000405384,0.000405384,596,1,596,596,596,8,1,8,8,8
27,50,0.000439857,1,0.000439857,0.000439857,0.000439857,615,1,615,615,615,8,1,8,8,8
27,50,0.000373921,1,0.000373921,0.000373921,0.000373921,578,1,578,578,578,8,1,8,8,8
27,50,0.00053385,1,0.00053385,0.00053385,0.00053385,635,1,635,635,635,8,1,8,8,8
27,50,0.00046616,1,0.00046616,0.00046616,0.00046616,609,1,609,609,609,8,1,8,8,8
27,50,0.00050237,1,0.00050237,0.00050237,0.00050237,634,1,634,634,634,8,1,8,8,8
27,50,0.000269659,1,0.000269659,0.000269659,0.000269659,542,1,542,542,542,7,1,7,7,7
27,50,0.000373222,1,0.000373222,0.000373222,0.000373222,580,1,580,580,580,8,1,8,8,8
27,50,0.000381686,1,0.000381686,0.000381686,0.000381686,591,1,591,591,591,8,1,8,8,8
27,50,0.000617869,1,0.000617869,0.000617869,0.000617869,662,1,662,662,662,9,1,9,9,9
27,50,0.000377794,1,0.000377794,0.000377794,0.000377794,593,1,593,593,593,7,1,7,7,7
27,50,0.000287584,1,0.000287584,0.000287584,0.000287584,534,1,534,534,534,7,1,7,7,7
27,50,0.00050066,1,0.00050066,0.00050066,0.00050066,617,1,617,617,617,9,1,9,9,9
27,50,0.00042971,1,0.00042971,0.00042971,0.00042971,595,1,595,595,595,8,1,8,8,8
27,50,0.000196818,1,0.000196818,0.000196818,0.000196818,528,1,528,528,528,6,1,6,6,6
27,50,0.000342038,1,0.000342038,0.000342038,0.000342038,604,1,604,604,604,8,1,8,8,8
27,50,0.000465959,1,0.000465959,0.000465959,0.000465959,672,1,672,672,672,8,1,8,8,8
27,50,0.000272897,1,0.000272897,0.000272897,0.000272897,531,1,531,531,531,7,1,7,7,7
27,50,0.000340024,1,0.000340024,0.000340024,0.000340024,557,1,557,557,557,8,1,8,8,8
27,50,0.000402771,1,0.000402771,0.000402771,0.000402771,581,1,581,581,581,8,1,8,8,8
27,50,0.000479124,1,0.000479124,0.000479124,0.000479124,695,1,695,695,695,8,1,8,8,8
27,50,0.000470996,1,0.000470996,0.000470996,0.000470996,627,1,627,627,627,8,1,8,8,8
27,50,0.000400128,1,0.000400128,0.000400128,0.000400128,618,1,618,618,618,8,1,8,8,8
27,50,0.000252932,1,0.000252932,0.000252932,0.000252932,545,1,545,545,545,7,1,7,7,7
27,50,0.000396081,1,0.000396081,0.000396081,0.000396081,572,1,572,572,572,8,1,8,8,8
27,50,0.000428991,1,0.000428991,0.000428991,0.000428991,587,1,587,587,587,8,1,8,8,8
27,50,0.000251574,1,0.000251574,0.000251574,0.000251574,515,1,515,515,515,7,1,7,7,7
27,50,0.000564277,1,0.000564277,0.000564277,0.000564277,649,1,649,649,649,9,1,9,9,9
27,50,0.000526347,1,0.000526347,0.000526347,0.000526347,641,1,641,641,641,9,1,9,9,9
27,50,0.000372763,1,0.000372763,0.000372763,0.000372763,584,1,584,584,584,8,1,8,8,8
27,50,0.00035999,1,0.00035999,0.00035999,0.00035999,560,1,560,560,560,8,1,8,8,8
27,50,0.000345709,1,0.000345709,0.000345709,0.000345709,557,1,557,557,557,7,1,7,7,7
27,50,0.000255322,1,0.000255322,0.000255322,0.000255322,556,1,556,556,556,7,1,7,7,7
27,50,0.000574982,1,0.000574982,0.000574982,0.000574982,631,1,631,631,631,8,1,8,8,8
27,50,0.000264069,1,0.000264069,0.000264069,0.000264069,526,1,526,526,526,7,1,7,7,7
27,50,0.000336866,1,0.000336866,0.000336866,0.000336866,531,1,531,531,531,7,1,7,7,7
27,50,0.000300991,1,0.000300991,0.000300991,0.000300991,538,1,538,538,538,7,1,7,7,7
27,50,0.000463342,1,0.000463342,0.000463342,0.000463342,611,1,611,611,611,8,1,8,8,8
27,50,0.000323346,1,0.000323346,0.000323346,0.000323346,555,1,555,555,555,8,1,8,8,8
27,50,0.000361958,1,0.000361958,0.000361958,0.000361958,596,1,596,596,596,8,1,8,8,8
27,50,0.000352469,1,0.000352469,0.000352469,0.000352469,544,1,544,544,544,8,1,8,8,8
27,50,0.000344116,1,0.000344116,0.000344116,0.000344116,558,1,558,558,558,7,1,7,7,7
27,50,0.000253862,1,0.000253862,0.000253862,0.000253862,532,1,532,532,532,7,1,7,7,7
27,50,0.000256536,1,0.000256536,0.000256536,0.000256536,522,1,522,522,522,7,1,7,7,7
27,50,0.00047601,1,0.00047601,0.00047601,0.00047601,601,1,601,601,601,8,1,8,8,8
27,50,0.000313302,1,0.000313302,0.000313302,0.000313302,576,1,576,576,576,8,1,8,8,8
27,50,0.000303117,1,0.000303117,0.000303117,0.000303117,543,1,543,543,543,7,1,7,7,7
27,50,0.000462105,1,0.000462105,0.000462105,0.000462105,595,1,595,595,595,8,1,8,8,8
27,50,0.000373273,1,0.000373273,0.000373273,0.000373273,575,1,575,575,575,8,1,8,8,8
27,50,0.000358789,1,0.000358789,0.000358789,0.000358789,600,1,600,600,600,8,1,8,8,8
27,50,0.000330217,1,0.000330217,0.000330217,0.000330217,585,1,585,585,585,7,1,7,7,7
27,50,0.000382235,1,0.000382235,0.000382235,0.000382235,596,1,596,596,596,8,1,8,8,8
27,50,0.000353042,1,0.000353042,0.000353042,0.000353042,591,1,591,591,591,8,1,8,8,8
27,50,0.000265741,1,0.000265741,0.000265741,0.000265741,525,1,525,525,525,7,1,7,7,7
27,50,0.000286565,1,0.000286565,0.000286565,0.000286565,530,1,530,530,530,7,1,7,7,7
27,50,0.000270543,1,0.000270543,0.000270543,0.000270543,530,1,530,530,530,7,1,7,7,7
27,50,0.000328811,1,0.000328811,0.000328811,0.000328811,586,1,586,586,586,8,1,8,8,8
27,50,0.0003371,1,0.0003371,0.0003371,0.0003371,583,1,583,583,583,8,1,8,8,8
27,50,0.000434856,1,0.000434856,0.000434856,0.000434856,639,1,639,639,639,8,1,8,8,8
27,50,0.000303542,1,0.000303542,0.000303542,0.000303542,572,1,572,572,572,7,1,7,7,7
27,50,0.00039209,1,0.00039209,0.00039209,0.00039209,593,1,593,593,593,8,1,8,8,8
27,50,0.000495687,1,0.000495687,0.000495687,0.000495687,638,1,638,638,638,9,1,9,9,9
27,50,0.000395022,1,0.000395022,0.000395022,0.000395022,587,1,587,587,587,8,1,8,8,8
27,50,0.000355688,1,0.000355688,0.000355688,0.000355688,596,1,596,596,596,8,1,8,8,8
27,50,0.000333575,1,0.000333575,0.000333575,0.000333575,587,1,587,587,587,7,1,7,7,7
27,50,0.000405383,1,0.000405383,0.000405383,0.000405383,608,1,608,608,608,8,1,8,8,8
27,50,0.000290934,1,0.000290934,0.000290934,0.000290934,538,1,538,538,538,7,1,7,7,7
27,50,0.000580645,1,0.000580645,0.000580645,0.000580645,639,1,639,639,639,9,1,9,9,9
27,50,0.000481998,1,0.000481998,0.000481998,0.000481998,617,1,617,617,617,8,1,8,8,8
27,50,0.000598605,1,0.000598605,0.000598605,0.000598605,640,1,640,640,640,9,1,9,9,9
27,50,0.000347974,1,0.000347974,0.000347974,0.000347974,601,1,601,601,601,8,1,8,8,8
27,50,0.000290697,1,0.000290697,0.000290697,0.000290697,550,1,550,550,550,7,1,7,7,7
27,50,0.00028152,1,0.00028152,0.00028152,0.00028152,551,1,551,551,551,7,1,7,7,7
27,50,0.000501348,1,0.000501348,0.000501348,0.000501348,632,1,632,632,632,8,1,8,8,8
27,50,0.000286493,1,0.000286493,0.000286493,0.000286493,595,1,595,595,595,8,1,8,8,8
27,50,0.000289571,1,0.000289571,0.000289571,0.000289571,553,1,553,553,553,7,1,7,7,7
27,50,0.00036073,1,0.00036073,0.00036073,0.00036073,569,1,569,569,569,8,1,8,8,8
27,50,0.000430795,1,0.000430795,0.000430795,0.000430795,607,1,607,607,607,8,1,8,8,8
27,50,0.000404823,1,0.000404823,0.000404823,0.000404823,640,1,640,640,640,8,1,8,8,8
27,50,0.000497979,1,0.000497979,0.000497979,0.000497979,607,1,607,607,607,8,1,8,8,8
27,50,0.00032541,1,0.00032541,0.00032541,0.00032541,583,1,583,583,583,7,1,7,7,7
27,50,0.000352607,1,0.000352607,0.000352607,0.000352607,570,1,570,570,570,8,1,8,8,8
27,50,0.000383063,1,0.000383063,0.000383063,0.000383063,624,1,624,624,624,8,1,8,8,8
27,50,0.000649469,1,0.000649469,0.000649469,0.000649469,639,1,639,639,639,9,1,9,9,9
27,50,0.0002835,1,0.0002835,0.0002835,0.0002835,557,1,557,557,557,8,1,8,8,8
27,50,0.000335809,1,0.000335809,0.000335809,0.000335809,592,1,592,592,592,8,1,8,8,8
27,50,0.000278372,1,0.000278372,0.000278372,0.000278372,538,1,538,538,538,7,1,7,7,7
27,50,0.00037286,1,0.00037286,0.00037286,0.00037286,606,1,606,606,606,8,1,8,8,8
27,50,0.00036832,1,0.00036832,0.00036832,0.00036832,591,1,591,591,591,8,1,8,8,8
27,50,0.000323602,1,0.000323602,0.000323602,0.000323602,582,1,582,582,582,8,1,8,8,8
27,50,0.000418224,1,0.000418224,0.000418224,0.000418224,592,1,592,592,592,8,1,8,8,8
27,50,0.00038027,1,0.00038027,0.00038027,0.00038027,564,1,564,564,564,8,1,8,8,8
27,50,0.00040948,1,0.00040948,0.00040948,0.00040948,562,1,562,562,562,8,1,8,8,8
27,50,0.000286197,1,0.000286197,0.000286197,0.000286197,563,1,563,563,563,7,1,7,7,7
27,50,0.000214255,1,0.000214255,0.000214255,0.000214255,528,1,528,528,528,7,1,7,7,7
27,50,0.000446581,1,0.000446581,0.000446581,0.000446581,629,1,629,629,629,8,1,8,8,8
27,50,0.000236109,1,0.000236109,0.000236109,0.000236109,503,1,503,503,503,6,1,6,6,6
27,50,0.000279333,1,0.000279333,0.000279333,0.000279333,532,1,532,532,532,7,1,7,7,7
27,50,0.000305254,1,0.000305254,0.000305254,0.000305254,517,1,517,517,517,7,1,7,7,7
27,50,0.000334205,1,0.000334205,0.000334205,0.000334205,537,1,537,537,537,8,1,8,8,8
27,50,0.000420945,1,0.000420945,0.000420945,0.000420945,604,1,604,604,604,8,1,8,8,8
27,50,0.000389538,1,0.000389538,0.000389538,0.000389538,576,1,576,576,576,8,1,8,8,8
27,50,0.000424409,1,0.000424409,0.000424409,0.000424409,595,1,595,595,595,8,1,8,8,8
27,50,0.000515566,1,0.000515566,0.000515566,0.000515566,610,1,610,610,610,8,1,8,8,8
27,50,0.000227631,1,0.000227631,0.000227631,0.000227631,516,1,516,516,516,7,1,7,7,7
27,50,0.000454438,1,0.000454438,0.000454438,0.000454438,601,1,601,601,601,8,1,8,8,8
27,50,0.000375965,1,0.000375965,0.000375965,0.000375965,596,1,596,596,596,8,1,8,8,8
27,50,0.000434531,1,0.000434531,0.000434531,0.000434531,593,1,593,593,593,8,1,8,8,8
27,50,0.00036295,1,0.00036295,0.00036295,0.00036295,615,1,615,615,615,8,1,8,8,8
27,50,0.000309292,1,0.000309292,0.000309292,0.000309292,545,1,545,545,545,7,1,7,7,7
27,50,0.000256261,1,0.000256261,0.000256261,0.000256261,536,1,536,536,536,7,1,7,7,7
27,50,0.000345816,1,0.000345816,0.000345816,0.000345816,590,1,590,590,590,8,1,8,8,8
27,50,0.000370569,1,0.000370569,0.000370569,0.000370569,623,1,623,623,623,8,1,8,8,8
27,50,0.000264523,1,0.000264523,0.000264523,0.000264523,548,1,548,548,548,7,1,7,7,7
27,50,0.000517413,1,0.000517413,0.000517413,0.000517413,616,1,616,616,616,8,1,8,8,8
27,50,0.000435045,1,0.000435045,0.000435045,0.000435045,589,1,589,589,589,8,1,8,8,8
27,50,0.000240515,1,0.000240515,0.000240515,0.000240515,519,1,519,519,519,7,1,7,7,7
27,50,0.000191478,1,0.000191478,0.000191478,0.000191478,489,1,489,489,489,6,1,6,6,6
27,50,0.00028999,1,0.00028999,0.00028999,0.00028999,536,1,536,536,536,7,1,7,7,7
27,50,0.000361634,1,0.000361634,0.000361634,0.000361634,578,1,578,578,578,8,1,8,8,8
27,50,0.000295929,1,0.000295929,0.000295929,0.000295929,561,1,561,561,561,8,1,8,8,8
27,50,0.000361242,1,0.000361242,0.000361242,0.000361242,591,1,591,591,591,8,1,8,8,8
27,50,0.000505815,1,0.000505815,0.000505815,0.000505815,640,1,640,640,640,8,1,8,8,8
27,50,0.000345459,1,0.000345459,0.000345459,0.000345459,590,1,590,590,590,8,1,8,8,8
27,50,0.000356277,1,0.000356277,0.000356277,0.000356277,579,1,579,579,579,7,1,7,7,7
27,50,0.00044798,1,0.00044798,0.00044798,0.00044798,608,1,608,608,608,8,1,8,8,8
27,50,0.000416844,1,0.000416844,0.000416844,0.000416844,599,1,599,599,599,8,1,8,8,8
27,50,0.000345188,1,0.000345188,0.000345188,0.000345188,595,1,595,595,595,8,1,8,8,8
27,50,0.000365906,1,0.000365906,0.000365906,0.000365906,589,1,589,589,589,8,1,8,8,8
27,50,0.00039221,1,0.00039221,0.00039221,0.00039221,617,1,617,617,617,7,1,7,7,7
27,50,0.000402793,1,0.000402793,0.000402793,0.000402793,545,1,545,545,545,7,1,7,7,7
27,50,0.000540718,1,0.000540718,0.000540718,0.000540718,607,1,607,607,607,8,1,8,8,8
27,50,0.000367021,1,0.000367021,0.000367021,0.000367021,553,1,553,553,553,8,1,8,8,8
27,50,0.000407653,1,0.000407653,0.000407653,0.000407653,610,1,610,610,610,8,1,8,8,8
27,50,0.000243631,1,0.000243631,0.000243631,0.000243631,525,1,525,525,525,7,1,7,7,7
27,50,0.000546632,1,0.000546632,0.000546632,0.000546632,623,1,623,623,623,9,1,9,9,9
27,50,0.000415248,1,0.000415248,0.000415248,0.000415248,582,1,582,582,582,8,1,8,8,8
27,50,0.000262252,1,0.000262252,0.000262252,0.000262252,509,1,509,509,509,7,1,7,7,7
27,50,0.000282789,1,0.000282789,0.000282789,0.000282789,555,1,555,555,555,7,1,7,7,7
27,50,0.000498427,1,0.000498427,0.000498427,0.000498427,594,1,594,594,594,8,1,8,8,8
27,50,0.000213666,1,0.000213666,0.000213666,0.000213666,521,1,521,521,521,7,1,7,7,7
27,50,0.000279399,1,0.000279399,0.000279399,0.000279399,571,1,571,571,571,7,1,7,7,7
27,50,0.00034382,1,0.00034382,0.00034382,0.00034382,576,1,576,576,576,8,1,8,8,8
27,50,0.000436705,1,0.000436705,0.000436705,0.000436705,567,1,567,567,567,8,1,8,8,8
27,50,0.000259242,1,0.000259242,0.000259242,0.000259242,539,1,539,539,539,7,1,7,7,7
27,50,0.00049289,1,0.00049289,0.00049289,0.00049289,661,1,661,661,661,8,1,8,8,8
27,50,0.00042581,1,0.00042581,0.00042581,0.00042581,585,1,585,585,585,8,1,8,8,8
27,50,0.000250931,1,0.000250931,0.000250931,0.000250931,536,1,536,536,536,7,1,7,7,7
27,50,0.000492507,1,0.000492507,0.000492507,0.000492507,657,1,657,657,657,8,1,8,8,8
27,50,0.000265174,1,0.000265174,0.000265174,0.000265174,559,1,559,559,559,7,1,7,7,7
27,50,0.000390825,1,0.000390825,0.000390825,0.000390825,566,1,566,566,566,7,1,7,7,7
27,50,0.000260566,1,0.000260566,0.000260566,0.000260566,536,1,536,536,536,7,1,7,7,7
27,50,0.000296467,1,0.000296467,0.000296467,0.000296467,592,1,592,592,592,8,1,8,8,8
27,50,0.000628862,1,0.000628862,0.000628862,0.000628862,654,1,654,654,654,9,1,9,9,9
27,50,0.000370814,1,0.000370814,0.000370814,0.000370814,578,1,578,578,578,7,1,7,7,7
27,50,0.000293134,1,0.000293134,0.000293134,0.000293134,551,1,551,551,551,8,1,8,8,8
27,50,0.000580277,1,0.000580277,0.000580277,0.000580277,666,1,666,666,666,9,1,9,9,9
27,50,0.000416978,1,0.000416978,0.000416978,0.000416978,572,1,572,572,572,8,1,8,8,8
27,50,0.000334044,1,0.000334044,0.000334044,0.000334044,595,1,595,595,595,8,1,8,8,8
27,50,0.000413815,1,0.000413815,0.000413815,0.000413815,611,1,611,611,611,9,1,9,9,9
27,50,0.000347424,1,0.000347424,0.000347424,0.000347424,575,1,575,575,575,8,1,8,8,8
27,50,0.000453047,1,0.000453047,0.000453047,0.000453047,609,1,609,609,609,8,1,8,8,8
27,50,0.000398657,1,0.000398657,0.000398657,0.000398657,613,1,613,613,613,8,1,8,8,8
27,50,0.000595992,1,0.000595992,0.000595992,0.000595992,628,1,628,628,628,9,1,9,9,9
27,50,0.000455411,1,0.000455411,0.000455411,0.000455411,648,1,648,648,648,8,1,8,8,8
27,50,0.000320343,1,0.000320343,0.000320343,0.000320343,568,1,568,568,568,7,1,7,7,7
27,50,0.000368794,1,0.000368794,0.000368794,0.000368794,582,1,582,582,582,8,1,8,8,8
27,50,0.000226058,1,0.000226058,0.000226058,0.000226058,541,1,541,541,541,7,1,7,7,7
27,50,0.000443611,1,0.000443611,0.000443611,0.000443611,617,1,617,617,617,9,1,9,9,9
27,50,0.000290118,1,0.000290118,0.000290118,0.000290118,539,1,539,539,539,7,1,7,7,7
27,50,0.000270093,1,0.000270093,0.000270093,0.000270093,538,1,538,538,538,7,1,7,7,7
27,50,0.000309083,1,0.000309083,0.000309083,0.000309083,602,1,602,602,602,8,1,8,8,8
27,50,0.000549102,1,0.000549102,0.000549102,0.000549102,641,1,641,641,641,9,1,9,9,9
27,50,0.0002986,1,0.0002986,0.0002986,0.0002986,523,1,523,523,523,7,1,7,7,7
27,50,0.000548333,1,0.000548333,0.000548333,0.000548333,648,1,648,648,648,9,1,9,9,9
27,50,0.000329095,1,0.000329095,0.000329095,0.000329095,614,1,614,614,614,8,1,8,8,8
27,50,0.000275329,1,0.000275329,0.000275329,0.000275329,538,1,538,538,538,7,1,7,7,7
27,50,0.000344444,1,0.000344444,0.000344444,0.000344444,555,1,555,555,555,7,1,7,7,7
27,50,0.000398692,1,0.000398692,0.000398692,0.000398692,621,1,621,621,621,9,1,9,9,9
27,50,0.000445131,1,0.000445131,0.000445131,0.000445131,599,1,599,599,599,8,1,8,8,8
27,50,0.000392499,1,0.000392499,0.000392499,0.000392499,601,1,601,601,601,8,1,8,8,8
27,50,0.000362673,1,0.000362673,0.000362673,0.000362673,610,1,610,610,610,8,1,8,8,8
27,50,0.000444252,1,0.000444252,0.000444252,0.000444252,610,1,610,610,610,8,1,8,8,8
27,50,0.000397414,1,0.000397414,0.000397414,0.000397414,603,1,603,603,603,8,1,8,8,8
27,50,0.00065468,1,0.00065468,0.00065468,0.00065468,670,1,670,670,670,9,1,9,9,9
27,50,0.00039007,1,0.00039007,0.00039007,0.00039007,602,1,602,602,602,8,1,8,8,8
27,50,0.000313821,1,0.000313821,0.000313821,0.000313821,536,1,536,536,536,7,1,7,7,7
27,50,0.000393598,1,0.000393598,0.000393598,0.000393598,593,1,593,593,593,8,1,8,8,8
27,50,0.000388586,1,0.000388586,0.000388586,0.000388586,577,1,577,577,577,8,1,8,8,8
27,50,0.00034776,1,0.00034776,0.00034776,0.00034776,555,1,555,555,555,8,1,8,8,8
27,50,0.000537976,1,0.000537976,0.000537976,0.000537976,606,1,606,606,606,8,1,8,8,8
27,50,0.000503632,1,0.000503632,0.000503632,0.000503632,621,1,621,621,621,8,1,8,8,8
27,50,0.000305872,1,0.000305872,0.000305872,0.000305872,526,1,526,526,526,7,1,7,7,7
27,50,0.000334728,1,0.000334728,0.000334728,0.000334728,561,1,561,561,561,7,1,7,7,7
27,50,0.000330132,1,0.000330132,0.000330132,0.000330132,575,1,575,575,575,8,1,8,8,8
27,50,0.000481574,1,0.000481574,0.000481574,0.000481574,639,1,639,639,639,9,1,9,9,9
27,50,0.00055302,1,0.00055302,0.00055302,0.00055302,655,1,655,655,655,9,1,9,9,9
27,50,0.000402506,1,0.000402506,0.000402506,0.000402506,592,1,592,592,592,8,1,8,8,8
27,50,0.000448823,1,0.000448823,0.000448823,0.000448823,614,1,614,614,614,8,1,8,8,8
27,50,0.000409444,1,0.000409444,0.000409444,0.000409444,646,1,646,646,646,8,1,8,8,8
27,50,0.000253451,1,0.000253451,0.000253451,0.000253451,533,1,533,533,533,7,1,7,7,7
27,50,0.000318747,1,0.000318747,0.000318747,0.000318747,602,1,602,602,602,8,1,8,8,8
27,50,0.000313005,1,0.000313005,0.000313005,0.000313005,562,1,562,562,562,7,1,7,7,7
27,50,0.000278478,1,0.000278478,0.000278478,0.000278478,547,1,547,547,547,7,1,7,7,7
27,50,0.000386731,1,0.000386731,0.000386731,0.000386731,587,1,587,587,587,8,1,8,8,8
27,50,0.000308615,1,0.000308615,0.000308615,0.000308615,560,1,560,560,560,8,1,8,8,8
27,50,0.000375724,1,0.000375724,0.000375724,0.000375724,589,1,589,589,589,8,1,8,8,8
27,50,0.000276921,1,0.000276921,0.000276921,0.000276921,556,1,556,556,556,8,1,8,8,8
27,50,0.000345134,1,0.000345134,0.000345134,0.000345134,602,1,602,602,602,8,1,8,8,8
27,50,0.000378657,1,0.000378657,0.000378657,0.000378657,615,1,615,615,615,8,1,8,8,8
27,50,0.000497701,1,0.000497701,0.000497701,0.000497701,659,1,659,659,659,8,1,8,8,8
27,50,0.000380794,1,0.000380794,0.000380794,0.000380794,631,1,631,631,631,8,1,8,8,8
27,50,0.000265201,1,0.000265201,0.000265201,0.000265201,546,1,546,546,546,7,1,7,7,7
27,50,0.000429289,1,0.000429289,0.000429289,0.000429289,594,1,594,594,594,7,1,7,7,7
27,50,0.000657123,1,0.000657123,0.000657123,0.000657123,667,1,667,667,667,9,1,9,9,9
27,50,0.000370202,1,0.000370202,0.000370202,0.000370202,564,1,564,564,564,8,1,8,8,8
27,50,0.000326702,1,0.000326702,0.000326702,0.000326702,588,1,588,588,588,8,1,8,8,8
27,50,0.000249289,1,0.000249289,0.000249289,0.000249289,548,1,548,548,548,7,1,7,7,7
27,50,0.000332685,1,0.000332685,0.000332685,0.000332685,603,1,603,603,603,7,1,7,7,7
27,50,0.000310976,1,0.000310976,0.000310976,0.000310976,576,1,576,576,576,8,1,8,8,8
27,50,0.000325947,1,0.000325947,0.000325947,0.000325947,564,1,564,564,564,7,1,7,7,7
27,50,0.000236484,1,0.000236484,0.000236484,0.000236484,525,1,525,525,525,7,1,7,7,7
27,50,0.000398182,1,0.000398182,0.000398182,0.000398182,579,1,579,579,579,8,1,8,8,8
27,50,0.000485821,1,0.000485821,0.000485821,0.000485821,648,1,648,648,648,8,1,8,8,8
27,50,0.000345311,1,0.000345311,0.000345311,0.000345311,582,1,582,582,582,8,1,8,8,8
27,50,0.000322438,1,0.000322438,0.000322438,0.000322438,520,1,520,520,520,7,1,7,7,7
27,50,0.000305549,1,0.000305549,0.000305549,0.000305549,520,1,520,520,520,7,1,7,7,7
27,50,0.000527515,1,0.000527515,0.000527515,0.000527515,648,1,648,648,648,9,1,9,9,9
27,50,0.000527776,1,0.000527776,0.000527776,0.000527776,615,1,615,615,615,9,1,9,9,9
27,50,0.000338708,1,0.000338708,0.000338708,0.000338708,605,1,605,605,605,8,1,8,8,8
27,50,0.000555984,1,0.000555984,0.000555984,0.000555984,678,1,678,678,678,9,1,9,9,9
27,50,0.000263822,1,0.000263822,0.000263822,0.000263822,530,1,530,530,530,7,1,7,7,7
27,50,0.000275994,1,0.000275994,0.000275994,0.000275994,555,1,555,555,555,7,1,7,7,7
27,50,0.000276037,1,0.000276037,0.000276037,0.000276037,546,1,546,546,546,7,1,7,7,7
27,50,0.000372744,1,0.000372744,0.000372744,0.000372744,602,1,602,602,602,8,1,8,8,8
27,50,0.000383418,1,0.000383418,0.000383418,0.000383418,597,1,597,597,597,8,1,8,8,8
27,50,0.000215499,1,0.000215499,0.000215499,0.000215499,531,1,531,531,531,7,1,7,7,7
27,50,0.000437307,1,0.000437307,0.000437307,0.000437307,628,1,628,628,628,8,1,8,8,8
27,50,0.000447391,1,0.000447391,0.000447391,0.000447391,621,1,621,621,621,8,1,8,8,8
27,50,0.000330073,1,0.000330073,0.000330073,0.000330073,534,1,534,534,534,8,1,8,8,8
27,50,0.000434779,1,0.000434779,0.000434779,0.000434779,614,1,614,614,614,8,1,8,8,8
27,50,0.000428645,1,0.000428645,0.000428645,0.000428645,610,1,610,610,610,8,1,8,8,8
27,50,0.000356307,1,0.000356307,0.000356307,0.000356307,582,1,582,582,582,8,1,8,8,8
27,50,0.000447233,1,0.000447233,0.000447233,0.000447233,636,1,636,636,636,8,1,8,8,8
27,50,0.000283118,1,0.000283118,0.000283118,0.000283118,527,1,527,527,527,7,1,7,7,7
27,50,0.000460677,1,0.000460677,0.000460677,0.000460677,593,1,593,593,593,8,1,8,8,8
27,50,0.000543142,1,0.000543142,0.000543142,0.000543142,611,1,611,611,611,9,1,9,9,9
27,50,0.00035766,1,0.00035766,0.00035766,0.00035766,587,1,587,587,587,8,1,8,8,8
27,50,0.000389893,1,0.000389893,0.000389893,0.000389893,580,1,580,580,580,8,1,8,8,8
27,50,0.000406877,1,0.000406877,0.000406877,0.000406877,581,1,581,581,581,8,1,8,8,8
27,50,0.0006518,1,0.0006518,0.0006518,0.0006518,644,1,644,644,644,9,1,9,9,9
27,50,0.000329068,1,0.000329068,0.000329068,0.000329068,564,1,564,564,564,8,1,8,8,8
27,50,0.000497565,1,0.000497565,0.000497565,0.000497565,598,1,598,598,598,8,1,8,8,8
27,50,0.000448699,1,0.000448699,0.000448699,0.000448699,590,1,590,590,590,8,1,8,8,8
27,50,0.000392305,1,0.000392305,0.000392305,0.000392305,608,1,608,608,608,8,1,8,8,8
27,50,0.000325641,1,0.000325641,0.000325641,0.000325641,557,1,557,557,557,8,1,8,8,8
27,50,0.000344473,1,0.000344473,0.000344473,0.000344473,583,1,583,583,583,8,1,8,8,8
27,50,0.000401864,1,0.000401864,0.000401864,0.000401864,589,1,589,589,589,8,1,8,8,8
27,50,0.000375056,1,0.000375056,0.000375056,0.000375056,584,1,584,584,584,8,1,8,8,8
27,50,0.000440182,1,0.000440182,0.000440182,0.000440182,572,1,572,572,572,8,1,8,8,8
27,50,0.000383799,1,0.000383799,0.000383799,0.000383799,569,1,569,569,569,8,1,8,8,8
27,50,0.00041546,1,0.00041546,0.00041546,0.00041546,613,1,613,613,613,8,1,8,8,8
27,50,0.000306678,1,0.000306678,0.000306678,0.000306678,571,1,571,571,571,7,1,7,7,7
27,50,0.000359842,1,0.000359842,0.000359842,0.000359842,581,1,581,581,581,8,1,8,8,8
27,50,0.000232913,1,0.000232913,0.000232913,0.000232913,575,1,575,575,575,7,1,7,7,7
27,50,0.000267779,1,0.000267779,0.000267779,0.000267779,494,1,494,494,494,6,1,6,6,6
27,50,0.0002097,1,0.0002097,0.0002097,0.0002097,502,1,502,502,502,7,1,7,7,7
27,50,0.000385836,1,0.000385836,0.000385836,0.000385836,610,1,610,610,610,8,1,8,8,8
27,50,0.000452588,1,0.000452588,0.000452588,0.000452588,599,1,599,599,599,8,1,8,8,8
27,50,0.000274864,1,0.000274864,0.000274864,0.000274864,545,1,545,545,545,7,1,7,7,7
27,50,0.000388204,1,0.000388204,0.000388204,0.000388204,569,1,569,569,569,8,1,8,8,8
27,50,0.000319291,1,0.000319291,0.000319291,0.000319291,526,1,526,526,526,7,1,7,7,7
27,50,0.000305564,1,0.000305564,0.000305564,0.000305564,544,1,544,544,544,7,1,7,7,7
27,50,0.00052482,1,0.00052482,0.00052482,0.00052482,639,1,639,639,639,9,1,9,9,9
27,50,0.000330382,1,0.000330382,0.000330382,0.000330382,576,1,576,576,576,7,1,7,7,7
27,50,0.000390495,1,0.000390495,0.000390495,0.000390495,571,1,571,571,571,8,1,8,8,8
27,50,0.000357291,1,0.000357291,0.000357291,0.000357291,593,1,593,593,593,8,1,8,8,8
27,50,0.000306735,1,0.000306735,0.000306735,0.000306735,566,1,566,566,566,7,1,7,7,7
27,50,0.000451289,1,0.000451289,0.000451289,0.000451289,598,1,598,598,598,8,1,8,8,8
27,50,0.00038896,1,0.00038896,0.00038896,0.00038896,562,1,562,562,562,8,1,8,8,8
27,50,0.000388824,1,0.000388824,0.000388824,0.000388824,582,1,582,582,582,8,1,8,8,8
27,50,0.000335129,1,0.000335129,0.000335129,0.000335129,577,1,577,577,577,8,1,8,8,8
27,50,0.000489688,1,0.000489688,0.000489688,0.000489688,626,1,626,626,626,8,1,8,8,8
27,50,0.000314145,1,0.000314145,0.000314145,0.000314145,534,1,534,534,534,7,1,7,7,7
27,50,0.000545395,1,0.000545395,0.000545395,0.000545395,670,1,670,670,670,9,1,9,9,9
27,50,0.000371955,1,0.000371955,0.000371955,0.000371955,586,1,586,586,586,8,1,8,8,8
27,50,0.000468798,1,0.000468798,0.000468798,0.000468798,592,1,592,592,592,8,1,8,8,8
27,50,0.000346346,1,0.000346346,0.000346346,0.000346346,558,1,558,558,558,8,1,8,8,8
27,50,0.000452367,1,0.000452367,0.000452367,0.000452367,588,1,588,588,588,7,1,7,7,7
27,50,0.000353136,1,0.000353136,0.000353136,0.000353136,566,1,566,566,566,8,1,8,8,8
27,50,0.000293115,1,0.000293115,0.000293115,0.000293115,587,1,587,587,587,8,1,8,8,8
27,50,0.000372309,1,0.000372309,0.000372309,0.000372309,604,1,604,604,604,8,1,8,8,8
27,50,0.000448541,1,0.000448541,0.000448541,0.000448541,594,1,594,594,594,8,1,8,8,8
27,50,0.000510844,1,0.000510844,0.000510844,0.000510844,666,1,666,666,666,7,1,7,7,7
27,50,0.000410989,1,0.000410989,0.000410989,0.000410989,595,1,595,595,595,8,1,8,8,8
27,50,0.000388984,1,0.000388984,0.000388984,0.000388984,583,1,583,583,583,8,1,8,8,8
27,50,0.000191779,1,0.000191779,0.000191779,0.000191779,486,1,486,486,486,6,1,6,6,6
27,50,0.000347307,1,0.000347307,0.000347307,0.000347307,591,1,591,591,591,8,1,8,8,8
27,50,0.000408456,1,0.000408456,0.000408456,0.000408456,599,1,599,599,599,8,1,8,8,8
27,50,0.00028248,1,0.00028248,0.00028248,0.00028248,553,1,553,553,553,7,1,7,7,7
27,50,0.000256962,1,0.000256962,0.000256962,0.000256962,546,1,546,546,546,7,1,7,7,7
27,50,0.000447853,1,0.000447853,0.000447853,0.000447853,626,1,626,626,626,9,1,9,9,9
27,50,0.000372646,1,0.000372646,0.000372646,0.000372646,564,1,564,564,564,8,1,8,8,8
27,50,0.000338069,1,0.000338069,0.000338069,0.000338069,544,1,544,544,544,7,1,7,7,7
27,50,0.000357867,1,0.000357867,0.000357867,0.000357867,581,1,581,581,581,8,1,8,8,8
27,50,0.000278463,1,0.000278463,0.000278463,0.000278463,515,1,515,515,515,7,1,7,7,7
27,50,0.000301515,1,0.000301515,0.000301515,0.000301515,582,1,582,582,582,8,1,8,8,8
27,50,0.000539819,1,0.000539819,0.000539819,0.000539819,634,1,634,634,634,8,1,8,8,8
27,50,0.000345748,1,0.000345748,0.000345748,0.000345748,586,1,586,586,586,8,1,8,8,8
27,50,0.000293969,1,0.000293969,0.000293969,0.000293969,574,1,574,574,574,8,1,8,8,8
27,50,0.000574291,1,0.000574291,0.000574291,0.000574291,643,1,643,643,643,9,1,9,9,9
27,50,0.000319327,1,0.000319327,0.000319327,0.000319327,541,1,541,541,541,7,1,7,7,7
27,50,0.00051982,1,0.00051982,0.00051982,0.00051982,634,1,634,634,634,9,1,9,9,9
27,50,0.000307914,1,0.000307914,0.000307914,0.000307914,592,1,592,592,592,7,1,7,7,7
