n,p,time_total,time_count,time_mean,time_min,time_max,steps_total,steps_count,steps_mean,steps_min,steps_max,number_total,number_count,number_mean,number_min,number_max
28,90,0.000975132,1,0.000975132,0.000975132,0.000975132,958,1,958,958,958,14,1,14,14,14
28,90,0.00130788,1,0.00130788,0.00130788,0.00130788,1037,1,1037,1037,1037,15,1,15,15,15
28,90,0.00156605,1,0.00156605,0.00156605,0.00156605,1091,1,1091,1091,1091,16,1,16,16,16
28,90,0.00120534,1,0.00120534,0.00120534,0.00120534,1022,1,1022,1022,1022,15,1,15,15,15
28,90,0.00132197,1,0.00132197,0.00132197,0.00132197,1065,1,1065,1065,1065,15,1,15,15,15
28,90,0.00127949,1,0.00127949,0.00127949,0.00127949,1014,1,1014,1014,1014,15,1,15,15,15
28,90,0.00204439,1,0.00204439,0.00204439,0.00204439,1167,1,1167,1167,1167,17,1,17,17,17
28,90,0.00159226,1,0.00159226,0.00159226,0.00159226,1091,1,1091,1091,1091,16,1,16,16,16
28,90,0.00110456,1,0.00110456,0.00110456,0.00110456,1033,1,1033,1033,1033,15,1,15,15,15
28,90,0.0011682,1,0.0011682,0.0011682,0.0011682,1036,1,1036,1036,1036,15,1,15,15,15
28,90,0.00168276,1,0.00168276,0.00168276,0.00168276,1073,1,1073,1073,1073,16,1,16,16,16
28,90,0.00165179,1,0.00165179,0.00165179,0.00165179,1085,1,1085,1085,1085,16,1,16,16,16
28,90,0.00186425,1,0.00186425,0.00186425,0.00186425,1163,1,1163,1163,1163,17,1,17,17,17
28,90,0.00159883,1,0.00159883,0.00159883,0.00159883,1113,1,1113,1113,1113,16,1,16,16,16
28,90,0.00155603,1,0.00155603,0.00155603,0.00155603,1085,1,1085,1085,1085,16,1,16,16,16
28,90,0.00204926,1,0.00204926,0.00204926,0.00204926,1132,1,1132,1132,1132,17,1,17,17,17
28,90,0.00131811,1,0.00131811,0.00131811,0.00131811,1000,1,1000,1000,1000,15,1,15,15,15
28,90,0.00137444,1,0.00137444,0.00137444,0.00137444,998,1,998,998,998,15,1,15,15,15
28,90,0.00155744,1,0.00155744,0.00155744,0.00155744,1099,1,1099,1099,1099,16,1,16,16,16
28,90,0.00182335,1,0.00182335,0.00182335,0.00182335,1169,1,1169,1169,1169,17,1,17,17,17
28,90,0.00192299,1,0.00192299,0.00192299,0.00192299,1168,1,1168,1168,1168,17,1,17,17,17
28,90,0.00168958,1,0.00168958,0.00168958,0.00168958,1103,1,1103,1103,1103,16,1,16,16,16
28,90,0.00169937,1,0.00169937,0.00169937,0.00169937,1068,1,1068,1068,1068,16,1,16,16,16
28,90,0.00147271,1,0.00147271,0.00147271,0.00147271,1002,1,1002,1002,1002,15,1,15,15,15
28,90,0.00175637,1,0.00175637,0.00175637,0.00175637,1075,1,1075,1075,1075,16,1,16,16,16
28,90,0.00109873,1,0.00109873,0.00109873,0.00109873,929,1,929,929,929,14,1,14,14,14
28,90,0.00240207,1,0.00240207,0.00240207,0.00240207,1243,1,1243,1243,1243,18,1,18,18,18
28,90,0.00162524,1,0.00162524,0.00162524,0.00162524,1100,1,1100,1100,1100,16,1,16,16,16
28,90,0.00165041,1,0.00165041,0.00165041,0.00165041,1103,1,1103,1103,1103,16,1,16,16,16
28,90,0.00234867,1,0.00234867,0.00234867,0.00234867,1253,1,1253,1253,1253,18,1,18,18,18
28,90,0.00183241,1,0.00183241,0.00183241,0.00183241,1174,1,1174,1174,1174,17,1,17,17,17
28,90,0.000990473,1,0.000990473,0.000990473,0.000990473,958,1,958,958,958,14,1,14,14,14
28,90,0.00157691,1,0.00157691,0.00157691,0.00157691,1000,1,1000,1000,1000,15,1,15,15,15
28,90,0.00158535,1,0.00158535,0.00158535,0.00158535,1115,1,1115,1115,1115,16,1,16,16,16
28,90,0.00100122,1,0.00100122,0.00100122,0.00100122,868,1,868,868,868,13,1,13,13,13
28,90,0.000914372,1,0.000914372,0.000914372,0.000914372,965,1,965,965,965,14,1,14,14,14
28,90,0.00183459,1,0.00183459,0.00183459,0.00183459,1091,1,1091,1091,1091,16,1,16,16,16
28,90,0.00166562,1,0.00166562,0.00166562,0.00166562,1101,1,1101,1101,1101,16,1,16,16,16
28,90,0.00131101,1,0.00131101,0.00131101,0.00131101,1029,1,1029,1029,1029,15,1,15,15,15
28,90,0.00139498,1,0.00139498,0.00139498,0.00139498,1015,1,1015,1015,1015,15,1,15,15,15
28,90,0.00122342,1,0.00122342,0.00122342,0.00122342,932,1,932,932,932,14,1,14,14,14
28,90,0.00136954,1,0.00136954,0.00136954,0.00136954,1021,1,1021,1021,1021,15,1,15,15,15
28,90,0.00140851,1,0.00140851,0.00140851,0.00140851,1015,1,1015,1015,1015,15,1,15,15,15
28,90,0.00109719,1,0.00109719,0.00109719,0.00109719,952,1,952,952,952,14,1,14,14,14
28,90,0.00203898,1,0.00203898,0.00203898,0.00203898,1162,1,1162,1162,1162,17,1,17,17,17
28,90,0.00177092,1,0.00177092,0.00177092,0.00177092,1101,1,1101,1101,1101,16,1,16,16,16
28,90,0.00178782,1,0.00178782,0.00178782,0.00178782,1064,1,1064,1064,1064,16,1,16,16,16
28,90,0.00141573,1,0.00141573,0.00141573,0.00141573,1092,1,1092,1092,1092,16,1,16,16,16
28,90,0.00185903,1,0.00185903,0.00185903,0.00185903,1067,1,1067,1067,1067,16,1,16,16,16
28,90,0.00171193,1,0.00171193,0.00171193,0.00171193,1094,1,1094,1094,1094,16,1,16,16,16
28,90,0.000926283,1,0.000926283,0.000926283,0.000926283,956,1,956,956,956,14,1,14,14,14
28,90,0.00170215,1,0.00170215,0.00170215,0.00170215,1098,1,1098,1098,1098,16,1,16,16,16
28,90,0.00174753,1,0.00174753,0.00174753,0.00174753,1073,1,1073,1073,1073,16,1,16,16,16
28,90,0.0015736,1,0.0015736,0.0015736,0.0015736,1093,1,1093,1093,1093,16,1,16,16,16
28,90,0.00151244,1,0.00151244,0.00151244,0.00151244,1003,1,1003,1003,1003,15,1,15,15,15
28,90,0.00208379,1,0.00208379,0.00208379,0.00208379,1155,1,1155,1155,1155,17,1,17,17,17
28,90,0.00148537,1,0.00148537,0.00148537,0.00148537,1004,1,1004,1004,1004,15,1,15,15,15
28,90,0.00251721,1,0.00251721,0.00251721,0.00251721,1265,1,1265,1265,1265,18,1,18,18,18
28,90,0.00211518,1,0.00211518,0.00211518,0.00211518,1171,1,1171,1171,1171,17,1,17,17,17
28,90,0.00159213,1,0.00159213,0.00159213,0.00159213,1102,1,1102,1102,1102,16,1,16,16,16
28,90,0.00173366,1,0.00173366,0.00173366,0.00173366,1095,1,1095,1095,1095,16,1,16,16,16
28,90,0.00187342,1,0.00187342,0.00187342,0.00187342,1081,1,1081,1081,1081,16,1,16,16,16
28,90,0.00222529,1,0.00222529,0.00222529,0.00222529,1267,1,1267,1267,1267,18,1,18,18,18
28,90,0.00231251,1,0.00231251,0.00231251,0.00231251,1251,1,1251,1251,1251,18,1,18,18,18
28,90,0.00148464,1,0.00148464,0.00148464,0.00148464,1006,1,1006,1006,1006,15,1,15,15,15
28,90,0.001667,1,0.001667,0.001667,0.001667,1005,1,1005,1005,1005,15,1,15,15,15
28,90,0.00136189,1,0.00136189,0.00136189,0.00136189,1019,1,1019,1019,1019,15,1,15,15,15
28,90,0.00145807,1,0.00145807,0.00145807,0.00145807,997,1,997,997,997,15,1,15,15,15
28,90,0.00187905,1,0.00187905,0.00187905,0.00187905,1143,1,1143,1143,1143,17,1,17,17,17
28,90,0.00132643,1,0.00132643,0.00132643,0.00132643,1025,1,1025,1025,1025,15,1,15,15,15
28,90,0.00270789,1,0.00270789,0.00270789,0.00270789,1292,1,1292,1292,1292,19,1,19,19,19
28,90,0.00129876,1,0.00129876,0.00129876,0.00129876,1009,1,1009,1009,1009,15,1,15,15,15
28,90,0.00112732,1,0.00112732,0.00112732,0.00112732,949,1,949,949,949,14,1,14,14,14
28,90,0.00166663,1,0.00166663,0.00166663,0.00166663,1073,1,1073,1073,1073,16,1,16,16,16
28,90,0.00140143,1,0.00140143,0.00140143,0.00140143,1020,1,1020,1020,1020,15,1,15,15,15
28,90,0.00160774,1,0.00160774,0.00160774,0.00160774,1102,1,1102,1102,1102,16,1,16,16,16
28,90,0.00136289,1,0.00136289,0.00136289,0.00136289,1023,1,1023,1023,1023,15,1,15,15,15
28,90,0.00175412,1,0.00175412,0.00175412,0.00175412,1179,1,1179,1179,1179,17,1,17,17,17
28,90,0.00140351,1,0.00140351,0.00140351,0.00140351,1110,1,1110,1110,1110,16,1,16,16,16
28,90,0.00201032,1,0.00201032,0.00201032,0.00201032,1151,1,1151,1151,1151,17,1,17,17,17
28,90,0.00182139,1,0.00182139,0.00182139,0.00182139,1065,1,1065,1065,1065,16,1,16,16,16
28,90,0.00138763,1,0.00138763,0.00138763,0.00138763,1008,1,1008,1008,1008,15,1,15,15,15
28,90,0.00178303,1,0.00178303,0.00178303,0.00178303,1180,1,1180,1180,1180,17,1,17,17,17
28,90,0.00146333,1,0.00146333,0.00146333,0.00146333,1012,1,1012,1012,1012,15,1,15,15,15
28,90,0.00132532,1,0.00132532,0.00132532,0.00132532,1024,1,1024,1024,1024,15,1,15,15,15
28,90,0.00185862,1,0.00185862,0.00185862,0.00185862,1174,1,1174,1174,1174,17,1,17,17,17
28,90,0.00138621,1,0.00138621,0.00138621,0.00138621,1026,1,1026,1026,1026,15,1,15,15,15
28,90,0.00130158,1,0.00130158,0.00130158,0.00130158,1023,1,1023,1023,1023,15,1,15,15,15
28,90,0.00152443,1,0.00152443,0.00152443,0.00152443,1119,1,1119,1119,1119,16,1,16,16,16
28,90,0.00203104,1,0.00203104,0.00203104,0.00203104,1149,1,1149,1149,1149,17,1,17,17,17
28,90,0.00101668,1,0.00101668,0.00101668,0.00101668,868,1,868,868,868,13,1,13,13,13
28,90,0.00151358,1,0.00151358,0.00151358,0.00151358,1013,1,1013,1013,1013,15,1,15,15,15
28,90,0.00141051,1,0.00141051,0.00141051,0.00141051,987,1,987,987,987,15,1,15,15,15
28,90,0.00143996,1,0.00143996,0.00143996,0.00143996,1005,1,1005,1005,1005,15,1,15,15,15
28,90,0.00105064,1,0.00105064,0.00105064,0.00105064,960,1,960,960,960,14,1,14,14,14
28,90,0.00129488,1,0.00129488,0.00129488,0.00129488,1044,1,1044,1044,1044,15,1,15,15,15
28,90,0.00194221,1,0.00194221,0.00194221,0.00194221,1161,1,1161,1161,1161,17,1,17,17,17
28,90,0.00140582,1,0.00140582,0.00140582,0.00140582,1023,1,1023,1023,1023,15,1,15,15,15
28,90,0.00150815,1,0.00150815,0.00150815,0.00150815,1032,1,1032,1032,1032,15,1,15,15,15
28,90,0.0019892,1,0.0019892,0.0019892,0.0019892,1144,1,1144,1144,1144,17,1,17,17,17
28,90,0.00172562,1,0.00172562,0.00172562,0.00172562,1084,1,1084,1084,1084,16,1,16,16,16
28,90,0.00148288,1,0.00148288,0.00148288,0.00148288,1010,1,1010,1010,1010,15,1,15,15,15
28,90,0.00169074,1,0.00169074,0.00169074,0.00169074,1091,1,1091,1091,1091,16,1,16,16,16
28,90,0.00162925,1,0.00162925,0.00162925,0.00162925,1077,1,1077,1077,1077,16,1,16,16,16
28,90,0.00127403,1,0.00127403,0.00127403,0.00127403,1015,1,1015,1015,1015,15,1,15,15,15
28,90,0.00189717,1,0.00189717,0.00189717,0.00189717,1170,1,1170,1170,1170,17,1,17,17,17
28,90,0.00151219,1,0.00151219,0.00151219,0.00151219,1107,1,1107,1107,1107,16,1,16,16,16
28,90,0.00210039,1,0.00210039,0.00210039,0.00210039,1160,1,1160,1160,1160,17,1,17,17,17
28,90,0.00125499,1,0.00125499,0.00125499,0.00125499,925,1,925,925,925,14,1,14,14,14
28,90,0.0022946,1,0.0022946,0.0022946,0.0022946,1253,1,1253,1253,1253,18,1,18,18,18
28,90,0.00194714,1,0.00194714,0.00194714,0.00194714,1164,1,1164,1164,1164,17,1,17,17,17
28,90,0.00140725,1,0.00140725,0.00140725,0.00140725,1027,1,1027,1027,1027,15,1,15,15,15
28,90,0.00171556,1,0.00171556,0.00171556,0.00171556,1088,1,1088,1088,1088,16,1,16,16,16
28,90,0.00187374,1,0.00187374,0.00187374,0.00187374,1170,1,1170,1170,1170,17,1,17,17,17
28,90,0.00152731,1,0.00152731,0.00152731,0.00152731,1011,1,1011,1011,1011,15,1,15,15,15
28,90,0.00140416,1,0.00140416,0.00140416,0.00140416,1102,1,1102,1102,1102,16,1,16,16,16
28,90,0.00169616,1,0.00169616,0.00169616,0.00169616,1087,1,1087,1087,1087,16,1,16,16,16
28,90,0.00131131,1,0.00131131,0.00131131,0.00131131,1015,1,1015,1015,1015,15,1,15,15,15
28,90,0.0015269,1,0.0015269,0.0015269,0.0015269,1107,1,1107,1107,1107,16,1,16,16,16
28,90,0.00121589,1,0.00121589,0.00121589,0.00121589,924,1,924,924,924,14,1,14,14,14
28,90,0.00168151,1,0.00168151,0.00168151,0.00168151,1072,1,1072,1072,1072,16,1,16,16,16
28,90,0.00164634,1,0.00164634,0.00164634,0.00164634,1093,1,1093,1093,1093,16,1,16,16,16
28,90,0.00188244,1,0.00188244,0.00188244,0.00188244,1169,1,1169,1169,1169,17,1,17,17,17
28,90,0.000982335,1,0.000982335,0.000982335,0.000982335,857,1,857,857,857,13,1,13,13,13
28,90,0.00163459,1,0.00163459,0.00163459,0.00163459,1087,1,1087,1087,1087,16,1,16,16,16
28,90,0.00175698,1,0.00175698,0.00175698,0.00175698,1067,1,1067,1067,1067,16,1,16,16,16
28,90,0.00146484,1,0.00146484,0.00146484,0.00146484,1010,1,1010,1010,1010,15,1,15,15,15
28,90,0.00137138,1,0.00137138,0.00137138,0.00137138,1022,1,1022,1022,1022,15,1,15,15,15
28,90,0.00100546,1,0.00100546,0.00100546,0.00100546,953,1,953,953,953,14,1,14,14,14
28,90,0.001909,1,0.001909,0.001909,0.001909,1181,1,1181,1181,1181,17,1,17,17,17
28,90,0.000953643,1,0.000953643,0.000953643,0.000953643,963,1,963,963,963,14,1,14,14,14
28,90,0.00126856,1,0.00126856,0.00126856,0.00126856,1025,1,1025,1025,1025,15,1,15,15,15
28,90,0.00175086,1,0.00175086,0.00175086,0.00175086,1090,1,1090,1090,1090,16,1,16,16,16
28,90,0.0013021,1,0.0013021,0.0013021,0.0013021,924,1,924,924,924,14,1,14,14,14
28,90,0.00191266,1,0.00191266,0.00191266,0.00191266,1160,1,1160,1160,1160,17,1,17,17,17
28,90,0.00177659,1,0.00177659,0.00177659,0.00177659,1073,1,1073,1073,1073,16,1,16,16,16
28,90,0.00130813,1,0.00130813,0.00130813,0.00130813,924,1,924,924,924,14,1,14,14,14
28,90,0.00172323,1,0.00172323,0.00172323,0.00172323,1087,1,1087,1087,1087,16,1,16,16,16
28,90,0.00217224,1,0.00217224,0.00217224,0.00217224,1164,1,1164,1164,1164,17,1,17,17,17
28,90,0.00153426,1,0.00153426,0.00153426,0.00153426,1116,1,1116,1116,1116,16,1,16,16,16
28,90,0.00120989,1,0.00120989,0.00120989,0.00120989,948,1,948,948,948,14,1,14,14,14
28,90,0.00203919,1,0.00203919,0.00203919,0.00203919,1139,1,1139,1139,1139,17,1,17,17,17
28,90,0.00105864,1,0.00105864,0.00105864,0.00105864,948,1,948,948,948,14,1,14,14,14
28,90,0.000948641,1,0.000948641,0.000948641,0.000948641,956,1,956,956,956,14,1,14,14,14
28,90,0.00144049,1,0.00144049,0.00144049,0.00144049,1007,1,1007,1007,1007,15,1,15,15,15
28,90,0.00233745,1,0.00233745,0.00233745,0.00233745,1236,1,1236,1236,1236,18,1,18,18,18
28,90,0.00142217,1,0.00142217,0.00142217,0.00142217,1022,1,1022,1022,1022,15,1,15,15,15
28,90,0.00203072,1,0.00203072,0.00203072,0.00203072,1165,1,1165,1165,1165,17,1,17,17,17
28,90,0.00126788,1,0.00126788,0.00126788,0.00126788,1014,1,1014,1014,1014,15,1,15,15,15
28,90,0.000986617,1,0.000986617,0.000986617,0.000986617,954,1,954,954,954,14,1,14,14,14
28,90,0.00190332,1,0.00190332,0.00190332,0.00190332,1180,1,1180,1180,1180,17,1,17,17,17
28,90,0.0011524,1,0.0011524,0.0011524,0.0011524,937,1,937,937,937,14,1,14,14,14
28,90,0.00132614,1,0.00132614,0.00132614,0.00132614,1018,1,1018,1018,1018,15,1,15,15,15
28,90,0.00191344,1,0.00191344,0.00191344,0.00191344,1147,1,1147,1147,1147,17,1,17,17,17
28,90,0.00168802,1,0.00168802,0.00168802,0.00168802,1070,1,1070,1070,1070,16,1,16,16,16
28,90,0.0013921,1,0.0013921,0.0013921,0.0013921,1007,1,1007,1007,1007,15,1,15,15,15
28,90,0.00135891,1,0.00135891,0.00135891,0.00135891,1019,1,1019,1019,1019,15,1,15,15,15
28,90,0.00163213,1,0.00163213,0.00163213,0.00163213,1093,1,1093,1093,1093,16,1,16,16,16
28,90,0.00212352,1,0.00212352,0.00212352,0.00212352,1156,1,1156,1156,1156,17,1,17,17,17
28,90,0.0016548,1,0.0016548,0.0016548,0.0016548,1094,1,1094,1094,1094,16,1,16,16,16
28,90,0.00232939,1,0.00232939,0.00232939,0.00232939,1251,1,1251,1251,1251,18,1,18,18,18
28,90,0.00117802,1,0.00117802,0.00117802,0.00117802,1031,1,1031,1031,1031,15,1,15,15,15
28,90,0.00121468,1,0.00121468,0.00121468,0.00121468,935,1,935,935,935,14,1,14,14,14
28,90,0.00136091,1,0.00136091,0.00136091,0.00136091,1024,1,1024,1024,1024,15,1,15,15,15
28,90,0.00167279,1,0.00167279,0.00167279,0.00167279,1072,1,1072,1072,1072,16,1,16,16,16
28,90,0.00165423,1,0.00165423,0.00165423,0.00165423,1091,1,1091,1091,1091,16,1,16,16,16
28,90,0.00130637,1,0.00130637,0.00130637,0.00130637,1031,1,1031,1031,1031,15,1,15,15,15
28,90,0.0012836,1,0.0012836,0.0012836,0.0012836,1025,1,1025,1025,1025,15,1,15,15,15
28,90,0.00145484,1,0.00145484,0.00145484,0.00145484,1007,1,1007,1007,1007,15,1,15,15,15
28,90,0.00134172,1,0.00134172,0.00134172,0.00134172,1034,1,1034,1034,1034,15,1,15,15,15
28,90,0.00145976,1,0.00145976,0.00145976,0.00145976,1016,1,1016,1016,1016,15,1,15,15,15
28,90,0.00166145,1,0.00166145,0.00166145,0.00166145,1082,1,1082,1082,1082,16,1,16,16,16
28,90,0.00231435,1,0.00231435,0.00231435,0.00231435,1270,1,1270,1270,1270,18,1,18,18,18
28,90,0.00196792,1,0.00196792,0.00196792,0.00196792,1164,1,1164,1164,1164,17,1,17,17,17
28,90,0.00116636,1,0.00116636,0.00116636,0.00116636,949,1,949,949,949,14,1,14,14,14
28,90,0.00166883,1,0.00166883,0.00166883,0.00166883,1074,1,1074,1074,1074,16,1,16,16,16
28,90,0.00107056,1,0.00107056,0.00107056,0.00107056,954,1,954,954,954,14,1,14,14,14
28,90,0.00103776,1,0.00103776,0.00103776,0.00103776,966,1,966,966,966,14,1,14,14,14
28,90,0.00179739,1,0.00179739,0.00179739,0.00179739,1072,1,1072,1072,1072,16,1,16,16,16
28,90,0.00255586,1,0.00255586,0.00255586,0.00255586,1216,1,1216,1216,1216,18,1,18,18,18
28,90,0.00168513,1,0.00168513,0.00168513,0.00168513,1081,1,1081,1081,1081,16,1,16,16,16
28,90,0.001098,1,0.001098,0.001098,0.001098,961,1,961,961,961,14,1,14,14,14
28,90,0.00181888,1,0.00181888,0.00181888,0.00181888,1177,1,1177,1177,1177,17,1,17,17,17
28,90,0.00140111,1,0.00140111,0.00140111,0.00140111,1004,1,1004,1004,1004,15,1,15,15,15
28,90,0.00121213,1,0.00121213,0.00121213,0.00121213,1030,1,1030,1030,1030,15,1,15,15,15
28,90,0.00203805,1,0.00203805,0.00203805,0.00203805,1148,1,1148,1148,1148,17,1,17,17,17
28,90,0.00167055,1,0.00167055,0.00167055,0.00167055,1060,1,1060,1060,1060,16,1,16,16,16
28,90,0.00117395,1,0.00117395,0.00117395,0.00117395,965,1,965,965,965,14,1,14,14,14
28,90,0.00143527,1,0.00143527,0.00143527,0.00143527,994,1,994,994,994,15,1,15,15,15
28,90,0.0011902,1,0.0011902,0.0011902,0.0011902,1033,1,1033,1033,1033,15,1,15,15,15
28,90,0.00234071,1,0.00234071,0.00234071,0.00234071,1242,1,1242,1242,1242,18,1,18,18,18
28,90,0.00183406,1,0.00183406,0.00183406,0.00183406,1089,1,1089,1089,1089,16,1,16,16,16
28,90,0.00123281,1,0.00123281,0.00123281,0.00123281,1024,1,1024,1024,1024,15,1,15,15,15
28,90,0.00167262,1,0.00167262,0.00167262,0.00167262,1087,1,1087,1087,1087,16,1,16,16,16
28,90,0.00132765,1,0.00132765,0.00132765,0.00132765,1022,1,1022,1022,1022,15,1,15,15,15
28,90,0.00134292,1,0.00134292,0.00134292,0.00134292,928,1,928,928,928,14,1,14,14,14
28,90,0.0018555,1,0.0018555,0.0018555,0.0018555,1082,1,1082,1082,1082,16,1,16,16,16
28,90,0.00176819,1,0.00176819,0.00176819,0.00176819,1068,1,1068,1068,1068,16,1,16,16,16
28,90,0.00157894,1,0.00157894,0.00157894,0.00157894,1116,1,1116,1116,1116,16,1,16,16,16
28,90,0.0015649,1,0.0015649,0.0015649,0.0015649,1125,1,1125,1125,1125,16,1,16,16,16
28,90,0.00173576,1,0.00173576,0.00173576,0.00173576,1086,1,1086,1086,1086,16,1,16,16,16
28,90,0.0014627,1,0.0014627,0.0014627,0.0014627,1107,1,1107,1107,1107,16,1,16,16,16
28,90,0.0016636,1,0.0016636,0.0016636,0.0016636,1074,1,1074,1074,1074,16,1,16,16,16
28,90,0.00163776,1,0.00163776,0.00163776,0.00163776,1114,1,1114,1114,1114,16,1,16,16,16
28,90,0.00165805,1,0.00165805,0.00165805,0.00165805,1076,1,1076,1076,1076,16,1,16,16,16
28,90,0.00152544,1,0.00152544,0.00152544,0.00152544,997,1,997,997,997,15,1,15,15,15
28,90,0.00241169,1,0.00241169,0.00241169,0.00241169,1248,1,1248,1248,1248,18,1,18,18,18
28,90,0.00211026,1,0.00211026,0.00211026,0.00211026,1192,1,1192,1192,1192,17,1,17,17,17
28,90,0.00115747,1,0.00115747,0.00115747,0.00115747,1026,1,1026,1026,1026,15,1,15,15,15
28,90,0.00142379,1,0.00142379,0.00142379,0.00142379,1126,1,1126,1126,1126,16,1,16,16,16
28,90,0.00144046,1,0.00144046,0.00144046,0.00144046,1008,1,1008,1008,1008,15,1,15,15,15
28,90,0.00186444,1,0.00186444,0.00186444,0.00186444,1094,1,1094,1094,1094,16,1,16,16,16
28,90,0.00179143,1,0.00179143,0.00179143,0.00179143,1094,1,1094,1094,1094,16,1,16,16,16
28,90,0.000951107,1,0.000951107,0.000951107,0.000951107,891,1,891,891,891,13,1,13,13,13
28,90,0.00122655,1,0.00122655,0.00122655,0.00122655,1010,1,1010,1010,1010,15,1,15,15,15
28,90,0.00148365,1,0.00148365,0.00148365,0.00148365,1098,1,1098,1098,1098,16,1,16,16,16
28,90,0.0012888,1,0.0012888,0.0012888,0.0012888,1006,1,1006,1006,1006,15,1,15,15,15
28,90,0.00172899,1,0.00172899,0.00172899,0.00172899,1098,1,1098,1098,1098,16,1,16,16,16
28,90,0.0016768,1,0.0016768,0.0016768,0.0016768,1078,1,1078,1078,1078,16,1,16,16,16
28,90,0.0019181,1,0.0019181,0.0019181,0.0019181,1155,1,1155,1155,1155,17,1,17,17,17
28,90,0.00204211,1,0.00204211,0.00204211,0.00204211,1181,1,1181,1181,1181,17,1,17,17,17
28,90,0.00137863,1,0.00137863,0.00137863,0.00137863,1016,1,1016,1016,1016,15,1,15,15,15
28,90,0.00114466,1,0.00114466,0.00114466,0.00114466,944,1,944,944,944,14,1,14,14,14
28,90,0.00162255,1,0.00162255,0.00162255,0.00162255,1056,1,1056,1056,1056,16,1,16,16,16
28,90,0.00145375,1,0.00145375,0.00145375,0.00145375,1010,1,1010,1010,1010,15,1,15,15,15
28,90,0.0020231,1,0.0020231,0.0020231,0.0020231,1145,1,1145,1145,1145,17,1,17,17,17
28,90,0.00197478,1,0.00197478,0.00197478,0.00197478,1168,1,1168,1168,1168,17,1,17,17,17
28,90,0.00152777,1,0.00152777,0.00152777,0.00152777,991,1,991,991,991,15,1,15,15,15
28,90,0.00123297,1,0.00123297,0.00123297,0.00123297,1007,1,1007,1007,1007,15,1,15,15,15
28,90,0.00120082,1,0.00120082,0.00120082,0.00120082,1053,1,1053,1053,1053,15,1,15,15,15
28,90,0.00151279,1,0.00151279,0.00151279,0.00151279,1108,1,1108,1108,1108,16,1,16,16,16
28,90,0.00135205,1,0.00135205,0.00135205,0.00135205,911,1,911,911,911,14,1,14,14,14
28,90,0.00172224,1,0.00172224,0.00172224,0.00172224,1080,1,1080,1080,1080,16,1,16,16,16
28,90,0.00160584,1,0.00160584,0.00160584,0.00160584,1086,1,1086,1086,1086,16,1,16,16,16
28,90,0.00166804,1,0.00166804,0.00166804,0.00166804,1087,1,1087,1087,1087,16,1,16,16,16
28,90,0.00196501,1,0.00196501,0.00196501,0.00196501,1154,1,1154,1154,1154,17,1,17,17,17
28,90,0.00109117,1,0.00109117,0.00109117,0.00109117,946,1,946,946,946,14,1,14,14,14
28,90,0.00144289,1,0.00144289,0.00144289,0.00144289,1007,1,1007,1007,1007,15,1,15,15,15
28,90,0.00181081,1,0.00181081,0.00181081,0.00181081,1069,1,1069,1069,1069,16,1,16,16,16
28,90,0.00158621,1,0.00158621,0.00158621,0.00158621,1125,1,1125,1125,1125,16,1,16,16,16
28,90,0.00200332,1,0.00200332,0.00200332,0.00200332,1165,1,1165,1165,1165,17,1,17,17,17
28,90,0.00180389,1,0.00180389,0.00180389,0.00180389,1094,1,1094,1094,1094,16,1,16,16,16
28,90,0.00155358,1,0.00155358,0.00155358,0.00155358,1094,1,1094,1094,1094,16,1,16,16,16
28,90,0.00208162,1,0.00208162,0.00208162,0.00208162,1175,1,1175,1175,1175,17,1,17,17,17
28,90,0.00133752,1,0.00133752,0.00133752,0.00133752,1011,1,1011,1011,1011,15,1,15,15,15
28,90,0.00163865,1,0.00163865,0.00163865,0.00163865,1086,1,1086,1086,1086,16,1,16,16,16
28,90,0.0010712,1,0.0010712,0.0010712,0.0010712,946,1,946,946,946,14,1,14,14,14
28,90,0.00156562,1,0.00156562,0.00156562,0.00156562,1108,1,1108,1108,1108,16,1,16,16,16
28,90,0.00143169,1,0.00143169,0.00143169,0.00143169,1006,1,1006,1006,1006,15,1,15,15,15
28,90,0.00132441,1,0.00132441,0.00132441,0.00132441,1000,1,1000,1000,1000,15,1,15,15,15
28,90,0.00167739,1,0.00167739,0.00167739,0.00167739,1098,1,1098,1098,1098,16,1,16,16,16
28,90,0.00163341,1,0.00163341,0.00163341,0.00163341,1086,1,1086,1086,1086,16,1,16,16,16
28,90,0.00131425,1,0.00131425,0.00131425,0.00131425,928,1,928,928,928,14,1,14,14,14
28,90,0.00134559,1,0.00134559,0.00134559,0.00134559,1014,1,1014,1014,1014,15,1,15,15,15
28,90,0.00113292,1,0.00113292,0.00113292,0.00113292,958,1,958,958,958,14,1,14,14,14
28,90,0.00168627,1,0.00168627,0.00168627,0.00168627,1077,1,1077,1077,1077,16,1,16,16,16
28,90,0.00127226,1,0.00127226,0.00127226,0.00127226,1024,1,1024,1024,1024,15,1,15,15,15
28,90,0.00217355,1,0.00217355,0.00217355,0.00217355,1268,1,1268,1268,1268,18,1,18,18,18
28,90,0.00103862,1,0.00103862,0.00103862,0.00103862,1055,1,1055,1055,1055,15,1,15,15,15
28,90,0.00149471,1,0.00149471,0.00149471,0.00149471,1019,1,1019,1019,1019,15,1,15,15,15
28,90,0.00201969,1,0.00201969,0.00201969,0.00201969,1268,1,1268,1268,1268,18,1,18,18,18
28,90,0.00215655,1,0.00215655,0.00215655,0.00215655,1156,1,1156,1156,1156,17,1,17,17,17
28,90,0.00135129,1,0.00135129,0.00135129,0.00135129,1003,1,1003,1003,1003,15,1,15,15,15
28,90,0.00169139,1,0.00169139,0.00169139,0.00169139,1087,1,1087,1087,1087,16,1,16,16,16
28,90,0.00184691,1,0.00184691,0.00184691,0.00184691,1142,1,1142,1142,1142,17,1,17,17,17
28,90,0.00105353,1,0.00105353,0.00105353,0.00105353,950,1,950,950,950,14,1,14,14,14
28,90,0.00178159,1,0.00178159,0.00178159,0.00178159,1169,1,1169,1169,1169,17,1,17,17,17
28,90,0.00218711,1,0.00218711,0.00218711,0.00218711,1160,1,1160,1160,1160,17,1,17,17,17
28,90,0.00176829,1,0.00176829,0.00176829,0.00176829,1100,1,1100,1100,1100,16,1,16,16,16
28,90,0.00237302,1,0.00237302,0.00237302,0.00237302,1224,1,1224,1224,1224,18,1,18,18,18
28,90,0.00126428,1,0.00126428,0.00126428,0.00126428,1041,1,1041,1041,1041,15,1,15,15,15
28,90,0.00157836,1,0.00157836,0.00157836,0.00157836,1093,1,1093,1093,1093,16,1,16,16,16
28,90,0.000905011,1,0.000905011,0.000905011,0.000905011,883,1,883,883,883,13,1,13,13,13
28,90,0.00144955,1,0.00144955,0.00144955,0.00144955,995,1,995,995,995,15,1,15,15,15
28,90,0.00113606,1,0.00113606,0.00113606,0.00113606,966,1,966,966,966,14,1,14,14,14
28,90,0.00127634,1,0.00127634,0.00127634,0.00127634,1011,1,1011,1011,1011,15,1,15,15,15
28,90,0.00149877,1,0.00149877,0.00149877,0.00149877,1006,1,1006,1006,1006,15,1,15,15,15
28,90,0.00162213,1,0.00162213,0.00162213,0.00162213,1075,1,1075,1075,1075,16,1,16,16,16
28,90,0.00160985,1,0.00160985,0.00160985,0.00160985,1077,1,1077,1077,1077,16,1,16,16,16
28,90,0.0015874,1,0.0015874,0.0015874,0.0015874,1084,1,1084,1084,1084,16,1,16,16,16
28,90,0.00151599,1,0.00151599,0.00151599,0.00151599,1085,1,1085,1085,1085,16,1,16,16,16
28,90,0.00175315,1,0.00175315,0.00175315,0.00175315,1071,1,1071,1071,1071,16,1,16,16,16
28,90,0.00149378,1,0.00149378,0.00149378,0.00149378,1094,1,1094,1094,1094,16,1,16,16,16
28,90,0.0014787,1,0.0014787,0.0014787,0.0014787,1115,1,1115,1115,1115,16,1,16,16,16
28,90,0.00171517,1,0.00171517,0.00171517,0.00171517,1092,1,1092,1092,1092,16,1,16,16,16
28,90,0.00191727,1,0.00191727,0.00191727,0.00191727,1165,1,1165,1165,1165,17,1,17,17,17
28,90,0.00136723,1,0.00136723,0.00136723,0.00136723,1100,1,1100,1100,1100,16,1,16,16,16
28,90,0.00184926,1,0.00184926,0.00184926,0.00184926,1160,1,1160,1160,1160,17,1,17,17,17
28,90,0.00197403,1,0.00197403,0.00197403,0.00197403,1174,1,1174,1174,1174,17,1,17,17,17
28,90,0.00162776,1,0.00162776,0.00162776,0.00162776,1097,1,1097,1097,1097,16,1,16,16,16
28,90,0.00178165,1,0.00178165,0.00178165,0.00178165,1174,1,1174,1174,1174,17,1,17,17,17
28,90,0.00128523,1,0.00128523,0.00128523,0.00128523,1027,1,1027,1027,1027,15,1,15,15,15
28,90,0.00178617,1,0.00178617,0.00178617,0.00178617,1064,1,1064,1064,1064,16,1,16,16,16
28,90,0.00128545,1,0.00128545,0.00128545,0.00128545,1034,1,1034,1034,1034,15,1,15,15,15
28,90,0.00136316,1,0.00136316,0.00136316,0.00136316,1027,1,1027,1027,1027,15,1,15,15,15
28,90,0.0010542,1,0.0010542,0.0010542,0.0010542,955,1,955,955,955,14,1,14,14,14
28,90,0.00190362,1,0.00190362,0.00190362,0.00190362,1156,1,1156,1156,1156,17,1,17,17,17
28,90,0.00110517,1,0.00110517,0.00110517,0.00110517,934,1,934,934,934,14,1,14,14,14
28,90,0.00111984,1,0.00111984,0.00111984,0.00111984,926,1,926,926,926,14,1,14,14,14
28,90,0.00175303,1,0.00175303,0.00175303,0.00175303,1085,1,1085,1085,1085,16,1,16,16,16
28,90,0.0015769,1,0.0015769,0.0015769,0.0015769,1092,1,1092,1092,1092,16,1,16,16,16
28,90,0.00123086,1,0.00123086,0.00123086,0.00123086,1035,1,1035,1035,1035,15,1,15,15,15
28,90,0.0015027,1,0.0015027,0.0015027,0.0015027,999,1,999,999,999,15,1,15,15,15
28,90,0.0014069,1,0.0014069,0.0014069,0.0014069,1027,1,1027,1027,1027,15,1,15,15,15
28,90,0.00189622,1,0.00189622,0.00189622,0.00189622,1167,1,1167,1167,1167,17,1,17,17,17
28,90,0.00157284,1,0.00157284,0.00157284,0.00157284,995,1,995,995,995,15,1,15,15,15
28,90,0.00125831,1,0.00125831,0.00125831,0.00125831,1030,1,1030,1030,1030,15,1,15,15,15
28,90,0.00150511,1,0.00150511,0.00150511,0.00150511,1081,1,1081,1081,1081,16,1,16,16,16
28,90,0.00138714,1,0.00138714,0.00138714,0.00138714,1005,1,1005,1005,1005,15,1,15,15,15
28,90,0.00115581,1,0.00115581,0.00115581,0.00115581,1040,1,1040,1040,1040,15,1,15,15,15
28,90,0.00132458,1,0.00132458,0.00132458,0.00132458,1018,1,1018,1018,1018,15,1,15,15,15
28,90,0.00142399,1,0.00142399,0.00142399,0.00142399,1003,1,1003,1003,1003,15,1,15,15,15
28,90,0.00156342,1,0.00156342,0.00156342,0.00156342,1077,1,1077,1077,1077,16,1,16,16,16
28,90,0.00174542,1,0.00174542,0.00174542,0.00174542,1079,1,1079,1079,1079,16,1,16,16,16
28,90,0.00178417,1,0.00178417,0.00178417,0.00178417,1175,1,1175,1175,1175,17,1,17,17,17
28,90,0.0014207,1,0.0014207,0.0014207,0.0014207,1086,1,1086,1086,1086,16,1,16,16,16
28,90,0.00127924,1,0.00127924,0.00127924,0.00127924,1011,1,1011,1011,1011,15,1,15,15,15
28,90,0.00158119,1,0.00158119,0.00158119,0.00158119,1103,1,1103,1103,1103,16,1,16,16,16
28,90,0.00127848,1,0.00127848,0.00127848,0.00127848,1009,1,1009,1009,1009,15,1,15,15,15
28,90,0.00156568,1,0.00156568,0.00156568,0.00156568,1015,1,1015,1015,1015,15,1,15,15,15
28,90,0.00158349,1,0.00158349,0.00158349,0.00158349,1087,1,1087,1087,1087,16,1,16,16,16
28,90,0.00112894,1,0.00112894,0.00112894,0.00112894,927,1,927,927,927,14,1,14,14,14
28,90,0.00139309,1,0.00139309,0.00139309,0.00139309,1005,1,1005,1005,1005,15,1,15,15,15
28,90,0.00135544,1,0.00135544,0.00135544,0.00135544,1029,1,1029,1029,1029,15,1,15,15,15
28,90,0.00174125,1,0.00174125,0.00174125,0.00174125,1077,1,1077,1077,1077,16,1,16,16,16
28,90,0.00102971,1,0.00102971,0.00102971,0.00102971,951,1,951,951,951,14,1,14,14,14
28,90,0.00156653,1,0.00156653,0.00156653,0.00156653,1089,1,1089,1089,1089,16,1,16,16,16
28,90,0.001946,1,0.001946,0.001946,0.001946,1173,1,1173,1173,1173,17,1,17,17,17
28,90,0.00162926,1,0.00162926,0.00162926,0.00162926,1086,1,1086,1086,1086,16,1,16,16,16
28,90,0.00130305,1,0.00130305,0.00130305,0.00130305,1038,1,1038,1038,1038,15,1,15,15,15
28,90,0.00130165,1,0.00130165,0.00130165,0.00130165,1020,1,1020,1020,1020,15,1,15,15,15
28,90,0.001444,1,0.001444,0.001444,0.001444,1003,1,1003,1003,1003,15,1,15,15,15
28,90,0.000894764,1,0.000894764,0.000894764,0.000894764,973,1,973,973,973,14,1,14,14,14
28,90,0.00168045,1,0.00168045,0.00168045,0.00168045,1091,1,1091,1091,1091,16,1,16,16,16
28,90,0.00140862,1,0.00140862,0.00140862,0.00140862,1028,1,1028,1028,1028,15,1,15,15,15
28,90,0.00150501,1,0.00150501,0.00150501,0.00150501,999,1,999,999,999,15,1,15,15,15
28,90,0.00156641,1,0.00156641,0.00156641,0.00156641,1099,1,1099,1099,1099,16,1,16,16,16
28,90,0.00126346,1,0.00126346,0.00126346,0.00126346,1052,1,1052,1052,1052,15,1,15,15,15
28,90,0.00127509,1,0.00127509,0.00127509,0.00127509,1024,1,1024,1024,1024,15,1,15,15,15
28,90,0.00190043,1,0.00190043,0.00190043,0.00190043,1160,1,1160,1160,1160,17,1,17,17,17
28,90,0.0011948,1,0.0011948,0.0011948,0.0011948,930,1,930,930,930,14,1,14,14,14
28,90,0.00160599,1,0.00160599,0.00160599,0.00160599,1085,1,1085,1085,1085,16,1,16,16,16
28,90,0.00184478,1,0.00184478,0.00184478,0.00184478,1163,1,1163,1163,1163,17,1,17,17,17
28,90,0.00163233,1,0.00163233,0.00163233,0.00163233,1108,1,1108,1108,1108,16,1,16,16,16
28,90,0.00148486,1,0.00148486,0.00148486,0.00148486,1000,1,1000,1000,1000,15,1,15,15,15
28,90,0.00146882,1,0.00146882,0.00146882,0.00146882,1000,1,1000,1000,1000,15,1,15,15,15
28,90,0.00128314,1,0.00128314,0.00128314,0.00128314,931,1,931,931,931,14,1,14,14,14
28,90,0.00152817,1,0.00152817,0.00152817,0.00152817,1077,1,1077,1077,1077,16,1,16,16,16
28,90,0.00229507,1,0.00229507,0.00229507,0.00229507,1246,1,1246,1246,1246,18,1,18,18,18
28,90,0.000981162,1,0.000981162,0.000981162,0.000981162,942,1,942,942,942,14,1,14,14,14
28,90,0.0016921,1,0.0016921,0.0016921,0.0016921,1114,1,1114,1114,1114,16,1,16,16,16
28,90,0.00178665,1,0.00178665,0.00178665,0.00178665,1165,1,1165,1165,1165,17,1,17,17,17
28,90,0.00183068,1,0.00183068,0.00183068,0.00183068,1076,1,1076,1076,1076,16,1,16,16,16
28,90,0.00134395,1,0.00134395,0.00134395,0.00134395,1039,1,1039,1039,1039,15,1,15,15,15
28,90,0.00135453,1,0.00135453,0.00135453,0.00135453,1012,1,1012,1012,1012,15,1,15,15,15
28,90,0.00154699,1,0.00154699,0.00154699,0.00154699,1133,1,1133,1133,1133,16,1,16,16,16
28,90,0.00137552,1,0.00137552,0.00137552,0.00137552,1021,1,1021,1021,1021,15,1,15,15,15
28,90,0.00123741,1,0.00123741,0.00123741,0.00123741,961,1,961,961,961,14,1,14,14,14
28,90,0.00116445,1,0.00116445,0.00116445,0.00116445,933,1,933,933,933,14,1,14,14,14
28,90,0.00192308,1,0.00192308,0.00192308,0.00192308,1161,1,1161,1161,1161,17,1,17,17,17
28,90,0.00190964,1,0.00190964,0.00190964,0.00190964,1160,1,1160,1160,1160,17,1,17,17,17
28,90,0.00132311,1,0.00132311,0.00132311,0.00132311,1029,1,1029,1029,1029,15,1,15,15,15
28,90,0.00156092,1,0.00156092,0.00156092,0.00156092,1012,1,1012,1012,1012,15,1,15,15,15
28,90,0.00200662,1,0.00200662,0.00200662,0.00200662,1181,1,1181,1181,1181,17,1,17,17,17
28,90,0.00216566,1,0.00216566,0.00216566,0.00216566,1182,1,1182,1182,1182,17,1,17,17,17
28,90,0.00101081,1,0.00101081,0.00101081,0.00101081,986,1,986,986,986,14,1,14,14,14
28,90,0.00165698,1,0.00165698,0.00165698,0.00165698,1099,1,1099,1099,1099,16,1,16,16,16
28,90,0.00100966,1,0.00100966,0.00100966,0.00100966,878,1,878,878,878,13,1,13,13,13
28,90,0.00122658,1,0.00122658,0.00122658,0.00122658,928,1,928,928,928,14,1,14,14,14
28,90,0.00140232,1,0.00140232,0.00140232,0.00140232,1000,1,1000,1000,1000,15,1,15,15,15
28,90,0.0018397,1,0.0018397,0.0018397,0.0018397,1134,1,1134,1134,1134,17,1,17,17,17
28,90,0.0028994,1,0.0028994,0.0028994,0.0028994,1408,1,1408,1408,1408,20,1,20,20,20
28,90,0.00136793,1,0.00136793,0.00136793,0.00136793,1013,1,1013,1013,1013,15,1,15,15,15
28,90,0.00131676,1,0.00131676,0.00131676,0.00131676,1018,1,1018,1018,1018,15,1,15,15,15
28,90,0.00202803,1,0.00202803,0.00202803,0.00202803,1162,1,1162,1162,1162,17,1,17,17,17
28,90,0.00137512,1,0.00137512,0.00137512,0.00137512,1121,1,1121,1121,1121,16,1,16,16,16
28,90,0.00211791,1,0.00211791,0.00211791,0.00211791,1263,1,1263,1263,1263,18,1,18,18,18
28,90,0.00170643,1,0.00170643,0.00170643,0.00170643,1080,1,1080,1080,1080,16,1,16,16,16
28,90,0.00167164,1,0.00167164,0.00167164,0.00167164,1105,1,1105,1105,1105,16,1,16,16,16
28,90,0.00165799,1,0.00165799,0.00165799,0.00165799,1064,1,1064,1064,1064,16,1,16,16,16
28,90,0.00133979,1,0.00133979,0.00133979,0.00133979,1008,1,1008,1008,1008,15,1,15,15,15
28,90,0.00146337,1,0.00146337,0.00146337,0.00146337,1018,1,1018,1018,1018,15,1,15,15,15
28,90,0.00155346,1,0.00155346,0.00155346,0.00155346,1012,1,1012,1012,1012,15,1,15,15,15
28,90,0.00190628,1,0.00190628,0.00190628,0.00190628,1053,1,1053,1053,1053,16,1,16,16,16
28,90,0.00144226,1,0.00144226,0.00144226,0.00144226,1117,1,1117,1117,1117,16,1,16,16,16
28,90,0.00121618,1,0.00121618,0.00121618,0.00121618,947,1,947,947,947,14,1,14,14,14
28,90,0.00173276,1,0.00173276,0.00173276,0.00173276,1075,1,1075,1075,1075,16,1,16,16,16
28,90,0.00172301,1,0.00172301,0.00172301,0.00172301,1092,1,1092,1092,1092,16,1,16,16,16
28,90,0.00124893,1,0.00124893,0.00124893,0.00124893,938,1,938,938,938,14,1,14,14,14
28,90,0.00196982,1,0.00196982,0.00196982,0.00196982,1175,1,1175,1175,1175,17,1,17,17,17
28,90,0.00127933,1,0.00127933,0.00127933,0.00127933,1021,1,1021,1021,1021,15,1,15,15,15
28,90,0.00121385,1,0.00121385,0.00121385,0.00121385,923,1,923,923,923,14,1,14,14,14
28,90,0.00171506,1,0.00171506,0.00171506,0.00171506,1080,1,1080,1080,1080,16,1,16,16,16
28,90,0.00117158,1,0.00117158,0.00117158,0.00117158,1023,1,1023,1023,1023,15,1,15,15,15
28,90,0.00190792,1,0.00190792,0.00190792,0.00190792,1058,1,1058,1058,1058,16,1,16,16,16
28,90,0.00112595,1,0.00112595,0.00112595,0.00112595,945,1,945,945,945,14,1,14,14,14
28,90,0.00136525,1,0.00136525,0.00136525,0.00136525,1010,1,1010,1010,1010,15,1,15,15,15
28,90,0.00221339,1,0.00221339,0.00221339,0.00221339,1246,1,1246,1246,1246,18,1,18,18,18
28,90,0.00180352,1,0.00180352,0.00180352,0.00180352,1083,1,1083,1083,1083,16,1,16,16,16
28,90,0.00171681,1,0.00171681,0.00171681,0.00171681,1088,1,1088,1088,1088,16,1,16,16,16
28,90,0.00163993,1,0.00163993,0.00163993,0.00163993,1076,1,1076,1076,1076,16,1,16,16,16
28,90,0.00147706,1,0.00147706,0.00147706,0.00147706,1001,1,1001,1001,1001,15,1,15,15,15
28,90,0.00139097,1,0.00139097,0.00139097,0.00139097,1014,1,1014,1014,1014,15,1,15,15,15
28,90,0.00205437,1,0.00205437,0.00205437,0.00205437,1272,1,1272,1272,1272,18,1,18,18,18
28,90,0.00217622,1,0.00217622,0.00217622,0.00217622,1151,1,1151,1151,1151,17,1,17,17,17
28,90,0.00151414,1,0.00151414,0.00151414,0.00151414,1005,1,1005,1005,1005,15,1,15,15,15
28,90,0.00168141,1,0.00168141,0.00168141,0.00168141,1088,1,1088,1088,1088,16,1,16,16,16
28,90,0.00122723,1,0.00122723,0.00122723,0.00122723,1022,1,1022,1022,1022,15,1,15,15,15
28,90,0.0016259,1,0.0016259,0.0016259,0.0016259,1080,1,1080,1080,1080,16,1,16,16,16
28,90,0.00138081,1,0.00138081,0.00138081,0.00138081,1029,1,1029,1029,1029,15,1,15,15,15
28,90,0.00128455,1,0.00128455,0.00128455,0.00128455,934,1,934,934,934,14,1,14,14,14
28,90,0.00142182,1,0.00142182,0.00142182,0.00142182,1006,1,1006,1006,1006,15,1,15,15,15
28,90,0.00182264,1,0.00182264,0.00182264,0.00182264,1096,1,1096,1096,1096,16,1,16,16,16
28,90,0.00166782,1,0.00166782,0.00166782,0.00166782,1077,1,1077,1077,1077,16,1,16,16,16
28,90,0.00231238,1,0.00231238,0.00231238,0.00231238,1242,1,1242,1242,1242,18,1,18,18,18
28,90,0.0013347,1,0.0013347,0.0013347,0.0013347,1003,1,1003,1003,1003,15,1,15,15,15
28,90,0.00156222,1,0.00156222,0.00156222,0.00156222,1068,1,1068,1068,1068,16,1,16,16,16
28,90,0.00107173,1,0.00107173,0.00107173,0.00107173,929,1,929,929,929,14,1,14,14,14
28,90,0.00194078,1,0.00194078,0.00194078,0.00194078,1171,1,1171,1171,1171,17,1,17,17,17
28,90,0.00172013,1,0.00172013,0.00172013,0.00172013,1068,1,1068,1068,1068,16,1,16,16,16
28,90,0.00138944,1,0.00138944,0.00138944,0.00138944,1113,1,1113,1113,1113,16,1,16,16,16
28,90,0.00179197,1,0.00179197,0.00179197,0.00179197,1082,1,1082,1082,1082,16,1,16,16,16
28,90,0.0014193,1,0.0014193,0.0014193,0.0014193,1006,1,1006,1006,1006,15,1,15,15,15
28,90,0.0013916,1,0.0013916,0.0013916,0.0013916,1003,1,1003,1003,1003,15,1,15,15,15
28,90,0.00130352,1,0.00130352,0.00130352,0.00130352,949,1,949,949,949,14,1,14,14,14
28,90,0.00105871,1,0.00105871,0.00105871,0.00105871,1015,1,1015,1015,1015,15,1,15,15,15
28,90,0.00121192,1,0.00121192,0.00121192,0.00121192,1054,1,1054,1054,1054,15,1,15,15,15
28,90,0.00159529,1,0.00159529,0.00159529,0.00159529,1100,1,1100,1100,1100,16,1,16,16,16
28,90,0.00143355,1,0.00143355,0.00143355,0.00143355,994,1,994,994,994,15,1,15,15,15
28,90,0.00205028,1,0.00205028,0.00205028,0.00205028,1158,1,1158,1158,1158,17,1,17,17,17
28,90,0.00223076,1,0.00223076,0.00223076,0.00223076,1268,1,1268,1268,1268,18,1,18,18,18
28,90,0.00120091,1,0.00120091,0.00120091,0.00120091,1014,1,1014,1014,1014,15,1,15,15,15
28,90,0.00159163,1,0.00159163,0.00159163,0.00159163,1096,1,1096,1096,1096,16,1,16,16,16
28,90,0.00139956,1,0.00139956,0.00139956,0.00139956,1006,1,1006,1006,1006,15,1,15,15,15
28,90,0.0014929,1,0.0014929,0.0014929,0.0014929,1087,1,1087,1087,1087,16,1,16,16,16
28,90,0.00149326,1,0.00149326,0.00149326,0.00149326,1010,1,1010,1010,1010,15,1,15,15,15
28,90,0.001127,1,0.001127,0.001127,0.001127,968,1,968,968,968,14,1,14,14,14
28,90,0.0011013,1,0.0011013,0.0011013,0.0011013,1032,1,1032,1032,1032,15,1,15,15,15
28,90,0.0014188,1,0.0014188,0.0014188,0.0014188,1006,1,1006,1006,1006,15,1,15,15,15
28,90,0.00104854,1,0.00104854,0.00104854,0.00104854,957,1,957,957,957,14,1,14,14,14
28,90,0.00175988,1,0.00175988,0.00175988,0.00175988,1069,1,1069,1069,1069,16,1,16,16,16
28,90,0.00122462,1,0.00122462,0.00122462,0.00122462,989,1,989,989,989,15,1,15,15,15
28,90,0.00186819,1,0.00186819,0.00186819,0.00186819,1159,1,1159,1159,1159,17,1,17,17,17
28,90,0.0012752,1,0.0012752,0.0012752,0.0012752,1025,1,1025,1025,1025,15,1,15,15,15
28,90,0.00175925,1,0.00175925,0.00175925,0.00175925,1080,1,1080,1080,1080,16,1,16,16,16
28,90,0.0014919,1,0.0014919,0.0014919,0.0014919,1090,1,1090,1090,1090,16,1,16,16,16
28,90,0.00213634,1,0.00213634,0.00213634,0.00213634,1154,1,1154,1154,1154,17,1,17,17,17
28,90,0.00148745,1,0.00148745,0.00148745,0.00148745,986,1,986,986,986,15,1,15,15,15
28,90,0.00170947,1,0.00170947,0.00170947,0.00170947,1084,1,1084,1084,1084,16,1,16,16,16
28,90,0.00119251,1,0.00119251,0.00119251,0.00119251,1025,1,1025,1025,1025,15,1,15,15,15
28,90,0.00116216,1,0.00116216,0.00116216,0.00116216,929,1,929,929,929,14,1,14,14,14
28,90,0.00146295,1,0.00146295,0.00146295,0.00146295,1111,1,1111,1111,1111,16,1,16,16,16
28,90,0.0014842,1,0.0014842,0.0014842,0.0014842,1007,1,1007,1007,1007,15,1,15,15,15
28,90,0.00122339,1,0.00122339,0.00122339,0.00122339,1022,1,1022,1022,1022,15,1,15,15,15
28,90,0.00183144,1,0.00183144,0.00183144,0.00183144,1207,1,1207,1207,1207,17,1,17,17,17
28,90,0.00150257,1,0.00150257,0.00150257,0.00150257,1072,1,1072,1072,1072,16,1,16,16,16
28,90,0.00169825,1,0.00169825,0.00169825,0.00169825,1080,1,1080,1080,1080,16,1,16,16,16
28,90,0.00166099,1,0.00166099,0.00166099,0.00166099,1071,1,1071,1071,1071,16,1,16,16,16
28,90,0.00168234,1,0.00168234,0.00168234,0.00168234,1099,1,1099,1099,1099,16,1,16,16,16
28,90,0.00158035,1,0.00158035,0.00158035,0.00158035,1097,1,1097,1097,1097,16,1,16,16,16
28,90,0.00134135,1,0.00134135,0.00134135,0.00134135,1041,1,1041,1041,1041,15,1,15,15,15
28,90,0.00168482,1,0.00168482,0.00168482,0.00168482,1093,1,1093,1093,1093,16,1,16,16,16
28,90,0.00107868,1,0.00107868,0.00107868,0.00107868,939,1,939,939,939,14,1,14,14,14
28,90,0.00181511,1,0.00181511,0.00181511,0.00181511,1154,1,1154,1154,1154,17,1,17,17,17
28,90,0.0015825,1,0.0015825,0.0015825,0.0015825,1097,1,1097,1097,1097,16,1,16,16,16
28,90,0.00101124,1,0.00101124,0.00101124,0.00101124,959,1,959,959,959,14,1,14,14,14
28,90,0.00159269,1,0.00159269,0.00159269,0.00159269,1067,1,1067,1067,1067,16,1,16,16,16
28,90,0.00166962,1,0.00166962,0.00166962,0.00166962,1094,1,1094,1094,1094,16,1,16,16,16
28,90,0.00174051,1,0.00174051,0.00174051,0.00174051,1077,1,1077,1077,1077,16,1,16,16,16
28,90,0.00166711,1,0.00166711,0.00166711,0.00166711,1095,1,1095,1095,1095,16,1,16,16,16
28,90,0.0015469,1,0.0015469,0.0015469,0.0015469,1083,1,1083,1083,1083,16,1,16,16,16
28,90,0.00175441,1,0.00175441,0.00175441,0.00175441,1077,1,1077,1077,1077,16,1,16,16,16
28,90,0.00208374,1,0.00208374,0.00208374,0.00208374,1143,1,1143,1143,1143,17,1,17,17,17
28,90,0.00120217,1,0.00120217,0.00120217,0.00120217,939,1,939,939,939,14,1,14,14,14
28,90,0.00185919,1,0.00185919,0.00185919,0.00185919,1167,1,1167,1167,1167,17,1,17,17,17
28,90,0.00181963,1,0.00181963,0.00181963,0.00181963,1167,1,1167,1167,1167,17,1,17,17,17
28,90,0.00220299,1,0.00220299,0.00220299,0.00220299,1252,1,1252,1252,1252,18,1,18,18,18
28,90,0.00188597,1,0.00188597,0.00188597,0.00188597,1189,1,1189,1189,1189,17,1,17,17,17
28,90,0.00163397,1,0.00163397,0.00163397,0.00163397,1119,1,1119,1119,1119,16,1,16,16,16
28,90,0.00162844,1,0.00162844,0.00162844,0.00162844,1064,1,1064,1064,1064,16,1,16,16,16
28,90,0.0017905,1,0.0017905,0.0017905,0.0017905,1064,1,1064,1064,1064,16,1,16,16,16
28,90,0.00169886,1,0.00169886,0.00169886,0.00169886,1087,1,1087,1087,1087,16,1,16,16,16
28,90,0.00146269,1,0.00146269,0.00146269,0.00146269,1014,1,1014,1014,1014,15,1,15,15,15
28,90,0.00125869,1,0.00125869,0.00125869,0.00125869,1027,1,1027,1027,1027,15,1,15,15,15
28,90,0.0016168,1,0.0016168,0.0016168,0.0016168,1086,1,1086,1086,1086,16,1,16,16,16
28,90,0.00164086,1,0.00164086,0.00164086,0.00164086,1073,1,1073,1073,1073,16,1,16,16,16
28,90,0.00108478,1,0.00108478,0.00108478,0.00108478,937,1,937,937,937,14,1,14,14,14
28,90,0.00191556,1,0.00191556,0.00191556,0.00191556,1147,1,1147,1147,1147,17,1,17,17,17
28,90,0.00203388,1,0.00203388,0.00203388,0.00203388,1186,1,1186,1186,1186,17,1,17,17,17
28,90,0.00155381,1,0.00155381,0.00155381,0.00155381,996,1,996,996,996,15,1,15,15,15
28,90,0.00130444,1,0.00130444,0.00130444,0.00130444,1018,1,1018,1018,1018,15,1,15,15,15
28,90,0.00158126,1,0.00158126,0.00158126,0.00158126,994,1,994,994,994,15,1,15,15,15
28,90,0.0015952,1,0.0015952,0.0015952,0.0015952,1075,1,1075,1075,1075,16,1,16,16,16
28,90,0.00155678,1,0.00155678,0.00155678,0.00155678,1085,1,1085,1085,1085,16,1,16,16,16
28,90,0.00122739,1,0.00122739,0.00122739,0.00122739,1028,1,1028,1028,1028,15,1,15,15,15
28,90,0.00149256,1,0.00149256,0.00149256,0.00149256,1017,1,1017,1017,1017,15,1,15,15,15
28,90,0.00162715,1,0.00162715,0.00162715,0.00162715,1077,1,1077,1077,1077,16,1,16,16,16
28,90,0.00174716,1,0.00174716,0.00174716,0.00174716,1069,1,1069,1069,1069,16,1,16,16,16
28,90,0.00146294,1,0.00146294,0.00146294,0.00146294,1114,1,1114,1114,1114,16,1,16,16,16
28,90,0.00110755,1,0.00110755,0.00110755,0.00110755,943,1,943,943,943,14,1,14,14,14
28,90,0.00116747,1,0.00116747,0.00116747,0.00116747,952,1,952,952,952,14,1,14,14,14
28,90,0.00141576,1,0.00141576,0.00141576,0.00141576,1010,1,1010,1010,1010,15,1,15,15,15
28,90,0.00142692,1,0.00142692,0.00142692,0.00142692,997,1,997,997,997,15,1,15,15,15
28,90,0.00133336,1,0.00133336,0.00133336,0.00133336,1013,1,1013,1013,1013,15,1,15,15,15
28,90,0.00124015,1,0.00124015,0.00124015,0.00124015,1105,1,1105,1105,1105,16,1,16,16,16
28,90,0.00181903,1,0.00181903,0.00181903,0.00181903,1064,1,1064,1064,1064,16,1,16,16,16
28,90,0.00129787,1,0.00129787,0.00129787,0.00129787,921,1,921,921,921,14,1,14,14,14
28,90,0.00198139,1,0.00198139,0.00198139,0.00198139,1129,1,1129,1129,1129,17,1,17,17,17
28,90,0.000989162,1,0.000989162,0.000989162,0.000989162,961,1,961,961,961,14,1,14,14,14
28,90,0.00187366,1,0.00187366,0.00187366,0.00187366,1078,1,1078,1078,1078,16,1,16,16,16
28,90,0.00126468,1,0.00126468,0.00126468,0.00126468,934,1,934,934,934,14,1,14,14,14
28,90,0.00134533,1,0.00134533,0.00134533,0.00134533,1011,1,1011,1011,1011,15,1,15,15,15
28,90,0.00137977,1,0.00137977,0.00137977,0.00137977,1018,1,1018,1018,1018,15,1,15,15,15
28,90,0.00135704,1,0.00135704,0.00135704,0.00135704,1015,1,1015,1015,1015,15,1,15,15,15
28,90,0.00164297,1,0.00164297,0.00164297,0.00164297,1177,1,1177,1177,1177,17,1,17,17,17
28,90,0.00153998,1,0.00153998,0.00153998,0.00153998,1088,1,1088,1088,1088,16,1,16,16,16
28,90,0.000952442,1,0.000952442,0.000952442,0.000952442,971,1,971,971,971,14,1,14,14,14
28,90,0.00217847,1,0.00217847,0.00217847,0.00217847,1259,1,1259,1259,1259,18,1,18,18,18
28,90,0.00171008,1,0.00171008,0.00171008,0.00171008,1075,1,1075,1075,1075,16,1,16,16,16
28,90,0.00210613,1,0.00210613,0.00210613,0.00210613,1160,1,1160,1160,1160,17,1,17,17,17
28,90,0.00201917,1,0.00201917,0.00201917,0.00201917,1153,1,1153,1153,1153,17,1,17,17,17
28,90,0.00137586,1,0.00137586,0.00137586,0.00137586,988,1,988,988,988,15,1,15,15,15
28,90,0.00145778,1,0.00145778,0.00145778,0.00145778,1006,1,1006,1006,1006,15,1,15,15,15
28,90,0.00131175,1,0.00131175,0.00131175,0.00131175,1010,1,1010,1010,1010,15,1,15,15,15
28,90,0.000992643,1,0.000992643,0.000992643,0.000992643,878,1,878,878,878,13,1,13,13,13
28,90,0.00125594,1,0.00125594,0.00125594,0.00125594,1037,1,1037,1037,1037,15,1,15,15,15
28,90,0.00197247,1,0.00197247,0.00197247,0.00197247,1155,1,1155,1155,1155,17,1,17,17,17
28,90,0.00139041,1,0.00139041,0.00139041,0.00139041,1015,1,1015,1015,1015,15,1,15,15,15
28,90,0.00150706,1,0.00150706,0.00150706,0.00150706,1026,1,1026,1026,1026,15,1,15,15,15
28,90,0.00171615,1,0.00171615,0.00171615,0.00171615,1079,1,1079,1079,1079,16,1,16,16,16
28,90,0.00142813,1,0.00142813,0.00142813,0.00142813,1000,1,1000,1000,1000,15,1,15,15,15
28,90,0.00133538,1,0.00133538,0.00133538,0.00133538,1017,1,1017,1017,1017,15,1,15,15,15
28,90,0.00152285,1,0.00152285,0.00152285,0.00152285,994,1,994,994,994,15,1,15,15,15
28,90,0.00145399,1,0.00145399,0.00145399,0.00145399,997,1,997,997,997,15,1,15,15,15
28,90,0.00130862,1,0.00130862,0.00130862,0.00130862,1031,1,1031,1031,1031,15,1,15,15,15
28,90,0.00146416,1,0.00146416,0.00146416,0.00146416,1097,1,1097,1097,1097,16,1,16,16,16
28,90,0.00110869,1,0.00110869,0.00110869,0.00110869,931,1,931,931,931,14,1,14,14,14
28,90,0.0018919,1,0.0018919,0.0018919,0.0018919,1157,1,1157,1157,1157,17,1,17,17,17
28,90,0.00142739,1,0.00142739,0.00142739,0.00142739,999,1,999,999,999,15,1,15,15,15
28,90,0.00191592,1,0.00191592,0.00191592,0.00191592,1167,1,1167,1167,1167,17,1,17,17,17
28,90,0.00142809,1,0.00142809,0.00142809,0.00142809,998,1,998,998,998,15,1,15,15,15
28,90,0.00136757,1,0.00136757,0.00136757,0.00136757,997,1,997,997,997,15,1,15,15,15
28,90,0.00165337,1,0.00165337,0.00165337,0.00165337,1070,1,1070,1070,1070,16,1,16,16,16
28,90,0.00175465,1,0.00175465,0.00175465,0.00175465,1153,1,1153,1153,1153,17,1,17,17,17
28,90,0.00140608,1,0.00140608,0.00140608,0.00140608,1090,1,1090,1090,1090,16,1,16,16,16
28,90,0.00188458,1,0.00188458,0.00188458,0.00188458,1164,1,1164,1164,1164,17,1,17,17,17
28,90,0.00122331,1,0.00122331,0.00122331,0.00122331,940,1,940,940,940,14,1,14,14,14
28,90,0.00175717,1,0.00175717,0.00175717,0.00175717,1081,1,1081,1081,1081,16,1,16,16,16
28,90,0.00208324,1,0.00208324,0.00208324,0.00208324,1239,1,1239,1239,1239,18,1,18,18,18
28,90,0.00204223,1,0.00204223,0.00204223,0.00204223,1246,1,1246,1246,1246,18,1,18,18,18
28,90,0.00114437,1,0.00114437,0.00114437,0.00114437,950,1,950,950,950,14,1,14,14,14
28,90,0.00159078,1,0.00159078,0.00159078,0.00159078,1110,1,1110,1110,1110,16,1,16,16,16
28,90,0.00179295,1,0.00179295,0.00179295,0.00179295,1076,1,1076,1076,1076,16,1,16,16,16
28,90,0.00199483,1,0.00199483,0.00199483,0.00199483,1158,1,1158,1158,1158,17,1,17,17,17
28,90,0.00125702,1,0.00125702,0.00125702,0.00125702,1015,1,1015,1015,1015,15,1,15,15,15
28,90,0.00103625,1,0.00103625,0.00103625,0.00103625,1031,1,1031,1031,1031,15,1,15,15,15
28,90,0.00156735,1,0.00156735,0.00156735,0.00156735,1079,1,1079,1079,1079,16,1,16,16,16
28,90,0.00159561,1,0.00159561,0.00159561,0.00159561,1018,1,1018,1018,1018,15,1,15,15,15
28,90,0.00228369,1,0.00228369,0.00228369,0.00228369,1261,1,1261,1261,1261,18,1,18,18,18
28,90,0.00177466,1,0.00177466,0.00177466,0.00177466,1097,1,1097,1097,1097,16,1,16,16,16
28,90,0.002382,1,0.002382,0.002382,0.002382,1234,1,1234,1234,1234,18,1,18,18,18
28,90,0.00151468,1,0.00151468,0.00151468,0.00151468,1101,1,1101,1101,1101,16,1,16,16,16
28,90,0.00258562,1,0.00258562,0.00258562,0.00258562,1338,1,1338,1338,1338,19,1,19,19,19
28,90,0.0014182,1,0.0014182,0.0014182,0.0014182,1013,1,1013,1013,1013,15,1,15,15,15
28,90,0.00127961,1,0.00127961,0.00127961,0.00127961,1018,1,1018,1018,1018,15,1,15,15,15
28,90,0.00154496,1,0.00154496,0.00154496,0.00154496,983,1,983,983,983,15,1,15,15,15
28,90,0.00124263,1,0.00124263,0.00124263,0.00124263,940,1,940,940,940,14,1,14,14,14
28,90,0.00188574,1,0.00188574,0.00188574,0.00188574,1151,1,1151,1151,1151,17,1,17,17,17
28,90,0.00169411,1,0.00169411,0.00169411,0.00169411,1075,1,1075,1075,1075,16,1,16,16,16
28,90,0.00110307,1,0.00110307,0.00110307,0.00110307,943,1,943,943,943,14,1,14,14,14
28,90,0.00151869,1,0.00151869,0.00151869,0.00151869,1093,1,1093,1093,1093,16,1,16,16,16
28,90,0.000978352,1,0.000978352,0.000978352,0.000978352,953,1,953,953,953,14,1,14,14,14
28,90,0.00149446,1,0.00149446,0.00149446,0.00149446,990,1,990,990,990,15,1,15,15,15
28,90,0.00123005,1,0.00123005,0.00123005,0.00123005,1040,1,1040,1040,1040,15,1,15,15,15
28,90,0.00170515,1,0.00170515,0.00170515,0.00170515,1082,1,1082,1082,1082,16,1,16,16,16
28,90,0.00170741,1,0.00170741,0.00170741,0.00170741,1067,1,1067,1067,1067,16,1,16,16,16
28,90,0.00111049,1,0.00111049,0.00111049,0.00111049,954,1,954,954,954,14,1,14,14,14
28,90,0.00165525,1,0.00165525,0.00165525,0.00165525,1079,1,1079,1079,1079,16,1,16,16,16
28,90,0.00130876,1,0.00130876,0.00130876,0.00130876,1014,1,1014,1014,1014,15,1,15,15,15
28,90,0.00164361,1,0.00164361,0.00164361,0.00164361,1094,1,1094,1094,1094,16,1,16,16,16
28,90,0.00135913,1,0.00135913,0.00135913,0.00135913,1031,1,1031,1031,1031,15,1,15,15,15
28,90,0.00165788,1,0.00165788,0.00165788,0.00165788,1069,1,1069,1069,1069,16,1,16,16,16
28,90,0.0020897,1,0.0020897,0.0020897,0.0020897,1148,1,1148,1148,1148,17,1,17,17,17
28,90,0.00120388,1,0.00120388,0.00120388,0.00120388,1009,1,1009,1009,1009,15,1,15,15,15
28,90,0.00113894,1,0.00113894,0.00113894,0.00113894,954,1,954,954,954,14,1,14,14,14
28,90,0.00189849,1,0.00189849,0.00189849,0.00189849,1149,1,1149,1149,1149,17,1,17,17,17
28,90,0.00144509,1,0.00144509,0.00144509,0.00144509,1108,1,1108,1108,1108,16,1,16,16,16
28,90,0.00162142,1,0.00162142,0.00162142,0.00162142,1116,1,1116,1116,1116,16,1,16,16,16
28,90,0.00118426,1,0.00118426,0.00118426,0.00118426,1026,1,1026,1026,1026,15,1,15,15,15
28,90,0.00232945,1,0.00232945,0.00232945,0.00232945,1221,1,1221,1221,1221,18,1,18,18,18
28,90,0.00186675,1,0.00186675,0.00186675,0.00186675,1187,1,1187,1187,1187,17,1,17,17,17
28,90,0.00119515,1,0.00119515,0.00119515,0.00119515,938,1,938,938,938,14,1,14,14,14
28,90,0.00158394,1,0.00158394,0.00158394,0.00158394,1086,1,1086,1086,1086,16,1,16,16,16
28,90,0.00161761,1,0.00161761,0.00161761,0.00161761,1099,1,1099,1099,1099,16,1,16,16,16
28,90,0.00253784,1,0.00253784,0.00253784,0.00253784,1340,1,1340,1340,1340,19,1,19,19,19
28,90,0.00129,1,0.00129,0.00129,0.00129,916,1,916,916,916,14,1,14,14,14
28,90,0.00170571,1,0.00170571,0.00170571,0.00170571,1092,1,1092,1092,1092,16,1,16,16,16
28,90,0.00146476,1,0.00146476,0.00146476,0.00146476,1086,1,1086,1086,1086,16,1,16,16,16
28,90,0.00200941,1,0.00200941,0.00200941,0.00200941,1158,1,1158,1158,1158,17,1,17,17,17
28,90,0.00130395,1,0.00130395,0.00130395,0.00130395,1021,1,1021,1021,1021,15,1,15,15,15
28,90,0.001575,1,0.001575,0.001575,0.001575,1089,1,1089,1089,1089,16,1,16,16,16
28,90,0.00124658,1,0.00124658,0.00124658,0.00124658,1043,1,1043,1043,1043,15,1,15,15,15
28,90,0.00122671,1,0.00122671,0.00122671,0.00122671,958,1,958,958,958,14,1,14,14,14
28,90,0.00176721,1,0.00176721,0.00176721,0.00176721,1109,1,1109,1109,1109,16,1,16,16,16
28,90,0.00161226,1,0.00161226,0.00161226,0.00161226,1102,1,1102,1102,1102,16,1,16,16,16
28,90,0.00118712,1,0.00118712,0.00118712,0.00118712,930,1,930,930,930,14,1,14,14,14
28,90,0.00230631,1,0.00230631,0.00230631,0.00230631,1233,1,1233,1233,1233,18,1,18,18,18
28,90,0.00201969,1,0.00201969,0.00201969,0.00201969,1164,1,1164,1164,1164,17,1,17,17,17
28,90,0.00152603,1,0.00152603,0.00152603,0.00152603,1100,1,1100,1100,1100,16,1,16,16,16
28,90,0.00156955,1,0.00156955,0.00156955,0.00156955,1087,1,1087,1087,1087,16,1,16,16,16
28,90,0.00131495,1,0.00131495,0.00131495,0.00131495,1019,1,1019,1019,1019,15,1,15,15,15
28,90,0.0010965,1,0.0010965,0.0010965,0.0010965,962,1,962,962,962,14,1,14,14,14
28,90,0.00198527,1,0.00198527,0.00198527,0.00198527,1155,1,1155,1155,1155,17,1,17,17,17
28,90,0.00188468,1,0.00188468,0.00188468,0.00188468,1190,1,1190,1190,1190,17,1,17,17,17
28,90,0.00152559,1,0.00152559,0.00152559,0.00152559,1097,1,1097,1097,1097,16,1,16,16,16
28,90,0.00158778,1,0.00158778,0.00158778,0.00158778,1090,1,1090,1090,1090,16,1,16,16,16
28,90,0.00136755,1,0.00136755,0.00136755,0.00136755,1021,1,1021,1021,1021,15,1,15,15,15
28,90,0.00197186,1,0.00197186,0.00197186,0.00197186,1188,1,1188,1188,1188,17,1,17,17,17
28,90,0.00170714,1,0.00170714,0.00170714,0.00170714,1097,1,1097,1097,1097,16,1,16,16,16
28,90,0.00155496,1,0.00155496,0.00155496,0.00155496,1095,1,1095,1095,1095,16,1,16,16,16
28,90,0.000875187,1,0.000875187,0.000875187,0.000875187,961,1,961,961,961,14,1,14,14,14
28,90,0.00191143,1,0.00191143,0.00191143,0.00191143,1145,1,1145,1145,1145,17,1,17,17,17
28,90,0.00160401,1,0.00160401,0.00160401,0.00160401,1082,1,1082,1082,1082,16,1,16,16,16
28,90,0.00144139,1,0.00144139,0.00144139,0.00144139,992,1,992,992,992,15,1,15,15,15
28,90,0.00143153,1,0.00143153,0.00143153,0.00143153,1024,1,1024,1024,1024,15,1,15,15,15
28,90,0.00147264,1,0.00147264,0.00147264,0.00147264,1016,1,1016,1016,1016,15,1,15,15,15
28,90,0.00136235,1,0.00136235,0.00136235,0.00136235,1030,1,1030,1030,1030,15,1,15,15,15
28,90,0.0013072,1,0.0013072,0.0013072,0.0013072,1046,1,1046,1046,1046,15,1,15,15,15
28,90,0.00237191,1,0.00237191,0.00237191,0.00237191,1247,1,1247,1247,1247,18,1,18,18,18
28,90,0.0012652,1,0.0012652,0.0012652,0.0012652,922,1,922,922,922,14,1,14,14,14
28,90,0.0016233,1,0.0016233,0.0016233,0.0016233,1089,1,1089,1089,1089,16,1,16,16,16
28,90,0.00164059,1,0.00164059,0.00164059,0.00164059,1077,1,1077,1077,1077,16,1,16,16,16
28,90,0.00200513,1,0.00200513,0.00200513,0.00200513,1161,1,1161,1161,1161,17,1,17,17,17
28,90,0.00139473,1,0.00139473,0.00139473,0.00139473,1016,1,1016,1016,1016,15,1,15,15,15
28,90,0.00154718,1,0.00154718,0.00154718,0.00154718,1066,1,1066,1066,1066,16,1,16,16,16
28,90,0.00162667,1,0.00162667,0.00162667,0.00162667,1078,1,1078,1078,1078,16,1,16,16,16
28,90,0.0014317,1,0.0014317,0.0014317,0.0014317,1019,1,1019,1019,1019,15,1,15,15,15
28,90,0.00134627,1,0.00134627,0.00134627,0.00134627,1012,1,1012,1012,1012,15,1,15,15,15
28,90,0.00202077,1,0.00202077,0.00202077,0.00202077,1174,1,1174,1174,1174,17,1,17,17,17
28,90,0.00161226,1,0.00161226,0.00161226,0.00161226,991,1,991,991,991,15,1,15,15,15
28,90,0.00125785,1,0.00125785,0.00125785,0.00125785,1014,1,1014,1014,1014,15,1,15,15,15
28,90,0.0014454,1,0.0014454,0.0014454,0.0014454,1006,1,1006,1006,1006,15,1,15,15,15
28,90,0.00104441,1,0.00104441,0.00104441,0.00104441,876,1,876,876,876,13,1,13,13,13
28,90,0.00146938,1,0.00146938,0.00146938,0.00146938,1031,1,1031,1031,1031,15,1,15,15,15
28,90,0.00155633,1,0.00155633,0.00155633,0.00155633,1102,1,1102,1102,1102,16,1,16,16,16
28,90,0.00171422,1,0.00171422,0.00171422,0.00171422,1078,1,1078,1078,1078,16,1,16,16,16
28,90,0.00154582,1,0.00154582,0.00154582,0.00154582,1107,1,1107,1107,1107,16,1,16,16,16
28,90,0.00139635,1,0.00139635,0.00139635,0.00139635,990,1,990,990,990,15,1,15,15,15
28,90,0.00183612,1,0.00183612,0.00183612,0.00183612,1154,1,1154,1154,1154,17,1,17,17,17
28,90,0.00174332,1,0.00174332,0.00174332,0.00174332,1078,1,1078,1078,1078,16,1,16,16,16
28,90,0.00120367,1,0.00120367,0.00120367,0.00120367,1036,1,1036,1036,1036,15,1,15,15,15
28,90,0.0018313,1,0.0018313,0.0018313,0.0018313,1077,1,1077,1077,1077,16,1,16,16,16
28,90,0.00174142,1,0.00174142,0.00174142,0.00174142,1081,1,1081,1081,1081,16,1,16,16,16
28,90,0.00188746,1,0.00188746,0.00188746,0.00188746,1133,1,1133,1133,1133,17,1,17,17,17
28,90,0.00210092,1,0.00210092,0.00210092,0.00210092,1151,1,1151,1151,1151,17,1,17,17,17
28,90,0.00137127,1,0.00137127,0.00137127,0.00137127,936,1,936,936,936,14,1,14,14,14
28,90,0.00164603,1,0.00164603,0.00164603,0.00164603,1096,1,1096,1096,1096,16,1,16,16,16
28,90,0.00170324,1,0.00170324,0.00170324,0.00170324,1112,1,1112,1112,1112,16,1,16,16,16
28,90,0.00174156,1,0.00174156,0.00174156,0.00174156,1084,1,1084,1084,1084,16,1,16,16,16
28,90,0.00166079,1,0.00166079,0.00166079,0.00166079,1089,1,1089,1089,1089,16,1,16,16,16
28,90,0.00168508,1,0.00168508,0.00168508,0.00168508,1079,1,1079,1079,1079,16,1,16,16,16
28,90,0.00213754,1,0.00213754,0.00213754,0.00213754,1244,1,1244,1244,1244,18,1,18,18,18
28,90,0.00148053,1,0.00148053,0.00148053,0.00148053,1111,1,1111,1111,1111,16,1,16,16,16
28,90,0.00158062,1,0.00158062,0.00158062,0.00158062,1099,1,1099,1099,1099,16,1,16,16,16
28,90,0.0013103,1,0.0013103,0.0013103,0.0013103,1015,1,1015,1015,1015,15,1,15,15,15
28,90,0.00173981,1,0.00173981,0.00173981,0.00173981,1063,1,1063,1063,1063,16,1,16,16,16
28,90,0.0013012,1,0.0013012,0.0013012,0.0013012,1009,1,1009,1009,1009,15,1,15,15,15
28,90,0.00144825,1,0.00144825,0.00144825,0.00144825,1010,1,1010,1010,1010,15,1,15,15,15
28,90,0.00208071,1,0.00208071,0.00208071,0.00208071,1143,1,1143,1143,1143,17,1,17,17,17
28,90,0.00201734,1,0.00201734,0.00201734,0.00201734,1152,1,1152,1152,1152,17,1,17,17,17
28,90,0.00137495,1,0.00137495,0.00137495,0.00137495,1002,1,1002,1002,1002,15,1,15,15,15
28,90,0.00140884,1,0.00140884,0.00140884,0.00140884,1015,1,1015,1015,1015,15,1,15,15,15
28,90,0.00132443,1,0.00132443,0.00132443,0.00132443,1002,1,1002,1002,1002,15,1,15,15,15
28,90,0.00208482,1,0.00208482,0.00208482,0.00208482,1151,1,1151,1151,1151,17,1,17,17,17
28,90,0.00193445,1,0.00193445,0.00193445,0.00193445,1144,1,1144,1144,1144,17,1,17,17,17
28,90,0.00134325,1,0.00134325,0.00134325,0.00134325,993,1,993,993,993,15,1,15,15,15
28,90,0.00161063,1,0.00161063,0.00161063,0.00161063,1059,1,1059,1059,1059,16,1,16,16,16
28,90,0.00248774,1,0.00248774,0.00248774,0.00248774,1235,1,1235,1235,1235,18,1,18,18,18
28,90,0.00165886,1,0.00165886,0.00165886,0.00165886,1085,1,1085,1085,1085,16,1,16,16,16
28,90,0.00206179,1,0.00206179,0.00206179,0.00206179,1160,1,1160,1160,1160,17,1,17,17,17
28,90,0.00126586,1,0.00126586,0.00126586,0.00126586,1005,1,1005,1005,1005,15,1,15,15,15
28,90,0.00178524,1,0.00178524,0.00178524,0.00178524,1079,1,1079,1079,1079,16,1,16,16,16
28,90,0.00181825,1,0.00181825,0.00181825,0.00181825,1094,1,1094,1094,1094,16,1,16,16,16
28,90,0.00174045,1,0.00174045,0.00174045,0.00174045,1087,1,1087,1087,1087,16,1,16,16,16
28,90,0.00141135,1,0.00141135,0.00141135,0.00141135,1136,1,1136,1136,1136,16,1,16,16,16
28,90,0.00169706,1,0.00169706,0.00169706,0.00169706,1063,1,1063,1063,1063,16,1,16,16,16
28,90,0.00198388,1,0.00198388,0.00198388,0.00198388,1147,1,1147,1147,1147,17,1,17,17,17
28,90,0.000937349,1,0.000937349,0.000937349,0.000937349,960,1,960,960,960,14,1,14,14,14
28,90,0.0014482,1,0.0014482,0.0014482,0.0014482,1113,1,1113,1113,1113,16,1,16,16,16
28,90,0.00142978,1,0.00142978,0.00142978,0.00142978,1022,1,1022,1022,1022,15,1,15,15,15
28,90,0.0021473,1,0.0021473,0.0021473,0.0021473,1173,1,1173,1173,1173,17,1,17,17,17
28,90,0.00148634,1,0.00148634,0.00148634,0.00148634,1022,1,1022,1022,1022,15,1,15,15,15
28,90,0.00115722,1,0.00115722,0.00115722,0.00115722,1023,1,1023,1023,1023,15,1,15,15,15
28,90,0.00105966,1,0.00105966,0.00105966,0.00105966,958,1,958,958,958,14,1,14,14,14
28,90,0.00196778,1,0.00196778,0.00196778,0.00196778,1170,1,1170,1170,1170,17,1,17,17,17
28,90,0.00165652,1,0.00165652,0.00165652,0.00165652,1056,1,1056,1056,1056,16,1,16,16,16
28,90,0.00170485,1,0.00170485,0.00170485,0.00170485,1077,1,1077,1077,1077,16,1,16,16,16
28,90,0.0023233,1,0.0023233,0.0023233,0.0023233,1239,1,1239,1239,1239,18,1,18,18,18
28,90,0.00138888,1,0.00138888,0.00138888,0.00138888,1010,1,1010,1010,1010,15,1,15,15,15
28,90,0.0017303,1,0.0017303,0.0017303,0.0017303,1100,1,1100,1100,1100,16,1,16,16,16
28,90,0.00137017,1,0.00137017,0.00137017,0.00137017,1029,1,1029,1029,1029,15,1,15,15,15
28,90,0.00159149,1,0.00159149,0.00159149,0.00159149,1087,1,1087,1087,1087,16,1,16,16,16
28,90,0.00166071,1,0.00166071,0.00166071,0.00166071,1067,1,1067,1067,1067,16,1,16,16,16
28,90,0.00136561,1,0.00136561,0.00136561,0.00136561,1003,1,1003,1003,1003,15,1,15,15,15
28,90,0.00134008,1,0.00134008,0.00134008,0.00134008,1021,1,1021,1021,1021,15,1,15,15,15
28,90,0.00167112,1,0.00167112,0.00167112,0.00167112,1066,1,1066,1066,1066,16,1,16,16,16
28,90,0.00166435,1,0.00166435,0.00166435,0.00166435,1096,1,1096,1096,1096,16,1,16,16,16
28,90,0.00118731,1,0.00118731,0.00118731,0.00118731,1025,1,1025,1025,1025,15,1,15,15,15
28,90,0.00128381,1,0.00128381,0.00128381,0.00128381,941,1,941,941,941,14,1,14,14,14
28,90,0.000997226,1,0.000997226,0.000997226,0.000997226,963,1,963,963,963,14,1,14,14,14
28,90,0.00119093,1,0.00119093,0.00119093,0.00119093,1046,1,1046,1046,1046,15,1,15,15,15
28,90,0.00139314,1,0.00139314,0.00139314,0.00139314,1023,1,1023,1023,1023,15,1,15,15,15
28,90,0.00126941,1,0.00126941,0.00126941,0.00126941,1018,1,1018,1018,1018,15,1,15,15,15
28,90,0.00116665,1,0.00116665,0.00116665,0.00116665,1017,1,1017,1017,1017,15,1,15,15,15
28,90,0.00112884,1,0.00112884,0.00112884,0.00112884,1061,1,1061,1061,1061,15,1,15,15,15
28,90,0.00164247,1,0.00164247,0.00164247,0.00164247,977,1,977,977,977,15,1,15,15,15
28,90,0.00112302,1,0.00112302,0.00112302,0.00112302,941,1,941,941,941,14,1,14,14,14
28,90,0.00143694,1,0.00143694,0.00143694,0.00143694,999,1,999,999,999,15,1,15,15,15
28,90,0.00137524,1,0.00137524,0.00137524,0.00137524,1012,1,1012,1012,1012,15,1,15,15,15
28,90,0.00142721,1,0.00142721,0.00142721,0.00142721,1005,1,1005,1005,1005,15,1,15,15,15
28,90,0.00121133,1,0.00121133,0.00121133,0.00121133,952,1,952,952,952,14,1,14,14,14
28,90,0.00208796,1,0.00208796,0.00208796,0.00208796,1160,1,1160,1160,1160,17,1,17,17,17
28,90,0.00116501,1,0.00116501,0.00116501,0.00116501,1033,1,1033,1033,1033,15,1,15,15,15
28,90,0.00156382,1,0.00156382,0.00156382,0.00156382,1096,1,1096,1096,1096,16,1,16,16,16
28,90,0.0013402,1,0.0013402,0.0013402,0.0013402,1013,1,1013,1013,1013,15,1,15,15,15
28,90,0.00141674,1,0.00141674,0.00141674,0.00141674,1002,1,1002,1002,1002,15,1,15,15,15
28,90,0.0011844,1,0.0011844,0.0011844,0.0011844,945,1,945,945,945,14,1,14,14,14
28,90,0.00125233,1,0.00125233,0.00125233,0.00125233,1035,1,1035,1035,1035,15,1,15,15,15
28,90,0.00144717,1,0.00144717,0.00144717,0.00144717,1093,1,1093,1093,1093,16,1,16,16,16
28,90,0.00123711,1,0.00123711,0.00123711,0.00123711,946,1,946,946,946,14,1,14,14,14
28,90,0.0023492,1,0.0023492,0.0023492,0.0023492,1248,1,1248,1248,1248,18,1,18,18,18
28,90,0.00155948,1,0.00155948,0.00155948,0.00155948,1065,1,1065,1065,1065,16,1,16,16,16
28,90,0.00162754,1,0.00162754,0.00162754,0.00162754,1096,1,1096,1096,1096,16,1,16,16,16
28,90,0.00102361,1,0.00102361,0.00102361,0.00102361,908,1,908,908,908,13,1,13,13,13
28,90,0.00165233,1,0.00165233,0.00165233,0.00165233,1095,1,1095,1095,1095,16,1,16,16,16
28,90,0.00117443,1,0.00117443,0.00117443,0.00117443,957,1,957,957,957,14,1,14,14,14
28,90,0.00232548,1,0.00232548,0.00232548,0.00232548,1257,1,1257,1257,1257,18,1,18,18,18
28,90,0.00112313,1,0.00112313,0.00112313,0.00112313,951,1,951,951,951,14,1,14,14,14
28,90,0.00138008,1,0.00138008,0.00138008,0.00138008,1038,1,1038,1038,1038,15,1,15,15,15
28,90,0.00144666,1,0.00144666,0.00144666,0.00144666,1006,1,1006,1006,1006,15,1,15,15,15
28,90,0.00194322,1,0.00194322,0.00194322,0.00194322,1188,1,1188,1188,1188,17,1,17,17,17
28,90,0.00114899,1,0.00114899,0.00114899,0.00114899,940,1,940,940,940,14,1,14,14,14
28,90,0.00185754,1,0.00185754,0.00185754,0.00185754,1156,1,1156,1156,1156,17,1,17,17,17
28,90,0.00146452,1,0.00146452,0.00146452,0.00146452,998,1,998,998,998,15,1,15,15,15
28,90,0.00131576,1,0.00131576,0.00131576,0.00131576,1007,1,1007,1007,1007,15,1,15,15,15
28,90,0.00122579,1,0.00122579,0.00122579,0.00122579,1021,1,1021,1021,1021,15,1,15,15,15
28,90,0.00130627,1,0.00130627,0.00130627,0.00130627,1037,1,1037,1037,1037,15,1,15,15,15
28,90,0.00128241,1,0.00128241,0.00128241,0.00128241,941,1,941,941,941,14,1,14,14,14
28,90,0.00178067,1,0.00178067,0.00178067,0.00178067,1097,1,1097,1097,1097,16,1,16,16,16
28,90,0.00158947,1,0.00158947,0.00158947,0.00158947,1002,1,1002,1002,1002,15,1,15,15,15
28,90,0.00192168,1,0.00192168,0.00192168,0.00192168,1165,1,1165,1165,1165,17,1,17,17,17
28,90,0.00138452,1,0.00138452,0.00138452,0.00138452,1017,1,1017,1017,1017,15,1,15,15,15
28,90,0.00109657,1,0.00109657,0.00109657,0.00109657,1037,1,1037,1037,1037,15,1,15,15,15
28,90,0.00151826,1,0.00151826,0.00151826,0.00151826,1117,1,1117,1117,1117,16,1,16,16,16
28,90,0.00190254,1,0.00190254,0.00190254,0.00190254,1178,1,1178,1178,1178,17,1,17,17,17
28,90,0.00163977,1,0.00163977,0.00163977,0.00163977,1081,1,1081,1081,1081,16,1,16,16,16
28,90,0.00136371,1,0.00136371,0.00136371,0.00136371,1017,1,1017,1017,1017,15,1,15,15,15
28,90,0.00140635,1,0.00140635,0.00140635,0.00140635,991,1,991,991,991,15,1,15,15,15
28,90,0.00156615,1,0.00156615,0.00156615,0.00156615,1013,1,1013,1013,1013,15,1,15,15,15
28,90,0.00140711,1,0.00140711,0.00140711,0.00140711,1095,1,1095,1095,1095,16,1,16,16,16
28,90,0.0013611,1,0.0013611,0.0013611,0.0013611,1007,1,1007,1007,1007,15,1,15,15,15
28,90,0.00130437,1,0.00130437,0.00130437,0.00130437,1053,1,1053,1053,1053,15,1,15,15,15
28,90,0.00177184,1,0.00177184,0.00177184,0.00177184,1201,1,1201,1201,1201,17,1,17,17,17
28,90,0.00237626,1,0.00237626,0.00237626,0.00237626,1255,1,1255,1255,1255,18,1,18,18,18
28,90,0.00232231,1,0.00232231,0.00232231,0.00232231,1227,1,1227,1227,1227,18,1,18,18,18
28,90,0.00158624,1,0.00158624,0.00158624,0.00158624,1093,1,1093,1093,1093,16,1,16,16,16
28,90,0.00143777,1,0.00143777,0.00143777,0.00143777,987,1,987,987,987,15,1,15,15,15
28,90,0.00159925,1,0.00159925,0.00159925,0.00159925,1070,1,1070,1070,1070,16,1,16,16,16
28,90,0.00169115,1,0.00169115,0.00169115,0.00169115,1081,1,1081,1081,1081,16,1,16,16,16
28,90,0.00187654,1,0.00187654,0.00187654,0.00187654,1175,1,1175,1175,1175,17,1,17,17,17
28,90,0.00243362,1,0.00243362,0.00243362,0.00243362,1253,1,1253,1253,1253,18,1,18,18,18
28,90,0.00141425,1,0.00141425,0.00141425,0.00141425,1008,1,1008,1008,1008,15,1,15,15,15
28,90,0.00156807,1,0.00156807,0.00156807,0.00156807,1112,1,1112,1112,1112,16,1,16,16,16
28,90,0.00165746,1,0.00165746,0.00165746,0.00165746,996,1,996,996,996,15,1,15,15,15
28,90,0.00141237,1,0.00141237,0.00141237,0.00141237,1080,1,1080,1080,1080,16,1,16,16,16
28,90,0.00119587,1,0.00119587,0.00119587,0.00119587,1022,1,1022,1022,1022,15,1,15,15,15
28,90,0.00189208,1,0.00189208,0.00189208,0.00189208,1072,1,1072,1072,1072,16,1,16,16,16
28,90,0.00143943,1,0.00143943,0.00143943,0.00143943,1023,1,1023,1023,1023,15,1,15,15,15
28,90,0.00130441,1,0.00130441,0.00130441,0.00130441,1029,1,1029,1029,1029,15,1,15,15,15
28,90,0.00130167,1,0.00130167,0.00130167,0.00130167,1032,1,1032,1032,1032,15,1,15,15,15
28,90,0.00142343,1,0.00142343,0.00142343,0.00142343,1030,1,1030,1030,1030,15,1,15,15,15
28,90,0.00146683,1,0.00146683,0.00146683,0.00146683,1115,1,1115,1115,1115,16,1,16,16,16
28,90,0.00203947,1,0.00203947,0.00203947,0.00203947,1137,1,1137,1137,1137,17,1,17,17,17
28,90,0.00171819,1,0.00171819,0.00171819,0.00171819,1164,1,1164,1164,1164,17,1,17,17,17
28,90,0.00124983,1,0.00124983,0.00124983,0.00124983,1037,1,1037,1037,1037,15,1,15,15,15
28,90,0.00274104,1,0.00274104,0.00274104,0.00274104,1356,1,1356,1356,1356,19,1,19,19,19
28,90,0.00207687,1,0.00207687,0.00207687,0.00207687,1162,1,1162,1162,1162,17,1,17,17,17
28,90,0.00159844,1,0.00159844,0.00159844,0.00159844,1087,1,1087,1087,1087,16,1,16,16,16
28,90,0.00136578,1,0.00136578,0.00136578,0.00136578,1019,1,1019,1019,1019,15,1,15,15,15
28,90,0.00174692,1,0.00174692,0.00174692,0.00174692,1188,1,1188,1188,1188,17,1,17,17,17
28,90,0.0015735,1,0.0015735,0.0015735,0.0015735,1083,1,1083,1083,1083,16,1,16,16,16
28,90,0.00173891,1,0.00173891,0.00173891,0.00173891,1076,1,1076,1076,1076,16,1,16,16,16
28,90,0.00133739,1,0.00133739,0.00133739,0.00133739,1014,1,1014,1014,1014,15,1,15,15,15
28,90,0.00188485,1,0.00188485,0.00188485,0.00188485,1177,1,1177,1177,1177,17,1,17,17,17
28,90,0.00152849,1,0.00152849,0.00152849,0.00152849,1074,1,1074,1074,1074,16,1,16,16,16
28,90,0.00164933,1,0.00164933,0.00164933,0.00164933,1118,1,1118,1118,1118,16,1,16,16,16
28,90,0.00165642,1,0.00165642,0.00165642,0.00165642,1096,1,1096,1096,1096,16,1,16,16,16
28,90,0.00166293,1,0.00166293,0.00166293,0.00166293,1003,1,1003,1003,1003,15,1,15,15,15
28,90,0.00165921,1,0.00165921,0.00165921,0.00165921,1092,1,1092,1092,1092,16,1,16,16,16
28,90,0.00174012,1,0.00174012,0.00174012,0.00174012,1086,1,1086,1086,1086,16,1,16,16,16
28,90,0.00165316,1,0.00165316,0.00165316,0.00165316,1090,1,1090,1090,1090,16,1,16,16,16
28,90,0.00170494,1,0.00170494,0.00170494,0.00170494,1078,1,1078,1078,1078,16,1,16,16,16
28,90,0.00108951,1,0.00108951,0.00108951,0.00108951,1039,1,1039,1039,1039,15,1,15,15,15
28,90,0.00134859,1,0.00134859,0.00134859,0.00134859,1015,1,1015,1015,1015,15,1,15,15,15
28,90,0.00209859,1,0.00209859,0.00209859,0.00209859,1143,1,1143,1143,1143,17,1,17,17,17
28,90,0.00132046,1,0.00132046,0.00132046,0.00132046,1016,1,1016,1016,1016,15,1,15,15,15
28,90,0.00118532,1,0.00118532,0.00118532,0.00118532,913,1,913,913,913,14,1,14,14,14
28,90,0.00232275,1,0.00232275,0.00232275,0.00232275,1267,1,1267,1267,1267,18,1,18,18,18
28,90,0.0014079,1,0.0014079,0.0014079,0.0014079,1001,1,1001,1001,1001,15,1,15,15,15
28,90,0.00183894,1,0.00183894,0.00183894,0.00183894,1085,1,1085,1085,1085,16,1,16,16,16
28,90,0.00152352,1,0.00152352,0.00152352,0.00152352,1111,1,1111,1111,1111,16,1,16,16,16
28,90,0.00146462,1,0.00146462,0.00146462,0.00146462,1012,1,1012,1012,1012,15,1,15,15,15
28,90,0.00228608,1,0.00228608,0.00228608,0.00228608,1155,1,1155,1155,1155,17,1,17,17,17
28,90,0.00172179,1,0.00172179,0.00172179,0.00172179,1080,1,1080,1080,1080,16,1,16,16,16
28,90,0.00158857,1,0.00158857,0.00158857,0.00158857,1122,1,1122,1122,1122,16,1,16,16,16
28,90,0.00157266,1,0.00157266,0.00157266,0.00157266,1087,1,1087,1087,1087,16,1,16,16,16
28,90,0.00101948,1,0.00101948,0.00101948,0.00101948,940,1,940,940,940,14,1,14,14,14
28,90,0.00210232,1,0.00210232,0.00210232,0.00210232,1169,1,1169,1169,1169,17,1,17,17,17
28,90,0.00150458,1,0.00150458,0.00150458,0.00150458,1081,1,1081,1081,1081,16,1,16,16,16
28,90,0.00125107,1,0.00125107,0.00125107,0.00125107,1035,1,1035,1035,1035,15,1,15,15,15
28,90,0.00233897,1,0.00233897,0.00233897,0.00233897,1228,1,1228,1228,1228,18,1,18,18,18
28,90,0.00152959,1,0.00152959,0.00152959,0.00152959,999,1,999,999,999,15,1,15,15,15
28,90,0.00136556,1,0.00136556,0.00136556,0.00136556,1021,1,1021,1021,1021,15,1,15,15,15
28,90,0.00193301,1,0.00193301,0.00193301,0.00193301,1151,1,1151,1151,1151,17,1,17,17,17
28,90,0.00139912,1,0.00139912,0.00139912,0.00139912,1091,1,1091,1091,1091,16,1,16,16,16
28,90,0.00176065,1,0.00176065,0.00176065,0.00176065,1071,1,1071,1071,1071,16,1,16,16,16
28,90,0.0014906,1,0.0014906,0.0014906,0.0014906,1084,1,1084,1084,1084,16,1,16,16,16
28,90,0.00189543,1,0.00189543,0.00189543,0.00189543,1050,1,1050,1050,1050,16,1,16,16,16
28,90,0.0014274,1,0.0014274,0.0014274,0.0014274,1115,1,1115,1115,1115,16,1,16,16,16
28,90,0.00139975,1,0.00139975,0.00139975,0.00139975,1007,1,1007,1007,1007,15,1,15,15,15
28,90,0.00200082,1,0.00200082,0.00200082,0.00200082,1154,1,1154,1154,1154,17,1,17,17,17
28,90,0.00215103,1,0.00215103,0.00215103,0.00215103,1151,1,1151,1151,1151,17,1,17,17,17
28,90,0.00125749,1,0.00125749,0.00125749,0.00125749,922,1,922,922,922,14,1,14,14,14
28,90,0.00141886,1,0.00141886,0.00141886,0.00141886,1001,1,1001,1001,1001,15,1,15,15,15
28,90,0.00132443,1,0.00132443,0.00132443,0.00132443,1012,1,1012,1012,1012,15,1,15,15,15
28,90,0.00198558,1,0.00198558,0.00198558,0.00198558,1168,1,1168,1168,1168,17,1,17,17,17
28,90,0.00211826,1,0.00211826,0.00211826,0.00211826,1163,1,1163,1163,1163,17,1,17,17,17
28,90,0.00162226,1,0.00162226,0.00162226,0.00162226,1090,1,1090,1090,1090,16,1,16,16,16
28,90,0.00156066,1,0.00156066,0.00156066,0.00156066,1105,1,1105,1105,1105,16,1,16,16,16
28,90,0.00194187,1,0.00194187,0.00194187,0.00194187,1179,1,1179,1179,1179,17,1,17,17,17
28,90,0.00134595,1,0.00134595,0.00134595,0.00134595,1029,1,1029,1029,1029,15,1,15,15,15
28,90,0.00140164,1,0.00140164,0.00140164,0.00140164,1005,1,1005,1005,1005,15,1,15,15,15
28,90,0.00118988,1,0.00118988,0.00118988,0.00118988,935,1,935,935,935,14,1,14,14,14
28,90,0.00214939,1,0.00214939,0.00214939,0.00214939,1146,1,1146,1146,1146,17,1,17,17,17
28,90,0.0017386,1,0.0017386,0.0017386,0.0017386,1077,1,1077,1077,1077,16,1,16,16,16
28,90,0.00157111,1,0.00157111,0.00157111,0.00157111,1002,1,1002,1002,1002,15,1,15,15,15
28,90,0.00183414,1,0.00183414,0.00183414,0.00183414,1184,1,1184,1184,1184,17,1,17,17,17
28,90,0.00153708,1,0.00153708,0.00153708,0.00153708,1092,1,1092,1092,1092,16,1,16,16,16
28,90,0.00144604,1,0.00144604,0.00144604,0.00144604,1011,1,1011,1011,1011,15,1,15,15,15
28,90,0.00170313,1,0.00170313,0.00170313,0.00170313,1083,1,1083,1083,1083,16,1,16,16,16
28,90,0.00149645,1,0.00149645,0.00149645,0.00149645,1118,1,1118,1118,1118,16,1,16,16,16
28,90,0.00124636,1,0.00124636,0.00124636,0.00124636,1026,1,1026,1026,1026,15,1,15,15,15
28,90,0.0018391,1,0.0018391,0.0018391,0.0018391,1086,1,1086,1086,1086,16,1,16,16,16
28,90,0.00130078,1,0.00130078,0.00130078,0.00130078,1011,1,1011,1011,1011,15,1,15,15,15
28,90,0.001394,1,0.001394,0.001394,0.001394,1023,1,1023,1023,1023,15,1,15,15,15
28,90,0.00139446,1,0.00139446,0.00139446,0.00139446,1101,1,1101,1101,1101,16,1,16,16,16
28,90,0.00160459,1,0.00160459,0.00160459,0.00160459,1089,1,1089,1089,1089,16,1,16,16,16
28,90,0.00149631,1,0.00149631,0.00149631,0.00149631,1115,1,1115,1115,1115,16,1,16,16,16
28,90,0.00136443,1,0.00136443,0.00136443,0.00136443,1023,1,1023,1023,1023,15,1,15,15,15
28,90,0.000937447,1,0.000937447,0.000937447,0.000937447,956,1,956,956,956,14,1,14,14,14
28,90,0.00178772,1,0.00178772,0.00178772,0.00178772,1069,1,1069,1069,1069,16,1,16,16,16
28,90,0.00136804,1,0.00136804,0.00136804,0.00136804,1025,1,1025,1025,1025,15,1,15,15,15
28,90,0.0012817,1,0.0012817,0.0012817,0.0012817,1004,1,1004,1004,1004,15,1,15,15,15
28,90,0.00128863,1,0.00128863,0.00128863,0.00128863,943,1,943,943,943,14,1,14,14,14
28,90,0.00206652,1,0.00206652,0.00206652,0.00206652,1151,1,1151,1151,1151,17,1,17,17,17
28,90,0.00134668,1,0.00134668,0.00134668,0.00134668,1021,1,1021,1021,1021,15,1,15,15,15
28,90,0.0022635,1,0.0022635,0.0022635,0.0022635,1249,1,1249,1249,1249,18,1,18,18,18
28,90,0.00108261,1,0.00108261,0.00108261,0.00108261,966,1,966,966,966,14,1,14,14,14
28,90,0.00205375,1,0.00205375,0.00205375,0.00205375,1169,1,1169,1169,1169,17,1,17,17,17
28,90,0.00148586,1,0.00148586,0.00148586,0.00148586,1023,1,1023,1023,1023,15,1,15,15,15
28,90,0.00138182,1,0.00138182,0.00138182,0.00138182,1009,1,1009,1009,1009,15,1,15,15,15
28,90,0.00132311,1,0.00132311,0.00132311,0.00132311,1022,1,1022,1022,1022,15,1,15,15,15
28,90,0.00201076,1,0.00201076,0.00201076,0.00201076,1176,1,1176,1176,1176,17,1,17,17,17
28,90,0.00121866,1,0.00121866,0.00121866,0.00121866,1038,1,1038,1038,1038,15,1,15,15,15
28,90,0.00171268,1,0.00171268,0.00171268,0.00171268,1075,1,1075,1075,1075,16,1,16,16,16
28,90,0.00141631,1,0.00141631,0.00141631,0.00141631,1008,1,1008,1008,1008,15,1,15,15,15
28,90,0.00164893,1,0.00164893,0.00164893,0.00164893,1091,1,1091,1091,1091,16,1,16,16,16
28,90,0.00151855,1,0.00151855,0.00151855,0.00151855,1101,1,1101,1101,1101,16,1,16,16,16
28,90,0.00138759,1,0.00138759,0.00138759,0.00138759,912,1,912,912,912,14,1,14,14,14
28,90,0.00164569,1,0.00164569,0.00164569,0.00164569,1068,1,1068,1068,1068,16,1,16,16,16
28,90,0.0024923,1,0.0024923,0.0024923,0.0024923,1237,1,1237,1237,1237,18,1,18,18,18
28,90,0.00185937,1,0.00185937,0.00185937,0.00185937,1152,1,1152,1152,1152,17,1,17,17,17
28,90,0.00294946,1,0.00294946,0.00294946,0.00294946,1437,1,1437,1437,1437,20,1,20,20,20
28,90,0.00194743,1,0.00194743,0.00194743,0.00194743,1160,1,1160,1160,1160,17,1,17,17,17
28,90,0.00144599,1,0.00144599,0.00144599,0.00144599,1001,1,1001,1001,1001,15,1,15,15,15
28,90,0.00121716,1,0.00121716,0.00121716,0.00121716,932,1,932,932,932,14,1,14,14,14
28,90,0.00157053,1,0.00157053,0.00157053,0.00157053,1113,1,1113,1113,1113,16,1,16,16,16
28,90,0.00189041,1,0.00189041,0.00189041,0.00189041,1077,1,1077,1077,1077,16,1,16,16,16
28,90,0.00121975,1,0.00121975,0.00121975,0.00121975,1013,1,1013,1013,1013,15,1,15,15,15
28,90,0.00178289,1,0.00178289,0.00178289,0.00178289,1168,1,1168,1168,1168,17,1,17,17,17
28,90,0.00124709,1,0.00124709,0.00124709,0.00124709,1025,1,1025,1025,1025,15,1,15,15,15
28,90,0.00172969,1,0.00172969,0.00172969,0.00172969,1061,1,1061,1061,1061,16,1,16,16,16
28,90,0.00139576,1,0.00139576,0.00139576,0.00139576,1027,1,1027,1027,1027,15,1,15,15,15
28,90,0.00121277,1,0.00121277,0.00121277,0.00121277,1015,1,1015,1015,1015,15,1,15,15,15
28,90,0.00201191,1,0.00201191,0.00201191,0.00201191,1153,1,1153,1153,1153,17,1,17,17,17
28,90,0.00167362,1,0.00167362,0.00167362,0.00167362,1086,1,1086,1086,1086,16,1,16,16,16
28,90,0.00183939,1,0.00183939,0.00183939,0.00183939,1056,1,1056,1056,1056,16,1,16,16,16
28,90,0.00128233,1,0.00128233,0.00128233,0.00128233,1040,1,1040,1040,1040,15,1,15,15,15
28,90,0.00179467,1,0.00179467,0.00179467,0.00179467,1089,1,1089,1089,1089,16,1,16,16,16
28,90,0.00158461,1,0.00158461,0.00158461,0.00158461,1119,1,1119,1119,1119,16,1,16,16,16
28,90,0.00120367,1,0.00120367,0.00120367,0.00120367,1017,1,1017,1017,1017,15,1,15,15,15
28,90,0.00129458,1,0.00129458,0.00129458,0.00129458,1023,1,1023,1023,1023,15,1,15,15,15
28,90,0.00199712,1,0.00199712,0.00199712,0.00199712,1153,1,1153,1153,1153,17,1,17,17,17
28,90,0.00110304,1,0.00110304,0.00110304,0.00110304,927,1,927,927,927,14,1,14,14,14
28,90,0.0013494,1,0.0013494,0.0013494,0.0013494,996,1,996,996,996,15,1,15,15,15
28,90,0.00134835,1,0.00134835,0.00134835,0.00134835,1028,1,1028,1028,1028,15,1,15,15,15
28,90,0.00195201,1,0.00195201,0.00195201,0.00195201,1159,1,1159,1159,1159,17,1,17,17,17
28,90,0.00163476,1,0.00163476,0.00163476,0.00163476,1109,1,1109,1109,1109,16,1,16,16,16
28,90,0.00137189,1,0.00137189,0.00137189,0.00137189,1004,1,1004,1004,1004,15,1,15,15,15
28,90,0.00115107,1,0.00115107,0.00115107,0.00115107,933,1,933,933,933,14,1,14,14,14
28,90,0.00184176,1,0.00184176,0.00184176,0.00184176,1055,1,1055,1055,1055,16,1,16,16,16
28,90,0.00133178,1,0.00133178,0.00133178,0.00133178,1032,1,1032,1032,1032,15,1,15,15,15
28,90,0.0017468,1,0.0017468,0.0017468,0.0017468,1099,1,1099,1099,1099,16,1,16,16,16
28,90,0.0011464,1,0.0011464,0.0011464,0.0011464,942,1,942,942,942,14,1,14,14,14
28,90,0.000998352,1,0.000998352,0.000998352,0.000998352,979,1,979,979,979,14,1,14,14,14
28,90,0.00165663,1,0.00165663,0.00165663,0.00165663,1078,1,1078,1078,1078,16,1,16,16,16
28,90,0.00240234,1,0.00240234,0.00240234,0.00240234,1257,1,1257,1257,1257,18,1,18,18,18
28,90,0.00166688,1,0.00166688,0.00166688,0.00166688,1073,1,1073,1073,1073,16,1,16,16,16
28,90,0.00100325,1,0.00100325,0.00100325,0.00100325,875,1,875,875,875,13,1,13,13,13
28,90,0.00185456,1,0.00185456,0.00185456,0.00185456,1170,1,1170,1170,1170,17,1,17,17,17
28,90,0.00192816,1,0.00192816,0.00192816,0.00192816,1166,1,1166,1166,1166,17,1,17,17,17
28,90,0.00242416,1,0.00242416,0.00242416,0.00242416,1247,1,1247,1247,1247,18,1,18,18,18
28,90,0.00180313,1,0.00180313,0.00180313,0.00180313,1173,1,1173,1173,1173,17,1,17,17,17
28,90,0.00149348,1,0.00149348,0.00149348,0.00149348,993,1,993,993,993,15,1,15,15,15
28,90,0.00162485,1,0.00162485,0.00162485,0.00162485,1070,1,1070,1070,1070,16,1,16,16,16
28,90,0.00169574,1,0.00169574,0.00169574,0.00169574,1187,1,1187,1187,1187,17,1,17,17,17
28,90,0.00148256,1,0.00148256,0.00148256,0.00148256,983,1,983,983,983,15,1,15,15,15
28,90,0.00151157,1,0.00151157,0.00151157,0.00151157,1110,1,1110,1110,1110,16,1,16,16,16
28,90,0.00129812,1,0.00129812,0.00129812,0.00129812,1030,1,1030,1030,1030,15,1,15,15,15
28,90,0.00231942,1,0.00231942,0.00231942,0.00231942,1240,1,1240,1240,1240,18,1,18,18,18
28,90,0.00156354,1,0.00156354,0.00156354,0.00156354,1109,1,1109,1109,1109,16,1,16,16,16
28,90,0.0014365,1,0.0014365,0.0014365,0.0014365,1001,1,1001,1001,1001,15,1,15,15,15
28,90,0.00157074,1,0.00157074,0.00157074,0.00157074,1104,1,1104,1104,1104,16,1,16,16,16
28,90,0.00118624,1,0.00118624,0.00118624,0.00118624,948,1,948,948,948,14,1,14,14,14
28,90,0.00157838,1,0.00157838,0.00157838,0.00157838,1101,1,1101,1101,1101,16,1,16,16,16
28,90,0.00173131,1,0.00173131,0.00173131,0.00173131,1078,1,1078,1078,1078,16,1,16,16,16
28,90,0.00137162,1,0.00137162,0.00137162,0.00137162,1022,1,1022,1022,1022,15,1,15,15,15
28,90,0.00188289,1,0.00188289,0.00188289,0.00188289,1175,1,1175,1175,1175,17,1,17,17,17
28,90,0.00171093,1,0.00171093,0.00171093,0.00171093,1045,1,1045,1045,1045,16,1,16,16,16
28,90,0.00123307,1,0.00123307,0.00123307,0.00123307,1003,1,1003,1003,1003,15,1,15,15,15
28,90,0.00149385,1,0.00149385,0.00149385,0.00149385,1011,1,1011,1011,1011,15,1,15,15,15
28,90,0.00135225,1,0.00135225,0.00135225,0.00135225,1007,1,1007,1007,1007,15,1,15,15,15
28,90,0.00146005,1,0.00146005,0.00146005,0.00146005,991,1,991,991,991,15,1,15,15,15
28,90,0.00255088,1,0.00255088,0.00255088,0.00255088,1344,1,1344,1344,1344,19,1,19,19,19
28,90,0.00199263,1,0.00199263,0.00199263,0.00199263,1165,1,1165,1165,1165,17,1,17,17,17
28,90,0.00157914,1,0.00157914,0.00157914,0.00157914,1102,1,1102,1102,1102,16,1,16,16,16
28,90,0.00178383,1,0.00178383,0.00178383,0.00178383,1089,1,1089,1089,1089,16,1,16,16,16
28,90,0.00162364,1,0.00162364,0.00162364,0.00162364,994,1,994,994,994,15,1,15,15,15
28,90,0.00125488,1,0.00125488,0.00125488,0.00125488,937,1,937,937,937,14,1,14,14,14
28,90,0.00127947,1,0.00127947,0.00127947,0.00127947,1014,1,1014,1014,1014,15,1,15,15,15
28,90,0.00111835,1,0.00111835,0.00111835,0.00111835,1069,1,1069,1069,1069,15,1,15,15,15
28,90,0.00170474,1,0.00170474,0.00170474,0.00170474,1106,1,1106,1106,1106,16,1,16,16,16
28,90,0.00191051,1,0.00191051,0.00191051,0.00191051,1162,1,1162,1162,1162,17,1,17,17,17
28,90,0.00170377,1,0.00170377,0.00170377,0.00170377,1088,1,1088,1088,1088,16,1,16,16,16
28,90,0.0020025,1,0.0020025,0.0020025,0.0020025,1155,1,1155,1155,1155,17,1,17,17,17
28,90,0.00166548,1,0.00166548,0.00166548,0.00166548,1079,1,1079,1079,1079,16,1,16,16,16
28,90,0.00125912,1,0.00125912,0.00125912,0.00125912,1028,1,1028,1028,1028,15,1,15,15,15
28,90,0.00176226,1,0.00176226,0.00176226,0.00176226,1082,1,1082,1082,1082,16,1,16,16,16
28,90,0.00188701,1,0.00188701,0.00188701,0.00188701,1161,1,1161,1161,1161,17,1,17,17,17
28,90,0.00122447,1,0.00122447,0.00122447,0.00122447,943,1,943,943,943,14,1,14,14,14
28,90,0.00241241,1,0.00241241,0.00241241,0.00241241,1238,1,1238,1238,1238,18,1,18,18,18
28,90,0.00125878,1,0.00125878,0.00125878,0.00125878,1015,1,1015,1015,1015,15,1,15,15,15
28,90,0.00141298,1,0.00141298,0.00141298,0.00141298,992,1,992,992,992,15,1,15,15,15
28,90,0.00217245,1,0.00217245,0.00217245,0.00217245,1249,1,1249,1249,1249,18,1,18,18,18
28,90,0.00146905,1,0.00146905,0.00146905,0.00146905,1013,1,1013,1013,1013,15,1,15,15,15
28,90,0.00159473,1,0.00159473,0.00159473,0.00159473,1095,1,1095,1095,1095,16,1,16,16,16
28,90,0.00141522,1,0.00141522,0.00141522,0.00141522,1010,1,1010,1010,1010,15,1,15,15,15
28,90,0.00150796,1,0.00150796,0.00150796,0.00150796,1108,1,1108,1108,1108,16,1,16,16,16
28,90,0.00166599,1,0.00166599,0.00166599,0.00166599,976,1,976,976,976,15,1,15,15,15
28,90,0.0017149,1,0.0017149,0.0017149,0.0017149,1087,1,1087,1087,1087,16,1,16,16,16
28,90,0.00181096,1,0.00181096,0.00181096,0.00181096,1185,1,1185,1185,1185,17,1,17,17,17
28,90,0.00166216,1,0.00166216,0.00166216,0.00166216,1092,1,1092,1092,1092,16,1,16,16,16
28,90,0.00136961,1,0.00136961,0.00136961,0.00136961,1025,1,1025,1025,1025,15,1,15,15,15
28,90,0.00141262,1,0.00141262,0.00141262,0.00141262,1000,1,1000,1000,1000,15,1,15,15,15
28,90,0.00148587,1,0.00148587,0.00148587,0.00148587,1089,1,1089,1089,1089,16,1,16,16,16
28,90,0.00160087,1,0.00160087,0.00160087,0.00160087,1076,1,1076,1076,1076,16,1,16,16,16
28,90,0.00227286,1,0.00227286,0.00227286,0.00227286,1215,1,1215,1215,1215,18,1,18,18,18
28,90,0.00139211,1,0.00139211,0.00139211,0.00139211,1086,1,1086,1086,1086,16,1,16,16,16
28,90,0.00177697,1,0.00177697,0.00177697,0.00177697,1071,1,1071,1071,1071,16,1,16,16,16
28,90,0.000902469,1,0.000902469,0.000902469,0.000902469,953,1,953,953,953,14,1,14,14,14
28,90,0.00140694,1,0.00140694,0.00140694,0.00140694,1014,1,1014,1014,1014,15,1,15,15,15
28,90,0.00167116,1,0.00167116,0.00167116,0.00167116,1075,1,1075,1075,1075,16,1,16,16,16
28,90,0.00124395,1,0.00124395,0.00124395,0.00124395,997,1,997,997,997,15,1,15,15,15
28,90,0.00210343,1,0.00210343,0.00210343,0.00210343,1123,1,1123,1123,1123,17,1,17,17,17
28,90,0.00244649,1,0.00244649,0.00244649,0.00244649,1239,1,1239,1239,1239,18,1,18,18,18
28,90,0.00205049,1,0.00205049,0.00205049,0.00205049,1163,1,1163,1163,1163,17,1,17,17,17
28,90,0.00209134,1,0.00209134,0.00209134,0.00209134,1167,1,1167,1167,1167,17,1,17,17,17
28,90,0.00164014,1,0.00164014,0.00164014,0.00164014,1072,1,1072,1072,1072,16,1,16,16,16
28,90,0.00168038,1,0.00168038,0.00168038,0.00168038,1174,1,1174,1174,1174,17,1,17,17,17
28,90,0.002382,1,0.002382,0.002382,0.002382,1258,1,1258,1258,1258,18,1,18,18,18
28,90,0.00132844,1,0.00132844,0.00132844,0.00132844,1001,1,1001,1001,1001,15,1,15,15,15
28,90,0.00158502,1,0.00158502,0.00158502,0.00158502,1128,1,1128,1128,1128,16,1,16,16,16
28,90,0.00124618,1,0.00124618,0.00124618,0.00124618,926,1,926,926,926,14,1,14,14,14
28,90,0.002047,1,0.002047,0.002047,0.002047,1156,1,1156,1156,1156,17,1,17,17,17
28,90,0.00168548,1,0.00168548,0.00168548,0.00168548,1092,1,1092,1092,1092,16,1,16,16,16
28,90,0.00153103,1,0.00153103,0.00153103,0.00153103,1070,1,1070,1070,1070,16,1,16,16,16
28,90,0.00170376,1,0.00170376,0.00170376,0.00170376,1065,1,1065,1065,1065,16,1,16,16,16
28,90,0.00133064,1,0.00133064,0.00133064,0.00133064,1023,1,1023,1023,1023,15,1,15,15,15
28,90,0.00184059,1,0.00184059,0.00184059,0.00184059,1089,1,1089,1089,1089,16,1,16,16,16
28,90,0.00172932,1,0.00172932,0.00172932,0.00172932,1076,1,1076,1076,1076,16,1,16,16,16
