n,p,time_total,time_count,time_mean,time_min,time_max,steps_total,steps_count,steps_mean,steps_min,steps_max,number_total,number_count,number_mean,number_min,number_max
7,90,7.9173e-05,1,7.9173e-05,7.9173e-05,7.9173e-05,78,1,78,78,78,6,1,6,6,6
7,90,3.3976e-05,1,3.3976e-05,3.3976e-05,3.3976e-05,55,1,55,55,55,5,1,5,5,5
7,90,6.7429e-05,1,6.7429e-05,6.7429e-05,6.7429e-05,78,1,78,78,78,6,1,6,6,6
7,90,3.3696e-05,1,3.3696e-05,3.3696e-05,3.3696e-05,55,1,55,55,55,5,1,5,5,5
7,90,6.7317e-05,1,6.7317e-05,6.7317e-05,6.7317e-05,78,1,78,78,78,6,1,6,6,6
7,90,3.3831e-05,1,3.3831e-05,3.3831e-05,3.3831e-05,55,1,55,55,55,5,1,5,5,5
7,90,6.7318e-05,1,6.7318e-05,6.7318e-05,6.7318e-05,78,1,78,78,78,6,1,6,6,6
7,90,6.8254e-05,1,6.8254e-05,6.8254e-05,6.8254e-05,79,1,79,79,79,6,1,6,6,6
7,90,0.000110895,1,0.000110895,0.000110895,0.000110895,105,1,105,105,105,7,1,7,7,7
7,90,6.8713e-05,1,6.8713e-05,6.8713e-05,6.8713e-05,79,1,79,79,79,6,1,6,6,6
7,90,0.000110871,1,0.000110871,0.000110871,0.000110871,105,1,105,105,105,7,1,7,7,7
7,90,6.6822e-05,1,6.6822e-05,6.6822e-05,6.6822e-05,79,1,79,79,79,6,1,6,6,6
7,90,3.3587e-05,1,3.3587e-05,3.3587e-05,3.3587e-05,54,1,54,54,54,5,1,5,5,5
7,90,6.8057e-05,1,6.8057e-05,6.8057e-05,6.8057e-05,79,1,79,79,79,6,1,6,6,6
7,90,6.7845e-05,1,6.7845e-05,6.7845e-05,6.7845e-05,79,1,79,79,79,6,1,6,6,6
7,90,6.8217e-05,1,6.8217e-05,6.8217e-05,6.8217e-05,79,1,79,79,79,6,1,6,6,6
7,90,6.8069e-05,1,6.8069e-05,6.8069e-05,6.8069e-05,79,1,79,79,79,6,1,6,6,6
7,90,2.1958e-05,1,2.1958e-05,2.1958e-05,2.1958e-05,47,1,47,47,47,4,1,4,4,4
7,90,6.982e-06,1,6.982e-06,6.982e-06,6.982e-06,30,1,30,30,30,4,1,4,4,4
7,90,6.7833e-05,1,6.7833e-05,6.7833e-05,6.7833e-05,79,1,79,79,79,6,1,6,6,6
7,90,4.1164e-05,1,4.1164e-05,4.1164e-05,4.1164e-05,68,1,68,68,68,5,1,5,5,5
7,90,4.7102e-05,1,4.7102e-05,4.7102e-05,4.7102e-05,57,1,57,57,57,5,1,5,5,5
7,90,6.8189e-05,1,6.8189e-05,6.8189e-05,6.8189e-05,78,1,78,78,78,6,1,6,6,6
7,90,3.3299e-05,1,3.3299e-05,3.3299e-05,3.3299e-05,52,1,52,52,52,5,1,5,5,5
7,90,6.7611e-05,1,6.7611e-05,6.7611e-05,6.7611e-05,76,1,76,76,76,6,1,6,6,6
7,90,3.3996e-05,1,3.3996e-05,3.3996e-05,3.3996e-05,55,1,55,55,55,5,1,5,5,5
7,90,0.000111212,1,0.000111212,0.000111212,0.000111212,105,1,105,105,105,7,1,7,7,7
7,90,3.4188e-05,1,3.4188e-05,3.4188e-05,3.4188e-05,53,1,53,53,53,5,1,5,5,5
7,90,3.3685e-05,1,3.3685e-05,3.3685e-05,3.3685e-05,55,1,55,55,55,5,1,5,5,5
7,90,7.091e-06,1,7.091e-06,7.091e-06,7.091e-06,33,1,33,33,33,4,1,4,4,4
7,90,6.7659e-05,1,6.7659e-05,6.7659e-05,6.7659e-05,78,1,78,78,78,6,1,6,6,6
7,90,3.3539e-05,1,3.3539e-05,3.3539e-05,3.3539e-05,55,1,55,55,55,5,1,5,5,5
7,90,4.051e-05,1,4.051e-05,4.051e-05,4.051e-05,68,1,68,68,68,5,1,5,5,5
7,90,6.7058e-05,1,6.7058e-05,6.7058e-05,6.7058e-05,79,1,79,79,79,6,1,6,6,6
7,90,2.8155e-05,1,2.8155e-05,2.8155e-05,2.8155e-05,54,1,54,54,54,5,1,5,5,5
7,90,3.3721e-05,1,3.3721e-05,3.3721e-05,3.3721e-05,55,1,55,55,55,5,1,5,5,5
7,90,3.361e-05,1,3.361e-05,3.361e-05,3.361e-05,55,1,55,55,55,5,1,5,5,5
7,90,6.6795e-05,1,6.6795e-05,6.6795e-05,6.6795e-05,78,1,78,78,78,6,1,6,6,6
7,90,6.7532e-05,1,6.7532e-05,6.7532e-05,6.7532e-05,79,1,79,79,79,6,1,6,6,6
7,90,0.000110821,1,0.000110821,0.000110821,0.000110821,105,1,105,105,105,7,1,7,7,7
7,90,7.108e-06,1,7.108e-06,7.108e-06,7.108e-06,32,1,32,32,32,4,1,4,4,4
7,90,6.8223e-05,1,6.8223e-05,6.8223e-05,6.8223e-05,77,1,77,77,77,6,1,6,6,6
7,90,6.7949e-05,1,6.7949e-05,6.7949e-05,6.7949e-05,79,1,79,79,79,6,1,6,6,6
7,90,6.658e-05,1,6.658e-05,6.658e-05,6.658e-05,78,1,78,78,78,6,1,6,6,6
7,90,2.7682e-05,1,2.7682e-05,2.7682e-05,2.7682e-05,54,1,54,54,54,5,1,5,5,5
7,90,6.7083e-05,1,6.7083e-05,6.7083e-05,6.7083e-05,78,1,78,78,78,6,1,6,6,6
7,90,3.3628e-05,1,3.3628e-05,3.3628e-05,3.3628e-05,53,1,53,53,53,5,1,5,5,5
7,90,6.7644e-05,1,6.7644e-05,6.7644e-05,6.7644e-05,79,1,79,79,79,6,1,6,6,6
7,90,4.0083e-05,1,4.0083e-05,4.0083e-05,4.0083e-05,68,1,68,68,68,5,1,5,5,5
7,90,7.0894e-05,1,7.0894e-05,7.0894e-05,7.0894e-05,79,1,79,79,79,6,1,6,6,6
7,90,7.0089e-05,1,7.0089e-05,7.0089e-05,7.0089e-05,79,1,79,79,79,6,1,6,6,6
7,90,3.5535e-05,1,3.5535e-05,3.5535e-05,3.5535e-05,55,1,55,55,55,5,1,5,5,5
7,90,3.4925e-05,1,3.4925e-05,3.4925e-05,3.4925e-05,53,1,53,53,53,5,1,5,5,5
7,90,7.1573e-05,1,7.1573e-05,7.1573e-05,7.1573e-05,78,1,78,78,78,6,1,6,6,6
7,90,7.0917e-05,1,7.0917e-05,7.0917e-05,7.0917e-05,78,1,78,78,78,6,1,6,6,6
7,90,8.7855e-05,1,8.7855e-05,8.7855e-05,8.7855e-05,78,1,78,78,78,6,1,6,6,6
7,90,6.6889e-05,1,6.6889e-05,6.6889e-05,6.6889e-05,78,1,78,78,78,6,1,6,6,6
7,90,6.633e-05,1,6.633e-05,6.633e-05,6.633e-05,79,1,79,79,79,6,1,6,6,6
7,90,6.7075e-05,1,6.7075e-05,6.7075e-05,6.7075e-05,79,1,79,79,79,6,1,6,6,6
7,90,6.6759e-05,1,6.6759e-05,6.6759e-05,6.6759e-05,78,1,78,78,78,6,1,6,6,6
7,90,2.759e-05,1,2.759e-05,2.759e-05,2.759e-05,56,1,56,56,56,5,1,5,5,5
7,90,2.1111e-05,1,2.1111e-05,2.1111e-05,2.1111e-05,47,1,47,47,47,4,1,4,4,4
7,90,3.3157e-05,1,3.3157e-05,3.3157e-05,3.3157e-05,55,1,55,55,55,5,1,5,5,5
7,90,6.7011e-05,1,6.7011e-05,6.7011e-05,6.7011e-05,79,1,79,79,79,6,1,6,6,6
7,90,9.2066e-05,1,9.2066e-05,9.2066e-05,9.2066e-05,77,1,77,77,77,6,1,6,6,6
7,90,2.82e-05,1,2.82e-05,2.82e-05,2.82e-05,56,1,56,56,56,5,1,5,5,5
7,90,3.3701e-05,1,3.3701e-05,3.3701e-05,3.3701e-05,55,1,55,55,55,5,1,5,5,5
7,90,2.7913e-05,1,2.7913e-05,2.7913e-05,2.7913e-05,56,1,56,56,56,5,1,5,5,5
7,90,2.9833e-05,1,2.9833e-05,2.9833e-05,2.9833e-05,48,1,48,48,48,4,1,4,4,4
7,90,6.6864e-05,1,6.6864e-05,6.6864e-05,6.6864e-05,78,1,78,78,78,6,1,6,6,6
7,90,6.8082e-05,1,6.8082e-05,6.8082e-05,6.8082e-05,79,1,79,79,79,6,1,6,6,6
7,90,6.7274e-05,1,6.7274e-05,6.7274e-05,6.7274e-05,79,1,79,79,79,6,1,6,6,6
7,90,3.3477e-05,1,3.3477e-05,3.3477e-05,3.3477e-05,54,1,54,54,54,5,1,5,5,5
7,90,3.3213e-05,1,3.3213e-05,3.3213e-05,3.3213e-05,55,1,55,55,55,5,1,5,5,5
7,90,2.7818e-05,1,2.7818e-05,2.7818e-05,2.7818e-05,56,1,56,56,56,5,1,5,5,5
7,90,3.1084e-05,1,3.1084e-05,3.1084e-05,3.1084e-05,48,1,48,48,48,4,1,4,4,4
7,90,2.773e-05,1,2.773e-05,2.773e-05,2.773e-05,56,1,56,56,56,5,1,5,5,5
7,90,6.7675e-05,1,6.7675e-05,6.7675e-05,6.7675e-05,78,1,78,78,78,6,1,6,6,6
7,90,2.791e-05,1,2.791e-05,2.791e-05,2.791e-05,56,1,56,56,56,5,1,5,5,5
7,90,0.000111088,1,0.000111088,0.000111088,0.000111088,105,1,105,105,105,7,1,7,7,7
7,90,2.791e-05,1,2.791e-05,2.791e-05,2.791e-05,54,1,54,54,54,5,1,5,5,5
7,90,3.3481e-05,1,3.3481e-05,3.3481e-05,3.3481e-05,53,1,53,53,53,5,1,5,5,5
7,90,3.1257e-05,1,3.1257e-05,3.1257e-05,3.1257e-05,48,1,48,48,48,4,1,4,4,4
7,90,2.7473e-05,1,2.7473e-05,2.7473e-05,2.7473e-05,56,1,56,56,56,5,1,5,5,5
7,90,3.3357e-05,1,3.3357e-05,3.3357e-05,3.3357e-05,55,1,55,55,55,5,1,5,5,5
7,90,6.7816e-05,1,6.7816e-05,6.7816e-05,6.7816e-05,79,1,79,79,79,6,1,6,6,6
7,90,6.7534e-05,1,6.7534e-05,6.7534e-05,6.7534e-05,79,1,79,79,79,6,1,6,6,6
7,90,0.000110871,1,0.000110871,0.000110871,0.000110871,105,1,105,105,105,7,1,7,7,7
7,90,0.000110613,1,0.000110613,0.000110613,0.000110613,105,1,105,105,105,7,1,7,7,7
7,90,6.8318e-05,1,6.8318e-05,6.8318e-05,6.8318e-05,79,1,79,79,79,6,1,6,6,6
7,90,4.6648e-05,1,4.6648e-05,4.6648e-05,4.6648e-05,57,1,57,57,57,5,1,5,5,5
7,90,6.786e-05,1,6.786e-05,6.786e-05,6.786e-05,78,1,78,78,78,6,1,6,6,6
7,90,3.4092e-05,1,3.4092e-05,3.4092e-05,3.4092e-05,55,1,55,55,55,5,1,5,5,5
7,90,7.168e-06,1,7.168e-06,7.168e-06,7.168e-06,33,1,33,33,33,4,1,4,4,4
7,90,6.7674e-05,1,6.7674e-05,6.7674e-05,6.7674e-05,79,1,79,79,79,6,1,6,6,6
7,90,6.807e-05,1,6.807e-05,6.807e-05,6.807e-05,78,1,78,78,78,6,1,6,6,6
7,90,2.8247e-05,1,2.8247e-05,2.8247e-05,2.8247e-05,56,1,56,56,56,5,1,5,5,5
7,90,6.7431e-05,1,6.7431e-05,6.7431e-05,6.7431e-05,78,1,78,78,78,6,1,6,6,6
7,90,6.7533e-05,1,6.7533e-05,6.7533e-05,6.7533e-05,79,1,79,79,79,6,1,6,6,6
7,90,6.7661e-05,1,6.7661e-05,6.7661e-05,6.7661e-05,79,1,79,79,79,6,1,6,6,6
7,90,6.75e-05,1,6.75e-05,6.75e-05,6.75e-05,79,1,79,79,79,6,1,6,6,6
7,90,6.723e-05,1,6.723e-05,6.723e-05,6.723e-05,79,1,79,79,79,6,1,6,6,6
7,90,6.6642e-05,1,6.6642e-05,6.6642e-05,6.6642e-05,78,1,78,78,78,6,1,6,6,6
7,90,0.000110498,1,0.000110498,0.000110498,0.000110498,105,1,105,105,105,7,1,7,7,7
7,90,3.4015e-05,1,3.4015e-05,3.4015e-05,3.4015e-05,55,1,55,55,55,5,1,5,5,5
7,90,7.266e-05,1,7.266e-05,7.266e-05,7.266e-05,79,1,79,79,79,6,1,6,6,6
7,90,2.8206e-05,1,2.8206e-05,2.8206e-05,2.8206e-05,56,1,56,56,56,5,1,5,5,5
7,90,2.2175e-05,1,2.2175e-05,2.2175e-05,2.2175e-05,56,1,56,56,56,4,1,4,4,4
7,90,7.141e-06,1,7.141e-06,7.141e-06,7.141e-06,33,1,33,33,33,4,1,4,4,4
7,90,3.4128e-05,1,3.4128e-05,3.4128e-05,3.4128e-05,53,1,53,53,53,5,1,5,5,5
7,90,6.7409e-05,1,6.7409e-05,6.7409e-05,6.7409e-05,79,1,79,79,79,6,1,6,6,6
7,90,0.000110204,1,0.000110204,0.000110204,0.000110204,105,1,105,105,105,7,1,7,7,7
7,90,3.3897e-05,1,3.3897e-05,3.3897e-05,3.3897e-05,55,1,55,55,55,5,1,5,5,5
7,90,0.000109996,1,0.000109996,0.000109996,0.000109996,105,1,105,105,105,7,1,7,7,7
7,90,2.1806e-05,1,2.1806e-05,2.1806e-05,2.1806e-05,47,1,47,47,47,4,1,4,4,4
7,90,3.386e-05,1,3.386e-05,3.386e-05,3.386e-05,53,1,53,53,53,5,1,5,5,5
7,90,6.703e-05,1,6.703e-05,6.703e-05,6.703e-05,79,1,79,79,79,6,1,6,6,6
7,90,6.7785e-05,1,6.7785e-05,6.7785e-05,6.7785e-05,78,1,78,78,78,6,1,6,6,6
7,90,6.6512e-05,1,6.6512e-05,6.6512e-05,6.6512e-05,79,1,79,79,79,6,1,6,6,6
7,90,7.18e-06,1,7.18e-06,7.18e-06,7.18e-06,29,1,29,29,29,3,1,3,3,3
7,90,8.5738e-05,1,8.5738e-05,8.5738e-05,8.5738e-05,78,1,78,78,78,6,1,6,6,6
7,90,3.5704e-05,1,3.5704e-05,3.5704e-05,3.5704e-05,55,1,55,55,55,5,1,5,5,5
7,90,4.5266e-05,1,4.5266e-05,4.5266e-05,4.5266e-05,56,1,56,56,56,5,1,5,5,5
7,90,3.2992e-05,1,3.2992e-05,3.2992e-05,3.2992e-05,52,1,52,52,52,5,1,5,5,5
7,90,3.3574e-05,1,3.3574e-05,3.3574e-05,3.3574e-05,55,1,55,55,55,5,1,5,5,5
7,90,6.8122e-05,1,6.8122e-05,6.8122e-05,6.8122e-05,79,1,79,79,79,6,1,6,6,6
7,90,6.7881e-05,1,6.7881e-05,6.7881e-05,6.7881e-05,79,1,79,79,79,6,1,6,6,6
7,90,5.1103e-05,1,5.1103e-05,5.1103e-05,5.1103e-05,55,1,55,55,55,5,1,5,5,5
7,90,2.9716e-05,1,2.9716e-05,2.9716e-05,2.9716e-05,56,1,56,56,56,5,1,5,5,5
7,90,3.3816e-05,1,3.3816e-05,3.3816e-05,3.3816e-05,55,1,55,55,55,5,1,5,5,5
7,90,3.3365e-05,1,3.3365e-05,3.3365e-05,3.3365e-05,55,1,55,55,55,5,1,5,5,5
7,90,6.7604e-05,1,6.7604e-05,6.7604e-05,6.7604e-05,77,1,77,77,77,6,1,6,6,6
7,90,6.7049e-05,1,6.7049e-05,6.7049e-05,6.7049e-05,78,1,78,78,78,6,1,6,6,6
7,90,6.7679e-05,1,6.7679e-05,6.7679e-05,6.7679e-05,79,1,79,79,79,6,1,6,6,6
7,90,6.6436e-05,1,6.6436e-05,6.6436e-05,6.6436e-05,79,1,79,79,79,6,1,6,6,6
7,90,3.3506e-05,1,3.3506e-05,3.3506e-05,3.3506e-05,53,1,53,53,53,5,1,5,5,5
7,90,6.6315e-05,1,6.6315e-05,6.6315e-05,6.6315e-05,79,1,79,79,79,6,1,6,6,6
7,90,0.000110133,1,0.000110133,0.000110133,0.000110133,105,1,105,105,105,7,1,7,7,7
7,90,4.1347e-05,1,4.1347e-05,4.1347e-05,4.1347e-05,68,1,68,68,68,5,1,5,5,5
7,90,0.000110201,1,0.000110201,0.000110201,0.000110201,105,1,105,105,105,7,1,7,7,7
7,90,2.159e-05,1,2.159e-05,2.159e-05,2.159e-05,47,1,47,47,47,4,1,4,4,4
7,90,0.000110395,1,0.000110395,0.000110395,0.000110395,105,1,105,105,105,7,1,7,7,7
7,90,0.000110234,1,0.000110234,0.000110234,0.000110234,105,1,105,105,105,7,1,7,7,7
7,90,3.3249e-05,1,3.3249e-05,3.3249e-05,3.3249e-05,53,1,53,53,53,5,1,5,5,5
7,90,3.9941e-05,1,3.9941e-05,3.9941e-05,3.9941e-05,68,1,68,68,68,5,1,5,5,5
7,90,6.7894e-05,1,6.7894e-05,6.7894e-05,6.7894e-05,79,1,79,79,79,6,1,6,6,6
7,90,7.161e-05,1,7.161e-05,7.161e-05,7.161e-05,78,1,78,78,78,6,1,6,6,6
7,90,6.7289e-05,1,6.7289e-05,6.7289e-05,6.7289e-05,79,1,79,79,79,6,1,6,6,6
7,90,6.822e-05,1,6.822e-05,6.822e-05,6.822e-05,79,1,79,79,79,6,1,6,6,6
7,90,3.3739e-05,1,3.3739e-05,3.3739e-05,3.3739e-05,55,1,55,55,55,5,1,5,5,5
7,90,0.00011048,1,0.00011048,0.00011048,0.00011048,105,1,105,105,105,7,1,7,7,7
7,90,3.3752e-05,1,3.3752e-05,3.3752e-05,3.3752e-05,55,1,55,55,55,5,1,5,5,5
7,90,6.6754e-05,1,6.6754e-05,6.6754e-05,6.6754e-05,78,1,78,78,78,6,1,6,6,6
7,90,6.7811e-05,1,6.7811e-05,6.7811e-05,6.7811e-05,79,1,79,79,79,6,1,6,6,6
7,90,0.000110418,1,0.000110418,0.000110418,0.000110418,105,1,105,105,105,7,1,7,7,7
7,90,7.446e-06,1,7.446e-06,7.446e-06,7.446e-06,31,1,31,31,31,4,1,4,4,4
7,90,0.000109568,1,0.000109568,0.000109568,0.000109568,105,1,105,105,105,7,1,7,7,7
7,90,6.8614e-05,1,6.8614e-05,6.8614e-05,6.8614e-05,79,1,79,79,79,6,1,6,6,6
7,90,6.7615e-05,1,6.7615e-05,6.7615e-05,6.7615e-05,79,1,79,79,79,6,1,6,6,6
7,90,0.000109995,1,0.000109995,0.000109995,0.000109995,105,1,105,105,105,7,1,7,7,7
7,90,6.7337e-05,1,6.7337e-05,6.7337e-05,6.7337e-05,79,1,79,79,79,6,1,6,6,6
7,90,3.4088e-05,1,3.4088e-05,3.4088e-05,3.4088e-05,55,1,55,55,55,5,1,5,5,5
7,90,6.7499e-05,1,6.7499e-05,6.7499e-05,6.7499e-05,79,1,79,79,79,6,1,6,6,6
7,90,3.3402e-05,1,3.3402e-05,3.3402e-05,3.3402e-05,55,1,55,55,55,5,1,5,5,5
7,90,3.3816e-05,1,3.3816e-05,3.3816e-05,3.3816e-05,55,1,55,55,55,5,1,5,5,5
7,90,2.7908e-05,1,2.7908e-05,2.7908e-05,2.7908e-05,56,1,56,56,56,5,1,5,5,5
7,90,3.3644e-05,1,3.3644e-05,3.3644e-05,3.3644e-05,55,1,55,55,55,5,1,5,5,5
7,90,6.7203e-05,1,6.7203e-05,6.7203e-05,6.7203e-05,79,1,79,79,79,6,1,6,6,6
7,90,6.6727e-05,1,6.6727e-05,6.6727e-05,6.6727e-05,78,1,78,78,78,6,1,6,6,6
7,90,2.1735e-05,1,2.1735e-05,2.1735e-05,2.1735e-05,47,1,47,47,47,4,1,4,4,4
7,90,6.8302e-05,1,6.8302e-05,6.8302e-05,6.8302e-05,79,1,79,79,79,6,1,6,6,6
7,90,6.7384e-05,1,6.7384e-05,6.7384e-05,6.7384e-05,79,1,79,79,79,6,1,6,6,6
7,90,6.83e-06,1,6.83e-06,6.83e-06,6.83e-06,33,1,33,33,33,4,1,4,4,4
7,90,6.8039e-05,1,6.8039e-05,6.8039e-05,6.8039e-05,79,1,79,79,79,6,1,6,6,6
7,90,0.000110053,1,0.000110053,0.000110053,0.000110053,105,1,105,105,105,7,1,7,7,7
7,90,3.4432e-05,1,3.4432e-05,3.4432e-05,3.4432e-05,53,1,53,53,53,5,1,5,5,5
7,90,6.836e-05,1,6.836e-05,6.836e-05,6.836e-05,79,1,79,79,79,6,1,6,6,6
7,90,0.000110372,1,0.000110372,0.000110372,0.000110372,105,1,105,105,105,7,1,7,7,7
7,90,3.3803e-05,1,3.3803e-05,3.3803e-05,3.3803e-05,54,1,54,54,54,5,1,5,5,5
7,90,2.7926e-05,1,2.7926e-05,2.7926e-05,2.7926e-05,56,1,56,56,56,5,1,5,5,5
7,90,6.8341e-05,1,6.8341e-05,6.8341e-05,6.8341e-05,79,1,79,79,79,6,1,6,6,6
7,90,6.7704e-05,1,6.7704e-05,6.7704e-05,6.7704e-05,77,1,77,77,77,6,1,6,6,6
7,90,5.118e-05,1,5.118e-05,5.118e-05,5.118e-05,54,1,54,54,54,5,1,5,5,5
7,90,7.285e-06,1,7.285e-06,7.285e-06,7.285e-06,30,1,30,30,30,4,1,4,4,4
7,90,0.000116585,1,0.000116585,0.000116585,0.000116585,105,1,105,105,105,7,1,7,7,7
7,90,7.2368e-05,1,7.2368e-05,7.2368e-05,7.2368e-05,78,1,78,78,78,6,1,6,6,6
7,90,4.2404e-05,1,4.2404e-05,4.2404e-05,4.2404e-05,55,1,55,55,55,5,1,5,5,5
7,90,7.1472e-05,1,7.1472e-05,7.1472e-05,7.1472e-05,79,1,79,79,79,6,1,6,6,6
7,90,7.0327e-05,1,7.0327e-05,7.0327e-05,7.0327e-05,78,1,78,78,78,6,1,6,6,6
7,90,0.000117052,1,0.000117052,0.000117052,0.000117052,105,1,105,105,105,7,1,7,7,7
7,90,0.000128351,1,0.000128351,0.000128351,0.000128351,105,1,105,105,105,7,1,7,7,7
7,90,0.000110279,1,0.000110279,0.000110279,0.000110279,105,1,105,105,105,7,1,7,7,7
7,90,3.4221e-05,1,3.4221e-05,3.4221e-05,3.4221e-05,55,1,55,55,55,5,1,5,5,5
7,90,0.00011026,1,0.00011026,0.00011026,0.00011026,105,1,105,105,105,7,1,7,7,7
7,90,4.6011e-05,1,4.6011e-05,4.6011e-05,4.6011e-05,57,1,57,57,57,5,1,5,5,5
7,90,6.752e-05,1,6.752e-05,6.752e-05,6.752e-05,79,1,79,79,79,6,1,6,6,6
7,90,1.7335e-05,1,1.7335e-05,1.7335e-05,1.7335e-05,45,1,45,45,45,4,1,4,4,4
7,90,6.8076e-05,1,6.8076e-05,6.8076e-05,6.8076e-05,77,1,77,77,77,6,1,6,6,6
7,90,3.2729e-05,1,3.2729e-05,3.2729e-05,3.2729e-05,51,1,51,51,51,5,1,5,5,5
7,90,6.7451e-05,1,6.7451e-05,6.7451e-05,6.7451e-05,79,1,79,79,79,6,1,6,6,6
7,90,2.8211e-05,1,2.8211e-05,2.8211e-05,2.8211e-05,56,1,56,56,56,5,1,5,5,5
7,90,6.7495e-05,1,6.7495e-05,6.7495e-05,6.7495e-05,77,1,77,77,77,6,1,6,6,6
7,90,6.7152e-05,1,6.7152e-05,6.7152e-05,6.7152e-05,78,1,78,78,78,6,1,6,6,6
7,90,3.3631e-05,1,3.3631e-05,3.3631e-05,3.3631e-05,51,1,51,51,51,5,1,5,5,5
7,90,6.7308e-05,1,6.7308e-05,6.7308e-05,6.7308e-05,79,1,79,79,79,6,1,6,6,6
7,90,2.8309e-05,1,2.8309e-05,2.8309e-05,2.8309e-05,54,1,54,54,54,5,1,5,5,5
7,90,6.6994e-05,1,6.6994e-05,6.6994e-05,6.6994e-05,79,1,79,79,79,6,1,6,6,6
7,90,3.3981e-05,1,3.3981e-05,3.3981e-05,3.3981e-05,55,1,55,55,55,5,1,5,5,5
7,90,6.6451e-05,1,6.6451e-05,6.6451e-05,6.6451e-05,79,1,79,79,79,6,1,6,6,6
7,90,6.6547e-05,1,6.6547e-05,6.6547e-05,6.6547e-05,79,1,79,79,79,6,1,6,6,6
7,90,0.000110705,1,0.000110705,0.000110705,0.000110705,105,1,105,105,105,7,1,7,7,7
7,90,6.7458e-05,1,6.7458e-05,6.7458e-05,6.7458e-05,79,1,79,79,79,6,1,6,6,6
7,90,6.8081e-05,1,6.8081e-05,6.8081e-05,6.8081e-05,79,1,79,79,79,6,1,6,6,6
7,90,6.7916e-05,1,6.7916e-05,6.7916e-05,6.7916e-05,79,1,79,79,79,6,1,6,6,6
7,90,6.8008e-05,1,6.8008e-05,6.8008e-05,6.8008e-05,79,1,79,79,79,6,1,6,6,6
7,90,2.9867e-05,1,2.9867e-05,2.9867e-05,2.9867e-05,48,1,48,48,48,4,1,4,4,4
7,90,6.7883e-05,1,6.7883e-05,6.7883e-05,6.7883e-05,79,1,79,79,79,6,1,6,6,6
7,90,6.6887e-05,1,6.6887e-05,6.6887e-05,6.6887e-05,79,1,79,79,79,6,1,6,6,6
7,90,6.7944e-05,1,6.7944e-05,6.7944e-05,6.7944e-05,79,1,79,79,79,6,1,6,6,6
7,90,4.6591e-05,1,4.6591e-05,4.6591e-05,4.6591e-05,57,1,57,57,57,5,1,5,5,5
7,90,0.0001108,1,0.0001108,0.0001108,0.0001108,105,1,105,105,105,7,1,7,7,7
7,90,7.3114e-05,1,7.3114e-05,7.3114e-05,7.3114e-05,79,1,79,79,79,6,1,6,6,6
7,90,6.7485e-05,1,6.7485e-05,6.7485e-05,6.7485e-05,79,1,79,79,79,6,1,6,6,6
7,90,3.3763e-05,1,3.3763e-05,3.3763e-05,3.3763e-05,55,1,55,55,55,5,1,5,5,5
7,90,4.1717e-05,1,4.1717e-05,4.1717e-05,4.1717e-05,68,1,68,68,68,5,1,5,5,5
7,90,3.3555e-05,1,3.3555e-05,3.3555e-05,3.3555e-05,54,1,54,54,54,5,1,5,5,5
7,90,4.0628e-05,1,4.0628e-05,4.0628e-05,4.0628e-05,68,1,68,68,68,5,1,5,5,5
7,90,3.3634e-05,1,3.3634e-05,3.3634e-05,3.3634e-05,53,1,53,53,53,5,1,5,5,5
7,90,2.7618e-05,1,2.7618e-05,2.7618e-05,2.7618e-05,54,1,54,54,54,5,1,5,5,5
7,90,6.6632e-05,1,6.6632e-05,6.6632e-05,6.6632e-05,78,1,78,78,78,6,1,6,6,6
7,90,2.1872e-05,1,2.1872e-05,2.1872e-05,2.1872e-05,49,1,49,49,49,4,1,4,4,4
7,90,6.8316e-05,1,6.8316e-05,6.8316e-05,6.8316e-05,79,1,79,79,79,6,1,6,6,6
7,90,2.1022e-05,1,2.1022e-05,2.1022e-05,2.1022e-05,47,1,47,47,47,4,1,4,4,4
7,90,3.9365e-05,1,3.9365e-05,3.9365e-05,3.9365e-05,68,1,68,68,68,5,1,5,5,5
7,90,6.7565e-05,1,6.7565e-05,6.7565e-05,6.7565e-05,79,1,79,79,79,6,1,6,6,6
7,90,6.8243e-05,1,6.8243e-05,6.8243e-05,6.8243e-05,79,1,79,79,79,6,1,6,6,6
7,90,0.000110304,1,0.000110304,0.000110304,0.000110304,105,1,105,105,105,7,1,7,7,7
7,90,3.4198e-05,1,3.4198e-05,3.4198e-05,3.4198e-05,53,1,53,53,53,5,1,5,5,5
7,90,8.5809e-05,1,8.5809e-05,8.5809e-05,8.5809e-05,78,1,78,78,78,6,1,6,6,6
7,90,8.6726e-05,1,8.6726e-05,8.6726e-05,8.6726e-05,78,1,78,78,78,6,1,6,6,6
7,90,2.1281e-05,1,2.1281e-05,2.1281e-05,2.1281e-05,49,1,49,49,49,4,1,4,4,4
7,90,2.7844e-05,1,2.7844e-05,2.7844e-05,2.7844e-05,56,1,56,56,56,5,1,5,5,5
7,90,6.6993e-05,1,6.6993e-05,6.6993e-05,6.6993e-05,79,1,79,79,79,6,1,6,6,6
7,90,0.000110445,1,0.000110445,0.000110445,0.000110445,105,1,105,105,105,7,1,7,7,7
7,90,6.6249e-05,1,6.6249e-05,6.6249e-05,6.6249e-05,79,1,79,79,79,6,1,6,6,6
7,90,6.7622e-05,1,6.7622e-05,6.7622e-05,6.7622e-05,78,1,78,78,78,6,1,6,6,6
7,90,0.000110202,1,0.000110202,0.000110202,0.000110202,105,1,105,105,105,7,1,7,7,7
7,90,6.7497e-05,1,6.7497e-05,6.7497e-05,6.7497e-05,79,1,79,79,79,6,1,6,6,6
7,90,3.4168e-05,1,3.4168e-05,3.4168e-05,3.4168e-05,55,1,55,55,55,5,1,5,5,5
7,90,6.8033e-05,1,6.8033e-05,6.8033e-05,6.8033e-05,79,1,79,79,79,6,1,6,6,6
7,90,3.3229e-05,1,3.3229e-05,3.3229e-05,3.3229e-05,55,1,55,55,55,5,1,5,5,5
7,90,8.7205e-05,1,8.7205e-05,8.7205e-05,8.7205e-05,78,1,78,78,78,6,1,6,6,6
7,90,7.0639e-05,1,7.0639e-05,7.0639e-05,7.0639e-05,79,1,79,79,79,6,1,6,6,6
7,90,2.2399e-05,1,2.2399e-05,2.2399e-05,2.2399e-05,44,1,44,44,44,4,1,4,4,4
7,90,0.000116278,1,0.000116278,0.000116278,0.000116278,105,1,105,105,105,7,1,7,7,7
7,90,3.577e-05,1,3.577e-05,3.577e-05,3.577e-05,55,1,55,55,55,5,1,5,5,5
7,90,6.8125e-05,1,6.8125e-05,6.8125e-05,6.8125e-05,79,1,79,79,79,6,1,6,6,6
7,90,7.199e-06,1,7.199e-06,7.199e-06,7.199e-06,33,1,33,33,33,4,1,4,4,4
7,90,0.000110298,1,0.000110298,0.000110298,0.000110298,105,1,105,105,105,7,1,7,7,7
7,90,4.1428e-05,1,4.1428e-05,4.1428e-05,4.1428e-05,66,1,66,66,66,5,1,5,5,5
7,90,0.000117206,1,0.000117206,0.000117206,0.000117206,105,1,105,105,105,7,1,7,7,7
7,90,2.2088e-05,1,2.2088e-05,2.2088e-05,2.2088e-05,47,1,47,47,47,4,1,4,4,4
7,90,3.4054e-05,1,3.4054e-05,3.4054e-05,3.4054e-05,55,1,55,55,55,5,1,5,5,5
7,90,0.000110468,1,0.000110468,0.000110468,0.000110468,105,1,105,105,105,7,1,7,7,7
7,90,6.725e-05,1,6.725e-05,6.725e-05,6.725e-05,78,1,78,78,78,6,1,6,6,6
7,90,3.3228e-05,1,3.3228e-05,3.3228e-05,3.3228e-05,55,1,55,55,55,5,1,5,5,5
7,90,6.835e-05,1,6.835e-05,6.835e-05,6.835e-05,79,1,79,79,79,6,1,6,6,6
7,90,6.7995e-05,1,6.7995e-05,6.7995e-05,6.7995e-05,79,1,79,79,79,6,1,6,6,6
7,90,6.6662e-05,1,6.6662e-05,6.6662e-05,6.6662e-05,78,1,78,78,78,6,1,6,6,6
7,90,0.000110174,1,0.000110174,0.000110174,0.000110174,105,1,105,105,105,7,1,7,7,7
7,90,6.6656e-05,1,6.6656e-05,6.6656e-05,6.6656e-05,79,1,79,79,79,6,1,6,6,6
7,90,3.0571e-05,1,3.0571e-05,3.0571e-05,3.0571e-05,45,1,45,45,45,4,1,4,4,4
7,90,6.784e-05,1,6.784e-05,6.784e-05,6.784e-05,79,1,79,79,79,6,1,6,6,6
7,90,6.7209e-05,1,6.7209e-05,6.7209e-05,6.7209e-05,79,1,79,79,79,6,1,6,6,6
7,90,0.000109857,1,0.000109857,0.000109857,0.000109857,105,1,105,105,105,7,1,7,7,7
7,90,6.8386e-05,1,6.8386e-05,6.8386e-05,6.8386e-05,79,1,79,79,79,6,1,6,6,6
7,90,6.8251e-05,1,6.8251e-05,6.8251e-05,6.8251e-05,77,1,77,77,77,6,1,6,6,6
7,90,0.000110388,1,0.000110388,0.000110388,0.000110388,105,1,105,105,105,7,1,7,7,7
7,90,0.000110531,1,0.000110531,0.000110531,0.000110531,105,1,105,105,105,7,1,7,7,7
7,90,3.3863e-05,1,3.3863e-05,3.3863e-05,3.3863e-05,55,1,55,55,55,5,1,5,5,5
7,90,3.386e-05,1,3.386e-05,3.386e-05,3.386e-05,55,1,55,55,55,5,1,5,5,5
7,90,3.4132e-05,1,3.4132e-05,3.4132e-05,3.4132e-05,55,1,55,55,55,5,1,5,5,5
7,90,3.3925e-05,1,3.3925e-05,3.3925e-05,3.3925e-05,55,1,55,55,55,5,1,5,5,5
7,90,3.3341e-05,1,3.3341e-05,3.3341e-05,3.3341e-05,55,1,55,55,55,5,1,5,5,5
7,90,2.8262e-05,1,2.8262e-05,2.8262e-05,2.8262e-05,56,1,56,56,56,5,1,5,5,5
7,90,3.3683e-05,1,3.3683e-05,3.3683e-05,3.3683e-05,53,1,53,53,53,5,1,5,5,5
7,90,6.7844e-05,1,6.7844e-05,6.7844e-05,6.7844e-05,79,1,79,79,79,6,1,6,6,6
7,90,6.693e-05,1,6.693e-05,6.693e-05,6.693e-05,79,1,79,79,79,6,1,6,6,6
7,90,3.1675e-05,1,3.1675e-05,3.1675e-05,3.1675e-05,48,1,48,48,48,4,1,4,4,4
7,90,3.3507e-05,1,3.3507e-05,3.3507e-05,3.3507e-05,53,1,53,53,53,5,1,5,5,5
7,90,3.3731e-05,1,3.3731e-05,3.3731e-05,3.3731e-05,54,1,54,54,54,5,1,5,5,5
7,90,3.3194e-05,1,3.3194e-05,3.3194e-05,3.3194e-05,51,1,51,51,51,5,1,5,5,5
7,90,6.8305e-05,1,6.8305e-05,6.8305e-05,6.8305e-05,79,1,79,79,79,6,1,6,6,6
7,90,6.837e-06,1,6.837e-06,6.837e-06,6.837e-06,33,1,33,33,33,4,1,4,4,4
7,90,6.7379e-05,1,6.7379e-05,6.7379e-05,6.7379e-05,78,1,78,78,78,6,1,6,6,6
7,90,6.6886e-05,1,6.6886e-05,6.6886e-05,6.6886e-05,79,1,79,79,79,6,1,6,6,6
7,90,6.7151e-05,1,6.7151e-05,6.7151e-05,6.7151e-05,79,1,79,79,79,6,1,6,6,6
7,90,6.7157e-05,1,6.7157e-05,6.7157e-05,6.7157e-05,79,1,79,79,79,6,1,6,6,6
7,90,4.6683e-05,1,4.6683e-05,4.6683e-05,4.6683e-05,57,1,57,57,57,5,1,5,5,5
7,90,6.6912e-05,1,6.6912e-05,6.6912e-05,6.6912e-05,79,1,79,79,79,6,1,6,6,6
7,90,9.4257e-05,1,9.4257e-05,9.4257e-05,9.4257e-05,79,1,79,79,79,6,1,6,6,6
7,90,2.3469e-05,1,2.3469e-05,2.3469e-05,2.3469e-05,49,1,49,49,49,4,1,4,4,4
7,90,3.5851e-05,1,3.5851e-05,3.5851e-05,3.5851e-05,55,1,55,55,55,5,1,5,5,5
7,90,3.5588e-05,1,3.5588e-05,3.5588e-05,3.5588e-05,54,1,54,54,54,5,1,5,5,5
7,90,6.9929e-05,1,6.9929e-05,6.9929e-05,6.9929e-05,79,1,79,79,79,6,1,6,6,6
7,90,2.9813e-05,1,2.9813e-05,2.9813e-05,2.9813e-05,54,1,54,54,54,5,1,5,5,5
7,90,6.9859e-05,1,6.9859e-05,6.9859e-05,6.9859e-05,79,1,79,79,79,6,1,6,6,6
7,90,0.000133026,1,0.000133026,0.000133026,0.000133026,105,1,105,105,105,7,1,7,7,7
7,90,6.7034e-05,1,6.7034e-05,6.7034e-05,6.7034e-05,79,1,79,79,79,6,1,6,6,6
7,90,0.000110279,1,0.000110279,0.000110279,0.000110279,105,1,105,105,105,7,1,7,7,7
7,90,3.3331e-05,1,3.3331e-05,3.3331e-05,3.3331e-05,54,1,54,54,54,5,1,5,5,5
7,90,2.8463e-05,1,2.8463e-05,2.8463e-05,2.8463e-05,56,1,56,56,56,5,1,5,5,5
7,90,3.3699e-05,1,3.3699e-05,3.3699e-05,3.3699e-05,55,1,55,55,55,5,1,5,5,5
7,90,2.8017e-05,1,2.8017e-05,2.8017e-05,2.8017e-05,56,1,56,56,56,5,1,5,5,5
7,90,6.826e-05,1,6.826e-05,6.826e-05,6.826e-05,78,1,78,78,78,6,1,6,6,6
7,90,2.157e-05,1,2.157e-05,2.157e-05,2.157e-05,47,1,47,47,47,4,1,4,4,4
7,90,0.000110549,1,0.000110549,0.000110549,0.000110549,105,1,105,105,105,7,1,7,7,7
7,90,3.388e-05,1,3.388e-05,3.388e-05,3.388e-05,55,1,55,55,55,5,1,5,5,5
7,90,5.2351e-05,1,5.2351e-05,5.2351e-05,5.2351e-05,53,1,53,53,53,5,1,5,5,5
7,90,3.5044e-05,1,3.5044e-05,3.5044e-05,3.5044e-05,54,1,54,54,54,5,1,5,5,5
7,90,7.201e-06,1,7.201e-06,7.201e-06,7.201e-06,33,1,33,33,33,4,1,4,4,4
7,90,3.522e-05,1,3.522e-05,3.522e-05,3.522e-05,55,1,55,55,55,5,1,5,5,5
7,90,3.5195e-05,1,3.5195e-05,3.5195e-05,3.5195e-05,55,1,55,55,55,5,1,5,5,5
7,90,7.1679e-05,1,7.1679e-05,7.1679e-05,7.1679e-05,78,1,78,78,78,6,1,6,6,6
7,90,3.5641e-05,1,3.5641e-05,3.5641e-05,3.5641e-05,55,1,55,55,55,5,1,5,5,5
7,90,6.9914e-05,1,6.9914e-05,6.9914e-05,6.9914e-05,79,1,79,79,79,6,1,6,6,6
7,90,3.3229e-05,1,3.3229e-05,3.3229e-05,3.3229e-05,53,1,53,53,53,5,1,5,5,5
7,90,0.000110792,1,0.000110792,0.000110792,0.000110792,105,1,105,105,105,7,1,7,7,7
7,90,2.1219e-05,1,2.1219e-05,2.1219e-05,2.1219e-05,47,1,47,47,47,4,1,4,4,4
7,90,6.7187e-05,1,6.7187e-05,6.7187e-05,6.7187e-05,79,1,79,79,79,6,1,6,6,6
7,90,3.344e-05,1,3.344e-05,3.344e-05,3.344e-05,53,1,53,53,53,5,1,5,5,5
7,90,2.1521e-05,1,2.1521e-05,2.1521e-05,2.1521e-05,47,1,47,47,47,4,1,4,4,4
7,90,0.000110761,1,0.000110761,0.000110761,0.000110761,105,1,105,105,105,7,1,7,7,7
7,90,3.3958e-05,1,3.3958e-05,3.3958e-05,3.3958e-05,55,1,55,55,55,5,1,5,5,5
7,90,3.3619e-05,1,3.3619e-05,3.3619e-05,3.3619e-05,53,1,53,53,53,5,1,5,5,5
7,90,3.3585e-05,1,3.3585e-05,3.3585e-05,3.3585e-05,55,1,55,55,55,5,1,5,5,5
7,90,2.8228e-05,1,2.8228e-05,2.8228e-05,2.8228e-05,54,1,54,54,54,5,1,5,5,5
7,90,6.8115e-05,1,6.8115e-05,6.8115e-05,6.8115e-05,79,1,79,79,79,6,1,6,6,6
7,90,2.1496e-05,1,2.1496e-05,2.1496e-05,2.1496e-05,49,1,49,49,49,4,1,4,4,4
7,90,2.0866e-05,1,2.0866e-05,2.0866e-05,2.0866e-05,47,1,47,47,47,4,1,4,4,4
7,90,2.7953e-05,1,2.7953e-05,2.7953e-05,2.7953e-05,54,1,54,54,54,5,1,5,5,5
7,90,6.838e-05,1,6.838e-05,6.838e-05,6.838e-05,78,1,78,78,78,6,1,6,6,6
7,90,3.3147e-05,1,3.3147e-05,3.3147e-05,3.3147e-05,51,1,51,51,51,5,1,5,5,5
7,90,3.3072e-05,1,3.3072e-05,3.3072e-05,3.3072e-05,52,1,52,52,52,5,1,5,5,5
7,90,6.8629e-05,1,6.8629e-05,6.8629e-05,6.8629e-05,78,1,78,78,78,6,1,6,6,6
7,90,3.3793e-05,1,3.3793e-05,3.3793e-05,3.3793e-05,55,1,55,55,55,5,1,5,5,5
7,90,6.6791e-05,1,6.6791e-05,6.6791e-05,6.6791e-05,78,1,78,78,78,6,1,6,6,6
7,90,2.7619e-05,1,2.7619e-05,2.7619e-05,2.7619e-05,56,1,56,56,56,5,1,5,5,5
7,90,6.7133e-05,1,6.7133e-05,6.7133e-05,6.7133e-05,78,1,78,78,78,6,1,6,6,6
7,90,6.7555e-05,1,6.7555e-05,6.7555e-05,6.7555e-05,79,1,79,79,79,6,1,6,6,6
7,90,6.7255e-05,1,6.7255e-05,6.7255e-05,6.7255e-05,78,1,78,78,78,6,1,6,6,6
7,90,6.7967e-05,1,6.7967e-05,6.7967e-05,6.7967e-05,79,1,79,79,79,6,1,6,6,6
7,90,6.7868e-05,1,6.7868e-05,6.7868e-05,6.7868e-05,79,1,79,79,79,6,1,6,6,6
7,90,3.3942e-05,1,3.3942e-05,3.3942e-05,3.3942e-05,55,1,55,55,55,5,1,5,5,5
7,90,8.7415e-05,1,8.7415e-05,8.7415e-05,8.7415e-05,79,1,79,79,79,6,1,6,6,6
7,90,3.5307e-05,1,3.5307e-05,3.5307e-05,3.5307e-05,55,1,55,55,55,5,1,5,5,5
7,90,0.000116744,1,0.000116744,0.000116744,0.000116744,105,1,105,105,105,7,1,7,7,7
7,90,0.000117006,1,0.000117006,0.000117006,0.000117006,105,1,105,105,105,7,1,7,7,7
7,90,0.000128526,1,0.000128526,0.000128526,0.000128526,105,1,105,105,105,7,1,7,7,7
7,90,7.024e-06,1,7.024e-06,7.024e-06,7.024e-06,31,1,31,31,31,4,1,4,4,4
7,90,3.427e-05,1,3.427e-05,3.427e-05,3.427e-05,55,1,55,55,55,5,1,5,5,5
7,90,6.7438e-05,1,6.7438e-05,6.7438e-05,6.7438e-05,78,1,78,78,78,6,1,6,6,6
7,90,6.867e-06,1,6.867e-06,6.867e-06,6.867e-06,33,1,33,33,33,4,1,4,4,4
7,90,6.6912e-05,1,6.6912e-05,6.6912e-05,6.6912e-05,78,1,78,78,78,6,1,6,6,6
7,90,3.3988e-05,1,3.3988e-05,3.3988e-05,3.3988e-05,53,1,53,53,53,5,1,5,5,5
7,90,3.309e-05,1,3.309e-05,3.309e-05,3.309e-05,55,1,55,55,55,5,1,5,5,5
7,90,3.382e-05,1,3.382e-05,3.382e-05,3.382e-05,55,1,55,55,55,5,1,5,5,5
7,90,6.7685e-05,1,6.7685e-05,6.7685e-05,6.7685e-05,78,1,78,78,78,6,1,6,6,6
7,90,0.000110266,1,0.000110266,0.000110266,0.000110266,105,1,105,105,105,7,1,7,7,7
7,90,0.000110473,1,0.000110473,0.000110473,0.000110473,105,1,105,105,105,7,1,7,7,7
7,90,3.3623e-05,1,3.3623e-05,3.3623e-05,3.3623e-05,55,1,55,55,55,5,1,5,5,5
7,90,3.4068e-05,1,3.4068e-05,3.4068e-05,3.4068e-05,55,1,55,55,55,5,1,5,5,5
7,90,0.000110228,1,0.000110228,0.000110228,0.000110228,105,1,105,105,105,7,1,7,7,7
7,90,0.000110113,1,0.000110113,0.000110113,0.000110113,105,1,105,105,105,7,1,7,7,7
7,90,3.3318e-05,1,3.3318e-05,3.3318e-05,3.3318e-05,55,1,55,55,55,5,1,5,5,5
7,90,6.8117e-05,1,6.8117e-05,6.8117e-05,6.8117e-05,79,1,79,79,79,6,1,6,6,6
7,90,0.000110037,1,0.000110037,0.000110037,0.000110037,105,1,105,105,105,7,1,7,7,7
7,90,3.3688e-05,1,3.3688e-05,3.3688e-05,3.3688e-05,55,1,55,55,55,5,1,5,5,5
7,90,3.4422e-05,1,3.4422e-05,3.4422e-05,3.4422e-05,55,1,55,55,55,5,1,5,5,5
7,90,0.000110604,1,0.000110604,0.000110604,0.000110604,105,1,105,105,105,7,1,7,7,7
7,90,3.4288e-05,1,3.4288e-05,3.4288e-05,3.4288e-05,54,1,54,54,54,5,1,5,5,5
7,90,7.4049e-05,1,7.4049e-05,7.4049e-05,7.4049e-05,79,1,79,79,79,6,1,6,6,6
7,90,3.3493e-05,1,3.3493e-05,3.3493e-05,3.3493e-05,55,1,55,55,55,5,1,5,5,5
7,90,6.7477e-05,1,6.7477e-05,6.7477e-05,6.7477e-05,79,1,79,79,79,6,1,6,6,6
7,90,3.4135e-05,1,3.4135e-05,3.4135e-05,3.4135e-05,55,1,55,55,55,5,1,5,5,5
7,90,0.000110336,1,0.000110336,0.000110336,0.000110336,105,1,105,105,105,7,1,7,7,7
7,90,2.8006e-05,1,2.8006e-05,2.8006e-05,2.8006e-05,54,1,54,54,54,5,1,5,5,5
7,90,3.3269e-05,1,3.3269e-05,3.3269e-05,3.3269e-05,55,1,55,55,55,5,1,5,5,5
7,90,3.3607e-05,1,3.3607e-05,3.3607e-05,3.3607e-05,53,1,53,53,53,5,1,5,5,5
7,90,6.7331e-05,1,6.7331e-05,6.7331e-05,6.7331e-05,79,1,79,79,79,6,1,6,6,6
7,90,2.8042e-05,1,2.8042e-05,2.8042e-05,2.8042e-05,54,1,54,54,54,5,1,5,5,5
7,90,6.7922e-05,1,6.7922e-05,6.7922e-05,6.7922e-05,78,1,78,78,78,6,1,6,6,6
7,90,6.7352e-05,1,6.7352e-05,6.7352e-05,6.7352e-05,79,1,79,79,79,6,1,6,6,6
7,90,2.801e-05,1,2.801e-05,2.801e-05,2.801e-05,56,1,56,56,56,5,1,5,5,5
7,90,6.8166e-05,1,6.8166e-05,6.8166e-05,6.8166e-05,79,1,79,79,79,6,1,6,6,6
7,90,3.3497e-05,1,3.3497e-05,3.3497e-05,3.3497e-05,55,1,55,55,55,5,1,5,5,5
7,90,3.3037e-05,1,3.3037e-05,3.3037e-05,3.3037e-05,55,1,55,55,55,5,1,5,5,5
7,90,3.354e-05,1,3.354e-05,3.354e-05,3.354e-05,53,1,53,53,53,5,1,5,5,5
7,90,6.78e-05,1,6.78e-05,6.78e-05,6.78e-05,78,1,78,78,78,6,1,6,6,6
7,90,6.7378e-05,1,6.7378e-05,6.7378e-05,6.7378e-05,79,1,79,79,79,6,1,6,6,6
7,90,5.2049e-05,1,5.2049e-05,5.2049e-05,5.2049e-05,53,1,53,53,53,5,1,5,5,5
7,90,6.8249e-05,1,6.8249e-05,6.8249e-05,6.8249e-05,79,1,79,79,79,6,1,6,6,6
7,90,2.9554e-05,1,2.9554e-05,2.9554e-05,2.9554e-05,56,1,56,56,56,5,1,5,5,5
7,90,3.5627e-05,1,3.5627e-05,3.5627e-05,3.5627e-05,55,1,55,55,55,5,1,5,5,5
7,90,7.36e-06,1,7.36e-06,7.36e-06,7.36e-06,31,1,31,31,31,4,1,4,4,4
7,90,0.000116954,1,0.000116954,0.000116954,0.000116954,105,1,105,105,105,7,1,7,7,7
7,90,2.9367e-05,1,2.9367e-05,2.9367e-05,2.9367e-05,53,1,53,53,53,5,1,5,5,5
7,90,5.1447e-05,1,5.1447e-05,5.1447e-05,5.1447e-05,55,1,55,55,55,5,1,5,5,5
7,90,0.000110655,1,0.000110655,0.000110655,0.000110655,105,1,105,105,105,7,1,7,7,7
7,90,6.7584e-05,1,6.7584e-05,6.7584e-05,6.7584e-05,78,1,78,78,78,6,1,6,6,6
7,90,2.1673e-05,1,2.1673e-05,2.1673e-05,2.1673e-05,47,1,47,47,47,4,1,4,4,4
7,90,6.7293e-05,1,6.7293e-05,6.7293e-05,6.7293e-05,78,1,78,78,78,6,1,6,6,6
7,90,6.788e-05,1,6.788e-05,6.788e-05,6.788e-05,79,1,79,79,79,6,1,6,6,6
7,90,6.6806e-05,1,6.6806e-05,6.6806e-05,6.6806e-05,78,1,78,78,78,6,1,6,6,6
7,90,2.8137e-05,1,2.8137e-05,2.8137e-05,2.8137e-05,56,1,56,56,56,5,1,5,5,5
7,90,6.7089e-05,1,6.7089e-05,6.7089e-05,6.7089e-05,79,1,79,79,79,6,1,6,6,6
7,90,6.7987e-05,1,6.7987e-05,6.7987e-05,6.7987e-05,79,1,79,79,79,6,1,6,6,6
7,90,6.8068e-05,1,6.8068e-05,6.8068e-05,6.8068e-05,79,1,79,79,79,6,1,6,6,6
7,90,6.7876e-05,1,6.7876e-05,6.7876e-05,6.7876e-05,79,1,79,79,79,6,1,6,6,6
7,90,6.7249e-05,1,6.7249e-05,6.7249e-05,6.7249e-05,79,1,79,79,79,6,1,6,6,6
7,90,6.7533e-05,1,6.7533e-05,6.7533e-05,6.7533e-05,79,1,79,79,79,6,1,6,6,6
7,90,6.7895e-05,1,6.7895e-05,6.7895e-05,6.7895e-05,79,1,79,79,79,6,1,6,6,6
7,90,0.000111894,1,0.000111894,0.000111894,0.000111894,105,1,105,105,105,7,1,7,7,7
7,90,6.7175e-05,1,6.7175e-05,6.7175e-05,6.7175e-05,79,1,79,79,79,6,1,6,6,6
7,90,2.5623e-05,1,2.5623e-05,2.5623e-05,2.5623e-05,46,1,46,46,46,4,1,4,4,4
7,90,6.8348e-05,1,6.8348e-05,6.8348e-05,6.8348e-05,79,1,79,79,79,6,1,6,6,6
7,90,6.6416e-05,1,6.6416e-05,6.6416e-05,6.6416e-05,78,1,78,78,78,6,1,6,6,6
7,90,6.8129e-05,1,6.8129e-05,6.8129e-05,6.8129e-05,78,1,78,78,78,6,1,6,6,6
7,90,6.7756e-05,1,6.7756e-05,6.7756e-05,6.7756e-05,79,1,79,79,79,6,1,6,6,6
7,90,6.763e-05,1,6.763e-05,6.763e-05,6.763e-05,79,1,79,79,79,6,1,6,6,6
7,90,3.405e-05,1,3.405e-05,3.405e-05,3.405e-05,55,1,55,55,55,5,1,5,5,5
7,90,3.3894e-05,1,3.3894e-05,3.3894e-05,3.3894e-05,55,1,55,55,55,5,1,5,5,5
7,90,3.3817e-05,1,3.3817e-05,3.3817e-05,3.3817e-05,55,1,55,55,55,5,1,5,5,5
7,90,6.8722e-05,1,6.8722e-05,6.8722e-05,6.8722e-05,79,1,79,79,79,6,1,6,6,6
7,90,3.4121e-05,1,3.4121e-05,3.4121e-05,3.4121e-05,55,1,55,55,55,5,1,5,5,5
7,90,0.000130089,1,0.000130089,0.000130089,0.000130089,105,1,105,105,105,7,1,7,7,7
7,90,7.328e-06,1,7.328e-06,7.328e-06,7.328e-06,33,1,33,33,33,4,1,4,4,4
7,90,7.1798e-05,1,7.1798e-05,7.1798e-05,7.1798e-05,79,1,79,79,79,6,1,6,6,6
7,90,7.1848e-05,1,7.1848e-05,7.1848e-05,7.1848e-05,79,1,79,79,79,6,1,6,6,6
7,90,0.00011646,1,0.00011646,0.00011646,0.00011646,105,1,105,105,105,7,1,7,7,7
7,90,7.1984e-05,1,7.1984e-05,7.1984e-05,7.1984e-05,79,1,79,79,79,6,1,6,6,6
7,90,7.1706e-05,1,7.1706e-05,7.1706e-05,7.1706e-05,78,1,78,78,78,6,1,6,6,6
7,90,0.000110426,1,0.000110426,0.000110426,0.000110426,105,1,105,105,105,7,1,7,7,7
7,90,6.757e-05,1,6.757e-05,6.757e-05,6.757e-05,78,1,78,78,78,6,1,6,6,6
7,90,3.4029e-05,1,3.4029e-05,3.4029e-05,3.4029e-05,55,1,55,55,55,5,1,5,5,5
7,90,6.7067e-05,1,6.7067e-05,6.7067e-05,6.7067e-05,78,1,78,78,78,6,1,6,6,6
7,90,0.000110891,1,0.000110891,0.000110891,0.000110891,105,1,105,105,105,7,1,7,7,7
7,90,6.8035e-05,1,6.8035e-05,6.8035e-05,6.8035e-05,79,1,79,79,79,6,1,6,6,6
7,90,6.8054e-05,1,6.8054e-05,6.8054e-05,6.8054e-05,78,1,78,78,78,6,1,6,6,6
7,90,3.3772e-05,1,3.3772e-05,3.3772e-05,3.3772e-05,53,1,53,53,53,5,1,5,5,5
7,90,6.6797e-05,1,6.6797e-05,6.6797e-05,6.6797e-05,79,1,79,79,79,6,1,6,6,6
7,90,6.8365e-05,1,6.8365e-05,6.8365e-05,6.8365e-05,79,1,79,79,79,6,1,6,6,6
7,90,3.4031e-05,1,3.4031e-05,3.4031e-05,3.4031e-05,54,1,54,54,54,5,1,5,5,5
7,90,6.8176e-05,1,6.8176e-05,6.8176e-05,6.8176e-05,79,1,79,79,79,6,1,6,6,6
7,90,0.000110627,1,0.000110627,0.000110627,0.000110627,105,1,105,105,105,7,1,7,7,7
7,90,0.000110148,1,0.000110148,0.000110148,0.000110148,105,1,105,105,105,7,1,7,7,7
7,90,6.8156e-05,1,6.8156e-05,6.8156e-05,6.8156e-05,79,1,79,79,79,6,1,6,6,6
7,90,7.4392e-05,1,7.4392e-05,7.4392e-05,7.4392e-05,79,1,79,79,79,6,1,6,6,6
7,90,3.4256e-05,1,3.4256e-05,3.4256e-05,3.4256e-05,55,1,55,55,55,5,1,5,5,5
7,90,2.8142e-05,1,2.8142e-05,2.8142e-05,2.8142e-05,54,1,54,54,54,5,1,5,5,5
7,90,3.3304e-05,1,3.3304e-05,3.3304e-05,3.3304e-05,54,1,54,54,54,5,1,5,5,5
7,90,0.000110419,1,0.000110419,0.000110419,0.000110419,105,1,105,105,105,7,1,7,7,7
7,90,6.7151e-05,1,6.7151e-05,6.7151e-05,6.7151e-05,79,1,79,79,79,6,1,6,6,6
7,90,6.847e-05,1,6.847e-05,6.847e-05,6.847e-05,77,1,77,77,77,6,1,6,6,6
7,90,6.7553e-05,1,6.7553e-05,6.7553e-05,6.7553e-05,79,1,79,79,79,6,1,6,6,6
7,90,7.082e-06,1,7.082e-06,7.082e-06,7.082e-06,30,1,30,30,30,4,1,4,4,4
7,90,3.4071e-05,1,3.4071e-05,3.4071e-05,3.4071e-05,55,1,55,55,55,5,1,5,5,5
7,90,6.8177e-05,1,6.8177e-05,6.8177e-05,6.8177e-05,78,1,78,78,78,6,1,6,6,6
7,90,6.7815e-05,1,6.7815e-05,6.7815e-05,6.7815e-05,79,1,79,79,79,6,1,6,6,6
7,90,3.373e-05,1,3.373e-05,3.373e-05,3.373e-05,54,1,54,54,54,5,1,5,5,5
7,90,3.3832e-05,1,3.3832e-05,3.3832e-05,3.3832e-05,55,1,55,55,55,5,1,5,5,5
7,90,3.3444e-05,1,3.3444e-05,3.3444e-05,3.3444e-05,55,1,55,55,55,5,1,5,5,5
7,90,2.7929e-05,1,2.7929e-05,2.7929e-05,2.7929e-05,56,1,56,56,56,5,1,5,5,5
7,90,3.3599e-05,1,3.3599e-05,3.3599e-05,3.3599e-05,55,1,55,55,55,5,1,5,5,5
7,90,2.833e-05,1,2.833e-05,2.833e-05,2.833e-05,54,1,54,54,54,5,1,5,5,5
7,90,3.2906e-05,1,3.2906e-05,3.2906e-05,3.2906e-05,53,1,53,53,53,5,1,5,5,5
7,90,0.000110906,1,0.000110906,0.000110906,0.000110906,105,1,105,105,105,7,1,7,7,7
7,90,4.1785e-05,1,4.1785e-05,4.1785e-05,4.1785e-05,68,1,68,68,68,5,1,5,5,5
7,90,0.00011053,1,0.00011053,0.00011053,0.00011053,105,1,105,105,105,7,1,7,7,7
7,90,6.7738e-05,1,6.7738e-05,6.7738e-05,6.7738e-05,79,1,79,79,79,6,1,6,6,6
7,90,6.7929e-05,1,6.7929e-05,6.7929e-05,6.7929e-05,77,1,77,77,77,6,1,6,6,6
7,90,4.1292e-05,1,4.1292e-05,4.1292e-05,4.1292e-05,68,1,68,68,68,5,1,5,5,5
7,90,6.878e-06,1,6.878e-06,6.878e-06,6.878e-06,30,1,30,30,30,4,1,4,4,4
7,90,6.7115e-05,1,6.7115e-05,6.7115e-05,6.7115e-05,79,1,79,79,79,6,1,6,6,6
7,90,2.7947e-05,1,2.7947e-05,2.7947e-05,2.7947e-05,56,1,56,56,56,5,1,5,5,5
7,90,6.8157e-05,1,6.8157e-05,6.8157e-05,6.8157e-05,77,1,77,77,77,6,1,6,6,6
7,90,6.7557e-05,1,6.7557e-05,6.7557e-05,6.7557e-05,79,1,79,79,79,6,1,6,6,6
7,90,3.2861e-05,1,3.2861e-05,3.2861e-05,3.2861e-05,50,1,50,50,50,5,1,5,5,5
7,90,7.034e-06,1,7.034e-06,7.034e-06,7.034e-06,35,1,35,35,35,4,1,4,4,4
7,90,6.7087e-05,1,6.7087e-05,6.7087e-05,6.7087e-05,78,1,78,78,78,6,1,6,6,6
7,90,3.4308e-05,1,3.4308e-05,3.4308e-05,3.4308e-05,53,1,53,53,53,5,1,5,5,5
7,90,6.8004e-05,1,6.8004e-05,6.8004e-05,6.8004e-05,78,1,78,78,78,6,1,6,6,6
7,90,3.3168e-05,1,3.3168e-05,3.3168e-05,3.3168e-05,52,1,52,52,52,5,1,5,5,5
7,90,0.00011078,1,0.00011078,0.00011078,0.00011078,105,1,105,105,105,7,1,7,7,7
7,90,0.000116843,1,0.000116843,0.000116843,0.000116843,105,1,105,105,105,7,1,7,7,7
7,90,2.983e-05,1,2.983e-05,2.983e-05,2.983e-05,54,1,54,54,54,5,1,5,5,5
7,90,7.1103e-05,1,7.1103e-05,7.1103e-05,7.1103e-05,79,1,79,79,79,6,1,6,6,6
7,90,7.1667e-05,1,7.1667e-05,7.1667e-05,7.1667e-05,79,1,79,79,79,6,1,6,6,6
7,90,7.1435e-05,1,7.1435e-05,7.1435e-05,7.1435e-05,79,1,79,79,79,6,1,6,6,6
7,90,7.2366e-05,1,7.2366e-05,7.2366e-05,7.2366e-05,78,1,78,78,78,6,1,6,6,6
7,90,7.0119e-05,1,7.0119e-05,7.0119e-05,7.0119e-05,79,1,79,79,79,6,1,6,6,6
7,90,7.0949e-05,1,7.0949e-05,7.0949e-05,7.0949e-05,78,1,78,78,78,6,1,6,6,6
7,90,7.114e-05,1,7.114e-05,7.114e-05,7.114e-05,79,1,79,79,79,6,1,6,6,6
7,90,7.443e-06,1,7.443e-06,7.443e-06,7.443e-06,29,1,29,29,29,3,1,3,3,3
7,90,7.0988e-05,1,7.0988e-05,7.0988e-05,7.0988e-05,79,1,79,79,79,6,1,6,6,6
7,90,8.4041e-05,1,8.4041e-05,8.4041e-05,8.4041e-05,79,1,79,79,79,6,1,6,6,6
7,90,3.3998e-05,1,3.3998e-05,3.3998e-05,3.3998e-05,53,1,53,53,53,5,1,5,5,5
7,90,0.000110784,1,0.000110784,0.000110784,0.000110784,105,1,105,105,105,7,1,7,7,7
7,90,6.8619e-05,1,6.8619e-05,6.8619e-05,6.8619e-05,79,1,79,79,79,6,1,6,6,6
7,90,3.3889e-05,1,3.3889e-05,3.3889e-05,3.3889e-05,55,1,55,55,55,5,1,5,5,5
7,90,3.3591e-05,1,3.3591e-05,3.3591e-05,3.3591e-05,55,1,55,55,55,5,1,5,5,5
7,90,3.3711e-05,1,3.3711e-05,3.3711e-05,3.3711e-05,55,1,55,55,55,5,1,5,5,5
7,90,6.8075e-05,1,6.8075e-05,6.8075e-05,6.8075e-05,79,1,79,79,79,6,1,6,6,6
7,90,6.7271e-05,1,6.7271e-05,6.7271e-05,6.7271e-05,78,1,78,78,78,6,1,6,6,6
7,90,2.1164e-05,1,2.1164e-05,2.1164e-05,2.1164e-05,47,1,47,47,47,4,1,4,4,4
7,90,6.8436e-05,1,6.8436e-05,6.8436e-05,6.8436e-05,78,1,78,78,78,6,1,6,6,6
7,90,3.3266e-05,1,3.3266e-05,3.3266e-05,3.3266e-05,53,1,53,53,53,5,1,5,5,5
7,90,3.3015e-05,1,3.3015e-05,3.3015e-05,3.3015e-05,55,1,55,55,55,5,1,5,5,5
7,90,6.6281e-05,1,6.6281e-05,6.6281e-05,6.6281e-05,78,1,78,78,78,6,1,6,6,6
7,90,3.337e-05,1,3.337e-05,3.337e-05,3.337e-05,53,1,53,53,53,5,1,5,5,5
7,90,3.3831e-05,1,3.3831e-05,3.3831e-05,3.3831e-05,55,1,55,55,55,5,1,5,5,5
7,90,4.0895e-05,1,4.0895e-05,4.0895e-05,4.0895e-05,55,1,55,55,55,5,1,5,5,5
7,90,3.3873e-05,1,3.3873e-05,3.3873e-05,3.3873e-05,55,1,55,55,55,5,1,5,5,5
7,90,2.7953e-05,1,2.7953e-05,2.7953e-05,2.7953e-05,56,1,56,56,56,5,1,5,5,5
7,90,6.7543e-05,1,6.7543e-05,6.7543e-05,6.7543e-05,78,1,78,78,78,6,1,6,6,6
7,90,3.364e-05,1,3.364e-05,3.364e-05,3.364e-05,54,1,54,54,54,5,1,5,5,5
7,90,6.7137e-05,1,6.7137e-05,6.7137e-05,6.7137e-05,79,1,79,79,79,6,1,6,6,6
7,90,2.1495e-05,1,2.1495e-05,2.1495e-05,2.1495e-05,47,1,47,47,47,4,1,4,4,4
7,90,6.7222e-05,1,6.7222e-05,6.7222e-05,6.7222e-05,78,1,78,78,78,6,1,6,6,6
7,90,6.836e-05,1,6.836e-05,6.836e-05,6.836e-05,79,1,79,79,79,6,1,6,6,6
7,90,1.7517e-05,1,1.7517e-05,1.7517e-05,1.7517e-05,45,1,45,45,45,4,1,4,4,4
7,90,3.3584e-05,1,3.3584e-05,3.3584e-05,3.3584e-05,55,1,55,55,55,5,1,5,5,5
7,90,2.7851e-05,1,2.7851e-05,2.7851e-05,2.7851e-05,56,1,56,56,56,5,1,5,5,5
7,90,6.7977e-05,1,6.7977e-05,6.7977e-05,6.7977e-05,79,1,79,79,79,6,1,6,6,6
7,90,3.3348e-05,1,3.3348e-05,3.3348e-05,3.3348e-05,55,1,55,55,55,5,1,5,5,5
7,90,6.945e-06,1,6.945e-06,6.945e-06,6.945e-06,33,1,33,33,33,4,1,4,4,4
7,90,3.342e-05,1,3.342e-05,3.342e-05,3.342e-05,55,1,55,55,55,5,1,5,5,5
7,90,6.653e-05,1,6.653e-05,6.653e-05,6.653e-05,78,1,78,78,78,6,1,6,6,6
7,90,6.639e-05,1,6.639e-05,6.639e-05,6.639e-05,79,1,79,79,79,6,1,6,6,6
7,90,6.8303e-05,1,6.8303e-05,6.8303e-05,6.8303e-05,79,1,79,79,79,6,1,6,6,6
7,90,4.049e-05,1,4.049e-05,4.049e-05,4.049e-05,55,1,55,55,55,5,1,5,5,5
7,90,6.6319e-05,1,6.6319e-05,6.6319e-05,6.6319e-05,79,1,79,79,79,6,1,6,6,6
7,90,3.5396e-05,1,3.5396e-05,3.5396e-05,3.5396e-05,55,1,55,55,55,5,1,5,5,5
7,90,6.7007e-05,1,6.7007e-05,6.7007e-05,6.7007e-05,79,1,79,79,79,6,1,6,6,6
7,90,6.8211e-05,1,6.8211e-05,6.8211e-05,6.8211e-05,79,1,79,79,79,6,1,6,6,6
7,90,2.8443e-05,1,2.8443e-05,2.8443e-05,2.8443e-05,56,1,56,56,56,5,1,5,5,5
7,90,3.1518e-05,1,3.1518e-05,3.1518e-05,3.1518e-05,45,1,45,45,45,4,1,4,4,4
7,90,3.3688e-05,1,3.3688e-05,3.3688e-05,3.3688e-05,55,1,55,55,55,5,1,5,5,5
7,90,6.779e-05,1,6.779e-05,6.779e-05,6.779e-05,78,1,78,78,78,6,1,6,6,6
7,90,2.7976e-05,1,2.7976e-05,2.7976e-05,2.7976e-05,56,1,56,56,56,5,1,5,5,5
7,90,3.3213e-05,1,3.3213e-05,3.3213e-05,3.3213e-05,55,1,55,55,55,5,1,5,5,5
7,90,6.7613e-05,1,6.7613e-05,6.7613e-05,6.7613e-05,79,1,79,79,79,6,1,6,6,6
7,90,3.3804e-05,1,3.3804e-05,3.3804e-05,3.3804e-05,55,1,55,55,55,5,1,5,5,5
7,90,3.3888e-05,1,3.3888e-05,3.3888e-05,3.3888e-05,53,1,53,53,53,5,1,5,5,5
7,90,6.7698e-05,1,6.7698e-05,6.7698e-05,6.7698e-05,78,1,78,78,78,6,1,6,6,6
7,90,6.5818e-05,1,6.5818e-05,6.5818e-05,6.5818e-05,78,1,78,78,78,6,1,6,6,6
7,90,6.7174e-05,1,6.7174e-05,6.7174e-05,6.7174e-05,78,1,78,78,78,6,1,6,6,6
7,90,2.7889e-05,1,2.7889e-05,2.7889e-05,2.7889e-05,56,1,56,56,56,5,1,5,5,5
7,90,3.3455e-05,1,3.3455e-05,3.3455e-05,3.3455e-05,53,1,53,53,53,5,1,5,5,5
7,90,6.6815e-05,1,6.6815e-05,6.6815e-05,6.6815e-05,78,1,78,78,78,6,1,6,6,6
7,90,3.3134e-05,1,3.3134e-05,3.3134e-05,3.3134e-05,53,1,53,53,53,5,1,5,5,5
7,90,6.7694e-05,1,6.7694e-05,6.7694e-05,6.7694e-05,79,1,79,79,79,6,1,6,6,6
7,90,3.3838e-05,1,3.3838e-05,3.3838e-05,3.3838e-05,55,1,55,55,55,5,1,5,5,5
7,90,6.7513e-05,1,6.7513e-05,6.7513e-05,6.7513e-05,78,1,78,78,78,6,1,6,6,6
7,90,2.7624e-05,1,2.7624e-05,2.7624e-05,2.7624e-05,56,1,56,56,56,5,1,5,5,5
7,90,6.7287e-05,1,6.7287e-05,6.7287e-05,6.7287e-05,79,1,79,79,79,6,1,6,6,6
7,90,6.702e-05,1,6.702e-05,6.702e-05,6.702e-05,78,1,78,78,78,6,1,6,6,6
7,90,7.367e-06,1,7.367e-06,7.367e-06,7.367e-06,32,1,32,32,32,4,1,4,4,4
7,90,6.7706e-05,1,6.7706e-05,6.7706e-05,6.7706e-05,79,1,79,79,79,6,1,6,6,6
7,90,2.1603e-05,1,2.1603e-05,2.1603e-05,2.1603e-05,47,1,47,47,47,4,1,4,4,4
7,90,6.7917e-05,1,6.7917e-05,6.7917e-05,6.7917e-05,79,1,79,79,79,6,1,6,6,6
7,90,3.4019e-05,1,3.4019e-05,3.4019e-05,3.4019e-05,54,1,54,54,54,5,1,5,5,5
7,90,1.7464e-05,1,1.7464e-05,1.7464e-05,1.7464e-05,45,1,45,45,45,4,1,4,4,4
7,90,6.7464e-05,1,6.7464e-05,6.7464e-05,6.7464e-05,79,1,79,79,79,6,1,6,6,6
7,90,4.0619e-05,1,4.0619e-05,4.0619e-05,4.0619e-05,68,1,68,68,68,5,1,5,5,5
7,90,6.7826e-05,1,6.7826e-05,6.7826e-05,6.7826e-05,79,1,79,79,79,6,1,6,6,6
7,90,6.7948e-05,1,6.7948e-05,6.7948e-05,6.7948e-05,79,1,79,79,79,6,1,6,6,6
7,90,6.873e-06,1,6.873e-06,6.873e-06,6.873e-06,33,1,33,33,33,4,1,4,4,4
7,90,3.3687e-05,1,3.3687e-05,3.3687e-05,3.3687e-05,55,1,55,55,55,5,1,5,5,5
7,90,2.1599e-05,1,2.1599e-05,2.1599e-05,2.1599e-05,47,1,47,47,47,4,1,4,4,4
7,90,7.06e-06,1,7.06e-06,7.06e-06,7.06e-06,33,1,33,33,33,4,1,4,4,4
7,90,3.3506e-05,1,3.3506e-05,3.3506e-05,3.3506e-05,55,1,55,55,55,5,1,5,5,5
7,90,3.3963e-05,1,3.3963e-05,3.3963e-05,3.3963e-05,55,1,55,55,55,5,1,5,5,5
7,90,2.2705e-05,1,2.2705e-05,2.2705e-05,2.2705e-05,47,1,47,47,47,4,1,4,4,4
7,90,3.5512e-05,1,3.5512e-05,3.5512e-05,3.5512e-05,55,1,55,55,55,5,1,5,5,5
7,90,2.9838e-05,1,2.9838e-05,2.9838e-05,2.9838e-05,54,1,54,54,54,5,1,5,5,5
7,90,3.2375e-05,1,3.2375e-05,3.2375e-05,3.2375e-05,45,1,45,45,45,4,1,4,4,4
7,90,7.1443e-05,1,7.1443e-05,7.1443e-05,7.1443e-05,79,1,79,79,79,6,1,6,6,6
7,90,7.8665e-05,1,7.8665e-05,7.8665e-05,7.8665e-05,77,1,77,77,77,6,1,6,6,6
7,90,2.9784e-05,1,2.9784e-05,2.9784e-05,2.9784e-05,54,1,54,54,54,5,1,5,5,5
7,90,0.000117187,1,0.000117187,0.000117187,0.000117187,105,1,105,105,105,7,1,7,7,7
7,90,7.0834e-05,1,7.0834e-05,7.0834e-05,7.0834e-05,79,1,79,79,79,6,1,6,6,6
7,90,3.5492e-05,1,3.5492e-05,3.5492e-05,3.5492e-05,55,1,55,55,55,5,1,5,5,5
7,90,3.5126e-05,1,3.5126e-05,3.5126e-05,3.5126e-05,52,1,52,52,52,5,1,5,5,5
7,90,8.6322e-05,1,8.6322e-05,8.6322e-05,8.6322e-05,79,1,79,79,79,6,1,6,6,6
7,90,0.000110589,1,0.000110589,0.000110589,0.000110589,105,1,105,105,105,7,1,7,7,7
7,90,6.7254e-05,1,6.7254e-05,6.7254e-05,6.7254e-05,79,1,79,79,79,6,1,6,6,6
7,90,6.7845e-05,1,6.7845e-05,6.7845e-05,6.7845e-05,78,1,78,78,78,6,1,6,6,6
7,90,0.000110346,1,0.000110346,0.000110346,0.000110346,105,1,105,105,105,7,1,7,7,7
7,90,6.8151e-05,1,6.8151e-05,6.8151e-05,6.8151e-05,77,1,77,77,77,6,1,6,6,6
7,90,2.8326e-05,1,2.8326e-05,2.8326e-05,2.8326e-05,56,1,56,56,56,5,1,5,5,5
7,90,3.3972e-05,1,3.3972e-05,3.3972e-05,3.3972e-05,55,1,55,55,55,5,1,5,5,5
7,90,4.0819e-05,1,4.0819e-05,4.0819e-05,4.0819e-05,68,1,68,68,68,5,1,5,5,5
7,90,2.1509e-05,1,2.1509e-05,2.1509e-05,2.1509e-05,47,1,47,47,47,4,1,4,4,4
7,90,4.0802e-05,1,4.0802e-05,4.0802e-05,4.0802e-05,55,1,55,55,55,5,1,5,5,5
7,90,7.134e-06,1,7.134e-06,7.134e-06,7.134e-06,33,1,33,33,33,4,1,4,4,4
7,90,6.7686e-05,1,6.7686e-05,6.7686e-05,6.7686e-05,79,1,79,79,79,6,1,6,6,6
7,90,6.8255e-05,1,6.8255e-05,6.8255e-05,6.8255e-05,79,1,79,79,79,6,1,6,6,6
7,90,6.6837e-05,1,6.6837e-05,6.6837e-05,6.6837e-05,79,1,79,79,79,6,1,6,6,6
7,90,3.3315e-05,1,3.3315e-05,3.3315e-05,3.3315e-05,54,1,54,54,54,5,1,5,5,5
7,90,0.00011025,1,0.00011025,0.00011025,0.00011025,105,1,105,105,105,7,1,7,7,7
7,90,6.7548e-05,1,6.7548e-05,6.7548e-05,6.7548e-05,78,1,78,78,78,6,1,6,6,6
7,90,3.3229e-05,1,3.3229e-05,3.3229e-05,3.3229e-05,53,1,53,53,53,5,1,5,5,5
7,90,6.6769e-05,1,6.6769e-05,6.6769e-05,6.6769e-05,79,1,79,79,79,6,1,6,6,6
7,90,0.000110291,1,0.000110291,0.000110291,0.000110291,105,1,105,105,105,7,1,7,7,7
7,90,6.6768e-05,1,6.6768e-05,6.6768e-05,6.6768e-05,79,1,79,79,79,6,1,6,6,6
7,90,6.7394e-05,1,6.7394e-05,6.7394e-05,6.7394e-05,79,1,79,79,79,6,1,6,6,6
7,90,6.7646e-05,1,6.7646e-05,6.7646e-05,6.7646e-05,79,1,79,79,79,6,1,6,6,6
7,90,3.3612e-05,1,3.3612e-05,3.3612e-05,3.3612e-05,55,1,55,55,55,5,1,5,5,5
7,90,3.3789e-05,1,3.3789e-05,3.3789e-05,3.3789e-05,55,1,55,55,55,5,1,5,5,5
7,90,6.7917e-05,1,6.7917e-05,6.7917e-05,6.7917e-05,79,1,79,79,79,6,1,6,6,6
7,90,3.3026e-05,1,3.3026e-05,3.3026e-05,3.3026e-05,53,1,53,53,53,5,1,5,5,5
7,90,6.7912e-05,1,6.7912e-05,6.7912e-05,6.7912e-05,79,1,79,79,79,6,1,6,6,6
7,90,3.378e-05,1,3.378e-05,3.378e-05,3.378e-05,55,1,55,55,55,5,1,5,5,5
7,90,6.7116e-05,1,6.7116e-05,6.7116e-05,6.7116e-05,79,1,79,79,79,6,1,6,6,6
7,90,6.781e-05,1,6.781e-05,6.781e-05,6.781e-05,79,1,79,79,79,6,1,6,6,6
7,90,6.759e-05,1,6.759e-05,6.759e-05,6.759e-05,79,1,79,79,79,6,1,6,6,6
7,90,6.8875e-05,1,6.8875e-05,6.8875e-05,6.8875e-05,79,1,79,79,79,6,1,6,6,6
7,90,3.3247e-05,1,3.3247e-05,3.3247e-05,3.3247e-05,54,1,54,54,54,5,1,5,5,5
7,90,6.7275e-05,1,6.7275e-05,6.7275e-05,6.7275e-05,79,1,79,79,79,6,1,6,6,6
7,90,3.3784e-05,1,3.3784e-05,3.3784e-05,3.3784e-05,55,1,55,55,55,5,1,5,5,5
7,90,6.7048e-05,1,6.7048e-05,6.7048e-05,6.7048e-05,79,1,79,79,79,6,1,6,6,6
7,90,6.7444e-05,1,6.7444e-05,6.7444e-05,6.7444e-05,78,1,78,78,78,6,1,6,6,6
7,90,6.6306e-05,1,6.6306e-05,6.6306e-05,6.6306e-05,79,1,79,79,79,6,1,6,6,6
7,90,3.2943e-05,1,3.2943e-05,3.2943e-05,3.2943e-05,51,1,51,51,51,5,1,5,5,5
7,90,7.114e-06,1,7.114e-06,7.114e-06,7.114e-06,33,1,33,33,33,4,1,4,4,4
7,90,6.744e-05,1,6.744e-05,6.744e-05,6.744e-05,79,1,79,79,79,6,1,6,6,6
7,90,2.1548e-05,1,2.1548e-05,2.1548e-05,2.1548e-05,47,1,47,47,47,4,1,4,4,4
7,90,6.6844e-05,1,6.6844e-05,6.6844e-05,6.6844e-05,79,1,79,79,79,6,1,6,6,6
7,90,0.000130652,1,0.000130652,0.000130652,0.000130652,105,1,105,105,105,7,1,7,7,7
7,90,2.9854e-05,1,2.9854e-05,2.9854e-05,2.9854e-05,56,1,56,56,56,5,1,5,5,5
7,90,7.2128e-05,1,7.2128e-05,7.2128e-05,7.2128e-05,79,1,79,79,79,6,1,6,6,6
7,90,3.8449e-05,1,3.8449e-05,3.8449e-05,3.8449e-05,45,1,45,45,45,4,1,4,4,4
7,90,6.7688e-05,1,6.7688e-05,6.7688e-05,6.7688e-05,78,1,78,78,78,6,1,6,6,6
7,90,6.6589e-05,1,6.6589e-05,6.6589e-05,6.6589e-05,78,1,78,78,78,6,1,6,6,6
7,90,0.000116613,1,0.000116613,0.000116613,0.000116613,105,1,105,105,105,7,1,7,7,7
7,90,6.6853e-05,1,6.6853e-05,6.6853e-05,6.6853e-05,78,1,78,78,78,6,1,6,6,6
7,90,6.8088e-05,1,6.8088e-05,6.8088e-05,6.8088e-05,79,1,79,79,79,6,1,6,6,6
7,90,3.3881e-05,1,3.3881e-05,3.3881e-05,3.3881e-05,55,1,55,55,55,5,1,5,5,5
7,90,6.7101e-05,1,6.7101e-05,6.7101e-05,6.7101e-05,79,1,79,79,79,6,1,6,6,6
7,90,3.4021e-05,1,3.4021e-05,3.4021e-05,3.4021e-05,55,1,55,55,55,5,1,5,5,5
7,90,6.6468e-05,1,6.6468e-05,6.6468e-05,6.6468e-05,79,1,79,79,79,6,1,6,6,6
7,90,6.7744e-05,1,6.7744e-05,6.7744e-05,6.7744e-05,78,1,78,78,78,6,1,6,6,6
7,90,0.000110326,1,0.000110326,0.000110326,0.000110326,105,1,105,105,105,7,1,7,7,7
7,90,2.8277e-05,1,2.8277e-05,2.8277e-05,2.8277e-05,56,1,56,56,56,5,1,5,5,5
7,90,2.8164e-05,1,2.8164e-05,2.8164e-05,2.8164e-05,56,1,56,56,56,5,1,5,5,5
7,90,3.348e-05,1,3.348e-05,3.348e-05,3.348e-05,55,1,55,55,55,5,1,5,5,5
7,90,4.0232e-05,1,4.0232e-05,4.0232e-05,4.0232e-05,68,1,68,68,68,5,1,5,5,5
7,90,3.3565e-05,1,3.3565e-05,3.3565e-05,3.3565e-05,54,1,54,54,54,5,1,5,5,5
7,90,6.8086e-05,1,6.8086e-05,6.8086e-05,6.8086e-05,78,1,78,78,78,6,1,6,6,6
7,90,6.7579e-05,1,6.7579e-05,6.7579e-05,6.7579e-05,78,1,78,78,78,6,1,6,6,6
7,90,0.000110675,1,0.000110675,0.000110675,0.000110675,105,1,105,105,105,7,1,7,7,7
7,90,6.8308e-05,1,6.8308e-05,6.8308e-05,6.8308e-05,79,1,79,79,79,6,1,6,6,6
7,90,6.7042e-05,1,6.7042e-05,6.7042e-05,6.7042e-05,79,1,79,79,79,6,1,6,6,6
7,90,4.0322e-05,1,4.0322e-05,4.0322e-05,4.0322e-05,68,1,68,68,68,5,1,5,5,5
7,90,7.0833e-05,1,7.0833e-05,7.0833e-05,7.0833e-05,78,1,78,78,78,6,1,6,6,6
7,90,3.4336e-05,1,3.4336e-05,3.4336e-05,3.4336e-05,53,1,53,53,53,5,1,5,5,5
7,90,2.1573e-05,1,2.1573e-05,2.1573e-05,2.1573e-05,47,1,47,47,47,4,1,4,4,4
7,90,6.6945e-05,1,6.6945e-05,6.6945e-05,6.6945e-05,78,1,78,78,78,6,1,6,6,6
7,90,2.5156e-05,1,2.5156e-05,2.5156e-05,2.5156e-05,48,1,48,48,48,4,1,4,4,4
7,90,6.8135e-05,1,6.8135e-05,6.8135e-05,6.8135e-05,79,1,79,79,79,6,1,6,6,6
7,90,6.7235e-05,1,6.7235e-05,6.7235e-05,6.7235e-05,79,1,79,79,79,6,1,6,6,6
7,90,0.000110387,1,0.000110387,0.000110387,0.000110387,105,1,105,105,105,7,1,7,7,7
7,90,3.3908e-05,1,3.3908e-05,3.3908e-05,3.3908e-05,55,1,55,55,55,5,1,5,5,5
7,90,6.7789e-05,1,6.7789e-05,6.7789e-05,6.7789e-05,79,1,79,79,79,6,1,6,6,6
7,90,3.4129e-05,1,3.4129e-05,3.4129e-05,3.4129e-05,53,1,53,53,53,5,1,5,5,5
7,90,0.000110477,1,0.000110477,0.000110477,0.000110477,105,1,105,105,105,7,1,7,7,7
7,90,3.335e-05,1,3.335e-05,3.335e-05,3.335e-05,55,1,55,55,55,5,1,5,5,5
7,90,6.6747e-05,1,6.6747e-05,6.6747e-05,6.6747e-05,78,1,78,78,78,6,1,6,6,6
7,90,2.7918e-05,1,2.7918e-05,2.7918e-05,2.7918e-05,56,1,56,56,56,5,1,5,5,5
7,90,6.8138e-05,1,6.8138e-05,6.8138e-05,6.8138e-05,79,1,79,79,79,6,1,6,6,6
7,90,3.3277e-05,1,3.3277e-05,3.3277e-05,3.3277e-05,53,1,53,53,53,5,1,5,5,5
7,90,2.7595e-05,1,2.7595e-05,2.7595e-05,2.7595e-05,56,1,56,56,56,5,1,5,5,5
7,90,2.7677e-05,1,2.7677e-05,2.7677e-05,2.7677e-05,56,1,56,56,56,5,1,5,5,5
7,90,6.6845e-05,1,6.6845e-05,6.6845e-05,6.6845e-05,78,1,78,78,78,6,1,6,6,6
7,90,6.6952e-05,1,6.6952e-05,6.6952e-05,6.6952e-05,78,1,78,78,78,6,1,6,6,6
7,90,6.6889e-05,1,6.6889e-05,6.6889e-05,6.6889e-05,79,1,79,79,79,6,1,6,6,6
7,90,3.3221e-05,1,3.3221e-05,3.3221e-05,3.3221e-05,53,1,53,53,53,5,1,5,5,5
7,90,0.000110616,1,0.000110616,0.000110616,0.000110616,105,1,105,105,105,7,1,7,7,7
7,90,6.7979e-05,1,6.7979e-05,6.7979e-05,6.7979e-05,79,1,79,79,79,6,1,6,6,6
7,90,3.3569e-05,1,3.3569e-05,3.3569e-05,3.3569e-05,54,1,54,54,54,5,1,5,5,5
7,90,2.7914e-05,1,2.7914e-05,2.7914e-05,2.7914e-05,54,1,54,54,54,5,1,5,5,5
7,90,3.9832e-05,1,3.9832e-05,3.9832e-05,3.9832e-05,54,1,54,54,54,5,1,5,5,5
7,90,6.6998e-05,1,6.6998e-05,6.6998e-05,6.6998e-05,79,1,79,79,79,6,1,6,6,6
7,90,3.3981e-05,1,3.3981e-05,3.3981e-05,3.3981e-05,55,1,55,55,55,5,1,5,5,5
7,90,3.3871e-05,1,3.3871e-05,3.3871e-05,3.3871e-05,54,1,54,54,54,5,1,5,5,5
7,90,4.6122e-05,1,4.6122e-05,4.6122e-05,4.6122e-05,57,1,57,57,57,5,1,5,5,5
7,90,6.8377e-05,1,6.8377e-05,6.8377e-05,6.8377e-05,79,1,79,79,79,6,1,6,6,6
7,90,6.7664e-05,1,6.7664e-05,6.7664e-05,6.7664e-05,79,1,79,79,79,6,1,6,6,6
7,90,3.3363e-05,1,3.3363e-05,3.3363e-05,3.3363e-05,54,1,54,54,54,5,1,5,5,5
7,90,3.3265e-05,1,3.3265e-05,3.3265e-05,3.3265e-05,53,1,53,53,53,5,1,5,5,5
7,90,6.7519e-05,1,6.7519e-05,6.7519e-05,6.7519e-05,79,1,79,79,79,6,1,6,6,6
7,90,6.8161e-05,1,6.8161e-05,6.8161e-05,6.8161e-05,79,1,79,79,79,6,1,6,6,6
7,90,4.0638e-05,1,4.0638e-05,4.0638e-05,4.0638e-05,68,1,68,68,68,5,1,5,5,5
7,90,3.3978e-05,1,3.3978e-05,3.3978e-05,3.3978e-05,55,1,55,55,55,5,1,5,5,5
7,90,6.768e-05,1,6.768e-05,6.768e-05,6.768e-05,79,1,79,79,79,6,1,6,6,6
7,90,2.7987e-05,1,2.7987e-05,2.7987e-05,2.7987e-05,56,1,56,56,56,5,1,5,5,5
7,90,3.3237e-05,1,3.3237e-05,3.3237e-05,3.3237e-05,55,1,55,55,55,5,1,5,5,5
7,90,7.7697e-05,1,7.7697e-05,7.7697e-05,7.7697e-05,79,1,79,79,79,6,1,6,6,6
7,90,6.7261e-05,1,6.7261e-05,6.7261e-05,6.7261e-05,79,1,79,79,79,6,1,6,6,6
7,90,6.7299e-05,1,6.7299e-05,6.7299e-05,6.7299e-05,78,1,78,78,78,6,1,6,6,6
7,90,3.3678e-05,1,3.3678e-05,3.3678e-05,3.3678e-05,53,1,53,53,53,5,1,5,5,5
7,90,3.38e-05,1,3.38e-05,3.38e-05,3.38e-05,55,1,55,55,55,5,1,5,5,5
7,90,0.000111105,1,0.000111105,0.000111105,0.000111105,105,1,105,105,105,7,1,7,7,7
7,90,6.8518e-05,1,6.8518e-05,6.8518e-05,6.8518e-05,78,1,78,78,78,6,1,6,6,6
7,90,2.8233e-05,1,2.8233e-05,2.8233e-05,2.8233e-05,56,1,56,56,56,5,1,5,5,5
7,90,6.7183e-05,1,6.7183e-05,6.7183e-05,6.7183e-05,78,1,78,78,78,6,1,6,6,6
7,90,7.146e-06,1,7.146e-06,7.146e-06,7.146e-06,29,1,29,29,29,3,1,3,3,3
7,90,0.000110443,1,0.000110443,0.000110443,0.000110443,105,1,105,105,105,7,1,7,7,7
7,90,2.1582e-05,1,2.1582e-05,2.1582e-05,2.1582e-05,47,1,47,47,47,4,1,4,4,4
7,90,0.000110316,1,0.000110316,0.000110316,0.000110316,105,1,105,105,105,7,1,7,7,7
7,90,6.7384e-05,1,6.7384e-05,6.7384e-05,6.7384e-05,79,1,79,79,79,6,1,6,6,6
7,90,6.7448e-05,1,6.7448e-05,6.7448e-05,6.7448e-05,79,1,79,79,79,6,1,6,6,6
7,90,6.6684e-05,1,6.6684e-05,6.6684e-05,6.6684e-05,78,1,78,78,78,6,1,6,6,6
7,90,6.764e-05,1,6.764e-05,6.764e-05,6.764e-05,77,1,77,77,77,6,1,6,6,6
7,90,6.897e-06,1,6.897e-06,6.897e-06,6.897e-06,33,1,33,33,33,4,1,4,4,4
7,90,3.3509e-05,1,3.3509e-05,3.3509e-05,3.3509e-05,53,1,53,53,53,5,1,5,5,5
7,90,6.7629e-05,1,6.7629e-05,6.7629e-05,6.7629e-05,78,1,78,78,78,6,1,6,6,6
7,90,6.7852e-05,1,6.7852e-05,6.7852e-05,6.7852e-05,79,1,79,79,79,6,1,6,6,6
7,90,2.1675e-05,1,2.1675e-05,2.1675e-05,2.1675e-05,47,1,47,47,47,4,1,4,4,4
7,90,6.9612e-05,1,6.9612e-05,6.9612e-05,6.9612e-05,78,1,78,78,78,6,1,6,6,6
7,90,7.094e-05,1,7.094e-05,7.094e-05,7.094e-05,78,1,78,78,78,6,1,6,6,6
7,90,2.2884e-05,1,2.2884e-05,2.2884e-05,2.2884e-05,47,1,47,47,47,4,1,4,4,4
7,90,0.000116701,1,0.000116701,0.000116701,0.000116701,105,1,105,105,105,7,1,7,7,7
7,90,7.76e-06,1,7.76e-06,7.76e-06,7.76e-06,33,1,33,33,33,4,1,4,4,4
7,90,7.0257e-05,1,7.0257e-05,7.0257e-05,7.0257e-05,78,1,78,78,78,6,1,6,6,6
7,90,5.2276e-05,1,5.2276e-05,5.2276e-05,5.2276e-05,53,1,53,53,53,5,1,5,5,5
7,90,4.1622e-05,1,4.1622e-05,4.1622e-05,4.1622e-05,68,1,68,68,68,5,1,5,5,5
7,90,2.8063e-05,1,2.8063e-05,2.8063e-05,2.8063e-05,56,1,56,56,56,5,1,5,5,5
7,90,6.6923e-05,1,6.6923e-05,6.6923e-05,6.6923e-05,79,1,79,79,79,6,1,6,6,6
7,90,3.3718e-05,1,3.3718e-05,3.3718e-05,3.3718e-05,55,1,55,55,55,5,1,5,5,5
7,90,3.3578e-05,1,3.3578e-05,3.3578e-05,3.3578e-05,55,1,55,55,55,5,1,5,5,5
7,90,6.6774e-05,1,6.6774e-05,6.6774e-05,6.6774e-05,79,1,79,79,79,6,1,6,6,6
7,90,6.7083e-05,1,6.7083e-05,6.7083e-05,6.7083e-05,78,1,78,78,78,6,1,6,6,6
7,90,3.3489e-05,1,3.3489e-05,3.3489e-05,3.3489e-05,55,1,55,55,55,5,1,5,5,5
7,90,3.3628e-05,1,3.3628e-05,3.3628e-05,3.3628e-05,55,1,55,55,55,5,1,5,5,5
7,90,6.8182e-05,1,6.8182e-05,6.8182e-05,6.8182e-05,79,1,79,79,79,6,1,6,6,6
7,90,0.000110314,1,0.000110314,0.000110314,0.000110314,105,1,105,105,105,7,1,7,7,7
7,90,0.000102441,1,0.000102441,0.000102441,0.000102441,78,1,78,78,78,6,1,6,6,6
7,90,3.4187e-05,1,3.4187e-05,3.4187e-05,3.4187e-05,55,1,55,55,55,5,1,5,5,5
7,90,0.000110519,1,0.000110519,0.000110519,0.000110519,105,1,105,105,105,7,1,7,7,7
7,90,2.8019e-05,1,2.8019e-05,2.8019e-05,2.8019e-05,56,1,56,56,56,5,1,5,5,5
7,90,6.7325e-05,1,6.7325e-05,6.7325e-05,6.7325e-05,78,1,78,78,78,6,1,6,6,6
7,90,3.3977e-05,1,3.3977e-05,3.3977e-05,3.3977e-05,55,1,55,55,55,5,1,5,5,5
7,90,3.3119e-05,1,3.3119e-05,3.3119e-05,3.3119e-05,53,1,53,53,53,5,1,5,5,5
7,90,6.6979e-05,1,6.6979e-05,6.6979e-05,6.6979e-05,78,1,78,78,78,6,1,6,6,6
7,90,6.7969e-05,1,6.7969e-05,6.7969e-05,6.7969e-05,79,1,79,79,79,6,1,6,6,6
7,90,3.3769e-05,1,3.3769e-05,3.3769e-05,3.3769e-05,55,1,55,55,55,5,1,5,5,5
7,90,3.3844e-05,1,3.3844e-05,3.3844e-05,3.3844e-05,55,1,55,55,55,5,1,5,5,5
7,90,6.7134e-05,1,6.7134e-05,6.7134e-05,6.7134e-05,79,1,79,79,79,6,1,6,6,6
7,90,3.409e-05,1,3.409e-05,3.409e-05,3.409e-05,55,1,55,55,55,5,1,5,5,5
7,90,4.1446e-05,1,4.1446e-05,4.1446e-05,4.1446e-05,68,1,68,68,68,5,1,5,5,5
7,90,3.2844e-05,1,3.2844e-05,3.2844e-05,3.2844e-05,53,1,53,53,53,5,1,5,5,5
7,90,6.7437e-05,1,6.7437e-05,6.7437e-05,6.7437e-05,79,1,79,79,79,6,1,6,6,6
7,90,6.7008e-05,1,6.7008e-05,6.7008e-05,6.7008e-05,78,1,78,78,78,6,1,6,6,6
7,90,6.8052e-05,1,6.8052e-05,6.8052e-05,6.8052e-05,77,1,77,77,77,6,1,6,6,6
7,90,3.3814e-05,1,3.3814e-05,3.3814e-05,3.3814e-05,55,1,55,55,55,5,1,5,5,5
7,90,6.7384e-05,1,6.7384e-05,6.7384e-05,6.7384e-05,79,1,79,79,79,6,1,6,6,6
7,90,3.3219e-05,1,3.3219e-05,3.3219e-05,3.3219e-05,55,1,55,55,55,5,1,5,5,5
7,90,3.3171e-05,1,3.3171e-05,3.3171e-05,3.3171e-05,53,1,53,53,53,5,1,5,5,5
7,90,3.3559e-05,1,3.3559e-05,3.3559e-05,3.3559e-05,54,1,54,54,54,5,1,5,5,5
7,90,6.8666e-05,1,6.8666e-05,6.8666e-05,6.8666e-05,79,1,79,79,79,6,1,6,6,6
7,90,6.8194e-05,1,6.8194e-05,6.8194e-05,6.8194e-05,79,1,79,79,79,6,1,6,6,6
7,90,6.7989e-05,1,6.7989e-05,6.7989e-05,6.7989e-05,79,1,79,79,79,6,1,6,6,6
7,90,3.2526e-05,1,3.2526e-05,3.2526e-05,3.2526e-05,52,1,52,52,52,5,1,5,5,5
7,90,6.6416e-05,1,6.6416e-05,6.6416e-05,6.6416e-05,79,1,79,79,79,6,1,6,6,6
7,90,6.7393e-05,1,6.7393e-05,6.7393e-05,6.7393e-05,79,1,79,79,79,6,1,6,6,6
7,90,6.7874e-05,1,6.7874e-05,6.7874e-05,6.7874e-05,79,1,79,79,79,6,1,6,6,6
7,90,3.3653e-05,1,3.3653e-05,3.3653e-05,3.3653e-05,55,1,55,55,55,5,1,5,5,5
7,90,2.7882e-05,1,2.7882e-05,2.7882e-05,2.7882e-05,56,1,56,56,56,5,1,5,5,5
7,90,3.36e-05,1,3.36e-05,3.36e-05,3.36e-05,55,1,55,55,55,5,1,5,5,5
7,90,2.0852e-05,1,2.0852e-05,2.0852e-05,2.0852e-05,49,1,49,49,49,4,1,4,4,4
7,90,2.11e-05,1,2.11e-05,2.11e-05,2.11e-05,47,1,47,47,47,4,1,4,4,4
7,90,6.8238e-05,1,6.8238e-05,6.8238e-05,6.8238e-05,78,1,78,78,78,6,1,6,6,6
7,90,6.6772e-05,1,6.6772e-05,6.6772e-05,6.6772e-05,79,1,79,79,79,6,1,6,6,6
7,90,6.7092e-05,1,6.7092e-05,6.7092e-05,6.7092e-05,78,1,78,78,78,6,1,6,6,6
7,90,3.3662e-05,1,3.3662e-05,3.3662e-05,3.3662e-05,55,1,55,55,55,5,1,5,5,5
7,90,6.6693e-05,1,6.6693e-05,6.6693e-05,6.6693e-05,78,1,78,78,78,6,1,6,6,6
7,90,2.9881e-05,1,2.9881e-05,2.9881e-05,2.9881e-05,48,1,48,48,48,4,1,4,4,4
7,90,3.3386e-05,1,3.3386e-05,3.3386e-05,3.3386e-05,51,1,51,51,51,5,1,5,5,5
7,90,6.7857e-05,1,6.7857e-05,6.7857e-05,6.7857e-05,79,1,79,79,79,6,1,6,6,6
7,90,2.9443e-05,1,2.9443e-05,2.9443e-05,2.9443e-05,54,1,54,54,54,5,1,5,5,5
7,90,7.1648e-05,1,7.1648e-05,7.1648e-05,7.1648e-05,79,1,79,79,79,6,1,6,6,6
7,90,3.5622e-05,1,3.5622e-05,3.5622e-05,3.5622e-05,55,1,55,55,55,5,1,5,5,5
7,90,7.1475e-05,1,7.1475e-05,7.1475e-05,7.1475e-05,77,1,77,77,77,6,1,6,6,6
7,90,0.000117176,1,0.000117176,0.000117176,0.000117176,105,1,105,105,105,7,1,7,7,7
7,90,7.1496e-05,1,7.1496e-05,7.1496e-05,7.1496e-05,79,1,79,79,79,6,1,6,6,6
7,90,6.807e-05,1,6.807e-05,6.807e-05,6.807e-05,79,1,79,79,79,6,1,6,6,6
7,90,3.3794e-05,1,3.3794e-05,3.3794e-05,3.3794e-05,55,1,55,55,55,5,1,5,5,5
7,90,6.7278e-05,1,6.7278e-05,6.7278e-05,6.7278e-05,79,1,79,79,79,6,1,6,6,6
7,90,6.7593e-05,1,6.7593e-05,6.7593e-05,6.7593e-05,78,1,78,78,78,6,1,6,6,6
7,90,4.0615e-05,1,4.0615e-05,4.0615e-05,4.0615e-05,53,1,53,53,53,5,1,5,5,5
7,90,6.7534e-05,1,6.7534e-05,6.7534e-05,6.7534e-05,79,1,79,79,79,6,1,6,6,6
7,90,6.98e-06,1,6.98e-06,6.98e-06,6.98e-06,33,1,33,33,33,4,1,4,4,4
7,90,2.1764e-05,1,2.1764e-05,2.1764e-05,2.1764e-05,47,1,47,47,47,4,1,4,4,4
7,90,6.7869e-05,1,6.7869e-05,6.7869e-05,6.7869e-05,79,1,79,79,79,6,1,6,6,6
7,90,3.3368e-05,1,3.3368e-05,3.3368e-05,3.3368e-05,55,1,55,55,55,5,1,5,5,5
7,90,0.00011087,1,0.00011087,0.00011087,0.00011087,105,1,105,105,105,7,1,7,7,7
7,90,6.7778e-05,1,6.7778e-05,6.7778e-05,6.7778e-05,79,1,79,79,79,6,1,6,6,6
7,90,0.000110147,1,0.000110147,0.000110147,0.000110147,105,1,105,105,105,7,1,7,7,7
7,90,4.6659e-05,1,4.6659e-05,4.6659e-05,4.6659e-05,57,1,57,57,57,5,1,5,5,5
7,90,4.1519e-05,1,4.1519e-05,4.1519e-05,4.1519e-05,68,1,68,68,68,5,1,5,5,5
7,90,3.3976e-05,1,3.3976e-05,3.3976e-05,3.3976e-05,53,1,53,53,53,5,1,5,5,5
7,90,6.7794e-05,1,6.7794e-05,6.7794e-05,6.7794e-05,79,1,79,79,79,6,1,6,6,6
7,90,6.7184e-05,1,6.7184e-05,6.7184e-05,6.7184e-05,78,1,78,78,78,6,1,6,6,6
7,90,3.378e-05,1,3.378e-05,3.378e-05,3.378e-05,55,1,55,55,55,5,1,5,5,5
7,90,6.7287e-05,1,6.7287e-05,6.7287e-05,6.7287e-05,78,1,78,78,78,6,1,6,6,6
7,90,3.3857e-05,1,3.3857e-05,3.3857e-05,3.3857e-05,55,1,55,55,55,5,1,5,5,5
7,90,6.6623e-05,1,6.6623e-05,6.6623e-05,6.6623e-05,78,1,78,78,78,6,1,6,6,6
7,90,3.3618e-05,1,3.3618e-05,3.3618e-05,3.3618e-05,55,1,55,55,55,5,1,5,5,5
7,90,3.328e-05,1,3.328e-05,3.328e-05,3.328e-05,55,1,55,55,55,5,1,5,5,5
7,90,6.8149e-05,1,6.8149e-05,6.8149e-05,6.8149e-05,78,1,78,78,78,6,1,6,6,6
7,90,6.7712e-05,1,6.7712e-05,6.7712e-05,6.7712e-05,78,1,78,78,78,6,1,6,6,6
7,90,0.000110161,1,0.000110161,0.000110161,0.000110161,105,1,105,105,105,7,1,7,7,7
7,90,6.6537e-05,1,6.6537e-05,6.6537e-05,6.6537e-05,78,1,78,78,78,6,1,6,6,6
7,90,6.881e-06,1,6.881e-06,6.881e-06,6.881e-06,33,1,33,33,33,4,1,4,4,4
7,90,6.6942e-05,1,6.6942e-05,6.6942e-05,6.6942e-05,78,1,78,78,78,6,1,6,6,6
7,90,6.7408e-05,1,6.7408e-05,6.7408e-05,6.7408e-05,78,1,78,78,78,6,1,6,6,6
7,90,3.395e-05,1,3.395e-05,3.395e-05,3.395e-05,54,1,54,54,54,5,1,5,5,5
7,90,2.7827e-05,1,2.7827e-05,2.7827e-05,2.7827e-05,56,1,56,56,56,5,1,5,5,5
7,90,3.3869e-05,1,3.3869e-05,3.3869e-05,3.3869e-05,55,1,55,55,55,5,1,5,5,5
7,90,3.5264e-05,1,3.5264e-05,3.5264e-05,3.5264e-05,53,1,53,53,53,5,1,5,5,5
7,90,2.1382e-05,1,2.1382e-05,2.1382e-05,2.1382e-05,47,1,47,47,47,4,1,4,4,4
7,90,6.8197e-05,1,6.8197e-05,6.8197e-05,6.8197e-05,79,1,79,79,79,6,1,6,6,6
7,90,3.3677e-05,1,3.3677e-05,3.3677e-05,3.3677e-05,53,1,53,53,53,5,1,5,5,5
7,90,2.7922e-05,1,2.7922e-05,2.7922e-05,2.7922e-05,56,1,56,56,56,5,1,5,5,5
7,90,3.332e-05,1,3.332e-05,3.332e-05,3.332e-05,53,1,53,53,53,5,1,5,5,5
7,90,6.7522e-05,1,6.7522e-05,6.7522e-05,6.7522e-05,79,1,79,79,79,6,1,6,6,6
7,90,4.618e-05,1,4.618e-05,4.618e-05,4.618e-05,57,1,57,57,57,5,1,5,5,5
7,90,6.6989e-05,1,6.6989e-05,6.6989e-05,6.6989e-05,78,1,78,78,78,6,1,6,6,6
7,90,3.3972e-05,1,3.3972e-05,3.3972e-05,3.3972e-05,55,1,55,55,55,5,1,5,5,5
7,90,6.7703e-05,1,6.7703e-05,6.7703e-05,6.7703e-05,78,1,78,78,78,6,1,6,6,6
7,90,3.3902e-05,1,3.3902e-05,3.3902e-05,3.3902e-05,55,1,55,55,55,5,1,5,5,5
7,90,0.000110376,1,0.000110376,0.000110376,0.000110376,105,1,105,105,105,7,1,7,7,7
7,90,2.8471e-05,1,2.8471e-05,2.8471e-05,2.8471e-05,56,1,56,56,56,5,1,5,5,5
7,90,0.000110238,1,0.000110238,0.000110238,0.000110238,105,1,105,105,105,7,1,7,7,7
7,90,6.7769e-05,1,6.7769e-05,6.7769e-05,6.7769e-05,78,1,78,78,78,6,1,6,6,6
7,90,4.6463e-05,1,4.6463e-05,4.6463e-05,4.6463e-05,57,1,57,57,57,5,1,5,5,5
7,90,6.7998e-05,1,6.7998e-05,6.7998e-05,6.7998e-05,78,1,78,78,78,6,1,6,6,6
7,90,6.887e-06,1,6.887e-06,6.887e-06,6.887e-06,33,1,33,33,33,4,1,4,4,4
7,90,2.8143e-05,1,2.8143e-05,2.8143e-05,2.8143e-05,56,1,56,56,56,5,1,5,5,5
7,90,3.3304e-05,1,3.3304e-05,3.3304e-05,3.3304e-05,55,1,55,55,55,5,1,5,5,5
7,90,6.8037e-05,1,6.8037e-05,6.8037e-05,6.8037e-05,79,1,79,79,79,6,1,6,6,6
7,90,3.3765e-05,1,3.3765e-05,3.3765e-05,3.3765e-05,55,1,55,55,55,5,1,5,5,5
7,90,3.3728e-05,1,3.3728e-05,3.3728e-05,3.3728e-05,52,1,52,52,52,5,1,5,5,5
7,90,0.000110368,1,0.000110368,0.000110368,0.000110368,105,1,105,105,105,7,1,7,7,7
7,90,2.818e-05,1,2.818e-05,2.818e-05,2.818e-05,54,1,54,54,54,5,1,5,5,5
7,90,6.8143e-05,1,6.8143e-05,6.8143e-05,6.8143e-05,79,1,79,79,79,6,1,6,6,6
7,90,6.6643e-05,1,6.6643e-05,6.6643e-05,6.6643e-05,79,1,79,79,79,6,1,6,6,6
7,90,3.3531e-05,1,3.3531e-05,3.3531e-05,3.3531e-05,55,1,55,55,55,5,1,5,5,5
7,90,3.3765e-05,1,3.3765e-05,3.3765e-05,3.3765e-05,55,1,55,55,55,5,1,5,5,5
7,90,4.0467e-05,1,4.0467e-05,4.0467e-05,4.0467e-05,55,1,55,55,55,5,1,5,5,5
7,90,6.837e-06,1,6.837e-06,6.837e-06,6.837e-06,33,1,33,33,33,4,1,4,4,4
7,90,6.7665e-05,1,6.7665e-05,6.7665e-05,6.7665e-05,79,1,79,79,79,6,1,6,6,6
7,90,3.9981e-05,1,3.9981e-05,3.9981e-05,3.9981e-05,55,1,55,55,55,5,1,5,5,5
7,90,6.7541e-05,1,6.7541e-05,6.7541e-05,6.7541e-05,79,1,79,79,79,6,1,6,6,6
7,90,2.1245e-05,1,2.1245e-05,2.1245e-05,2.1245e-05,47,1,47,47,47,4,1,4,4,4
7,90,6.785e-05,1,6.785e-05,6.785e-05,6.785e-05,78,1,78,78,78,6,1,6,6,6
7,90,3.3569e-05,1,3.3569e-05,3.3569e-05,3.3569e-05,55,1,55,55,55,5,1,5,5,5
7,90,3.2759e-05,1,3.2759e-05,3.2759e-05,3.2759e-05,54,1,54,54,54,5,1,5,5,5
7,90,6.7513e-05,1,6.7513e-05,6.7513e-05,6.7513e-05,78,1,78,78,78,6,1,6,6,6
7,90,3.304e-05,1,3.304e-05,3.304e-05,3.304e-05,53,1,53,53,53,5,1,5,5,5
7,90,3.3358e-05,1,3.3358e-05,3.3358e-05,3.3358e-05,54,1,54,54,54,5,1,5,5,5
7,90,5.2129e-05,1,5.2129e-05,5.2129e-05,5.2129e-05,55,1,55,55,55,5,1,5,5,5
7,90,3.516e-05,1,3.516e-05,3.516e-05,3.516e-05,55,1,55,55,55,5,1,5,5,5
7,90,3.6092e-05,1,3.6092e-05,3.6092e-05,3.6092e-05,55,1,55,55,55,5,1,5,5,5
7,90,2.8091e-05,1,2.8091e-05,2.8091e-05,2.8091e-05,56,1,56,56,56,5,1,5,5,5
7,90,3.5334e-05,1,3.5334e-05,3.5334e-05,3.5334e-05,55,1,55,55,55,5,1,5,5,5
7,90,3.5198e-05,1,3.5198e-05,3.5198e-05,3.5198e-05,54,1,54,54,54,5,1,5,5,5
7,90,2.923e-05,1,2.923e-05,2.923e-05,2.923e-05,54,1,54,54,54,5,1,5,5,5
7,90,2.9356e-05,1,2.9356e-05,2.9356e-05,2.9356e-05,56,1,56,56,56,5,1,5,5,5
7,90,7.2247e-05,1,7.2247e-05,7.2247e-05,7.2247e-05,78,1,78,78,78,6,1,6,6,6
7,90,7.0752e-05,1,7.0752e-05,7.0752e-05,7.0752e-05,79,1,79,79,79,6,1,6,6,6
7,90,2.7819e-05,1,2.7819e-05,2.7819e-05,2.7819e-05,54,1,54,54,54,5,1,5,5,5
7,90,4.0848e-05,1,4.0848e-05,4.0848e-05,4.0848e-05,66,1,66,66,66,5,1,5,5,5
7,90,2.7324e-05,1,2.7324e-05,2.7324e-05,2.7324e-05,56,1,56,56,56,5,1,5,5,5
7,90,3.3702e-05,1,3.3702e-05,3.3702e-05,3.3702e-05,55,1,55,55,55,5,1,5,5,5
7,90,2.0797e-05,1,2.0797e-05,2.0797e-05,2.0797e-05,49,1,49,49,49,4,1,4,4,4
7,90,6.6709e-05,1,6.6709e-05,6.6709e-05,6.6709e-05,79,1,79,79,79,6,1,6,6,6
7,90,3.3625e-05,1,3.3625e-05,3.3625e-05,3.3625e-05,55,1,55,55,55,5,1,5,5,5
7,90,3.3928e-05,1,3.3928e-05,3.3928e-05,3.3928e-05,53,1,53,53,53,5,1,5,5,5
7,90,3.3594e-05,1,3.3594e-05,3.3594e-05,3.3594e-05,55,1,55,55,55,5,1,5,5,5
7,90,3.354e-05,1,3.354e-05,3.354e-05,3.354e-05,55,1,55,55,55,5,1,5,5,5
7,90,6.8383e-05,1,6.8383e-05,6.8383e-05,6.8383e-05,79,1,79,79,79,6,1,6,6,6
7,90,3.3763e-05,1,3.3763e-05,3.3763e-05,3.3763e-05,55,1,55,55,55,5,1,5,5,5
7,90,2.7653e-05,1,2.7653e-05,2.7653e-05,2.7653e-05,56,1,56,56,56,5,1,5,5,5
7,90,3.236e-05,1,3.236e-05,3.236e-05,3.236e-05,52,1,52,52,52,5,1,5,5,5
7,90,2.1074e-05,1,2.1074e-05,2.1074e-05,2.1074e-05,47,1,47,47,47,4,1,4,4,4
7,90,3.3672e-05,1,3.3672e-05,3.3672e-05,3.3672e-05,54,1,54,54,54,5,1,5,5,5
7,90,3.3683e-05,1,3.3683e-05,3.3683e-05,3.3683e-05,53,1,53,53,53,5,1,5,5,5
7,90,6.8272e-05,1,6.8272e-05,6.8272e-05,6.8272e-05,77,1,77,77,77,6,1,6,6,6
7,90,6.785e-05,1,6.785e-05,6.785e-05,6.785e-05,77,1,77,77,77,6,1,6,6,6
7,90,4.011e-05,1,4.011e-05,4.011e-05,4.011e-05,54,1,54,54,54,5,1,5,5,5
7,90,7.23e-06,1,7.23e-06,7.23e-06,7.23e-06,33,1,33,33,33,4,1,4,4,4
7,90,6.7596e-05,1,6.7596e-05,6.7596e-05,6.7596e-05,78,1,78,78,78,6,1,6,6,6
7,90,2.1448e-05,1,2.1448e-05,2.1448e-05,2.1448e-05,47,1,47,47,47,4,1,4,4,4
7,90,3.3638e-05,1,3.3638e-05,3.3638e-05,3.3638e-05,54,1,54,54,54,5,1,5,5,5
7,90,4.0043e-05,1,4.0043e-05,4.0043e-05,4.0043e-05,53,1,53,53,53,5,1,5,5,5
7,90,6.8554e-05,1,6.8554e-05,6.8554e-05,6.8554e-05,79,1,79,79,79,6,1,6,6,6
7,90,0.000110744,1,0.000110744,0.000110744,0.000110744,105,1,105,105,105,7,1,7,7,7
7,90,6.7377e-05,1,6.7377e-05,6.7377e-05,6.7377e-05,79,1,79,79,79,6,1,6,6,6
7,90,6.7236e-05,1,6.7236e-05,6.7236e-05,6.7236e-05,79,1,79,79,79,6,1,6,6,6
7,90,2.8157e-05,1,2.8157e-05,2.8157e-05,2.8157e-05,54,1,54,54,54,5,1,5,5,5
7,90,4.1383e-05,1,4.1383e-05,4.1383e-05,4.1383e-05,68,1,68,68,68,5,1,5,5,5
7,90,6.8511e-05,1,6.8511e-05,6.8511e-05,6.8511e-05,79,1,79,79,79,6,1,6,6,6
7,90,6.7413e-05,1,6.7413e-05,6.7413e-05,6.7413e-05,78,1,78,78,78,6,1,6,6,6
7,90,3.3995e-05,1,3.3995e-05,3.3995e-05,3.3995e-05,55,1,55,55,55,5,1,5,5,5
7,90,2.7861e-05,1,2.7861e-05,2.7861e-05,2.7861e-05,56,1,56,56,56,5,1,5,5,5
7,90,2.7401e-05,1,2.7401e-05,2.7401e-05,2.7401e-05,54,1,54,54,54,5,1,5,5,5
7,90,6.7847e-05,1,6.7847e-05,6.7847e-05,6.7847e-05,79,1,79,79,79,6,1,6,6,6
7,90,3.3844e-05,1,3.3844e-05,3.3844e-05,3.3844e-05,55,1,55,55,55,5,1,5,5,5
7,90,7.5865e-05,1,7.5865e-05,7.5865e-05,7.5865e-05,79,1,79,79,79,6,1,6,6,6
7,90,6.7675e-05,1,6.7675e-05,6.7675e-05,6.7675e-05,79,1,79,79,79,6,1,6,6,6
7,90,4.0585e-05,1,4.0585e-05,4.0585e-05,4.0585e-05,55,1,55,55,55,5,1,5,5,5
7,90,3.355e-05,1,3.355e-05,3.355e-05,3.355e-05,53,1,53,53,53,5,1,5,5,5
7,90,0.000110691,1,0.000110691,0.000110691,0.000110691,105,1,105,105,105,7,1,7,7,7
7,90,3.423e-05,1,3.423e-05,3.423e-05,3.423e-05,55,1,55,55,55,5,1,5,5,5
7,90,6.7824e-05,1,6.7824e-05,6.7824e-05,6.7824e-05,78,1,78,78,78,6,1,6,6,6
7,90,3.3533e-05,1,3.3533e-05,3.3533e-05,3.3533e-05,55,1,55,55,55,5,1,5,5,5
7,90,6.963e-06,1,6.963e-06,6.963e-06,6.963e-06,33,1,33,33,33,4,1,4,4,4
7,90,2.1473e-05,1,2.1473e-05,2.1473e-05,2.1473e-05,47,1,47,47,47,4,1,4,4,4
7,90,2.7952e-05,1,2.7952e-05,2.7952e-05,2.7952e-05,56,1,56,56,56,5,1,5,5,5
7,90,2.7522e-05,1,2.7522e-05,2.7522e-05,2.7522e-05,54,1,54,54,54,5,1,5,5,5
7,90,6.7763e-05,1,6.7763e-05,6.7763e-05,6.7763e-05,79,1,79,79,79,6,1,6,6,6
7,90,6.823e-05,1,6.823e-05,6.823e-05,6.823e-05,79,1,79,79,79,6,1,6,6,6
7,90,5.1542e-05,1,5.1542e-05,5.1542e-05,5.1542e-05,53,1,53,53,53,5,1,5,5,5
7,90,0.000116956,1,0.000116956,0.000116956,0.000116956,105,1,105,105,105,7,1,7,7,7
7,90,7.321e-06,1,7.321e-06,7.321e-06,7.321e-06,33,1,33,33,33,4,1,4,4,4
7,90,0.000117064,1,0.000117064,0.000117064,0.000117064,105,1,105,105,105,7,1,7,7,7
7,90,4.5113e-05,1,4.5113e-05,4.5113e-05,4.5113e-05,57,1,57,57,57,5,1,5,5,5
7,90,6.6596e-05,1,6.6596e-05,6.6596e-05,6.6596e-05,79,1,79,79,79,6,1,6,6,6
7,90,6.8614e-05,1,6.8614e-05,6.8614e-05,6.8614e-05,79,1,79,79,79,6,1,6,6,6
7,90,3.3833e-05,1,3.3833e-05,3.3833e-05,3.3833e-05,55,1,55,55,55,5,1,5,5,5
7,90,3.3956e-05,1,3.3956e-05,3.3956e-05,3.3956e-05,55,1,55,55,55,5,1,5,5,5
7,90,3.368e-05,1,3.368e-05,3.368e-05,3.368e-05,55,1,55,55,55,5,1,5,5,5
7,90,6.701e-05,1,6.701e-05,6.701e-05,6.701e-05,79,1,79,79,79,6,1,6,6,6
7,90,6.7293e-05,1,6.7293e-05,6.7293e-05,6.7293e-05,77,1,77,77,77,6,1,6,6,6
7,90,3.3383e-05,1,3.3383e-05,3.3383e-05,3.3383e-05,55,1,55,55,55,5,1,5,5,5
7,90,6.845e-05,1,6.845e-05,6.845e-05,6.845e-05,79,1,79,79,79,6,1,6,6,6
7,90,6.7109e-05,1,6.7109e-05,6.7109e-05,6.7109e-05,78,1,78,78,78,6,1,6,6,6
7,90,3.3657e-05,1,3.3657e-05,3.3657e-05,3.3657e-05,55,1,55,55,55,5,1,5,5,5
7,90,6.7345e-05,1,6.7345e-05,6.7345e-05,6.7345e-05,78,1,78,78,78,6,1,6,6,6
7,90,7.084e-06,1,7.084e-06,7.084e-06,7.084e-06,33,1,33,33,33,4,1,4,4,4
7,90,2.7989e-05,1,2.7989e-05,2.7989e-05,2.7989e-05,56,1,56,56,56,5,1,5,5,5
7,90,6.7791e-05,1,6.7791e-05,6.7791e-05,6.7791e-05,79,1,79,79,79,6,1,6,6,6
7,90,6.7713e-05,1,6.7713e-05,6.7713e-05,6.7713e-05,77,1,77,77,77,6,1,6,6,6
7,90,2.1856e-05,1,2.1856e-05,2.1856e-05,2.1856e-05,47,1,47,47,47,4,1,4,4,4
7,90,0.000110633,1,0.000110633,0.000110633,0.000110633,105,1,105,105,105,7,1,7,7,7
7,90,3.3989e-05,1,3.3989e-05,3.3989e-05,3.3989e-05,55,1,55,55,55,5,1,5,5,5
7,90,6.6656e-05,1,6.6656e-05,6.6656e-05,6.6656e-05,79,1,79,79,79,6,1,6,6,6
7,90,3.3291e-05,1,3.3291e-05,3.3291e-05,3.3291e-05,56,1,56,56,56,5,1,5,5,5
7,90,6.774e-05,1,6.774e-05,6.774e-05,6.774e-05,79,1,79,79,79,6,1,6,6,6
7,90,6.6876e-05,1,6.6876e-05,6.6876e-05,6.6876e-05,79,1,79,79,79,6,1,6,6,6
7,90,3.9614e-05,1,3.9614e-05,3.9614e-05,3.9614e-05,55,1,55,55,55,5,1,5,5,5
7,90,3.4015e-05,1,3.4015e-05,3.4015e-05,3.4015e-05,55,1,55,55,55,5,1,5,5,5
7,90,6.7931e-05,1,6.7931e-05,6.7931e-05,6.7931e-05,79,1,79,79,79,6,1,6,6,6
7,90,0.000110404,1,0.000110404,0.000110404,0.000110404,105,1,105,105,105,7,1,7,7,7
7,90,6.7574e-05,1,6.7574e-05,6.7574e-05,6.7574e-05,78,1,78,78,78,6,1,6,6,6
7,90,2.8352e-05,1,2.8352e-05,2.8352e-05,2.8352e-05,54,1,54,54,54,5,1,5,5,5
7,90,6.7558e-05,1,6.7558e-05,6.7558e-05,6.7558e-05,79,1,79,79,79,6,1,6,6,6
7,90,6.8253e-05,1,6.8253e-05,6.8253e-05,6.8253e-05,79,1,79,79,79,6,1,6,6,6
7,90,3.4025e-05,1,3.4025e-05,3.4025e-05,3.4025e-05,54,1,54,54,54,5,1,5,5,5
7,90,3.3696e-05,1,3.3696e-05,3.3696e-05,3.3696e-05,55,1,55,55,55,5,1,5,5,5
7,90,3.3555e-05,1,3.3555e-05,3.3555e-05,3.3555e-05,54,1,54,54,54,5,1,5,5,5
7,90,3.3904e-05,1,3.3904e-05,3.3904e-05,3.3904e-05,55,1,55,55,55,5,1,5,5,5
7,90,6.7877e-05,1,6.7877e-05,6.7877e-05,6.7877e-05,77,1,77,77,77,6,1,6,6,6
7,90,3.3861e-05,1,3.3861e-05,3.3861e-05,3.3861e-05,55,1,55,55,55,5,1,5,5,5
7,90,2.8097e-05,1,2.8097e-05,2.8097e-05,2.8097e-05,54,1,54,54,54,5,1,5,5,5
7,90,3.3718e-05,1,3.3718e-05,3.3718e-05,3.3718e-05,53,1,53,53,53,5,1,5,5,5
7,90,6.813e-05,1,6.813e-05,6.813e-05,6.813e-05,77,1,77,77,77,6,1,6,6,6
7,90,6.725e-05,1,6.725e-05,6.725e-05,6.725e-05,79,1,79,79,79,6,1,6,6,6
7,90,3.9732e-05,1,3.9732e-05,3.9732e-05,3.9732e-05,53,1,53,53,53,5,1,5,5,5
7,90,6.7054e-05,1,6.7054e-05,6.7054e-05,6.7054e-05,78,1,78,78,78,6,1,6,6,6
7,90,6.6544e-05,1,6.6544e-05,6.6544e-05,6.6544e-05,79,1,79,79,79,6,1,6,6,6
7,90,3.3517e-05,1,3.3517e-05,3.3517e-05,3.3517e-05,55,1,55,55,55,5,1,5,5,5
7,90,6.6496e-05,1,6.6496e-05,6.6496e-05,6.6496e-05,79,1,79,79,79,6,1,6,6,6
7,90,6.629e-05,1,6.629e-05,6.629e-05,6.629e-05,79,1,79,79,79,6,1,6,6,6
7,90,3.3941e-05,1,3.3941e-05,3.3941e-05,3.3941e-05,55,1,55,55,55,5,1,5,5,5
7,90,2.1422e-05,1,2.1422e-05,2.1422e-05,2.1422e-05,47,1,47,47,47,4,1,4,4,4
7,90,6.6797e-05,1,6.6797e-05,6.6797e-05,6.6797e-05,78,1,78,78,78,6,1,6,6,6
7,90,3.363e-05,1,3.363e-05,3.363e-05,3.363e-05,55,1,55,55,55,5,1,5,5,5
7,90,3.357e-05,1,3.357e-05,3.357e-05,3.357e-05,55,1,55,55,55,5,1,5,5,5
7,90,4.0278e-05,1,4.0278e-05,4.0278e-05,4.0278e-05,68,1,68,68,68,5,1,5,5,5
7,90,6.7272e-05,1,6.7272e-05,6.7272e-05,6.7272e-05,78,1,78,78,78,6,1,6,6,6
7,90,0.000131578,1,0.000131578,0.000131578,0.000131578,105,1,105,105,105,7,1,7,7,7
7,90,7.0789e-05,1,7.0789e-05,7.0789e-05,7.0789e-05,78,1,78,78,78,6,1,6,6,6
7,90,2.9878e-05,1,2.9878e-05,2.9878e-05,2.9878e-05,56,1,56,56,56,5,1,5,5,5
7,90,2.3383e-05,1,2.3383e-05,2.3383e-05,2.3383e-05,56,1,56,56,56,4,1,4,4,4
7,90,8.7482e-05,1,8.7482e-05,8.7482e-05,8.7482e-05,78,1,78,78,78,6,1,6,6,6
7,90,3.3399e-05,1,3.3399e-05,3.3399e-05,3.3399e-05,55,1,55,55,55,5,1,5,5,5
