n,p,time_total,time_count,time_mean,time_min,time_max,steps_total,steps_count,steps_mean,steps_min,steps_max,number_total,number_count,number_mean,number_min,number_max
34,60,0.00109206,1,0.00109206,0.00109206,0.00109206,1058,1,1058,1058,1058,11,1,11,11,11
34,60,0.000777265,1,0.000777265,0.000777265,0.000777265,976,1,976,976,976,10,1,10,10,10
34,60,0.000914897,1,0.000914897,0.000914897,0.000914897,1001,1,1001,1001,1001,11,1,11,11,11
34,60,0.000719963,1,0.000719963,0.000719963,0.000719963,962,1,962,962,962,10,1,10,10,10
34,60,0.000417479,1,0.000417479,0.000417479,0.000417479,854,1,854,854,854,9,1,9,9,9
34,60,0.000750124,1,0.000750124,0.000750124,0.000750124,957,1,957,957,957,10,1,10,10,10
34,60,0.000475213,1,0.000475213,0.000475213,0.000475213,864,1,864,864,864,9,1,9,9,9
34,60,0.000795004,1,0.000795004,0.000795004,0.000795004,973,1,973,973,973,10,1,10,10,10
34,60,0.000547257,1,0.000547257,0.000547257,0.000547257,908,1,908,908,908,9,1,9,9,9
34,60,0.000698442,1,0.000698442,0.000698442,0.000698442,1050,1,1050,1050,1050,10,1,10,10,10
34,60,0.00135067,1,0.00135067,0.00135067,0.00135067,1158,1,1158,1158,1158,13,1,13,13,13
34,60,0.00101851,1,0.00101851,0.00101851,0.00101851,1011,1,1011,1011,1011,11,1,11,11,11
34,60,0.00085057,1,0.00085057,0.00085057,0.00085057,1011,1,1011,1011,1011,11,1,11,11,11
34,60,0.000962163,1,0.000962163,0.000962163,0.000962163,1034,1,1034,1034,1034,11,1,11,11,11
34,60,0.000793198,1,0.000793198,0.000793198,0.000793198,982,1,982,982,982,11,1,11,11,11
34,60,0.000979507,1,0.000979507,0.000979507,0.000979507,1028,1,1028,1028,1028,11,1,11,11,11
34,60,0.000877659,1,0.000877659,0.000877659,0.000877659,992,1,992,992,992,11,1,11,11,11
34,60,0.00088002,1,0.00088002,0.00088002,0.00088002,1057,1,1057,1057,1057,11,1,11,11,11
34,60,0.000765349,1,0.000765349,0.000765349,0.000765349,1069,1,1069,1069,1069,11,1,11,11,11
34,60,0.00132435,1,0.00132435,0.00132435,0.00132435,1062,1,1062,1062,1062,12,1,12,12,12
34,60,0.00118365,1,0.00118365,0.00118365,0.00118365,1151,1,1151,1151,1151,11,1,11,11,11
34,60,0.00117235,1,0.00117235,0.00117235,0.00117235,1117,1,1117,1117,1117,12,1,12,12,12
34,60,0.000863701,1,0.000863701,0.000863701,0.000863701,988,1,988,988,988,11,1,11,11,11
34,60,0.000987028,1,0.000987028,0.000987028,0.000987028,1067,1,1067,1067,1067,11,1,11,11,11
34,60,0.00075672,1,0.00075672,0.00075672,0.00075672,1010,1,1010,1010,1010,11,1,11,11,11
34,60,0.000713886,1,0.000713886,0.000713886,0.000713886,950,1,950,950,950,10,1,10,10,10
34,60,0.000666462,1,0.000666462,0.000666462,0.000666462,956,1,956,956,956,10,1,10,10,10
34,60,0.000894367,1,0.000894367,0.000894367,0.000894367,1028,1,1028,1028,1028,11,1,11,11,11
34,60,0.000709225,1,0.000709225,0.000709225,0.000709225,966,1,966,966,966,10,1,10,10,10
34,60,0.000841498,1,0.000841498,0.000841498,0.000841498,1028,1,1028,1028,1028,11,1,11,11,11
34,60,0.000889832,1,0.000889832,0.000889832,0.000889832,1009,1,1009,1009,1009,11,1,11,11,11
34,60,0.000627513,1,0.000627513,0.000627513,0.000627513,959,1,959,959,959,10,1,10,10,10
34,60,0.000864201,1,0.000864201,0.000864201,0.000864201,966,1,966,966,966,11,1,11,11,11
34,60,0.000771269,1,0.000771269,0.000771269,0.000771269,962,1,962,962,962,10,1,10,10,10
34,60,0.000695518,1,0.000695518,0.000695518,0.000695518,923,1,923,923,923,10,1,10,10,10
34,60,0.00099618,1,0.00099618,0.00099618,0.00099618,1033,1,1033,1033,1033,11,1,11,11,11
34,60,0.000776339,1,0.000776339,0.000776339,0.000776339,1033,1,1033,1033,1033,11,1,11,11,11
34,60,0.000788998,1,0.000788998,0.000788998,0.000788998,968,1,968,968,968,10,1,10,10,10
34,60,0.000789411,1,0.000789411,0.000789411,0.000789411,923,1,923,923,923,10,1,10,10,10
34,60,0.000838742,1,0.000838742,0.000838742,0.000838742,1002,1,1002,1002,1002,11,1,11,11,11
34,60,0.00103651,1,0.00103651,0.00103651,0.00103651,1058,1,1058,1058,1058,11,1,11,11,11
34,60,0.00103984,1,0.00103984,0.00103984,0.00103984,1052,1,1052,1052,1052,11,1,11,11,11
34,60,0.00118464,1,0.00118464,0.00118464,0.00118464,1097,1,1097,1097,1097,12,1,12,12,12
34,60,0.00108398,1,0.00108398,0.00108398,0.00108398,1102,1,1102,1102,1102,12,1,12,12,12
34,60,0.000815803,1,0.000815803,0.000815803,0.000815803,1029,1,1029,1029,1029,11,1,11,11,11
34,60,0.000832044,1,0.000832044,0.000832044,0.000832044,1012,1,1012,1012,1012,11,1,11,11,11
34,60,0.000788916,1,0.000788916,0.000788916,0.000788916,954,1,954,954,954,10,1,10,10,10
34,60,0.000774322,1,0.000774322,0.000774322,0.000774322,946,1,946,946,946,10,1,10,10,10
34,60,0.00129687,1,0.00129687,0.00129687,0.00129687,1087,1,1087,1087,1087,12,1,12,12,12
34,60,0.000727949,1,0.000727949,0.000727949,0.000727949,942,1,942,942,942,10,1,10,10,10
34,60,0.000982786,1,0.000982786,0.000982786,0.000982786,1048,1,1048,1048,1048,11,1,11,11,11
34,60,0.000778289,1,0.000778289,0.000778289,0.000778289,1006,1,1006,1006,1006,11,1,11,11,11
34,60,0.000836858,1,0.000836858,0.000836858,0.000836858,1016,1,1016,1016,1016,11,1,11,11,11
34,60,0.000841184,1,0.000841184,0.000841184,0.000841184,1033,1,1033,1033,1033,11,1,11,11,11
34,60,0.000507024,1,0.000507024,0.000507024,0.000507024,849,1,849,849,849,9,1,9,9,9
34,60,0.000755044,1,0.000755044,0.000755044,0.000755044,974,1,974,974,974,10,1,10,10,10
34,60,0.000845212,1,0.000845212,0.000845212,0.000845212,1059,1,1059,1059,1059,11,1,11,11,11
34,60,0.000798646,1,0.000798646,0.000798646,0.000798646,999,1,999,999,999,11,1,11,11,11
34,60,0.000936694,1,0.000936694,0.000936694,0.000936694,1048,1,1048,1048,1048,12,1,12,12,12
34,60,0.0012159,1,0.0012159,0.0012159,0.0012159,1124,1,1124,1124,1124,12,1,12,12,12
34,60,0.000922072,1,0.000922072,0.000922072,0.000922072,988,1,988,988,988,11,1,11,11,11
34,60,0.000863099,1,0.000863099,0.000863099,0.000863099,993,1,993,993,993,11,1,11,11,11
34,60,0.000719967,1,0.000719967,0.000719967,0.000719967,956,1,956,956,956,10,1,10,10,10
34,60,0.000729487,1,0.000729487,0.000729487,0.000729487,947,1,947,947,947,10,1,10,10,10
34,60,0.000879123,1,0.000879123,0.000879123,0.000879123,1028,1,1028,1028,1028,11,1,11,11,11
34,60,0.00087992,1,0.00087992,0.00087992,0.00087992,1020,1,1020,1020,1020,11,1,11,11,11
34,60,0.000859738,1,0.000859738,0.000859738,0.000859738,1034,1,1034,1034,1034,11,1,11,11,11
34,60,0.000550272,1,0.000550272,0.000550272,0.000550272,898,1,898,898,898,9,1,9,9,9
34,60,0.000842589,1,0.000842589,0.000842589,0.000842589,968,1,968,968,968,10,1,10,10,10
34,60,0.000893438,1,0.000893438,0.000893438,0.000893438,977,1,977,977,977,11,1,11,11,11
34,60,0.000892892,1,0.000892892,0.000892892,0.000892892,954,1,954,954,954,11,1,11,11,11
34,60,0.00112236,1,0.00112236,0.00112236,0.00112236,1109,1,1109,1109,1109,12,1,12,12,12
34,60,0.000974105,1,0.000974105,0.000974105,0.000974105,1002,1,1002,1002,1002,11,1,11,11,11
34,60,0.000929459,1,0.000929459,0.000929459,0.000929459,1021,1,1021,1021,1021,11,1,11,11,11
34,60,0.000754133,1,0.000754133,0.000754133,0.000754133,1067,1,1067,1067,1067,10,1,10,10,10
34,60,0.000733009,1,0.000733009,0.000733009,0.000733009,981,1,981,981,981,11,1,11,11,11
34,60,0.000735879,1,0.000735879,0.000735879,0.000735879,930,1,930,930,930,10,1,10,10,10
34,60,0.000803771,1,0.000803771,0.000803771,0.000803771,1003,1,1003,1003,1003,11,1,11,11,11
34,60,0.000688936,1,0.000688936,0.000688936,0.000688936,964,1,964,964,964,10,1,10,10,10
34,60,0.000956594,1,0.000956594,0.000956594,0.000956594,1043,1,1043,1043,1043,11,1,11,11,11
34,60,0.000865061,1,0.000865061,0.000865061,0.000865061,1057,1,1057,1057,1057,11,1,11,11,11
34,60,0.00111321,1,0.00111321,0.00111321,0.00111321,1041,1,1041,1041,1041,11,1,11,11,11
34,60,0.000722043,1,0.000722043,0.000722043,0.000722043,955,1,955,955,955,10,1,10,10,10
34,60,0.000793621,1,0.000793621,0.000793621,0.000793621,968,1,968,968,968,10,1,10,10,10
34,60,0.000623629,1,0.000623629,0.000623629,0.000623629,970,1,970,970,970,10,1,10,10,10
34,60,0.000869012,1,0.000869012,0.000869012,0.000869012,995,1,995,995,995,11,1,11,11,11
34,60,0.000523632,1,0.000523632,0.000523632,0.000523632,859,1,859,859,859,9,1,9,9,9
34,60,0.000935811,1,0.000935811,0.000935811,0.000935811,978,1,978,978,978,11,1,11,11,11
34,60,0.000748058,1,0.000748058,0.000748058,0.000748058,1066,1,1066,1066,1066,10,1,10,10,10
34,60,0.00086714,1,0.00086714,0.00086714,0.00086714,1043,1,1043,1043,1043,11,1,11,11,11
34,60,0.000945797,1,0.000945797,0.000945797,0.000945797,1009,1,1009,1009,1009,11,1,11,11,11
34,60,0.00110411,1,0.00110411,0.00110411,0.00110411,1107,1,1107,1107,1107,12,1,12,12,12
34,60,0.00134673,1,0.00134673,0.00134673,0.00134673,1130,1,1130,1130,1130,12,1,12,12,12
34,60,0.000920637,1,0.000920637,0.000920637,0.000920637,1050,1,1050,1050,1050,11,1,11,11,11
34,60,0.000915286,1,0.000915286,0.000915286,0.000915286,1014,1,1014,1014,1014,11,1,11,11,11
34,60,0.000869337,1,0.000869337,0.000869337,0.000869337,1039,1,1039,1039,1039,11,1,11,11,11
34,60,0.000804059,1,0.000804059,0.000804059,0.000804059,972,1,972,972,972,10,1,10,10,10
34,60,0.00117395,1,0.00117395,0.00117395,0.00117395,1107,1,1107,1107,1107,12,1,12,12,12
34,60,0.000659219,1,0.000659219,0.000659219,0.000659219,945,1,945,945,945,10,1,10,10,10
34,60,0.000576571,1,0.000576571,0.000576571,0.000576571,964,1,964,964,964,10,1,10,10,10
34,60,0.000932782,1,0.000932782,0.000932782,0.000932782,1031,1,1031,1031,1031,11,1,11,11,11
34,60,0.00088639,1,0.00088639,0.00088639,0.00088639,1025,1,1025,1025,1025,11,1,11,11,11
34,60,0.00100878,1,0.00100878,0.00100878,0.00100878,1011,1,1011,1011,1011,11,1,11,11,11
34,60,0.000599227,1,0.000599227,0.000599227,0.000599227,933,1,933,933,933,10,1,10,10,10
34,60,0.000990281,1,0.000990281,0.000990281,0.000990281,1066,1,1066,1066,1066,12,1,12,12,12
34,60,0.000771141,1,0.000771141,0.000771141,0.000771141,1027,1,1027,1027,1027,11,1,11,11,11
34,60,0.000618769,1,0.000618769,0.000618769,0.000618769,971,1,971,971,971,10,1,10,10,10
34,60,0.00115585,1,0.00115585,0.00115585,0.00115585,1083,1,1083,1083,1083,12,1,12,12,12
34,60,0.000857832,1,0.000857832,0.000857832,0.000857832,1059,1,1059,1059,1059,11,1,11,11,11
34,60,0.00082609,1,0.00082609,0.00082609,0.00082609,1020,1,1020,1020,1020,11,1,11,11,11
34,60,0.000870805,1,0.000870805,0.000870805,0.000870805,1019,1,1019,1019,1019,11,1,11,11,11
34,60,0.000890078,1,0.000890078,0.000890078,0.000890078,1035,1,1035,1035,1035,11,1,11,11,11
34,60,0.00059694,1,0.00059694,0.00059694,0.00059694,922,1,922,922,922,10,1,10,10,10
34,60,0.000566688,1,0.000566688,0.000566688,0.000566688,904,1,904,904,904,9,1,9,9,9
34,60,0.00111857,1,0.00111857,0.00111857,0.00111857,1103,1,1103,1103,1103,12,1,12,12,12
34,60,0.000915298,1,0.000915298,0.000915298,0.000915298,1084,1,1084,1084,1084,12,1,12,12,12
34,60,0.000935469,1,0.000935469,0.000935469,0.000935469,1038,1,1038,1038,1038,11,1,11,11,11
34,60,0.00102083,1,0.00102083,0.00102083,0.00102083,1035,1,1035,1035,1035,11,1,11,11,11
34,60,0.000930897,1,0.000930897,0.000930897,0.000930897,1003,1,1003,1003,1003,11,1,11,11,11
34,60,0.000923086,1,0.000923086,0.000923086,0.000923086,998,1,998,998,998,11,1,11,11,11
34,60,0.000671672,1,0.000671672,0.000671672,0.000671672,970,1,970,970,970,10,1,10,10,10
34,60,0.000755504,1,0.000755504,0.000755504,0.000755504,946,1,946,946,946,10,1,10,10,10
34,60,0.00100647,1,0.00100647,0.00100647,0.00100647,1032,1,1032,1032,1032,11,1,11,11,11
34,60,0.000803068,1,0.000803068,0.000803068,0.000803068,913,1,913,913,913,10,1,10,10,10
34,60,0.000664267,1,0.000664267,0.000664267,0.000664267,936,1,936,936,936,10,1,10,10,10
34,60,0.000639591,1,0.000639591,0.000639591,0.000639591,894,1,894,894,894,9,1,9,9,9
34,60,0.000765139,1,0.000765139,0.000765139,0.000765139,973,1,973,973,973,10,1,10,10,10
34,60,0.000747213,1,0.000747213,0.000747213,0.000747213,944,1,944,944,944,10,1,10,10,10
34,60,0.000699053,1,0.000699053,0.000699053,0.000699053,960,1,960,960,960,10,1,10,10,10
34,60,0.000728472,1,0.000728472,0.000728472,0.000728472,942,1,942,942,942,10,1,10,10,10
34,60,0.000637789,1,0.000637789,0.000637789,0.000637789,971,1,971,971,971,10,1,10,10,10
34,60,0.00114026,1,0.00114026,0.00114026,0.00114026,1104,1,1104,1104,1104,12,1,12,12,12
34,60,0.00089299,1,0.00089299,0.00089299,0.00089299,1093,1,1093,1093,1093,11,1,11,11,11
34,60,0.0010832,1,0.0010832,0.0010832,0.0010832,1019,1,1019,1019,1019,11,1,11,11,11
34,60,0.000584048,1,0.000584048,0.000584048,0.000584048,933,1,933,933,933,10,1,10,10,10
34,60,0.000838538,1,0.000838538,0.000838538,0.000838538,1022,1,1022,1022,1022,11,1,11,11,11
34,60,0.000839405,1,0.000839405,0.000839405,0.000839405,1010,1,1010,1010,1010,11,1,11,11,11
34,60,0.000899265,1,0.000899265,0.000899265,0.000899265,1053,1,1053,1053,1053,11,1,11,11,11
34,60,0.000630735,1,0.000630735,0.000630735,0.000630735,968,1,968,968,968,10,1,10,10,10
34,60,0.000849414,1,0.000849414,0.000849414,0.000849414,1057,1,1057,1057,1057,11,1,11,11,11
34,60,0.000873991,1,0.000873991,0.000873991,0.000873991,994,1,994,994,994,11,1,11,11,11
34,60,0.000769677,1,0.000769677,0.000769677,0.000769677,984,1,984,984,984,10,1,10,10,10
34,60,0.000563679,1,0.000563679,0.000563679,0.000563679,948,1,948,948,948,10,1,10,10,10
34,60,0.000703238,1,0.000703238,0.000703238,0.000703238,952,1,952,952,952,10,1,10,10,10
34,60,0.000632022,1,0.000632022,0.000632022,0.000632022,945,1,945,945,945,10,1,10,10,10
34,60,0.000998868,1,0.000998868,0.000998868,0.000998868,1012,1,1012,1012,1012,11,1,11,11,11
34,60,0.000772477,1,0.000772477,0.000772477,0.000772477,975,1,975,975,975,10,1,10,10,10
34,60,0.000894702,1,0.000894702,0.000894702,0.000894702,987,1,987,987,987,11,1,11,11,11
34,60,0.000656374,1,0.000656374,0.000656374,0.000656374,950,1,950,950,950,10,1,10,10,10
34,60,0.00114854,1,0.00114854,0.00114854,0.00114854,1053,1,1053,1053,1053,12,1,12,12,12
34,60,0.00085401,1,0.00085401,0.00085401,0.00085401,1000,1,1000,1000,1000,11,1,11,11,11
34,60,0.000661007,1,0.000661007,0.000661007,0.000661007,980,1,980,980,980,10,1,10,10,10
34,60,0.000841008,1,0.000841008,0.000841008,0.000841008,972,1,972,972,972,11,1,11,11,11
34,60,0.000885612,1,0.000885612,0.000885612,0.000885612,1057,1,1057,1057,1057,10,1,10,10,10
34,60,0.00086118,1,0.00086118,0.00086118,0.00086118,996,1,996,996,996,11,1,11,11,11
34,60,0.000693418,1,0.000693418,0.000693418,0.000693418,943,1,943,943,943,10,1,10,10,10
34,60,0.000832068,1,0.000832068,0.000832068,0.000832068,986,1,986,986,986,11,1,11,11,11
34,60,0.00091671,1,0.00091671,0.00091671,0.00091671,1033,1,1033,1033,1033,11,1,11,11,11
34,60,0.0011414,1,0.0011414,0.0011414,0.0011414,1094,1,1094,1094,1094,11,1,11,11,11
34,60,0.0010464,1,0.0010464,0.0010464,0.0010464,1010,1,1010,1010,1010,11,1,11,11,11
34,60,0.000603003,1,0.000603003,0.000603003,0.000603003,920,1,920,920,920,10,1,10,10,10
34,60,0.000709397,1,0.000709397,0.000709397,0.000709397,951,1,951,951,951,10,1,10,10,10
34,60,0.00124569,1,0.00124569,0.00124569,0.00124569,1111,1,1111,1111,1111,12,1,12,12,12
34,60,0.000877573,1,0.000877573,0.000877573,0.000877573,1018,1,1018,1018,1018,11,1,11,11,11
34,60,0.000629235,1,0.000629235,0.000629235,0.000629235,916,1,916,916,916,10,1,10,10,10
34,60,0.00101015,1,0.00101015,0.00101015,0.00101015,1060,1,1060,1060,1060,12,1,12,12,12
34,60,0.000556872,1,0.000556872,0.000556872,0.000556872,905,1,905,905,905,9,1,9,9,9
34,60,0.000813949,1,0.000813949,0.000813949,0.000813949,1034,1,1034,1034,1034,11,1,11,11,11
34,60,0.000752954,1,0.000752954,0.000752954,0.000752954,1019,1,1019,1019,1019,11,1,11,11,11
34,60,0.00112063,1,0.00112063,0.00112063,0.00112063,1076,1,1076,1076,1076,12,1,12,12,12
34,60,0.000568765,1,0.000568765,0.000568765,0.000568765,936,1,936,936,936,9,1,9,9,9
34,60,0.00068426,1,0.00068426,0.00068426,0.00068426,959,1,959,959,959,10,1,10,10,10
34,60,0.000875972,1,0.000875972,0.000875972,0.000875972,1050,1,1050,1050,1050,11,1,11,11,11
34,60,0.000923819,1,0.000923819,0.000923819,0.000923819,1052,1,1052,1052,1052,11,1,11,11,11
34,60,0.00114456,1,0.00114456,0.00114456,0.00114456,1084,1,1084,1084,1084,12,1,12,12,12
34,60,0.000985162,1,0.000985162,0.000985162,0.000985162,1023,1,1023,1023,1023,11,1,11,11,11
34,60,0.000819228,1,0.000819228,0.000819228,0.000819228,993,1,993,993,993,10,1,10,10,10
34,60,0.000959186,1,0.000959186,0.000959186,0.000959186,1055,1,1055,1055,1055,11,1,11,11,11
34,60,0.000895451,1,0.000895451,0.000895451,0.000895451,1031,1,1031,1031,1031,11,1,11,11,11
34,60,0.000405242,1,0.000405242,0.000405242,0.000405242,854,1,854,854,854,9,1,9,9,9
34,60,0.000812879,1,0.000812879,0.000812879,0.000812879,1067,1,1067,1067,1067,11,1,11,11,11
34,60,0.000917324,1,0.000917324,0.000917324,0.000917324,1076,1,1076,1076,1076,11,1,11,11,11
34,60,0.000684852,1,0.000684852,0.000684852,0.000684852,952,1,952,952,952,10,1,10,10,10
34,60,0.000680749,1,0.000680749,0.000680749,0.000680749,940,1,940,940,940,10,1,10,10,10
34,60,0.00101275,1,0.00101275,0.00101275,0.00101275,1104,1,1104,1104,1104,12,1,12,12,12
34,60,0.000681229,1,0.000681229,0.000681229,0.000681229,924,1,924,924,924,10,1,10,10,10
34,60,0.000673584,1,0.000673584,0.000673584,0.000673584,976,1,976,976,976,10,1,10,10,10
34,60,0.000889055,1,0.000889055,0.000889055,0.000889055,1134,1,1134,1134,1134,11,1,11,11,11
34,60,0.000689178,1,0.000689178,0.000689178,0.000689178,953,1,953,953,953,10,1,10,10,10
34,60,0.000694213,1,0.000694213,0.000694213,0.000694213,950,1,950,950,950,10,1,10,10,10
34,60,0.00069217,1,0.00069217,0.00069217,0.00069217,970,1,970,970,970,10,1,10,10,10
34,60,0.000718509,1,0.000718509,0.000718509,0.000718509,946,1,946,946,946,10,1,10,10,10
34,60,0.000952212,1,0.000952212,0.000952212,0.000952212,1060,1,1060,1060,1060,11,1,11,11,11
34,60,0.000731334,1,0.000731334,0.000731334,0.000731334,1011,1,1011,1011,1011,11,1,11,11,11
34,60,0.000619227,1,0.000619227,0.000619227,0.000619227,896,1,896,896,896,9,1,9,9,9
34,60,0.000692403,1,0.000692403,0.000692403,0.000692403,954,1,954,954,954,10,1,10,10,10
34,60,0.000575943,1,0.000575943,0.000575943,0.000575943,927,1,927,927,927,10,1,10,10,10
34,60,0.00103443,1,0.00103443,0.00103443,0.00103443,1031,1,1031,1031,1031,11,1,11,11,11
34,60,0.00079123,1,0.00079123,0.00079123,0.00079123,982,1,982,982,982,10,1,10,10,10
34,60,0.00103115,1,0.00103115,0.00103115,0.00103115,1073,1,1073,1073,1073,11,1,11,11,11
34,60,0.000764628,1,0.000764628,0.000764628,0.000764628,1003,1,1003,1003,1003,11,1,11,11,11
34,60,0.0011248,1,0.0011248,0.0011248,0.0011248,1094,1,1094,1094,1094,12,1,12,12,12
34,60,0.0007114,1,0.0007114,0.0007114,0.0007114,981,1,981,981,981,10,1,10,10,10
34,60,0.00103031,1,0.00103031,0.00103031,0.00103031,1120,1,1120,1120,1120,12,1,12,12,12
34,60,0.000952673,1,0.000952673,0.000952673,0.000952673,1043,1,1043,1043,1043,11,1,11,11,11
34,60,0.00134697,1,0.00134697,0.00134697,0.00134697,1105,1,1105,1105,1105,12,1,12,12,12
34,60,0.000671775,1,0.000671775,0.000671775,0.000671775,970,1,970,970,970,10,1,10,10,10
34,60,0.000932888,1,0.000932888,0.000932888,0.000932888,1063,1,1063,1063,1063,11,1,11,11,11
34,60,0.000734737,1,0.000734737,0.000734737,0.000734737,953,1,953,953,953,10,1,10,10,10
34,60,0.000802716,1,0.000802716,0.000802716,0.000802716,938,1,938,938,938,10,1,10,10,10
34,60,0.000898079,1,0.000898079,0.000898079,0.000898079,1000,1,1000,1000,1000,11,1,11,11,11
34,60,0.000912494,1,0.000912494,0.000912494,0.000912494,1038,1,1038,1038,1038,11,1,11,11,11
34,60,0.000854391,1,0.000854391,0.000854391,0.000854391,1052,1,1052,1052,1052,11,1,11,11,11
34,60,0.00108705,1,0.00108705,0.00108705,0.00108705,1107,1,1107,1107,1107,12,1,12,12,12
34,60,0.000722716,1,0.000722716,0.000722716,0.000722716,950,1,950,950,950,10,1,10,10,10
34,60,0.000796856,1,0.000796856,0.000796856,0.000796856,931,1,931,931,931,10,1,10,10,10
34,60,0.000725823,1,0.000725823,0.000725823,0.000725823,942,1,942,942,942,10,1,10,10,10
34,60,0.000846529,1,0.000846529,0.000846529,0.000846529,1039,1,1039,1039,1039,11,1,11,11,11
34,60,0.000637198,1,0.000637198,0.000637198,0.000637198,948,1,948,948,948,10,1,10,10,10
34,60,0.000585535,1,0.000585535,0.000585535,0.000585535,960,1,960,960,960,10,1,10,10,10
34,60,0.00116781,1,0.00116781,0.00116781,0.00116781,1092,1,1092,1092,1092,12,1,12,12,12
34,60,0.000759424,1,0.000759424,0.000759424,0.000759424,892,1,892,892,892,10,1,10,10,10
34,60,0.000549481,1,0.000549481,0.000549481,0.000549481,972,1,972,972,972,10,1,10,10,10
34,60,0.000893367,1,0.000893367,0.000893367,0.000893367,1004,1,1004,1004,1004,11,1,11,11,11
34,60,0.00110968,1,0.00110968,0.00110968,0.00110968,1036,1,1036,1036,1036,11,1,11,11,11
34,60,0.000838663,1,0.000838663,0.000838663,0.000838663,1028,1,1028,1028,1028,10,1,10,10,10
34,60,0.000821036,1,0.000821036,0.000821036,0.000821036,1055,1,1055,1055,1055,11,1,11,11,11
34,60,0.000700967,1,0.000700967,0.000700967,0.000700967,937,1,937,937,937,10,1,10,10,10
34,60,0.000814171,1,0.000814171,0.000814171,0.000814171,1021,1,1021,1021,1021,11,1,11,11,11
34,60,0.000907061,1,0.000907061,0.000907061,0.000907061,1083,1,1083,1083,1083,11,1,11,11,11
34,60,0.000877115,1,0.000877115,0.000877115,0.000877115,972,1,972,972,972,10,1,10,10,10
34,60,0.00114079,1,0.00114079,0.00114079,0.00114079,1061,1,1061,1061,1061,12,1,12,12,12
34,60,0.000898845,1,0.000898845,0.000898845,0.000898845,1120,1,1120,1120,1120,12,1,12,12,12
34,60,0.000897613,1,0.000897613,0.000897613,0.000897613,1016,1,1016,1016,1016,11,1,11,11,11
34,60,0.000801267,1,0.000801267,0.000801267,0.000801267,1002,1,1002,1002,1002,11,1,11,11,11
34,60,0.00104736,1,0.00104736,0.00104736,0.00104736,1093,1,1093,1093,1093,12,1,12,12,12
34,60,0.000660565,1,0.000660565,0.000660565,0.000660565,941,1,941,941,941,10,1,10,10,10
34,60,0.00103148,1,0.00103148,0.00103148,0.00103148,1055,1,1055,1055,1055,12,1,12,12,12
34,60,0.000726098,1,0.000726098,0.000726098,0.000726098,941,1,941,941,941,10,1,10,10,10
34,60,0.000580354,1,0.000580354,0.000580354,0.000580354,919,1,919,919,919,10,1,10,10,10
34,60,0.00111057,1,0.00111057,0.00111057,0.00111057,1111,1,1111,1111,1111,12,1,12,12,12
34,60,0.000762719,1,0.000762719,0.000762719,0.000762719,950,1,950,950,950,10,1,10,10,10
34,60,0.000905858,1,0.000905858,0.000905858,0.000905858,1009,1,1009,1009,1009,11,1,11,11,11
34,60,0.00119756,1,0.00119756,0.00119756,0.00119756,1168,1,1168,1168,1168,12,1,12,12,12
34,60,0.000812426,1,0.000812426,0.000812426,0.000812426,1019,1,1019,1019,1019,11,1,11,11,11
34,60,0.00118196,1,0.00118196,0.00118196,0.00118196,1167,1,1167,1167,1167,13,1,13,13,13
34,60,0.000859903,1,0.000859903,0.000859903,0.000859903,972,1,972,972,972,10,1,10,10,10
34,60,0.00105712,1,0.00105712,0.00105712,0.00105712,1061,1,1061,1061,1061,11,1,11,11,11
34,60,0.00115543,1,0.00115543,0.00115543,0.00115543,1133,1,1133,1133,1133,11,1,11,11,11
34,60,0.000872869,1,0.000872869,0.000872869,0.000872869,1016,1,1016,1016,1016,10,1,10,10,10
34,60,0.000935179,1,0.000935179,0.000935179,0.000935179,985,1,985,985,985,11,1,11,11,11
34,60,0.00075232,1,0.00075232,0.00075232,0.00075232,958,1,958,958,958,10,1,10,10,10
34,60,0.000696005,1,0.000696005,0.000696005,0.000696005,965,1,965,965,965,10,1,10,10,10
34,60,0.000835229,1,0.000835229,0.000835229,0.000835229,1043,1,1043,1043,1043,11,1,11,11,11
34,60,0.00073107,1,0.00073107,0.00073107,0.00073107,978,1,978,978,978,11,1,11,11,11
34,60,0.000633538,1,0.000633538,0.000633538,0.000633538,901,1,901,901,901,10,1,10,10,10
34,60,0.000635542,1,0.000635542,0.000635542,0.000635542,973,1,973,973,973,10,1,10,10,10
34,60,0.00105198,1,0.00105198,0.00105198,0.00105198,1105,1,1105,1105,1105,11,1,11,11,11
34,60,0.000702613,1,0.000702613,0.000702613,0.000702613,1033,1,1033,1033,1033,10,1,10,10,10
34,60,0.00074303,1,0.00074303,0.00074303,0.00074303,930,1,930,930,930,10,1,10,10,10
34,60,0.00098256,1,0.00098256,0.00098256,0.00098256,1022,1,1022,1022,1022,11,1,11,11,11
34,60,0.00106576,1,0.00106576,0.00106576,0.00106576,1115,1,1115,1115,1115,12,1,12,12,12
34,60,0.00115852,1,0.00115852,0.00115852,0.00115852,1087,1,1087,1087,1087,12,1,12,12,12
34,60,0.000855006,1,0.000855006,0.000855006,0.000855006,1027,1,1027,1027,1027,11,1,11,11,11
34,60,0.000995093,1,0.000995093,0.000995093,0.000995093,1062,1,1062,1062,1062,11,1,11,11,11
34,60,0.000766819,1,0.000766819,0.000766819,0.000766819,946,1,946,946,946,10,1,10,10,10
34,60,0.000918092,1,0.000918092,0.000918092,0.000918092,1071,1,1071,1071,1071,12,1,12,12,12
34,60,0.000856449,1,0.000856449,0.000856449,0.000856449,1032,1,1032,1032,1032,11,1,11,11,11
34,60,0.000539354,1,0.000539354,0.000539354,0.000539354,879,1,879,879,879,9,1,9,9,9
34,60,0.000666887,1,0.000666887,0.000666887,0.000666887,960,1,960,960,960,10,1,10,10,10
34,60,0.000798589,1,0.000798589,0.000798589,0.000798589,1040,1,1040,1040,1040,11,1,11,11,11
34,60,0.000704532,1,0.000704532,0.000704532,0.000704532,967,1,967,967,967,10,1,10,10,10
34,60,0.000708605,1,0.000708605,0.000708605,0.000708605,949,1,949,949,949,10,1,10,10,10
34,60,0.000943881,1,0.000943881,0.000943881,0.000943881,1070,1,1070,1070,1070,11,1,11,11,11
34,60,0.000887994,1,0.000887994,0.000887994,0.000887994,1009,1,1009,1009,1009,11,1,11,11,11
34,60,0.000698458,1,0.000698458,0.000698458,0.000698458,996,1,996,996,996,10,1,10,10,10
34,60,0.000680969,1,0.000680969,0.000680969,0.000680969,905,1,905,905,905,10,1,10,10,10
34,60,0.000838597,1,0.000838597,0.000838597,0.000838597,984,1,984,984,984,11,1,11,11,11
34,60,0.000761048,1,0.000761048,0.000761048,0.000761048,981,1,981,981,981,10,1,10,10,10
34,60,0.000771989,1,0.000771989,0.000771989,0.000771989,1022,1,1022,1022,1022,11,1,11,11,11
34,60,0.000950148,1,0.000950148,0.000950148,0.000950148,1052,1,1052,1052,1052,11,1,11,11,11
34,60,0.000992925,1,0.000992925,0.000992925,0.000992925,1088,1,1088,1088,1088,11,1,11,11,11
34,60,0.000736232,1,0.000736232,0.000736232,0.000736232,908,1,908,908,908,10,1,10,10,10
34,60,0.00116796,1,0.00116796,0.00116796,0.00116796,1059,1,1059,1059,1059,12,1,12,12,12
34,60,0.00106098,1,0.00106098,0.00106098,0.00106098,1023,1,1023,1023,1023,11,1,11,11,11
34,60,0.000971919,1,0.000971919,0.000971919,0.000971919,1048,1,1048,1048,1048,11,1,11,11,11
34,60,0.000951722,1,0.000951722,0.000951722,0.000951722,1052,1,1052,1052,1052,12,1,12,12,12
34,60,0.000805898,1,0.000805898,0.000805898,0.000805898,1040,1,1040,1040,1040,11,1,11,11,11
34,60,0.00067393,1,0.00067393,0.00067393,0.00067393,936,1,936,936,936,10,1,10,10,10
34,60,0.000761437,1,0.000761437,0.000761437,0.000761437,1012,1,1012,1012,1012,11,1,11,11,11
34,60,0.000709493,1,0.000709493,0.000709493,0.000709493,940,1,940,940,940,10,1,10,10,10
34,60,0.000828157,1,0.000828157,0.000828157,0.000828157,995,1,995,995,995,10,1,10,10,10
34,60,0.000957237,1,0.000957237,0.000957237,0.000957237,1058,1,1058,1058,1058,11,1,11,11,11
34,60,0.00068851,1,0.00068851,0.00068851,0.00068851,906,1,906,906,906,10,1,10,10,10
34,60,0.000808791,1,0.000808791,0.000808791,0.000808791,959,1,959,959,959,10,1,10,10,10
34,60,0.00111314,1,0.00111314,0.00111314,0.00111314,1211,1,1211,1211,1211,12,1,12,12,12
34,60,0.00102098,1,0.00102098,0.00102098,0.00102098,999,1,999,999,999,11,1,11,11,11
34,60,0.000730874,1,0.000730874,0.000730874,0.000730874,989,1,989,989,989,10,1,10,10,10
34,60,0.00081797,1,0.00081797,0.00081797,0.00081797,1013,1,1013,1013,1013,11,1,11,11,11
34,60,0.000824923,1,0.000824923,0.000824923,0.000824923,1022,1,1022,1022,1022,11,1,11,11,11
34,60,0.000708892,1,0.000708892,0.000708892,0.000708892,950,1,950,950,950,10,1,10,10,10
34,60,0.000678106,1,0.000678106,0.000678106,0.000678106,1008,1,1008,1008,1008,10,1,10,10,10
34,60,0.000725234,1,0.000725234,0.000725234,0.000725234,908,1,908,908,908,10,1,10,10,10
34,60,0.000989269,1,0.000989269,0.000989269,0.000989269,1094,1,1094,1094,1094,11,1,11,11,11
34,60,0.000738927,1,0.000738927,0.000738927,0.000738927,982,1,982,982,982,10,1,10,10,10
34,60,0.00101252,1,0.00101252,0.00101252,0.00101252,1082,1,1082,1082,1082,11,1,11,11,11
34,60,0.000883407,1,0.000883407,0.000883407,0.000883407,1010,1,1010,1010,1010,11,1,11,11,11
34,60,0.00072993,1,0.00072993,0.00072993,0.00072993,956,1,956,956,956,10,1,10,10,10
34,60,0.000918133,1,0.000918133,0.000918133,0.000918133,1070,1,1070,1070,1070,11,1,11,11,11
34,60,0.000773702,1,0.000773702,0.000773702,0.000773702,1022,1,1022,1022,1022,11,1,11,11,11
34,60,0.000838584,1,0.000838584,0.000838584,0.000838584,1010,1,1010,1010,1010,11,1,11,11,11
34,60,0.000980867,1,0.000980867,0.000980867,0.000980867,1028,1,1028,1028,1028,11,1,11,11,11
34,60,0.00108864,1,0.00108864,0.00108864,0.00108864,1114,1,1114,1114,1114,11,1,11,11,11
34,60,0.000685158,1,0.000685158,0.000685158,0.000685158,913,1,913,913,913,10,1,10,10,10
34,60,0.00120881,1,0.00120881,0.00120881,0.00120881,1111,1,1111,1111,1111,12,1,12,12,12
34,60,0.000720461,1,0.000720461,0.000720461,0.000720461,940,1,940,940,940,10,1,10,10,10
34,60,0.000800405,1,0.000800405,0.000800405,0.000800405,990,1,990,990,990,10,1,10,10,10
34,60,0.000624126,1,0.000624126,0.000624126,0.000624126,956,1,956,956,956,10,1,10,10,10
34,60,0.000698881,1,0.000698881,0.000698881,0.000698881,1000,1,1000,1000,1000,11,1,11,11,11
34,60,0.000647478,1,0.000647478,0.000647478,0.000647478,906,1,906,906,906,10,1,10,10,10
34,60,0.000763076,1,0.000763076,0.000763076,0.000763076,936,1,936,936,936,10,1,10,10,10
34,60,0.000731133,1,0.000731133,0.000731133,0.000731133,1005,1,1005,1005,1005,11,1,11,11,11
34,60,0.00103672,1,0.00103672,0.00103672,0.00103672,1089,1,1089,1089,1089,12,1,12,12,12
34,60,0.00062712,1,0.00062712,0.00062712,0.00062712,924,1,924,924,924,10,1,10,10,10
34,60,0.000589247,1,0.000589247,0.000589247,0.000589247,900,1,900,900,900,10,1,10,10,10
34,60,0.00096879,1,0.00096879,0.00096879,0.00096879,1031,1,1031,1031,1031,11,1,11,11,11
34,60,0.000688993,1,0.000688993,0.000688993,0.000688993,966,1,966,966,966,10,1,10,10,10
34,60,0.000895443,1,0.000895443,0.000895443,0.000895443,1009,1,1009,1009,1009,11,1,11,11,11
34,60,0.000920174,1,0.000920174,0.000920174,0.000920174,1010,1,1010,1010,1010,11,1,11,11,11
34,60,0.000834787,1,0.000834787,0.000834787,0.000834787,1049,1,1049,1049,1049,11,1,11,11,11
34,60,0.00091222,1,0.00091222,0.00091222,0.00091222,1023,1,1023,1023,1023,11,1,11,11,11
34,60,0.00076624,1,0.00076624,0.00076624,0.00076624,936,1,936,936,936,10,1,10,10,10
34,60,0.00074219,1,0.00074219,0.00074219,0.00074219,956,1,956,956,956,10,1,10,10,10
34,60,0.000782068,1,0.000782068,0.000782068,0.000782068,1037,1,1037,1037,1037,11,1,11,11,11
34,60,0.000855616,1,0.000855616,0.000855616,0.000855616,1019,1,1019,1019,1019,11,1,11,11,11
34,60,0.000961904,1,0.000961904,0.000961904,0.000961904,1070,1,1070,1070,1070,11,1,11,11,11
34,60,0.000928874,1,0.000928874,0.000928874,0.000928874,1030,1,1030,1030,1030,11,1,11,11,11
34,60,0.000931583,1,0.000931583,0.000931583,0.000931583,1018,1,1018,1018,1018,11,1,11,11,11
34,60,0.000678381,1,0.000678381,0.000678381,0.000678381,1061,1,1061,1061,1061,11,1,11,11,11
34,60,0.000949705,1,0.000949705,0.000949705,0.000949705,1055,1,1055,1055,1055,12,1,12,12,12
34,60,0.000813486,1,0.000813486,0.000813486,0.000813486,1066,1,1066,1066,1066,11,1,11,11,11
34,60,0.000766783,1,0.000766783,0.000766783,0.000766783,1013,1,1013,1013,1013,10,1,10,10,10
34,60,0.00127354,1,0.00127354,0.00127354,0.00127354,1164,1,1164,1164,1164,12,1,12,12,12
34,60,0.00115973,1,0.00115973,0.00115973,0.00115973,1153,1,1153,1153,1153,12,1,12,12,12
34,60,0.00100604,1,0.00100604,0.00100604,0.00100604,1018,1,1018,1018,1018,11,1,11,11,11
34,60,0.000844838,1,0.000844838,0.000844838,0.000844838,1043,1,1043,1043,1043,11,1,11,11,11
34,60,0.000903615,1,0.000903615,0.000903615,0.000903615,1027,1,1027,1027,1027,11,1,11,11,11
34,60,0.00126437,1,0.00126437,0.00126437,0.00126437,1100,1,1100,1100,1100,12,1,12,12,12
34,60,0.000750645,1,0.000750645,0.000750645,0.000750645,1041,1,1041,1041,1041,11,1,11,11,11
34,60,0.000623797,1,0.000623797,0.000623797,0.000623797,911,1,911,911,911,9,1,9,9,9
34,60,0.00103187,1,0.00103187,0.00103187,0.00103187,1115,1,1115,1115,1115,12,1,12,12,12
34,60,0.000809079,1,0.000809079,0.000809079,0.000809079,1028,1,1028,1028,1028,11,1,11,11,11
34,60,0.000808691,1,0.000808691,0.000808691,0.000808691,972,1,972,972,972,11,1,11,11,11
34,60,0.000657702,1,0.000657702,0.000657702,0.000657702,938,1,938,938,938,10,1,10,10,10
34,60,0.000565136,1,0.000565136,0.000565136,0.000565136,908,1,908,908,908,9,1,9,9,9
34,60,0.000789897,1,0.000789897,0.000789897,0.000789897,990,1,990,990,990,11,1,11,11,11
34,60,0.000732074,1,0.000732074,0.000732074,0.000732074,939,1,939,939,939,10,1,10,10,10
34,60,0.000764063,1,0.000764063,0.000764063,0.000764063,1023,1,1023,1023,1023,11,1,11,11,11
34,60,0.000784369,1,0.000784369,0.000784369,0.000784369,1018,1,1018,1018,1018,11,1,11,11,11
34,60,0.000736392,1,0.000736392,0.000736392,0.000736392,1051,1,1051,1051,1051,10,1,10,10,10
34,60,0.000815925,1,0.000815925,0.000815925,0.000815925,971,1,971,971,971,10,1,10,10,10
34,60,0.000886964,1,0.000886964,0.000886964,0.000886964,1020,1,1020,1020,1020,11,1,11,11,11
34,60,0.000680433,1,0.000680433,0.000680433,0.000680433,959,1,959,959,959,10,1,10,10,10
34,60,0.000844814,1,0.000844814,0.000844814,0.000844814,1011,1,1011,1011,1011,11,1,11,11,11
34,60,0.000651355,1,0.000651355,0.000651355,0.000651355,948,1,948,948,948,10,1,10,10,10
34,60,0.000704633,1,0.000704633,0.000704633,0.000704633,1000,1,1000,1000,1000,10,1,10,10,10
34,60,0.00119632,1,0.00119632,0.00119632,0.00119632,1075,1,1075,1075,1075,12,1,12,12,12
34,60,0.000668768,1,0.000668768,0.000668768,0.000668768,963,1,963,963,963,10,1,10,10,10
34,60,0.000672025,1,0.000672025,0.000672025,0.000672025,953,1,953,953,953,10,1,10,10,10
34,60,0.000773884,1,0.000773884,0.000773884,0.000773884,975,1,975,975,975,10,1,10,10,10
34,60,0.00107383,1,0.00107383,0.00107383,0.00107383,1092,1,1092,1092,1092,12,1,12,12,12
34,60,0.000776415,1,0.000776415,0.000776415,0.000776415,937,1,937,937,937,10,1,10,10,10
34,60,0.000864957,1,0.000864957,0.000864957,0.000864957,988,1,988,988,988,11,1,11,11,11
34,60,0.000907211,1,0.000907211,0.000907211,0.000907211,1038,1,1038,1038,1038,11,1,11,11,11
34,60,0.000912145,1,0.000912145,0.000912145,0.000912145,1060,1,1060,1060,1060,11,1,11,11,11
34,60,0.000811238,1,0.000811238,0.000811238,0.000811238,1011,1,1011,1011,1011,11,1,11,11,11
34,60,0.000866356,1,0.000866356,0.000866356,0.000866356,1056,1,1056,1056,1056,10,1,10,10,10
34,60,0.0010048,1,0.0010048,0.0010048,0.0010048,1012,1,1012,1012,1012,11,1,11,11,11
34,60,0.000959006,1,0.000959006,0.000959006,0.000959006,1008,1,1008,1008,1008,11,1,11,11,11
34,60,0.00073415,1,0.00073415,0.00073415,0.00073415,1052,1,1052,1052,1052,11,1,11,11,11
34,60,0.000894373,1,0.000894373,0.000894373,0.000894373,1043,1,1043,1043,1043,11,1,11,11,11
34,60,0.000772164,1,0.000772164,0.000772164,0.000772164,1013,1,1013,1013,1013,10,1,10,10,10
34,60,0.000829972,1,0.000829972,0.000829972,0.000829972,990,1,990,990,990,11,1,11,11,11
34,60,0.000888619,1,0.000888619,0.000888619,0.000888619,1011,1,1011,1011,1011,11,1,11,11,11
34,60,0.000596272,1,0.000596272,0.000596272,0.000596272,943,1,943,943,943,10,1,10,10,10
34,60,0.000891106,1,0.000891106,0.000891106,0.000891106,1025,1,1025,1025,1025,11,1,11,11,11
34,60,0.00129717,1,0.00129717,0.00129717,0.00129717,1082,1,1082,1082,1082,12,1,12,12,12
34,60,0.000791045,1,0.000791045,0.000791045,0.000791045,979,1,979,979,979,10,1,10,10,10
34,60,0.000778587,1,0.000778587,0.000778587,0.000778587,941,1,941,941,941,10,1,10,10,10
34,60,0.00108119,1,0.00108119,0.00108119,0.00108119,1041,1,1041,1041,1041,12,1,12,12,12
34,60,0.000776106,1,0.000776106,0.000776106,0.000776106,965,1,965,965,965,10,1,10,10,10
34,60,0.000632877,1,0.000632877,0.000632877,0.000632877,965,1,965,965,965,10,1,10,10,10
34,60,0.000818667,1,0.000818667,0.000818667,0.000818667,969,1,969,969,969,10,1,10,10,10
34,60,0.000572691,1,0.000572691,0.000572691,0.000572691,884,1,884,884,884,9,1,9,9,9
34,60,0.00100406,1,0.00100406,0.00100406,0.00100406,1072,1,1072,1072,1072,11,1,11,11,11
34,60,0.000617729,1,0.000617729,0.000617729,0.000617729,955,1,955,955,955,10,1,10,10,10
34,60,0.0010683,1,0.0010683,0.0010683,0.0010683,1096,1,1096,1096,1096,12,1,12,12,12
34,60,0.000821968,1,0.000821968,0.000821968,0.000821968,960,1,960,960,960,10,1,10,10,10
34,60,0.000747422,1,0.000747422,0.000747422,0.000747422,1053,1,1053,1053,1053,11,1,11,11,11
34,60,0.000734094,1,0.000734094,0.000734094,0.000734094,965,1,965,965,965,10,1,10,10,10
34,60,0.0010029,1,0.0010029,0.0010029,0.0010029,1053,1,1053,1053,1053,11,1,11,11,11
34,60,0.000868907,1,0.000868907,0.000868907,0.000868907,1022,1,1022,1022,1022,11,1,11,11,11
34,60,0.000875978,1,0.000875978,0.000875978,0.000875978,1034,1,1034,1034,1034,11,1,11,11,11
34,60,0.000908183,1,0.000908183,0.000908183,0.000908183,1013,1,1013,1013,1013,11,1,11,11,11
34,60,0.000729495,1,0.000729495,0.000729495,0.000729495,952,1,952,952,952,10,1,10,10,10
34,60,0.000844775,1,0.000844775,0.000844775,0.000844775,1001,1,1001,1001,1001,11,1,11,11,11
34,60,0.00093982,1,0.00093982,0.00093982,0.00093982,1012,1,1012,1012,1012,11,1,11,11,11
34,60,0.000798273,1,0.000798273,0.000798273,0.000798273,1004,1,1004,1004,1004,11,1,11,11,11
34,60,0.000804081,1,0.000804081,0.000804081,0.000804081,977,1,977,977,977,10,1,10,10,10
34,60,0.00102822,1,0.00102822,0.00102822,0.00102822,1031,1,1031,1031,1031,11,1,11,11,11
34,60,0.000947076,1,0.000947076,0.000947076,0.000947076,1017,1,1017,1017,1017,11,1,11,11,11
34,60,0.00115085,1,0.00115085,0.00115085,0.00115085,1086,1,1086,1086,1086,12,1,12,12,12
34,60,0.000774494,1,0.000774494,0.000774494,0.000774494,1046,1,1046,1046,1046,11,1,11,11,11
34,60,0.000937313,1,0.000937313,0.000937313,0.000937313,996,1,996,996,996,11,1,11,11,11
34,60,0.000922874,1,0.000922874,0.000922874,0.000922874,1032,1,1032,1032,1032,11,1,11,11,11
34,60,0.00101607,1,0.00101607,0.00101607,0.00101607,1094,1,1094,1094,1094,12,1,12,12,12
34,60,0.000759053,1,0.000759053,0.000759053,0.000759053,999,1,999,999,999,11,1,11,11,11
34,60,0.000808309,1,0.000808309,0.000808309,0.000808309,1010,1,1010,1010,1010,11,1,11,11,11
34,60,0.000615827,1,0.000615827,0.000615827,0.000615827,911,1,911,911,911,10,1,10,10,10
34,60,0.000513764,1,0.000513764,0.000513764,0.000513764,893,1,893,893,893,9,1,9,9,9
34,60,0.000598423,1,0.000598423,0.000598423,0.000598423,956,1,956,956,956,10,1,10,10,10
34,60,0.000842295,1,0.000842295,0.000842295,0.000842295,1012,1,1012,1012,1012,11,1,11,11,11
34,60,0.00114355,1,0.00114355,0.00114355,0.00114355,1064,1,1064,1064,1064,11,1,11,11,11
34,60,0.000996281,1,0.000996281,0.000996281,0.000996281,994,1,994,994,994,11,1,11,11,11
34,60,0.00121898,1,0.00121898,0.00121898,0.00121898,1171,1,1171,1171,1171,13,1,13,13,13
34,60,0.00081546,1,0.00081546,0.00081546,0.00081546,972,1,972,972,972,10,1,10,10,10
34,60,0.000940939,1,0.000940939,0.000940939,0.000940939,1043,1,1043,1043,1043,11,1,11,11,11
34,60,0.000639545,1,0.000639545,0.000639545,0.000639545,917,1,917,917,917,10,1,10,10,10
34,60,0.000698087,1,0.000698087,0.000698087,0.000698087,1008,1,1008,1008,1008,10,1,10,10,10
34,60,0.00091747,1,0.00091747,0.00091747,0.00091747,1020,1,1020,1020,1020,10,1,10,10,10
34,60,0.00065372,1,0.00065372,0.00065372,0.00065372,933,1,933,933,933,10,1,10,10,10
34,60,0.000770251,1,0.000770251,0.000770251,0.000770251,950,1,950,950,950,10,1,10,10,10
34,60,0.000708784,1,0.000708784,0.000708784,0.000708784,946,1,946,946,946,10,1,10,10,10
34,60,0.000801849,1,0.000801849,0.000801849,0.000801849,1006,1,1006,1006,1006,10,1,10,10,10
34,60,0.000821268,1,0.000821268,0.000821268,0.000821268,1014,1,1014,1014,1014,11,1,11,11,11
34,60,0.000691042,1,0.000691042,0.000691042,0.000691042,947,1,947,947,947,10,1,10,10,10
34,60,0.000714287,1,0.000714287,0.000714287,0.000714287,944,1,944,944,944,10,1,10,10,10
34,60,0.000658134,1,0.000658134,0.000658134,0.000658134,935,1,935,935,935,10,1,10,10,10
34,60,0.000927991,1,0.000927991,0.000927991,0.000927991,1076,1,1076,1076,1076,11,1,11,11,11
34,60,0.000928894,1,0.000928894,0.000928894,0.000928894,1094,1,1094,1094,1094,12,1,12,12,12
34,60,0.000736656,1,0.000736656,0.000736656,0.000736656,988,1,988,988,988,10,1,10,10,10
34,60,0.000720509,1,0.000720509,0.000720509,0.000720509,952,1,952,952,952,10,1,10,10,10
34,60,0.000935128,1,0.000935128,0.000935128,0.000935128,1039,1,1039,1039,1039,11,1,11,11,11
34,60,0.000584145,1,0.000584145,0.000584145,0.000584145,941,1,941,941,941,10,1,10,10,10
34,60,0.000831037,1,0.000831037,0.000831037,0.000831037,953,1,953,953,953,10,1,10,10,10
34,60,0.00076137,1,0.00076137,0.00076137,0.00076137,952,1,952,952,952,10,1,10,10,10
34,60,0.000688858,1,0.000688858,0.000688858,0.000688858,978,1,978,978,978,10,1,10,10,10
34,60,0.000704748,1,0.000704748,0.000704748,0.000704748,950,1,950,950,950,10,1,10,10,10
34,60,0.000762775,1,0.000762775,0.000762775,0.000762775,912,1,912,912,912,10,1,10,10,10
34,60,0.000923318,1,0.000923318,0.000923318,0.000923318,1030,1,1030,1030,1030,11,1,11,11,11
34,60,0.000719533,1,0.000719533,0.000719533,0.000719533,929,1,929,929,929,10,1,10,10,10
34,60,0.000861434,1,0.000861434,0.000861434,0.000861434,1049,1,1049,1049,1049,11,1,11,11,11
34,60,0.000931276,1,0.000931276,0.000931276,0.000931276,1010,1,1010,1010,1010,11,1,11,11,11
34,60,0.000539965,1,0.000539965,0.000539965,0.000539965,873,1,873,873,873,9,1,9,9,9
34,60,0.000828227,1,0.000828227,0.000828227,0.000828227,1015,1,1015,1015,1015,11,1,11,11,11
34,60,0.00122038,1,0.00122038,0.00122038,0.00122038,1134,1,1134,1134,1134,11,1,11,11,11
34,60,0.0009334,1,0.0009334,0.0009334,0.0009334,1024,1,1024,1024,1024,11,1,11,11,11
34,60,0.000877176,1,0.000877176,0.000877176,0.000877176,993,1,993,993,993,10,1,10,10,10
34,60,0.00100188,1,0.00100188,0.00100188,0.00100188,1100,1,1100,1100,1100,11,1,11,11,11
34,60,0.000864973,1,0.000864973,0.000864973,0.000864973,999,1,999,999,999,11,1,11,11,11
34,60,0.000837403,1,0.000837403,0.000837403,0.000837403,998,1,998,998,998,10,1,10,10,10
34,60,0.00114527,1,0.00114527,0.00114527,0.00114527,1097,1,1097,1097,1097,12,1,12,12,12
34,60,0.000589935,1,0.000589935,0.000589935,0.000589935,935,1,935,935,935,10,1,10,10,10
34,60,0.000965396,1,0.000965396,0.000965396,0.000965396,1020,1,1020,1020,1020,11,1,11,11,11
34,60,0.000806393,1,0.000806393,0.000806393,0.000806393,989,1,989,989,989,11,1,11,11,11
34,60,0.00137279,1,0.00137279,0.00137279,0.00137279,1171,1,1171,1171,1171,11,1,11,11,11
34,60,0.00096507,1,0.00096507,0.00096507,0.00096507,1036,1,1036,1036,1036,11,1,11,11,11
34,60,0.000626817,1,0.000626817,0.000626817,0.000626817,929,1,929,929,929,10,1,10,10,10
34,60,0.000584064,1,0.000584064,0.000584064,0.000584064,908,1,908,908,908,10,1,10,10,10
34,60,0.000844981,1,0.000844981,0.000844981,0.000844981,997,1,997,997,997,11,1,11,11,11
34,60,0.00080695,1,0.00080695,0.00080695,0.00080695,982,1,982,982,982,11,1,11,11,11
34,60,0.000893119,1,0.000893119,0.000893119,0.000893119,1021,1,1021,1021,1021,11,1,11,11,11
34,60,0.000735235,1,0.000735235,0.000735235,0.000735235,984,1,984,984,984,10,1,10,10,10
34,60,0.000723143,1,0.000723143,0.000723143,0.000723143,926,1,926,926,926,10,1,10,10,10
34,60,0.000533862,1,0.000533862,0.000533862,0.000533862,885,1,885,885,885,9,1,9,9,9
34,60,0.000760093,1,0.000760093,0.000760093,0.000760093,951,1,951,951,951,10,1,10,10,10
34,60,0.000739529,1,0.000739529,0.000739529,0.000739529,966,1,966,966,966,10,1,10,10,10
34,60,0.000744769,1,0.000744769,0.000744769,0.000744769,927,1,927,927,927,10,1,10,10,10
34,60,0.000839318,1,0.000839318,0.000839318,0.000839318,969,1,969,969,969,10,1,10,10,10
34,60,0.000896668,1,0.000896668,0.000896668,0.000896668,1064,1,1064,1064,1064,11,1,11,11,11
34,60,0.000636792,1,0.000636792,0.000636792,0.000636792,954,1,954,954,954,10,1,10,10,10
34,60,0.000825914,1,0.000825914,0.000825914,0.000825914,1004,1,1004,1004,1004,10,1,10,10,10
34,60,0.000947541,1,0.000947541,0.000947541,0.000947541,1087,1,1087,1087,1087,11,1,11,11,11
34,60,0.000748579,1,0.000748579,0.000748579,0.000748579,994,1,994,994,994,10,1,10,10,10
34,60,0.000759165,1,0.000759165,0.000759165,0.000759165,977,1,977,977,977,10,1,10,10,10
34,60,0.00105703,1,0.00105703,0.00105703,0.00105703,1105,1,1105,1105,1105,12,1,12,12,12
34,60,0.000820107,1,0.000820107,0.000820107,0.000820107,1031,1,1031,1031,1031,11,1,11,11,11
34,60,0.000877909,1,0.000877909,0.000877909,0.000877909,1010,1,1010,1010,1010,11,1,11,11,11
34,60,0.000783906,1,0.000783906,0.000783906,0.000783906,1024,1,1024,1024,1024,11,1,11,11,11
34,60,0.00107442,1,0.00107442,0.00107442,0.00107442,1003,1,1003,1003,1003,11,1,11,11,11
34,60,0.000803827,1,0.000803827,0.000803827,0.000803827,1017,1,1017,1017,1017,11,1,11,11,11
34,60,0.000822504,1,0.000822504,0.000822504,0.000822504,981,1,981,981,981,10,1,10,10,10
34,60,0.000540963,1,0.000540963,0.000540963,0.000540963,905,1,905,905,905,9,1,9,9,9
34,60,0.000835984,1,0.000835984,0.000835984,0.000835984,986,1,986,986,986,11,1,11,11,11
34,60,0.000793461,1,0.000793461,0.000793461,0.000793461,980,1,980,980,980,10,1,10,10,10
34,60,0.000649106,1,0.000649106,0.000649106,0.000649106,942,1,942,942,942,10,1,10,10,10
34,60,0.000730572,1,0.000730572,0.000730572,0.000730572,1008,1,1008,1008,1008,11,1,11,11,11
34,60,0.000607156,1,0.000607156,0.000607156,0.000607156,944,1,944,944,944,10,1,10,10,10
34,60,0.000818396,1,0.000818396,0.000818396,0.000818396,1003,1,1003,1003,1003,11,1,11,11,11
34,60,0.000748382,1,0.000748382,0.000748382,0.000748382,967,1,967,967,967,11,1,11,11,11
34,60,0.00150545,1,0.00150545,0.00150545,0.00150545,1179,1,1179,1179,1179,13,1,13,13,13
34,60,0.000630703,1,0.000630703,0.000630703,0.000630703,930,1,930,930,930,10,1,10,10,10
34,60,0.000923552,1,0.000923552,0.000923552,0.000923552,1029,1,1029,1029,1029,11,1,11,11,11
34,60,0.000711428,1,0.000711428,0.000711428,0.000711428,952,1,952,952,952,10,1,10,10,10
34,60,0.000774658,1,0.000774658,0.000774658,0.000774658,955,1,955,955,955,10,1,10,10,10
34,60,0.000876793,1,0.000876793,0.000876793,0.000876793,1011,1,1011,1011,1011,11,1,11,11,11
34,60,0.000733433,1,0.000733433,0.000733433,0.000733433,985,1,985,985,985,10,1,10,10,10
34,60,0.000689009,1,0.000689009,0.000689009,0.000689009,921,1,921,921,921,10,1,10,10,10
34,60,0.000680232,1,0.000680232,0.000680232,0.000680232,956,1,956,956,956,10,1,10,10,10
34,60,0.000508477,1,0.000508477,0.000508477,0.000508477,958,1,958,958,958,10,1,10,10,10
34,60,0.00102101,1,0.00102101,0.00102101,0.00102101,1045,1,1045,1045,1045,11,1,11,11,11
34,60,0.000792099,1,0.000792099,0.000792099,0.000792099,1029,1,1029,1029,1029,11,1,11,11,11
34,60,0.000648973,1,0.000648973,0.000648973,0.000648973,995,1,995,995,995,10,1,10,10,10
34,60,0.000631306,1,0.000631306,0.000631306,0.000631306,955,1,955,955,955,9,1,9,9,9
34,60,0.00105716,1,0.00105716,0.00105716,0.00105716,1067,1,1067,1067,1067,12,1,12,12,12
34,60,0.000901158,1,0.000901158,0.000901158,0.000901158,1043,1,1043,1043,1043,11,1,11,11,11
34,60,0.00106377,1,0.00106377,0.00106377,0.00106377,1061,1,1061,1061,1061,11,1,11,11,11
34,60,0.000813121,1,0.000813121,0.000813121,0.000813121,984,1,984,984,984,10,1,10,10,10
34,60,0.000974343,1,0.000974343,0.000974343,0.000974343,1042,1,1042,1042,1042,11,1,11,11,11
34,60,0.000913748,1,0.000913748,0.000913748,0.000913748,1073,1,1073,1073,1073,11,1,11,11,11
34,60,0.000912158,1,0.000912158,0.000912158,0.000912158,1036,1,1036,1036,1036,11,1,11,11,11
34,60,0.00113193,1,0.00113193,0.00113193,0.00113193,1099,1,1099,1099,1099,12,1,12,12,12
34,60,0.000774226,1,0.000774226,0.000774226,0.000774226,941,1,941,941,941,10,1,10,10,10
34,60,0.00104161,1,0.00104161,0.00104161,0.00104161,1047,1,1047,1047,1047,11,1,11,11,11
34,60,0.000865108,1,0.000865108,0.000865108,0.000865108,963,1,963,963,963,10,1,10,10,10
34,60,0.000503484,1,0.000503484,0.000503484,0.000503484,893,1,893,893,893,9,1,9,9,9
34,60,0.000812184,1,0.000812184,0.000812184,0.000812184,978,1,978,978,978,10,1,10,10,10
34,60,0.00117366,1,0.00117366,0.00117366,0.00117366,1104,1,1104,1104,1104,12,1,12,12,12
34,60,0.000793541,1,0.000793541,0.000793541,0.000793541,946,1,946,946,946,10,1,10,10,10
34,60,0.000848868,1,0.000848868,0.000848868,0.000848868,1042,1,1042,1042,1042,11,1,11,11,11
34,60,0.000884667,1,0.000884667,0.000884667,0.000884667,1030,1,1030,1030,1030,11,1,11,11,11
34,60,0.000683837,1,0.000683837,0.000683837,0.000683837,934,1,934,934,934,10,1,10,10,10
34,60,0.00049635,1,0.00049635,0.00049635,0.00049635,893,1,893,893,893,9,1,9,9,9
34,60,0.00122465,1,0.00122465,0.00122465,0.00122465,1117,1,1117,1117,1117,12,1,12,12,12
34,60,0.000835394,1,0.000835394,0.000835394,0.000835394,1005,1,1005,1005,1005,11,1,11,11,11
34,60,0.000706091,1,0.000706091,0.000706091,0.000706091,953,1,953,953,953,10,1,10,10,10
34,60,0.000673393,1,0.000673393,0.000673393,0.000673393,904,1,904,904,904,10,1,10,10,10
34,60,0.000731146,1,0.000731146,0.000731146,0.000731146,951,1,951,951,951,10,1,10,10,10
34,60,0.000891028,1,0.000891028,0.000891028,0.000891028,1004,1,1004,1004,1004,11,1,11,11,11
34,60,0.00088139,1,0.00088139,0.00088139,0.00088139,1014,1,1014,1014,1014,11,1,11,11,11
34,60,0.00077749,1,0.00077749,0.00077749,0.00077749,978,1,978,978,978,10,1,10,10,10
34,60,0.000810348,1,0.000810348,0.000810348,0.000810348,1056,1,1056,1056,1056,11,1,11,11,11
34,60,0.000930127,1,0.000930127,0.000930127,0.000930127,1068,1,1068,1068,1068,11,1,11,11,11
34,60,0.000844466,1,0.000844466,0.000844466,0.000844466,1010,1,1010,1010,1010,11,1,11,11,11
34,60,0.000853271,1,0.000853271,0.000853271,0.000853271,995,1,995,995,995,11,1,11,11,11
34,60,0.000794121,1,0.000794121,0.000794121,0.000794121,1007,1,1007,1007,1007,10,1,10,10,10
34,60,0.000665058,1,0.000665058,0.000665058,0.000665058,923,1,923,923,923,10,1,10,10,10
34,60,0.000667553,1,0.000667553,0.000667553,0.000667553,1002,1,1002,1002,1002,10,1,10,10,10
34,60,0.0010389,1,0.0010389,0.0010389,0.0010389,1121,1,1121,1121,1121,11,1,11,11,11
34,60,0.000879077,1,0.000879077,0.000879077,0.000879077,1000,1,1000,1000,1000,11,1,11,11,11
34,60,0.000772121,1,0.000772121,0.000772121,0.000772121,985,1,985,985,985,11,1,11,11,11
34,60,0.000829711,1,0.000829711,0.000829711,0.000829711,1098,1,1098,1098,1098,11,1,11,11,11
34,60,0.000731543,1,0.000731543,0.000731543,0.000731543,1008,1,1008,1008,1008,11,1,11,11,11
34,60,0.000950458,1,0.000950458,0.000950458,0.000950458,1030,1,1030,1030,1030,11,1,11,11,11
34,60,0.000973485,1,0.000973485,0.000973485,0.000973485,1022,1,1022,1022,1022,11,1,11,11,11
34,60,0.00063953,1,0.00063953,0.00063953,0.00063953,981,1,981,981,981,10,1,10,10,10
34,60,0.000659389,1,0.000659389,0.000659389,0.000659389,939,1,939,939,939,10,1,10,10,10
34,60,0.00144816,1,0.00144816,0.00144816,0.00144816,1197,1,1197,1197,1197,13,1,13,13,13
34,60,0.00110644,1,0.00110644,0.00110644,0.00110644,1132,1,1132,1132,1132,12,1,12,12,12
34,60,0.000851316,1,0.000851316,0.000851316,0.000851316,1003,1,1003,1003,1003,11,1,11,11,11
34,60,0.000855109,1,0.000855109,0.000855109,0.000855109,1043,1,1043,1043,1043,11,1,11,11,11
34,60,0.000910625,1,0.000910625,0.000910625,0.000910625,974,1,974,974,974,11,1,11,11,11
34,60,0.000766519,1,0.000766519,0.000766519,0.000766519,998,1,998,998,998,11,1,11,11,11
34,60,0.000858304,1,0.000858304,0.000858304,0.000858304,1022,1,1022,1022,1022,11,1,11,11,11
34,60,0.00102775,1,0.00102775,0.00102775,0.00102775,1090,1,1090,1090,1090,12,1,12,12,12
34,60,0.00100783,1,0.00100783,0.00100783,0.00100783,1031,1,1031,1031,1031,11,1,11,11,11
34,60,0.00058082,1,0.00058082,0.00058082,0.00058082,972,1,972,972,972,9,1,9,9,9
34,60,0.000864629,1,0.000864629,0.000864629,0.000864629,1034,1,1034,1034,1034,11,1,11,11,11
34,60,0.00115131,1,0.00115131,0.00115131,0.00115131,1107,1,1107,1107,1107,12,1,12,12,12
34,60,0.000804537,1,0.000804537,0.000804537,0.000804537,978,1,978,978,978,11,1,11,11,11
34,60,0.000722931,1,0.000722931,0.000722931,0.000722931,1044,1,1044,1044,1044,11,1,11,11,11
34,60,0.000882741,1,0.000882741,0.000882741,0.000882741,1034,1,1034,1034,1034,11,1,11,11,11
34,60,0.000781983,1,0.000781983,0.000781983,0.000781983,949,1,949,949,949,10,1,10,10,10
34,60,0.000739714,1,0.000739714,0.000739714,0.000739714,937,1,937,937,937,10,1,10,10,10
34,60,0.000865022,1,0.000865022,0.000865022,0.000865022,1003,1,1003,1003,1003,10,1,10,10,10
34,60,0.000967064,1,0.000967064,0.000967064,0.000967064,1016,1,1016,1016,1016,11,1,11,11,11
34,60,0.000833289,1,0.000833289,0.000833289,0.000833289,952,1,952,952,952,11,1,11,11,11
34,60,0.000653465,1,0.000653465,0.000653465,0.000653465,906,1,906,906,906,10,1,10,10,10
34,60,0.000599662,1,0.000599662,0.000599662,0.000599662,958,1,958,958,958,10,1,10,10,10
34,60,0.000702833,1,0.000702833,0.000702833,0.000702833,932,1,932,932,932,10,1,10,10,10
34,60,0.000970865,1,0.000970865,0.000970865,0.000970865,1022,1,1022,1022,1022,11,1,11,11,11
34,60,0.000935024,1,0.000935024,0.000935024,0.000935024,992,1,992,992,992,11,1,11,11,11
34,60,0.000857199,1,0.000857199,0.000857199,0.000857199,1051,1,1051,1051,1051,11,1,11,11,11
34,60,0.00108353,1,0.00108353,0.00108353,0.00108353,1144,1,1144,1144,1144,12,1,12,12,12
34,60,0.00108632,1,0.00108632,0.00108632,0.00108632,1103,1,1103,1103,1103,12,1,12,12,12
34,60,0.000621686,1,0.000621686,0.000621686,0.000621686,906,1,906,906,906,10,1,10,10,10
34,60,0.000629036,1,0.000629036,0.000629036,0.000629036,960,1,960,960,960,10,1,10,10,10
34,60,0.000898831,1,0.000898831,0.000898831,0.000898831,1008,1,1008,1008,1008,11,1,11,11,11
34,60,0.000779998,1,0.000779998,0.000779998,0.000779998,1063,1,1063,1063,1063,11,1,11,11,11
34,60,0.000716116,1,0.000716116,0.000716116,0.000716116,941,1,941,941,941,10,1,10,10,10
34,60,0.000765577,1,0.000765577,0.000765577,0.000765577,1028,1,1028,1028,1028,11,1,11,11,11
34,60,0.000684991,1,0.000684991,0.000684991,0.000684991,942,1,942,942,942,10,1,10,10,10
34,60,0.000829532,1,0.000829532,0.000829532,0.000829532,1018,1,1018,1018,1018,11,1,11,11,11
34,60,0.00130847,1,0.00130847,0.00130847,0.00130847,1108,1,1108,1108,1108,12,1,12,12,12
34,60,0.000940998,1,0.000940998,0.000940998,0.000940998,1074,1,1074,1074,1074,11,1,11,11,11
34,60,0.000782969,1,0.000782969,0.000782969,0.000782969,993,1,993,993,993,11,1,11,11,11
34,60,0.000821208,1,0.000821208,0.000821208,0.000821208,1007,1,1007,1007,1007,11,1,11,11,11
34,60,0.000885736,1,0.000885736,0.000885736,0.000885736,1016,1,1016,1016,1016,11,1,11,11,11
34,60,0.000829098,1,0.000829098,0.000829098,0.000829098,1046,1,1046,1046,1046,11,1,11,11,11
34,60,0.000547754,1,0.000547754,0.000547754,0.000547754,874,1,874,874,874,9,1,9,9,9
34,60,0.00134408,1,0.00134408,0.00134408,0.00134408,1173,1,1173,1173,1173,13,1,13,13,13
34,60,0.0010562,1,0.0010562,0.0010562,0.0010562,1129,1,1129,1129,1129,12,1,12,12,12
34,60,0.000782359,1,0.000782359,0.000782359,0.000782359,1015,1,1015,1015,1015,11,1,11,11,11
34,60,0.000734214,1,0.000734214,0.000734214,0.000734214,1038,1,1038,1038,1038,10,1,10,10,10
34,60,0.00117618,1,0.00117618,0.00117618,0.00117618,1076,1,1076,1076,1076,11,1,11,11,11
34,60,0.000737331,1,0.000737331,0.000737331,0.000737331,926,1,926,926,926,10,1,10,10,10
34,60,0.000928684,1,0.000928684,0.000928684,0.000928684,1050,1,1050,1050,1050,11,1,11,11,11
34,60,0.0006583,1,0.0006583,0.0006583,0.0006583,968,1,968,968,968,10,1,10,10,10
34,60,0.000672814,1,0.000672814,0.000672814,0.000672814,975,1,975,975,975,10,1,10,10,10
34,60,0.000671298,1,0.000671298,0.000671298,0.000671298,915,1,915,915,915,10,1,10,10,10
34,60,0.00103755,1,0.00103755,0.00103755,0.00103755,1068,1,1068,1068,1068,12,1,12,12,12
34,60,0.000871041,1,0.000871041,0.000871041,0.000871041,1027,1,1027,1027,1027,10,1,10,10,10
34,60,0.000728897,1,0.000728897,0.000728897,0.000728897,934,1,934,934,934,10,1,10,10,10
34,60,0.00107121,1,0.00107121,0.00107121,0.00107121,1107,1,1107,1107,1107,12,1,12,12,12
34,60,0.000853852,1,0.000853852,0.000853852,0.000853852,998,1,998,998,998,11,1,11,11,11
34,60,0.00113564,1,0.00113564,0.00113564,0.00113564,1036,1,1036,1036,1036,11,1,11,11,11
34,60,0.000825086,1,0.000825086,0.000825086,0.000825086,1034,1,1034,1034,1034,11,1,11,11,11
34,60,0.000682798,1,0.000682798,0.000682798,0.000682798,953,1,953,953,953,10,1,10,10,10
34,60,0.000766518,1,0.000766518,0.000766518,0.000766518,1005,1,1005,1005,1005,10,1,10,10,10
34,60,0.000679009,1,0.000679009,0.000679009,0.000679009,929,1,929,929,929,10,1,10,10,10
34,60,0.000827268,1,0.000827268,0.000827268,0.000827268,1010,1,1010,1010,1010,11,1,11,11,11
34,60,0.000787492,1,0.000787492,0.000787492,0.000787492,1007,1,1007,1007,1007,10,1,10,10,10
34,60,0.000528646,1,0.000528646,0.000528646,0.000528646,954,1,954,954,954,10,1,10,10,10
34,60,0.000714558,1,0.000714558,0.000714558,0.000714558,970,1,970,970,970,10,1,10,10,10
34,60,0.000703755,1,0.000703755,0.000703755,0.000703755,985,1,985,985,985,10,1,10,10,10
34,60,0.000857244,1,0.000857244,0.000857244,0.000857244,1047,1,1047,1047,1047,11,1,11,11,11
34,60,0.000773114,1,0.000773114,0.000773114,0.000773114,972,1,972,972,972,10,1,10,10,10
34,60,0.000855166,1,0.000855166,0.000855166,0.000855166,1040,1,1040,1040,1040,11,1,11,11,11
34,60,0.000725104,1,0.000725104,0.000725104,0.000725104,945,1,945,945,945,10,1,10,10,10
34,60,0.000756295,1,0.000756295,0.000756295,0.000756295,962,1,962,962,962,10,1,10,10,10
34,60,0.000603113,1,0.000603113,0.000603113,0.000603113,961,1,961,961,961,10,1,10,10,10
34,60,0.000900064,1,0.000900064,0.000900064,0.000900064,1052,1,1052,1052,1052,11,1,11,11,11
34,60,0.000950646,1,0.000950646,0.000950646,0.000950646,1013,1,1013,1013,1013,11,1,11,11,11
34,60,0.00104243,1,0.00104243,0.00104243,0.00104243,1038,1,1038,1038,1038,11,1,11,11,11
34,60,0.000737339,1,0.000737339,0.000737339,0.000737339,967,1,967,967,967,10,1,10,10,10
34,60,0.000803042,1,0.000803042,0.000803042,0.000803042,1026,1,1026,1026,1026,10,1,10,10,10
34,60,0.00131158,1,0.00131158,0.00131158,0.00131158,1154,1,1154,1154,1154,12,1,12,12,12
34,60,0.000677902,1,0.000677902,0.000677902,0.000677902,939,1,939,939,939,10,1,10,10,10
34,60,0.000785065,1,0.000785065,0.000785065,0.000785065,1021,1,1021,1021,1021,11,1,11,11,11
34,60,0.0011371,1,0.0011371,0.0011371,0.0011371,1030,1,1030,1030,1030,11,1,11,11,11
34,60,0.000677393,1,0.000677393,0.000677393,0.000677393,960,1,960,960,960,10,1,10,10,10
34,60,0.00103676,1,0.00103676,0.00103676,0.00103676,1055,1,1055,1055,1055,12,1,12,12,12
34,60,0.000701033,1,0.000701033,0.000701033,0.000701033,934,1,934,934,934,10,1,10,10,10
34,60,0.000975582,1,0.000975582,0.000975582,0.000975582,1038,1,1038,1038,1038,11,1,11,11,11
34,60,0.000701973,1,0.000701973,0.000701973,0.000701973,915,1,915,915,915,10,1,10,10,10
34,60,0.000867241,1,0.000867241,0.000867241,0.000867241,1017,1,1017,1017,1017,11,1,11,11,11
34,60,0.000822621,1,0.000822621,0.000822621,0.000822621,1028,1,1028,1028,1028,11,1,11,11,11
34,60,0.00068321,1,0.00068321,0.00068321,0.00068321,984,1,984,984,984,10,1,10,10,10
34,60,0.00064552,1,0.00064552,0.00064552,0.00064552,937,1,937,937,937,10,1,10,10,10
34,60,0.00113149,1,0.00113149,0.00113149,0.00113149,1058,1,1058,1058,1058,12,1,12,12,12
34,60,0.000730107,1,0.000730107,0.000730107,0.000730107,983,1,983,983,983,11,1,11,11,11
34,60,0.000522095,1,0.000522095,0.000522095,0.000522095,963,1,963,963,963,9,1,9,9,9
34,60,0.00100888,1,0.00100888,0.00100888,0.00100888,1047,1,1047,1047,1047,12,1,12,12,12
34,60,0.000639921,1,0.000639921,0.000639921,0.000639921,943,1,943,943,943,10,1,10,10,10
34,60,0.000603966,1,0.000603966,0.000603966,0.000603966,963,1,963,963,963,10,1,10,10,10
34,60,0.000954375,1,0.000954375,0.000954375,0.000954375,1047,1,1047,1047,1047,11,1,11,11,11
34,60,0.00105524,1,0.00105524,0.00105524,0.00105524,1039,1,1039,1039,1039,11,1,11,11,11
34,60,0.000639339,1,0.000639339,0.000639339,0.000639339,959,1,959,959,959,10,1,10,10,10
34,60,0.000989165,1,0.000989165,0.000989165,0.000989165,1069,1,1069,1069,1069,12,1,12,12,12
34,60,0.000964416,1,0.000964416,0.000964416,0.000964416,1103,1,1103,1103,1103,12,1,12,12,12
34,60,0.000941218,1,0.000941218,0.000941218,0.000941218,946,1,946,946,946,10,1,10,10,10
34,60,0.00102045,1,0.00102045,0.00102045,0.00102045,1085,1,1085,1085,1085,12,1,12,12,12
34,60,0.000881443,1,0.000881443,0.000881443,0.000881443,1002,1,1002,1002,1002,11,1,11,11,11
34,60,0.000533505,1,0.000533505,0.000533505,0.000533505,880,1,880,880,880,9,1,9,9,9
34,60,0.000716612,1,0.000716612,0.000716612,0.000716612,966,1,966,966,966,10,1,10,10,10
34,60,0.000970868,1,0.000970868,0.000970868,0.000970868,1045,1,1045,1045,1045,11,1,11,11,11
34,60,0.000986295,1,0.000986295,0.000986295,0.000986295,1102,1,1102,1102,1102,12,1,12,12,12
34,60,0.000725801,1,0.000725801,0.000725801,0.000725801,937,1,937,937,937,10,1,10,10,10
34,60,0.000887532,1,0.000887532,0.000887532,0.000887532,1100,1,1100,1100,1100,11,1,11,11,11
34,60,0.000837886,1,0.000837886,0.000837886,0.000837886,1020,1,1020,1020,1020,11,1,11,11,11
34,60,0.000891723,1,0.000891723,0.000891723,0.000891723,1028,1,1028,1028,1028,11,1,11,11,11
34,60,0.000899335,1,0.000899335,0.000899335,0.000899335,1036,1,1036,1036,1036,11,1,11,11,11
34,60,0.000954196,1,0.000954196,0.000954196,0.000954196,1058,1,1058,1058,1058,10,1,10,10,10
34,60,0.000931699,1,0.000931699,0.000931699,0.000931699,1064,1,1064,1064,1064,11,1,11,11,11
34,60,0.000817723,1,0.000817723,0.000817723,0.000817723,949,1,949,949,949,9,1,9,9,9
34,60,0.000630855,1,0.000630855,0.000630855,0.000630855,951,1,951,951,951,10,1,10,10,10
34,60,0.000816273,1,0.000816273,0.000816273,0.000816273,972,1,972,972,972,10,1,10,10,10
34,60,0.000780406,1,0.000780406,0.000780406,0.000780406,1015,1,1015,1015,1015,11,1,11,11,11
34,60,0.000910042,1,0.000910042,0.000910042,0.000910042,998,1,998,998,998,11,1,11,11,11
34,60,0.000641217,1,0.000641217,0.000641217,0.000641217,980,1,980,980,980,10,1,10,10,10
34,60,0.000940932,1,0.000940932,0.000940932,0.000940932,1002,1,1002,1002,1002,11,1,11,11,11
34,60,0.000912001,1,0.000912001,0.000912001,0.000912001,1106,1,1106,1106,1106,11,1,11,11,11
34,60,0.00102842,1,0.00102842,0.00102842,0.00102842,1104,1,1104,1104,1104,12,1,12,12,12
34,60,0.000747767,1,0.000747767,0.000747767,0.000747767,944,1,944,944,944,10,1,10,10,10
34,60,0.000860718,1,0.000860718,0.000860718,0.000860718,1044,1,1044,1044,1044,11,1,11,11,11
34,60,0.000962899,1,0.000962899,0.000962899,0.000962899,1016,1,1016,1016,1016,11,1,11,11,11
34,60,0.00119615,1,0.00119615,0.00119615,0.00119615,1142,1,1142,1142,1142,12,1,12,12,12
34,60,0.000797746,1,0.000797746,0.000797746,0.000797746,1042,1,1042,1042,1042,11,1,11,11,11
34,60,0.000902869,1,0.000902869,0.000902869,0.000902869,1063,1,1063,1063,1063,11,1,11,11,11
34,60,0.000895578,1,0.000895578,0.000895578,0.000895578,1023,1,1023,1023,1023,11,1,11,11,11
34,60,0.00128573,1,0.00128573,0.00128573,0.00128573,1119,1,1119,1119,1119,12,1,12,12,12
34,60,0.00102622,1,0.00102622,0.00102622,0.00102622,1155,1,1155,1155,1155,12,1,12,12,12
34,60,0.00127925,1,0.00127925,0.00127925,0.00127925,1127,1,1127,1127,1127,12,1,12,12,12
34,60,0.000453671,1,0.000453671,0.000453671,0.000453671,886,1,886,886,886,9,1,9,9,9
34,60,0.00099835,1,0.00099835,0.00099835,0.00099835,1077,1,1077,1077,1077,11,1,11,11,11
34,60,0.001008,1,0.001008,0.001008,0.001008,1063,1,1063,1063,1063,11,1,11,11,11
34,60,0.000956584,1,0.000956584,0.000956584,0.000956584,1015,1,1015,1015,1015,11,1,11,11,11
34,60,0.000690522,1,0.000690522,0.000690522,0.000690522,965,1,965,965,965,10,1,10,10,10
34,60,0.000936399,1,0.000936399,0.000936399,0.000936399,1003,1,1003,1003,1003,11,1,11,11,11
34,60,0.000608592,1,0.000608592,0.000608592,0.000608592,969,1,969,969,969,10,1,10,10,10
34,60,0.000680836,1,0.000680836,0.000680836,0.000680836,994,1,994,994,994,10,1,10,10,10
34,60,0.000799848,1,0.000799848,0.000799848,0.000799848,996,1,996,996,996,11,1,11,11,11
34,60,0.000806259,1,0.000806259,0.000806259,0.000806259,1013,1,1013,1013,1013,11,1,11,11,11
34,60,0.000750833,1,0.000750833,0.000750833,0.000750833,955,1,955,955,955,10,1,10,10,10
34,60,0.00103464,1,0.00103464,0.00103464,0.00103464,1073,1,1073,1073,1073,11,1,11,11,11
34,60,0.000688779,1,0.000688779,0.000688779,0.000688779,914,1,914,914,914,9,1,9,9,9
34,60,0.000663132,1,0.000663132,0.000663132,0.000663132,970,1,970,970,970,10,1,10,10,10
34,60,0.000736871,1,0.000736871,0.000736871,0.000736871,938,1,938,938,938,10,1,10,10,10
34,60,0.000718301,1,0.000718301,0.000718301,0.000718301,932,1,932,932,932,10,1,10,10,10
34,60,0.00116249,1,0.00116249,0.00116249,0.00116249,1103,1,1103,1103,1103,11,1,11,11,11
34,60,0.00116571,1,0.00116571,0.00116571,0.00116571,1062,1,1062,1062,1062,12,1,12,12,12
34,60,0.00106775,1,0.00106775,0.00106775,0.00106775,1039,1,1039,1039,1039,11,1,11,11,11
34,60,0.00067738,1,0.00067738,0.00067738,0.00067738,937,1,937,937,937,10,1,10,10,10
34,60,0.000969861,1,0.000969861,0.000969861,0.000969861,1028,1,1028,1028,1028,11,1,11,11,11
34,60,0.00137706,1,0.00137706,0.00137706,0.00137706,1139,1,1139,1139,1139,12,1,12,12,12
34,60,0.000682315,1,0.000682315,0.000682315,0.000682315,976,1,976,976,976,10,1,10,10,10
34,60,0.000636297,1,0.000636297,0.000636297,0.000636297,985,1,985,985,985,10,1,10,10,10
34,60,0.00105679,1,0.00105679,0.00105679,0.00105679,1041,1,1041,1041,1041,11,1,11,11,11
34,60,0.000735948,1,0.000735948,0.000735948,0.000735948,915,1,915,915,915,10,1,10,10,10
34,60,0.000768021,1,0.000768021,0.000768021,0.000768021,945,1,945,945,945,10,1,10,10,10
34,60,0.00116351,1,0.00116351,0.00116351,0.00116351,1115,1,1115,1115,1115,12,1,12,12,12
34,60,0.000863319,1,0.000863319,0.000863319,0.000863319,928,1,928,928,928,10,1,10,10,10
34,60,0.00100134,1,0.00100134,0.00100134,0.00100134,1033,1,1033,1033,1033,11,1,11,11,11
34,60,0.000854176,1,0.000854176,0.000854176,0.000854176,998,1,998,998,998,11,1,11,11,11
34,60,0.000644829,1,0.000644829,0.000644829,0.000644829,980,1,980,980,980,10,1,10,10,10
34,60,0.000922886,1,0.000922886,0.000922886,0.000922886,1092,1,1092,1092,1092,11,1,11,11,11
34,60,0.00111371,1,0.00111371,0.00111371,0.00111371,1091,1,1091,1091,1091,12,1,12,12,12
34,60,0.000917237,1,0.000917237,0.000917237,0.000917237,1035,1,1035,1035,1035,11,1,11,11,11
34,60,0.000712431,1,0.000712431,0.000712431,0.000712431,958,1,958,958,958,10,1,10,10,10
34,60,0.00116309,1,0.00116309,0.00116309,0.00116309,1075,1,1075,1075,1075,12,1,12,12,12
34,60,0.000956367,1,0.000956367,0.000956367,0.000956367,1002,1,1002,1002,1002,11,1,11,11,11
34,60,0.000740707,1,0.000740707,0.000740707,0.000740707,1002,1,1002,1002,1002,11,1,11,11,11
34,60,0.000894511,1,0.000894511,0.000894511,0.000894511,1033,1,1033,1033,1033,11,1,11,11,11
34,60,0.000944861,1,0.000944861,0.000944861,0.000944861,1054,1,1054,1054,1054,11,1,11,11,11
34,60,0.000759549,1,0.000759549,0.000759549,0.000759549,1004,1,1004,1004,1004,11,1,11,11,11
34,60,0.00113731,1,0.00113731,0.00113731,0.00113731,1123,1,1123,1123,1123,12,1,12,12,12
34,60,0.000698428,1,0.000698428,0.000698428,0.000698428,1013,1,1013,1013,1013,10,1,10,10,10
34,60,0.00117347,1,0.00117347,0.00117347,0.00117347,1105,1,1105,1105,1105,12,1,12,12,12
34,60,0.000688445,1,0.000688445,0.000688445,0.000688445,948,1,948,948,948,10,1,10,10,10
34,60,0.000889497,1,0.000889497,0.000889497,0.000889497,1070,1,1070,1070,1070,11,1,11,11,11
34,60,0.000755685,1,0.000755685,0.000755685,0.000755685,951,1,951,951,951,10,1,10,10,10
34,60,0.000641748,1,0.000641748,0.000641748,0.000641748,982,1,982,982,982,10,1,10,10,10
34,60,0.000613561,1,0.000613561,0.000613561,0.000613561,949,1,949,949,949,10,1,10,10,10
34,60,0.000682401,1,0.000682401,0.000682401,0.000682401,1031,1,1031,1031,1031,11,1,11,11,11
34,60,0.000653475,1,0.000653475,0.000653475,0.000653475,981,1,981,981,981,10,1,10,10,10
34,60,0.000674112,1,0.000674112,0.000674112,0.000674112,965,1,965,965,965,10,1,10,10,10
34,60,0.00105471,1,0.00105471,0.00105471,0.00105471,1115,1,1115,1115,1115,12,1,12,12,12
34,60,0.000691828,1,0.000691828,0.000691828,0.000691828,950,1,950,950,950,10,1,10,10,10
34,60,0.00127886,1,0.00127886,0.00127886,0.00127886,1093,1,1093,1093,1093,12,1,12,12,12
34,60,0.000972554,1,0.000972554,0.000972554,0.000972554,1009,1,1009,1009,1009,11,1,11,11,11
34,60,0.00105538,1,0.00105538,0.00105538,0.00105538,1157,1,1157,1157,1157,11,1,11,11,11
34,60,0.00102447,1,0.00102447,0.00102447,0.00102447,1017,1,1017,1017,1017,11,1,11,11,11
34,60,0.000990213,1,0.000990213,0.000990213,0.000990213,1071,1,1071,1071,1071,12,1,12,12,12
34,60,0.000809232,1,0.000809232,0.000809232,0.000809232,1009,1,1009,1009,1009,11,1,11,11,11
34,60,0.000837584,1,0.000837584,0.000837584,0.000837584,1002,1,1002,1002,1002,11,1,11,11,11
34,60,0.000588633,1,0.000588633,0.000588633,0.000588633,943,1,943,943,943,10,1,10,10,10
34,60,0.00082145,1,0.00082145,0.00082145,0.00082145,1077,1,1077,1077,1077,11,1,11,11,11
34,60,0.000717747,1,0.000717747,0.000717747,0.000717747,957,1,957,957,957,10,1,10,10,10
34,60,0.00074723,1,0.00074723,0.00074723,0.00074723,993,1,993,993,993,10,1,10,10,10
34,60,0.000922501,1,0.000922501,0.000922501,0.000922501,1007,1,1007,1007,1007,11,1,11,11,11
34,60,0.000743266,1,0.000743266,0.000743266,0.000743266,937,1,937,937,937,10,1,10,10,10
34,60,0.00114158,1,0.00114158,0.00114158,0.00114158,1089,1,1089,1089,1089,12,1,12,12,12
34,60,0.000768128,1,0.000768128,0.000768128,0.000768128,947,1,947,947,947,10,1,10,10,10
34,60,0.00105894,1,0.00105894,0.00105894,0.00105894,1057,1,1057,1057,1057,12,1,12,12,12
34,60,0.000865656,1,0.000865656,0.000865656,0.000865656,1014,1,1014,1014,1014,11,1,11,11,11
34,60,0.000978196,1,0.000978196,0.000978196,0.000978196,1054,1,1054,1054,1054,11,1,11,11,11
34,60,0.000764433,1,0.000764433,0.000764433,0.000764433,924,1,924,924,924,10,1,10,10,10
34,60,0.000864573,1,0.000864573,0.000864573,0.000864573,987,1,987,987,987,11,1,11,11,11
34,60,0.000856878,1,0.000856878,0.000856878,0.000856878,1036,1,1036,1036,1036,11,1,11,11,11
34,60,0.000707105,1,0.000707105,0.000707105,0.000707105,971,1,971,971,971,10,1,10,10,10
34,60,0.000649397,1,0.000649397,0.000649397,0.000649397,930,1,930,930,930,10,1,10,10,10
34,60,0.000647744,1,0.000647744,0.000647744,0.000647744,920,1,920,920,920,9,1,9,9,9
34,60,0.000887965,1,0.000887965,0.000887965,0.000887965,1040,1,1040,1040,1040,11,1,11,11,11
34,60,0.000784104,1,0.000784104,0.000784104,0.000784104,998,1,998,998,998,10,1,10,10,10
34,60,0.000802638,1,0.000802638,0.000802638,0.000802638,940,1,940,940,940,10,1,10,10,10
34,60,0.000668952,1,0.000668952,0.000668952,0.000668952,935,1,935,935,935,10,1,10,10,10
34,60,0.000729145,1,0.000729145,0.000729145,0.000729145,963,1,963,963,963,10,1,10,10,10
34,60,0.000713268,1,0.000713268,0.000713268,0.000713268,955,1,955,955,955,10,1,10,10,10
34,60,0.000787952,1,0.000787952,0.000787952,0.000787952,1009,1,1009,1009,1009,10,1,10,10,10
34,60,0.00113731,1,0.00113731,0.00113731,0.00113731,1055,1,1055,1055,1055,11,1,11,11,11
34,60,0.000949174,1,0.000949174,0.000949174,0.000949174,1085,1,1085,1085,1085,11,1,11,11,11
34,60,0.00115922,1,0.00115922,0.00115922,0.00115922,1123,1,1123,1123,1123,12,1,12,12,12
34,60,0.00073242,1,0.00073242,0.00073242,0.00073242,951,1,951,951,951,10,1,10,10,10
34,60,0.00134883,1,0.00134883,0.00134883,0.00134883,1124,1,1124,1124,1124,12,1,12,12,12
34,60,0.000650181,1,0.000650181,0.000650181,0.000650181,938,1,938,938,938,10,1,10,10,10
34,60,0.000980506,1,0.000980506,0.000980506,0.000980506,1018,1,1018,1018,1018,11,1,11,11,11
34,60,0.000739419,1,0.000739419,0.000739419,0.000739419,996,1,996,996,996,11,1,11,11,11
34,60,0.000799639,1,0.000799639,0.000799639,0.000799639,1039,1,1039,1039,1039,11,1,11,11,11
34,60,0.000737718,1,0.000737718,0.000737718,0.000737718,923,1,923,923,923,10,1,10,10,10
34,60,0.000636634,1,0.000636634,0.000636634,0.000636634,929,1,929,929,929,10,1,10,10,10
34,60,0.00108069,1,0.00108069,0.00108069,0.00108069,1036,1,1036,1036,1036,11,1,11,11,11
34,60,0.000698841,1,0.000698841,0.000698841,0.000698841,959,1,959,959,959,10,1,10,10,10
34,60,0.000924293,1,0.000924293,0.000924293,0.000924293,1055,1,1055,1055,1055,11,1,11,11,11
34,60,0.00072197,1,0.00072197,0.00072197,0.00072197,938,1,938,938,938,10,1,10,10,10
34,60,0.000804762,1,0.000804762,0.000804762,0.000804762,1022,1,1022,1022,1022,10,1,10,10,10
34,60,0.000518143,1,0.000518143,0.000518143,0.000518143,883,1,883,883,883,9,1,9,9,9
34,60,0.000848997,1,0.000848997,0.000848997,0.000848997,1041,1,1041,1041,1041,11,1,11,11,11
34,60,0.000931219,1,0.000931219,0.000931219,0.000931219,996,1,996,996,996,11,1,11,11,11
34,60,0.000947778,1,0.000947778,0.000947778,0.000947778,1055,1,1055,1055,1055,12,1,12,12,12
34,60,0.00127787,1,0.00127787,0.00127787,0.00127787,1131,1,1131,1131,1131,12,1,12,12,12
34,60,0.00071093,1,0.00071093,0.00071093,0.00071093,1024,1,1024,1024,1024,11,1,11,11,11
34,60,0.000653649,1,0.000653649,0.000653649,0.000653649,944,1,944,944,944,10,1,10,10,10
34,60,0.000706227,1,0.000706227,0.000706227,0.000706227,902,1,902,902,902,10,1,10,10,10
34,60,0.000645005,1,0.000645005,0.000645005,0.000645005,952,1,952,952,952,10,1,10,10,10
34,60,0.000930002,1,0.000930002,0.000930002,0.000930002,1005,1,1005,1005,1005,11,1,11,11,11
34,60,0.00068701,1,0.00068701,0.00068701,0.00068701,984,1,984,984,984,10,1,10,10,10
34,60,0.000871297,1,0.000871297,0.000871297,0.000871297,1045,1,1045,1045,1045,11,1,11,11,11
34,60,0.000832087,1,0.000832087,0.000832087,0.000832087,1074,1,1074,1074,1074,11,1,11,11,11
34,60,0.000865732,1,0.000865732,0.000865732,0.000865732,1032,1,1032,1032,1032,10,1,10,10,10
34,60,0.000875533,1,0.000875533,0.000875533,0.000875533,993,1,993,993,993,11,1,11,11,11
34,60,0.000694877,1,0.000694877,0.000694877,0.000694877,909,1,909,909,909,9,1,9,9,9
34,60,0.000659509,1,0.000659509,0.000659509,0.000659509,925,1,925,925,925,10,1,10,10,10
34,60,0.000856582,1,0.000856582,0.000856582,0.000856582,1075,1,1075,1075,1075,11,1,11,11,11
34,60,0.000753284,1,0.000753284,0.000753284,0.000753284,1012,1,1012,1012,1012,11,1,11,11,11
34,60,0.000576665,1,0.000576665,0.000576665,0.000576665,953,1,953,953,953,10,1,10,10,10
34,60,0.000841644,1,0.000841644,0.000841644,0.000841644,970,1,970,970,970,11,1,11,11,11
34,60,0.000670726,1,0.000670726,0.000670726,0.000670726,895,1,895,895,895,10,1,10,10,10
34,60,0.000903415,1,0.000903415,0.000903415,0.000903415,1035,1,1035,1035,1035,11,1,11,11,11
34,60,0.000692154,1,0.000692154,0.000692154,0.000692154,949,1,949,949,949,10,1,10,10,10
34,60,0.000931765,1,0.000931765,0.000931765,0.000931765,992,1,992,992,992,11,1,11,11,11
34,60,0.000865813,1,0.000865813,0.000865813,0.000865813,1079,1,1079,1079,1079,11,1,11,11,11
34,60,0.000895936,1,0.000895936,0.000895936,0.000895936,987,1,987,987,987,11,1,11,11,11
34,60,0.000855029,1,0.000855029,0.000855029,0.000855029,1018,1,1018,1018,1018,11,1,11,11,11
34,60,0.000995574,1,0.000995574,0.000995574,0.000995574,1032,1,1032,1032,1032,11,1,11,11,11
34,60,0.000881294,1,0.000881294,0.000881294,0.000881294,1023,1,1023,1023,1023,11,1,11,11,11
34,60,0.000694478,1,0.000694478,0.000694478,0.000694478,937,1,937,937,937,10,1,10,10,10
34,60,0.000713996,1,0.000713996,0.000713996,0.000713996,987,1,987,987,987,10,1,10,10,10
34,60,0.000815489,1,0.000815489,0.000815489,0.000815489,991,1,991,991,991,11,1,11,11,11
34,60,0.00102068,1,0.00102068,0.00102068,0.00102068,1030,1,1030,1030,1030,11,1,11,11,11
34,60,0.000798127,1,0.000798127,0.000798127,0.000798127,1013,1,1013,1013,1013,11,1,11,11,11
34,60,0.000569781,1,0.000569781,0.000569781,0.000569781,937,1,937,937,937,10,1,10,10,10
34,60,0.0010496,1,0.0010496,0.0010496,0.0010496,1079,1,1079,1079,1079,12,1,12,12,12
34,60,0.000699365,1,0.000699365,0.000699365,0.000699365,965,1,965,965,965,10,1,10,10,10
34,60,0.000847101,1,0.000847101,0.000847101,0.000847101,950,1,950,950,950,10,1,10,10,10
34,60,0.000791393,1,0.000791393,0.000791393,0.000791393,1034,1,1034,1034,1034,11,1,11,11,11
34,60,0.000662768,1,0.000662768,0.000662768,0.000662768,953,1,953,953,953,10,1,10,10,10
34,60,0.00136323,1,0.00136323,0.00136323,0.00136323,1215,1,1215,1215,1215,12,1,12,12,12
34,60,0.00073929,1,0.00073929,0.00073929,0.00073929,974,1,974,974,974,10,1,10,10,10
34,60,0.000673208,1,0.000673208,0.000673208,0.000673208,934,1,934,934,934,10,1,10,10,10
34,60,0.000644366,1,0.000644366,0.000644366,0.000644366,898,1,898,898,898,10,1,10,10,10
34,60,0.000781408,1,0.000781408,0.000781408,0.000781408,1010,1,1010,1010,1010,10,1,10,10,10
34,60,0.000808678,1,0.000808678,0.000808678,0.000808678,1021,1,1021,1021,1021,11,1,11,11,11
34,60,0.000728525,1,0.000728525,0.000728525,0.000728525,928,1,928,928,928,10,1,10,10,10
34,60,0.00119685,1,0.00119685,0.00119685,0.00119685,1129,1,1129,1129,1129,12,1,12,12,12
34,60,0.000858468,1,0.000858468,0.000858468,0.000858468,970,1,970,970,970,11,1,11,11,11
34,60,0.00081804,1,0.00081804,0.00081804,0.00081804,1060,1,1060,1060,1060,11,1,11,11,11
34,60,0.00079089,1,0.00079089,0.00079089,0.00079089,1022,1,1022,1022,1022,11,1,11,11,11
34,60,0.00069838,1,0.00069838,0.00069838,0.00069838,952,1,952,952,952,10,1,10,10,10
34,60,0.000540334,1,0.000540334,0.000540334,0.000540334,935,1,935,935,935,10,1,10,10,10
34,60,0.000981922,1,0.000981922,0.000981922,0.000981922,1036,1,1036,1036,1036,11,1,11,11,11
34,60,0.000580433,1,0.000580433,0.000580433,0.000580433,955,1,955,955,955,10,1,10,10,10
34,60,0.00113675,1,0.00113675,0.00113675,0.00113675,1073,1,1073,1073,1073,12,1,12,12,12
34,60,0.000678603,1,0.000678603,0.000678603,0.000678603,947,1,947,947,947,10,1,10,10,10
34,60,0.000916481,1,0.000916481,0.000916481,0.000916481,1005,1,1005,1005,1005,11,1,11,11,11
34,60,0.000681203,1,0.000681203,0.000681203,0.000681203,918,1,918,918,918,10,1,10,10,10
34,60,0.00111642,1,0.00111642,0.00111642,0.00111642,1094,1,1094,1094,1094,12,1,12,12,12
34,60,0.000853733,1,0.000853733,0.000853733,0.000853733,1026,1,1026,1026,1026,11,1,11,11,11
34,60,0.000734602,1,0.000734602,0.000734602,0.000734602,932,1,932,932,932,10,1,10,10,10
34,60,0.00114125,1,0.00114125,0.00114125,0.00114125,1123,1,1123,1123,1123,12,1,12,12,12
34,60,0.00072316,1,0.00072316,0.00072316,0.00072316,934,1,934,934,934,10,1,10,10,10
34,60,0.000853338,1,0.000853338,0.000853338,0.000853338,1045,1,1045,1045,1045,11,1,11,11,11
34,60,0.000752977,1,0.000752977,0.000752977,0.000752977,963,1,963,963,963,10,1,10,10,10
34,60,0.000742905,1,0.000742905,0.000742905,0.000742905,947,1,947,947,947,10,1,10,10,10
34,60,0.000760612,1,0.000760612,0.000760612,0.000760612,932,1,932,932,932,10,1,10,10,10
34,60,0.000774106,1,0.000774106,0.000774106,0.000774106,943,1,943,943,943,10,1,10,10,10
34,60,0.000659024,1,0.000659024,0.000659024,0.000659024,1002,1,1002,1002,1002,10,1,10,10,10
34,60,0.0011677,1,0.0011677,0.0011677,0.0011677,1056,1,1056,1056,1056,11,1,11,11,11
34,60,0.000757007,1,0.000757007,0.000757007,0.000757007,953,1,953,953,953,10,1,10,10,10
34,60,0.00087665,1,0.00087665,0.00087665,0.00087665,996,1,996,996,996,11,1,11,11,11
34,60,0.000743001,1,0.000743001,0.000743001,0.000743001,963,1,963,963,963,10,1,10,10,10
34,60,0.000677076,1,0.000677076,0.000677076,0.000677076,965,1,965,965,965,10,1,10,10,10
34,60,0.000921089,1,0.000921089,0.000921089,0.000921089,998,1,998,998,998,11,1,11,11,11
34,60,0.00059639,1,0.00059639,0.00059639,0.00059639,960,1,960,960,960,10,1,10,10,10
34,60,0.00108301,1,0.00108301,0.00108301,0.00108301,1094,1,1094,1094,1094,12,1,12,12,12
34,60,0.000565167,1,0.000565167,0.000565167,0.000565167,943,1,943,943,943,10,1,10,10,10
34,60,0.000738853,1,0.000738853,0.000738853,0.000738853,933,1,933,933,933,10,1,10,10,10
34,60,0.00108522,1,0.00108522,0.00108522,0.00108522,1029,1,1029,1029,1029,12,1,12,12,12
34,60,0.000760065,1,0.000760065,0.000760065,0.000760065,937,1,937,937,937,10,1,10,10,10
34,60,0.000832361,1,0.000832361,0.000832361,0.000832361,1012,1,1012,1012,1012,11,1,11,11,11
34,60,0.000980144,1,0.000980144,0.000980144,0.000980144,1026,1,1026,1026,1026,11,1,11,11,11
34,60,0.00083325,1,0.00083325,0.00083325,0.00083325,992,1,992,992,992,11,1,11,11,11
34,60,0.000992033,1,0.000992033,0.000992033,0.000992033,1024,1,1024,1024,1024,11,1,11,11,11
34,60,0.000860809,1,0.000860809,0.000860809,0.000860809,985,1,985,985,985,11,1,11,11,11
34,60,0.000691552,1,0.000691552,0.000691552,0.000691552,931,1,931,931,931,10,1,10,10,10
34,60,0.00107104,1,0.00107104,0.00107104,0.00107104,1109,1,1109,1109,1109,12,1,12,12,12
34,60,0.000681872,1,0.000681872,0.000681872,0.000681872,969,1,969,969,969,10,1,10,10,10
34,60,0.000937691,1,0.000937691,0.000937691,0.000937691,997,1,997,997,997,11,1,11,11,11
34,60,0.000744688,1,0.000744688,0.000744688,0.000744688,1044,1,1044,1044,1044,10,1,10,10,10
34,60,0.000913849,1,0.000913849,0.000913849,0.000913849,1016,1,1016,1016,1016,11,1,11,11,11
34,60,0.000831252,1,0.000831252,0.000831252,0.000831252,1035,1,1035,1035,1035,11,1,11,11,11
34,60,0.00126957,1,0.00126957,0.00126957,0.00126957,1130,1,1130,1130,1130,12,1,12,12,12
34,60,0.00059631,1,0.00059631,0.00059631,0.00059631,928,1,928,928,928,9,1,9,9,9
34,60,0.000622572,1,0.000622572,0.000622572,0.000622572,980,1,980,980,980,10,1,10,10,10
34,60,0.000954381,1,0.000954381,0.000954381,0.000954381,1008,1,1008,1008,1008,11,1,11,11,11
34,60,0.000733839,1,0.000733839,0.000733839,0.000733839,1057,1,1057,1057,1057,11,1,11,11,11
34,60,0.000765439,1,0.000765439,0.000765439,0.000765439,1025,1,1025,1025,1025,11,1,11,11,11
34,60,0.00124797,1,0.00124797,0.00124797,0.00124797,1115,1,1115,1115,1115,12,1,12,12,12
34,60,0.00062992,1,0.00062992,0.00062992,0.00062992,949,1,949,949,949,10,1,10,10,10
34,60,0.000701133,1,0.000701133,0.000701133,0.000701133,979,1,979,979,979,10,1,10,10,10
34,60,0.000924312,1,0.000924312,0.000924312,0.000924312,1008,1,1008,1008,1008,11,1,11,11,11
34,60,0.00103737,1,0.00103737,0.00103737,0.00103737,1094,1,1094,1094,1094,12,1,12,12,12
34,60,0.000496711,1,0.000496711,0.000496711,0.000496711,901,1,901,901,901,9,1,9,9,9
34,60,0.000912938,1,0.000912938,0.000912938,0.000912938,1074,1,1074,1074,1074,11,1,11,11,11
34,60,0.00091033,1,0.00091033,0.00091033,0.00091033,1023,1,1023,1023,1023,11,1,11,11,11
34,60,0.000986919,1,0.000986919,0.000986919,0.000986919,1027,1,1027,1027,1027,11,1,11,11,11
34,60,0.000582892,1,0.000582892,0.000582892,0.000582892,879,1,879,879,879,9,1,9,9,9
34,60,0.00128803,1,0.00128803,0.00128803,0.00128803,1104,1,1104,1104,1104,12,1,12,12,12
34,60,0.000911014,1,0.000911014,0.000911014,0.000911014,1038,1,1038,1038,1038,11,1,11,11,11
34,60,0.00082311,1,0.00082311,0.00082311,0.00082311,1013,1,1013,1013,1013,11,1,11,11,11
34,60,0.000744043,1,0.000744043,0.000744043,0.000744043,980,1,980,980,980,10,1,10,10,10
34,60,0.000815763,1,0.000815763,0.000815763,0.000815763,1012,1,1012,1012,1012,11,1,11,11,11
34,60,0.00106727,1,0.00106727,0.00106727,0.00106727,1022,1,1022,1022,1022,11,1,11,11,11
34,60,0.000928863,1,0.000928863,0.000928863,0.000928863,1017,1,1017,1017,1017,11,1,11,11,11
34,60,0.000827021,1,0.000827021,0.000827021,0.000827021,963,1,963,963,963,10,1,10,10,10
34,60,0.000629941,1,0.000629941,0.000629941,0.000629941,988,1,988,988,988,10,1,10,10,10
34,60,0.000671769,1,0.000671769,0.000671769,0.000671769,946,1,946,946,946,10,1,10,10,10
34,60,0.000531199,1,0.000531199,0.000531199,0.000531199,951,1,951,951,951,10,1,10,10,10
34,60,0.000642255,1,0.000642255,0.000642255,0.000642255,913,1,913,913,913,10,1,10,10,10
34,60,0.000680781,1,0.000680781,0.000680781,0.000680781,958,1,958,958,958,10,1,10,10,10
34,60,0.000996402,1,0.000996402,0.000996402,0.000996402,1046,1,1046,1046,1046,11,1,11,11,11
34,60,0.00079106,1,0.00079106,0.00079106,0.00079106,959,1,959,959,959,10,1,10,10,10
34,60,0.000949057,1,0.000949057,0.000949057,0.000949057,1034,1,1034,1034,1034,11,1,11,11,11
34,60,0.000894035,1,0.000894035,0.000894035,0.000894035,1008,1,1008,1008,1008,11,1,11,11,11
34,60,0.000699815,1,0.000699815,0.000699815,0.000699815,925,1,925,925,925,10,1,10,10,10
34,60,0.000885399,1,0.000885399,0.000885399,0.000885399,1033,1,1033,1033,1033,11,1,11,11,11
34,60,0.00108885,1,0.00108885,0.00108885,0.00108885,1131,1,1131,1131,1131,12,1,12,12,12
34,60,0.000759286,1,0.000759286,0.000759286,0.000759286,948,1,948,948,948,10,1,10,10,10
34,60,0.000739789,1,0.000739789,0.000739789,0.000739789,1008,1,1008,1008,1008,11,1,11,11,11
34,60,0.00067564,1,0.00067564,0.00067564,0.00067564,979,1,979,979,979,10,1,10,10,10
34,60,0.00102166,1,0.00102166,0.00102166,0.00102166,1108,1,1108,1108,1108,12,1,12,12,12
34,60,0.000890369,1,0.000890369,0.000890369,0.000890369,1036,1,1036,1036,1036,11,1,11,11,11
34,60,0.00104436,1,0.00104436,0.00104436,0.00104436,988,1,988,988,988,11,1,11,11,11
34,60,0.000912585,1,0.000912585,0.000912585,0.000912585,1011,1,1011,1011,1011,11,1,11,11,11
34,60,0.000887179,1,0.000887179,0.000887179,0.000887179,1011,1,1011,1011,1011,11,1,11,11,11
34,60,0.000890247,1,0.000890247,0.000890247,0.000890247,992,1,992,992,992,11,1,11,11,11
34,60,0.00075447,1,0.00075447,0.00075447,0.00075447,1008,1,1008,1008,1008,11,1,11,11,11
34,60,0.00107637,1,0.00107637,0.00107637,0.00107637,1040,1,1040,1040,1040,11,1,11,11,11
34,60,0.000657675,1,0.000657675,0.000657675,0.000657675,901,1,901,901,901,9,1,9,9,9
34,60,0.000915358,1,0.000915358,0.000915358,0.000915358,988,1,988,988,988,11,1,11,11,11
34,60,0.000991411,1,0.000991411,0.000991411,0.000991411,1028,1,1028,1028,1028,11,1,11,11,11
34,60,0.00092852,1,0.00092852,0.00092852,0.00092852,993,1,993,993,993,11,1,11,11,11
34,60,0.000758656,1,0.000758656,0.000758656,0.000758656,996,1,996,996,996,10,1,10,10,10
34,60,0.00123964,1,0.00123964,0.00123964,0.00123964,1144,1,1144,1144,1144,12,1,12,12,12
34,60,0.000737923,1,0.000737923,0.000737923,0.000737923,933,1,933,933,933,10,1,10,10,10
34,60,0.000835481,1,0.000835481,0.000835481,0.000835481,1017,1,1017,1017,1017,11,1,11,11,11
34,60,0.000793967,1,0.000793967,0.000793967,0.000793967,1003,1,1003,1003,1003,11,1,11,11,11
34,60,0.000900218,1,0.000900218,0.000900218,0.000900218,1048,1,1048,1048,1048,11,1,11,11,11
34,60,0.00082698,1,0.00082698,0.00082698,0.00082698,997,1,997,997,997,11,1,11,11,11
34,60,0.000894231,1,0.000894231,0.000894231,0.000894231,1029,1,1029,1029,1029,11,1,11,11,11
34,60,0.00108489,1,0.00108489,0.00108489,0.00108489,1148,1,1148,1148,1148,12,1,12,12,12
34,60,0.000662857,1,0.000662857,0.000662857,0.000662857,971,1,971,971,971,10,1,10,10,10
34,60,0.000917689,1,0.000917689,0.000917689,0.000917689,1036,1,1036,1036,1036,11,1,11,11,11
34,60,0.00106153,1,0.00106153,0.00106153,0.00106153,1130,1,1130,1130,1130,12,1,12,12,12
34,60,0.000631098,1,0.000631098,0.000631098,0.000631098,952,1,952,952,952,10,1,10,10,10
34,60,0.00100517,1,0.00100517,0.00100517,0.00100517,1086,1,1086,1086,1086,12,1,12,12,12
34,60,0.000642102,1,0.000642102,0.000642102,0.000642102,928,1,928,928,928,10,1,10,10,10
34,60,0.000548117,1,0.000548117,0.000548117,0.000548117,862,1,862,862,862,9,1,9,9,9
34,60,0.000813473,1,0.000813473,0.000813473,0.000813473,1033,1,1033,1033,1033,11,1,11,11,11
34,60,0.000484618,1,0.000484618,0.000484618,0.000484618,808,1,808,808,808,8,1,8,8,8
34,60,0.000968307,1,0.000968307,0.000968307,0.000968307,1029,1,1029,1029,1029,11,1,11,11,11
34,60,0.000909662,1,0.000909662,0.000909662,0.000909662,1062,1,1062,1062,1062,11,1,11,11,11
34,60,0.00104023,1,0.00104023,0.00104023,0.00104023,1063,1,1063,1063,1063,12,1,12,12,12
34,60,0.00103335,1,0.00103335,0.00103335,0.00103335,1060,1,1060,1060,1060,11,1,11,11,11
34,60,0.00100287,1,0.00100287,0.00100287,0.00100287,1052,1,1052,1052,1052,12,1,12,12,12
34,60,0.000892341,1,0.000892341,0.000892341,0.000892341,1026,1,1026,1026,1026,11,1,11,11,11
34,60,0.000521445,1,0.000521445,0.000521445,0.000521445,863,1,863,863,863,9,1,9,9,9
34,60,0.000973683,1,0.000973683,0.000973683,0.000973683,1125,1,1125,1125,1125,12,1,12,12,12
34,60,0.00063936,1,0.00063936,0.00063936,0.00063936,935,1,935,935,935,10,1,10,10,10
34,60,0.000765863,1,0.000765863,0.000765863,0.000765863,996,1,996,996,996,10,1,10,10,10
34,60,0.000561961,1,0.000561961,0.000561961,0.000561961,883,1,883,883,883,9,1,9,9,9
34,60,0.00094058,1,0.00094058,0.00094058,0.00094058,1040,1,1040,1040,1040,11,1,11,11,11
34,60,0.00143343,1,0.00143343,0.00143343,0.00143343,1137,1,1137,1137,1137,12,1,12,12,12
34,60,0.000737611,1,0.000737611,0.000737611,0.000737611,973,1,973,973,973,10,1,10,10,10
34,60,0.000721288,1,0.000721288,0.000721288,0.000721288,951,1,951,951,951,10,1,10,10,10
34,60,0.00111187,1,0.00111187,0.00111187,0.00111187,1051,1,1051,1051,1051,11,1,11,11,11
34,60,0.000787689,1,0.000787689,0.000787689,0.000787689,1017,1,1017,1017,1017,11,1,11,11,11
34,60,0.000898378,1,0.000898378,0.000898378,0.000898378,1040,1,1040,1040,1040,11,1,11,11,11
34,60,0.000688407,1,0.000688407,0.000688407,0.000688407,945,1,945,945,945,10,1,10,10,10
34,60,0.000476553,1,0.000476553,0.000476553,0.000476553,875,1,875,875,875,9,1,9,9,9
34,60,0.00058947,1,0.00058947,0.00058947,0.00058947,977,1,977,977,977,10,1,10,10,10
34,60,0.000780761,1,0.000780761,0.000780761,0.000780761,1023,1,1023,1023,1023,11,1,11,11,11
34,60,0.000577331,1,0.000577331,0.000577331,0.000577331,953,1,953,953,953,9,1,9,9,9
34,60,0.000604333,1,0.000604333,0.000604333,0.000604333,942,1,942,942,942,10,1,10,10,10
34,60,0.00082688,1,0.00082688,0.00082688,0.00082688,987,1,987,987,987,11,1,11,11,11
34,60,0.000802862,1,0.000802862,0.000802862,0.000802862,935,1,935,935,935,10,1,10,10,10
34,60,0.000946194,1,0.000946194,0.000946194,0.000946194,1031,1,1031,1031,1031,11,1,11,11,11
34,60,0.000830333,1,0.000830333,0.000830333,0.000830333,993,1,993,993,993,10,1,10,10,10
34,60,0.00077273,1,0.00077273,0.00077273,0.00077273,962,1,962,962,962,10,1,10,10,10
34,60,0.00054454,1,0.00054454,0.00054454,0.00054454,931,1,931,931,931,9,1,9,9,9
34,60,0.000756199,1,0.000756199,0.000756199,0.000756199,965,1,965,965,965,10,1,10,10,10
34,60,0.000836497,1,0.000836497,0.000836497,0.000836497,1022,1,1022,1022,1022,11,1,11,11,11
34,60,0.000697774,1,0.000697774,0.000697774,0.000697774,957,1,957,957,957,10,1,10,10,10
34,60,0.000769647,1,0.000769647,0.000769647,0.000769647,977,1,977,977,977,10,1,10,10,10
34,60,0.000467501,1,0.000467501,0.000467501,0.000467501,857,1,857,857,857,9,1,9,9,9
34,60,0.000749569,1,0.000749569,0.000749569,0.000749569,948,1,948,948,948,10,1,10,10,10
34,60,0.000781526,1,0.000781526,0.000781526,0.000781526,1023,1,1023,1023,1023,11,1,11,11,11
34,60,0.000866596,1,0.000866596,0.000866596,0.000866596,1034,1,1034,1034,1034,10,1,10,10,10
34,60,0.0007078,1,0.0007078,0.0007078,0.0007078,971,1,971,971,971,10,1,10,10,10
34,60,0.000936507,1,0.000936507,0.000936507,0.000936507,1057,1,1057,1057,1057,11,1,11,11,11
34,60,0.000914847,1,0.000914847,0.000914847,0.000914847,1096,1,1096,1096,1096,11,1,11,11,11
