n,p,time_total,time_count,time_mean,time_min,time_max,steps_total,steps_count,steps_mean,steps_min,steps_max,number_total,number_count,number_mean,number_min,number_max
14,30,0.000105816,1,0.000105816,0.000105816,0.000105816,141,1,141,141,141,4,1,4,4,4
14,30,3.6563e-05,1,3.6563e-05,3.6563e-05,3.6563e-05,123,1,123,123,123,4,1,4,4,4
14,30,3.8871e-05,1,3.8871e-05,3.8871e-05,3.8871e-05,125,1,125,125,125,3,1,3,3,3
14,30,4.0809e-05,1,4.0809e-05,4.0809e-05,4.0809e-05,118,1,118,118,118,3,1,3,3,3
14,30,5.7344e-05,1,5.7344e-05,5.7344e-05,5.7344e-05,123,1,123,123,123,4,1,4,4,4
14,30,3.6446e-05,1,3.6446e-05,3.6446e-05,3.6446e-05,122,1,122,122,122,3,1,3,3,3
14,30,2.7979e-05,1,2.7979e-05,2.7979e-05,2.7979e-05,115,1,115,115,115,3,1,3,3,3
14,30,0.000106268,1,0.000106268,0.000106268,0.000106268,162,1,162,162,162,5,1,5,5,5
14,30,4.0808e-05,1,4.0808e-05,4.0808e-05,4.0808e-05,126,1,126,126,126,4,1,4,4,4
14,30,9.594e-05,1,9.594e-05,9.594e-05,9.594e-05,148,1,148,148,148,4,1,4,4,4
14,30,3.4953e-05,1,3.4953e-05,3.4953e-05,3.4953e-05,124,1,124,124,124,4,1,4,4,4
14,30,5.7428e-05,1,5.7428e-05,5.7428e-05,5.7428e-05,130,1,130,130,130,4,1,4,4,4
14,30,3.528e-05,1,3.528e-05,3.528e-05,3.528e-05,119,1,119,119,119,3,1,3,3,3
14,30,9.1981e-05,1,9.1981e-05,9.1981e-05,9.1981e-05,137,1,137,137,137,4,1,4,4,4
14,30,3.2408e-05,1,3.2408e-05,3.2408e-05,3.2408e-05,121,1,121,121,121,3,1,3,3,3
14,30,7.489e-05,1,7.489e-05,7.489e-05,7.489e-05,138,1,138,138,138,4,1,4,4,4
14,30,1.8324e-05,1,1.8324e-05,1.8324e-05,1.8324e-05,105,1,105,105,105,3,1,3,3,3
14,30,3.4366e-05,1,3.4366e-05,3.4366e-05,3.4366e-05,118,1,118,118,118,3,1,3,3,3
14,30,2.0216e-05,1,2.0216e-05,2.0216e-05,2.0216e-05,103,1,103,103,103,3,1,3,3,3
14,30,1.9022e-05,1,1.9022e-05,1.9022e-05,1.9022e-05,106,1,106,106,106,3,1,3,3,3
14,30,5.9705e-05,1,5.9705e-05,5.9705e-05,5.9705e-05,125,1,125,125,125,4,1,4,4,4
14,30,5.7029e-05,1,5.7029e-05,5.7029e-05,5.7029e-05,125,1,125,125,125,4,1,4,4,4
14,30,5.2745e-05,1,5.2745e-05,5.2745e-05,5.2745e-05,125,1,125,125,125,4,1,4,4,4
14,30,0.000128816,1,0.000128816,0.000128816,0.000128816,156,1,156,156,156,4,1,4,4,4
14,30,4.3138e-05,1,4.3138e-05,4.3138e-05,4.3138e-05,125,1,125,125,125,4,1,4,4,4
14,30,5.9746e-05,1,5.9746e-05,5.9746e-05,5.9746e-05,129,1,129,129,129,4,1,4,4,4
14,30,7.3157e-05,1,7.3157e-05,7.3157e-05,7.3157e-05,132,1,132,132,132,4,1,4,4,4
14,30,1.9175e-05,1,1.9175e-05,1.9175e-05,1.9175e-05,104,1,104,104,104,3,1,3,3,3
14,30,3.9998e-05,1,3.9998e-05,3.9998e-05,3.9998e-05,123,1,123,123,123,4,1,4,4,4
14,30,1.9259e-05,1,1.9259e-05,1.9259e-05,1.9259e-05,105,1,105,105,105,3,1,3,3,3
14,30,5.1707e-05,1,5.1707e-05,5.1707e-05,5.1707e-05,127,1,127,127,127,4,1,4,4,4
14,30,7.8278e-05,1,7.8278e-05,7.8278e-05,7.8278e-05,143,1,143,143,143,4,1,4,4,4
14,30,5.1066e-05,1,5.1066e-05,5.1066e-05,5.1066e-05,135,1,135,135,135,4,1,4,4,4
14,30,5.437e-05,1,5.437e-05,5.437e-05,5.437e-05,131,1,131,131,131,4,1,4,4,4
14,30,8.2982e-05,1,8.2982e-05,8.2982e-05,8.2982e-05,133,1,133,133,133,4,1,4,4,4
14,30,6.2252e-05,1,6.2252e-05,6.2252e-05,6.2252e-05,123,1,123,123,123,3,1,3,3,3
14,30,7.3673e-05,1,7.3673e-05,7.3673e-05,7.3673e-05,138,1,138,138,138,4,1,4,4,4
14,30,7.3087e-05,1,7.3087e-05,7.3087e-05,7.3087e-05,139,1,139,139,139,4,1,4,4,4
14,30,5.3736e-05,1,5.3736e-05,5.3736e-05,5.3736e-05,134,1,134,134,134,4,1,4,4,4
14,30,1.9217e-05,1,1.9217e-05,1.9217e-05,1.9217e-05,112,1,112,112,112,4,1,4,4,4
14,30,3.9928e-05,1,3.9928e-05,3.9928e-05,3.9928e-05,127,1,127,127,127,4,1,4,4,4
14,30,1.9094e-05,1,1.9094e-05,1.9094e-05,1.9094e-05,105,1,105,105,105,4,1,4,4,4
14,30,2.5126e-05,1,2.5126e-05,2.5126e-05,2.5126e-05,117,1,117,117,117,3,1,3,3,3
14,30,9.5395e-05,1,9.5395e-05,9.5395e-05,9.5395e-05,149,1,149,149,149,4,1,4,4,4
14,30,3.0652e-05,1,3.0652e-05,3.0652e-05,3.0652e-05,117,1,117,117,117,3,1,3,3,3
14,30,6.1648e-05,1,6.1648e-05,6.1648e-05,6.1648e-05,147,1,147,147,147,3,1,3,3,3
14,30,7.8945e-05,1,7.8945e-05,7.8945e-05,7.8945e-05,144,1,144,144,144,4,1,4,4,4
14,30,3.1432e-05,1,3.1432e-05,3.1432e-05,3.1432e-05,124,1,124,124,124,4,1,4,4,4
14,30,5.2809e-05,1,5.2809e-05,5.2809e-05,5.2809e-05,138,1,138,138,138,4,1,4,4,4
14,30,0.000102675,1,0.000102675,0.000102675,0.000102675,158,1,158,158,158,5,1,5,5,5
14,30,4.6963e-05,1,4.6963e-05,4.6963e-05,4.6963e-05,121,1,121,121,121,4,1,4,4,4
14,30,3.3895e-05,1,3.3895e-05,3.3895e-05,3.3895e-05,119,1,119,119,119,3,1,3,3,3
14,30,5.2873e-05,1,5.2873e-05,5.2873e-05,5.2873e-05,139,1,139,139,139,4,1,4,4,4
14,30,4.5066e-05,1,4.5066e-05,4.5066e-05,4.5066e-05,121,1,121,121,121,4,1,4,4,4
14,30,5.6944e-05,1,5.6944e-05,5.6944e-05,5.6944e-05,135,1,135,135,135,4,1,4,4,4
14,30,4.2905e-05,1,4.2905e-05,4.2905e-05,4.2905e-05,118,1,118,118,118,3,1,3,3,3
14,30,7.8951e-05,1,7.8951e-05,7.8951e-05,7.8951e-05,147,1,147,147,147,3,1,3,3,3
14,30,4.453e-05,1,4.453e-05,4.453e-05,4.453e-05,121,1,121,121,121,4,1,4,4,4
14,30,4.474e-05,1,4.474e-05,4.474e-05,4.474e-05,117,1,117,117,117,3,1,3,3,3
14,30,4.8851e-05,1,4.8851e-05,4.8851e-05,4.8851e-05,131,1,131,131,131,4,1,4,4,4
14,30,5.338e-05,1,5.338e-05,5.338e-05,5.338e-05,135,1,135,135,135,5,1,5,5,5
14,30,5.4267e-05,1,5.4267e-05,5.4267e-05,5.4267e-05,125,1,125,125,125,4,1,4,4,4
14,30,8.1878e-05,1,8.1878e-05,8.1878e-05,8.1878e-05,144,1,144,144,144,4,1,4,4,4
14,30,0.000109331,1,0.000109331,0.000109331,0.000109331,166,1,166,166,166,4,1,4,4,4
14,30,6.7117e-05,1,6.7117e-05,6.7117e-05,6.7117e-05,141,1,141,141,141,4,1,4,4,4
14,30,4.4079e-05,1,4.4079e-05,4.4079e-05,4.4079e-05,122,1,122,122,122,4,1,4,4,4
14,30,6.8331e-05,1,6.8331e-05,6.8331e-05,6.8331e-05,135,1,135,135,135,4,1,4,4,4
14,30,3.2292e-05,1,3.2292e-05,3.2292e-05,3.2292e-05,120,1,120,120,120,3,1,3,3,3
14,30,4.4212e-05,1,4.4212e-05,4.4212e-05,4.4212e-05,126,1,126,126,126,4,1,4,4,4
14,30,5.6302e-05,1,5.6302e-05,5.6302e-05,5.6302e-05,145,1,145,145,145,4,1,4,4,4
14,30,4.3441e-05,1,4.3441e-05,4.3441e-05,4.3441e-05,132,1,132,132,132,4,1,4,4,4
14,30,7.3499e-05,1,7.3499e-05,7.3499e-05,7.3499e-05,151,1,151,151,151,4,1,4,4,4
14,30,7.0697e-05,1,7.0697e-05,7.0697e-05,7.0697e-05,168,1,168,168,168,4,1,4,4,4
14,30,1.8572e-05,1,1.8572e-05,1.8572e-05,1.8572e-05,103,1,103,103,103,3,1,3,3,3
14,30,3.1797e-05,1,3.1797e-05,3.1797e-05,3.1797e-05,118,1,118,118,118,3,1,3,3,3
14,30,4.9106e-05,1,4.9106e-05,4.9106e-05,4.9106e-05,136,1,136,136,136,4,1,4,4,4
14,30,6.7058e-05,1,6.7058e-05,6.7058e-05,6.7058e-05,140,1,140,140,140,4,1,4,4,4
14,30,7.5835e-05,1,7.5835e-05,7.5835e-05,7.5835e-05,144,1,144,144,144,4,1,4,4,4
14,30,6.3758e-05,1,6.3758e-05,6.3758e-05,6.3758e-05,137,1,137,137,137,4,1,4,4,4
14,30,1.9148e-05,1,1.9148e-05,1.9148e-05,1.9148e-05,107,1,107,107,107,4,1,4,4,4
14,30,7.4981e-05,1,7.4981e-05,7.4981e-05,7.4981e-05,141,1,141,141,141,4,1,4,4,4
14,30,6.2207e-05,1,6.2207e-05,6.2207e-05,6.2207e-05,127,1,127,127,127,4,1,4,4,4
14,30,4.3662e-05,1,4.3662e-05,4.3662e-05,4.3662e-05,124,1,124,124,124,4,1,4,4,4
14,30,4.5141e-05,1,4.5141e-05,4.5141e-05,4.5141e-05,124,1,124,124,124,4,1,4,4,4
14,30,1.8983e-05,1,1.8983e-05,1.8983e-05,1.8983e-05,100,1,100,100,100,3,1,3,3,3
14,30,1.8915e-05,1,1.8915e-05,1.8915e-05,1.8915e-05,105,1,105,105,105,4,1,4,4,4
14,30,1.9252e-05,1,1.9252e-05,1.9252e-05,1.9252e-05,109,1,109,109,109,4,1,4,4,4
14,30,3.6206e-05,1,3.6206e-05,3.6206e-05,3.6206e-05,126,1,126,126,126,4,1,4,4,4
14,30,1.8421e-05,1,1.8421e-05,1.8421e-05,1.8421e-05,110,1,110,110,110,4,1,4,4,4
14,30,4.5404e-05,1,4.5404e-05,4.5404e-05,4.5404e-05,116,1,116,116,116,3,1,3,3,3
14,30,4.0328e-05,1,4.0328e-05,4.0328e-05,4.0328e-05,119,1,119,119,119,3,1,3,3,3
14,30,7.0537e-05,1,7.0537e-05,7.0537e-05,7.0537e-05,140,1,140,140,140,4,1,4,4,4
14,30,0.000101547,1,0.000101547,0.000101547,0.000101547,154,1,154,154,154,4,1,4,4,4
14,30,5.4687e-05,1,5.4687e-05,5.4687e-05,5.4687e-05,137,1,137,137,137,4,1,4,4,4
14,30,0.000101299,1,0.000101299,0.000101299,0.000101299,165,1,165,165,165,5,1,5,5,5
14,30,7.6677e-05,1,7.6677e-05,7.6677e-05,7.6677e-05,144,1,144,144,144,4,1,4,4,4
14,30,5.4644e-05,1,5.4644e-05,5.4644e-05,5.4644e-05,145,1,145,145,145,3,1,3,3,3
14,30,4.8167e-05,1,4.8167e-05,4.8167e-05,4.8167e-05,130,1,130,130,130,4,1,4,4,4
14,30,4.5875e-05,1,4.5875e-05,4.5875e-05,4.5875e-05,125,1,125,125,125,3,1,3,3,3
14,30,3.525e-05,1,3.525e-05,3.525e-05,3.525e-05,123,1,123,123,123,4,1,4,4,4
14,30,7.2382e-05,1,7.2382e-05,7.2382e-05,7.2382e-05,132,1,132,132,132,4,1,4,4,4
14,30,4.0176e-05,1,4.0176e-05,4.0176e-05,4.0176e-05,125,1,125,125,125,4,1,4,4,4
14,30,8.6943e-05,1,8.6943e-05,8.6943e-05,8.6943e-05,148,1,148,148,148,4,1,4,4,4
14,30,1.8432e-05,1,1.8432e-05,1.8432e-05,1.8432e-05,104,1,104,104,104,3,1,3,3,3
14,30,9.159e-05,1,9.159e-05,9.159e-05,9.159e-05,144,1,144,144,144,4,1,4,4,4
14,30,6.6524e-05,1,6.6524e-05,6.6524e-05,6.6524e-05,140,1,140,140,140,4,1,4,4,4
14,30,3.3796e-05,1,3.3796e-05,3.3796e-05,3.3796e-05,121,1,121,121,121,4,1,4,4,4
14,30,4.7476e-05,1,4.7476e-05,4.7476e-05,4.7476e-05,126,1,126,126,126,3,1,3,3,3
14,30,4.107e-05,1,4.107e-05,4.107e-05,4.107e-05,118,1,118,118,118,3,1,3,3,3
14,30,7.6943e-05,1,7.6943e-05,7.6943e-05,7.6943e-05,131,1,131,131,131,4,1,4,4,4
14,30,1.8501e-05,1,1.8501e-05,1.8501e-05,1.8501e-05,105,1,105,105,105,3,1,3,3,3
14,30,8.2828e-05,1,8.2828e-05,8.2828e-05,8.2828e-05,134,1,134,134,134,4,1,4,4,4
14,30,4.5207e-05,1,4.5207e-05,4.5207e-05,4.5207e-05,121,1,121,121,121,3,1,3,3,3
14,30,4.5501e-05,1,4.5501e-05,4.5501e-05,4.5501e-05,125,1,125,125,125,4,1,4,4,4
14,30,1.8822e-05,1,1.8822e-05,1.8822e-05,1.8822e-05,108,1,108,108,108,4,1,4,4,4
14,30,4.2153e-05,1,4.2153e-05,4.2153e-05,4.2153e-05,130,1,130,130,130,4,1,4,4,4
14,30,1.8395e-05,1,1.8395e-05,1.8395e-05,1.8395e-05,112,1,112,112,112,4,1,4,4,4
14,30,3.0968e-05,1,3.0968e-05,3.0968e-05,3.0968e-05,118,1,118,118,118,3,1,3,3,3
14,30,0.000103192,1,0.000103192,0.000103192,0.000103192,157,1,157,157,157,4,1,4,4,4
14,30,7.7631e-05,1,7.7631e-05,7.7631e-05,7.7631e-05,132,1,132,132,132,4,1,4,4,4
14,30,8.0909e-05,1,8.0909e-05,8.0909e-05,8.0909e-05,135,1,135,135,135,4,1,4,4,4
14,30,8.6481e-05,1,8.6481e-05,8.6481e-05,8.6481e-05,137,1,137,137,137,4,1,4,4,4
14,30,9.481e-05,1,9.481e-05,9.481e-05,9.481e-05,149,1,149,149,149,4,1,4,4,4
14,30,1.8849e-05,1,1.8849e-05,1.8849e-05,1.8849e-05,102,1,102,102,102,3,1,3,3,3
14,30,9.1077e-05,1,9.1077e-05,9.1077e-05,9.1077e-05,148,1,148,148,148,4,1,4,4,4
14,30,4.4429e-05,1,4.4429e-05,4.4429e-05,4.4429e-05,128,1,128,128,128,4,1,4,4,4
14,30,2.8836e-05,1,2.8836e-05,2.8836e-05,2.8836e-05,117,1,117,117,117,3,1,3,3,3
14,30,0.000106184,1,0.000106184,0.000106184,0.000106184,178,1,178,178,178,5,1,5,5,5
14,30,4.5702e-05,1,4.5702e-05,4.5702e-05,4.5702e-05,123,1,123,123,123,4,1,4,4,4
14,30,7.2912e-05,1,7.2912e-05,7.2912e-05,7.2912e-05,148,1,148,148,148,4,1,4,4,4
14,30,1.7809e-05,1,1.7809e-05,1.7809e-05,1.7809e-05,104,1,104,104,104,3,1,3,3,3
14,30,7.8176e-05,1,7.8176e-05,7.8176e-05,7.8176e-05,143,1,143,143,143,4,1,4,4,4
14,30,4.3615e-05,1,4.3615e-05,4.3615e-05,4.3615e-05,124,1,124,124,124,4,1,4,4,4
14,30,0.000100313,1,0.000100313,0.000100313,0.000100313,144,1,144,144,144,4,1,4,4,4
14,30,2.9621e-05,1,2.9621e-05,2.9621e-05,2.9621e-05,118,1,118,118,118,3,1,3,3,3
14,30,5.7653e-05,1,5.7653e-05,5.7653e-05,5.7653e-05,126,1,126,126,126,4,1,4,4,4
14,30,0.00012546,1,0.00012546,0.00012546,0.00012546,171,1,171,171,171,5,1,5,5,5
14,30,3.4435e-05,1,3.4435e-05,3.4435e-05,3.4435e-05,120,1,120,120,120,4,1,4,4,4
14,30,7.3116e-05,1,7.3116e-05,7.3116e-05,7.3116e-05,132,1,132,132,132,4,1,4,4,4
14,30,3.247e-05,1,3.247e-05,3.247e-05,3.247e-05,116,1,116,116,116,3,1,3,3,3
14,30,4.3653e-05,1,4.3653e-05,4.3653e-05,4.3653e-05,123,1,123,123,123,4,1,4,4,4
14,30,4.3408e-05,1,4.3408e-05,4.3408e-05,4.3408e-05,126,1,126,126,126,4,1,4,4,4
14,30,2.9491e-05,1,2.9491e-05,2.9491e-05,2.9491e-05,115,1,115,115,115,3,1,3,3,3
14,30,4.3375e-05,1,4.3375e-05,4.3375e-05,4.3375e-05,126,1,126,126,126,4,1,4,4,4
14,30,4.7999e-05,1,4.7999e-05,4.7999e-05,4.7999e-05,130,1,130,130,130,4,1,4,4,4
14,30,4.2739e-05,1,4.2739e-05,4.2739e-05,4.2739e-05,123,1,123,123,123,4,1,4,4,4
14,30,3.6085e-05,1,3.6085e-05,3.6085e-05,3.6085e-05,123,1,123,123,123,3,1,3,3,3
14,30,7.654e-05,1,7.654e-05,7.654e-05,7.654e-05,140,1,140,140,140,4,1,4,4,4
14,30,7.9409e-05,1,7.9409e-05,7.9409e-05,7.9409e-05,134,1,134,134,134,4,1,4,4,4
14,30,5.2505e-05,1,5.2505e-05,5.2505e-05,5.2505e-05,136,1,136,136,136,4,1,4,4,4
14,30,4.9524e-05,1,4.9524e-05,4.9524e-05,4.9524e-05,127,1,127,127,127,4,1,4,4,4
14,30,3.759e-05,1,3.759e-05,3.759e-05,3.759e-05,125,1,125,125,125,3,1,3,3,3
14,30,6.5013e-05,1,6.5013e-05,6.5013e-05,6.5013e-05,139,1,139,139,139,5,1,5,5,5
14,30,0.000105754,1,0.000105754,0.000105754,0.000105754,152,1,152,152,152,4,1,4,4,4
14,30,7.7166e-05,1,7.7166e-05,7.7166e-05,7.7166e-05,131,1,131,131,131,4,1,4,4,4
14,30,5.0163e-05,1,5.0163e-05,5.0163e-05,5.0163e-05,123,1,123,123,123,4,1,4,4,4
14,30,3.0844e-05,1,3.0844e-05,3.0844e-05,3.0844e-05,115,1,115,115,115,3,1,3,3,3
14,30,3.8254e-05,1,3.8254e-05,3.8254e-05,3.8254e-05,124,1,124,124,124,3,1,3,3,3
14,30,3.9044e-05,1,3.9044e-05,3.9044e-05,3.9044e-05,128,1,128,128,128,3,1,3,3,3
14,30,3.8696e-05,1,3.8696e-05,3.8696e-05,3.8696e-05,125,1,125,125,125,3,1,3,3,3
14,30,8.7552e-05,1,8.7552e-05,8.7552e-05,8.7552e-05,151,1,151,151,151,5,1,5,5,5
14,30,7.3533e-05,1,7.3533e-05,7.3533e-05,7.3533e-05,134,1,134,134,134,4,1,4,4,4
14,30,8.0689e-05,1,8.0689e-05,8.0689e-05,8.0689e-05,149,1,149,149,149,5,1,5,5,5
14,30,4.1257e-05,1,4.1257e-05,4.1257e-05,4.1257e-05,115,1,115,115,115,3,1,3,3,3
14,30,9.5579e-05,1,9.5579e-05,9.5579e-05,9.5579e-05,146,1,146,146,146,4,1,4,4,4
14,30,7.9975e-05,1,7.9975e-05,7.9975e-05,7.9975e-05,145,1,145,145,145,4,1,4,4,4
14,30,5.5941e-05,1,5.5941e-05,5.5941e-05,5.5941e-05,126,1,126,126,126,4,1,4,4,4
14,30,4.3362e-05,1,4.3362e-05,4.3362e-05,4.3362e-05,130,1,130,130,130,4,1,4,4,4
14,30,6.4238e-05,1,6.4238e-05,6.4238e-05,6.4238e-05,128,1,128,128,128,4,1,4,4,4
14,30,4.3861e-05,1,4.3861e-05,4.3861e-05,4.3861e-05,124,1,124,124,124,3,1,3,3,3
14,30,4.4695e-05,1,4.4695e-05,4.4695e-05,4.4695e-05,133,1,133,133,133,4,1,4,4,4
14,30,5.3066e-05,1,5.3066e-05,5.3066e-05,5.3066e-05,126,1,126,126,126,4,1,4,4,4
14,30,8.8917e-05,1,8.8917e-05,8.8917e-05,8.8917e-05,149,1,149,149,149,3,1,3,3,3
14,30,0.000102521,1,0.000102521,0.000102521,0.000102521,159,1,159,159,159,5,1,5,5,5
14,30,8.8328e-05,1,8.8328e-05,8.8328e-05,8.8328e-05,168,1,168,168,168,4,1,4,4,4
14,30,3.2237e-05,1,3.2237e-05,3.2237e-05,3.2237e-05,116,1,116,116,116,3,1,3,3,3
14,30,3.0659e-05,1,3.0659e-05,3.0659e-05,3.0659e-05,116,1,116,116,116,3,1,3,3,3
14,30,4.1281e-05,1,4.1281e-05,4.1281e-05,4.1281e-05,119,1,119,119,119,3,1,3,3,3
14,30,5.0984e-05,1,5.0984e-05,5.0984e-05,5.0984e-05,127,1,127,127,127,4,1,4,4,4
14,30,4.9178e-05,1,4.9178e-05,4.9178e-05,4.9178e-05,125,1,125,125,125,4,1,4,4,4
14,30,5.8676e-05,1,5.8676e-05,5.8676e-05,5.8676e-05,143,1,143,143,143,4,1,4,4,4
14,30,6.8028e-05,1,6.8028e-05,6.8028e-05,6.8028e-05,139,1,139,139,139,4,1,4,4,4
14,30,4.3182e-05,1,4.3182e-05,4.3182e-05,4.3182e-05,124,1,124,124,124,4,1,4,4,4
14,30,7.4139e-05,1,7.4139e-05,7.4139e-05,7.4139e-05,132,1,132,132,132,4,1,4,4,4
14,30,0.00010104,1,0.00010104,0.00010104,0.00010104,149,1,149,149,149,5,1,5,5,5
14,30,3.5467e-05,1,3.5467e-05,3.5467e-05,3.5467e-05,119,1,119,119,119,4,1,4,4,4
14,30,3.1772e-05,1,3.1772e-05,3.1772e-05,3.1772e-05,117,1,117,117,117,3,1,3,3,3
14,30,5.3256e-05,1,5.3256e-05,5.3256e-05,5.3256e-05,125,1,125,125,125,4,1,4,4,4
14,30,5.1082e-05,1,5.1082e-05,5.1082e-05,5.1082e-05,128,1,128,128,128,4,1,4,4,4
14,30,8.3551e-05,1,8.3551e-05,8.3551e-05,8.3551e-05,144,1,144,144,144,4,1,4,4,4
14,30,4.3587e-05,1,4.3587e-05,4.3587e-05,4.3587e-05,129,1,129,129,129,4,1,4,4,4
14,30,3.4487e-05,1,3.4487e-05,3.4487e-05,3.4487e-05,124,1,124,124,124,4,1,4,4,4
14,30,6.0632e-05,1,6.0632e-05,6.0632e-05,6.0632e-05,129,1,129,129,129,4,1,4,4,4
14,30,5.2643e-05,1,5.2643e-05,5.2643e-05,5.2643e-05,138,1,138,138,138,4,1,4,4,4
14,30,4.5521e-05,1,4.5521e-05,4.5521e-05,4.5521e-05,124,1,124,124,124,4,1,4,4,4
14,30,1.8076e-05,1,1.8076e-05,1.8076e-05,1.8076e-05,106,1,106,106,106,3,1,3,3,3
14,30,5.1238e-05,1,5.1238e-05,5.1238e-05,5.1238e-05,129,1,129,129,129,4,1,4,4,4
14,30,4.2121e-05,1,4.2121e-05,4.2121e-05,4.2121e-05,121,1,121,121,121,4,1,4,4,4
14,30,7.0151e-05,1,7.0151e-05,7.0151e-05,7.0151e-05,132,1,132,132,132,4,1,4,4,4
14,30,7.517e-05,1,7.517e-05,7.517e-05,7.517e-05,139,1,139,139,139,4,1,4,4,4
14,30,3.9686e-05,1,3.9686e-05,3.9686e-05,3.9686e-05,125,1,125,125,125,4,1,4,4,4
14,30,3.5024e-05,1,3.5024e-05,3.5024e-05,3.5024e-05,124,1,124,124,124,4,1,4,4,4
14,30,3.4077e-05,1,3.4077e-05,3.4077e-05,3.4077e-05,120,1,120,120,120,4,1,4,4,4
14,30,4.8603e-05,1,4.8603e-05,4.8603e-05,4.8603e-05,133,1,133,133,133,4,1,4,4,4
14,30,1.8073e-05,1,1.8073e-05,1.8073e-05,1.8073e-05,102,1,102,102,102,3,1,3,3,3
14,30,0.000100861,1,0.000100861,0.000100861,0.000100861,146,1,146,146,146,4,1,4,4,4
14,30,5.9596e-05,1,5.9596e-05,5.9596e-05,5.9596e-05,126,1,126,126,126,4,1,4,4,4
14,30,1.8684e-05,1,1.8684e-05,1.8684e-05,1.8684e-05,104,1,104,104,104,3,1,3,3,3
14,30,4.3932e-05,1,4.3932e-05,4.3932e-05,4.3932e-05,131,1,131,131,131,4,1,4,4,4
14,30,0.000100184,1,0.000100184,0.000100184,0.000100184,155,1,155,155,155,5,1,5,5,5
14,30,1.8429e-05,1,1.8429e-05,1.8429e-05,1.8429e-05,106,1,106,106,106,4,1,4,4,4
14,30,9.455e-05,1,9.455e-05,9.455e-05,9.455e-05,161,1,161,161,161,4,1,4,4,4
14,30,4.6736e-05,1,4.6736e-05,4.6736e-05,4.6736e-05,120,1,120,120,120,3,1,3,3,3
14,30,6.5374e-05,1,6.5374e-05,6.5374e-05,6.5374e-05,146,1,146,146,146,3,1,3,3,3
14,30,6.5677e-05,1,6.5677e-05,6.5677e-05,6.5677e-05,144,1,144,144,144,4,1,4,4,4
14,30,4.6367e-05,1,4.6367e-05,4.6367e-05,4.6367e-05,118,1,118,118,118,3,1,3,3,3
14,30,6.2844e-05,1,6.2844e-05,6.2844e-05,6.2844e-05,128,1,128,128,128,4,1,4,4,4
14,30,7.6321e-05,1,7.6321e-05,7.6321e-05,7.6321e-05,149,1,149,149,149,5,1,5,5,5
14,30,0.000131502,1,0.000131502,0.000131502,0.000131502,149,1,149,149,149,4,1,4,4,4
14,30,4.583e-05,1,4.583e-05,4.583e-05,4.583e-05,122,1,122,122,122,3,1,3,3,3
14,30,3.1275e-05,1,3.1275e-05,3.1275e-05,3.1275e-05,117,1,117,117,117,3,1,3,3,3
14,30,4.59e-05,1,4.59e-05,4.59e-05,4.59e-05,120,1,120,120,120,3,1,3,3,3
14,30,5.0639e-05,1,5.0639e-05,5.0639e-05,5.0639e-05,132,1,132,132,132,4,1,4,4,4
14,30,5.3328e-05,1,5.3328e-05,5.3328e-05,5.3328e-05,124,1,124,124,124,4,1,4,4,4
14,30,6.3075e-05,1,6.3075e-05,6.3075e-05,6.3075e-05,131,1,131,131,131,4,1,4,4,4
14,30,9.3281e-05,1,9.3281e-05,9.3281e-05,9.3281e-05,140,1,140,140,140,4,1,4,4,4
14,30,5.4204e-05,1,5.4204e-05,5.4204e-05,5.4204e-05,126,1,126,126,126,4,1,4,4,4
14,30,8.0696e-05,1,8.0696e-05,8.0696e-05,8.0696e-05,141,1,141,141,141,5,1,5,5,5
14,30,6.6897e-05,1,6.6897e-05,6.6897e-05,6.6897e-05,139,1,139,139,139,4,1,4,4,4
14,30,9.6875e-05,1,9.6875e-05,9.6875e-05,9.6875e-05,152,1,152,152,152,4,1,4,4,4
14,30,8.5858e-05,1,8.5858e-05,8.5858e-05,8.5858e-05,141,1,141,141,141,4,1,4,4,4
14,30,1.7576e-05,1,1.7576e-05,1.7576e-05,1.7576e-05,104,1,104,104,104,3,1,3,3,3
14,30,0.000102885,1,0.000102885,0.000102885,0.000102885,147,1,147,147,147,4,1,4,4,4
14,30,6.3677e-05,1,6.3677e-05,6.3677e-05,6.3677e-05,140,1,140,140,140,4,1,4,4,4
14,30,4.8295e-05,1,4.8295e-05,4.8295e-05,4.8295e-05,129,1,129,129,129,4,1,4,4,4
14,30,4.1035e-05,1,4.1035e-05,4.1035e-05,4.1035e-05,118,1,118,118,118,3,1,3,3,3
14,30,6.2976e-05,1,6.2976e-05,6.2976e-05,6.2976e-05,128,1,128,128,128,4,1,4,4,4
14,30,7.601e-05,1,7.601e-05,7.601e-05,7.601e-05,131,1,131,131,131,4,1,4,4,4
14,30,4.1258e-05,1,4.1258e-05,4.1258e-05,4.1258e-05,119,1,119,119,119,3,1,3,3,3
14,30,5.0348e-05,1,5.0348e-05,5.0348e-05,5.0348e-05,124,1,124,124,124,4,1,4,4,4
14,30,3.8853e-05,1,3.8853e-05,3.8853e-05,3.8853e-05,129,1,129,129,129,4,1,4,4,4
14,30,7.3041e-05,1,7.3041e-05,7.3041e-05,7.3041e-05,147,1,147,147,147,4,1,4,4,4
14,30,7.3813e-05,1,7.3813e-05,7.3813e-05,7.3813e-05,147,1,147,147,147,4,1,4,4,4
14,30,8.754e-05,1,8.754e-05,8.754e-05,8.754e-05,146,1,146,146,146,4,1,4,4,4
14,30,1.7576e-05,1,1.7576e-05,1.7576e-05,1.7576e-05,105,1,105,105,105,3,1,3,3,3
14,30,1.8564e-05,1,1.8564e-05,1.8564e-05,1.8564e-05,101,1,101,101,101,3,1,3,3,3
14,30,3.5602e-05,1,3.5602e-05,3.5602e-05,3.5602e-05,120,1,120,120,120,3,1,3,3,3
14,30,7.2781e-05,1,7.2781e-05,7.2781e-05,7.2781e-05,152,1,152,152,152,4,1,4,4,4
14,30,1.9461e-05,1,1.9461e-05,1.9461e-05,1.9461e-05,103,1,103,103,103,3,1,3,3,3
14,30,5.0257e-05,1,5.0257e-05,5.0257e-05,5.0257e-05,131,1,131,131,131,5,1,5,5,5
14,30,6.917e-05,1,6.917e-05,6.917e-05,6.917e-05,141,1,141,141,141,4,1,4,4,4
14,30,5.4852e-05,1,5.4852e-05,5.4852e-05,5.4852e-05,131,1,131,131,131,4,1,4,4,4
14,30,3.3125e-05,1,3.3125e-05,3.3125e-05,3.3125e-05,116,1,116,116,116,3,1,3,3,3
14,30,4.9781e-05,1,4.9781e-05,4.9781e-05,4.9781e-05,133,1,133,133,133,3,1,3,3,3
14,30,5.4881e-05,1,5.4881e-05,5.4881e-05,5.4881e-05,145,1,145,145,145,4,1,4,4,4
14,30,6.266e-05,1,6.266e-05,6.266e-05,6.266e-05,144,1,144,144,144,4,1,4,4,4
14,30,6.3099e-05,1,6.3099e-05,6.3099e-05,6.3099e-05,146,1,146,146,146,4,1,4,4,4
14,30,0.00011277,1,0.00011277,0.00011277,0.00011277,154,1,154,154,154,4,1,4,4,4
14,30,3.5924e-05,1,3.5924e-05,3.5924e-05,3.5924e-05,121,1,121,121,121,3,1,3,3,3
14,30,4.2576e-05,1,4.2576e-05,4.2576e-05,4.2576e-05,129,1,129,129,129,4,1,4,4,4
14,30,4.3621e-05,1,4.3621e-05,4.3621e-05,4.3621e-05,122,1,122,122,122,4,1,4,4,4
14,30,5.4351e-05,1,5.4351e-05,5.4351e-05,5.4351e-05,123,1,123,123,123,4,1,4,4,4
14,30,7.3742e-05,1,7.3742e-05,7.3742e-05,7.3742e-05,133,1,133,133,133,4,1,4,4,4
14,30,6.4457e-05,1,6.4457e-05,6.4457e-05,6.4457e-05,128,1,128,128,128,4,1,4,4,4
14,30,1.8046e-05,1,1.8046e-05,1.8046e-05,1.8046e-05,102,1,102,102,102,3,1,3,3,3
14,30,9.1189e-05,1,9.1189e-05,9.1189e-05,9.1189e-05,151,1,151,151,151,5,1,5,5,5
14,30,4.4997e-05,1,4.4997e-05,4.4997e-05,4.4997e-05,121,1,121,121,121,3,1,3,3,3
14,30,4.7634e-05,1,4.7634e-05,4.7634e-05,4.7634e-05,131,1,131,131,131,4,1,4,4,4
14,30,4.8626e-05,1,4.8626e-05,4.8626e-05,4.8626e-05,131,1,131,131,131,4,1,4,4,4
14,30,3.3148e-05,1,3.3148e-05,3.3148e-05,3.3148e-05,121,1,121,121,121,4,1,4,4,4
14,30,4.1799e-05,1,4.1799e-05,4.1799e-05,4.1799e-05,114,1,114,114,114,3,1,3,3,3
14,30,4.4652e-05,1,4.4652e-05,4.4652e-05,4.4652e-05,130,1,130,130,130,4,1,4,4,4
14,30,7.8472e-05,1,7.8472e-05,7.8472e-05,7.8472e-05,143,1,143,143,143,4,1,4,4,4
14,30,3.4112e-05,1,3.4112e-05,3.4112e-05,3.4112e-05,123,1,123,123,123,4,1,4,4,4
14,30,5.0625e-05,1,5.0625e-05,5.0625e-05,5.0625e-05,124,1,124,124,124,4,1,4,4,4
14,30,8.4998e-05,1,8.4998e-05,8.4998e-05,8.4998e-05,142,1,142,142,142,4,1,4,4,4
14,30,0.000101968,1,0.000101968,0.000101968,0.000101968,155,1,155,155,155,4,1,4,4,4
14,30,1.8352e-05,1,1.8352e-05,1.8352e-05,1.8352e-05,105,1,105,105,105,3,1,3,3,3
14,30,1.7916e-05,1,1.7916e-05,1.7916e-05,1.7916e-05,105,1,105,105,105,3,1,3,3,3
14,30,1.7956e-05,1,1.7956e-05,1.7956e-05,1.7956e-05,104,1,104,104,104,3,1,3,3,3
14,30,6.6044e-05,1,6.6044e-05,6.6044e-05,6.6044e-05,129,1,129,129,129,4,1,4,4,4
14,30,9.2092e-05,1,9.2092e-05,9.2092e-05,9.2092e-05,165,1,165,165,165,3,1,3,3,3
14,30,9.5762e-05,1,9.5762e-05,9.5762e-05,9.5762e-05,144,1,144,144,144,4,1,4,4,4
14,30,4.3346e-05,1,4.3346e-05,4.3346e-05,4.3346e-05,128,1,128,128,128,4,1,4,4,4
14,30,4.977e-05,1,4.977e-05,4.977e-05,4.977e-05,122,1,122,122,122,4,1,4,4,4
14,30,0.000108668,1,0.000108668,0.000108668,0.000108668,156,1,156,156,156,5,1,5,5,5
14,30,5.7639e-05,1,5.7639e-05,5.7639e-05,5.7639e-05,147,1,147,147,147,4,1,4,4,4
14,30,1.7924e-05,1,1.7924e-05,1.7924e-05,1.7924e-05,106,1,106,106,106,3,1,3,3,3
14,30,1.8391e-05,1,1.8391e-05,1.8391e-05,1.8391e-05,107,1,107,107,107,3,1,3,3,3
14,30,7.7031e-05,1,7.7031e-05,7.7031e-05,7.7031e-05,130,1,130,130,130,4,1,4,4,4
14,30,4.439e-05,1,4.439e-05,4.439e-05,4.439e-05,122,1,122,122,122,4,1,4,4,4
14,30,6.2018e-05,1,6.2018e-05,6.2018e-05,6.2018e-05,137,1,137,137,137,3,1,3,3,3
14,30,8.0525e-05,1,8.0525e-05,8.0525e-05,8.0525e-05,145,1,145,145,145,4,1,4,4,4
14,30,4.1215e-05,1,4.1215e-05,4.1215e-05,4.1215e-05,128,1,128,128,128,4,1,4,4,4
14,30,0.000102481,1,0.000102481,0.000102481,0.000102481,149,1,149,149,149,4,1,4,4,4
14,30,5.0552e-05,1,5.0552e-05,5.0552e-05,5.0552e-05,118,1,118,118,118,3,1,3,3,3
14,30,4.0157e-05,1,4.0157e-05,4.0157e-05,4.0157e-05,116,1,116,116,116,3,1,3,3,3
14,30,4.8398e-05,1,4.8398e-05,4.8398e-05,4.8398e-05,127,1,127,127,127,4,1,4,4,4
14,30,3.9158e-05,1,3.9158e-05,3.9158e-05,3.9158e-05,121,1,121,121,121,4,1,4,4,4
14,30,6.1029e-05,1,6.1029e-05,6.1029e-05,6.1029e-05,140,1,140,140,140,4,1,4,4,4
14,30,1.8839e-05,1,1.8839e-05,1.8839e-05,1.8839e-05,102,1,102,102,102,3,1,3,3,3
14,30,3.5256e-05,1,3.5256e-05,3.5256e-05,3.5256e-05,127,1,127,127,127,4,1,4,4,4
14,30,8.6957e-05,1,8.6957e-05,8.6957e-05,8.6957e-05,148,1,148,148,148,4,1,4,4,4
14,30,3.244e-05,1,3.244e-05,3.244e-05,3.244e-05,118,1,118,118,118,3,1,3,3,3
14,30,4.4186e-05,1,4.4186e-05,4.4186e-05,4.4186e-05,121,1,121,121,121,4,1,4,4,4
14,30,1.88e-05,1,1.88e-05,1.88e-05,1.88e-05,101,1,101,101,101,3,1,3,3,3
14,30,3.51e-05,1,3.51e-05,3.51e-05,3.51e-05,104,1,104,104,104,3,1,3,3,3
14,30,1.9037e-05,1,1.9037e-05,1.9037e-05,1.9037e-05,104,1,104,104,104,3,1,3,3,3
14,30,4.9938e-05,1,4.9938e-05,4.9938e-05,4.9938e-05,119,1,119,119,119,3,1,3,3,3
14,30,6.6566e-05,1,6.6566e-05,6.6566e-05,6.6566e-05,137,1,137,137,137,4,1,4,4,4
14,30,2.9827e-05,1,2.9827e-05,2.9827e-05,2.9827e-05,117,1,117,117,117,3,1,3,3,3
14,30,3.6945e-05,1,3.6945e-05,3.6945e-05,3.6945e-05,125,1,125,125,125,3,1,3,3,3
14,30,3.3532e-05,1,3.3532e-05,3.3532e-05,3.3532e-05,117,1,117,117,117,3,1,3,3,3
14,30,7.7291e-05,1,7.7291e-05,7.7291e-05,7.7291e-05,140,1,140,140,140,4,1,4,4,4
14,30,4.4878e-05,1,4.4878e-05,4.4878e-05,4.4878e-05,122,1,122,122,122,4,1,4,4,4
14,30,5.035e-05,1,5.035e-05,5.035e-05,5.035e-05,136,1,136,136,136,4,1,4,4,4
14,30,4.8518e-05,1,4.8518e-05,4.8518e-05,4.8518e-05,141,1,141,141,141,4,1,4,4,4
14,30,4.3433e-05,1,4.3433e-05,4.3433e-05,4.3433e-05,130,1,130,130,130,4,1,4,4,4
14,30,4.3348e-05,1,4.3348e-05,4.3348e-05,4.3348e-05,127,1,127,127,127,4,1,4,4,4
14,30,3.2568e-05,1,3.2568e-05,3.2568e-05,3.2568e-05,119,1,119,119,119,3,1,3,3,3
14,30,0.000105096,1,0.000105096,0.000105096,0.000105096,155,1,155,155,155,5,1,5,5,5
14,30,2.2348e-05,1,2.2348e-05,2.2348e-05,2.2348e-05,103,1,103,103,103,3,1,3,3,3
14,30,6.1617e-05,1,6.1617e-05,6.1617e-05,6.1617e-05,126,1,126,126,126,4,1,4,4,4
14,30,7.5831e-05,1,7.5831e-05,7.5831e-05,7.5831e-05,132,1,132,132,132,4,1,4,4,4
14,30,4.5164e-05,1,4.5164e-05,4.5164e-05,4.5164e-05,125,1,125,125,125,4,1,4,4,4
14,30,7.4771e-05,1,7.4771e-05,7.4771e-05,7.4771e-05,146,1,146,146,146,4,1,4,4,4
14,30,6.178e-05,1,6.178e-05,6.178e-05,6.178e-05,130,1,130,130,130,4,1,4,4,4
14,30,3.396e-05,1,3.396e-05,3.396e-05,3.396e-05,120,1,120,120,120,3,1,3,3,3
14,30,7.1879e-05,1,7.1879e-05,7.1879e-05,7.1879e-05,133,1,133,133,133,4,1,4,4,4
14,30,4.1918e-05,1,4.1918e-05,4.1918e-05,4.1918e-05,131,1,131,131,131,4,1,4,4,4
14,30,3.1748e-05,1,3.1748e-05,3.1748e-05,3.1748e-05,118,1,118,118,118,3,1,3,3,3
14,30,5.0365e-05,1,5.0365e-05,5.0365e-05,5.0365e-05,124,1,124,124,124,4,1,4,4,4
14,30,1.8332e-05,1,1.8332e-05,1.8332e-05,1.8332e-05,103,1,103,103,103,3,1,3,3,3
14,30,7.7565e-05,1,7.7565e-05,7.7565e-05,7.7565e-05,166,1,166,166,166,4,1,4,4,4
14,30,3.8622e-05,1,3.8622e-05,3.8622e-05,3.8622e-05,122,1,122,122,122,4,1,4,4,4
14,30,1.8618e-05,1,1.8618e-05,1.8618e-05,1.8618e-05,105,1,105,105,105,3,1,3,3,3
14,30,5.4849e-05,1,5.4849e-05,5.4849e-05,5.4849e-05,136,1,136,136,136,4,1,4,4,4
14,30,3.7491e-05,1,3.7491e-05,3.7491e-05,3.7491e-05,124,1,124,124,124,4,1,4,4,4
14,30,4.6655e-05,1,4.6655e-05,4.6655e-05,4.6655e-05,125,1,125,125,125,4,1,4,4,4
14,30,3.1657e-05,1,3.1657e-05,3.1657e-05,3.1657e-05,117,1,117,117,117,3,1,3,3,3
14,30,8.1764e-05,1,8.1764e-05,8.1764e-05,8.1764e-05,141,1,141,141,141,4,1,4,4,4
14,30,1.8228e-05,1,1.8228e-05,1.8228e-05,1.8228e-05,104,1,104,104,104,3,1,3,3,3
14,30,3.4866e-05,1,3.4866e-05,3.4866e-05,3.4866e-05,122,1,122,122,122,4,1,4,4,4
14,30,6.821e-05,1,6.821e-05,6.821e-05,6.821e-05,138,1,138,138,138,4,1,4,4,4
14,30,3.1712e-05,1,3.1712e-05,3.1712e-05,3.1712e-05,120,1,120,120,120,3,1,3,3,3
14,30,6.288e-05,1,6.288e-05,6.288e-05,6.288e-05,155,1,155,155,155,4,1,4,4,4
14,30,9.2608e-05,1,9.2608e-05,9.2608e-05,9.2608e-05,158,1,158,158,158,5,1,5,5,5
14,30,3.1045e-05,1,3.1045e-05,3.1045e-05,3.1045e-05,116,1,116,116,116,3,1,3,3,3
14,30,1.8097e-05,1,1.8097e-05,1.8097e-05,1.8097e-05,105,1,105,105,105,3,1,3,3,3
14,30,4.7149e-05,1,4.7149e-05,4.7149e-05,4.7149e-05,119,1,119,119,119,3,1,3,3,3
14,30,3.1798e-05,1,3.1798e-05,3.1798e-05,3.1798e-05,118,1,118,118,118,3,1,3,3,3
14,30,4.6951e-05,1,4.6951e-05,4.6951e-05,4.6951e-05,122,1,122,122,122,4,1,4,4,4
14,30,4.6472e-05,1,4.6472e-05,4.6472e-05,4.6472e-05,119,1,119,119,119,3,1,3,3,3
14,30,8.2094e-05,1,8.2094e-05,8.2094e-05,8.2094e-05,148,1,148,148,148,4,1,4,4,4
14,30,6.8759e-05,1,6.8759e-05,6.8759e-05,6.8759e-05,149,1,149,149,149,5,1,5,5,5
14,30,1.8818e-05,1,1.8818e-05,1.8818e-05,1.8818e-05,102,1,102,102,102,3,1,3,3,3
14,30,9.6338e-05,1,9.6338e-05,9.6338e-05,9.6338e-05,147,1,147,147,147,4,1,4,4,4
14,30,0.000136513,1,0.000136513,0.000136513,0.000136513,166,1,166,166,166,4,1,4,4,4
14,30,6.684e-05,1,6.684e-05,6.684e-05,6.684e-05,141,1,141,141,141,4,1,4,4,4
14,30,7.2101e-05,1,7.2101e-05,7.2101e-05,7.2101e-05,141,1,141,141,141,4,1,4,4,4
14,30,7.101e-05,1,7.101e-05,7.101e-05,7.101e-05,139,1,139,139,139,4,1,4,4,4
14,30,5.6889e-05,1,5.6889e-05,5.6889e-05,5.6889e-05,130,1,130,130,130,4,1,4,4,4
14,30,3.5761e-05,1,3.5761e-05,3.5761e-05,3.5761e-05,122,1,122,122,122,3,1,3,3,3
14,30,4.3584e-05,1,4.3584e-05,4.3584e-05,4.3584e-05,121,1,121,121,121,4,1,4,4,4
14,30,5.6804e-05,1,5.6804e-05,5.6804e-05,5.6804e-05,141,1,141,141,141,5,1,5,5,5
14,30,1.8295e-05,1,1.8295e-05,1.8295e-05,1.8295e-05,105,1,105,105,105,3,1,3,3,3
14,30,0.000118062,1,0.000118062,0.000118062,0.000118062,157,1,157,157,157,5,1,5,5,5
14,30,1.8059e-05,1,1.8059e-05,1.8059e-05,1.8059e-05,103,1,103,103,103,3,1,3,3,3
14,30,7.0187e-05,1,7.0187e-05,7.0187e-05,7.0187e-05,141,1,141,141,141,3,1,3,3,3
14,30,5.3593e-05,1,5.3593e-05,5.3593e-05,5.3593e-05,143,1,143,143,143,4,1,4,4,4
14,30,4.632e-05,1,4.632e-05,4.632e-05,4.632e-05,125,1,125,125,125,4,1,4,4,4
14,30,1.8066e-05,1,1.8066e-05,1.8066e-05,1.8066e-05,102,1,102,102,102,3,1,3,3,3
14,30,6.4263e-05,1,6.4263e-05,6.4263e-05,6.4263e-05,149,1,149,149,149,4,1,4,4,4
14,30,5.9008e-05,1,5.9008e-05,5.9008e-05,5.9008e-05,126,1,126,126,126,4,1,4,4,4
14,30,4.488e-05,1,4.488e-05,4.488e-05,4.488e-05,128,1,128,128,128,3,1,3,3,3
14,30,0.000133891,1,0.000133891,0.000133891,0.000133891,177,1,177,177,177,4,1,4,4,4
14,30,4.4185e-05,1,4.4185e-05,4.4185e-05,4.4185e-05,127,1,127,127,127,4,1,4,4,4
14,30,2.9265e-05,1,2.9265e-05,2.9265e-05,2.9265e-05,114,1,114,114,114,3,1,3,3,3
14,30,6.992e-05,1,6.992e-05,6.992e-05,6.992e-05,144,1,144,144,144,3,1,3,3,3
14,30,4.6608e-05,1,4.6608e-05,4.6608e-05,4.6608e-05,120,1,120,120,120,3,1,3,3,3
14,30,6.9962e-05,1,6.9962e-05,6.9962e-05,6.9962e-05,131,1,131,131,131,4,1,4,4,4
14,30,4.8617e-05,1,4.8617e-05,4.8617e-05,4.8617e-05,132,1,132,132,132,4,1,4,4,4
14,30,9.3321e-05,1,9.3321e-05,9.3321e-05,9.3321e-05,153,1,153,153,153,4,1,4,4,4
14,30,5.3285e-05,1,5.3285e-05,5.3285e-05,5.3285e-05,130,1,130,130,130,4,1,4,4,4
14,30,2.2577e-05,1,2.2577e-05,2.2577e-05,2.2577e-05,106,1,106,106,106,3,1,3,3,3
14,30,1.9178e-05,1,1.9178e-05,1.9178e-05,1.9178e-05,102,1,102,102,102,3,1,3,3,3
14,30,1.8879e-05,1,1.8879e-05,1.8879e-05,1.8879e-05,104,1,104,104,104,3,1,3,3,3
14,30,5.8697e-05,1,5.8697e-05,5.8697e-05,5.8697e-05,125,1,125,125,125,4,1,4,4,4
14,30,3.2743e-05,1,3.2743e-05,3.2743e-05,3.2743e-05,121,1,121,121,121,3,1,3,3,3
14,30,5.291e-05,1,5.291e-05,5.291e-05,5.291e-05,137,1,137,137,137,4,1,4,4,4
14,30,5.0225e-05,1,5.0225e-05,5.0225e-05,5.0225e-05,125,1,125,125,125,4,1,4,4,4
14,30,6.6128e-05,1,6.6128e-05,6.6128e-05,6.6128e-05,127,1,127,127,127,4,1,4,4,4
14,30,8.7001e-05,1,8.7001e-05,8.7001e-05,8.7001e-05,147,1,147,147,147,4,1,4,4,4
14,30,1.8856e-05,1,1.8856e-05,1.8856e-05,1.8856e-05,105,1,105,105,105,3,1,3,3,3
14,30,1.8233e-05,1,1.8233e-05,1.8233e-05,1.8233e-05,103,1,103,103,103,3,1,3,3,3
14,30,9.1352e-05,1,9.1352e-05,9.1352e-05,9.1352e-05,153,1,153,153,153,4,1,4,4,4
14,30,7.568e-05,1,7.568e-05,7.568e-05,7.568e-05,137,1,137,137,137,4,1,4,4,4
14,30,6.784e-05,1,6.784e-05,6.784e-05,6.784e-05,138,1,138,138,138,4,1,4,4,4
14,30,0.000106564,1,0.000106564,0.000106564,0.000106564,147,1,147,147,147,4,1,4,4,4
14,30,9.1734e-05,1,9.1734e-05,9.1734e-05,9.1734e-05,147,1,147,147,147,4,1,4,4,4
14,30,4.899e-05,1,4.899e-05,4.899e-05,4.899e-05,124,1,124,124,124,4,1,4,4,4
14,30,7.0759e-05,1,7.0759e-05,7.0759e-05,7.0759e-05,144,1,144,144,144,4,1,4,4,4
14,30,3.8219e-05,1,3.8219e-05,3.8219e-05,3.8219e-05,125,1,125,125,125,4,1,4,4,4
14,30,7.6638e-05,1,7.6638e-05,7.6638e-05,7.6638e-05,131,1,131,131,131,4,1,4,4,4
14,30,0.000157827,1,0.000157827,0.000157827,0.000157827,203,1,203,203,203,4,1,4,4,4
14,30,4.32e-05,1,4.32e-05,4.32e-05,4.32e-05,124,1,124,124,124,4,1,4,4,4
14,30,3.5572e-05,1,3.5572e-05,3.5572e-05,3.5572e-05,121,1,121,121,121,4,1,4,4,4
14,30,1.9108e-05,1,1.9108e-05,1.9108e-05,1.9108e-05,107,1,107,107,107,3,1,3,3,3
14,30,1.7936e-05,1,1.7936e-05,1.7936e-05,1.7936e-05,101,1,101,101,101,3,1,3,3,3
14,30,4.6111e-05,1,4.6111e-05,4.6111e-05,4.6111e-05,132,1,132,132,132,4,1,4,4,4
14,30,7.1107e-05,1,7.1107e-05,7.1107e-05,7.1107e-05,137,1,137,137,137,4,1,4,4,4
14,30,2.439e-05,1,2.439e-05,2.439e-05,2.439e-05,121,1,121,121,121,3,1,3,3,3
14,30,6.9602e-05,1,6.9602e-05,6.9602e-05,6.9602e-05,146,1,146,146,146,4,1,4,4,4
14,30,7.8954e-05,1,7.8954e-05,7.8954e-05,7.8954e-05,142,1,142,142,142,4,1,4,4,4
14,30,1.7751e-05,1,1.7751e-05,1.7751e-05,1.7751e-05,106,1,106,106,106,3,1,3,3,3
14,30,4.0677e-05,1,4.0677e-05,4.0677e-05,4.0677e-05,127,1,127,127,127,4,1,4,4,4
14,30,8.5013e-05,1,8.5013e-05,8.5013e-05,8.5013e-05,149,1,149,149,149,4,1,4,4,4
14,30,3.9591e-05,1,3.9591e-05,3.9591e-05,3.9591e-05,132,1,132,132,132,4,1,4,4,4
14,30,4.6891e-05,1,4.6891e-05,4.6891e-05,4.6891e-05,128,1,128,128,128,4,1,4,4,4
14,30,6.5547e-05,1,6.5547e-05,6.5547e-05,6.5547e-05,148,1,148,148,148,5,1,5,5,5
14,30,3.5304e-05,1,3.5304e-05,3.5304e-05,3.5304e-05,122,1,122,122,122,4,1,4,4,4
14,30,6.1156e-05,1,6.1156e-05,6.1156e-05,6.1156e-05,131,1,131,131,131,4,1,4,4,4
14,30,1.7959e-05,1,1.7959e-05,1.7959e-05,1.7959e-05,105,1,105,105,105,3,1,3,3,3
14,30,4.7274e-05,1,4.7274e-05,4.7274e-05,4.7274e-05,131,1,131,131,131,4,1,4,4,4
14,30,7.1271e-05,1,7.1271e-05,7.1271e-05,7.1271e-05,143,1,143,143,143,3,1,3,3,3
14,30,4.9331e-05,1,4.9331e-05,4.9331e-05,4.9331e-05,123,1,123,123,123,4,1,4,4,4
14,30,1.8187e-05,1,1.8187e-05,1.8187e-05,1.8187e-05,106,1,106,106,106,4,1,4,4,4
14,30,1.8625e-05,1,1.8625e-05,1.8625e-05,1.8625e-05,103,1,103,103,103,3,1,3,3,3
14,30,0.000117556,1,0.000117556,0.000117556,0.000117556,156,1,156,156,156,5,1,5,5,5
14,30,3.1319e-05,1,3.1319e-05,3.1319e-05,3.1319e-05,118,1,118,118,118,3,1,3,3,3
14,30,8.8942e-05,1,8.8942e-05,8.8942e-05,8.8942e-05,148,1,148,148,148,5,1,5,5,5
14,30,4.2997e-05,1,4.2997e-05,4.2997e-05,4.2997e-05,122,1,122,122,122,4,1,4,4,4
14,30,7.5365e-05,1,7.5365e-05,7.5365e-05,7.5365e-05,156,1,156,156,156,5,1,5,5,5
14,30,5.7885e-05,1,5.7885e-05,5.7885e-05,5.7885e-05,126,1,126,126,126,4,1,4,4,4
14,30,3.6004e-05,1,3.6004e-05,3.6004e-05,3.6004e-05,122,1,122,122,122,3,1,3,3,3
14,30,5.3181e-05,1,5.3181e-05,5.3181e-05,5.3181e-05,125,1,125,125,125,4,1,4,4,4
14,30,0.000106353,1,0.000106353,0.000106353,0.000106353,140,1,140,140,140,4,1,4,4,4
14,30,4.6663e-05,1,4.6663e-05,4.6663e-05,4.6663e-05,118,1,118,118,118,3,1,3,3,3
14,30,3.0532e-05,1,3.0532e-05,3.0532e-05,3.0532e-05,121,1,121,121,121,4,1,4,4,4
14,30,8.4916e-05,1,8.4916e-05,8.4916e-05,8.4916e-05,149,1,149,149,149,4,1,4,4,4
14,30,4.3438e-05,1,4.3438e-05,4.3438e-05,4.3438e-05,125,1,125,125,125,4,1,4,4,4
14,30,1.85e-05,1,1.85e-05,1.85e-05,1.85e-05,104,1,104,104,104,3,1,3,3,3
14,30,4.965e-05,1,4.965e-05,4.965e-05,4.965e-05,124,1,124,124,124,4,1,4,4,4
14,30,6.432e-05,1,6.432e-05,6.432e-05,6.432e-05,146,1,146,146,146,4,1,4,4,4
14,30,0.000121644,1,0.000121644,0.000121644,0.000121644,157,1,157,157,157,5,1,5,5,5
14,30,1.8877e-05,1,1.8877e-05,1.8877e-05,1.8877e-05,103,1,103,103,103,3,1,3,3,3
14,30,9.1821e-05,1,9.1821e-05,9.1821e-05,9.1821e-05,152,1,152,152,152,4,1,4,4,4
14,30,8.2356e-05,1,8.2356e-05,8.2356e-05,8.2356e-05,132,1,132,132,132,4,1,4,4,4
14,30,3.8642e-05,1,3.8642e-05,3.8642e-05,3.8642e-05,124,1,124,124,124,4,1,4,4,4
14,30,6.2139e-05,1,6.2139e-05,6.2139e-05,6.2139e-05,127,1,127,127,127,4,1,4,4,4
14,30,4.5384e-05,1,4.5384e-05,4.5384e-05,4.5384e-05,140,1,140,140,140,4,1,4,4,4
14,30,1.7757e-05,1,1.7757e-05,1.7757e-05,1.7757e-05,102,1,102,102,102,3,1,3,3,3
14,30,3.266e-05,1,3.266e-05,3.266e-05,3.266e-05,117,1,117,117,117,3,1,3,3,3
14,30,4.9979e-05,1,4.9979e-05,4.9979e-05,4.9979e-05,133,1,133,133,133,4,1,4,4,4
14,30,3.6847e-05,1,3.6847e-05,3.6847e-05,3.6847e-05,123,1,123,123,123,3,1,3,3,3
14,30,3.4212e-05,1,3.4212e-05,3.4212e-05,3.4212e-05,129,1,129,129,129,4,1,4,4,4
14,30,3.1229e-05,1,3.1229e-05,3.1229e-05,3.1229e-05,121,1,121,121,121,3,1,3,3,3
14,30,1.8758e-05,1,1.8758e-05,1.8758e-05,1.8758e-05,103,1,103,103,103,3,1,3,3,3
14,30,5.6496e-05,1,5.6496e-05,5.6496e-05,5.6496e-05,131,1,131,131,131,4,1,4,4,4
14,30,1.839e-05,1,1.839e-05,1.839e-05,1.839e-05,105,1,105,105,105,3,1,3,3,3
14,30,1.9161e-05,1,1.9161e-05,1.9161e-05,1.9161e-05,109,1,109,109,109,4,1,4,4,4
14,30,7.2475e-05,1,7.2475e-05,7.2475e-05,7.2475e-05,145,1,145,145,145,4,1,4,4,4
14,30,9.5707e-05,1,9.5707e-05,9.5707e-05,9.5707e-05,150,1,150,150,150,5,1,5,5,5
14,30,5.1456e-05,1,5.1456e-05,5.1456e-05,5.1456e-05,126,1,126,126,126,4,1,4,4,4
14,30,3.4704e-05,1,3.4704e-05,3.4704e-05,3.4704e-05,121,1,121,121,121,4,1,4,4,4
14,30,0.000132395,1,0.000132395,0.000132395,0.000132395,175,1,175,175,175,5,1,5,5,5
14,30,8.5698e-05,1,8.5698e-05,8.5698e-05,8.5698e-05,150,1,150,150,150,4,1,4,4,4
14,30,1.8497e-05,1,1.8497e-05,1.8497e-05,1.8497e-05,105,1,105,105,105,3,1,3,3,3
14,30,1.8752e-05,1,1.8752e-05,1.8752e-05,1.8752e-05,103,1,103,103,103,3,1,3,3,3
14,30,3.9372e-05,1,3.9372e-05,3.9372e-05,3.9372e-05,119,1,119,119,119,4,1,4,4,4
14,30,4.5574e-05,1,4.5574e-05,4.5574e-05,4.5574e-05,123,1,123,123,123,4,1,4,4,4
14,30,1.8353e-05,1,1.8353e-05,1.8353e-05,1.8353e-05,105,1,105,105,105,3,1,3,3,3
14,30,7.2554e-05,1,7.2554e-05,7.2554e-05,7.2554e-05,132,1,132,132,132,4,1,4,4,4
14,30,5.5973e-05,1,5.5973e-05,5.5973e-05,5.5973e-05,126,1,126,126,126,4,1,4,4,4
14,30,7.7281e-05,1,7.7281e-05,7.7281e-05,7.7281e-05,150,1,150,150,150,5,1,5,5,5
14,30,7.3576e-05,1,7.3576e-05,7.3576e-05,7.3576e-05,137,1,137,137,137,4,1,4,4,4
14,30,6.04e-05,1,6.04e-05,6.04e-05,6.04e-05,151,1,151,151,151,4,1,4,4,4
14,30,6.2953e-05,1,6.2953e-05,6.2953e-05,6.2953e-05,139,1,139,139,139,4,1,4,4,4
14,30,6.1732e-05,1,6.1732e-05,6.1732e-05,6.1732e-05,127,1,127,127,127,4,1,4,4,4
14,30,4.309e-05,1,4.309e-05,4.309e-05,4.309e-05,132,1,132,132,132,4,1,4,4,4
14,30,7.3598e-05,1,7.3598e-05,7.3598e-05,7.3598e-05,148,1,148,148,148,4,1,4,4,4
14,30,3.2934e-05,1,3.2934e-05,3.2934e-05,3.2934e-05,119,1,119,119,119,3,1,3,3,3
14,30,1.882e-05,1,1.882e-05,1.882e-05,1.882e-05,104,1,104,104,104,3,1,3,3,3
14,30,5.9162e-05,1,5.9162e-05,5.9162e-05,5.9162e-05,141,1,141,141,141,3,1,3,3,3
14,30,3.6077e-05,1,3.6077e-05,3.6077e-05,3.6077e-05,122,1,122,122,122,3,1,3,3,3
14,30,4.5666e-05,1,4.5666e-05,4.5666e-05,4.5666e-05,125,1,125,125,125,4,1,4,4,4
14,30,1.8708e-05,1,1.8708e-05,1.8708e-05,1.8708e-05,103,1,103,103,103,3,1,3,3,3
14,30,1.7835e-05,1,1.7835e-05,1.7835e-05,1.7835e-05,104,1,104,104,104,3,1,3,3,3
14,30,1.902e-05,1,1.902e-05,1.902e-05,1.902e-05,107,1,107,107,107,3,1,3,3,3
14,30,4.4189e-05,1,4.4189e-05,4.4189e-05,4.4189e-05,119,1,119,119,119,4,1,4,4,4
14,30,1.903e-05,1,1.903e-05,1.903e-05,1.903e-05,102,1,102,102,102,3,1,3,3,3
14,30,2.8446e-05,1,2.8446e-05,2.8446e-05,2.8446e-05,117,1,117,117,117,3,1,3,3,3
14,30,9.7251e-05,1,9.7251e-05,9.7251e-05,9.7251e-05,147,1,147,147,147,5,1,5,5,5
14,30,4.5542e-05,1,4.5542e-05,4.5542e-05,4.5542e-05,124,1,124,124,124,4,1,4,4,4
14,30,2.0363e-05,1,2.0363e-05,2.0363e-05,2.0363e-05,110,1,110,110,110,4,1,4,4,4
14,30,5.2152e-05,1,5.2152e-05,5.2152e-05,5.2152e-05,124,1,124,124,124,4,1,4,4,4
14,30,4.8123e-05,1,4.8123e-05,4.8123e-05,4.8123e-05,126,1,126,126,126,4,1,4,4,4
14,30,5.2753e-05,1,5.2753e-05,5.2753e-05,5.2753e-05,126,1,126,126,126,4,1,4,4,4
14,30,4.7482e-05,1,4.7482e-05,4.7482e-05,4.7482e-05,122,1,122,122,122,4,1,4,4,4
14,30,4.8209e-05,1,4.8209e-05,4.8209e-05,4.8209e-05,135,1,135,135,135,3,1,3,3,3
14,30,6.3594e-05,1,6.3594e-05,6.3594e-05,6.3594e-05,123,1,123,123,123,3,1,3,3,3
14,30,5.5252e-05,1,5.5252e-05,5.5252e-05,5.5252e-05,134,1,134,134,134,4,1,4,4,4
14,30,1.815e-05,1,1.815e-05,1.815e-05,1.815e-05,106,1,106,106,106,4,1,4,4,4
14,30,5.2841e-05,1,5.2841e-05,5.2841e-05,5.2841e-05,124,1,124,124,124,4,1,4,4,4
14,30,7.9715e-05,1,7.9715e-05,7.9715e-05,7.9715e-05,142,1,142,142,142,5,1,5,5,5
14,30,1.8556e-05,1,1.8556e-05,1.8556e-05,1.8556e-05,106,1,106,106,106,3,1,3,3,3
14,30,3.5578e-05,1,3.5578e-05,3.5578e-05,3.5578e-05,125,1,125,125,125,4,1,4,4,4
14,30,6.0636e-05,1,6.0636e-05,6.0636e-05,6.0636e-05,127,1,127,127,127,4,1,4,4,4
14,30,9.2878e-05,1,9.2878e-05,9.2878e-05,9.2878e-05,148,1,148,148,148,4,1,4,4,4
14,30,9.9736e-05,1,9.9736e-05,9.9736e-05,9.9736e-05,145,1,145,145,145,4,1,4,4,4
14,30,3.3009e-05,1,3.3009e-05,3.3009e-05,3.3009e-05,117,1,117,117,117,3,1,3,3,3
14,30,3.9178e-05,1,3.9178e-05,3.9178e-05,3.9178e-05,122,1,122,122,122,4,1,4,4,4
14,30,5.2376e-05,1,5.2376e-05,5.2376e-05,5.2376e-05,129,1,129,129,129,4,1,4,4,4
14,30,0.000112177,1,0.000112177,0.000112177,0.000112177,159,1,159,159,159,5,1,5,5,5
14,30,7.7901e-05,1,7.7901e-05,7.7901e-05,7.7901e-05,147,1,147,147,147,4,1,4,4,4
14,30,5.2256e-05,1,5.2256e-05,5.2256e-05,5.2256e-05,120,1,120,120,120,3,1,3,3,3
14,30,4.5223e-05,1,4.5223e-05,4.5223e-05,4.5223e-05,132,1,132,132,132,4,1,4,4,4
14,30,4.6013e-05,1,4.6013e-05,4.6013e-05,4.6013e-05,134,1,134,134,134,3,1,3,3,3
14,30,5.4857e-05,1,5.4857e-05,5.4857e-05,5.4857e-05,123,1,123,123,123,4,1,4,4,4
14,30,3.5066e-05,1,3.5066e-05,3.5066e-05,3.5066e-05,125,1,125,125,125,4,1,4,4,4
14,30,4.394e-05,1,4.394e-05,4.394e-05,4.394e-05,126,1,126,126,126,4,1,4,4,4
14,30,7.4133e-05,1,7.4133e-05,7.4133e-05,7.4133e-05,144,1,144,144,144,4,1,4,4,4
14,30,8.5742e-05,1,8.5742e-05,8.5742e-05,8.5742e-05,149,1,149,149,149,4,1,4,4,4
14,30,3.1768e-05,1,3.1768e-05,3.1768e-05,3.1768e-05,118,1,118,118,118,3,1,3,3,3
14,30,7.3332e-05,1,7.3332e-05,7.3332e-05,7.3332e-05,146,1,146,146,146,4,1,4,4,4
14,30,4.6153e-05,1,4.6153e-05,4.6153e-05,4.6153e-05,118,1,118,118,118,3,1,3,3,3
14,30,4.3329e-05,1,4.3329e-05,4.3329e-05,4.3329e-05,128,1,128,128,128,4,1,4,4,4
14,30,4.0058e-05,1,4.0058e-05,4.0058e-05,4.0058e-05,119,1,119,119,119,3,1,3,3,3
14,30,2.4986e-05,1,2.4986e-05,2.4986e-05,2.4986e-05,116,1,116,116,116,3,1,3,3,3
14,30,7.6165e-05,1,7.6165e-05,7.6165e-05,7.6165e-05,142,1,142,142,142,4,1,4,4,4
14,30,0.000126578,1,0.000126578,0.000126578,0.000126578,160,1,160,160,160,5,1,5,5,5
14,30,1.8586e-05,1,1.8586e-05,1.8586e-05,1.8586e-05,102,1,102,102,102,3,1,3,3,3
14,30,5.0964e-05,1,5.0964e-05,5.0964e-05,5.0964e-05,121,1,121,121,121,4,1,4,4,4
14,30,5.0183e-05,1,5.0183e-05,5.0183e-05,5.0183e-05,120,1,120,120,120,3,1,3,3,3
14,30,7.3519e-05,1,7.3519e-05,7.3519e-05,7.3519e-05,132,1,132,132,132,4,1,4,4,4
14,30,0.000104853,1,0.000104853,0.000104853,0.000104853,153,1,153,153,153,5,1,5,5,5
14,30,1.9271e-05,1,1.9271e-05,1.9271e-05,1.9271e-05,106,1,106,106,106,3,1,3,3,3
14,30,4.9731e-05,1,4.9731e-05,4.9731e-05,4.9731e-05,128,1,128,128,128,4,1,4,4,4
14,30,3.1544e-05,1,3.1544e-05,3.1544e-05,3.1544e-05,114,1,114,114,114,3,1,3,3,3
14,30,8.0449e-05,1,8.0449e-05,8.0449e-05,8.0449e-05,131,1,131,131,131,4,1,4,4,4
14,30,5.1354e-05,1,5.1354e-05,5.1354e-05,5.1354e-05,123,1,123,123,123,4,1,4,4,4
14,30,3.5721e-05,1,3.5721e-05,3.5721e-05,3.5721e-05,122,1,122,122,122,4,1,4,4,4
14,30,4.4502e-05,1,4.4502e-05,4.4502e-05,4.4502e-05,126,1,126,126,126,4,1,4,4,4
14,30,6.8039e-05,1,6.8039e-05,6.8039e-05,6.8039e-05,135,1,135,135,135,3,1,3,3,3
14,30,6.1266e-05,1,6.1266e-05,6.1266e-05,6.1266e-05,130,1,130,130,130,4,1,4,4,4
14,30,4.4884e-05,1,4.4884e-05,4.4884e-05,4.4884e-05,119,1,119,119,119,3,1,3,3,3
14,30,3.1883e-05,1,3.1883e-05,3.1883e-05,3.1883e-05,117,1,117,117,117,3,1,3,3,3
14,30,7.5357e-05,1,7.5357e-05,7.5357e-05,7.5357e-05,153,1,153,153,153,3,1,3,3,3
14,30,7.1337e-05,1,7.1337e-05,7.1337e-05,7.1337e-05,156,1,156,156,156,4,1,4,4,4
14,30,6.5678e-05,1,6.5678e-05,6.5678e-05,6.5678e-05,144,1,144,144,144,4,1,4,4,4
14,30,7.3577e-05,1,7.3577e-05,7.3577e-05,7.3577e-05,146,1,146,146,146,4,1,4,4,4
14,30,4.3863e-05,1,4.3863e-05,4.3863e-05,4.3863e-05,122,1,122,122,122,4,1,4,4,4
14,30,1.8717e-05,1,1.8717e-05,1.8717e-05,1.8717e-05,104,1,104,104,104,3,1,3,3,3
14,30,9.0154e-05,1,9.0154e-05,9.0154e-05,9.0154e-05,146,1,146,146,146,4,1,4,4,4
14,30,1.7738e-05,1,1.7738e-05,1.7738e-05,1.7738e-05,105,1,105,105,105,3,1,3,3,3
14,30,3.4311e-05,1,3.4311e-05,3.4311e-05,3.4311e-05,131,1,131,131,131,4,1,4,4,4
14,30,1.7901e-05,1,1.7901e-05,1.7901e-05,1.7901e-05,103,1,103,103,103,3,1,3,3,3
14,30,3.2006e-05,1,3.2006e-05,3.2006e-05,3.2006e-05,120,1,120,120,120,3,1,3,3,3
14,30,3.2463e-05,1,3.2463e-05,3.2463e-05,3.2463e-05,119,1,119,119,119,3,1,3,3,3
14,30,9.1704e-05,1,9.1704e-05,9.1704e-05,9.1704e-05,156,1,156,156,156,5,1,5,5,5
14,30,4.7877e-05,1,4.7877e-05,4.7877e-05,4.7877e-05,133,1,133,133,133,4,1,4,4,4
14,30,1.8637e-05,1,1.8637e-05,1.8637e-05,1.8637e-05,101,1,101,101,101,3,1,3,3,3
14,30,1.7633e-05,1,1.7633e-05,1.7633e-05,1.7633e-05,102,1,102,102,102,3,1,3,3,3
14,30,3.5636e-05,1,3.5636e-05,3.5636e-05,3.5636e-05,130,1,130,130,130,4,1,4,4,4
14,30,4.9668e-05,1,4.9668e-05,4.9668e-05,4.9668e-05,123,1,123,123,123,4,1,4,4,4
14,30,6.5367e-05,1,6.5367e-05,6.5367e-05,6.5367e-05,141,1,141,141,141,4,1,4,4,4
14,30,4.3446e-05,1,4.3446e-05,4.3446e-05,4.3446e-05,125,1,125,125,125,4,1,4,4,4
14,30,9.603e-05,1,9.603e-05,9.603e-05,9.603e-05,145,1,145,145,145,4,1,4,4,4
14,30,3.0038e-05,1,3.0038e-05,3.0038e-05,3.0038e-05,117,1,117,117,117,3,1,3,3,3
14,30,4.4261e-05,1,4.4261e-05,4.4261e-05,4.4261e-05,139,1,139,139,139,3,1,3,3,3
14,30,5.6123e-05,1,5.6123e-05,5.6123e-05,5.6123e-05,127,1,127,127,127,4,1,4,4,4
14,30,3.3282e-05,1,3.3282e-05,3.3282e-05,3.3282e-05,119,1,119,119,119,4,1,4,4,4
14,30,1.8504e-05,1,1.8504e-05,1.8504e-05,1.8504e-05,106,1,106,106,106,3,1,3,3,3
14,30,4.484e-05,1,4.484e-05,4.484e-05,4.484e-05,118,1,118,118,118,3,1,3,3,3
14,30,6.0273e-05,1,6.0273e-05,6.0273e-05,6.0273e-05,129,1,129,129,129,4,1,4,4,4
14,30,3.9283e-05,1,3.9283e-05,3.9283e-05,3.9283e-05,123,1,123,123,123,4,1,4,4,4
14,30,3.6475e-05,1,3.6475e-05,3.6475e-05,3.6475e-05,123,1,123,123,123,3,1,3,3,3
14,30,1.9264e-05,1,1.9264e-05,1.9264e-05,1.9264e-05,107,1,107,107,107,3,1,3,3,3
14,30,4.5055e-05,1,4.5055e-05,4.5055e-05,4.5055e-05,127,1,127,127,127,4,1,4,4,4
14,30,3.4852e-05,1,3.4852e-05,3.4852e-05,3.4852e-05,129,1,129,129,129,4,1,4,4,4
14,30,5.1974e-05,1,5.1974e-05,5.1974e-05,5.1974e-05,140,1,140,140,140,3,1,3,3,3
14,30,6.6265e-05,1,6.6265e-05,6.6265e-05,6.6265e-05,135,1,135,135,135,4,1,4,4,4
14,30,4.004e-05,1,4.004e-05,4.004e-05,4.004e-05,129,1,129,129,129,4,1,4,4,4
14,30,8.7532e-05,1,8.7532e-05,8.7532e-05,8.7532e-05,147,1,147,147,147,4,1,4,4,4
14,30,5.3978e-05,1,5.3978e-05,5.3978e-05,5.3978e-05,124,1,124,124,124,4,1,4,4,4
14,30,5.5439e-05,1,5.5439e-05,5.5439e-05,5.5439e-05,139,1,139,139,139,4,1,4,4,4
14,30,1.8263e-05,1,1.8263e-05,1.8263e-05,1.8263e-05,105,1,105,105,105,3,1,3,3,3
14,30,8.7835e-05,1,8.7835e-05,8.7835e-05,8.7835e-05,153,1,153,153,153,4,1,4,4,4
14,30,4.8578e-05,1,4.8578e-05,4.8578e-05,4.8578e-05,123,1,123,123,123,4,1,4,4,4
14,30,4.9126e-05,1,4.9126e-05,4.9126e-05,4.9126e-05,127,1,127,127,127,4,1,4,4,4
14,30,9.8855e-05,1,9.8855e-05,9.8855e-05,9.8855e-05,147,1,147,147,147,4,1,4,4,4
14,30,6.6206e-05,1,6.6206e-05,6.6206e-05,6.6206e-05,141,1,141,141,141,3,1,3,3,3
14,30,6.4264e-05,1,6.4264e-05,6.4264e-05,6.4264e-05,135,1,135,135,135,4,1,4,4,4
14,30,1.8628e-05,1,1.8628e-05,1.8628e-05,1.8628e-05,103,1,103,103,103,3,1,3,3,3
14,30,5.4889e-05,1,5.4889e-05,5.4889e-05,5.4889e-05,126,1,126,126,126,4,1,4,4,4
14,30,5.197e-05,1,5.197e-05,5.197e-05,5.197e-05,136,1,136,136,136,3,1,3,3,3
14,30,3.2474e-05,1,3.2474e-05,3.2474e-05,3.2474e-05,121,1,121,121,121,3,1,3,3,3
14,30,1.85e-05,1,1.85e-05,1.85e-05,1.85e-05,107,1,107,107,107,4,1,4,4,4
14,30,1.8071e-05,1,1.8071e-05,1.8071e-05,1.8071e-05,103,1,103,103,103,3,1,3,3,3
14,30,3.4107e-05,1,3.4107e-05,3.4107e-05,3.4107e-05,122,1,122,122,122,3,1,3,3,3
14,30,6.4385e-05,1,6.4385e-05,6.4385e-05,6.4385e-05,128,1,128,128,128,4,1,4,4,4
14,30,3.0234e-05,1,3.0234e-05,3.0234e-05,3.0234e-05,114,1,114,114,114,3,1,3,3,3
14,30,2.825e-05,1,2.825e-05,2.825e-05,2.825e-05,112,1,112,112,112,3,1,3,3,3
14,30,4.6149e-05,1,4.6149e-05,4.6149e-05,4.6149e-05,126,1,126,126,126,4,1,4,4,4
14,30,6.9372e-05,1,6.9372e-05,6.9372e-05,6.9372e-05,130,1,130,130,130,4,1,4,4,4
14,30,3.9987e-05,1,3.9987e-05,3.9987e-05,3.9987e-05,123,1,123,123,123,4,1,4,4,4
14,30,0.000108397,1,0.000108397,0.000108397,0.000108397,166,1,166,166,166,4,1,4,4,4
14,30,5.6839e-05,1,5.6839e-05,5.6839e-05,5.6839e-05,139,1,139,139,139,3,1,3,3,3
14,30,8.3963e-05,1,8.3963e-05,8.3963e-05,8.3963e-05,142,1,142,142,142,4,1,4,4,4
14,30,1.8183e-05,1,1.8183e-05,1.8183e-05,1.8183e-05,110,1,110,110,110,4,1,4,4,4
14,30,1.8767e-05,1,1.8767e-05,1.8767e-05,1.8767e-05,107,1,107,107,107,4,1,4,4,4
14,30,0.000104605,1,0.000104605,0.000104605,0.000104605,152,1,152,152,152,5,1,5,5,5
14,30,1.7524e-05,1,1.7524e-05,1.7524e-05,1.7524e-05,103,1,103,103,103,3,1,3,3,3
14,30,6.7507e-05,1,6.7507e-05,6.7507e-05,6.7507e-05,137,1,137,137,137,4,1,4,4,4
14,30,6.2177e-05,1,6.2177e-05,6.2177e-05,6.2177e-05,134,1,134,134,134,4,1,4,4,4
14,30,4.1655e-05,1,4.1655e-05,4.1655e-05,4.1655e-05,124,1,124,124,124,4,1,4,4,4
14,30,3.3551e-05,1,3.3551e-05,3.3551e-05,3.3551e-05,117,1,117,117,117,3,1,3,3,3
14,30,4.0044e-05,1,4.0044e-05,4.0044e-05,4.0044e-05,117,1,117,117,117,3,1,3,3,3
14,30,5.649e-05,1,5.649e-05,5.649e-05,5.649e-05,140,1,140,140,140,4,1,4,4,4
14,30,7.1381e-05,1,7.1381e-05,7.1381e-05,7.1381e-05,139,1,139,139,139,4,1,4,4,4
14,30,4.4462e-05,1,4.4462e-05,4.4462e-05,4.4462e-05,122,1,122,122,122,4,1,4,4,4
14,30,5.2568e-05,1,5.2568e-05,5.2568e-05,5.2568e-05,143,1,143,143,143,4,1,4,4,4
14,30,5.5838e-05,1,5.5838e-05,5.5838e-05,5.5838e-05,141,1,141,141,141,4,1,4,4,4
14,30,7.7976e-05,1,7.7976e-05,7.7976e-05,7.7976e-05,142,1,142,142,142,4,1,4,4,4
14,30,7.8907e-05,1,7.8907e-05,7.8907e-05,7.8907e-05,144,1,144,144,144,4,1,4,4,4
14,30,5.509e-05,1,5.509e-05,5.509e-05,5.509e-05,135,1,135,135,135,3,1,3,3,3
14,30,5.3666e-05,1,5.3666e-05,5.3666e-05,5.3666e-05,125,1,125,125,125,4,1,4,4,4
14,30,5.38e-05,1,5.38e-05,5.38e-05,5.38e-05,128,1,128,128,128,4,1,4,4,4
14,30,6.7081e-05,1,6.7081e-05,6.7081e-05,6.7081e-05,129,1,129,129,129,4,1,4,4,4
14,30,5.4219e-05,1,5.4219e-05,5.4219e-05,5.4219e-05,127,1,127,127,127,4,1,4,4,4
14,30,4.0613e-05,1,4.0613e-05,4.0613e-05,4.0613e-05,117,1,117,117,117,3,1,3,3,3
14,30,1.8209e-05,1,1.8209e-05,1.8209e-05,1.8209e-05,108,1,108,108,108,4,1,4,4,4
14,30,4.0059e-05,1,4.0059e-05,4.0059e-05,4.0059e-05,121,1,121,121,121,3,1,3,3,3
14,30,4.442e-05,1,4.442e-05,4.442e-05,4.442e-05,121,1,121,121,121,4,1,4,4,4
14,30,8.0388e-05,1,8.0388e-05,8.0388e-05,8.0388e-05,139,1,139,139,139,4,1,4,4,4
14,30,0.000100024,1,0.000100024,0.000100024,0.000100024,148,1,148,148,148,4,1,4,4,4
14,30,3.1733e-05,1,3.1733e-05,3.1733e-05,3.1733e-05,116,1,116,116,116,3,1,3,3,3
14,30,5.1186e-05,1,5.1186e-05,5.1186e-05,5.1186e-05,141,1,141,141,141,3,1,3,3,3
14,30,1.8655e-05,1,1.8655e-05,1.8655e-05,1.8655e-05,106,1,106,106,106,4,1,4,4,4
14,30,0.000129073,1,0.000129073,0.000129073,0.000129073,174,1,174,174,174,5,1,5,5,5
14,30,5.3911e-05,1,5.3911e-05,5.3911e-05,5.3911e-05,130,1,130,130,130,4,1,4,4,4
14,30,5.7042e-05,1,5.7042e-05,5.7042e-05,5.7042e-05,124,1,124,124,124,4,1,4,4,4
14,30,8.8507e-05,1,8.8507e-05,8.8507e-05,8.8507e-05,136,1,136,136,136,4,1,4,4,4
14,30,5.6778e-05,1,5.6778e-05,5.6778e-05,5.6778e-05,138,1,138,138,138,3,1,3,3,3
14,30,2.4036e-05,1,2.4036e-05,2.4036e-05,2.4036e-05,117,1,117,117,117,3,1,3,3,3
14,30,3.9013e-05,1,3.9013e-05,3.9013e-05,3.9013e-05,130,1,130,130,130,4,1,4,4,4
14,30,6.339e-05,1,6.339e-05,6.339e-05,6.339e-05,130,1,130,130,130,4,1,4,4,4
14,30,5.1683e-05,1,5.1683e-05,5.1683e-05,5.1683e-05,128,1,128,128,128,4,1,4,4,4
14,30,6.3337e-05,1,6.3337e-05,6.3337e-05,6.3337e-05,140,1,140,140,140,4,1,4,4,4
14,30,7.2907e-05,1,7.2907e-05,7.2907e-05,7.2907e-05,133,1,133,133,133,4,1,4,4,4
14,30,1.7914e-05,1,1.7914e-05,1.7914e-05,1.7914e-05,102,1,102,102,102,3,1,3,3,3
14,30,5.4167e-05,1,5.4167e-05,5.4167e-05,5.4167e-05,125,1,125,125,125,4,1,4,4,4
14,30,2.8635e-05,1,2.8635e-05,2.8635e-05,2.8635e-05,117,1,117,117,117,3,1,3,3,3
14,30,1.7931e-05,1,1.7931e-05,1.7931e-05,1.7931e-05,107,1,107,107,107,3,1,3,3,3
14,30,3.411e-05,1,3.411e-05,3.411e-05,3.411e-05,120,1,120,120,120,4,1,4,4,4
14,30,7.0193e-05,1,7.0193e-05,7.0193e-05,7.0193e-05,130,1,130,130,130,4,1,4,4,4
14,30,1.7613e-05,1,1.7613e-05,1.7613e-05,1.7613e-05,102,1,102,102,102,3,1,3,3,3
14,30,0.000124862,1,0.000124862,0.000124862,0.000124862,166,1,166,166,166,5,1,5,5,5
14,30,3.2252e-05,1,3.2252e-05,3.2252e-05,3.2252e-05,118,1,118,118,118,3,1,3,3,3
14,30,6.6339e-05,1,6.6339e-05,6.6339e-05,6.6339e-05,136,1,136,136,136,4,1,4,4,4
14,30,6.3117e-05,1,6.3117e-05,6.3117e-05,6.3117e-05,127,1,127,127,127,4,1,4,4,4
14,30,8.3085e-05,1,8.3085e-05,8.3085e-05,8.3085e-05,144,1,144,144,144,4,1,4,4,4
14,30,8.038e-05,1,8.038e-05,8.038e-05,8.038e-05,140,1,140,140,140,4,1,4,4,4
14,30,4.3519e-05,1,4.3519e-05,4.3519e-05,4.3519e-05,136,1,136,136,136,4,1,4,4,4
14,30,7.0789e-05,1,7.0789e-05,7.0789e-05,7.0789e-05,136,1,136,136,136,4,1,4,4,4
14,30,8.2859e-05,1,8.2859e-05,8.2859e-05,8.2859e-05,150,1,150,150,150,4,1,4,4,4
14,30,6.7442e-05,1,6.7442e-05,6.7442e-05,6.7442e-05,144,1,144,144,144,4,1,4,4,4
14,30,7.1656e-05,1,7.1656e-05,7.1656e-05,7.1656e-05,141,1,141,141,141,4,1,4,4,4
14,30,2.0204e-05,1,2.0204e-05,2.0204e-05,2.0204e-05,102,1,102,102,102,3,1,3,3,3
14,30,9.2173e-05,1,9.2173e-05,9.2173e-05,9.2173e-05,135,1,135,135,135,4,1,4,4,4
14,30,6.8257e-05,1,6.8257e-05,6.8257e-05,6.8257e-05,128,1,128,128,128,4,1,4,4,4
14,30,8.9847e-05,1,8.9847e-05,8.9847e-05,8.9847e-05,136,1,136,136,136,4,1,4,4,4
14,30,6.0397e-05,1,6.0397e-05,6.0397e-05,6.0397e-05,128,1,128,128,128,4,1,4,4,4
14,30,6.3915e-05,1,6.3915e-05,6.3915e-05,6.3915e-05,128,1,128,128,128,4,1,4,4,4
14,30,6.345e-05,1,6.345e-05,6.345e-05,6.345e-05,136,1,136,136,136,4,1,4,4,4
14,30,1.7966e-05,1,1.7966e-05,1.7966e-05,1.7966e-05,107,1,107,107,107,3,1,3,3,3
14,30,3.6622e-05,1,3.6622e-05,3.6622e-05,3.6622e-05,123,1,123,123,123,3,1,3,3,3
14,30,1.8136e-05,1,1.8136e-05,1.8136e-05,1.8136e-05,103,1,103,103,103,3,1,3,3,3
14,30,1.8053e-05,1,1.8053e-05,1.8053e-05,1.8053e-05,105,1,105,105,105,4,1,4,4,4
14,30,3.5784e-05,1,3.5784e-05,3.5784e-05,3.5784e-05,124,1,124,124,124,3,1,3,3,3
14,30,0.000102431,1,0.000102431,0.000102431,0.000102431,147,1,147,147,147,4,1,4,4,4
14,30,1.8826e-05,1,1.8826e-05,1.8826e-05,1.8826e-05,107,1,107,107,107,4,1,4,4,4
14,30,7.9847e-05,1,7.9847e-05,7.9847e-05,7.9847e-05,134,1,134,134,134,4,1,4,4,4
14,30,6.2211e-05,1,6.2211e-05,6.2211e-05,6.2211e-05,130,1,130,130,130,4,1,4,4,4
14,30,1.7952e-05,1,1.7952e-05,1.7952e-05,1.7952e-05,109,1,109,109,109,4,1,4,4,4
14,30,2.5011e-05,1,2.5011e-05,2.5011e-05,2.5011e-05,118,1,118,118,118,3,1,3,3,3
14,30,4.2756e-05,1,4.2756e-05,4.2756e-05,4.2756e-05,122,1,122,122,122,4,1,4,4,4
14,30,6.4891e-05,1,6.4891e-05,6.4891e-05,6.4891e-05,134,1,134,134,134,4,1,4,4,4
14,30,9.7765e-05,1,9.7765e-05,9.7765e-05,9.7765e-05,157,1,157,157,157,5,1,5,5,5
14,30,3.1823e-05,1,3.1823e-05,3.1823e-05,3.1823e-05,118,1,118,118,118,3,1,3,3,3
14,30,4.0005e-05,1,4.0005e-05,4.0005e-05,4.0005e-05,121,1,121,121,121,3,1,3,3,3
14,30,6.441e-05,1,6.441e-05,6.441e-05,6.441e-05,140,1,140,140,140,4,1,4,4,4
14,30,5.7407e-05,1,5.7407e-05,5.7407e-05,5.7407e-05,136,1,136,136,136,4,1,4,4,4
14,30,4.0807e-05,1,4.0807e-05,4.0807e-05,4.0807e-05,119,1,119,119,119,3,1,3,3,3
14,30,1.8598e-05,1,1.8598e-05,1.8598e-05,1.8598e-05,105,1,105,105,105,3,1,3,3,3
14,30,3.4332e-05,1,3.4332e-05,3.4332e-05,3.4332e-05,134,1,134,134,134,4,1,4,4,4
14,30,1.8542e-05,1,1.8542e-05,1.8542e-05,1.8542e-05,106,1,106,106,106,3,1,3,3,3
14,30,3.8848e-05,1,3.8848e-05,3.8848e-05,3.8848e-05,127,1,127,127,127,4,1,4,4,4
14,30,0.000101423,1,0.000101423,0.000101423,0.000101423,149,1,149,149,149,4,1,4,4,4
14,30,5.3103e-05,1,5.3103e-05,5.3103e-05,5.3103e-05,123,1,123,123,123,3,1,3,3,3
14,30,3.2521e-05,1,3.2521e-05,3.2521e-05,3.2521e-05,121,1,121,121,121,3,1,3,3,3
14,30,3.1455e-05,1,3.1455e-05,3.1455e-05,3.1455e-05,116,1,116,116,116,3,1,3,3,3
14,30,4.5706e-05,1,4.5706e-05,4.5706e-05,4.5706e-05,124,1,124,124,124,4,1,4,4,4
14,30,1.8274e-05,1,1.8274e-05,1.8274e-05,1.8274e-05,106,1,106,106,106,3,1,3,3,3
14,30,1.8753e-05,1,1.8753e-05,1.8753e-05,1.8753e-05,106,1,106,106,106,3,1,3,3,3
14,30,5.0258e-05,1,5.0258e-05,5.0258e-05,5.0258e-05,129,1,129,129,129,4,1,4,4,4
14,30,7.8972e-05,1,7.8972e-05,7.8972e-05,7.8972e-05,146,1,146,146,146,4,1,4,4,4
14,30,6.5371e-05,1,6.5371e-05,6.5371e-05,6.5371e-05,133,1,133,133,133,4,1,4,4,4
14,30,1.888e-05,1,1.888e-05,1.888e-05,1.888e-05,110,1,110,110,110,4,1,4,4,4
14,30,4.0466e-05,1,4.0466e-05,4.0466e-05,4.0466e-05,118,1,118,118,118,3,1,3,3,3
14,30,1.7917e-05,1,1.7917e-05,1.7917e-05,1.7917e-05,104,1,104,104,104,3,1,3,3,3
14,30,1.8193e-05,1,1.8193e-05,1.8193e-05,1.8193e-05,101,1,101,101,101,3,1,3,3,3
14,30,0.000119204,1,0.000119204,0.000119204,0.000119204,166,1,166,166,166,4,1,4,4,4
14,30,4.5128e-05,1,4.5128e-05,4.5128e-05,4.5128e-05,117,1,117,117,117,3,1,3,3,3
14,30,3.5117e-05,1,3.5117e-05,3.5117e-05,3.5117e-05,125,1,125,125,125,4,1,4,4,4
14,30,4.1604e-05,1,4.1604e-05,4.1604e-05,4.1604e-05,120,1,120,120,120,3,1,3,3,3
14,30,3.5303e-05,1,3.5303e-05,3.5303e-05,3.5303e-05,123,1,123,123,123,4,1,4,4,4
14,30,6.7719e-05,1,6.7719e-05,6.7719e-05,6.7719e-05,137,1,137,137,137,4,1,4,4,4
14,30,5.254e-05,1,5.254e-05,5.254e-05,5.254e-05,132,1,132,132,132,4,1,4,4,4
14,30,5.51e-05,1,5.51e-05,5.51e-05,5.51e-05,123,1,123,123,123,4,1,4,4,4
14,30,3.8634e-05,1,3.8634e-05,3.8634e-05,3.8634e-05,125,1,125,125,125,4,1,4,4,4
14,30,1.8065e-05,1,1.8065e-05,1.8065e-05,1.8065e-05,107,1,107,107,107,3,1,3,3,3
14,30,4.3961e-05,1,4.3961e-05,4.3961e-05,4.3961e-05,122,1,122,122,122,4,1,4,4,4
14,30,1.7687e-05,1,1.7687e-05,1.7687e-05,1.7687e-05,101,1,101,101,101,3,1,3,3,3
14,30,1.8122e-05,1,1.8122e-05,1.8122e-05,1.8122e-05,107,1,107,107,107,3,1,3,3,3
14,30,6.0141e-05,1,6.0141e-05,6.0141e-05,6.0141e-05,129,1,129,129,129,4,1,4,4,4
14,30,8.006e-05,1,8.006e-05,8.006e-05,8.006e-05,139,1,139,139,139,4,1,4,4,4
14,30,7.398e-05,1,7.398e-05,7.398e-05,7.398e-05,141,1,141,141,141,4,1,4,4,4
14,30,8.9836e-05,1,8.9836e-05,8.9836e-05,8.9836e-05,137,1,137,137,137,4,1,4,4,4
14,30,4.6304e-05,1,4.6304e-05,4.6304e-05,4.6304e-05,126,1,126,126,126,4,1,4,4,4
14,30,3.9494e-05,1,3.9494e-05,3.9494e-05,3.9494e-05,132,1,132,132,132,4,1,4,4,4
14,30,1.8943e-05,1,1.8943e-05,1.8943e-05,1.8943e-05,110,1,110,110,110,4,1,4,4,4
14,30,3.405e-05,1,3.405e-05,3.405e-05,3.405e-05,121,1,121,121,121,4,1,4,4,4
14,30,4.0369e-05,1,4.0369e-05,4.0369e-05,4.0369e-05,118,1,118,118,118,3,1,3,3,3
14,30,4.8201e-05,1,4.8201e-05,4.8201e-05,4.8201e-05,125,1,125,125,125,4,1,4,4,4
14,30,1.9186e-05,1,1.9186e-05,1.9186e-05,1.9186e-05,107,1,107,107,107,3,1,3,3,3
14,30,5.8742e-05,1,5.8742e-05,5.8742e-05,5.8742e-05,130,1,130,130,130,4,1,4,4,4
14,30,5.0145e-05,1,5.0145e-05,5.0145e-05,5.0145e-05,123,1,123,123,123,4,1,4,4,4
14,30,4.9117e-05,1,4.9117e-05,4.9117e-05,4.9117e-05,125,1,125,125,125,4,1,4,4,4
14,30,1.9396e-05,1,1.9396e-05,1.9396e-05,1.9396e-05,113,1,113,113,113,4,1,4,4,4
14,30,7.6907e-05,1,7.6907e-05,7.6907e-05,7.6907e-05,136,1,136,136,136,4,1,4,4,4
14,30,4.6041e-05,1,4.6041e-05,4.6041e-05,4.6041e-05,123,1,123,123,123,4,1,4,4,4
14,30,5.3686e-05,1,5.3686e-05,5.3686e-05,5.3686e-05,128,1,128,128,128,4,1,4,4,4
14,30,4.3208e-05,1,4.3208e-05,4.3208e-05,4.3208e-05,118,1,118,118,118,3,1,3,3,3
14,30,9.0012e-05,1,9.0012e-05,9.0012e-05,9.0012e-05,146,1,146,146,146,4,1,4,4,4
14,30,4.5866e-05,1,4.5866e-05,4.5866e-05,4.5866e-05,131,1,131,131,131,4,1,4,4,4
14,30,0.000137164,1,0.000137164,0.000137164,0.000137164,189,1,189,189,189,5,1,5,5,5
14,30,6.0353e-05,1,6.0353e-05,6.0353e-05,6.0353e-05,131,1,131,131,131,4,1,4,4,4
14,30,5.1803e-05,1,5.1803e-05,5.1803e-05,5.1803e-05,126,1,126,126,126,4,1,4,4,4
14,30,3.6379e-05,1,3.6379e-05,3.6379e-05,3.6379e-05,125,1,125,125,125,3,1,3,3,3
14,30,8.8959e-05,1,8.8959e-05,8.8959e-05,8.8959e-05,143,1,143,143,143,4,1,4,4,4
14,30,4.3372e-05,1,4.3372e-05,4.3372e-05,4.3372e-05,128,1,128,128,128,4,1,4,4,4
14,30,4.8928e-05,1,4.8928e-05,4.8928e-05,4.8928e-05,130,1,130,130,130,4,1,4,4,4
14,30,0.000141734,1,0.000141734,0.000141734,0.000141734,178,1,178,178,178,4,1,4,4,4
14,30,4.8897e-05,1,4.8897e-05,4.8897e-05,4.8897e-05,127,1,127,127,127,4,1,4,4,4
14,30,4.9575e-05,1,4.9575e-05,4.9575e-05,4.9575e-05,126,1,126,126,126,4,1,4,4,4
14,30,9.5519e-05,1,9.5519e-05,9.5519e-05,9.5519e-05,153,1,153,153,153,5,1,5,5,5
14,30,3.2404e-05,1,3.2404e-05,3.2404e-05,3.2404e-05,119,1,119,119,119,3,1,3,3,3
14,30,7.6758e-05,1,7.6758e-05,7.6758e-05,7.6758e-05,148,1,148,148,148,3,1,3,3,3
14,30,1.7751e-05,1,1.7751e-05,1.7751e-05,1.7751e-05,106,1,106,106,106,3,1,3,3,3
14,30,2.5091e-05,1,2.5091e-05,2.5091e-05,2.5091e-05,117,1,117,117,117,3,1,3,3,3
14,30,3.5024e-05,1,3.5024e-05,3.5024e-05,3.5024e-05,119,1,119,119,119,3,1,3,3,3
14,30,8.008e-05,1,8.008e-05,8.008e-05,8.008e-05,144,1,144,144,144,4,1,4,4,4
14,30,3.0777e-05,1,3.0777e-05,3.0777e-05,3.0777e-05,120,1,120,120,120,3,1,3,3,3
14,30,9.302e-05,1,9.302e-05,9.302e-05,9.302e-05,168,1,168,168,168,4,1,4,4,4
14,30,4.3541e-05,1,4.3541e-05,4.3541e-05,4.3541e-05,133,1,133,133,133,4,1,4,4,4
14,30,4.374e-05,1,4.374e-05,4.374e-05,4.374e-05,131,1,131,131,131,4,1,4,4,4
14,30,4.2275e-05,1,4.2275e-05,4.2275e-05,4.2275e-05,132,1,132,132,132,4,1,4,4,4
14,30,6.4133e-05,1,6.4133e-05,6.4133e-05,6.4133e-05,130,1,130,130,130,4,1,4,4,4
14,30,0.000126385,1,0.000126385,0.000126385,0.000126385,173,1,173,173,173,4,1,4,4,4
14,30,1.8257e-05,1,1.8257e-05,1.8257e-05,1.8257e-05,102,1,102,102,102,3,1,3,3,3
14,30,3.2303e-05,1,3.2303e-05,3.2303e-05,3.2303e-05,122,1,122,122,122,3,1,3,3,3
14,30,3.5136e-05,1,3.5136e-05,3.5136e-05,3.5136e-05,104,1,104,104,104,3,1,3,3,3
14,30,1.8312e-05,1,1.8312e-05,1.8312e-05,1.8312e-05,104,1,104,104,104,3,1,3,3,3
14,30,3.5564e-05,1,3.5564e-05,3.5564e-05,3.5564e-05,124,1,124,124,124,4,1,4,4,4
14,30,7.5091e-05,1,7.5091e-05,7.5091e-05,7.5091e-05,141,1,141,141,141,4,1,4,4,4
14,30,4.4396e-05,1,4.4396e-05,4.4396e-05,4.4396e-05,129,1,129,129,129,4,1,4,4,4
14,30,1.779e-05,1,1.779e-05,1.779e-05,1.779e-05,105,1,105,105,105,3,1,3,3,3
14,30,3.6758e-05,1,3.6758e-05,3.6758e-05,3.6758e-05,123,1,123,123,123,3,1,3,3,3
14,30,4.3063e-05,1,4.3063e-05,4.3063e-05,4.3063e-05,122,1,122,122,122,4,1,4,4,4
14,30,2.8708e-05,1,2.8708e-05,2.8708e-05,2.8708e-05,116,1,116,116,116,3,1,3,3,3
14,30,4.9315e-05,1,4.9315e-05,4.9315e-05,4.9315e-05,130,1,130,130,130,4,1,4,4,4
14,30,7.256e-05,1,7.256e-05,7.256e-05,7.256e-05,158,1,158,158,158,4,1,4,4,4
14,30,6.2777e-05,1,6.2777e-05,6.2777e-05,6.2777e-05,144,1,144,144,144,4,1,4,4,4
14,30,0.000105032,1,0.000105032,0.000105032,0.000105032,147,1,147,147,147,4,1,4,4,4
14,30,4.9715e-05,1,4.9715e-05,4.9715e-05,4.9715e-05,128,1,128,128,128,4,1,4,4,4
14,30,3.5065e-05,1,3.5065e-05,3.5065e-05,3.5065e-05,121,1,121,121,121,3,1,3,3,3
14,30,4.37e-05,1,4.37e-05,4.37e-05,4.37e-05,129,1,129,129,129,4,1,4,4,4
14,30,3.0736e-05,1,3.0736e-05,3.0736e-05,3.0736e-05,126,1,126,126,126,4,1,4,4,4
14,30,4.4719e-05,1,4.4719e-05,4.4719e-05,4.4719e-05,130,1,130,130,130,4,1,4,4,4
14,30,6.7156e-05,1,6.7156e-05,6.7156e-05,6.7156e-05,144,1,144,144,144,5,1,5,5,5
14,30,1.7708e-05,1,1.7708e-05,1.7708e-05,1.7708e-05,104,1,104,104,104,3,1,3,3,3
14,30,1.9031e-05,1,1.9031e-05,1.9031e-05,1.9031e-05,106,1,106,106,106,3,1,3,3,3
14,30,1.8058e-05,1,1.8058e-05,1.8058e-05,1.8058e-05,101,1,101,101,101,3,1,3,3,3
14,30,4.4724e-05,1,4.4724e-05,4.4724e-05,4.4724e-05,124,1,124,124,124,4,1,4,4,4
14,30,3.3057e-05,1,3.3057e-05,3.3057e-05,3.3057e-05,117,1,117,117,117,3,1,3,3,3
14,30,3.1689e-05,1,3.1689e-05,3.1689e-05,3.1689e-05,118,1,118,118,118,3,1,3,3,3
14,30,8.245e-05,1,8.245e-05,8.245e-05,8.245e-05,144,1,144,144,144,4,1,4,4,4
14,30,9.0917e-05,1,9.0917e-05,9.0917e-05,9.0917e-05,144,1,144,144,144,4,1,4,4,4
14,30,1.8352e-05,1,1.8352e-05,1.8352e-05,1.8352e-05,106,1,106,106,106,3,1,3,3,3
14,30,3.5857e-05,1,3.5857e-05,3.5857e-05,3.5857e-05,124,1,124,124,124,3,1,3,3,3
14,30,4.3854e-05,1,4.3854e-05,4.3854e-05,4.3854e-05,129,1,129,129,129,4,1,4,4,4
14,30,6.0746e-05,1,6.0746e-05,6.0746e-05,6.0746e-05,127,1,127,127,127,4,1,4,4,4
14,30,4.9375e-05,1,4.9375e-05,4.9375e-05,4.9375e-05,135,1,135,135,135,4,1,4,4,4
14,30,0.000125041,1,0.000125041,0.000125041,0.000125041,162,1,162,162,162,5,1,5,5,5
14,30,5.3782e-05,1,5.3782e-05,5.3782e-05,5.3782e-05,125,1,125,125,125,4,1,4,4,4
14,30,5.8e-05,1,5.8e-05,5.8e-05,5.8e-05,130,1,130,130,130,4,1,4,4,4
14,30,5.4966e-05,1,5.4966e-05,5.4966e-05,5.4966e-05,135,1,135,135,135,3,1,3,3,3
14,30,1.9089e-05,1,1.9089e-05,1.9089e-05,1.9089e-05,107,1,107,107,107,4,1,4,4,4
14,30,5.3817e-05,1,5.3817e-05,5.3817e-05,5.3817e-05,127,1,127,127,127,4,1,4,4,4
14,30,4.3892e-05,1,4.3892e-05,4.3892e-05,4.3892e-05,122,1,122,122,122,4,1,4,4,4
14,30,7.0373e-05,1,7.0373e-05,7.0373e-05,7.0373e-05,128,1,128,128,128,4,1,4,4,4
14,30,3.3986e-05,1,3.3986e-05,3.3986e-05,3.3986e-05,116,1,116,116,116,3,1,3,3,3
14,30,1.9183e-05,1,1.9183e-05,1.9183e-05,1.9183e-05,104,1,104,104,104,3,1,3,3,3
14,30,2.0014e-05,1,2.0014e-05,2.0014e-05,2.0014e-05,103,1,103,103,103,3,1,3,3,3
14,30,5.7127e-05,1,5.7127e-05,5.7127e-05,5.7127e-05,125,1,125,125,125,4,1,4,4,4
14,30,5.3131e-05,1,5.3131e-05,5.3131e-05,5.3131e-05,144,1,144,144,144,4,1,4,4,4
14,30,3.4606e-05,1,3.4606e-05,3.4606e-05,3.4606e-05,122,1,122,122,122,3,1,3,3,3
14,30,7.4114e-05,1,7.4114e-05,7.4114e-05,7.4114e-05,128,1,128,128,128,4,1,4,4,4
14,30,3.5709e-05,1,3.5709e-05,3.5709e-05,3.5709e-05,122,1,122,122,122,4,1,4,4,4
14,30,1.8853e-05,1,1.8853e-05,1.8853e-05,1.8853e-05,105,1,105,105,105,3,1,3,3,3
14,30,3.9487e-05,1,3.9487e-05,3.9487e-05,3.9487e-05,123,1,123,123,123,4,1,4,4,4
14,30,3.4052e-05,1,3.4052e-05,3.4052e-05,3.4052e-05,127,1,127,127,127,4,1,4,4,4
14,30,4.1407e-05,1,4.1407e-05,4.1407e-05,4.1407e-05,115,1,115,115,115,3,1,3,3,3
14,30,3.5934e-05,1,3.5934e-05,3.5934e-05,3.5934e-05,125,1,125,125,125,3,1,3,3,3
14,30,5.1125e-05,1,5.1125e-05,5.1125e-05,5.1125e-05,131,1,131,131,131,4,1,4,4,4
14,30,8.2971e-05,1,8.2971e-05,8.2971e-05,8.2971e-05,145,1,145,145,145,4,1,4,4,4
14,30,8.43e-05,1,8.43e-05,8.43e-05,8.43e-05,148,1,148,148,148,4,1,4,4,4
14,30,3.7949e-05,1,3.7949e-05,3.7949e-05,3.7949e-05,123,1,123,123,123,3,1,3,3,3
14,30,5.9542e-05,1,5.9542e-05,5.9542e-05,5.9542e-05,127,1,127,127,127,4,1,4,4,4
14,30,5.3035e-05,1,5.3035e-05,5.3035e-05,5.3035e-05,129,1,129,129,129,4,1,4,4,4
14,30,3.1475e-05,1,3.1475e-05,3.1475e-05,3.1475e-05,117,1,117,117,117,3,1,3,3,3
14,30,8.1686e-05,1,8.1686e-05,8.1686e-05,8.1686e-05,150,1,150,150,150,4,1,4,4,4
14,30,1.8336e-05,1,1.8336e-05,1.8336e-05,1.8336e-05,103,1,103,103,103,3,1,3,3,3
14,30,1.8958e-05,1,1.8958e-05,1.8958e-05,1.8958e-05,104,1,104,104,104,3,1,3,3,3
14,30,3.2199e-05,1,3.2199e-05,3.2199e-05,3.2199e-05,120,1,120,120,120,3,1,3,3,3
14,30,3.8295e-05,1,3.8295e-05,3.8295e-05,3.8295e-05,122,1,122,122,122,3,1,3,3,3
14,30,4.9365e-05,1,4.9365e-05,4.9365e-05,4.9365e-05,124,1,124,124,124,4,1,4,4,4
14,30,3.9324e-05,1,3.9324e-05,3.9324e-05,3.9324e-05,119,1,119,119,119,3,1,3,3,3
14,30,5.5089e-05,1,5.5089e-05,5.5089e-05,5.5089e-05,149,1,149,149,149,4,1,4,4,4
14,30,5.4677e-05,1,5.4677e-05,5.4677e-05,5.4677e-05,135,1,135,135,135,4,1,4,4,4
14,30,5.906e-05,1,5.906e-05,5.906e-05,5.906e-05,126,1,126,126,126,4,1,4,4,4
14,30,4.593e-05,1,4.593e-05,4.593e-05,4.593e-05,125,1,125,125,125,4,1,4,4,4
14,30,1.8448e-05,1,1.8448e-05,1.8448e-05,1.8448e-05,103,1,103,103,103,3,1,3,3,3
14,30,2.4578e-05,1,2.4578e-05,2.4578e-05,2.4578e-05,123,1,123,123,123,3,1,3,3,3
14,30,3.6435e-05,1,3.6435e-05,3.6435e-05,3.6435e-05,122,1,122,122,122,3,1,3,3,3
14,30,5.1269e-05,1,5.1269e-05,5.1269e-05,5.1269e-05,132,1,132,132,132,5,1,5,5,5
14,30,3.2595e-05,1,3.2595e-05,3.2595e-05,3.2595e-05,121,1,121,121,121,3,1,3,3,3
14,30,3.9103e-05,1,3.9103e-05,3.9103e-05,3.9103e-05,123,1,123,123,123,4,1,4,4,4
14,30,7.1752e-05,1,7.1752e-05,7.1752e-05,7.1752e-05,143,1,143,143,143,4,1,4,4,4
14,30,7.6694e-05,1,7.6694e-05,7.6694e-05,7.6694e-05,132,1,132,132,132,4,1,4,4,4
14,30,1.8626e-05,1,1.8626e-05,1.8626e-05,1.8626e-05,100,1,100,100,100,3,1,3,3,3
14,30,1.7963e-05,1,1.7963e-05,1.7963e-05,1.7963e-05,100,1,100,100,100,3,1,3,3,3
14,30,1.8185e-05,1,1.8185e-05,1.8185e-05,1.8185e-05,107,1,107,107,107,3,1,3,3,3
14,30,1.8575e-05,1,1.8575e-05,1.8575e-05,1.8575e-05,105,1,105,105,105,3,1,3,3,3
14,30,5.9438e-05,1,5.9438e-05,5.9438e-05,5.9438e-05,125,1,125,125,125,4,1,4,4,4
14,30,8.4761e-05,1,8.4761e-05,8.4761e-05,8.4761e-05,145,1,145,145,145,4,1,4,4,4
14,30,7.2612e-05,1,7.2612e-05,7.2612e-05,7.2612e-05,145,1,145,145,145,4,1,4,4,4
14,30,1.7859e-05,1,1.7859e-05,1.7859e-05,1.7859e-05,107,1,107,107,107,4,1,4,4,4
14,30,9.9628e-05,1,9.9628e-05,9.9628e-05,9.9628e-05,152,1,152,152,152,4,1,4,4,4
14,30,8.1098e-05,1,8.1098e-05,8.1098e-05,8.1098e-05,135,1,135,135,135,4,1,4,4,4
14,30,4.9888e-05,1,4.9888e-05,4.9888e-05,4.9888e-05,126,1,126,126,126,4,1,4,4,4
14,30,7.5197e-05,1,7.5197e-05,7.5197e-05,7.5197e-05,142,1,142,142,142,4,1,4,4,4
14,30,8.3729e-05,1,8.3729e-05,8.3729e-05,8.3729e-05,137,1,137,137,137,4,1,4,4,4
14,30,1.7808e-05,1,1.7808e-05,1.7808e-05,1.7808e-05,106,1,106,106,106,3,1,3,3,3
14,30,7.4392e-05,1,7.4392e-05,7.4392e-05,7.4392e-05,147,1,147,147,147,4,1,4,4,4
14,30,2.4028e-05,1,2.4028e-05,2.4028e-05,2.4028e-05,117,1,117,117,117,3,1,3,3,3
14,30,7.4078e-05,1,7.4078e-05,7.4078e-05,7.4078e-05,143,1,143,143,143,4,1,4,4,4
14,30,1.7956e-05,1,1.7956e-05,1.7956e-05,1.7956e-05,103,1,103,103,103,3,1,3,3,3
14,30,6.7028e-05,1,6.7028e-05,6.7028e-05,6.7028e-05,124,1,124,124,124,3,1,3,3,3
14,30,5.7924e-05,1,5.7924e-05,5.7924e-05,5.7924e-05,132,1,132,132,132,4,1,4,4,4
14,30,6.3355e-05,1,6.3355e-05,6.3355e-05,6.3355e-05,144,1,144,144,144,4,1,4,4,4
14,30,9.1918e-05,1,9.1918e-05,9.1918e-05,9.1918e-05,151,1,151,151,151,4,1,4,4,4
14,30,3.3116e-05,1,3.3116e-05,3.3116e-05,3.3116e-05,122,1,122,122,122,3,1,3,3,3
14,30,3.1501e-05,1,3.1501e-05,3.1501e-05,3.1501e-05,117,1,117,117,117,3,1,3,3,3
14,30,7.584e-05,1,7.584e-05,7.584e-05,7.584e-05,135,1,135,135,135,4,1,4,4,4
14,30,1.8803e-05,1,1.8803e-05,1.8803e-05,1.8803e-05,103,1,103,103,103,3,1,3,3,3
14,30,6.4043e-05,1,6.4043e-05,6.4043e-05,6.4043e-05,127,1,127,127,127,4,1,4,4,4
14,30,1.8457e-05,1,1.8457e-05,1.8457e-05,1.8457e-05,104,1,104,104,104,3,1,3,3,3
14,30,5.3858e-05,1,5.3858e-05,5.3858e-05,5.3858e-05,121,1,121,121,121,3,1,3,3,3
14,30,4.9522e-05,1,4.9522e-05,4.9522e-05,4.9522e-05,129,1,129,129,129,4,1,4,4,4
14,30,8.3333e-05,1,8.3333e-05,8.3333e-05,8.3333e-05,138,1,138,138,138,4,1,4,4,4
14,30,6.422e-05,1,6.422e-05,6.422e-05,6.422e-05,138,1,138,138,138,4,1,4,4,4
14,30,5.9895e-05,1,5.9895e-05,5.9895e-05,5.9895e-05,129,1,129,129,129,4,1,4,4,4
14,30,8.7584e-05,1,8.7584e-05,8.7584e-05,8.7584e-05,147,1,147,147,147,5,1,5,5,5
14,30,1.8597e-05,1,1.8597e-05,1.8597e-05,1.8597e-05,102,1,102,102,102,3,1,3,3,3
14,30,4.5845e-05,1,4.5845e-05,4.5845e-05,4.5845e-05,127,1,127,127,127,4,1,4,4,4
14,30,4.1514e-05,1,4.1514e-05,4.1514e-05,4.1514e-05,119,1,119,119,119,3,1,3,3,3
14,30,9.152e-05,1,9.152e-05,9.152e-05,9.152e-05,150,1,150,150,150,4,1,4,4,4
14,30,4.2626e-05,1,4.2626e-05,4.2626e-05,4.2626e-05,122,1,122,122,122,4,1,4,4,4
14,30,7.4536e-05,1,7.4536e-05,7.4536e-05,7.4536e-05,134,1,134,134,134,4,1,4,4,4
14,30,7.0514e-05,1,7.0514e-05,7.0514e-05,7.0514e-05,136,1,136,136,136,4,1,4,4,4
14,30,0.000107862,1,0.000107862,0.000107862,0.000107862,167,1,167,167,167,4,1,4,4,4
14,30,5.2971e-05,1,5.2971e-05,5.2971e-05,5.2971e-05,140,1,140,140,140,4,1,4,4,4
14,30,0.000112496,1,0.000112496,0.000112496,0.000112496,157,1,157,157,157,4,1,4,4,4
14,30,9.2068e-05,1,9.2068e-05,9.2068e-05,9.2068e-05,144,1,144,144,144,4,1,4,4,4
14,30,8.4741e-05,1,8.4741e-05,8.4741e-05,8.4741e-05,142,1,142,142,142,4,1,4,4,4
14,30,6.7244e-05,1,6.7244e-05,6.7244e-05,6.7244e-05,131,1,131,131,131,4,1,4,4,4
14,30,3.286e-05,1,3.286e-05,3.286e-05,3.286e-05,120,1,120,120,120,3,1,3,3,3
14,30,9.6506e-05,1,9.6506e-05,9.6506e-05,9.6506e-05,153,1,153,153,153,4,1,4,4,4
14,30,1.8955e-05,1,1.8955e-05,1.8955e-05,1.8955e-05,106,1,106,106,106,3,1,3,3,3
14,30,4.2969e-05,1,4.2969e-05,4.2969e-05,4.2969e-05,132,1,132,132,132,3,1,3,3,3
14,30,1.8701e-05,1,1.8701e-05,1.8701e-05,1.8701e-05,107,1,107,107,107,4,1,4,4,4
14,30,5.9544e-05,1,5.9544e-05,5.9544e-05,5.9544e-05,129,1,129,129,129,4,1,4,4,4
14,30,2.8984e-05,1,2.8984e-05,2.8984e-05,2.8984e-05,115,1,115,115,115,3,1,3,3,3
14,30,7.3489e-05,1,7.3489e-05,7.3489e-05,7.3489e-05,140,1,140,140,140,4,1,4,4,4
14,30,6.5389e-05,1,6.5389e-05,6.5389e-05,6.5389e-05,137,1,137,137,137,4,1,4,4,4
14,30,3.2097e-05,1,3.2097e-05,3.2097e-05,3.2097e-05,119,1,119,119,119,3,1,3,3,3
14,30,1.842e-05,1,1.842e-05,1.842e-05,1.842e-05,103,1,103,103,103,3,1,3,3,3
14,30,8.1333e-05,1,8.1333e-05,8.1333e-05,8.1333e-05,149,1,149,149,149,4,1,4,4,4
14,30,6.7989e-05,1,6.7989e-05,6.7989e-05,6.7989e-05,142,1,142,142,142,4,1,4,4,4
14,30,4.8144e-05,1,4.8144e-05,4.8144e-05,4.8144e-05,133,1,133,133,133,4,1,4,4,4
14,30,6.6103e-05,1,6.6103e-05,6.6103e-05,6.6103e-05,142,1,142,142,142,4,1,4,4,4
14,30,1.9439e-05,1,1.9439e-05,1.9439e-05,1.9439e-05,105,1,105,105,105,3,1,3,3,3
14,30,7.6023e-05,1,7.6023e-05,7.6023e-05,7.6023e-05,143,1,143,143,143,4,1,4,4,4
14,30,3.5245e-05,1,3.5245e-05,3.5245e-05,3.5245e-05,117,1,117,117,117,3,1,3,3,3
14,30,3.3805e-05,1,3.3805e-05,3.3805e-05,3.3805e-05,129,1,129,129,129,4,1,4,4,4
14,30,4.5317e-05,1,4.5317e-05,4.5317e-05,4.5317e-05,120,1,120,120,120,4,1,4,4,4
14,30,3.5003e-05,1,3.5003e-05,3.5003e-05,3.5003e-05,132,1,132,132,132,4,1,4,4,4
14,30,3.7307e-05,1,3.7307e-05,3.7307e-05,3.7307e-05,128,1,128,128,128,4,1,4,4,4
14,30,6.6258e-05,1,6.6258e-05,6.6258e-05,6.6258e-05,133,1,133,133,133,4,1,4,4,4
14,30,3.415e-05,1,3.415e-05,3.415e-05,3.415e-05,123,1,123,123,123,4,1,4,4,4
14,30,8.1852e-05,1,8.1852e-05,8.1852e-05,8.1852e-05,139,1,139,139,139,4,1,4,4,4
14,30,1.8974e-05,1,1.8974e-05,1.8974e-05,1.8974e-05,110,1,110,110,110,4,1,4,4,4
14,30,6.719e-05,1,6.719e-05,6.719e-05,6.719e-05,135,1,135,135,135,4,1,4,4,4
14,30,1.7599e-05,1,1.7599e-05,1.7599e-05,1.7599e-05,102,1,102,102,102,3,1,3,3,3
14,30,8.2655e-05,1,8.2655e-05,8.2655e-05,8.2655e-05,141,1,141,141,141,4,1,4,4,4
14,30,4.393e-05,1,4.393e-05,4.393e-05,4.393e-05,124,1,124,124,124,4,1,4,4,4
14,30,7.3386e-05,1,7.3386e-05,7.3386e-05,7.3386e-05,135,1,135,135,135,4,1,4,4,4
14,30,4.5891e-05,1,4.5891e-05,4.5891e-05,4.5891e-05,128,1,128,128,128,4,1,4,4,4
14,30,4.2759e-05,1,4.2759e-05,4.2759e-05,4.2759e-05,118,1,118,118,118,3,1,3,3,3
14,30,0.000105736,1,0.000105736,0.000105736,0.000105736,161,1,161,161,161,4,1,4,4,4
14,30,5.7739e-05,1,5.7739e-05,5.7739e-05,5.7739e-05,142,1,142,142,142,4,1,4,4,4
14,30,0.000105204,1,0.000105204,0.000105204,0.000105204,150,1,150,150,150,4,1,4,4,4
14,30,1.8277e-05,1,1.8277e-05,1.8277e-05,1.8277e-05,106,1,106,106,106,3,1,3,3,3
14,30,0.000114671,1,0.000114671,0.000114671,0.000114671,160,1,160,160,160,5,1,5,5,5
14,30,3.5775e-05,1,3.5775e-05,3.5775e-05,3.5775e-05,120,1,120,120,120,3,1,3,3,3
14,30,3.1602e-05,1,3.1602e-05,3.1602e-05,3.1602e-05,117,1,117,117,117,3,1,3,3,3
14,30,1.8759e-05,1,1.8759e-05,1.8759e-05,1.8759e-05,100,1,100,100,100,3,1,3,3,3
14,30,7.9444e-05,1,7.9444e-05,7.9444e-05,7.9444e-05,141,1,141,141,141,4,1,4,4,4
14,30,6.9951e-05,1,6.9951e-05,6.9951e-05,6.9951e-05,135,1,135,135,135,5,1,5,5,5
14,30,5.6445e-05,1,5.6445e-05,5.6445e-05,5.6445e-05,124,1,124,124,124,4,1,4,4,4
14,30,4.0342e-05,1,4.0342e-05,4.0342e-05,4.0342e-05,119,1,119,119,119,3,1,3,3,3
14,30,1.7714e-05,1,1.7714e-05,1.7714e-05,1.7714e-05,109,1,109,109,109,4,1,4,4,4
14,30,0.000124255,1,0.000124255,0.000124255,0.000124255,157,1,157,157,157,5,1,5,5,5
14,30,9.2411e-05,1,9.2411e-05,9.2411e-05,9.2411e-05,136,1,136,136,136,4,1,4,4,4
14,30,3.3621e-05,1,3.3621e-05,3.3621e-05,3.3621e-05,121,1,121,121,121,3,1,3,3,3
14,30,3.7988e-05,1,3.7988e-05,3.7988e-05,3.7988e-05,121,1,121,121,121,3,1,3,3,3
14,30,4.9168e-05,1,4.9168e-05,4.9168e-05,4.9168e-05,134,1,134,134,134,4,1,4,4,4
14,30,9.1003e-05,1,9.1003e-05,9.1003e-05,9.1003e-05,136,1,136,136,136,4,1,4,4,4
14,30,3.3214e-05,1,3.3214e-05,3.3214e-05,3.3214e-05,126,1,126,126,126,4,1,4,4,4
14,30,1.9514e-05,1,1.9514e-05,1.9514e-05,1.9514e-05,104,1,104,104,104,3,1,3,3,3
14,30,5.5221e-05,1,5.5221e-05,5.5221e-05,5.5221e-05,127,1,127,127,127,4,1,4,4,4
14,30,1.9387e-05,1,1.9387e-05,1.9387e-05,1.9387e-05,104,1,104,104,104,3,1,3,3,3
14,30,0.000101893,1,0.000101893,0.000101893,0.000101893,149,1,149,149,149,4,1,4,4,4
14,30,4.9866e-05,1,4.9866e-05,4.9866e-05,4.9866e-05,128,1,128,128,128,4,1,4,4,4
14,30,5.6673e-05,1,5.6673e-05,5.6673e-05,5.6673e-05,128,1,128,128,128,4,1,4,4,4
14,30,7.3094e-05,1,7.3094e-05,7.3094e-05,7.3094e-05,133,1,133,133,133,4,1,4,4,4
14,30,7.4791e-05,1,7.4791e-05,7.4791e-05,7.4791e-05,132,1,132,132,132,4,1,4,4,4
14,30,5.7795e-05,1,5.7795e-05,5.7795e-05,5.7795e-05,122,1,122,122,122,3,1,3,3,3
14,30,1.8082e-05,1,1.8082e-05,1.8082e-05,1.8082e-05,101,1,101,101,101,3,1,3,3,3
14,30,1.791e-05,1,1.791e-05,1.791e-05,1.791e-05,101,1,101,101,101,3,1,3,3,3
14,30,1.8356e-05,1,1.8356e-05,1.8356e-05,1.8356e-05,106,1,106,106,106,3,1,3,3,3
14,30,5.7989e-05,1,5.7989e-05,5.7989e-05,5.7989e-05,128,1,128,128,128,4,1,4,4,4
14,30,3.9985e-05,1,3.9985e-05,3.9985e-05,3.9985e-05,113,1,113,113,113,3,1,3,3,3
14,30,5.3033e-05,1,5.3033e-05,5.3033e-05,5.3033e-05,135,1,135,135,135,4,1,4,4,4
14,30,3.3693e-05,1,3.3693e-05,3.3693e-05,3.3693e-05,119,1,119,119,119,3,1,3,3,3
14,30,9.0057e-05,1,9.0057e-05,9.0057e-05,9.0057e-05,161,1,161,161,161,4,1,4,4,4
14,30,3.4993e-05,1,3.4993e-05,3.4993e-05,3.4993e-05,123,1,123,123,123,4,1,4,4,4
14,30,7.7527e-05,1,7.7527e-05,7.7527e-05,7.7527e-05,131,1,131,131,131,4,1,4,4,4
14,30,1.7248e-05,1,1.7248e-05,1.7248e-05,1.7248e-05,104,1,104,104,104,3,1,3,3,3
14,30,7.6298e-05,1,7.6298e-05,7.6298e-05,7.6298e-05,146,1,146,146,146,4,1,4,4,4
14,30,9.5693e-05,1,9.5693e-05,9.5693e-05,9.5693e-05,148,1,148,148,148,4,1,4,4,4
14,30,9.9102e-05,1,9.9102e-05,9.9102e-05,9.9102e-05,151,1,151,151,151,4,1,4,4,4
14,30,3.2341e-05,1,3.2341e-05,3.2341e-05,3.2341e-05,118,1,118,118,118,3,1,3,3,3
14,30,3.4824e-05,1,3.4824e-05,3.4824e-05,3.4824e-05,119,1,119,119,119,4,1,4,4,4
14,30,3.4419e-05,1,3.4419e-05,3.4419e-05,3.4419e-05,123,1,123,123,123,4,1,4,4,4
14,30,8.5429e-05,1,8.5429e-05,8.5429e-05,8.5429e-05,162,1,162,162,162,4,1,4,4,4
14,30,0.000158246,1,0.000158246,0.000158246,0.000158246,201,1,201,201,201,5,1,5,5,5
14,30,7.5383e-05,1,7.5383e-05,7.5383e-05,7.5383e-05,142,1,142,142,142,5,1,5,5,5
14,30,1.8129e-05,1,1.8129e-05,1.8129e-05,1.8129e-05,102,1,102,102,102,3,1,3,3,3
14,30,7.9333e-05,1,7.9333e-05,7.9333e-05,7.9333e-05,130,1,130,130,130,4,1,4,4,4
14,30,1.8905e-05,1,1.8905e-05,1.8905e-05,1.8905e-05,103,1,103,103,103,3,1,3,3,3
14,30,8.0029e-05,1,8.0029e-05,8.0029e-05,8.0029e-05,149,1,149,149,149,4,1,4,4,4
14,30,5.2303e-05,1,5.2303e-05,5.2303e-05,5.2303e-05,125,1,125,125,125,4,1,4,4,4
14,30,0.000105687,1,0.000105687,0.000105687,0.000105687,175,1,175,175,175,5,1,5,5,5
14,30,1.8737e-05,1,1.8737e-05,1.8737e-05,1.8737e-05,102,1,102,102,102,3,1,3,3,3
14,30,6.1556e-05,1,6.1556e-05,6.1556e-05,6.1556e-05,147,1,147,147,147,3,1,3,3,3
14,30,1.8182e-05,1,1.8182e-05,1.8182e-05,1.8182e-05,104,1,104,104,104,3,1,3,3,3
14,30,6.0071e-05,1,6.0071e-05,6.0071e-05,6.0071e-05,153,1,153,153,153,4,1,4,4,4
14,30,6.4209e-05,1,6.4209e-05,6.4209e-05,6.4209e-05,129,1,129,129,129,4,1,4,4,4
14,30,7.9376e-05,1,7.9376e-05,7.9376e-05,7.9376e-05,140,1,140,140,140,3,1,3,3,3
14,30,0.000148456,1,0.000148456,0.000148456,0.000148456,174,1,174,174,174,5,1,5,5,5
14,30,2.4297e-05,1,2.4297e-05,2.4297e-05,2.4297e-05,114,1,114,114,114,3,1,3,3,3
14,30,7.7432e-05,1,7.7432e-05,7.7432e-05,7.7432e-05,137,1,137,137,137,4,1,4,4,4
14,30,3.5495e-05,1,3.5495e-05,3.5495e-05,3.5495e-05,124,1,124,124,124,4,1,4,4,4
14,30,1.8318e-05,1,1.8318e-05,1.8318e-05,1.8318e-05,110,1,110,110,110,4,1,4,4,4
14,30,3.8749e-05,1,3.8749e-05,3.8749e-05,3.8749e-05,126,1,126,126,126,4,1,4,4,4
14,30,7.8333e-05,1,7.8333e-05,7.8333e-05,7.8333e-05,145,1,145,145,145,4,1,4,4,4
14,30,4.3814e-05,1,4.3814e-05,4.3814e-05,4.3814e-05,123,1,123,123,123,4,1,4,4,4
