n,p,time_total,time_count,time_mean,time_min,time_max,steps_total,steps_count,steps_mean,steps_min,steps_max,number_total,number_count,number_mean,number_min,number_max
22,90,0.00090861,1,0.00090861,0.00090861,0.00090861,662,1,662,662,662,13,1,13,13,13
22,90,0.000938639,1,0.000938639,0.000938639,0.000938639,668,1,668,668,668,13,1,13,13,13
22,90,0.00105587,1,0.00105587,0.00105587,0.00105587,758,1,758,758,758,14,1,14,14,14
22,90,0.00129842,1,0.00129842,0.00129842,0.00129842,798,1,798,798,798,15,1,15,15,15
22,90,0.000941947,1,0.000941947,0.000941947,0.000941947,673,1,673,673,673,13,1,13,13,13
22,90,0.00104925,1,0.00104925,0.00104925,0.00104925,753,1,753,753,753,14,1,14,14,14
22,90,0.000803284,1,0.000803284,0.000803284,0.000803284,678,1,678,678,678,13,1,13,13,13
22,90,0.00109929,1,0.00109929,0.00109929,0.00109929,740,1,740,740,740,14,1,14,14,14
22,90,0.000926981,1,0.000926981,0.000926981,0.000926981,689,1,689,689,689,13,1,13,13,13
22,90,0.000823584,1,0.000823584,0.000823584,0.000823584,669,1,669,669,669,13,1,13,13,13
22,90,0.00127099,1,0.00127099,0.00127099,0.00127099,818,1,818,818,818,15,1,15,15,15
22,90,0.000897195,1,0.000897195,0.000897195,0.000897195,686,1,686,686,686,13,1,13,13,13
22,90,0.00114077,1,0.00114077,0.00114077,0.00114077,742,1,742,742,742,14,1,14,14,14
22,90,0.000754034,1,0.000754034,0.000754034,0.000754034,604,1,604,604,604,12,1,12,12,12
22,90,0.000967853,1,0.000967853,0.000967853,0.000967853,678,1,678,678,678,13,1,13,13,13
22,90,0.000993942,1,0.000993942,0.000993942,0.000993942,699,1,699,699,699,13,1,13,13,13
22,90,0.000945175,1,0.000945175,0.000945175,0.000945175,676,1,676,676,676,13,1,13,13,13
22,90,0.00127653,1,0.00127653,0.00127653,0.00127653,825,1,825,825,825,15,1,15,15,15
22,90,0.00120648,1,0.00120648,0.00120648,0.00120648,734,1,734,734,734,14,1,14,14,14
22,90,0.00102635,1,0.00102635,0.00102635,0.00102635,745,1,745,745,745,14,1,14,14,14
22,90,0.000921259,1,0.000921259,0.000921259,0.000921259,679,1,679,679,679,13,1,13,13,13
22,90,0.000866385,1,0.000866385,0.000866385,0.000866385,676,1,676,676,676,13,1,13,13,13
22,90,0.000974604,1,0.000974604,0.000974604,0.000974604,752,1,752,752,752,14,1,14,14,14
22,90,0.000621773,1,0.000621773,0.000621773,0.000621773,625,1,625,625,625,12,1,12,12,12
22,90,0.000870129,1,0.000870129,0.000870129,0.000870129,666,1,666,666,666,13,1,13,13,13
22,90,0.00109021,1,0.00109021,0.00109021,0.00109021,729,1,729,729,729,14,1,14,14,14
22,90,0.000764233,1,0.000764233,0.000764233,0.000764233,631,1,631,631,631,12,1,12,12,12
22,90,0.00061941,1,0.00061941,0.00061941,0.00061941,645,1,645,645,645,12,1,12,12,12
22,90,0.00067809,1,0.00067809,0.00067809,0.00067809,617,1,617,617,617,12,1,12,12,12
22,90,0.000794129,1,0.000794129,0.000794129,0.000794129,700,1,700,700,700,13,1,13,13,13
22,90,0.000720135,1,0.000720135,0.000720135,0.000720135,619,1,619,619,619,12,1,12,12,12
22,90,0.00063612,1,0.00063612,0.00063612,0.00063612,626,1,626,626,626,12,1,12,12,12
22,90,0.000856308,1,0.000856308,0.000856308,0.000856308,703,1,703,703,703,13,1,13,13,13
22,90,0.00101832,1,0.00101832,0.00101832,0.00101832,756,1,756,756,756,14,1,14,14,14
22,90,0.000864087,1,0.000864087,0.000864087,0.000864087,685,1,685,685,685,13,1,13,13,13
22,90,0.000761161,1,0.000761161,0.000761161,0.000761161,624,1,624,624,624,12,1,12,12,12
22,90,0.000703556,1,0.000703556,0.000703556,0.000703556,625,1,625,625,625,12,1,12,12,12
22,90,0.000874895,1,0.000874895,0.000874895,0.000874895,669,1,669,669,669,13,1,13,13,13
22,90,0.000885375,1,0.000885375,0.000885375,0.000885375,683,1,683,683,683,13,1,13,13,13
22,90,0.0011018,1,0.0011018,0.0011018,0.0011018,731,1,731,731,731,14,1,14,14,14
22,90,0.00142403,1,0.00142403,0.00142403,0.00142403,808,1,808,808,808,15,1,15,15,15
22,90,0.00103464,1,0.00103464,0.00103464,0.00103464,737,1,737,737,737,14,1,14,14,14
22,90,0.00079701,1,0.00079701,0.00079701,0.00079701,691,1,691,691,691,13,1,13,13,13
22,90,0.0010814,1,0.0010814,0.0010814,0.0010814,730,1,730,730,730,14,1,14,14,14
22,90,0.00129288,1,0.00129288,0.00129288,0.00129288,820,1,820,820,820,15,1,15,15,15
22,90,0.00072198,1,0.00072198,0.00072198,0.00072198,619,1,619,619,619,12,1,12,12,12
22,90,0.000712481,1,0.000712481,0.000712481,0.000712481,626,1,626,626,626,12,1,12,12,12
22,90,0.000684094,1,0.000684094,0.000684094,0.000684094,625,1,625,625,625,12,1,12,12,12
22,90,0.000713539,1,0.000713539,0.000713539,0.000713539,611,1,611,611,611,12,1,12,12,12
22,90,0.000891266,1,0.000891266,0.000891266,0.000891266,677,1,677,677,677,13,1,13,13,13
22,90,0.000845575,1,0.000845575,0.000845575,0.000845575,677,1,677,677,677,13,1,13,13,13
22,90,0.00103132,1,0.00103132,0.00103132,0.00103132,674,1,674,674,674,13,1,13,13,13
22,90,0.000652994,1,0.000652994,0.000652994,0.000652994,620,1,620,620,620,12,1,12,12,12
22,90,0.00104334,1,0.00104334,0.00104334,0.00104334,750,1,750,750,750,14,1,14,14,14
22,90,0.00106714,1,0.00106714,0.00106714,0.00106714,752,1,752,752,752,14,1,14,14,14
22,90,0.00096069,1,0.00096069,0.00096069,0.00096069,668,1,668,668,668,13,1,13,13,13
22,90,0.000694791,1,0.000694791,0.000694791,0.000694791,614,1,614,614,614,12,1,12,12,12
22,90,0.000659917,1,0.000659917,0.000659917,0.000659917,618,1,618,618,618,12,1,12,12,12
22,90,0.00115815,1,0.00115815,0.00115815,0.00115815,729,1,729,729,729,14,1,14,14,14
22,90,0.00111196,1,0.00111196,0.00111196,0.00111196,753,1,753,753,753,14,1,14,14,14
22,90,0.00102887,1,0.00102887,0.00102887,0.00102887,728,1,728,728,728,14,1,14,14,14
22,90,0.000520518,1,0.000520518,0.000520518,0.000520518,596,1,596,596,596,11,1,11,11,11
22,90,0.000735927,1,0.000735927,0.000735927,0.000735927,618,1,618,618,618,12,1,12,12,12
22,90,0.00143754,1,0.00143754,0.00143754,0.00143754,789,1,789,789,789,15,1,15,15,15
22,90,0.00073171,1,0.00073171,0.00073171,0.00073171,613,1,613,613,613,12,1,12,12,12
22,90,0.000883393,1,0.000883393,0.000883393,0.000883393,665,1,665,665,665,13,1,13,13,13
22,90,0.000525978,1,0.000525978,0.000525978,0.000525978,641,1,641,641,641,12,1,12,12,12
22,90,0.0011209,1,0.0011209,0.0011209,0.0011209,743,1,743,743,743,14,1,14,14,14
22,90,0.000698218,1,0.000698218,0.000698218,0.000698218,612,1,612,612,612,12,1,12,12,12
22,90,0.000936143,1,0.000936143,0.000936143,0.000936143,683,1,683,683,683,13,1,13,13,13
22,90,0.0015736,1,0.0015736,0.0015736,0.0015736,876,1,876,876,876,16,1,16,16,16
22,90,0.000570987,1,0.000570987,0.000570987,0.000570987,556,1,556,556,556,11,1,11,11,11
22,90,0.0016382,1,0.0016382,0.0016382,0.0016382,892,1,892,892,892,16,1,16,16,16
22,90,0.00105825,1,0.00105825,0.00105825,0.00105825,744,1,744,744,744,14,1,14,14,14
22,90,0.000867138,1,0.000867138,0.000867138,0.000867138,674,1,674,674,674,13,1,13,13,13
22,90,0.00103382,1,0.00103382,0.00103382,0.00103382,745,1,745,745,745,14,1,14,14,14
22,90,0.000508233,1,0.000508233,0.000508233,0.000508233,641,1,641,641,641,12,1,12,12,12
22,90,0.00083248,1,0.00083248,0.00083248,0.00083248,690,1,690,690,690,13,1,13,13,13
22,90,0.000816246,1,0.000816246,0.000816246,0.000816246,675,1,675,675,675,13,1,13,13,13
22,90,0.000684849,1,0.000684849,0.000684849,0.000684849,623,1,623,623,623,12,1,12,12,12
22,90,0.00132176,1,0.00132176,0.00132176,0.00132176,806,1,806,806,806,15,1,15,15,15
22,90,0.00115874,1,0.00115874,0.00115874,0.00115874,748,1,748,748,748,14,1,14,14,14
22,90,0.000974441,1,0.000974441,0.000974441,0.000974441,746,1,746,746,746,14,1,14,14,14
22,90,0.00110011,1,0.00110011,0.00110011,0.00110011,747,1,747,747,747,14,1,14,14,14
22,90,0.00104908,1,0.00104908,0.00104908,0.00104908,746,1,746,746,746,14,1,14,14,14
22,90,0.00112753,1,0.00112753,0.00112753,0.00112753,736,1,736,736,736,14,1,14,14,14
22,90,0.00115776,1,0.00115776,0.00115776,0.00115776,733,1,733,733,733,14,1,14,14,14
22,90,0.000540674,1,0.000540674,0.000540674,0.000540674,643,1,643,643,643,12,1,12,12,12
22,90,0.0016099,1,0.0016099,0.0016099,0.0016099,900,1,900,900,900,16,1,16,16,16
22,90,0.000874309,1,0.000874309,0.000874309,0.000874309,691,1,691,691,691,13,1,13,13,13
22,90,0.000902838,1,0.000902838,0.000902838,0.000902838,674,1,674,674,674,13,1,13,13,13
22,90,0.00135838,1,0.00135838,0.00135838,0.00135838,804,1,804,804,804,15,1,15,15,15
22,90,0.000619015,1,0.000619015,0.000619015,0.000619015,620,1,620,620,620,12,1,12,12,12
22,90,0.00155789,1,0.00155789,0.00155789,0.00155789,892,1,892,892,892,16,1,16,16,16
22,90,0.000903094,1,0.000903094,0.000903094,0.000903094,675,1,675,675,675,13,1,13,13,13
22,90,0.00092842,1,0.00092842,0.00092842,0.00092842,666,1,666,666,666,13,1,13,13,13
22,90,0.000764798,1,0.000764798,0.000764798,0.000764798,679,1,679,679,679,13,1,13,13,13
22,90,0.000688413,1,0.000688413,0.000688413,0.000688413,634,1,634,634,634,12,1,12,12,12
22,90,0.000798909,1,0.000798909,0.000798909,0.000798909,616,1,616,616,616,12,1,12,12,12
22,90,0.000819809,1,0.000819809,0.000819809,0.000819809,683,1,683,683,683,13,1,13,13,13
22,90,0.000792046,1,0.000792046,0.000792046,0.000792046,619,1,619,619,619,12,1,12,12,12
22,90,0.00140644,1,0.00140644,0.00140644,0.00140644,828,1,828,828,828,15,1,15,15,15
22,90,0.000676703,1,0.000676703,0.000676703,0.000676703,569,1,569,569,569,11,1,11,11,11
22,90,0.000909143,1,0.000909143,0.000909143,0.000909143,681,1,681,681,681,13,1,13,13,13
22,90,0.00109705,1,0.00109705,0.00109705,0.00109705,747,1,747,747,747,14,1,14,14,14
22,90,0.00118705,1,0.00118705,0.00118705,0.00118705,734,1,734,734,734,14,1,14,14,14
22,90,0.000639398,1,0.000639398,0.000639398,0.000639398,635,1,635,635,635,12,1,12,12,12
22,90,0.00086244,1,0.00086244,0.00086244,0.00086244,687,1,687,687,687,13,1,13,13,13
22,90,0.00109047,1,0.00109047,0.00109047,0.00109047,732,1,732,732,732,14,1,14,14,14
22,90,0.000946941,1,0.000946941,0.000946941,0.000946941,684,1,684,684,684,13,1,13,13,13
22,90,0.000823278,1,0.000823278,0.000823278,0.000823278,687,1,687,687,687,13,1,13,13,13
22,90,0.000847311,1,0.000847311,0.000847311,0.000847311,673,1,673,673,673,13,1,13,13,13
22,90,0.000717954,1,0.000717954,0.000717954,0.000717954,612,1,612,612,612,12,1,12,12,12
22,90,0.000791798,1,0.000791798,0.000791798,0.000791798,609,1,609,609,609,12,1,12,12,12
22,90,0.00102148,1,0.00102148,0.00102148,0.00102148,743,1,743,743,743,14,1,14,14,14
22,90,0.000565585,1,0.000565585,0.000565585,0.000565585,568,1,568,568,568,11,1,11,11,11
22,90,0.00128578,1,0.00128578,0.00128578,0.00128578,801,1,801,801,801,15,1,15,15,15
22,90,0.00113193,1,0.00113193,0.00113193,0.00113193,744,1,744,744,744,14,1,14,14,14
22,90,0.00144609,1,0.00144609,0.00144609,0.00144609,890,1,890,890,890,16,1,16,16,16
22,90,0.00112486,1,0.00112486,0.00112486,0.00112486,684,1,684,684,684,13,1,13,13,13
22,90,0.000810935,1,0.000810935,0.000810935,0.000810935,682,1,682,682,682,13,1,13,13,13
22,90,0.00117665,1,0.00117665,0.00117665,0.00117665,757,1,757,757,757,14,1,14,14,14
22,90,0.000846409,1,0.000846409,0.000846409,0.000846409,680,1,680,680,680,13,1,13,13,13
22,90,0.000852519,1,0.000852519,0.000852519,0.000852519,678,1,678,678,678,13,1,13,13,13
22,90,0.00116892,1,0.00116892,0.00116892,0.00116892,736,1,736,736,736,14,1,14,14,14
22,90,0.000918229,1,0.000918229,0.000918229,0.000918229,688,1,688,688,688,13,1,13,13,13
22,90,0.000936877,1,0.000936877,0.000936877,0.000936877,690,1,690,690,690,13,1,13,13,13
22,90,0.00108694,1,0.00108694,0.00108694,0.00108694,738,1,738,738,738,14,1,14,14,14
22,90,0.000528168,1,0.000528168,0.000528168,0.000528168,561,1,561,561,561,11,1,11,11,11
22,90,0.000736913,1,0.000736913,0.000736913,0.000736913,625,1,625,625,625,12,1,12,12,12
22,90,0.000742392,1,0.000742392,0.000742392,0.000742392,616,1,616,616,616,12,1,12,12,12
22,90,0.00129191,1,0.00129191,0.00129191,0.00129191,820,1,820,820,820,15,1,15,15,15
22,90,0.0010765,1,0.0010765,0.0010765,0.0010765,746,1,746,746,746,14,1,14,14,14
22,90,0.00120624,1,0.00120624,0.00120624,0.00120624,755,1,755,755,755,14,1,14,14,14
22,90,0.000533243,1,0.000533243,0.000533243,0.000533243,567,1,567,567,567,11,1,11,11,11
22,90,0.000806825,1,0.000806825,0.000806825,0.000806825,686,1,686,686,686,13,1,13,13,13
22,90,0.000857773,1,0.000857773,0.000857773,0.000857773,687,1,687,687,687,13,1,13,13,13
22,90,0.000568648,1,0.000568648,0.000568648,0.000568648,566,1,566,566,566,11,1,11,11,11
22,90,0.000725617,1,0.000725617,0.000725617,0.000725617,620,1,620,620,620,12,1,12,12,12
22,90,0.00126802,1,0.00126802,0.00126802,0.00126802,822,1,822,822,822,15,1,15,15,15
22,90,0.000885977,1,0.000885977,0.000885977,0.000885977,677,1,677,677,677,13,1,13,13,13
22,90,0.000689472,1,0.000689472,0.000689472,0.000689472,624,1,624,624,624,12,1,12,12,12
22,90,0.000635612,1,0.000635612,0.000635612,0.000635612,628,1,628,628,628,12,1,12,12,12
22,90,0.00103511,1,0.00103511,0.00103511,0.00103511,753,1,753,753,753,14,1,14,14,14
22,90,0.000866247,1,0.000866247,0.000866247,0.000866247,681,1,681,681,681,13,1,13,13,13
22,90,0.000499338,1,0.000499338,0.000499338,0.000499338,573,1,573,573,573,11,1,11,11,11
22,90,0.00105561,1,0.00105561,0.00105561,0.00105561,747,1,747,747,747,14,1,14,14,14
22,90,0.00085509,1,0.00085509,0.00085509,0.00085509,687,1,687,687,687,13,1,13,13,13
22,90,0.000686041,1,0.000686041,0.000686041,0.000686041,618,1,618,618,618,12,1,12,12,12
22,90,0.00071999,1,0.00071999,0.00071999,0.00071999,632,1,632,632,632,12,1,12,12,12
22,90,0.000601329,1,0.000601329,0.000601329,0.000601329,632,1,632,632,632,12,1,12,12,12
22,90,0.000918712,1,0.000918712,0.000918712,0.000918712,687,1,687,687,687,13,1,13,13,13
22,90,0.000881935,1,0.000881935,0.000881935,0.000881935,691,1,691,691,691,13,1,13,13,13
22,90,0.000949238,1,0.000949238,0.000949238,0.000949238,669,1,669,669,669,13,1,13,13,13
22,90,0.00135679,1,0.00135679,0.00135679,0.00135679,804,1,804,804,804,15,1,15,15,15
22,90,0.00103969,1,0.00103969,0.00103969,0.00103969,744,1,744,744,744,14,1,14,14,14
22,90,0.0010521,1,0.0010521,0.0010521,0.0010521,725,1,725,725,725,14,1,14,14,14
22,90,0.00146755,1,0.00146755,0.00146755,0.00146755,809,1,809,809,809,15,1,15,15,15
22,90,0.00107574,1,0.00107574,0.00107574,0.00107574,738,1,738,738,738,14,1,14,14,14
22,90,0.000713009,1,0.000713009,0.000713009,0.000713009,625,1,625,625,625,12,1,12,12,12
22,90,0.000716394,1,0.000716394,0.000716394,0.000716394,616,1,616,616,616,12,1,12,12,12
22,90,0.000832318,1,0.000832318,0.000832318,0.000832318,675,1,675,675,675,13,1,13,13,13
22,90,0.000646328,1,0.000646328,0.000646328,0.000646328,639,1,639,639,639,12,1,12,12,12
22,90,0.000898096,1,0.000898096,0.000898096,0.000898096,681,1,681,681,681,13,1,13,13,13
22,90,0.000893056,1,0.000893056,0.000893056,0.000893056,685,1,685,685,685,13,1,13,13,13
22,90,0.000795248,1,0.000795248,0.000795248,0.000795248,616,1,616,616,616,12,1,12,12,12
22,90,0.00073266,1,0.00073266,0.00073266,0.00073266,695,1,695,695,695,13,1,13,13,13
22,90,0.00066416,1,0.00066416,0.00066416,0.00066416,615,1,615,615,615,12,1,12,12,12
22,90,0.000669387,1,0.000669387,0.000669387,0.000669387,660,1,660,660,660,12,1,12,12,12
22,90,0.0007677,1,0.0007677,0.0007677,0.0007677,683,1,683,683,683,13,1,13,13,13
22,90,0.000658145,1,0.000658145,0.000658145,0.000658145,629,1,629,629,629,12,1,12,12,12
22,90,0.000910637,1,0.000910637,0.000910637,0.000910637,685,1,685,685,685,13,1,13,13,13
22,90,0.00065299,1,0.00065299,0.00065299,0.00065299,623,1,623,623,623,12,1,12,12,12
22,90,0.00123479,1,0.00123479,0.00123479,0.00123479,744,1,744,744,744,14,1,14,14,14
22,90,0.000803741,1,0.000803741,0.000803741,0.000803741,682,1,682,682,682,13,1,13,13,13
22,90,0.000640982,1,0.000640982,0.000640982,0.000640982,614,1,614,614,614,12,1,12,12,12
22,90,0.00088726,1,0.00088726,0.00088726,0.00088726,677,1,677,677,677,13,1,13,13,13
22,90,0.000756013,1,0.000756013,0.000756013,0.000756013,604,1,604,604,604,12,1,12,12,12
22,90,0.000762458,1,0.000762458,0.000762458,0.000762458,606,1,606,606,606,12,1,12,12,12
22,90,0.000648483,1,0.000648483,0.000648483,0.000648483,622,1,622,622,622,12,1,12,12,12
22,90,0.000843391,1,0.000843391,0.000843391,0.000843391,699,1,699,699,699,13,1,13,13,13
22,90,0.000745779,1,0.000745779,0.000745779,0.000745779,693,1,693,693,693,13,1,13,13,13
22,90,0.000860878,1,0.000860878,0.000860878,0.000860878,619,1,619,619,619,12,1,12,12,12
22,90,0.000762891,1,0.000762891,0.000762891,0.000762891,691,1,691,691,691,13,1,13,13,13
22,90,0.00128551,1,0.00128551,0.00128551,0.00128551,811,1,811,811,811,15,1,15,15,15
22,90,0.000823967,1,0.000823967,0.000823967,0.000823967,701,1,701,701,701,13,1,13,13,13
22,90,0.0008909,1,0.0008909,0.0008909,0.0008909,665,1,665,665,665,13,1,13,13,13
22,90,0.00115876,1,0.00115876,0.00115876,0.00115876,738,1,738,738,738,14,1,14,14,14
22,90,0.00140249,1,0.00140249,0.00140249,0.00140249,797,1,797,797,797,15,1,15,15,15
22,90,0.00120238,1,0.00120238,0.00120238,0.00120238,743,1,743,743,743,14,1,14,14,14
22,90,0.000953175,1,0.000953175,0.000953175,0.000953175,758,1,758,758,758,14,1,14,14,14
22,90,0.000943709,1,0.000943709,0.000943709,0.000943709,688,1,688,688,688,13,1,13,13,13
22,90,0.000888696,1,0.000888696,0.000888696,0.000888696,688,1,688,688,688,13,1,13,13,13
22,90,0.00137935,1,0.00137935,0.00137935,0.00137935,801,1,801,801,801,15,1,15,15,15
22,90,0.000892641,1,0.000892641,0.000892641,0.000892641,664,1,664,664,664,13,1,13,13,13
22,90,0.00118701,1,0.00118701,0.00118701,0.00118701,743,1,743,743,743,14,1,14,14,14
22,90,0.000664355,1,0.000664355,0.000664355,0.000664355,632,1,632,632,632,12,1,12,12,12
22,90,0.000848492,1,0.000848492,0.000848492,0.000848492,677,1,677,677,677,13,1,13,13,13
22,90,0.000834763,1,0.000834763,0.000834763,0.000834763,677,1,677,677,677,13,1,13,13,13
22,90,0.000948688,1,0.000948688,0.000948688,0.000948688,674,1,674,674,674,13,1,13,13,13
22,90,0.000928354,1,0.000928354,0.000928354,0.000928354,666,1,666,666,666,13,1,13,13,13
22,90,0.00135322,1,0.00135322,0.00135322,0.00135322,814,1,814,814,814,15,1,15,15,15
22,90,0.000722447,1,0.000722447,0.000722447,0.000722447,616,1,616,616,616,12,1,12,12,12
22,90,0.000682614,1,0.000682614,0.000682614,0.000682614,627,1,627,627,627,12,1,12,12,12
22,90,0.000680035,1,0.000680035,0.000680035,0.000680035,609,1,609,609,609,12,1,12,12,12
22,90,0.00108711,1,0.00108711,0.00108711,0.00108711,749,1,749,749,749,14,1,14,14,14
22,90,0.00110103,1,0.00110103,0.00110103,0.00110103,743,1,743,743,743,14,1,14,14,14
22,90,0.000643917,1,0.000643917,0.000643917,0.000643917,619,1,619,619,619,12,1,12,12,12
22,90,0.000878609,1,0.000878609,0.000878609,0.000878609,692,1,692,692,692,13,1,13,13,13
22,90,0.000841561,1,0.000841561,0.000841561,0.000841561,692,1,692,692,692,13,1,13,13,13
22,90,0.000690936,1,0.000690936,0.000690936,0.000690936,615,1,615,615,615,12,1,12,12,12
22,90,0.000682762,1,0.000682762,0.000682762,0.000682762,610,1,610,610,610,12,1,12,12,12
22,90,0.000655267,1,0.000655267,0.000655267,0.000655267,631,1,631,631,631,12,1,12,12,12
22,90,0.00100295,1,0.00100295,0.00100295,0.00100295,760,1,760,760,760,14,1,14,14,14
22,90,0.000905348,1,0.000905348,0.000905348,0.000905348,694,1,694,694,694,13,1,13,13,13
22,90,0.000902078,1,0.000902078,0.000902078,0.000902078,676,1,676,676,676,13,1,13,13,13
22,90,0.000929518,1,0.000929518,0.000929518,0.000929518,659,1,659,659,659,13,1,13,13,13
22,90,0.000872642,1,0.000872642,0.000872642,0.000872642,679,1,679,679,679,13,1,13,13,13
22,90,0.00092932,1,0.00092932,0.00092932,0.00092932,673,1,673,673,673,13,1,13,13,13
22,90,0.000926414,1,0.000926414,0.000926414,0.000926414,679,1,679,679,679,13,1,13,13,13
22,90,0.0011415,1,0.0011415,0.0011415,0.0011415,742,1,742,742,742,14,1,14,14,14
22,90,0.00111558,1,0.00111558,0.00111558,0.00111558,748,1,748,748,748,14,1,14,14,14
22,90,0.000780081,1,0.000780081,0.000780081,0.000780081,614,1,614,614,614,12,1,12,12,12
22,90,0.0010971,1,0.0010971,0.0010971,0.0010971,737,1,737,737,737,14,1,14,14,14
22,90,0.00137373,1,0.00137373,0.00137373,0.00137373,820,1,820,820,820,15,1,15,15,15
22,90,0.00101131,1,0.00101131,0.00101131,0.00101131,741,1,741,741,741,14,1,14,14,14
22,90,0.000797697,1,0.000797697,0.000797697,0.000797697,680,1,680,680,680,13,1,13,13,13
22,90,0.000838894,1,0.000838894,0.000838894,0.000838894,618,1,618,618,618,12,1,12,12,12
22,90,0.000821656,1,0.000821656,0.000821656,0.000821656,605,1,605,605,605,12,1,12,12,12
22,90,0.000870742,1,0.000870742,0.000870742,0.000870742,679,1,679,679,679,13,1,13,13,13
22,90,0.00104498,1,0.00104498,0.00104498,0.00104498,756,1,756,756,756,14,1,14,14,14
22,90,0.000800285,1,0.000800285,0.000800285,0.000800285,674,1,674,674,674,13,1,13,13,13
22,90,0.000570469,1,0.000570469,0.000570469,0.000570469,645,1,645,645,645,12,1,12,12,12
22,90,0.000880166,1,0.000880166,0.000880166,0.000880166,687,1,687,687,687,13,1,13,13,13
22,90,0.000959976,1,0.000959976,0.000959976,0.000959976,667,1,667,667,667,13,1,13,13,13
22,90,0.000624172,1,0.000624172,0.000624172,0.000624172,646,1,646,646,646,12,1,12,12,12
22,90,0.000934862,1,0.000934862,0.000934862,0.000934862,675,1,675,675,675,13,1,13,13,13
22,90,0.000858932,1,0.000858932,0.000858932,0.000858932,686,1,686,686,686,13,1,13,13,13
22,90,0.00160702,1,0.00160702,0.00160702,0.00160702,881,1,881,881,881,16,1,16,16,16
22,90,0.000870922,1,0.000870922,0.000870922,0.000870922,685,1,685,685,685,13,1,13,13,13
22,90,0.000745175,1,0.000745175,0.000745175,0.000745175,693,1,693,693,693,13,1,13,13,13
22,90,0.00113199,1,0.00113199,0.00113199,0.00113199,757,1,757,757,757,14,1,14,14,14
22,90,0.0011223,1,0.0011223,0.0011223,0.0011223,735,1,735,735,735,14,1,14,14,14
22,90,0.000638266,1,0.000638266,0.000638266,0.000638266,636,1,636,636,636,12,1,12,12,12
22,90,0.000646217,1,0.000646217,0.000646217,0.000646217,622,1,622,622,622,12,1,12,12,12
22,90,0.00102242,1,0.00102242,0.00102242,0.00102242,746,1,746,746,746,14,1,14,14,14
22,90,0.000932239,1,0.000932239,0.000932239,0.000932239,676,1,676,676,676,13,1,13,13,13
22,90,0.000692733,1,0.000692733,0.000692733,0.000692733,622,1,622,622,622,12,1,12,12,12
22,90,0.000860359,1,0.000860359,0.000860359,0.000860359,671,1,671,671,671,13,1,13,13,13
22,90,0.000807989,1,0.000807989,0.000807989,0.000807989,601,1,601,601,601,12,1,12,12,12
22,90,0.000966442,1,0.000966442,0.000966442,0.000966442,680,1,680,680,680,13,1,13,13,13
22,90,0.00109411,1,0.00109411,0.00109411,0.00109411,734,1,734,734,734,14,1,14,14,14
22,90,0.0010344,1,0.0010344,0.0010344,0.0010344,732,1,732,732,732,14,1,14,14,14
22,90,0.00118919,1,0.00118919,0.00118919,0.00118919,747,1,747,747,747,14,1,14,14,14
22,90,0.000853637,1,0.000853637,0.000853637,0.000853637,676,1,676,676,676,13,1,13,13,13
22,90,0.000970437,1,0.000970437,0.000970437,0.000970437,680,1,680,680,680,13,1,13,13,13
22,90,0.000871443,1,0.000871443,0.000871443,0.000871443,661,1,661,661,661,13,1,13,13,13
22,90,0.000892535,1,0.000892535,0.000892535,0.000892535,751,1,751,751,751,14,1,14,14,14
22,90,0.000930669,1,0.000930669,0.000930669,0.000930669,676,1,676,676,676,13,1,13,13,13
22,90,0.000998701,1,0.000998701,0.000998701,0.000998701,751,1,751,751,751,14,1,14,14,14
22,90,0.00137037,1,0.00137037,0.00137037,0.00137037,819,1,819,819,819,15,1,15,15,15
22,90,0.000873946,1,0.000873946,0.000873946,0.000873946,682,1,682,682,682,13,1,13,13,13
22,90,0.000946941,1,0.000946941,0.000946941,0.000946941,685,1,685,685,685,13,1,13,13,13
22,90,0.000871446,1,0.000871446,0.000871446,0.000871446,681,1,681,681,681,13,1,13,13,13
22,90,0.00105138,1,0.00105138,0.00105138,0.00105138,737,1,737,737,737,14,1,14,14,14
22,90,0.00110282,1,0.00110282,0.00110282,0.00110282,724,1,724,724,724,14,1,14,14,14
22,90,0.000891752,1,0.000891752,0.000891752,0.000891752,672,1,672,672,672,13,1,13,13,13
22,90,0.00113412,1,0.00113412,0.00113412,0.00113412,734,1,734,734,734,14,1,14,14,14
22,90,0.000788009,1,0.000788009,0.000788009,0.000788009,681,1,681,681,681,13,1,13,13,13
22,90,0.00107368,1,0.00107368,0.00107368,0.00107368,731,1,731,731,731,14,1,14,14,14
22,90,0.00133106,1,0.00133106,0.00133106,0.00133106,810,1,810,810,810,15,1,15,15,15
22,90,0.000833203,1,0.000833203,0.000833203,0.000833203,675,1,675,675,675,13,1,13,13,13
22,90,0.000571046,1,0.000571046,0.000571046,0.000571046,547,1,547,547,547,11,1,11,11,11
22,90,0.000854336,1,0.000854336,0.000854336,0.000854336,682,1,682,682,682,13,1,13,13,13
22,90,0.00128308,1,0.00128308,0.00128308,0.00128308,813,1,813,813,813,15,1,15,15,15
22,90,0.00126493,1,0.00126493,0.00126493,0.00126493,733,1,733,733,733,14,1,14,14,14
22,90,0.000993088,1,0.000993088,0.000993088,0.000993088,741,1,741,741,741,14,1,14,14,14
22,90,0.001081,1,0.001081,0.001081,0.001081,753,1,753,753,753,14,1,14,14,14
22,90,0.00053087,1,0.00053087,0.00053087,0.00053087,558,1,558,558,558,11,1,11,11,11
22,90,0.00108395,1,0.00108395,0.00108395,0.00108395,740,1,740,740,740,14,1,14,14,14
22,90,0.000613834,1,0.000613834,0.000613834,0.000613834,645,1,645,645,645,12,1,12,12,12
22,90,0.000980435,1,0.000980435,0.000980435,0.000980435,754,1,754,754,754,14,1,14,14,14
22,90,0.00112187,1,0.00112187,0.00112187,0.00112187,740,1,740,740,740,14,1,14,14,14
22,90,0.0011294,1,0.0011294,0.0011294,0.0011294,749,1,749,749,749,14,1,14,14,14
22,90,0.000725358,1,0.000725358,0.000725358,0.000725358,622,1,622,622,622,12,1,12,12,12
22,90,0.00112917,1,0.00112917,0.00112917,0.00112917,725,1,725,725,725,14,1,14,14,14
22,90,0.000841065,1,0.000841065,0.000841065,0.000841065,683,1,683,683,683,13,1,13,13,13
22,90,0.00132025,1,0.00132025,0.00132025,0.00132025,816,1,816,816,816,15,1,15,15,15
22,90,0.000607305,1,0.000607305,0.000607305,0.000607305,633,1,633,633,633,12,1,12,12,12
22,90,0.000862556,1,0.000862556,0.000862556,0.000862556,672,1,672,672,672,13,1,13,13,13
22,90,0.000713762,1,0.000713762,0.000713762,0.000713762,614,1,614,614,614,12,1,12,12,12
22,90,0.000812368,1,0.000812368,0.000812368,0.000812368,615,1,615,615,615,12,1,12,12,12
22,90,0.000839399,1,0.000839399,0.000839399,0.000839399,701,1,701,701,701,13,1,13,13,13
22,90,0.000881875,1,0.000881875,0.000881875,0.000881875,667,1,667,667,667,13,1,13,13,13
22,90,0.000850508,1,0.000850508,0.000850508,0.000850508,699,1,699,699,699,13,1,13,13,13
22,90,0.00115686,1,0.00115686,0.00115686,0.00115686,748,1,748,748,748,14,1,14,14,14
22,90,0.000908765,1,0.000908765,0.000908765,0.000908765,665,1,665,665,665,13,1,13,13,13
22,90,0.000681713,1,0.000681713,0.000681713,0.000681713,603,1,603,603,603,12,1,12,12,12
22,90,0.000885412,1,0.000885412,0.000885412,0.000885412,699,1,699,699,699,13,1,13,13,13
22,90,0.000632133,1,0.000632133,0.000632133,0.000632133,624,1,624,624,624,12,1,12,12,12
22,90,0.000729511,1,0.000729511,0.000729511,0.000729511,691,1,691,691,691,13,1,13,13,13
22,90,0.000891536,1,0.000891536,0.000891536,0.000891536,664,1,664,664,664,13,1,13,13,13
22,90,0.000703147,1,0.000703147,0.000703147,0.000703147,628,1,628,628,628,12,1,12,12,12
22,90,0.000652009,1,0.000652009,0.000652009,0.000652009,625,1,625,625,625,12,1,12,12,12
22,90,0.000888738,1,0.000888738,0.000888738,0.000888738,674,1,674,674,674,13,1,13,13,13
22,90,0.00106764,1,0.00106764,0.00106764,0.00106764,755,1,755,755,755,14,1,14,14,14
22,90,0.000516836,1,0.000516836,0.000516836,0.000516836,583,1,583,583,583,11,1,11,11,11
22,90,0.000558464,1,0.000558464,0.000558464,0.000558464,634,1,634,634,634,12,1,12,12,12
22,90,0.000778296,1,0.000778296,0.000778296,0.000778296,683,1,683,683,683,13,1,13,13,13
22,90,0.000603025,1,0.000603025,0.000603025,0.000603025,550,1,550,550,550,11,1,11,11,11
22,90,0.000578957,1,0.000578957,0.000578957,0.000578957,619,1,619,619,619,12,1,12,12,12
22,90,0.000738114,1,0.000738114,0.000738114,0.000738114,695,1,695,695,695,13,1,13,13,13
22,90,0.00118934,1,0.00118934,0.00118934,0.00118934,733,1,733,733,733,14,1,14,14,14
22,90,0.000887293,1,0.000887293,0.000887293,0.000887293,664,1,664,664,664,13,1,13,13,13
22,90,0.000756681,1,0.000756681,0.000756681,0.000756681,693,1,693,693,693,13,1,13,13,13
22,90,0.00100204,1,0.00100204,0.00100204,0.00100204,687,1,687,687,687,13,1,13,13,13
22,90,0.00116164,1,0.00116164,0.00116164,0.00116164,749,1,749,749,749,14,1,14,14,14
22,90,0.000590981,1,0.000590981,0.000590981,0.000590981,556,1,556,556,556,11,1,11,11,11
22,90,0.000818149,1,0.000818149,0.000818149,0.000818149,678,1,678,678,678,13,1,13,13,13
22,90,0.00106117,1,0.00106117,0.00106117,0.00106117,753,1,753,753,753,14,1,14,14,14
22,90,0.000870757,1,0.000870757,0.000870757,0.000870757,674,1,674,674,674,13,1,13,13,13
22,90,0.000754041,1,0.000754041,0.000754041,0.000754041,612,1,612,612,612,12,1,12,12,12
22,90,0.000893641,1,0.000893641,0.000893641,0.000893641,671,1,671,671,671,13,1,13,13,13
22,90,0.00049291,1,0.00049291,0.00049291,0.00049291,584,1,584,584,584,11,1,11,11,11
22,90,0.000613521,1,0.000613521,0.000613521,0.000613521,615,1,615,615,615,12,1,12,12,12
22,90,0.000688516,1,0.000688516,0.000688516,0.000688516,632,1,632,632,632,12,1,12,12,12
22,90,0.000688347,1,0.000688347,0.000688347,0.000688347,612,1,612,612,612,12,1,12,12,12
22,90,0.000810682,1,0.000810682,0.000810682,0.000810682,691,1,691,691,691,13,1,13,13,13
22,90,0.00107887,1,0.00107887,0.00107887,0.00107887,732,1,732,732,732,14,1,14,14,14
22,90,0.000697725,1,0.000697725,0.000697725,0.000697725,627,1,627,627,627,12,1,12,12,12
22,90,0.000756808,1,0.000756808,0.000756808,0.000756808,619,1,619,619,619,12,1,12,12,12
22,90,0.000597201,1,0.000597201,0.000597201,0.000597201,584,1,584,584,584,11,1,11,11,11
22,90,0.00104831,1,0.00104831,0.00104831,0.00104831,738,1,738,738,738,14,1,14,14,14
22,90,0.000735858,1,0.000735858,0.000735858,0.000735858,624,1,624,624,624,12,1,12,12,12
22,90,0.00103564,1,0.00103564,0.00103564,0.00103564,750,1,750,750,750,14,1,14,14,14
22,90,0.000879209,1,0.000879209,0.000879209,0.000879209,688,1,688,688,688,13,1,13,13,13
22,90,0.000544146,1,0.000544146,0.000544146,0.000544146,637,1,637,637,637,12,1,12,12,12
22,90,0.000582832,1,0.000582832,0.000582832,0.000582832,637,1,637,637,637,12,1,12,12,12
22,90,0.000869377,1,0.000869377,0.000869377,0.000869377,694,1,694,694,694,13,1,13,13,13
22,90,0.000670618,1,0.000670618,0.000670618,0.000670618,621,1,621,621,621,12,1,12,12,12
22,90,0.000984866,1,0.000984866,0.000984866,0.000984866,674,1,674,674,674,13,1,13,13,13
22,90,0.000996423,1,0.000996423,0.000996423,0.000996423,740,1,740,740,740,14,1,14,14,14
22,90,0.00103806,1,0.00103806,0.00103806,0.00103806,744,1,744,744,744,14,1,14,14,14
22,90,0.00107312,1,0.00107312,0.00107312,0.00107312,728,1,728,728,728,14,1,14,14,14
22,90,0.00117596,1,0.00117596,0.00117596,0.00117596,734,1,734,734,734,14,1,14,14,14
22,90,0.000849028,1,0.000849028,0.000849028,0.000849028,693,1,693,693,693,13,1,13,13,13
22,90,0.00119581,1,0.00119581,0.00119581,0.00119581,735,1,735,735,735,14,1,14,14,14
22,90,0.000669101,1,0.000669101,0.000669101,0.000669101,614,1,614,614,614,12,1,12,12,12
22,90,0.000698193,1,0.000698193,0.000698193,0.000698193,626,1,626,626,626,12,1,12,12,12
22,90,0.00107705,1,0.00107705,0.00107705,0.00107705,716,1,716,716,716,14,1,14,14,14
22,90,0.000928778,1,0.000928778,0.000928778,0.000928778,667,1,667,667,667,13,1,13,13,13
22,90,0.000695282,1,0.000695282,0.000695282,0.000695282,602,1,602,602,602,12,1,12,12,12
22,90,0.00156794,1,0.00156794,0.00156794,0.00156794,882,1,882,882,882,16,1,16,16,16
22,90,0.000863729,1,0.000863729,0.000863729,0.000863729,680,1,680,680,680,13,1,13,13,13
22,90,0.00101455,1,0.00101455,0.00101455,0.00101455,674,1,674,674,674,13,1,13,13,13
22,90,0.000929063,1,0.000929063,0.000929063,0.000929063,683,1,683,683,683,13,1,13,13,13
22,90,0.000972175,1,0.000972175,0.000972175,0.000972175,694,1,694,694,694,13,1,13,13,13
22,90,0.00115619,1,0.00115619,0.00115619,0.00115619,737,1,737,737,737,14,1,14,14,14
22,90,0.000910244,1,0.000910244,0.000910244,0.000910244,679,1,679,679,679,13,1,13,13,13
22,90,0.000811781,1,0.000811781,0.000811781,0.000811781,663,1,663,663,663,13,1,13,13,13
22,90,0.000872577,1,0.000872577,0.000872577,0.000872577,590,1,590,590,590,12,1,12,12,12
22,90,0.000811807,1,0.000811807,0.000811807,0.000811807,675,1,675,675,675,13,1,13,13,13
22,90,0.000679227,1,0.000679227,0.000679227,0.000679227,614,1,614,614,614,12,1,12,12,12
22,90,0.000563157,1,0.000563157,0.000563157,0.000563157,626,1,626,626,626,12,1,12,12,12
22,90,0.000787721,1,0.000787721,0.000787721,0.000787721,622,1,622,622,622,12,1,12,12,12
22,90,0.00102999,1,0.00102999,0.00102999,0.00102999,741,1,741,741,741,14,1,14,14,14
22,90,0.000795045,1,0.000795045,0.000795045,0.000795045,688,1,688,688,688,13,1,13,13,13
22,90,0.000874953,1,0.000874953,0.000874953,0.000874953,704,1,704,704,704,13,1,13,13,13
22,90,0.001027,1,0.001027,0.001027,0.001027,745,1,745,745,745,14,1,14,14,14
22,90,0.000888857,1,0.000888857,0.000888857,0.000888857,665,1,665,665,665,13,1,13,13,13
22,90,0.00107981,1,0.00107981,0.00107981,0.00107981,754,1,754,754,754,14,1,14,14,14
22,90,0.000731421,1,0.000731421,0.000731421,0.000731421,603,1,603,603,603,12,1,12,12,12
22,90,0.000529759,1,0.000529759,0.000529759,0.000529759,577,1,577,577,577,11,1,11,11,11
22,90,0.00102208,1,0.00102208,0.00102208,0.00102208,676,1,676,676,676,13,1,13,13,13
22,90,0.00127543,1,0.00127543,0.00127543,0.00127543,815,1,815,815,815,15,1,15,15,15
22,90,0.000900488,1,0.000900488,0.000900488,0.000900488,686,1,686,686,686,13,1,13,13,13
22,90,0.000467446,1,0.000467446,0.000467446,0.000467446,590,1,590,590,590,11,1,11,11,11
22,90,0.00108722,1,0.00108722,0.00108722,0.00108722,736,1,736,736,736,14,1,14,14,14
22,90,0.000849933,1,0.000849933,0.000849933,0.000849933,689,1,689,689,689,13,1,13,13,13
22,90,0.000782183,1,0.000782183,0.000782183,0.000782183,688,1,688,688,688,13,1,13,13,13
22,90,0.000954067,1,0.000954067,0.000954067,0.000954067,684,1,684,684,684,13,1,13,13,13
22,90,0.000843165,1,0.000843165,0.000843165,0.000843165,673,1,673,673,673,13,1,13,13,13
22,90,0.00106841,1,0.00106841,0.00106841,0.00106841,738,1,738,738,738,14,1,14,14,14
22,90,0.000890015,1,0.000890015,0.000890015,0.000890015,675,1,675,675,675,13,1,13,13,13
22,90,0.0008919,1,0.0008919,0.0008919,0.0008919,676,1,676,676,676,13,1,13,13,13
22,90,0.00139348,1,0.00139348,0.00139348,0.00139348,804,1,804,804,804,15,1,15,15,15
22,90,0.00084335,1,0.00084335,0.00084335,0.00084335,699,1,699,699,699,13,1,13,13,13
22,90,0.000940456,1,0.000940456,0.000940456,0.000940456,678,1,678,678,678,13,1,13,13,13
22,90,0.000623556,1,0.000623556,0.000623556,0.000623556,632,1,632,632,632,12,1,12,12,12
22,90,0.000629501,1,0.000629501,0.000629501,0.000629501,623,1,623,623,623,12,1,12,12,12
22,90,0.000648733,1,0.000648733,0.000648733,0.000648733,623,1,623,623,623,12,1,12,12,12
22,90,0.000940352,1,0.000940352,0.000940352,0.000940352,702,1,702,702,702,13,1,13,13,13
22,90,0.000881715,1,0.000881715,0.000881715,0.000881715,685,1,685,685,685,13,1,13,13,13
22,90,0.000626527,1,0.000626527,0.000626527,0.000626527,617,1,617,617,617,12,1,12,12,12
22,90,0.000765934,1,0.000765934,0.000765934,0.000765934,610,1,610,610,610,12,1,12,12,12
22,90,0.000547695,1,0.000547695,0.000547695,0.000547695,565,1,565,565,565,11,1,11,11,11
22,90,0.00127887,1,0.00127887,0.00127887,0.00127887,801,1,801,801,801,15,1,15,15,15
22,90,0.00111217,1,0.00111217,0.00111217,0.00111217,749,1,749,749,749,14,1,14,14,14
22,90,0.000893265,1,0.000893265,0.000893265,0.000893265,686,1,686,686,686,13,1,13,13,13
22,90,0.000977854,1,0.000977854,0.000977854,0.000977854,670,1,670,670,670,13,1,13,13,13
22,90,0.000946823,1,0.000946823,0.000946823,0.000946823,678,1,678,678,678,13,1,13,13,13
22,90,0.000724694,1,0.000724694,0.000724694,0.000724694,625,1,625,625,625,12,1,12,12,12
22,90,0.00111148,1,0.00111148,0.00111148,0.00111148,744,1,744,744,744,14,1,14,14,14
22,90,0.000630469,1,0.000630469,0.000630469,0.000630469,634,1,634,634,634,12,1,12,12,12
22,90,0.00113433,1,0.00113433,0.00113433,0.00113433,807,1,807,807,807,15,1,15,15,15
22,90,0.00080169,1,0.00080169,0.00080169,0.00080169,671,1,671,671,671,13,1,13,13,13
22,90,0.0008058,1,0.0008058,0.0008058,0.0008058,699,1,699,699,699,13,1,13,13,13
22,90,0.00118102,1,0.00118102,0.00118102,0.00118102,746,1,746,746,746,14,1,14,14,14
22,90,0.000715416,1,0.000715416,0.000715416,0.000715416,617,1,617,617,617,12,1,12,12,12
22,90,0.000920096,1,0.000920096,0.000920096,0.000920096,663,1,663,663,663,13,1,13,13,13
22,90,0.00107321,1,0.00107321,0.00107321,0.00107321,750,1,750,750,750,14,1,14,14,14
22,90,0.000655208,1,0.000655208,0.000655208,0.000655208,556,1,556,556,556,11,1,11,11,11
22,90,0.000739956,1,0.000739956,0.000739956,0.000739956,607,1,607,607,607,12,1,12,12,12
22,90,0.000675906,1,0.000675906,0.000675906,0.000675906,631,1,631,631,631,12,1,12,12,12
22,90,0.000936401,1,0.000936401,0.000936401,0.000936401,671,1,671,671,671,13,1,13,13,13
22,90,0.00116957,1,0.00116957,0.00116957,0.00116957,737,1,737,737,737,14,1,14,14,14
22,90,0.000970954,1,0.000970954,0.000970954,0.000970954,755,1,755,755,755,14,1,14,14,14
22,90,0.000722448,1,0.000722448,0.000722448,0.000722448,689,1,689,689,689,13,1,13,13,13
22,90,0.000900136,1,0.000900136,0.000900136,0.000900136,678,1,678,678,678,13,1,13,13,13
22,90,0.000981848,1,0.000981848,0.000981848,0.000981848,666,1,666,666,666,13,1,13,13,13
22,90,0.0010468,1,0.0010468,0.0010468,0.0010468,747,1,747,747,747,14,1,14,14,14
22,90,0.000861342,1,0.000861342,0.000861342,0.000861342,688,1,688,688,688,13,1,13,13,13
22,90,0.000736209,1,0.000736209,0.000736209,0.000736209,617,1,617,617,617,12,1,12,12,12
22,90,0.000679769,1,0.000679769,0.000679769,0.000679769,618,1,618,618,618,12,1,12,12,12
22,90,0.00115699,1,0.00115699,0.00115699,0.00115699,746,1,746,746,746,14,1,14,14,14
22,90,0.00113779,1,0.00113779,0.00113779,0.00113779,751,1,751,751,751,14,1,14,14,14
22,90,0.000811821,1,0.000811821,0.000811821,0.000811821,706,1,706,706,706,13,1,13,13,13
22,90,0.00109853,1,0.00109853,0.00109853,0.00109853,727,1,727,727,727,14,1,14,14,14
22,90,0.000995568,1,0.000995568,0.000995568,0.000995568,747,1,747,747,747,14,1,14,14,14
22,90,0.00102787,1,0.00102787,0.00102787,0.00102787,762,1,762,762,762,14,1,14,14,14
22,90,0.00106261,1,0.00106261,0.00106261,0.00106261,754,1,754,754,754,14,1,14,14,14
22,90,0.000671959,1,0.000671959,0.000671959,0.000671959,627,1,627,627,627,12,1,12,12,12
22,90,0.00073352,1,0.00073352,0.00073352,0.00073352,613,1,613,613,613,12,1,12,12,12
22,90,0.00113652,1,0.00113652,0.00113652,0.00113652,737,1,737,737,737,14,1,14,14,14
22,90,0.00105328,1,0.00105328,0.00105328,0.00105328,747,1,747,747,747,14,1,14,14,14
22,90,0.0013492,1,0.0013492,0.0013492,0.0013492,815,1,815,815,815,15,1,15,15,15
22,90,0.000830751,1,0.000830751,0.000830751,0.000830751,690,1,690,690,690,13,1,13,13,13
22,90,0.00069004,1,0.00069004,0.00069004,0.00069004,621,1,621,621,621,12,1,12,12,12
22,90,0.000472672,1,0.000472672,0.000472672,0.000472672,569,1,569,569,569,11,1,11,11,11
22,90,0.000571473,1,0.000571473,0.000571473,0.000571473,556,1,556,556,556,11,1,11,11,11
22,90,0.000786506,1,0.000786506,0.000786506,0.000786506,616,1,616,616,616,12,1,12,12,12
22,90,0.000779203,1,0.000779203,0.000779203,0.000779203,675,1,675,675,675,13,1,13,13,13
22,90,0.00082503,1,0.00082503,0.00082503,0.00082503,683,1,683,683,683,13,1,13,13,13
22,90,0.000662293,1,0.000662293,0.000662293,0.000662293,615,1,615,615,615,12,1,12,12,12
22,90,0.000882484,1,0.000882484,0.000882484,0.000882484,674,1,674,674,674,13,1,13,13,13
22,90,0.000574002,1,0.000574002,0.000574002,0.000574002,565,1,565,565,565,11,1,11,11,11
22,90,0.000850675,1,0.000850675,0.000850675,0.000850675,672,1,672,672,672,13,1,13,13,13
22,90,0.000791609,1,0.000791609,0.000791609,0.000791609,604,1,604,604,604,12,1,12,12,12
22,90,0.00131108,1,0.00131108,0.00131108,0.00131108,813,1,813,813,813,15,1,15,15,15
22,90,0.000908702,1,0.000908702,0.000908702,0.000908702,680,1,680,680,680,13,1,13,13,13
22,90,0.000630712,1,0.000630712,0.000630712,0.000630712,628,1,628,628,628,12,1,12,12,12
22,90,0.000842716,1,0.000842716,0.000842716,0.000842716,690,1,690,690,690,13,1,13,13,13
22,90,0.00149066,1,0.00149066,0.00149066,0.00149066,889,1,889,889,889,16,1,16,16,16
22,90,0.000473757,1,0.000473757,0.000473757,0.000473757,565,1,565,565,565,11,1,11,11,11
22,90,0.000875255,1,0.000875255,0.000875255,0.000875255,680,1,680,680,680,13,1,13,13,13
22,90,0.00117021,1,0.00117021,0.00117021,0.00117021,728,1,728,728,728,14,1,14,14,14
22,90,0.000897596,1,0.000897596,0.000897596,0.000897596,679,1,679,679,679,13,1,13,13,13
22,90,0.000732379,1,0.000732379,0.000732379,0.000732379,616,1,616,616,616,12,1,12,12,12
22,90,0.000893916,1,0.000893916,0.000893916,0.000893916,690,1,690,690,690,13,1,13,13,13
22,90,0.000709826,1,0.000709826,0.000709826,0.000709826,617,1,617,617,617,12,1,12,12,12
22,90,0.000761842,1,0.000761842,0.000761842,0.000761842,612,1,612,612,612,12,1,12,12,12
22,90,0.000915603,1,0.000915603,0.000915603,0.000915603,681,1,681,681,681,13,1,13,13,13
22,90,0.00112334,1,0.00112334,0.00112334,0.00112334,749,1,749,749,749,14,1,14,14,14
22,90,0.0011473,1,0.0011473,0.0011473,0.0011473,735,1,735,735,735,14,1,14,14,14
22,90,0.000587506,1,0.000587506,0.000587506,0.000587506,550,1,550,550,550,11,1,11,11,11
22,90,0.000727055,1,0.000727055,0.000727055,0.000727055,623,1,623,623,623,12,1,12,12,12
22,90,0.000725643,1,0.000725643,0.000725643,0.000725643,610,1,610,610,610,12,1,12,12,12
22,90,0.00103119,1,0.00103119,0.00103119,0.00103119,757,1,757,757,757,14,1,14,14,14
22,90,0.000977968,1,0.000977968,0.000977968,0.000977968,755,1,755,755,755,14,1,14,14,14
22,90,0.00140726,1,0.00140726,0.00140726,0.00140726,830,1,830,830,830,15,1,15,15,15
22,90,0.000840314,1,0.000840314,0.000840314,0.000840314,683,1,683,683,683,13,1,13,13,13
22,90,0.00122945,1,0.00122945,0.00122945,0.00122945,804,1,804,804,804,15,1,15,15,15
22,90,0.000926576,1,0.000926576,0.000926576,0.000926576,687,1,687,687,687,13,1,13,13,13
22,90,0.000939212,1,0.000939212,0.000939212,0.000939212,681,1,681,681,681,13,1,13,13,13
22,90,0.00107011,1,0.00107011,0.00107011,0.00107011,739,1,739,739,739,14,1,14,14,14
22,90,0.00123228,1,0.00123228,0.00123228,0.00123228,801,1,801,801,801,15,1,15,15,15
22,90,0.00100409,1,0.00100409,0.00100409,0.00100409,755,1,755,755,755,14,1,14,14,14
22,90,0.00070156,1,0.00070156,0.00070156,0.00070156,701,1,701,701,701,13,1,13,13,13
22,90,0.000492302,1,0.000492302,0.000492302,0.000492302,572,1,572,572,572,11,1,11,11,11
22,90,0.000857081,1,0.000857081,0.000857081,0.000857081,686,1,686,686,686,13,1,13,13,13
22,90,0.00085753,1,0.00085753,0.00085753,0.00085753,675,1,675,675,675,13,1,13,13,13
22,90,0.00110466,1,0.00110466,0.00110466,0.00110466,755,1,755,755,755,14,1,14,14,14
22,90,0.000817533,1,0.000817533,0.000817533,0.000817533,672,1,672,672,672,13,1,13,13,13
22,90,0.000488924,1,0.000488924,0.000488924,0.000488924,573,1,573,573,573,11,1,11,11,11
22,90,0.000607777,1,0.000607777,0.000607777,0.000607777,643,1,643,643,643,12,1,12,12,12
22,90,0.0011302,1,0.0011302,0.0011302,0.0011302,745,1,745,745,745,14,1,14,14,14
22,90,0.0010331,1,0.0010331,0.0010331,0.0010331,763,1,763,763,763,14,1,14,14,14
22,90,0.000492279,1,0.000492279,0.000492279,0.000492279,580,1,580,580,580,11,1,11,11,11
22,90,0.00122989,1,0.00122989,0.00122989,0.00122989,826,1,826,826,826,15,1,15,15,15
22,90,0.00112349,1,0.00112349,0.00112349,0.00112349,748,1,748,748,748,14,1,14,14,14
22,90,0.000841481,1,0.000841481,0.000841481,0.000841481,676,1,676,676,676,13,1,13,13,13
22,90,0.000913094,1,0.000913094,0.000913094,0.000913094,748,1,748,748,748,14,1,14,14,14
22,90,0.000829262,1,0.000829262,0.000829262,0.000829262,675,1,675,675,675,13,1,13,13,13
22,90,0.000916072,1,0.000916072,0.000916072,0.000916072,685,1,685,685,685,13,1,13,13,13
22,90,0.00110646,1,0.00110646,0.00110646,0.00110646,737,1,737,737,737,14,1,14,14,14
22,90,0.0010559,1,0.0010559,0.0010559,0.0010559,755,1,755,755,755,14,1,14,14,14
22,90,0.000969588,1,0.000969588,0.000969588,0.000969588,685,1,685,685,685,13,1,13,13,13
22,90,0.000703871,1,0.000703871,0.000703871,0.000703871,613,1,613,613,613,12,1,12,12,12
22,90,0.000902523,1,0.000902523,0.000902523,0.000902523,706,1,706,706,706,13,1,13,13,13
22,90,0.000515112,1,0.000515112,0.000515112,0.000515112,574,1,574,574,574,11,1,11,11,11
22,90,0.000827863,1,0.000827863,0.000827863,0.000827863,673,1,673,673,673,13,1,13,13,13
22,90,0.000872542,1,0.000872542,0.000872542,0.000872542,673,1,673,673,673,13,1,13,13,13
22,90,0.000898011,1,0.000898011,0.000898011,0.000898011,692,1,692,692,692,13,1,13,13,13
22,90,0.000663399,1,0.000663399,0.000663399,0.000663399,625,1,625,625,625,12,1,12,12,12
22,90,0.000851632,1,0.000851632,0.000851632,0.000851632,676,1,676,676,676,13,1,13,13,13
22,90,0.000820804,1,0.000820804,0.000820804,0.000820804,611,1,611,611,611,12,1,12,12,12
22,90,0.00128301,1,0.00128301,0.00128301,0.00128301,803,1,803,803,803,15,1,15,15,15
22,90,0.00132869,1,0.00132869,0.00132869,0.00132869,804,1,804,804,804,15,1,15,15,15
22,90,0.000882562,1,0.000882562,0.000882562,0.000882562,679,1,679,679,679,13,1,13,13,13
22,90,0.000667856,1,0.000667856,0.000667856,0.000667856,626,1,626,626,626,12,1,12,12,12
22,90,0.000852859,1,0.000852859,0.000852859,0.000852859,681,1,681,681,681,13,1,13,13,13
22,90,0.00075176,1,0.00075176,0.00075176,0.00075176,600,1,600,600,600,12,1,12,12,12
22,90,0.000941479,1,0.000941479,0.000941479,0.000941479,745,1,745,745,745,14,1,14,14,14
22,90,0.000772635,1,0.000772635,0.000772635,0.000772635,620,1,620,620,620,12,1,12,12,12
22,90,0.000910421,1,0.000910421,0.000910421,0.000910421,673,1,673,673,673,13,1,13,13,13
22,90,0.000610196,1,0.000610196,0.000610196,0.000610196,634,1,634,634,634,12,1,12,12,12
22,90,0.0009243,1,0.0009243,0.0009243,0.0009243,669,1,669,669,669,13,1,13,13,13
22,90,0.00100219,1,0.00100219,0.00100219,0.00100219,674,1,674,674,674,13,1,13,13,13
22,90,0.000661881,1,0.000661881,0.000661881,0.000661881,633,1,633,633,633,12,1,12,12,12
22,90,0.000882826,1,0.000882826,0.000882826,0.000882826,685,1,685,685,685,13,1,13,13,13
22,90,0.00108003,1,0.00108003,0.00108003,0.00108003,746,1,746,746,746,14,1,14,14,14
22,90,0.00158185,1,0.00158185,0.00158185,0.00158185,875,1,875,875,875,16,1,16,16,16
22,90,0.000961044,1,0.000961044,0.000961044,0.000961044,674,1,674,674,674,13,1,13,13,13
22,90,0.000848493,1,0.000848493,0.000848493,0.000848493,672,1,672,672,672,13,1,13,13,13
22,90,0.000929236,1,0.000929236,0.000929236,0.000929236,683,1,683,683,683,13,1,13,13,13
22,90,0.000805758,1,0.000805758,0.000805758,0.000805758,699,1,699,699,699,13,1,13,13,13
22,90,0.000844554,1,0.000844554,0.000844554,0.000844554,679,1,679,679,679,13,1,13,13,13
22,90,0.000956548,1,0.000956548,0.000956548,0.000956548,687,1,687,687,687,13,1,13,13,13
22,90,0.00100472,1,0.00100472,0.00100472,0.00100472,681,1,681,681,681,13,1,13,13,13
22,90,0.00105507,1,0.00105507,0.00105507,0.00105507,733,1,733,733,733,14,1,14,14,14
22,90,0.000874737,1,0.000874737,0.000874737,0.000874737,675,1,675,675,675,13,1,13,13,13
22,90,0.000846941,1,0.000846941,0.000846941,0.000846941,674,1,674,674,674,13,1,13,13,13
22,90,0.000829538,1,0.000829538,0.000829538,0.000829538,678,1,678,678,678,13,1,13,13,13
22,90,0.000665725,1,0.000665725,0.000665725,0.000665725,637,1,637,637,637,12,1,12,12,12
22,90,0.000888127,1,0.000888127,0.000888127,0.000888127,686,1,686,686,686,13,1,13,13,13
22,90,0.00126917,1,0.00126917,0.00126917,0.00126917,812,1,812,812,812,15,1,15,15,15
22,90,0.000959696,1,0.000959696,0.000959696,0.000959696,668,1,668,668,668,13,1,13,13,13
22,90,0.00116885,1,0.00116885,0.00116885,0.00116885,744,1,744,744,744,14,1,14,14,14
22,90,0.00122255,1,0.00122255,0.00122255,0.00122255,801,1,801,801,801,15,1,15,15,15
22,90,0.000878096,1,0.000878096,0.000878096,0.000878096,693,1,693,693,693,13,1,13,13,13
22,90,0.00102645,1,0.00102645,0.00102645,0.00102645,746,1,746,746,746,14,1,14,14,14
22,90,0.00116701,1,0.00116701,0.00116701,0.00116701,742,1,742,742,742,14,1,14,14,14
22,90,0.000720137,1,0.000720137,0.000720137,0.000720137,672,1,672,672,672,13,1,13,13,13
22,90,0.00142238,1,0.00142238,0.00142238,0.00142238,801,1,801,801,801,15,1,15,15,15
22,90,0.000681454,1,0.000681454,0.000681454,0.000681454,616,1,616,616,616,12,1,12,12,12
22,90,0.00055208,1,0.00055208,0.00055208,0.00055208,652,1,652,652,652,12,1,12,12,12
22,90,0.00130813,1,0.00130813,0.00130813,0.00130813,817,1,817,817,817,15,1,15,15,15
22,90,0.000983303,1,0.000983303,0.000983303,0.000983303,687,1,687,687,687,13,1,13,13,13
22,90,0.000612098,1,0.000612098,0.000612098,0.000612098,605,1,605,605,605,12,1,12,12,12
22,90,0.000995767,1,0.000995767,0.000995767,0.000995767,754,1,754,754,754,14,1,14,14,14
22,90,0.00106516,1,0.00106516,0.00106516,0.00106516,754,1,754,754,754,14,1,14,14,14
22,90,0.00101552,1,0.00101552,0.00101552,0.00101552,742,1,742,742,742,14,1,14,14,14
22,90,0.000592321,1,0.000592321,0.000592321,0.000592321,630,1,630,630,630,12,1,12,12,12
22,90,0.00156865,1,0.00156865,0.00156865,0.00156865,881,1,881,881,881,16,1,16,16,16
22,90,0.000822294,1,0.000822294,0.000822294,0.000822294,683,1,683,683,683,13,1,13,13,13
22,90,0.000707103,1,0.000707103,0.000707103,0.000707103,625,1,625,625,625,12,1,12,12,12
22,90,0.000931831,1,0.000931831,0.000931831,0.000931831,676,1,676,676,676,13,1,13,13,13
22,90,0.000899189,1,0.000899189,0.000899189,0.000899189,699,1,699,699,699,13,1,13,13,13
22,90,0.000730368,1,0.000730368,0.000730368,0.000730368,704,1,704,704,704,13,1,13,13,13
22,90,0.000673352,1,0.000673352,0.000673352,0.000673352,618,1,618,618,618,12,1,12,12,12
22,90,0.000758824,1,0.000758824,0.000758824,0.000758824,678,1,678,678,678,13,1,13,13,13
22,90,0.00105405,1,0.00105405,0.00105405,0.00105405,735,1,735,735,735,14,1,14,14,14
22,90,0.000939827,1,0.000939827,0.000939827,0.000939827,667,1,667,667,667,13,1,13,13,13
22,90,0.000763275,1,0.000763275,0.000763275,0.000763275,682,1,682,682,682,13,1,13,13,13
22,90,0.00135678,1,0.00135678,0.00135678,0.00135678,817,1,817,817,817,15,1,15,15,15
22,90,0.0012049,1,0.0012049,0.0012049,0.0012049,733,1,733,733,733,14,1,14,14,14
22,90,0.000920567,1,0.000920567,0.000920567,0.000920567,663,1,663,663,663,13,1,13,13,13
22,90,0.000804869,1,0.000804869,0.000804869,0.000804869,675,1,675,675,675,13,1,13,13,13
22,90,0.000970066,1,0.000970066,0.000970066,0.000970066,681,1,681,681,681,13,1,13,13,13
22,90,0.00111546,1,0.00111546,0.00111546,0.00111546,756,1,756,756,756,14,1,14,14,14
22,90,0.000687136,1,0.000687136,0.000687136,0.000687136,614,1,614,614,614,12,1,12,12,12
22,90,0.00138543,1,0.00138543,0.00138543,0.00138543,793,1,793,793,793,15,1,15,15,15
22,90,0.000642514,1,0.000642514,0.000642514,0.000642514,609,1,609,609,609,12,1,12,12,12
22,90,0.000683552,1,0.000683552,0.000683552,0.000683552,630,1,630,630,630,12,1,12,12,12
22,90,0.000825808,1,0.000825808,0.000825808,0.000825808,672,1,672,672,672,13,1,13,13,13
22,90,0.00156727,1,0.00156727,0.00156727,0.00156727,877,1,877,877,877,16,1,16,16,16
22,90,0.00131767,1,0.00131767,0.00131767,0.00131767,813,1,813,813,813,15,1,15,15,15
22,90,0.000964023,1,0.000964023,0.000964023,0.000964023,663,1,663,663,663,13,1,13,13,13
22,90,0.00102228,1,0.00102228,0.00102228,0.00102228,749,1,749,749,749,14,1,14,14,14
22,90,0.000668649,1,0.000668649,0.000668649,0.000668649,640,1,640,640,640,12,1,12,12,12
22,90,0.00150537,1,0.00150537,0.00150537,0.00150537,890,1,890,890,890,16,1,16,16,16
22,90,0.00112644,1,0.00112644,0.00112644,0.00112644,735,1,735,735,735,14,1,14,14,14
22,90,0.000972173,1,0.000972173,0.000972173,0.000972173,668,1,668,668,668,13,1,13,13,13
22,90,0.00104823,1,0.00104823,0.00104823,0.00104823,740,1,740,740,740,14,1,14,14,14
22,90,0.000483387,1,0.000483387,0.000483387,0.000483387,575,1,575,575,575,11,1,11,11,11
22,90,0.000785191,1,0.000785191,0.000785191,0.000785191,618,1,618,618,618,12,1,12,12,12
22,90,0.000852732,1,0.000852732,0.000852732,0.000852732,686,1,686,686,686,13,1,13,13,13
22,90,0.00126709,1,0.00126709,0.00126709,0.00126709,817,1,817,817,817,15,1,15,15,15
22,90,0.00059705,1,0.00059705,0.00059705,0.00059705,548,1,548,548,548,11,1,11,11,11
22,90,0.00118032,1,0.00118032,0.00118032,0.00118032,734,1,734,734,734,14,1,14,14,14
22,90,0.000993493,1,0.000993493,0.000993493,0.000993493,653,1,653,653,653,13,1,13,13,13
22,90,0.000887694,1,0.000887694,0.000887694,0.000887694,673,1,673,673,673,13,1,13,13,13
22,90,0.000798781,1,0.000798781,0.000798781,0.000798781,706,1,706,706,706,13,1,13,13,13
22,90,0.000842703,1,0.000842703,0.000842703,0.000842703,692,1,692,692,692,13,1,13,13,13
22,90,0.000607762,1,0.000607762,0.000607762,0.000607762,636,1,636,636,636,12,1,12,12,12
22,90,0.000666496,1,0.000666496,0.000666496,0.000666496,622,1,622,622,622,12,1,12,12,12
22,90,0.000848801,1,0.000848801,0.000848801,0.000848801,659,1,659,659,659,13,1,13,13,13
22,90,0.00142293,1,0.00142293,0.00142293,0.00142293,807,1,807,807,807,15,1,15,15,15
22,90,0.000736362,1,0.000736362,0.000736362,0.000736362,603,1,603,603,603,12,1,12,12,12
22,90,0.00128275,1,0.00128275,0.00128275,0.00128275,815,1,815,815,815,15,1,15,15,15
22,90,0.000892185,1,0.000892185,0.000892185,0.000892185,681,1,681,681,681,13,1,13,13,13
22,90,0.000753652,1,0.000753652,0.000753652,0.000753652,690,1,690,690,690,13,1,13,13,13
22,90,0.00104778,1,0.00104778,0.00104778,0.00104778,756,1,756,756,756,14,1,14,14,14
22,90,0.000742744,1,0.000742744,0.000742744,0.000742744,624,1,624,624,624,12,1,12,12,12
22,90,0.000787169,1,0.000787169,0.000787169,0.000787169,688,1,688,688,688,13,1,13,13,13
22,90,0.00112184,1,0.00112184,0.00112184,0.00112184,726,1,726,726,726,14,1,14,14,14
22,90,0.000600271,1,0.000600271,0.000600271,0.000600271,621,1,621,621,621,12,1,12,12,12
22,90,0.000984152,1,0.000984152,0.000984152,0.000984152,674,1,674,674,674,13,1,13,13,13
22,90,0.000568103,1,0.000568103,0.000568103,0.000568103,635,1,635,635,635,12,1,12,12,12
22,90,0.000759024,1,0.000759024,0.000759024,0.000759024,617,1,617,617,617,12,1,12,12,12
22,90,0.00112218,1,0.00112218,0.00112218,0.00112218,806,1,806,806,806,15,1,15,15,15
22,90,0.00103045,1,0.00103045,0.00103045,0.00103045,756,1,756,756,756,14,1,14,14,14
22,90,0.00113228,1,0.00113228,0.00113228,0.00113228,819,1,819,819,819,15,1,15,15,15
22,90,0.00132333,1,0.00132333,0.00132333,0.00132333,800,1,800,800,800,15,1,15,15,15
22,90,0.000965172,1,0.000965172,0.000965172,0.000965172,758,1,758,758,758,14,1,14,14,14
22,90,0.000538529,1,0.000538529,0.000538529,0.000538529,573,1,573,573,573,11,1,11,11,11
22,90,0.000771052,1,0.000771052,0.000771052,0.000771052,624,1,624,624,624,12,1,12,12,12
22,90,0.00092275,1,0.00092275,0.00092275,0.00092275,685,1,685,685,685,13,1,13,13,13
22,90,0.000854172,1,0.000854172,0.000854172,0.000854172,693,1,693,693,693,13,1,13,13,13
22,90,0.000442263,1,0.000442263,0.000442263,0.000442263,502,1,502,502,502,10,1,10,10,10
22,90,0.000933481,1,0.000933481,0.000933481,0.000933481,666,1,666,666,666,13,1,13,13,13
22,90,0.000686028,1,0.000686028,0.000686028,0.000686028,611,1,611,611,611,12,1,12,12,12
22,90,0.00086773,1,0.00086773,0.00086773,0.00086773,685,1,685,685,685,13,1,13,13,13
22,90,0.000541971,1,0.000541971,0.000541971,0.000541971,572,1,572,572,572,11,1,11,11,11
22,90,0.000757499,1,0.000757499,0.000757499,0.000757499,630,1,630,630,630,12,1,12,12,12
22,90,0.000804682,1,0.000804682,0.000804682,0.000804682,605,1,605,605,605,12,1,12,12,12
22,90,0.000923172,1,0.000923172,0.000923172,0.000923172,673,1,673,673,673,13,1,13,13,13
22,90,0.00113777,1,0.00113777,0.00113777,0.00113777,746,1,746,746,746,14,1,14,14,14
22,90,0.000958614,1,0.000958614,0.000958614,0.000958614,679,1,679,679,679,13,1,13,13,13
22,90,0.000845003,1,0.000845003,0.000845003,0.000845003,670,1,670,670,670,13,1,13,13,13
22,90,0.000670755,1,0.000670755,0.000670755,0.000670755,630,1,630,630,630,12,1,12,12,12
22,90,0.000696956,1,0.000696956,0.000696956,0.000696956,607,1,607,607,607,12,1,12,12,12
22,90,0.00102287,1,0.00102287,0.00102287,0.00102287,752,1,752,752,752,14,1,14,14,14
22,90,0.000907732,1,0.000907732,0.000907732,0.000907732,670,1,670,670,670,13,1,13,13,13
22,90,0.00116788,1,0.00116788,0.00116788,0.00116788,758,1,758,758,758,14,1,14,14,14
22,90,0.00077376,1,0.00077376,0.00077376,0.00077376,699,1,699,699,699,13,1,13,13,13
22,90,0.000776412,1,0.000776412,0.000776412,0.000776412,674,1,674,674,674,13,1,13,13,13
22,90,0.000833938,1,0.000833938,0.000833938,0.000833938,670,1,670,670,670,13,1,13,13,13
22,90,0.000516074,1,0.000516074,0.000516074,0.000516074,573,1,573,573,573,11,1,11,11,11
22,90,0.000864506,1,0.000864506,0.000864506,0.000864506,663,1,663,663,663,13,1,13,13,13
22,90,0.00120816,1,0.00120816,0.00120816,0.00120816,736,1,736,736,736,14,1,14,14,14
22,90,0.00103506,1,0.00103506,0.00103506,0.00103506,733,1,733,733,733,14,1,14,14,14
22,90,0.00066448,1,0.00066448,0.00066448,0.00066448,627,1,627,627,627,12,1,12,12,12
22,90,0.000819353,1,0.000819353,0.000819353,0.000819353,700,1,700,700,700,13,1,13,13,13
22,90,0.000733346,1,0.000733346,0.000733346,0.000733346,622,1,622,622,622,12,1,12,12,12
22,90,0.000525831,1,0.000525831,0.000525831,0.000525831,575,1,575,575,575,11,1,11,11,11
22,90,0.000836823,1,0.000836823,0.000836823,0.000836823,675,1,675,675,675,13,1,13,13,13
22,90,0.000921314,1,0.000921314,0.000921314,0.000921314,659,1,659,659,659,13,1,13,13,13
22,90,0.00112477,1,0.00112477,0.00112477,0.00112477,738,1,738,738,738,14,1,14,14,14
22,90,0.000728016,1,0.000728016,0.000728016,0.000728016,611,1,611,611,611,12,1,12,12,12
22,90,0.00109737,1,0.00109737,0.00109737,0.00109737,753,1,753,753,753,14,1,14,14,14
22,90,0.000507167,1,0.000507167,0.000507167,0.000507167,577,1,577,577,577,11,1,11,11,11
22,90,0.00114759,1,0.00114759,0.00114759,0.00114759,756,1,756,756,756,14,1,14,14,14
22,90,0.00106862,1,0.00106862,0.00106862,0.00106862,754,1,754,754,754,14,1,14,14,14
22,90,0.00056974,1,0.00056974,0.00056974,0.00056974,629,1,629,629,629,12,1,12,12,12
22,90,0.000897689,1,0.000897689,0.000897689,0.000897689,689,1,689,689,689,13,1,13,13,13
22,90,0.000725103,1,0.000725103,0.000725103,0.000725103,618,1,618,618,618,12,1,12,12,12
22,90,0.000874025,1,0.000874025,0.000874025,0.000874025,680,1,680,680,680,13,1,13,13,13
22,90,0.000651652,1,0.000651652,0.000651652,0.000651652,598,1,598,598,598,12,1,12,12,12
22,90,0.000749605,1,0.000749605,0.000749605,0.000749605,637,1,637,637,637,12,1,12,12,12
22,90,0.000872479,1,0.000872479,0.000872479,0.000872479,678,1,678,678,678,13,1,13,13,13
22,90,0.0010135,1,0.0010135,0.0010135,0.0010135,756,1,756,756,756,14,1,14,14,14
22,90,0.00104182,1,0.00104182,0.00104182,0.00104182,743,1,743,743,743,14,1,14,14,14
22,90,0.000670571,1,0.000670571,0.000670571,0.000670571,634,1,634,634,634,12,1,12,12,12
22,90,0.000676382,1,0.000676382,0.000676382,0.000676382,604,1,604,604,604,12,1,12,12,12
22,90,0.000718732,1,0.000718732,0.000718732,0.000718732,619,1,619,619,619,12,1,12,12,12
22,90,0.000815696,1,0.000815696,0.000815696,0.000815696,684,1,684,684,684,13,1,13,13,13
22,90,0.000833005,1,0.000833005,0.000833005,0.000833005,668,1,668,668,668,13,1,13,13,13
22,90,0.000831399,1,0.000831399,0.000831399,0.000831399,694,1,694,694,694,13,1,13,13,13
22,90,0.000780892,1,0.000780892,0.000780892,0.000780892,688,1,688,688,688,13,1,13,13,13
22,90,0.00107283,1,0.00107283,0.00107283,0.00107283,751,1,751,751,751,14,1,14,14,14
22,90,0.000761748,1,0.000761748,0.000761748,0.000761748,623,1,623,623,623,12,1,12,12,12
22,90,0.000887474,1,0.000887474,0.000887474,0.000887474,681,1,681,681,681,13,1,13,13,13
22,90,0.00098152,1,0.00098152,0.00098152,0.00098152,735,1,735,735,735,14,1,14,14,14
22,90,0.000705536,1,0.000705536,0.000705536,0.000705536,619,1,619,619,619,12,1,12,12,12
22,90,0.000646193,1,0.000646193,0.000646193,0.000646193,604,1,604,604,604,12,1,12,12,12
22,90,0.000687077,1,0.000687077,0.000687077,0.000687077,693,1,693,693,693,13,1,13,13,13
22,90,0.00130445,1,0.00130445,0.00130445,0.00130445,814,1,814,814,814,15,1,15,15,15
22,90,0.00122888,1,0.00122888,0.00122888,0.00122888,819,1,819,819,819,15,1,15,15,15
22,90,0.00130478,1,0.00130478,0.00130478,0.00130478,801,1,801,801,801,15,1,15,15,15
22,90,0.00113315,1,0.00113315,0.00113315,0.00113315,743,1,743,743,743,14,1,14,14,14
22,90,0.00102805,1,0.00102805,0.00102805,0.00102805,760,1,760,760,760,14,1,14,14,14
22,90,0.000891947,1,0.000891947,0.000891947,0.000891947,679,1,679,679,679,13,1,13,13,13
22,90,0.000893133,1,0.000893133,0.000893133,0.000893133,672,1,672,672,672,13,1,13,13,13
22,90,0.000882316,1,0.000882316,0.000882316,0.000882316,676,1,676,676,676,13,1,13,13,13
22,90,0.00100836,1,0.00100836,0.00100836,0.00100836,652,1,652,652,652,13,1,13,13,13
22,90,0.000639622,1,0.000639622,0.000639622,0.000639622,635,1,635,635,635,12,1,12,12,12
22,90,0.000639154,1,0.000639154,0.000639154,0.000639154,547,1,547,547,547,11,1,11,11,11
22,90,0.000612569,1,0.000612569,0.000612569,0.000612569,642,1,642,642,642,12,1,12,12,12
22,90,0.00136492,1,0.00136492,0.00136492,0.00136492,812,1,812,812,812,15,1,15,15,15
22,90,0.00095132,1,0.00095132,0.00095132,0.00095132,658,1,658,658,658,13,1,13,13,13
22,90,0.00128986,1,0.00128986,0.00128986,0.00128986,806,1,806,806,806,15,1,15,15,15
22,90,0.00125839,1,0.00125839,0.00125839,0.00125839,826,1,826,826,826,15,1,15,15,15
22,90,0.000692207,1,0.000692207,0.000692207,0.000692207,636,1,636,636,636,12,1,12,12,12
22,90,0.000747866,1,0.000747866,0.000747866,0.000747866,607,1,607,607,607,12,1,12,12,12
22,90,0.00113351,1,0.00113351,0.00113351,0.00113351,743,1,743,743,743,14,1,14,14,14
22,90,0.000569958,1,0.000569958,0.000569958,0.000569958,561,1,561,561,561,11,1,11,11,11
22,90,0.000913467,1,0.000913467,0.000913467,0.000913467,697,1,697,697,697,13,1,13,13,13
22,90,0.000847709,1,0.000847709,0.000847709,0.000847709,670,1,670,670,670,13,1,13,13,13
22,90,0.00140738,1,0.00140738,0.00140738,0.00140738,800,1,800,800,800,15,1,15,15,15
22,90,0.000822829,1,0.000822829,0.000822829,0.000822829,617,1,617,617,617,12,1,12,12,12
22,90,0.00087822,1,0.00087822,0.00087822,0.00087822,686,1,686,686,686,13,1,13,13,13
22,90,0.000720103,1,0.000720103,0.000720103,0.000720103,617,1,617,617,617,12,1,12,12,12
22,90,0.000781725,1,0.000781725,0.000781725,0.000781725,614,1,614,614,614,12,1,12,12,12
22,90,0.000867919,1,0.000867919,0.000867919,0.000867919,670,1,670,670,670,13,1,13,13,13
22,90,0.000832124,1,0.000832124,0.000832124,0.000832124,686,1,686,686,686,13,1,13,13,13
22,90,0.000816936,1,0.000816936,0.000816936,0.000816936,616,1,616,616,616,12,1,12,12,12
22,90,0.000640071,1,0.000640071,0.000640071,0.000640071,637,1,637,637,637,12,1,12,12,12
22,90,0.000980037,1,0.000980037,0.000980037,0.000980037,745,1,745,745,745,14,1,14,14,14
22,90,0.00101442,1,0.00101442,0.00101442,0.00101442,754,1,754,754,754,14,1,14,14,14
22,90,0.000591603,1,0.000591603,0.000591603,0.000591603,575,1,575,575,575,11,1,11,11,11
22,90,0.0007186,1,0.0007186,0.0007186,0.0007186,614,1,614,614,614,12,1,12,12,12
22,90,0.00115534,1,0.00115534,0.00115534,0.00115534,741,1,741,741,741,14,1,14,14,14
22,90,0.000678346,1,0.000678346,0.000678346,0.000678346,644,1,644,644,644,12,1,12,12,12
22,90,0.00122682,1,0.00122682,0.00122682,0.00122682,750,1,750,750,750,14,1,14,14,14
22,90,0.000850576,1,0.000850576,0.000850576,0.000850576,667,1,667,667,667,13,1,13,13,13
22,90,0.000622338,1,0.000622338,0.000622338,0.000622338,553,1,553,553,553,11,1,11,11,11
22,90,0.00117578,1,0.00117578,0.00117578,0.00117578,733,1,733,733,733,14,1,14,14,14
22,90,0.00103132,1,0.00103132,0.00103132,0.00103132,732,1,732,732,732,14,1,14,14,14
22,90,0.000864148,1,0.000864148,0.000864148,0.000864148,682,1,682,682,682,13,1,13,13,13
22,90,0.000899638,1,0.000899638,0.000899638,0.000899638,691,1,691,691,691,13,1,13,13,13
22,90,0.00104463,1,0.00104463,0.00104463,0.00104463,754,1,754,754,754,14,1,14,14,14
22,90,0.000919128,1,0.000919128,0.000919128,0.000919128,664,1,664,664,664,13,1,13,13,13
22,90,0.00107993,1,0.00107993,0.00107993,0.00107993,758,1,758,758,758,14,1,14,14,14
22,90,0.000784082,1,0.000784082,0.000784082,0.000784082,693,1,693,693,693,13,1,13,13,13
22,90,0.000777003,1,0.000777003,0.000777003,0.000777003,608,1,608,608,608,12,1,12,12,12
22,90,0.000883215,1,0.000883215,0.000883215,0.000883215,695,1,695,695,695,13,1,13,13,13
22,90,0.001321,1,0.001321,0.001321,0.001321,824,1,824,824,824,15,1,15,15,15
22,90,0.000948691,1,0.000948691,0.000948691,0.000948691,664,1,664,664,664,13,1,13,13,13
22,90,0.00111016,1,0.00111016,0.00111016,0.00111016,751,1,751,751,751,14,1,14,14,14
22,90,0.000942613,1,0.000942613,0.000942613,0.000942613,686,1,686,686,686,13,1,13,13,13
22,90,0.00137272,1,0.00137272,0.00137272,0.00137272,803,1,803,803,803,15,1,15,15,15
22,90,0.00110623,1,0.00110623,0.00110623,0.00110623,745,1,745,745,745,14,1,14,14,14
22,90,0.00111118,1,0.00111118,0.00111118,0.00111118,748,1,748,748,748,14,1,14,14,14
22,90,0.000934424,1,0.000934424,0.000934424,0.000934424,745,1,745,745,745,14,1,14,14,14
22,90,0.000942709,1,0.000942709,0.000942709,0.000942709,664,1,664,664,664,13,1,13,13,13
22,90,0.000847831,1,0.000847831,0.000847831,0.000847831,684,1,684,684,684,13,1,13,13,13
22,90,0.000912754,1,0.000912754,0.000912754,0.000912754,697,1,697,697,697,13,1,13,13,13
22,90,0.0011342,1,0.0011342,0.0011342,0.0011342,727,1,727,727,727,14,1,14,14,14
22,90,0.000708898,1,0.000708898,0.000708898,0.000708898,618,1,618,618,618,12,1,12,12,12
22,90,0.00116808,1,0.00116808,0.00116808,0.00116808,740,1,740,740,740,14,1,14,14,14
22,90,0.00080814,1,0.00080814,0.00080814,0.00080814,698,1,698,698,698,13,1,13,13,13
22,90,0.000621321,1,0.000621321,0.000621321,0.000621321,626,1,626,626,626,12,1,12,12,12
22,90,0.000928871,1,0.000928871,0.000928871,0.000928871,664,1,664,664,664,13,1,13,13,13
22,90,0.000857894,1,0.000857894,0.000857894,0.000857894,699,1,699,699,699,13,1,13,13,13
22,90,0.000874995,1,0.000874995,0.000874995,0.000874995,686,1,686,686,686,13,1,13,13,13
22,90,0.00108088,1,0.00108088,0.00108088,0.00108088,740,1,740,740,740,14,1,14,14,14
22,90,0.000907208,1,0.000907208,0.000907208,0.000907208,674,1,674,674,674,13,1,13,13,13
22,90,0.00107255,1,0.00107255,0.00107255,0.00107255,733,1,733,733,733,14,1,14,14,14
22,90,0.00066897,1,0.00066897,0.00066897,0.00066897,612,1,612,612,612,12,1,12,12,12
22,90,0.000727833,1,0.000727833,0.000727833,0.000727833,619,1,619,619,619,12,1,12,12,12
22,90,0.00110505,1,0.00110505,0.00110505,0.00110505,748,1,748,748,748,14,1,14,14,14
22,90,0.0010766,1,0.0010766,0.0010766,0.0010766,754,1,754,754,754,14,1,14,14,14
22,90,0.000888639,1,0.000888639,0.000888639,0.000888639,700,1,700,700,700,13,1,13,13,13
22,90,0.00114369,1,0.00114369,0.00114369,0.00114369,831,1,831,831,831,15,1,15,15,15
22,90,0.00144262,1,0.00144262,0.00144262,0.00144262,823,1,823,823,823,15,1,15,15,15
22,90,0.00124077,1,0.00124077,0.00124077,0.00124077,815,1,815,815,815,15,1,15,15,15
22,90,0.000997684,1,0.000997684,0.000997684,0.000997684,678,1,678,678,678,13,1,13,13,13
22,90,0.00188743,1,0.00188743,0.00188743,0.00188743,966,1,966,966,966,17,1,17,17,17
22,90,0.0007665,1,0.0007665,0.0007665,0.0007665,636,1,636,636,636,12,1,12,12,12
22,90,0.000947484,1,0.000947484,0.000947484,0.000947484,685,1,685,685,685,13,1,13,13,13
22,90,0.000854287,1,0.000854287,0.000854287,0.000854287,683,1,683,683,683,13,1,13,13,13
22,90,0.00082791,1,0.00082791,0.00082791,0.00082791,688,1,688,688,688,13,1,13,13,13
22,90,0.000964689,1,0.000964689,0.000964689,0.000964689,668,1,668,668,668,13,1,13,13,13
22,90,0.000839513,1,0.000839513,0.000839513,0.000839513,671,1,671,671,671,13,1,13,13,13
22,90,0.000919921,1,0.000919921,0.000919921,0.000919921,678,1,678,678,678,13,1,13,13,13
22,90,0.00053427,1,0.00053427,0.00053427,0.00053427,572,1,572,572,572,11,1,11,11,11
22,90,0.000678221,1,0.000678221,0.000678221,0.000678221,639,1,639,639,639,12,1,12,12,12
22,90,0.000706693,1,0.000706693,0.000706693,0.000706693,632,1,632,632,632,12,1,12,12,12
22,90,0.00118145,1,0.00118145,0.00118145,0.00118145,741,1,741,741,741,14,1,14,14,14
22,90,0.000445366,1,0.000445366,0.000445366,0.000445366,571,1,571,571,571,11,1,11,11,11
22,90,0.000630638,1,0.000630638,0.000630638,0.000630638,620,1,620,620,620,12,1,12,12,12
22,90,0.00094468,1,0.00094468,0.00094468,0.00094468,677,1,677,677,677,13,1,13,13,13
22,90,0.000804463,1,0.000804463,0.000804463,0.000804463,676,1,676,676,676,13,1,13,13,13
22,90,0.000675823,1,0.000675823,0.000675823,0.000675823,621,1,621,621,621,12,1,12,12,12
22,90,0.0010908,1,0.0010908,0.0010908,0.0010908,744,1,744,744,744,14,1,14,14,14
22,90,0.000908556,1,0.000908556,0.000908556,0.000908556,673,1,673,673,673,13,1,13,13,13
22,90,0.00125515,1,0.00125515,0.00125515,0.00125515,808,1,808,808,808,15,1,15,15,15
22,90,0.00100763,1,0.00100763,0.00100763,0.00100763,731,1,731,731,731,14,1,14,14,14
22,90,0.00115406,1,0.00115406,0.00115406,0.00115406,743,1,743,743,743,14,1,14,14,14
22,90,0.000675107,1,0.000675107,0.000675107,0.000675107,626,1,626,626,626,12,1,12,12,12
22,90,0.000709186,1,0.000709186,0.000709186,0.000709186,621,1,621,621,621,12,1,12,12,12
22,90,0.000975606,1,0.000975606,0.000975606,0.000975606,677,1,677,677,677,13,1,13,13,13
22,90,0.00107328,1,0.00107328,0.00107328,0.00107328,748,1,748,748,748,14,1,14,14,14
22,90,0.000850535,1,0.000850535,0.000850535,0.000850535,677,1,677,677,677,13,1,13,13,13
22,90,0.000862919,1,0.000862919,0.000862919,0.000862919,617,1,617,617,617,12,1,12,12,12
22,90,0.00086136,1,0.00086136,0.00086136,0.00086136,685,1,685,685,685,13,1,13,13,13
22,90,0.000886283,1,0.000886283,0.000886283,0.000886283,690,1,690,690,690,13,1,13,13,13
22,90,0.000658556,1,0.000658556,0.000658556,0.000658556,618,1,618,618,618,12,1,12,12,12
22,90,0.00142181,1,0.00142181,0.00142181,0.00142181,803,1,803,803,803,15,1,15,15,15
22,90,0.00099366,1,0.00099366,0.00099366,0.00099366,685,1,685,685,685,13,1,13,13,13
22,90,0.000667885,1,0.000667885,0.000667885,0.000667885,625,1,625,625,625,12,1,12,12,12
22,90,0.00118026,1,0.00118026,0.00118026,0.00118026,752,1,752,752,752,14,1,14,14,14
22,90,0.000839158,1,0.000839158,0.000839158,0.000839158,683,1,683,683,683,13,1,13,13,13
22,90,0.000876664,1,0.000876664,0.000876664,0.000876664,679,1,679,679,679,13,1,13,13,13
22,90,0.000876396,1,0.000876396,0.000876396,0.000876396,682,1,682,682,682,13,1,13,13,13
22,90,0.00111024,1,0.00111024,0.00111024,0.00111024,733,1,733,733,733,14,1,14,14,14
22,90,0.000761061,1,0.000761061,0.000761061,0.000761061,676,1,676,676,676,13,1,13,13,13
22,90,0.00103626,1,0.00103626,0.00103626,0.00103626,736,1,736,736,736,14,1,14,14,14
22,90,0.00095367,1,0.00095367,0.00095367,0.00095367,672,1,672,672,672,13,1,13,13,13
22,90,0.000721946,1,0.000721946,0.000721946,0.000721946,608,1,608,608,608,12,1,12,12,12
22,90,0.00126488,1,0.00126488,0.00126488,0.00126488,727,1,727,727,727,14,1,14,14,14
22,90,0.000612704,1,0.000612704,0.000612704,0.000612704,628,1,628,628,628,12,1,12,12,12
22,90,0.00106667,1,0.00106667,0.00106667,0.00106667,744,1,744,744,744,14,1,14,14,14
22,90,0.000931983,1,0.000931983,0.000931983,0.000931983,683,1,683,683,683,13,1,13,13,13
22,90,0.000531027,1,0.000531027,0.000531027,0.000531027,636,1,636,636,636,12,1,12,12,12
22,90,0.00108571,1,0.00108571,0.00108571,0.00108571,728,1,728,728,728,14,1,14,14,14
22,90,0.000987651,1,0.000987651,0.000987651,0.000987651,746,1,746,746,746,14,1,14,14,14
22,90,0.00106833,1,0.00106833,0.00106833,0.00106833,749,1,749,749,749,14,1,14,14,14
22,90,0.00107985,1,0.00107985,0.00107985,0.00107985,762,1,762,762,762,14,1,14,14,14
22,90,0.000985413,1,0.000985413,0.000985413,0.000985413,677,1,677,677,677,13,1,13,13,13
22,90,0.00083194,1,0.00083194,0.00083194,0.00083194,680,1,680,680,680,13,1,13,13,13
22,90,0.001282,1,0.001282,0.001282,0.001282,817,1,817,817,817,15,1,15,15,15
22,90,0.000853861,1,0.000853861,0.000853861,0.000853861,684,1,684,684,684,13,1,13,13,13
22,90,0.000887676,1,0.000887676,0.000887676,0.000887676,677,1,677,677,677,13,1,13,13,13
22,90,0.000600939,1,0.000600939,0.000600939,0.000600939,622,1,622,622,622,12,1,12,12,12
22,90,0.000889601,1,0.000889601,0.000889601,0.000889601,696,1,696,696,696,13,1,13,13,13
22,90,0.000903264,1,0.000903264,0.000903264,0.000903264,685,1,685,685,685,13,1,13,13,13
22,90,0.000795215,1,0.000795215,0.000795215,0.000795215,701,1,701,701,701,13,1,13,13,13
22,90,0.00063505,1,0.00063505,0.00063505,0.00063505,638,1,638,638,638,12,1,12,12,12
22,90,0.000907524,1,0.000907524,0.000907524,0.000907524,696,1,696,696,696,13,1,13,13,13
22,90,0.00103087,1,0.00103087,0.00103087,0.00103087,748,1,748,748,748,14,1,14,14,14
22,90,0.000861515,1,0.000861515,0.000861515,0.000861515,678,1,678,678,678,13,1,13,13,13
22,90,0.00068814,1,0.00068814,0.00068814,0.00068814,621,1,621,621,621,12,1,12,12,12
22,90,0.000626248,1,0.000626248,0.000626248,0.000626248,624,1,624,624,624,12,1,12,12,12
22,90,0.000682029,1,0.000682029,0.000682029,0.000682029,625,1,625,625,625,12,1,12,12,12
22,90,0.00140916,1,0.00140916,0.00140916,0.00140916,814,1,814,814,814,15,1,15,15,15
22,90,0.000775908,1,0.000775908,0.000775908,0.000775908,683,1,683,683,683,13,1,13,13,13
22,90,0.00102774,1,0.00102774,0.00102774,0.00102774,738,1,738,738,738,14,1,14,14,14
22,90,0.000717131,1,0.000717131,0.000717131,0.000717131,613,1,613,613,613,12,1,12,12,12
22,90,0.00134993,1,0.00134993,0.00134993,0.00134993,803,1,803,803,803,15,1,15,15,15
22,90,0.000564449,1,0.000564449,0.000564449,0.000564449,639,1,639,639,639,12,1,12,12,12
22,90,0.000835232,1,0.000835232,0.000835232,0.000835232,678,1,678,678,678,13,1,13,13,13
22,90,0.00112538,1,0.00112538,0.00112538,0.00112538,732,1,732,732,732,14,1,14,14,14
22,90,0.000814749,1,0.000814749,0.000814749,0.000814749,684,1,684,684,684,13,1,13,13,13
22,90,0.00157186,1,0.00157186,0.00157186,0.00157186,875,1,875,875,875,16,1,16,16,16
22,90,0.000657986,1,0.000657986,0.000657986,0.000657986,634,1,634,634,634,12,1,12,12,12
22,90,0.000967746,1,0.000967746,0.000967746,0.000967746,679,1,679,679,679,13,1,13,13,13
22,90,0.00122035,1,0.00122035,0.00122035,0.00122035,745,1,745,745,745,14,1,14,14,14
22,90,0.00102384,1,0.00102384,0.00102384,0.00102384,736,1,736,736,736,14,1,14,14,14
22,90,0.00123839,1,0.00123839,0.00123839,0.00123839,824,1,824,824,824,15,1,15,15,15
22,90,0.000909619,1,0.000909619,0.000909619,0.000909619,681,1,681,681,681,13,1,13,13,13
22,90,0.000914994,1,0.000914994,0.000914994,0.000914994,661,1,661,661,661,13,1,13,13,13
22,90,0.0011384,1,0.0011384,0.0011384,0.0011384,752,1,752,752,752,14,1,14,14,14
22,90,0.00100447,1,0.00100447,0.00100447,0.00100447,757,1,757,757,757,14,1,14,14,14
22,90,0.000647721,1,0.000647721,0.000647721,0.000647721,622,1,622,622,622,12,1,12,12,12
22,90,0.000752913,1,0.000752913,0.000752913,0.000752913,638,1,638,638,638,12,1,12,12,12
22,90,0.00133907,1,0.00133907,0.00133907,0.00133907,809,1,809,809,809,15,1,15,15,15
22,90,0.000893457,1,0.000893457,0.000893457,0.000893457,675,1,675,675,675,13,1,13,13,13
22,90,0.00108019,1,0.00108019,0.00108019,0.00108019,755,1,755,755,755,14,1,14,14,14
22,90,0.00105786,1,0.00105786,0.00105786,0.00105786,749,1,749,749,749,14,1,14,14,14
22,90,0.00137262,1,0.00137262,0.00137262,0.00137262,815,1,815,815,815,15,1,15,15,15
22,90,0.0011407,1,0.0011407,0.0011407,0.0011407,741,1,741,741,741,14,1,14,14,14
22,90,0.000772512,1,0.000772512,0.000772512,0.000772512,689,1,689,689,689,13,1,13,13,13
22,90,0.0010059,1,0.0010059,0.0010059,0.0010059,742,1,742,742,742,14,1,14,14,14
22,90,0.00102075,1,0.00102075,0.00102075,0.00102075,679,1,679,679,679,13,1,13,13,13
22,90,0.00100849,1,0.00100849,0.00100849,0.00100849,667,1,667,667,667,13,1,13,13,13
22,90,0.000980501,1,0.000980501,0.000980501,0.000980501,672,1,672,672,672,13,1,13,13,13
22,90,0.00111112,1,0.00111112,0.00111112,0.00111112,730,1,730,730,730,14,1,14,14,14
22,90,0.000823254,1,0.000823254,0.000823254,0.000823254,693,1,693,693,693,13,1,13,13,13
22,90,0.00102738,1,0.00102738,0.00102738,0.00102738,746,1,746,746,746,14,1,14,14,14
22,90,0.000669953,1,0.000669953,0.000669953,0.000669953,625,1,625,625,625,12,1,12,12,12
22,90,0.000978692,1,0.000978692,0.000978692,0.000978692,687,1,687,687,687,13,1,13,13,13
22,90,0.00134655,1,0.00134655,0.00134655,0.00134655,806,1,806,806,806,15,1,15,15,15
22,90,0.000667116,1,0.000667116,0.000667116,0.000667116,722,1,722,722,722,13,1,13,13,13
22,90,0.000700084,1,0.000700084,0.000700084,0.000700084,621,1,621,621,621,12,1,12,12,12
22,90,0.00136612,1,0.00136612,0.00136612,0.00136612,813,1,813,813,813,15,1,15,15,15
22,90,0.000964308,1,0.000964308,0.000964308,0.000964308,694,1,694,694,694,13,1,13,13,13
22,90,0.000938724,1,0.000938724,0.000938724,0.000938724,674,1,674,674,674,13,1,13,13,13
22,90,0.000768044,1,0.000768044,0.000768044,0.000768044,604,1,604,604,604,12,1,12,12,12
22,90,0.000481258,1,0.000481258,0.000481258,0.000481258,567,1,567,567,567,11,1,11,11,11
22,90,0.000879024,1,0.000879024,0.000879024,0.000879024,685,1,685,685,685,13,1,13,13,13
22,90,0.00162027,1,0.00162027,0.00162027,0.00162027,876,1,876,876,876,16,1,16,16,16
22,90,0.00056702,1,0.00056702,0.00056702,0.00056702,558,1,558,558,558,11,1,11,11,11
22,90,0.000854534,1,0.000854534,0.000854534,0.000854534,660,1,660,660,660,13,1,13,13,13
22,90,0.0012732,1,0.0012732,0.0012732,0.0012732,813,1,813,813,813,15,1,15,15,15
22,90,0.00141776,1,0.00141776,0.00141776,0.00141776,797,1,797,797,797,15,1,15,15,15
22,90,0.000597319,1,0.000597319,0.000597319,0.000597319,570,1,570,570,570,11,1,11,11,11
22,90,0.000704232,1,0.000704232,0.000704232,0.000704232,623,1,623,623,623,12,1,12,12,12
22,90,0.000826899,1,0.000826899,0.000826899,0.000826899,680,1,680,680,680,13,1,13,13,13
22,90,0.000847626,1,0.000847626,0.000847626,0.000847626,688,1,688,688,688,13,1,13,13,13
22,90,0.00125666,1,0.00125666,0.00125666,0.00125666,825,1,825,825,825,15,1,15,15,15
22,90,0.000509692,1,0.000509692,0.000509692,0.000509692,589,1,589,589,589,11,1,11,11,11
22,90,0.000872262,1,0.000872262,0.000872262,0.000872262,668,1,668,668,668,13,1,13,13,13
22,90,0.000729265,1,0.000729265,0.000729265,0.000729265,613,1,613,613,613,12,1,12,12,12
22,90,0.000642299,1,0.000642299,0.000642299,0.000642299,632,1,632,632,632,12,1,12,12,12
22,90,0.0010517,1,0.0010517,0.0010517,0.0010517,748,1,748,748,748,14,1,14,14,14
22,90,0.00100666,1,0.00100666,0.00100666,0.00100666,740,1,740,740,740,14,1,14,14,14
22,90,0.000868444,1,0.000868444,0.000868444,0.000868444,685,1,685,685,685,13,1,13,13,13
22,90,0.000718696,1,0.000718696,0.000718696,0.000718696,695,1,695,695,695,13,1,13,13,13
22,90,0.00086508,1,0.00086508,0.00086508,0.00086508,671,1,671,671,671,13,1,13,13,13
22,90,0.000594565,1,0.000594565,0.000594565,0.000594565,623,1,623,623,623,12,1,12,12,12
22,90,0.000717412,1,0.000717412,0.000717412,0.000717412,625,1,625,625,625,12,1,12,12,12
22,90,0.00117713,1,0.00117713,0.00117713,0.00117713,737,1,737,737,737,14,1,14,14,14
22,90,0.000893343,1,0.000893343,0.000893343,0.000893343,682,1,682,682,682,13,1,13,13,13
22,90,0.000777634,1,0.000777634,0.000777634,0.000777634,681,1,681,681,681,13,1,13,13,13
22,90,0.000856982,1,0.000856982,0.000856982,0.000856982,678,1,678,678,678,13,1,13,13,13
22,90,0.00111091,1,0.00111091,0.00111091,0.00111091,745,1,745,745,745,14,1,14,14,14
22,90,0.000675331,1,0.000675331,0.000675331,0.000675331,619,1,619,619,619,12,1,12,12,12
22,90,0.000729194,1,0.000729194,0.000729194,0.000729194,609,1,609,609,609,12,1,12,12,12
22,90,0.000708087,1,0.000708087,0.000708087,0.000708087,613,1,613,613,613,12,1,12,12,12
22,90,0.00068068,1,0.00068068,0.00068068,0.00068068,621,1,621,621,621,12,1,12,12,12
22,90,0.00108824,1,0.00108824,0.00108824,0.00108824,754,1,754,754,754,14,1,14,14,14
22,90,0.000692988,1,0.000692988,0.000692988,0.000692988,609,1,609,609,609,12,1,12,12,12
22,90,0.00110816,1,0.00110816,0.00110816,0.00110816,738,1,738,738,738,14,1,14,14,14
22,90,0.00107201,1,0.00107201,0.00107201,0.00107201,743,1,743,743,743,14,1,14,14,14
22,90,0.000730033,1,0.000730033,0.000730033,0.000730033,699,1,699,699,699,13,1,13,13,13
22,90,0.000537475,1,0.000537475,0.000537475,0.000537475,564,1,564,564,564,11,1,11,11,11
22,90,0.000824986,1,0.000824986,0.000824986,0.000824986,692,1,692,692,692,13,1,13,13,13
22,90,0.000652698,1,0.000652698,0.000652698,0.000652698,622,1,622,622,622,12,1,12,12,12
22,90,0.000848853,1,0.000848853,0.000848853,0.000848853,681,1,681,681,681,13,1,13,13,13
22,90,0.000514892,1,0.000514892,0.000514892,0.000514892,574,1,574,574,574,11,1,11,11,11
22,90,0.00107822,1,0.00107822,0.00107822,0.00107822,758,1,758,758,758,14,1,14,14,14
22,90,0.000911128,1,0.000911128,0.000911128,0.000911128,668,1,668,668,668,13,1,13,13,13
22,90,0.000715734,1,0.000715734,0.000715734,0.000715734,688,1,688,688,688,13,1,13,13,13
22,90,0.00119521,1,0.00119521,0.00119521,0.00119521,737,1,737,737,737,14,1,14,14,14
22,90,0.000992151,1,0.000992151,0.000992151,0.000992151,742,1,742,742,742,14,1,14,14,14
22,90,0.00111692,1,0.00111692,0.00111692,0.00111692,743,1,743,743,743,14,1,14,14,14
22,90,0.000815232,1,0.000815232,0.000815232,0.000815232,687,1,687,687,687,13,1,13,13,13
22,90,0.000671814,1,0.000671814,0.000671814,0.000671814,611,1,611,611,611,12,1,12,12,12
22,90,0.00101259,1,0.00101259,0.00101259,0.00101259,736,1,736,736,736,14,1,14,14,14
22,90,0.000601147,1,0.000601147,0.000601147,0.000601147,619,1,619,619,619,12,1,12,12,12
22,90,0.000777395,1,0.000777395,0.000777395,0.000777395,684,1,684,684,684,13,1,13,13,13
22,90,0.00089102,1,0.00089102,0.00089102,0.00089102,690,1,690,690,690,13,1,13,13,13
22,90,0.000775015,1,0.000775015,0.000775015,0.000775015,674,1,674,674,674,13,1,13,13,13
22,90,0.00124829,1,0.00124829,0.00124829,0.00124829,826,1,826,826,826,15,1,15,15,15
22,90,0.000821788,1,0.000821788,0.000821788,0.000821788,688,1,688,688,688,13,1,13,13,13
22,90,0.000977743,1,0.000977743,0.000977743,0.000977743,685,1,685,685,685,13,1,13,13,13
22,90,0.000527105,1,0.000527105,0.000527105,0.000527105,563,1,563,563,563,11,1,11,11,11
22,90,0.000644839,1,0.000644839,0.000644839,0.000644839,614,1,614,614,614,12,1,12,12,12
22,90,0.000900265,1,0.000900265,0.000900265,0.000900265,678,1,678,678,678,13,1,13,13,13
22,90,0.000949823,1,0.000949823,0.000949823,0.000949823,753,1,753,753,753,14,1,14,14,14
22,90,0.000738018,1,0.000738018,0.000738018,0.000738018,620,1,620,620,620,12,1,12,12,12
22,90,0.00115044,1,0.00115044,0.00115044,0.00115044,744,1,744,744,744,14,1,14,14,14
22,90,0.000863803,1,0.000863803,0.000863803,0.000863803,677,1,677,677,677,13,1,13,13,13
22,90,0.000422502,1,0.000422502,0.000422502,0.000422502,510,1,510,510,510,10,1,10,10,10
22,90,0.000962961,1,0.000962961,0.000962961,0.000962961,677,1,677,677,677,13,1,13,13,13
22,90,0.000763902,1,0.000763902,0.000763902,0.000763902,615,1,615,615,615,12,1,12,12,12
22,90,0.000829691,1,0.000829691,0.000829691,0.000829691,690,1,690,690,690,13,1,13,13,13
22,90,0.000728606,1,0.000728606,0.000728606,0.000728606,618,1,618,618,618,12,1,12,12,12
22,90,0.000709282,1,0.000709282,0.000709282,0.000709282,625,1,625,625,625,12,1,12,12,12
22,90,0.000891329,1,0.000891329,0.000891329,0.000891329,692,1,692,692,692,13,1,13,13,13
22,90,0.00103453,1,0.00103453,0.00103453,0.00103453,748,1,748,748,748,14,1,14,14,14
22,90,0.000832787,1,0.000832787,0.000832787,0.000832787,672,1,672,672,672,13,1,13,13,13
22,90,0.000613781,1,0.000613781,0.000613781,0.000613781,636,1,636,636,636,12,1,12,12,12
22,90,0.00135291,1,0.00135291,0.00135291,0.00135291,813,1,813,813,813,15,1,15,15,15
22,90,0.000896063,1,0.000896063,0.000896063,0.000896063,686,1,686,686,686,13,1,13,13,13
22,90,0.000868206,1,0.000868206,0.000868206,0.000868206,690,1,690,690,690,13,1,13,13,13
22,90,0.000895006,1,0.000895006,0.000895006,0.000895006,699,1,699,699,699,13,1,13,13,13
22,90,0.00117738,1,0.00117738,0.00117738,0.00117738,747,1,747,747,747,14,1,14,14,14
22,90,0.000984645,1,0.000984645,0.000984645,0.000984645,741,1,741,741,741,14,1,14,14,14
22,90,0.000686813,1,0.000686813,0.000686813,0.000686813,635,1,635,635,635,12,1,12,12,12
22,90,0.000844172,1,0.000844172,0.000844172,0.000844172,686,1,686,686,686,13,1,13,13,13
22,90,0.000749305,1,0.000749305,0.000749305,0.000749305,693,1,693,693,693,13,1,13,13,13
22,90,0.00110144,1,0.00110144,0.00110144,0.00110144,748,1,748,748,748,14,1,14,14,14
22,90,0.000758054,1,0.000758054,0.000758054,0.000758054,609,1,609,609,609,12,1,12,12,12
22,90,0.00101127,1,0.00101127,0.00101127,0.00101127,736,1,736,736,736,14,1,14,14,14
22,90,0.000721968,1,0.000721968,0.000721968,0.000721968,630,1,630,630,630,12,1,12,12,12
22,90,0.00130878,1,0.00130878,0.00130878,0.00130878,810,1,810,810,810,15,1,15,15,15
22,90,0.000533169,1,0.000533169,0.000533169,0.000533169,587,1,587,587,587,11,1,11,11,11
22,90,0.00117325,1,0.00117325,0.00117325,0.00117325,754,1,754,754,754,14,1,14,14,14
22,90,0.000841258,1,0.000841258,0.000841258,0.000841258,605,1,605,605,605,12,1,12,12,12
22,90,0.000992335,1,0.000992335,0.000992335,0.000992335,682,1,682,682,682,13,1,13,13,13
22,90,0.00104292,1,0.00104292,0.00104292,0.00104292,746,1,746,746,746,14,1,14,14,14
22,90,0.000663097,1,0.000663097,0.000663097,0.000663097,605,1,605,605,605,12,1,12,12,12
22,90,0.000551344,1,0.000551344,0.000551344,0.000551344,561,1,561,561,561,11,1,11,11,11
22,90,0.000676502,1,0.000676502,0.000676502,0.000676502,631,1,631,631,631,12,1,12,12,12
22,90,0.000737128,1,0.000737128,0.000737128,0.000737128,604,1,604,604,604,12,1,12,12,12
22,90,0.00092797,1,0.00092797,0.00092797,0.00092797,677,1,677,677,677,13,1,13,13,13
22,90,0.000605363,1,0.000605363,0.000605363,0.000605363,639,1,639,639,639,12,1,12,12,12
22,90,0.000707337,1,0.000707337,0.000707337,0.000707337,612,1,612,612,612,12,1,12,12,12
22,90,0.000890039,1,0.000890039,0.000890039,0.000890039,682,1,682,682,682,13,1,13,13,13
22,90,0.00110299,1,0.00110299,0.00110299,0.00110299,724,1,724,724,724,14,1,14,14,14
22,90,0.00117344,1,0.00117344,0.00117344,0.00117344,732,1,732,732,732,14,1,14,14,14
22,90,0.00077144,1,0.00077144,0.00077144,0.00077144,629,1,629,629,629,12,1,12,12,12
22,90,0.000766394,1,0.000766394,0.000766394,0.000766394,691,1,691,691,691,13,1,13,13,13
22,90,0.00109106,1,0.00109106,0.00109106,0.00109106,761,1,761,761,761,14,1,14,14,14
22,90,0.000801363,1,0.000801363,0.000801363,0.000801363,685,1,685,685,685,13,1,13,13,13
22,90,0.000994481,1,0.000994481,0.000994481,0.000994481,675,1,675,675,675,13,1,13,13,13
22,90,0.00131426,1,0.00131426,0.00131426,0.00131426,812,1,812,812,812,15,1,15,15,15
22,90,0.000671157,1,0.000671157,0.000671157,0.000671157,604,1,604,604,604,12,1,12,12,12
22,90,0.00123702,1,0.00123702,0.00123702,0.00123702,813,1,813,813,813,15,1,15,15,15
22,90,0.00114536,1,0.00114536,0.00114536,0.00114536,739,1,739,739,739,14,1,14,14,14
22,90,0.000733388,1,0.000733388,0.000733388,0.000733388,615,1,615,615,615,12,1,12,12,12
22,90,0.000839139,1,0.000839139,0.000839139,0.000839139,612,1,612,612,612,12,1,12,12,12
22,90,0.00117353,1,0.00117353,0.00117353,0.00117353,722,1,722,722,722,14,1,14,14,14
22,90,0.00122385,1,0.00122385,0.00122385,0.00122385,740,1,740,740,740,14,1,14,14,14
22,90,0.000836167,1,0.000836167,0.000836167,0.000836167,694,1,694,694,694,13,1,13,13,13
22,90,0.00069365,1,0.00069365,0.00069365,0.00069365,603,1,603,603,603,12,1,12,12,12
22,90,0.00077058,1,0.00077058,0.00077058,0.00077058,690,1,690,690,690,13,1,13,13,13
22,90,0.00106887,1,0.00106887,0.00106887,0.00106887,741,1,741,741,741,14,1,14,14,14
22,90,0.00057899,1,0.00057899,0.00057899,0.00057899,573,1,573,573,573,11,1,11,11,11
22,90,0.00139906,1,0.00139906,0.00139906,0.00139906,808,1,808,808,808,15,1,15,15,15
22,90,0.00100907,1,0.00100907,0.00100907,0.00100907,750,1,750,750,750,14,1,14,14,14
22,90,0.00109558,1,0.00109558,0.00109558,0.00109558,752,1,752,752,752,14,1,14,14,14
22,90,0.000516298,1,0.000516298,0.000516298,0.000516298,569,1,569,569,569,11,1,11,11,11
22,90,0.000844379,1,0.000844379,0.000844379,0.000844379,601,1,601,601,601,12,1,12,12,12
22,90,0.00132002,1,0.00132002,0.00132002,0.00132002,798,1,798,798,798,15,1,15,15,15
22,90,0.000911067,1,0.000911067,0.000911067,0.000911067,684,1,684,684,684,13,1,13,13,13
22,90,0.000700038,1,0.000700038,0.000700038,0.000700038,622,1,622,622,622,12,1,12,12,12
