n,p,time_total,time_count,time_mean,time_min,time_max,steps_total,steps_count,steps_mean,steps_min,steps_max,number_total,number_count,number_mean,number_min,number_max
49,30,0.000736888,1,0.000736888,0.000736888,0.000736888,1552,1,1552,1552,1552,8,1,8,8,8
49,30,0.00126177,1,0.00126177,0.00126177,0.00126177,1661,1,1661,1661,1661,9,1,9,9,9
49,30,0.000638984,1,0.000638984,0.000638984,0.000638984,1526,1,1526,1526,1526,8,1,8,8,8
49,30,0.000992859,1,0.000992859,0.000992859,0.000992859,1613,1,1613,1613,1613,8,1,8,8,8
49,30,0.000768754,1,0.000768754,0.000768754,0.000768754,1551,1,1551,1551,1551,8,1,8,8,8
49,30,0.000539233,1,0.000539233,0.000539233,0.000539233,1482,1,1482,1482,1482,7,1,7,7,7
49,30,0.00119423,1,0.00119423,0.00119423,0.00119423,1763,1,1763,1763,1763,9,1,9,9,9
49,30,0.00090517,1,0.00090517,0.00090517,0.00090517,1577,1,1577,1577,1577,8,1,8,8,8
49,30,0.000548399,1,0.000548399,0.000548399,0.000548399,1487,1,1487,1487,1487,7,1,7,7,7
49,30,0.000830992,1,0.000830992,0.000830992,0.000830992,1570,1,1570,1570,1570,8,1,8,8,8
49,30,0.000858736,1,0.000858736,0.000858736,0.000858736,1570,1,1570,1570,1570,8,1,8,8,8
49,30,0.000879967,1,0.000879967,0.000879967,0.000879967,1570,1,1570,1570,1570,8,1,8,8,8
49,30,0.000904034,1,0.000904034,0.000904034,0.000904034,1605,1,1605,1605,1605,8,1,8,8,8
49,30,0.00101511,1,0.00101511,0.00101511,0.00101511,1671,1,1671,1671,1671,8,1,8,8,8
49,30,0.000849808,1,0.000849808,0.000849808,0.000849808,1580,1,1580,1580,1580,8,1,8,8,8
49,30,0.000479947,1,0.000479947,0.000479947,0.000479947,1462,1,1462,1462,1462,7,1,7,7,7
49,30,0.000788664,1,0.000788664,0.000788664,0.000788664,1620,1,1620,1620,1620,8,1,8,8,8
49,30,0.000897763,1,0.000897763,0.000897763,0.000897763,1560,1,1560,1560,1560,8,1,8,8,8
49,30,0.000769795,1,0.000769795,0.000769795,0.000769795,1595,1,1595,1595,1595,8,1,8,8,8
49,30,0.000739641,1,0.000739641,0.000739641,0.000739641,1613,1,1613,1613,1613,8,1,8,8,8
49,30,0.000924918,1,0.000924918,0.000924918,0.000924918,1673,1,1673,1673,1673,8,1,8,8,8
49,30,0.000738538,1,0.000738538,0.000738538,0.000738538,1541,1,1541,1541,1541,8,1,8,8,8
49,30,0.000843397,1,0.000843397,0.000843397,0.000843397,1540,1,1540,1540,1540,8,1,8,8,8
49,30,0.000867771,1,0.000867771,0.000867771,0.000867771,1573,1,1573,1573,1573,8,1,8,8,8
49,30,0.000786007,1,0.000786007,0.000786007,0.000786007,1574,1,1574,1574,1574,8,1,8,8,8
49,30,0.000652604,1,0.000652604,0.000652604,0.000652604,1496,1,1496,1496,1496,7,1,7,7,7
49,30,0.000749322,1,0.000749322,0.000749322,0.000749322,1552,1,1552,1552,1552,8,1,8,8,8
49,30,0.000646364,1,0.000646364,0.000646364,0.000646364,1550,1,1550,1550,1550,8,1,8,8,8
49,30,0.000887843,1,0.000887843,0.000887843,0.000887843,1633,1,1633,1633,1633,8,1,8,8,8
49,30,0.000987044,1,0.000987044,0.000987044,0.000987044,1645,1,1645,1645,1645,9,1,9,9,9
49,30,0.000755581,1,0.000755581,0.000755581,0.000755581,1553,1,1553,1553,1553,8,1,8,8,8
49,30,0.000698034,1,0.000698034,0.000698034,0.000698034,1561,1,1561,1561,1561,8,1,8,8,8
49,30,0.000655963,1,0.000655963,0.000655963,0.000655963,1507,1,1507,1507,1507,8,1,8,8,8
49,30,0.000682294,1,0.000682294,0.000682294,0.000682294,1598,1,1598,1598,1598,8,1,8,8,8
49,30,0.000648237,1,0.000648237,0.000648237,0.000648237,1534,1,1534,1534,1534,8,1,8,8,8
49,30,0.000621619,1,0.000621619,0.000621619,0.000621619,1554,1,1554,1554,1554,8,1,8,8,8
49,30,0.000591441,1,0.000591441,0.000591441,0.000591441,1510,1,1510,1510,1510,7,1,7,7,7
49,30,0.000587622,1,0.000587622,0.000587622,0.000587622,1517,1,1517,1517,1517,7,1,7,7,7
49,30,0.000733644,1,0.000733644,0.000733644,0.000733644,1524,1,1524,1524,1524,8,1,8,8,8
49,30,0.000871234,1,0.000871234,0.000871234,0.000871234,1571,1,1571,1571,1571,8,1,8,8,8
49,30,0.000966795,1,0.000966795,0.000966795,0.000966795,1594,1,1594,1594,1594,9,1,9,9,9
49,30,0.0007155,1,0.0007155,0.0007155,0.0007155,1597,1,1597,1597,1597,8,1,8,8,8
49,30,0.000892685,1,0.000892685,0.000892685,0.000892685,1620,1,1620,1620,1620,8,1,8,8,8
49,30,0.000729821,1,0.000729821,0.000729821,0.000729821,1606,1,1606,1606,1606,8,1,8,8,8
49,30,0.000899994,1,0.000899994,0.000899994,0.000899994,1587,1,1587,1587,1587,8,1,8,8,8
49,30,0.000667363,1,0.000667363,0.000667363,0.000667363,1539,1,1539,1539,1539,8,1,8,8,8
49,30,0.000879102,1,0.000879102,0.000879102,0.000879102,1569,1,1569,1569,1569,8,1,8,8,8
49,30,0.000970995,1,0.000970995,0.000970995,0.000970995,1573,1,1573,1573,1573,8,1,8,8,8
49,30,0.000761321,1,0.000761321,0.000761321,0.000761321,1558,1,1558,1558,1558,8,1,8,8,8
49,30,0.000805886,1,0.000805886,0.000805886,0.000805886,1590,1,1590,1590,1590,8,1,8,8,8
49,30,0.000700555,1,0.000700555,0.000700555,0.000700555,1536,1,1536,1536,1536,8,1,8,8,8
49,30,0.000538008,1,0.000538008,0.000538008,0.000538008,1467,1,1467,1467,1467,7,1,7,7,7
49,30,0.000825656,1,0.000825656,0.000825656,0.000825656,1582,1,1582,1582,1582,8,1,8,8,8
49,30,0.00100144,1,0.00100144,0.00100144,0.00100144,1669,1,1669,1669,1669,8,1,8,8,8
49,30,0.000696386,1,0.000696386,0.000696386,0.000696386,1558,1,1558,1558,1558,8,1,8,8,8
49,30,0.000749631,1,0.000749631,0.000749631,0.000749631,1559,1,1559,1559,1559,8,1,8,8,8
49,30,0.000945222,1,0.000945222,0.000945222,0.000945222,1630,1,1630,1630,1630,9,1,9,9,9
49,30,0.000945485,1,0.000945485,0.000945485,0.000945485,1640,1,1640,1640,1640,8,1,8,8,8
49,30,0.000781309,1,0.000781309,0.000781309,0.000781309,1605,1,1605,1605,1605,9,1,9,9,9
49,30,0.000708309,1,0.000708309,0.000708309,0.000708309,1540,1,1540,1540,1540,8,1,8,8,8
49,30,0.00097713,1,0.00097713,0.00097713,0.00097713,1661,1,1661,1661,1661,9,1,9,9,9
49,30,0.000776661,1,0.000776661,0.000776661,0.000776661,1569,1,1569,1569,1569,8,1,8,8,8
49,30,0.000781416,1,0.000781416,0.000781416,0.000781416,1552,1,1552,1552,1552,8,1,8,8,8
49,30,0.000705138,1,0.000705138,0.000705138,0.000705138,1561,1,1561,1561,1561,8,1,8,8,8
49,30,0.00079234,1,0.00079234,0.00079234,0.00079234,1544,1,1544,1544,1544,8,1,8,8,8
49,30,0.000947989,1,0.000947989,0.000947989,0.000947989,1549,1,1549,1549,1549,9,1,9,9,9
49,30,0.000925552,1,0.000925552,0.000925552,0.000925552,1607,1,1607,1607,1607,8,1,8,8,8
49,30,0.000809446,1,0.000809446,0.000809446,0.000809446,1569,1,1569,1569,1569,8,1,8,8,8
49,30,0.00082299,1,0.00082299,0.00082299,0.00082299,1558,1,1558,1558,1558,8,1,8,8,8
49,30,0.000963678,1,0.000963678,0.000963678,0.000963678,1655,1,1655,1655,1655,9,1,9,9,9
49,30,0.000703216,1,0.000703216,0.000703216,0.000703216,1585,1,1585,1585,1585,8,1,8,8,8
49,30,0.000840458,1,0.000840458,0.000840458,0.000840458,1713,1,1713,1713,1713,8,1,8,8,8
49,30,0.000718996,1,0.000718996,0.000718996,0.000718996,1612,1,1612,1612,1612,8,1,8,8,8
49,30,0.000714216,1,0.000714216,0.000714216,0.000714216,1540,1,1540,1540,1540,8,1,8,8,8
49,30,0.000517324,1,0.000517324,0.000517324,0.000517324,1529,1,1529,1529,1529,7,1,7,7,7
49,30,0.000854884,1,0.000854884,0.000854884,0.000854884,1539,1,1539,1539,1539,8,1,8,8,8
49,30,0.000672205,1,0.000672205,0.000672205,0.000672205,1516,1,1516,1516,1516,8,1,8,8,8
49,30,0.000857884,1,0.000857884,0.000857884,0.000857884,1588,1,1588,1588,1588,7,1,7,7,7
49,30,0.000650337,1,0.000650337,0.000650337,0.000650337,1597,1,1597,1597,1597,8,1,8,8,8
49,30,0.00086984,1,0.00086984,0.00086984,0.00086984,1629,1,1629,1629,1629,8,1,8,8,8
49,30,0.000697585,1,0.000697585,0.000697585,0.000697585,1519,1,1519,1519,1519,8,1,8,8,8
49,30,0.000732372,1,0.000732372,0.000732372,0.000732372,1556,1,1556,1556,1556,8,1,8,8,8
49,30,0.000670039,1,0.000670039,0.000670039,0.000670039,1524,1,1524,1524,1524,8,1,8,8,8
49,30,0.000858463,1,0.000858463,0.000858463,0.000858463,1623,1,1623,1623,1623,8,1,8,8,8
49,30,0.000509525,1,0.000509525,0.000509525,0.000509525,1444,1,1444,1444,1444,7,1,7,7,7
49,30,0.000750581,1,0.000750581,0.000750581,0.000750581,1531,1,1531,1531,1531,8,1,8,8,8
49,30,0.000915214,1,0.000915214,0.000915214,0.000915214,1608,1,1608,1608,1608,8,1,8,8,8
49,30,0.000840399,1,0.000840399,0.000840399,0.000840399,1539,1,1539,1539,1539,8,1,8,8,8
49,30,0.000555952,1,0.000555952,0.000555952,0.000555952,1543,1,1543,1543,1543,8,1,8,8,8
49,30,0.00120473,1,0.00120473,0.00120473,0.00120473,1699,1,1699,1699,1699,9,1,9,9,9
49,30,0.000819787,1,0.000819787,0.000819787,0.000819787,1673,1,1673,1673,1673,8,1,8,8,8
49,30,0.000872029,1,0.000872029,0.000872029,0.000872029,1704,1,1704,1704,1704,8,1,8,8,8
49,30,0.000906458,1,0.000906458,0.000906458,0.000906458,1565,1,1565,1565,1565,8,1,8,8,8
49,30,0.000911513,1,0.000911513,0.000911513,0.000911513,1686,1,1686,1686,1686,8,1,8,8,8
49,30,0.0010756,1,0.0010756,0.0010756,0.0010756,1618,1,1618,1618,1618,8,1,8,8,8
49,30,0.000764909,1,0.000764909,0.000764909,0.000764909,1557,1,1557,1557,1557,8,1,8,8,8
49,30,0.00062888,1,0.00062888,0.00062888,0.00062888,1554,1,1554,1554,1554,8,1,8,8,8
49,30,0.000935646,1,0.000935646,0.000935646,0.000935646,1653,1,1653,1653,1653,8,1,8,8,8
49,30,0.000734495,1,0.000734495,0.000734495,0.000734495,1636,1,1636,1636,1636,8,1,8,8,8
49,30,0.000673367,1,0.000673367,0.000673367,0.000673367,1573,1,1573,1573,1573,8,1,8,8,8
49,30,0.00112181,1,0.00112181,0.00112181,0.00112181,1679,1,1679,1679,1679,9,1,9,9,9
49,30,0.000675594,1,0.000675594,0.000675594,0.000675594,1538,1,1538,1538,1538,8,1,8,8,8
49,30,0.00056247,1,0.00056247,0.00056247,0.00056247,1504,1,1504,1504,1504,8,1,8,8,8
49,30,0.000517432,1,0.000517432,0.000517432,0.000517432,1481,1,1481,1481,1481,7,1,7,7,7
49,30,0.000531572,1,0.000531572,0.000531572,0.000531572,1529,1,1529,1529,1529,8,1,8,8,8
49,30,0.000742382,1,0.000742382,0.000742382,0.000742382,1606,1,1606,1606,1606,8,1,8,8,8
49,30,0.00123528,1,0.00123528,0.00123528,0.00123528,1659,1,1659,1659,1659,9,1,9,9,9
49,30,0.000660375,1,0.000660375,0.000660375,0.000660375,1622,1,1622,1622,1622,8,1,8,8,8
49,30,0.00092606,1,0.00092606,0.00092606,0.00092606,1624,1,1624,1624,1624,8,1,8,8,8
49,30,0.000782756,1,0.000782756,0.000782756,0.000782756,1552,1,1552,1552,1552,8,1,8,8,8
49,30,0.000619421,1,0.000619421,0.000619421,0.000619421,1571,1,1571,1571,1571,8,1,8,8,8
49,30,0.00125614,1,0.00125614,0.00125614,0.00125614,1696,1,1696,1696,1696,9,1,9,9,9
49,30,0.000853004,1,0.000853004,0.000853004,0.000853004,1633,1,1633,1633,1633,8,1,8,8,8
49,30,0.000765079,1,0.000765079,0.000765079,0.000765079,1597,1,1597,1597,1597,8,1,8,8,8
49,30,0.000701058,1,0.000701058,0.000701058,0.000701058,1569,1,1569,1569,1569,8,1,8,8,8
49,30,0.0010061,1,0.0010061,0.0010061,0.0010061,1625,1,1625,1625,1625,8,1,8,8,8
49,30,0.000854042,1,0.000854042,0.000854042,0.000854042,1630,1,1630,1630,1630,8,1,8,8,8
49,30,0.000840532,1,0.000840532,0.000840532,0.000840532,1597,1,1597,1597,1597,8,1,8,8,8
49,30,0.000850675,1,0.000850675,0.000850675,0.000850675,1553,1,1553,1553,1553,8,1,8,8,8
49,30,0.000708797,1,0.000708797,0.000708797,0.000708797,1488,1,1488,1488,1488,8,1,8,8,8
49,30,0.00105955,1,0.00105955,0.00105955,0.00105955,1612,1,1612,1612,1612,9,1,9,9,9
49,30,0.0006115,1,0.0006115,0.0006115,0.0006115,1467,1,1467,1467,1467,7,1,7,7,7
49,30,0.000657574,1,0.000657574,0.000657574,0.000657574,1535,1,1535,1535,1535,8,1,8,8,8
49,30,0.00065045,1,0.00065045,0.00065045,0.00065045,1506,1,1506,1506,1506,8,1,8,8,8
49,30,0.000932902,1,0.000932902,0.000932902,0.000932902,1595,1,1595,1595,1595,8,1,8,8,8
49,30,0.000801126,1,0.000801126,0.000801126,0.000801126,1605,1,1605,1605,1605,8,1,8,8,8
49,30,0.000582852,1,0.000582852,0.000582852,0.000582852,1527,1,1527,1527,1527,7,1,7,7,7
49,30,0.000853689,1,0.000853689,0.000853689,0.000853689,1572,1,1572,1572,1572,8,1,8,8,8
49,30,0.000648915,1,0.000648915,0.000648915,0.000648915,1524,1,1524,1524,1524,7,1,7,7,7
49,30,0.000696275,1,0.000696275,0.000696275,0.000696275,1517,1,1517,1517,1517,8,1,8,8,8
49,30,0.000784427,1,0.000784427,0.000784427,0.000784427,1621,1,1621,1621,1621,8,1,8,8,8
49,30,0.000595227,1,0.000595227,0.000595227,0.000595227,1615,1,1615,1615,1615,8,1,8,8,8
49,30,0.000643874,1,0.000643874,0.000643874,0.000643874,1488,1,1488,1488,1488,7,1,7,7,7
49,30,0.000694741,1,0.000694741,0.000694741,0.000694741,1615,1,1615,1615,1615,8,1,8,8,8
49,30,0.000810807,1,0.000810807,0.000810807,0.000810807,1547,1,1547,1547,1547,8,1,8,8,8
49,30,0.00070689,1,0.00070689,0.00070689,0.00070689,1556,1,1556,1556,1556,8,1,8,8,8
49,30,0.00118006,1,0.00118006,0.00118006,0.00118006,1689,1,1689,1689,1689,8,1,8,8,8
49,30,0.000705615,1,0.000705615,0.000705615,0.000705615,1533,1,1533,1533,1533,7,1,7,7,7
49,30,0.00100204,1,0.00100204,0.00100204,0.00100204,1705,1,1705,1705,1705,8,1,8,8,8
49,30,0.00059131,1,0.00059131,0.00059131,0.00059131,1441,1,1441,1441,1441,7,1,7,7,7
49,30,0.000733535,1,0.000733535,0.000733535,0.000733535,1530,1,1530,1530,1530,8,1,8,8,8
49,30,0.000519447,1,0.000519447,0.000519447,0.000519447,1508,1,1508,1508,1508,7,1,7,7,7
49,30,0.000878076,1,0.000878076,0.000878076,0.000878076,1595,1,1595,1595,1595,8,1,8,8,8
49,30,0.000866339,1,0.000866339,0.000866339,0.000866339,1580,1,1580,1580,1580,8,1,8,8,8
49,30,0.000745646,1,0.000745646,0.000745646,0.000745646,1583,1,1583,1583,1583,8,1,8,8,8
49,30,0.000631649,1,0.000631649,0.000631649,0.000631649,1564,1,1564,1564,1564,8,1,8,8,8
49,30,0.00118317,1,0.00118317,0.00118317,0.00118317,1630,1,1630,1630,1630,9,1,9,9,9
49,30,0.000861899,1,0.000861899,0.000861899,0.000861899,1566,1,1566,1566,1566,9,1,9,9,9
49,30,0.00135508,1,0.00135508,0.00135508,0.00135508,1671,1,1671,1671,1671,9,1,9,9,9
49,30,0.000854006,1,0.000854006,0.000854006,0.000854006,1616,1,1616,1616,1616,8,1,8,8,8
49,30,0.000623215,1,0.000623215,0.000623215,0.000623215,1595,1,1595,1595,1595,8,1,8,8,8
49,30,0.000727861,1,0.000727861,0.000727861,0.000727861,1569,1,1569,1569,1569,8,1,8,8,8
49,30,0.000813463,1,0.000813463,0.000813463,0.000813463,1600,1,1600,1600,1600,8,1,8,8,8
49,30,0.000570499,1,0.000570499,0.000570499,0.000570499,1504,1,1504,1504,1504,7,1,7,7,7
49,30,0.00130424,1,0.00130424,0.00130424,0.00130424,1698,1,1698,1698,1698,9,1,9,9,9
49,30,0.00099344,1,0.00099344,0.00099344,0.00099344,1659,1,1659,1659,1659,8,1,8,8,8
49,30,0.000648032,1,0.000648032,0.000648032,0.000648032,1551,1,1551,1551,1551,8,1,8,8,8
49,30,0.000586578,1,0.000586578,0.000586578,0.000586578,1489,1,1489,1489,1489,7,1,7,7,7
49,30,0.000562125,1,0.000562125,0.000562125,0.000562125,1535,1,1535,1535,1535,7,1,7,7,7
49,30,0.000967613,1,0.000967613,0.000967613,0.000967613,1622,1,1622,1622,1622,9,1,9,9,9
49,30,0.000753279,1,0.000753279,0.000753279,0.000753279,1563,1,1563,1563,1563,8,1,8,8,8
49,30,0.000621983,1,0.000621983,0.000621983,0.000621983,1511,1,1511,1511,1511,8,1,8,8,8
49,30,0.000817332,1,0.000817332,0.000817332,0.000817332,1535,1,1535,1535,1535,8,1,8,8,8
49,30,0.000768173,1,0.000768173,0.000768173,0.000768173,1586,1,1586,1586,1586,8,1,8,8,8
49,30,0.000605954,1,0.000605954,0.000605954,0.000605954,1489,1,1489,1489,1489,7,1,7,7,7
49,30,0.000914914,1,0.000914914,0.000914914,0.000914914,1655,1,1655,1655,1655,8,1,8,8,8
49,30,0.000882099,1,0.000882099,0.000882099,0.000882099,1656,1,1656,1656,1656,9,1,9,9,9
49,30,0.00107899,1,0.00107899,0.00107899,0.00107899,1667,1,1667,1667,1667,8,1,8,8,8
49,30,0.000665797,1,0.000665797,0.000665797,0.000665797,1573,1,1573,1573,1573,8,1,8,8,8
49,30,0.000506147,1,0.000506147,0.000506147,0.000506147,1494,1,1494,1494,1494,7,1,7,7,7
49,30,0.000925434,1,0.000925434,0.000925434,0.000925434,1629,1,1629,1629,1629,8,1,8,8,8
49,30,0.00072688,1,0.00072688,0.00072688,0.00072688,1520,1,1520,1520,1520,8,1,8,8,8
49,30,0.00062537,1,0.00062537,0.00062537,0.00062537,1575,1,1575,1575,1575,7,1,7,7,7
49,30,0.00114217,1,0.00114217,0.00114217,0.00114217,1671,1,1671,1671,1671,8,1,8,8,8
49,30,0.000770915,1,0.000770915,0.000770915,0.000770915,1550,1,1550,1550,1550,8,1,8,8,8
49,30,0.00063559,1,0.00063559,0.00063559,0.00063559,1487,1,1487,1487,1487,7,1,7,7,7
49,30,0.000526264,1,0.000526264,0.000526264,0.000526264,1510,1,1510,1510,1510,7,1,7,7,7
49,30,0.00129957,1,0.00129957,0.00129957,0.00129957,1672,1,1672,1672,1672,9,1,9,9,9
49,30,0.000975568,1,0.000975568,0.000975568,0.000975568,1596,1,1596,1596,1596,8,1,8,8,8
49,30,0.000680186,1,0.000680186,0.000680186,0.000680186,1511,1,1511,1511,1511,8,1,8,8,8
49,30,0.000963993,1,0.000963993,0.000963993,0.000963993,1614,1,1614,1614,1614,8,1,8,8,8
49,30,0.00124598,1,0.00124598,0.00124598,0.00124598,1648,1,1648,1648,1648,9,1,9,9,9
49,30,0.000720457,1,0.000720457,0.000720457,0.000720457,1565,1,1565,1565,1565,8,1,8,8,8
49,30,0.000709855,1,0.000709855,0.000709855,0.000709855,1583,1,1583,1583,1583,8,1,8,8,8
49,30,0.000718753,1,0.000718753,0.000718753,0.000718753,1520,1,1520,1520,1520,8,1,8,8,8
49,30,0.000518606,1,0.000518606,0.000518606,0.000518606,1511,1,1511,1511,1511,7,1,7,7,7
49,30,0.000754808,1,0.000754808,0.000754808,0.000754808,1570,1,1570,1570,1570,8,1,8,8,8
49,30,0.000799052,1,0.000799052,0.000799052,0.000799052,1610,1,1610,1610,1610,7,1,7,7,7
49,30,0.000823355,1,0.000823355,0.000823355,0.000823355,1538,1,1538,1538,1538,8,1,8,8,8
49,30,0.000809602,1,0.000809602,0.000809602,0.000809602,1648,1,1648,1648,1648,8,1,8,8,8
49,30,0.000870332,1,0.000870332,0.000870332,0.000870332,1557,1,1557,1557,1557,8,1,8,8,8
49,30,0.000703836,1,0.000703836,0.000703836,0.000703836,1554,1,1554,1554,1554,8,1,8,8,8
49,30,0.000670199,1,0.000670199,0.000670199,0.000670199,1555,1,1555,1555,1555,8,1,8,8,8
49,30,0.000561975,1,0.000561975,0.000561975,0.000561975,1450,1,1450,1450,1450,7,1,7,7,7
49,30,0.00102704,1,0.00102704,0.00102704,0.00102704,1665,1,1665,1665,1665,9,1,9,9,9
49,30,0.000950482,1,0.000950482,0.000950482,0.000950482,1717,1,1717,1717,1717,8,1,8,8,8
49,30,0.000751586,1,0.000751586,0.000751586,0.000751586,1576,1,1576,1576,1576,8,1,8,8,8
49,30,0.000510707,1,0.000510707,0.000510707,0.000510707,1452,1,1452,1452,1452,7,1,7,7,7
49,30,0.000784481,1,0.000784481,0.000784481,0.000784481,1571,1,1571,1571,1571,8,1,8,8,8
49,30,0.000908618,1,0.000908618,0.000908618,0.000908618,1623,1,1623,1623,1623,8,1,8,8,8
49,30,0.000775504,1,0.000775504,0.000775504,0.000775504,1582,1,1582,1582,1582,8,1,8,8,8
49,30,0.000569122,1,0.000569122,0.000569122,0.000569122,1545,1,1545,1545,1545,8,1,8,8,8
49,30,0.000884982,1,0.000884982,0.000884982,0.000884982,1726,1,1726,1726,1726,8,1,8,8,8
49,30,0.000592408,1,0.000592408,0.000592408,0.000592408,1539,1,1539,1539,1539,8,1,8,8,8
49,30,0.000912342,1,0.000912342,0.000912342,0.000912342,1610,1,1610,1610,1610,8,1,8,8,8
49,30,0.000776585,1,0.000776585,0.000776585,0.000776585,1601,1,1601,1601,1601,7,1,7,7,7
49,30,0.000676495,1,0.000676495,0.000676495,0.000676495,1499,1,1499,1499,1499,8,1,8,8,8
49,30,0.00112882,1,0.00112882,0.00112882,0.00112882,1730,1,1730,1730,1730,9,1,9,9,9
49,30,0.000741517,1,0.000741517,0.000741517,0.000741517,1632,1,1632,1632,1632,8,1,8,8,8
49,30,0.00061104,1,0.00061104,0.00061104,0.00061104,1538,1,1538,1538,1538,7,1,7,7,7
49,30,0.000545379,1,0.000545379,0.000545379,0.000545379,1431,1,1431,1431,1431,7,1,7,7,7
49,30,0.000903551,1,0.000903551,0.000903551,0.000903551,1580,1,1580,1580,1580,8,1,8,8,8
49,30,0.000924049,1,0.000924049,0.000924049,0.000924049,1620,1,1620,1620,1620,8,1,8,8,8
49,30,0.000692482,1,0.000692482,0.000692482,0.000692482,1566,1,1566,1566,1566,8,1,8,8,8
49,30,0.001215,1,0.001215,0.001215,0.001215,1665,1,1665,1665,1665,9,1,9,9,9
49,30,0.000842583,1,0.000842583,0.000842583,0.000842583,1532,1,1532,1532,1532,8,1,8,8,8
49,30,0.000777764,1,0.000777764,0.000777764,0.000777764,1583,1,1583,1583,1583,7,1,7,7,7
49,30,0.000704852,1,0.000704852,0.000704852,0.000704852,1549,1,1549,1549,1549,8,1,8,8,8
49,30,0.000729933,1,0.000729933,0.000729933,0.000729933,1539,1,1539,1539,1539,8,1,8,8,8
49,30,0.000624991,1,0.000624991,0.000624991,0.000624991,1544,1,1544,1544,1544,8,1,8,8,8
49,30,0.000629842,1,0.000629842,0.000629842,0.000629842,1449,1,1449,1449,1449,7,1,7,7,7
49,30,0.000781159,1,0.000781159,0.000781159,0.000781159,1568,1,1568,1568,1568,8,1,8,8,8
49,30,0.000566022,1,0.000566022,0.000566022,0.000566022,1504,1,1504,1504,1504,8,1,8,8,8
49,30,0.000517919,1,0.000517919,0.000517919,0.000517919,1472,1,1472,1472,1472,7,1,7,7,7
49,30,0.000662678,1,0.000662678,0.000662678,0.000662678,1518,1,1518,1518,1518,7,1,7,7,7
49,30,0.000761466,1,0.000761466,0.000761466,0.000761466,1544,1,1544,1544,1544,8,1,8,8,8
49,30,0.000938185,1,0.000938185,0.000938185,0.000938185,1634,1,1634,1634,1634,8,1,8,8,8
49,30,0.000851019,1,0.000851019,0.000851019,0.000851019,1628,1,1628,1628,1628,9,1,9,9,9
49,30,0.000905854,1,0.000905854,0.000905854,0.000905854,1615,1,1615,1615,1615,9,1,9,9,9
49,30,0.000493093,1,0.000493093,0.000493093,0.000493093,1465,1,1465,1465,1465,7,1,7,7,7
49,30,0.00123067,1,0.00123067,0.00123067,0.00123067,1650,1,1650,1650,1650,9,1,9,9,9
49,30,0.000635239,1,0.000635239,0.000635239,0.000635239,1576,1,1576,1576,1576,8,1,8,8,8
49,30,0.00157343,1,0.00157343,0.00157343,0.00157343,1797,1,1797,1797,1797,10,1,10,10,10
49,30,0.00109186,1,0.00109186,0.00109186,0.00109186,1715,1,1715,1715,1715,8,1,8,8,8
49,30,0.000885823,1,0.000885823,0.000885823,0.000885823,1626,1,1626,1626,1626,9,1,9,9,9
49,30,0.000573843,1,0.000573843,0.000573843,0.000573843,1490,1,1490,1490,1490,7,1,7,7,7
49,30,0.00104637,1,0.00104637,0.00104637,0.00104637,1730,1,1730,1730,1730,9,1,9,9,9
49,30,0.000961936,1,0.000961936,0.000961936,0.000961936,1800,1,1800,1800,1800,8,1,8,8,8
49,30,0.000862223,1,0.000862223,0.000862223,0.000862223,1717,1,1717,1717,1717,8,1,8,8,8
49,30,0.000599342,1,0.000599342,0.000599342,0.000599342,1480,1,1480,1480,1480,7,1,7,7,7
49,30,0.000658671,1,0.000658671,0.000658671,0.000658671,1583,1,1583,1583,1583,8,1,8,8,8
49,30,0.00068849,1,0.00068849,0.00068849,0.00068849,1572,1,1572,1572,1572,8,1,8,8,8
49,30,0.000934506,1,0.000934506,0.000934506,0.000934506,1628,1,1628,1628,1628,8,1,8,8,8
49,30,0.00090224,1,0.00090224,0.00090224,0.00090224,1602,1,1602,1602,1602,8,1,8,8,8
49,30,0.0012508,1,0.0012508,0.0012508,0.0012508,1668,1,1668,1668,1668,9,1,9,9,9
49,30,0.000815514,1,0.000815514,0.000815514,0.000815514,1618,1,1618,1618,1618,9,1,9,9,9
49,30,0.000688906,1,0.000688906,0.000688906,0.000688906,1575,1,1575,1575,1575,8,1,8,8,8
49,30,0.000854047,1,0.000854047,0.000854047,0.000854047,1575,1,1575,1575,1575,8,1,8,8,8
49,30,0.000903866,1,0.000903866,0.000903866,0.000903866,1592,1,1592,1592,1592,8,1,8,8,8
49,30,0.00102182,1,0.00102182,0.00102182,0.00102182,1665,1,1665,1665,1665,8,1,8,8,8
49,30,0.000562878,1,0.000562878,0.000562878,0.000562878,1499,1,1499,1499,1499,7,1,7,7,7
49,30,0.00075345,1,0.00075345,0.00075345,0.00075345,1579,1,1579,1579,1579,8,1,8,8,8
49,30,0.000932236,1,0.000932236,0.000932236,0.000932236,1595,1,1595,1595,1595,8,1,8,8,8
49,30,0.000725898,1,0.000725898,0.000725898,0.000725898,1539,1,1539,1539,1539,8,1,8,8,8
49,30,0.00070804,1,0.00070804,0.00070804,0.00070804,1551,1,1551,1551,1551,8,1,8,8,8
49,30,0.00081062,1,0.00081062,0.00081062,0.00081062,1540,1,1540,1540,1540,8,1,8,8,8
49,30,0.000675359,1,0.000675359,0.000675359,0.000675359,1463,1,1463,1463,1463,7,1,7,7,7
49,30,0.000811638,1,0.000811638,0.000811638,0.000811638,1599,1,1599,1599,1599,8,1,8,8,8
49,30,0.00122328,1,0.00122328,0.00122328,0.00122328,1714,1,1714,1714,1714,8,1,8,8,8
49,30,0.000966474,1,0.000966474,0.000966474,0.000966474,1593,1,1593,1593,1593,8,1,8,8,8
49,30,0.000680927,1,0.000680927,0.000680927,0.000680927,1530,1,1530,1530,1530,8,1,8,8,8
49,30,0.000791529,1,0.000791529,0.000791529,0.000791529,1590,1,1590,1590,1590,8,1,8,8,8
49,30,0.000760432,1,0.000760432,0.000760432,0.000760432,1554,1,1554,1554,1554,8,1,8,8,8
49,30,0.000821816,1,0.000821816,0.000821816,0.000821816,1577,1,1577,1577,1577,8,1,8,8,8
49,30,0.00066509,1,0.00066509,0.00066509,0.00066509,1480,1,1480,1480,1480,8,1,8,8,8
49,30,0.000777318,1,0.000777318,0.000777318,0.000777318,1580,1,1580,1580,1580,8,1,8,8,8
49,30,0.000779753,1,0.000779753,0.000779753,0.000779753,1584,1,1584,1584,1584,8,1,8,8,8
49,30,0.000798928,1,0.000798928,0.000798928,0.000798928,1583,1,1583,1583,1583,8,1,8,8,8
49,30,0.000791551,1,0.000791551,0.000791551,0.000791551,1587,1,1587,1587,1587,8,1,8,8,8
49,30,0.00101014,1,0.00101014,0.00101014,0.00101014,1584,1,1584,1584,1584,8,1,8,8,8
49,30,0.000783238,1,0.000783238,0.000783238,0.000783238,1557,1,1557,1557,1557,8,1,8,8,8
49,30,0.000607066,1,0.000607066,0.000607066,0.000607066,1478,1,1478,1478,1478,7,1,7,7,7
49,30,0.000818154,1,0.000818154,0.000818154,0.000818154,1606,1,1606,1606,1606,8,1,8,8,8
49,30,0.000725075,1,0.000725075,0.000725075,0.000725075,1559,1,1559,1559,1559,8,1,8,8,8
49,30,0.000576334,1,0.000576334,0.000576334,0.000576334,1492,1,1492,1492,1492,7,1,7,7,7
49,30,0.000699498,1,0.000699498,0.000699498,0.000699498,1596,1,1596,1596,1596,8,1,8,8,8
49,30,0.0007203,1,0.0007203,0.0007203,0.0007203,1553,1,1553,1553,1553,8,1,8,8,8
49,30,0.0011238,1,0.0011238,0.0011238,0.0011238,1713,1,1713,1713,1713,9,1,9,9,9
49,30,0.00126446,1,0.00126446,0.00126446,0.00126446,1674,1,1674,1674,1674,9,1,9,9,9
49,30,0.000587859,1,0.000587859,0.000587859,0.000587859,1530,1,1530,1530,1530,7,1,7,7,7
49,30,0.0012901,1,0.0012901,0.0012901,0.0012901,1753,1,1753,1753,1753,9,1,9,9,9
49,30,0.000733668,1,0.000733668,0.000733668,0.000733668,1589,1,1589,1589,1589,8,1,8,8,8
49,30,0.000954485,1,0.000954485,0.000954485,0.000954485,1721,1,1721,1721,1721,9,1,9,9,9
49,30,0.000937254,1,0.000937254,0.000937254,0.000937254,1598,1,1598,1598,1598,8,1,8,8,8
49,30,0.000774597,1,0.000774597,0.000774597,0.000774597,1566,1,1566,1566,1566,8,1,8,8,8
49,30,0.000915566,1,0.000915566,0.000915566,0.000915566,1568,1,1568,1568,1568,8,1,8,8,8
49,30,0.000833327,1,0.000833327,0.000833327,0.000833327,1617,1,1617,1617,1617,8,1,8,8,8
49,30,0.000801063,1,0.000801063,0.000801063,0.000801063,1534,1,1534,1534,1534,8,1,8,8,8
49,30,0.00118745,1,0.00118745,0.00118745,0.00118745,1719,1,1719,1719,1719,9,1,9,9,9
49,30,0.000476847,1,0.000476847,0.000476847,0.000476847,1434,1,1434,1434,1434,7,1,7,7,7
49,30,0.00066327,1,0.00066327,0.00066327,0.00066327,1601,1,1601,1601,1601,7,1,7,7,7
49,30,0.000668633,1,0.000668633,0.000668633,0.000668633,1514,1,1514,1514,1514,8,1,8,8,8
49,30,0.000560208,1,0.000560208,0.000560208,0.000560208,1511,1,1511,1511,1511,7,1,7,7,7
49,30,0.000785644,1,0.000785644,0.000785644,0.000785644,1651,1,1651,1651,1651,9,1,9,9,9
49,30,0.000700374,1,0.000700374,0.000700374,0.000700374,1547,1,1547,1547,1547,8,1,8,8,8
49,30,0.000853644,1,0.000853644,0.000853644,0.000853644,1613,1,1613,1613,1613,8,1,8,8,8
49,30,0.000835531,1,0.000835531,0.000835531,0.000835531,1567,1,1567,1567,1567,8,1,8,8,8
49,30,0.000678757,1,0.000678757,0.000678757,0.000678757,1573,1,1573,1573,1573,8,1,8,8,8
49,30,0.00059565,1,0.00059565,0.00059565,0.00059565,1522,1,1522,1522,1522,7,1,7,7,7
49,30,0.000951867,1,0.000951867,0.000951867,0.000951867,1624,1,1624,1624,1624,8,1,8,8,8
49,30,0.00104636,1,0.00104636,0.00104636,0.00104636,1712,1,1712,1712,1712,9,1,9,9,9
49,30,0.000921601,1,0.000921601,0.000921601,0.000921601,1609,1,1609,1609,1609,8,1,8,8,8
49,30,0.00072737,1,0.00072737,0.00072737,0.00072737,1518,1,1518,1518,1518,8,1,8,8,8
49,30,0.000502901,1,0.000502901,0.000502901,0.000502901,1467,1,1467,1467,1467,7,1,7,7,7
49,30,0.000669473,1,0.000669473,0.000669473,0.000669473,1577,1,1577,1577,1577,8,1,8,8,8
49,30,0.000780361,1,0.000780361,0.000780361,0.000780361,1545,1,1545,1545,1545,8,1,8,8,8
49,30,0.000416672,1,0.000416672,0.000416672,0.000416672,1490,1,1490,1490,1490,7,1,7,7,7
49,30,0.000825031,1,0.000825031,0.000825031,0.000825031,1590,1,1590,1590,1590,8,1,8,8,8
49,30,0.000662497,1,0.000662497,0.000662497,0.000662497,1571,1,1571,1571,1571,8,1,8,8,8
49,30,0.00119328,1,0.00119328,0.00119328,0.00119328,1693,1,1693,1693,1693,9,1,9,9,9
49,30,0.000798852,1,0.000798852,0.000798852,0.000798852,1643,1,1643,1643,1643,7,1,7,7,7
49,30,0.0011958,1,0.0011958,0.0011958,0.0011958,1649,1,1649,1649,1649,9,1,9,9,9
49,30,0.00080645,1,0.00080645,0.00080645,0.00080645,1575,1,1575,1575,1575,8,1,8,8,8
49,30,0.000713634,1,0.000713634,0.000713634,0.000713634,1555,1,1555,1555,1555,8,1,8,8,8
49,30,0.00128608,1,0.00128608,0.00128608,0.00128608,1690,1,1690,1690,1690,9,1,9,9,9
49,30,0.00111525,1,0.00111525,0.00111525,0.00111525,1669,1,1669,1669,1669,8,1,8,8,8
49,30,0.000635319,1,0.000635319,0.000635319,0.000635319,1533,1,1533,1533,1533,8,1,8,8,8
49,30,0.000804918,1,0.000804918,0.000804918,0.000804918,1539,1,1539,1539,1539,8,1,8,8,8
49,30,0.000747382,1,0.000747382,0.000747382,0.000747382,1523,1,1523,1523,1523,8,1,8,8,8
49,30,0.00120729,1,0.00120729,0.00120729,0.00120729,1693,1,1693,1693,1693,9,1,9,9,9
49,30,0.000805991,1,0.000805991,0.000805991,0.000805991,1585,1,1585,1585,1585,8,1,8,8,8
49,30,0.00048025,1,0.00048025,0.00048025,0.00048025,1478,1,1478,1478,1478,7,1,7,7,7
49,30,0.000741447,1,0.000741447,0.000741447,0.000741447,1571,1,1571,1571,1571,8,1,8,8,8
49,30,0.000468801,1,0.000468801,0.000468801,0.000468801,1451,1,1451,1451,1451,7,1,7,7,7
49,30,0.000784658,1,0.000784658,0.000784658,0.000784658,1567,1,1567,1567,1567,8,1,8,8,8
49,30,0.000638776,1,0.000638776,0.000638776,0.000638776,1512,1,1512,1512,1512,8,1,8,8,8
49,30,0.00079047,1,0.00079047,0.00079047,0.00079047,1624,1,1624,1624,1624,8,1,8,8,8
49,30,0.000670364,1,0.000670364,0.000670364,0.000670364,1496,1,1496,1496,1496,8,1,8,8,8
49,30,0.000787138,1,0.000787138,0.000787138,0.000787138,1563,1,1563,1563,1563,8,1,8,8,8
49,30,0.00120335,1,0.00120335,0.00120335,0.00120335,1656,1,1656,1656,1656,9,1,9,9,9
49,30,0.00105558,1,0.00105558,0.00105558,0.00105558,1648,1,1648,1648,1648,9,1,9,9,9
49,30,0.000495691,1,0.000495691,0.000495691,0.000495691,1511,1,1511,1511,1511,7,1,7,7,7
49,30,0.000642803,1,0.000642803,0.000642803,0.000642803,1555,1,1555,1555,1555,8,1,8,8,8
49,30,0.000831303,1,0.000831303,0.000831303,0.000831303,1618,1,1618,1618,1618,8,1,8,8,8
49,30,0.000846246,1,0.000846246,0.000846246,0.000846246,1649,1,1649,1649,1649,8,1,8,8,8
49,30,0.00126338,1,0.00126338,0.00126338,0.00126338,1724,1,1724,1724,1724,8,1,8,8,8
49,30,0.000771266,1,0.000771266,0.000771266,0.000771266,1542,1,1542,1542,1542,8,1,8,8,8
49,30,0.000690299,1,0.000690299,0.000690299,0.000690299,1535,1,1535,1535,1535,7,1,7,7,7
49,30,0.000928766,1,0.000928766,0.000928766,0.000928766,1608,1,1608,1608,1608,8,1,8,8,8
49,30,0.000863134,1,0.000863134,0.000863134,0.000863134,1635,1,1635,1635,1635,8,1,8,8,8
49,30,0.000831324,1,0.000831324,0.000831324,0.000831324,1561,1,1561,1561,1561,8,1,8,8,8
49,30,0.00049338,1,0.00049338,0.00049338,0.00049338,1498,1,1498,1498,1498,7,1,7,7,7
49,30,0.000883815,1,0.000883815,0.000883815,0.000883815,1574,1,1574,1574,1574,8,1,8,8,8
49,30,0.000995905,1,0.000995905,0.000995905,0.000995905,1585,1,1585,1585,1585,8,1,8,8,8
49,30,0.00114105,1,0.00114105,0.00114105,0.00114105,1637,1,1637,1637,1637,9,1,9,9,9
49,30,0.000703321,1,0.000703321,0.000703321,0.000703321,1509,1,1509,1509,1509,7,1,7,7,7
49,30,0.000920843,1,0.000920843,0.000920843,0.000920843,1546,1,1546,1546,1546,8,1,8,8,8
49,30,0.000516226,1,0.000516226,0.000516226,0.000516226,1456,1,1456,1456,1456,7,1,7,7,7
49,30,0.000802767,1,0.000802767,0.000802767,0.000802767,1549,1,1549,1549,1549,8,1,8,8,8
49,30,0.000720267,1,0.000720267,0.000720267,0.000720267,1557,1,1557,1557,1557,8,1,8,8,8
49,30,0.00107221,1,0.00107221,0.00107221,0.00107221,1670,1,1670,1670,1670,8,1,8,8,8
49,30,0.000545957,1,0.000545957,0.000545957,0.000545957,1509,1,1509,1509,1509,7,1,7,7,7
49,30,0.000700694,1,0.000700694,0.000700694,0.000700694,1582,1,1582,1582,1582,8,1,8,8,8
49,30,0.000644477,1,0.000644477,0.000644477,0.000644477,1540,1,1540,1540,1540,8,1,8,8,8
49,30,0.000716507,1,0.000716507,0.000716507,0.000716507,1592,1,1592,1592,1592,8,1,8,8,8
49,30,0.000569717,1,0.000569717,0.000569717,0.000569717,1486,1,1486,1486,1486,7,1,7,7,7
49,30,0.000859805,1,0.000859805,0.000859805,0.000859805,1614,1,1614,1614,1614,8,1,8,8,8
49,30,0.00131323,1,0.00131323,0.00131323,0.00131323,1694,1,1694,1694,1694,9,1,9,9,9
49,30,0.000473977,1,0.000473977,0.000473977,0.000473977,1482,1,1482,1482,1482,7,1,7,7,7
49,30,0.000940781,1,0.000940781,0.000940781,0.000940781,1587,1,1587,1587,1587,8,1,8,8,8
49,30,0.00105163,1,0.00105163,0.00105163,0.00105163,1649,1,1649,1649,1649,9,1,9,9,9
49,30,0.000650501,1,0.000650501,0.000650501,0.000650501,1540,1,1540,1540,1540,8,1,8,8,8
49,30,0.001198,1,0.001198,0.001198,0.001198,1674,1,1674,1674,1674,8,1,8,8,8
49,30,0.000797194,1,0.000797194,0.000797194,0.000797194,1540,1,1540,1540,1540,8,1,8,8,8
49,30,0.000591105,1,0.000591105,0.000591105,0.000591105,1510,1,1510,1510,1510,8,1,8,8,8
49,30,0.000930957,1,0.000930957,0.000930957,0.000930957,1761,1,1761,1761,1761,8,1,8,8,8
49,30,0.000806304,1,0.000806304,0.000806304,0.000806304,1586,1,1586,1586,1586,8,1,8,8,8
49,30,0.000897681,1,0.000897681,0.000897681,0.000897681,1585,1,1585,1585,1585,8,1,8,8,8
49,30,0.00122639,1,0.00122639,0.00122639,0.00122639,1726,1,1726,1726,1726,9,1,9,9,9
49,30,0.000690791,1,0.000690791,0.000690791,0.000690791,1507,1,1507,1507,1507,8,1,8,8,8
49,30,0.00112694,1,0.00112694,0.00112694,0.00112694,1655,1,1655,1655,1655,9,1,9,9,9
49,30,0.000958243,1,0.000958243,0.000958243,0.000958243,1622,1,1622,1622,1622,9,1,9,9,9
49,30,0.000627028,1,0.000627028,0.000627028,0.000627028,1566,1,1566,1566,1566,7,1,7,7,7
49,30,0.000797841,1,0.000797841,0.000797841,0.000797841,1543,1,1543,1543,1543,8,1,8,8,8
49,30,0.000815864,1,0.000815864,0.000815864,0.000815864,1621,1,1621,1621,1621,8,1,8,8,8
49,30,0.000970044,1,0.000970044,0.000970044,0.000970044,1620,1,1620,1620,1620,8,1,8,8,8
49,30,0.00119832,1,0.00119832,0.00119832,0.00119832,1683,1,1683,1683,1683,9,1,9,9,9
49,30,0.00112627,1,0.00112627,0.00112627,0.00112627,1723,1,1723,1723,1723,8,1,8,8,8
49,30,0.000770642,1,0.000770642,0.000770642,0.000770642,1572,1,1572,1572,1572,8,1,8,8,8
49,30,0.00101802,1,0.00101802,0.00101802,0.00101802,1670,1,1670,1670,1670,9,1,9,9,9
49,30,0.00116665,1,0.00116665,0.00116665,0.00116665,1690,1,1690,1690,1690,9,1,9,9,9
49,30,0.000913501,1,0.000913501,0.000913501,0.000913501,1574,1,1574,1574,1574,8,1,8,8,8
49,30,0.000637024,1,0.000637024,0.000637024,0.000637024,1550,1,1550,1550,1550,8,1,8,8,8
49,30,0.000961728,1,0.000961728,0.000961728,0.000961728,1686,1,1686,1686,1686,9,1,9,9,9
49,30,0.000687687,1,0.000687687,0.000687687,0.000687687,1530,1,1530,1530,1530,8,1,8,8,8
49,30,0.000686337,1,0.000686337,0.000686337,0.000686337,1595,1,1595,1595,1595,8,1,8,8,8
49,30,0.00110004,1,0.00110004,0.00110004,0.00110004,1684,1,1684,1684,1684,9,1,9,9,9
49,30,0.000665083,1,0.000665083,0.000665083,0.000665083,1540,1,1540,1540,1540,8,1,8,8,8
49,30,0.000671839,1,0.000671839,0.000671839,0.000671839,1582,1,1582,1582,1582,8,1,8,8,8
49,30,0.000657443,1,0.000657443,0.000657443,0.000657443,1510,1,1510,1510,1510,8,1,8,8,8
49,30,0.00101493,1,0.00101493,0.00101493,0.00101493,1703,1,1703,1703,1703,8,1,8,8,8
49,30,0.00103269,1,0.00103269,0.00103269,0.00103269,1580,1,1580,1580,1580,8,1,8,8,8
49,30,0.000921509,1,0.000921509,0.000921509,0.000921509,1634,1,1634,1634,1634,8,1,8,8,8
49,30,0.000524936,1,0.000524936,0.000524936,0.000524936,1482,1,1482,1482,1482,7,1,7,7,7
49,30,0.000925855,1,0.000925855,0.000925855,0.000925855,1592,1,1592,1592,1592,8,1,8,8,8
49,30,0.000680256,1,0.000680256,0.000680256,0.000680256,1496,1,1496,1496,1496,8,1,8,8,8
49,30,0.00109406,1,0.00109406,0.00109406,0.00109406,1611,1,1611,1611,1611,8,1,8,8,8
49,30,0.00101304,1,0.00101304,0.00101304,0.00101304,1684,1,1684,1684,1684,9,1,9,9,9
49,30,0.000739885,1,0.000739885,0.000739885,0.000739885,1562,1,1562,1562,1562,8,1,8,8,8
49,30,0.000459587,1,0.000459587,0.000459587,0.000459587,1475,1,1475,1475,1475,7,1,7,7,7
49,30,0.000729387,1,0.000729387,0.000729387,0.000729387,1528,1,1528,1528,1528,8,1,8,8,8
49,30,0.000762399,1,0.000762399,0.000762399,0.000762399,1591,1,1591,1591,1591,8,1,8,8,8
49,30,0.000733253,1,0.000733253,0.000733253,0.000733253,1512,1,1512,1512,1512,8,1,8,8,8
49,30,0.000840441,1,0.000840441,0.000840441,0.000840441,1578,1,1578,1578,1578,8,1,8,8,8
49,30,0.00111567,1,0.00111567,0.00111567,0.00111567,1646,1,1646,1646,1646,9,1,9,9,9
49,30,0.000483638,1,0.000483638,0.000483638,0.000483638,1459,1,1459,1459,1459,7,1,7,7,7
49,30,0.00110248,1,0.00110248,0.00110248,0.00110248,1683,1,1683,1683,1683,9,1,9,9,9
49,30,0.00071747,1,0.00071747,0.00071747,0.00071747,1529,1,1529,1529,1529,8,1,8,8,8
49,30,0.000555255,1,0.000555255,0.000555255,0.000555255,1540,1,1540,1540,1540,8,1,8,8,8
49,30,0.00103884,1,0.00103884,0.00103884,0.00103884,1562,1,1562,1562,1562,8,1,8,8,8
49,30,0.000875159,1,0.000875159,0.000875159,0.000875159,1625,1,1625,1625,1625,8,1,8,8,8
49,30,0.000776931,1,0.000776931,0.000776931,0.000776931,1556,1,1556,1556,1556,8,1,8,8,8
49,30,0.000910738,1,0.000910738,0.000910738,0.000910738,1562,1,1562,1562,1562,8,1,8,8,8
49,30,0.000806332,1,0.000806332,0.000806332,0.000806332,1530,1,1530,1530,1530,8,1,8,8,8
49,30,0.00076975,1,0.00076975,0.00076975,0.00076975,1557,1,1557,1557,1557,8,1,8,8,8
49,30,0.000675423,1,0.000675423,0.000675423,0.000675423,1500,1,1500,1500,1500,7,1,7,7,7
49,30,0.000825918,1,0.000825918,0.000825918,0.000825918,1588,1,1588,1588,1588,8,1,8,8,8
49,30,0.00086453,1,0.00086453,0.00086453,0.00086453,1668,1,1668,1668,1668,8,1,8,8,8
49,30,0.000752307,1,0.000752307,0.000752307,0.000752307,1511,1,1511,1511,1511,8,1,8,8,8
49,30,0.000554509,1,0.000554509,0.000554509,0.000554509,1484,1,1484,1484,1484,7,1,7,7,7
49,30,0.000766174,1,0.000766174,0.000766174,0.000766174,1512,1,1512,1512,1512,8,1,8,8,8
49,30,0.000978068,1,0.000978068,0.000978068,0.000978068,1590,1,1590,1590,1590,8,1,8,8,8
49,30,0.000680645,1,0.000680645,0.000680645,0.000680645,1531,1,1531,1531,1531,8,1,8,8,8
49,30,0.000652398,1,0.000652398,0.000652398,0.000652398,1477,1,1477,1477,1477,7,1,7,7,7
49,30,0.000848838,1,0.000848838,0.000848838,0.000848838,1576,1,1576,1576,1576,8,1,8,8,8
49,30,0.000528937,1,0.000528937,0.000528937,0.000528937,1497,1,1497,1497,1497,7,1,7,7,7
49,30,0.00103418,1,0.00103418,0.00103418,0.00103418,1619,1,1619,1619,1619,8,1,8,8,8
49,30,0.000952303,1,0.000952303,0.000952303,0.000952303,1565,1,1565,1565,1565,8,1,8,8,8
49,30,0.000640983,1,0.000640983,0.000640983,0.000640983,1540,1,1540,1540,1540,8,1,8,8,8
49,30,0.000868006,1,0.000868006,0.000868006,0.000868006,1602,1,1602,1602,1602,8,1,8,8,8
49,30,0.000821697,1,0.000821697,0.000821697,0.000821697,1632,1,1632,1632,1632,8,1,8,8,8
49,30,0.00070155,1,0.00070155,0.00070155,0.00070155,1535,1,1535,1535,1535,8,1,8,8,8
49,30,0.00086751,1,0.00086751,0.00086751,0.00086751,1574,1,1574,1574,1574,8,1,8,8,8
49,30,0.0004589,1,0.0004589,0.0004589,0.0004589,1465,1,1465,1465,1465,7,1,7,7,7
49,30,0.000945871,1,0.000945871,0.000945871,0.000945871,1576,1,1576,1576,1576,8,1,8,8,8
49,30,0.00119204,1,0.00119204,0.00119204,0.00119204,1647,1,1647,1647,1647,9,1,9,9,9
49,30,0.00110136,1,0.00110136,0.00110136,0.00110136,1631,1,1631,1631,1631,8,1,8,8,8
49,30,0.000947754,1,0.000947754,0.000947754,0.000947754,1609,1,1609,1609,1609,9,1,9,9,9
49,30,0.000712508,1,0.000712508,0.000712508,0.000712508,1557,1,1557,1557,1557,7,1,7,7,7
49,30,0.000666506,1,0.000666506,0.000666506,0.000666506,1537,1,1537,1537,1537,8,1,8,8,8
49,30,0.000851583,1,0.000851583,0.000851583,0.000851583,1599,1,1599,1599,1599,8,1,8,8,8
49,30,0.000850915,1,0.000850915,0.000850915,0.000850915,1579,1,1579,1579,1579,8,1,8,8,8
49,30,0.000782745,1,0.000782745,0.000782745,0.000782745,1561,1,1561,1561,1561,8,1,8,8,8
49,30,0.00102508,1,0.00102508,0.00102508,0.00102508,1573,1,1573,1573,1573,8,1,8,8,8
49,30,0.000662533,1,0.000662533,0.000662533,0.000662533,1539,1,1539,1539,1539,8,1,8,8,8
49,30,0.000515821,1,0.000515821,0.000515821,0.000515821,1543,1,1543,1543,1543,7,1,7,7,7
49,30,0.000525211,1,0.000525211,0.000525211,0.000525211,1515,1,1515,1515,1515,7,1,7,7,7
49,30,0.000961813,1,0.000961813,0.000961813,0.000961813,1627,1,1627,1627,1627,9,1,9,9,9
49,30,0.000848008,1,0.000848008,0.000848008,0.000848008,1571,1,1571,1571,1571,8,1,8,8,8
49,30,0.000743858,1,0.000743858,0.000743858,0.000743858,1580,1,1580,1580,1580,7,1,7,7,7
49,30,0.000874628,1,0.000874628,0.000874628,0.000874628,1567,1,1567,1567,1567,8,1,8,8,8
49,30,0.000769082,1,0.000769082,0.000769082,0.000769082,1582,1,1582,1582,1582,8,1,8,8,8
49,30,0.000870502,1,0.000870502,0.000870502,0.000870502,1590,1,1590,1590,1590,8,1,8,8,8
49,30,0.000782671,1,0.000782671,0.000782671,0.000782671,1583,1,1583,1583,1583,8,1,8,8,8
49,30,0.000764022,1,0.000764022,0.000764022,0.000764022,1523,1,1523,1523,1523,8,1,8,8,8
49,30,0.000697229,1,0.000697229,0.000697229,0.000697229,1555,1,1555,1555,1555,8,1,8,8,8
49,30,0.000460201,1,0.000460201,0.000460201,0.000460201,1437,1,1437,1437,1437,7,1,7,7,7
49,30,0.000838396,1,0.000838396,0.000838396,0.000838396,1552,1,1552,1552,1552,8,1,8,8,8
49,30,0.000761365,1,0.000761365,0.000761365,0.000761365,1529,1,1529,1529,1529,7,1,7,7,7
49,30,0.000819197,1,0.000819197,0.000819197,0.000819197,1601,1,1601,1601,1601,8,1,8,8,8
49,30,0.000782885,1,0.000782885,0.000782885,0.000782885,1565,1,1565,1565,1565,8,1,8,8,8
49,30,0.000710265,1,0.000710265,0.000710265,0.000710265,1488,1,1488,1488,1488,8,1,8,8,8
49,30,0.000803021,1,0.000803021,0.000803021,0.000803021,1566,1,1566,1566,1566,8,1,8,8,8
49,30,0.000715408,1,0.000715408,0.000715408,0.000715408,1534,1,1534,1534,1534,8,1,8,8,8
49,30,0.00077836,1,0.00077836,0.00077836,0.00077836,1656,1,1656,1656,1656,8,1,8,8,8
49,30,0.000858472,1,0.000858472,0.000858472,0.000858472,1602,1,1602,1602,1602,8,1,8,8,8
49,30,0.00074004,1,0.00074004,0.00074004,0.00074004,1545,1,1545,1545,1545,8,1,8,8,8
49,30,0.000779134,1,0.000779134,0.000779134,0.000779134,1586,1,1586,1586,1586,8,1,8,8,8
49,30,0.000600548,1,0.000600548,0.000600548,0.000600548,1487,1,1487,1487,1487,7,1,7,7,7
49,30,0.000991323,1,0.000991323,0.000991323,0.000991323,1634,1,1634,1634,1634,9,1,9,9,9
49,30,0.00111642,1,0.00111642,0.00111642,0.00111642,1620,1,1620,1620,1620,8,1,8,8,8
49,30,0.000724707,1,0.000724707,0.000724707,0.000724707,1594,1,1594,1594,1594,8,1,8,8,8
49,30,0.00085557,1,0.00085557,0.00085557,0.00085557,1553,1,1553,1553,1553,8,1,8,8,8
49,30,0.000896023,1,0.000896023,0.000896023,0.000896023,1515,1,1515,1515,1515,8,1,8,8,8
49,30,0.000710366,1,0.000710366,0.000710366,0.000710366,1546,1,1546,1546,1546,8,1,8,8,8
49,30,0.000926825,1,0.000926825,0.000926825,0.000926825,1565,1,1565,1565,1565,8,1,8,8,8
49,30,0.000716246,1,0.000716246,0.000716246,0.000716246,1575,1,1575,1575,1575,8,1,8,8,8
49,30,0.000902294,1,0.000902294,0.000902294,0.000902294,1564,1,1564,1564,1564,8,1,8,8,8
49,30,0.000969104,1,0.000969104,0.000969104,0.000969104,1658,1,1658,1658,1658,8,1,8,8,8
49,30,0.000721454,1,0.000721454,0.000721454,0.000721454,1599,1,1599,1599,1599,8,1,8,8,8
49,30,0.000946153,1,0.000946153,0.000946153,0.000946153,1633,1,1633,1633,1633,8,1,8,8,8
49,30,0.000715548,1,0.000715548,0.000715548,0.000715548,1576,1,1576,1576,1576,8,1,8,8,8
49,30,0.00124716,1,0.00124716,0.00124716,0.00124716,1688,1,1688,1688,1688,9,1,9,9,9
49,30,0.000721525,1,0.000721525,0.000721525,0.000721525,1624,1,1624,1624,1624,8,1,8,8,8
49,30,0.000917493,1,0.000917493,0.000917493,0.000917493,1661,1,1661,1661,1661,8,1,8,8,8
49,30,0.000742365,1,0.000742365,0.000742365,0.000742365,1538,1,1538,1538,1538,8,1,8,8,8
49,30,0.000597691,1,0.000597691,0.000597691,0.000597691,1501,1,1501,1501,1501,7,1,7,7,7
49,30,0.000860423,1,0.000860423,0.000860423,0.000860423,1586,1,1586,1586,1586,8,1,8,8,8
49,30,0.000934569,1,0.000934569,0.000934569,0.000934569,1606,1,1606,1606,1606,8,1,8,8,8
49,30,0.00126162,1,0.00126162,0.00126162,0.00126162,1681,1,1681,1681,1681,9,1,9,9,9
49,30,0.000909288,1,0.000909288,0.000909288,0.000909288,1659,1,1659,1659,1659,9,1,9,9,9
49,30,0.000824293,1,0.000824293,0.000824293,0.000824293,1570,1,1570,1570,1570,8,1,8,8,8
49,30,0.000906421,1,0.000906421,0.000906421,0.000906421,1640,1,1640,1640,1640,9,1,9,9,9
49,30,0.000815368,1,0.000815368,0.000815368,0.000815368,1544,1,1544,1544,1544,8,1,8,8,8
49,30,0.000696743,1,0.000696743,0.000696743,0.000696743,1516,1,1516,1516,1516,8,1,8,8,8
49,30,0.000819001,1,0.000819001,0.000819001,0.000819001,1537,1,1537,1537,1537,8,1,8,8,8
49,30,0.00113063,1,0.00113063,0.00113063,0.00113063,1616,1,1616,1616,1616,9,1,9,9,9
49,30,0.000823301,1,0.000823301,0.000823301,0.000823301,1558,1,1558,1558,1558,8,1,8,8,8
49,30,0.000705643,1,0.000705643,0.000705643,0.000705643,1551,1,1551,1551,1551,8,1,8,8,8
49,30,0.0011464,1,0.0011464,0.0011464,0.0011464,1692,1,1692,1692,1692,8,1,8,8,8
49,30,0.00141743,1,0.00141743,0.00141743,0.00141743,1742,1,1742,1742,1742,9,1,9,9,9
49,30,0.000752928,1,0.000752928,0.000752928,0.000752928,1586,1,1586,1586,1586,8,1,8,8,8
49,30,0.000827017,1,0.000827017,0.000827017,0.000827017,1581,1,1581,1581,1581,8,1,8,8,8
49,30,0.000846522,1,0.000846522,0.000846522,0.000846522,1549,1,1549,1549,1549,8,1,8,8,8
49,30,0.000798629,1,0.000798629,0.000798629,0.000798629,1531,1,1531,1531,1531,8,1,8,8,8
49,30,0.00104783,1,0.00104783,0.00104783,0.00104783,1665,1,1665,1665,1665,9,1,9,9,9
49,30,0.000673657,1,0.000673657,0.000673657,0.000673657,1549,1,1549,1549,1549,8,1,8,8,8
49,30,0.000549431,1,0.000549431,0.000549431,0.000549431,1557,1,1557,1557,1557,8,1,8,8,8
49,30,0.001027,1,0.001027,0.001027,0.001027,1646,1,1646,1646,1646,9,1,9,9,9
49,30,0.000720448,1,0.000720448,0.000720448,0.000720448,1575,1,1575,1575,1575,7,1,7,7,7
49,30,0.000564214,1,0.000564214,0.000564214,0.000564214,1469,1,1469,1469,1469,7,1,7,7,7
49,30,0.000698508,1,0.000698508,0.000698508,0.000698508,1537,1,1537,1537,1537,8,1,8,8,8
49,30,0.00112178,1,0.00112178,0.00112178,0.00112178,1665,1,1665,1665,1665,9,1,9,9,9
49,30,0.000881888,1,0.000881888,0.000881888,0.000881888,1586,1,1586,1586,1586,8,1,8,8,8
49,30,0.00079607,1,0.00079607,0.00079607,0.00079607,1607,1,1607,1607,1607,8,1,8,8,8
49,30,0.000656863,1,0.000656863,0.000656863,0.000656863,1565,1,1565,1565,1565,8,1,8,8,8
49,30,0.000548276,1,0.000548276,0.000548276,0.000548276,1456,1,1456,1456,1456,7,1,7,7,7
49,30,0.000731209,1,0.000731209,0.000731209,0.000731209,1548,1,1548,1548,1548,8,1,8,8,8
49,30,0.00073066,1,0.00073066,0.00073066,0.00073066,1566,1,1566,1566,1566,7,1,7,7,7
49,30,0.000965184,1,0.000965184,0.000965184,0.000965184,1732,1,1732,1732,1732,8,1,8,8,8
49,30,0.000749685,1,0.000749685,0.000749685,0.000749685,1557,1,1557,1557,1557,8,1,8,8,8
49,30,0.000670205,1,0.000670205,0.000670205,0.000670205,1579,1,1579,1579,1579,8,1,8,8,8
49,30,0.000864591,1,0.000864591,0.000864591,0.000864591,1581,1,1581,1581,1581,8,1,8,8,8
49,30,0.000717366,1,0.000717366,0.000717366,0.000717366,1570,1,1570,1570,1570,8,1,8,8,8
49,30,0.000653135,1,0.000653135,0.000653135,0.000653135,1485,1,1485,1485,1485,7,1,7,7,7
49,30,0.000872299,1,0.000872299,0.000872299,0.000872299,1515,1,1515,1515,1515,8,1,8,8,8
49,30,0.00119009,1,0.00119009,0.00119009,0.00119009,1715,1,1715,1715,1715,9,1,9,9,9
49,30,0.000725446,1,0.000725446,0.000725446,0.000725446,1608,1,1608,1608,1608,8,1,8,8,8
49,30,0.00077342,1,0.00077342,0.00077342,0.00077342,1581,1,1581,1581,1581,8,1,8,8,8
49,30,0.000764024,1,0.000764024,0.000764024,0.000764024,1572,1,1572,1572,1572,8,1,8,8,8
49,30,0.000615526,1,0.000615526,0.000615526,0.000615526,1483,1,1483,1483,1483,8,1,8,8,8
49,30,0.000765547,1,0.000765547,0.000765547,0.000765547,1558,1,1558,1558,1558,8,1,8,8,8
49,30,0.000975392,1,0.000975392,0.000975392,0.000975392,1613,1,1613,1613,1613,9,1,9,9,9
49,30,0.000983614,1,0.000983614,0.000983614,0.000983614,1601,1,1601,1601,1601,8,1,8,8,8
49,30,0.00072053,1,0.00072053,0.00072053,0.00072053,1556,1,1556,1556,1556,8,1,8,8,8
49,30,0.00075595,1,0.00075595,0.00075595,0.00075595,1531,1,1531,1531,1531,8,1,8,8,8
49,30,0.000594291,1,0.000594291,0.000594291,0.000594291,1455,1,1455,1455,1455,7,1,7,7,7
49,30,0.000667333,1,0.000667333,0.000667333,0.000667333,1449,1,1449,1449,1449,7,1,7,7,7
49,30,0.00102317,1,0.00102317,0.00102317,0.00102317,1686,1,1686,1686,1686,9,1,9,9,9
49,30,0.000956047,1,0.000956047,0.000956047,0.000956047,1599,1,1599,1599,1599,8,1,8,8,8
49,30,0.00053171,1,0.00053171,0.00053171,0.00053171,1463,1,1463,1463,1463,7,1,7,7,7
49,30,0.00118022,1,0.00118022,0.00118022,0.00118022,1598,1,1598,1598,1598,8,1,8,8,8
49,30,0.000702483,1,0.000702483,0.000702483,0.000702483,1563,1,1563,1563,1563,8,1,8,8,8
49,30,0.00127394,1,0.00127394,0.00127394,0.00127394,1760,1,1760,1760,1760,9,1,9,9,9
49,30,0.000973153,1,0.000973153,0.000973153,0.000973153,1657,1,1657,1657,1657,8,1,8,8,8
49,30,0.000714371,1,0.000714371,0.000714371,0.000714371,1566,1,1566,1566,1566,7,1,7,7,7
49,30,0.000730173,1,0.000730173,0.000730173,0.000730173,1573,1,1573,1573,1573,8,1,8,8,8
49,30,0.00135394,1,0.00135394,0.00135394,0.00135394,1782,1,1782,1782,1782,10,1,10,10,10
49,30,0.00108669,1,0.00108669,0.00108669,0.00108669,1636,1,1636,1636,1636,9,1,9,9,9
49,30,0.000642156,1,0.000642156,0.000642156,0.000642156,1483,1,1483,1483,1483,7,1,7,7,7
49,30,0.00124832,1,0.00124832,0.00124832,0.00124832,1693,1,1693,1693,1693,9,1,9,9,9
49,30,0.000781301,1,0.000781301,0.000781301,0.000781301,1502,1,1502,1502,1502,8,1,8,8,8
49,30,0.000713767,1,0.000713767,0.000713767,0.000713767,1563,1,1563,1563,1563,8,1,8,8,8
49,30,0.000877531,1,0.000877531,0.000877531,0.000877531,1543,1,1543,1543,1543,8,1,8,8,8
49,30,0.000755114,1,0.000755114,0.000755114,0.000755114,1576,1,1576,1576,1576,8,1,8,8,8
49,30,0.000508235,1,0.000508235,0.000508235,0.000508235,1475,1,1475,1475,1475,7,1,7,7,7
49,30,0.00112146,1,0.00112146,0.00112146,0.00112146,1612,1,1612,1612,1612,9,1,9,9,9
49,30,0.00105044,1,0.00105044,0.00105044,0.00105044,1768,1,1768,1768,1768,9,1,9,9,9
49,30,0.000699341,1,0.000699341,0.000699341,0.000699341,1578,1,1578,1578,1578,8,1,8,8,8
49,30,0.000630242,1,0.000630242,0.000630242,0.000630242,1493,1,1493,1493,1493,7,1,7,7,7
49,30,0.000855587,1,0.000855587,0.000855587,0.000855587,1605,1,1605,1605,1605,8,1,8,8,8
49,30,0.000763398,1,0.000763398,0.000763398,0.000763398,1541,1,1541,1541,1541,8,1,8,8,8
49,30,0.0011102,1,0.0011102,0.0011102,0.0011102,1656,1,1656,1656,1656,8,1,8,8,8
49,30,0.000778069,1,0.000778069,0.000778069,0.000778069,1574,1,1574,1574,1574,8,1,8,8,8
49,30,0.000748777,1,0.000748777,0.000748777,0.000748777,1572,1,1572,1572,1572,8,1,8,8,8
49,30,0.000748871,1,0.000748871,0.000748871,0.000748871,1528,1,1528,1528,1528,8,1,8,8,8
49,30,0.000787785,1,0.000787785,0.000787785,0.000787785,1590,1,1590,1590,1590,8,1,8,8,8
49,30,0.000706807,1,0.000706807,0.000706807,0.000706807,1550,1,1550,1550,1550,8,1,8,8,8
49,30,0.00138257,1,0.00138257,0.00138257,0.00138257,1713,1,1713,1713,1713,9,1,9,9,9
49,30,0.000868335,1,0.000868335,0.000868335,0.000868335,1624,1,1624,1624,1624,9,1,9,9,9
49,30,0.000618022,1,0.000618022,0.000618022,0.000618022,1472,1,1472,1472,1472,7,1,7,7,7
49,30,0.000515569,1,0.000515569,0.000515569,0.000515569,1530,1,1530,1530,1530,7,1,7,7,7
49,30,0.000637721,1,0.000637721,0.000637721,0.000637721,1553,1,1553,1553,1553,7,1,7,7,7
49,30,0.000827377,1,0.000827377,0.000827377,0.000827377,1664,1,1664,1664,1664,9,1,9,9,9
49,30,0.000681269,1,0.000681269,0.000681269,0.000681269,1494,1,1494,1494,1494,7,1,7,7,7
49,30,0.000778396,1,0.000778396,0.000778396,0.000778396,1575,1,1575,1575,1575,8,1,8,8,8
49,30,0.00087136,1,0.00087136,0.00087136,0.00087136,1560,1,1560,1560,1560,8,1,8,8,8
49,30,0.000547979,1,0.000547979,0.000547979,0.000547979,1480,1,1480,1480,1480,7,1,7,7,7
49,30,0.000754777,1,0.000754777,0.000754777,0.000754777,1542,1,1542,1542,1542,8,1,8,8,8
49,30,0.000809362,1,0.000809362,0.000809362,0.000809362,1580,1,1580,1580,1580,8,1,8,8,8
49,30,0.000893139,1,0.000893139,0.000893139,0.000893139,1619,1,1619,1619,1619,8,1,8,8,8
49,30,0.000712656,1,0.000712656,0.000712656,0.000712656,1548,1,1548,1548,1548,7,1,7,7,7
49,30,0.000700264,1,0.000700264,0.000700264,0.000700264,1551,1,1551,1551,1551,7,1,7,7,7
49,30,0.000821194,1,0.000821194,0.000821194,0.000821194,1579,1,1579,1579,1579,8,1,8,8,8
49,30,0.000641867,1,0.000641867,0.000641867,0.000641867,1593,1,1593,1593,1593,7,1,7,7,7
49,30,0.000905745,1,0.000905745,0.000905745,0.000905745,1573,1,1573,1573,1573,8,1,8,8,8
49,30,0.000682851,1,0.000682851,0.000682851,0.000682851,1491,1,1491,1491,1491,7,1,7,7,7
49,30,0.000926834,1,0.000926834,0.000926834,0.000926834,1706,1,1706,1706,1706,9,1,9,9,9
49,30,0.000746494,1,0.000746494,0.000746494,0.000746494,1544,1,1544,1544,1544,8,1,8,8,8
49,30,0.00108087,1,0.00108087,0.00108087,0.00108087,1650,1,1650,1650,1650,9,1,9,9,9
49,30,0.000715031,1,0.000715031,0.000715031,0.000715031,1554,1,1554,1554,1554,8,1,8,8,8
49,30,0.00131652,1,0.00131652,0.00131652,0.00131652,1723,1,1723,1723,1723,9,1,9,9,9
49,30,0.000612932,1,0.000612932,0.000612932,0.000612932,1464,1,1464,1464,1464,7,1,7,7,7
49,30,0.000978005,1,0.000978005,0.000978005,0.000978005,1656,1,1656,1656,1656,8,1,8,8,8
49,30,0.000635498,1,0.000635498,0.000635498,0.000635498,1528,1,1528,1528,1528,8,1,8,8,8
49,30,0.000690099,1,0.000690099,0.000690099,0.000690099,1532,1,1532,1532,1532,7,1,7,7,7
49,30,0.00090673,1,0.00090673,0.00090673,0.00090673,1703,1,1703,1703,1703,8,1,8,8,8
49,30,0.000904841,1,0.000904841,0.000904841,0.000904841,1571,1,1571,1571,1571,8,1,8,8,8
49,30,0.000612299,1,0.000612299,0.000612299,0.000612299,1526,1,1526,1526,1526,7,1,7,7,7
49,30,0.000806291,1,0.000806291,0.000806291,0.000806291,1519,1,1519,1519,1519,8,1,8,8,8
49,30,0.00106309,1,0.00106309,0.00106309,0.00106309,1659,1,1659,1659,1659,9,1,9,9,9
49,30,0.000902512,1,0.000902512,0.000902512,0.000902512,1611,1,1611,1611,1611,8,1,8,8,8
49,30,0.000791198,1,0.000791198,0.000791198,0.000791198,1544,1,1544,1544,1544,8,1,8,8,8
49,30,0.00085744,1,0.00085744,0.00085744,0.00085744,1655,1,1655,1655,1655,9,1,9,9,9
49,30,0.00114208,1,0.00114208,0.00114208,0.00114208,1672,1,1672,1672,1672,9,1,9,9,9
49,30,0.00129795,1,0.00129795,0.00129795,0.00129795,1730,1,1730,1730,1730,9,1,9,9,9
49,30,0.000593954,1,0.000593954,0.000593954,0.000593954,1475,1,1475,1475,1475,7,1,7,7,7
49,30,0.000909362,1,0.000909362,0.000909362,0.000909362,1690,1,1690,1690,1690,7,1,7,7,7
49,30,0.000913544,1,0.000913544,0.000913544,0.000913544,1582,1,1582,1582,1582,8,1,8,8,8
49,30,0.00111186,1,0.00111186,0.00111186,0.00111186,1646,1,1646,1646,1646,8,1,8,8,8
49,30,0.000918775,1,0.000918775,0.000918775,0.000918775,1608,1,1608,1608,1608,8,1,8,8,8
49,30,0.000679593,1,0.000679593,0.000679593,0.000679593,1536,1,1536,1536,1536,8,1,8,8,8
49,30,0.000930797,1,0.000930797,0.000930797,0.000930797,1651,1,1651,1651,1651,8,1,8,8,8
49,30,0.000544053,1,0.000544053,0.000544053,0.000544053,1474,1,1474,1474,1474,7,1,7,7,7
49,30,0.000471076,1,0.000471076,0.000471076,0.000471076,1487,1,1487,1487,1487,7,1,7,7,7
49,30,0.000706571,1,0.000706571,0.000706571,0.000706571,1489,1,1489,1489,1489,7,1,7,7,7
49,30,0.00101908,1,0.00101908,0.00101908,0.00101908,1591,1,1591,1591,1591,8,1,8,8,8
49,30,0.000813067,1,0.000813067,0.000813067,0.000813067,1604,1,1604,1604,1604,7,1,7,7,7
49,30,0.000709196,1,0.000709196,0.000709196,0.000709196,1552,1,1552,1552,1552,8,1,8,8,8
49,30,0.000736662,1,0.000736662,0.000736662,0.000736662,1570,1,1570,1570,1570,7,1,7,7,7
49,30,0.000666817,1,0.000666817,0.000666817,0.000666817,1534,1,1534,1534,1534,8,1,8,8,8
49,30,0.000741195,1,0.000741195,0.000741195,0.000741195,1540,1,1540,1540,1540,8,1,8,8,8
49,30,0.000672412,1,0.000672412,0.000672412,0.000672412,1558,1,1558,1558,1558,8,1,8,8,8
49,30,0.000840617,1,0.000840617,0.000840617,0.000840617,1624,1,1624,1624,1624,8,1,8,8,8
49,30,0.000960698,1,0.000960698,0.000960698,0.000960698,1596,1,1596,1596,1596,9,1,9,9,9
49,30,0.000738656,1,0.000738656,0.000738656,0.000738656,1554,1,1554,1554,1554,8,1,8,8,8
49,30,0.000831976,1,0.000831976,0.000831976,0.000831976,1553,1,1553,1553,1553,8,1,8,8,8
49,30,0.0011086,1,0.0011086,0.0011086,0.0011086,1665,1,1665,1665,1665,9,1,9,9,9
49,30,0.000496122,1,0.000496122,0.000496122,0.000496122,1426,1,1426,1426,1426,7,1,7,7,7
49,30,0.000632226,1,0.000632226,0.000632226,0.000632226,1524,1,1524,1524,1524,8,1,8,8,8
49,30,0.000879111,1,0.000879111,0.000879111,0.000879111,1686,1,1686,1686,1686,8,1,8,8,8
49,30,0.000695067,1,0.000695067,0.000695067,0.000695067,1589,1,1589,1589,1589,8,1,8,8,8
49,30,0.000721633,1,0.000721633,0.000721633,0.000721633,1555,1,1555,1555,1555,8,1,8,8,8
49,30,0.000735613,1,0.000735613,0.000735613,0.000735613,1601,1,1601,1601,1601,8,1,8,8,8
49,30,0.00112304,1,0.00112304,0.00112304,0.00112304,1695,1,1695,1695,1695,9,1,9,9,9
49,30,0.000856043,1,0.000856043,0.000856043,0.000856043,1533,1,1533,1533,1533,8,1,8,8,8
49,30,0.000909086,1,0.000909086,0.000909086,0.000909086,1706,1,1706,1706,1706,8,1,8,8,8
49,30,0.00049395,1,0.00049395,0.00049395,0.00049395,1488,1,1488,1488,1488,7,1,7,7,7
49,30,0.000836325,1,0.000836325,0.000836325,0.000836325,1576,1,1576,1576,1576,8,1,8,8,8
49,30,0.0006026,1,0.0006026,0.0006026,0.0006026,1581,1,1581,1581,1581,8,1,8,8,8
49,30,0.000788581,1,0.000788581,0.000788581,0.000788581,1569,1,1569,1569,1569,8,1,8,8,8
49,30,0.000584653,1,0.000584653,0.000584653,0.000584653,1501,1,1501,1501,1501,8,1,8,8,8
49,30,0.00105004,1,0.00105004,0.00105004,0.00105004,1688,1,1688,1688,1688,8,1,8,8,8
49,30,0.00094629,1,0.00094629,0.00094629,0.00094629,1672,1,1672,1672,1672,7,1,7,7,7
49,30,0.000896693,1,0.000896693,0.000896693,0.000896693,1585,1,1585,1585,1585,8,1,8,8,8
49,30,0.000693159,1,0.000693159,0.000693159,0.000693159,1541,1,1541,1541,1541,8,1,8,8,8
49,30,0.000687893,1,0.000687893,0.000687893,0.000687893,1597,1,1597,1597,1597,8,1,8,8,8
49,30,0.000788897,1,0.000788897,0.000788897,0.000788897,1545,1,1545,1545,1545,8,1,8,8,8
49,30,0.000708226,1,0.000708226,0.000708226,0.000708226,1485,1,1485,1485,1485,7,1,7,7,7
49,30,0.000607264,1,0.000607264,0.000607264,0.000607264,1534,1,1534,1534,1534,7,1,7,7,7
49,30,0.00109316,1,0.00109316,0.00109316,0.00109316,1660,1,1660,1660,1660,9,1,9,9,9
49,30,0.000684355,1,0.000684355,0.000684355,0.000684355,1529,1,1529,1529,1529,8,1,8,8,8
49,30,0.00089995,1,0.00089995,0.00089995,0.00089995,1575,1,1575,1575,1575,9,1,9,9,9
49,30,0.000860207,1,0.000860207,0.000860207,0.000860207,1584,1,1584,1584,1584,8,1,8,8,8
49,30,0.000910977,1,0.000910977,0.000910977,0.000910977,1636,1,1636,1636,1636,9,1,9,9,9
49,30,0.000767497,1,0.000767497,0.000767497,0.000767497,1537,1,1537,1537,1537,8,1,8,8,8
49,30,0.00106671,1,0.00106671,0.00106671,0.00106671,1662,1,1662,1662,1662,9,1,9,9,9
49,30,0.000895678,1,0.000895678,0.000895678,0.000895678,1606,1,1606,1606,1606,9,1,9,9,9
49,30,0.000795895,1,0.000795895,0.000795895,0.000795895,1531,1,1531,1531,1531,8,1,8,8,8
49,30,0.000771811,1,0.000771811,0.000771811,0.000771811,1595,1,1595,1595,1595,8,1,8,8,8
49,30,0.000441116,1,0.000441116,0.000441116,0.000441116,1451,1,1451,1451,1451,7,1,7,7,7
49,30,0.000626888,1,0.000626888,0.000626888,0.000626888,1549,1,1549,1549,1549,8,1,8,8,8
49,30,0.000651111,1,0.000651111,0.000651111,0.000651111,1555,1,1555,1555,1555,8,1,8,8,8
49,30,0.00085597,1,0.00085597,0.00085597,0.00085597,1554,1,1554,1554,1554,8,1,8,8,8
49,30,0.000790359,1,0.000790359,0.000790359,0.000790359,1569,1,1569,1569,1569,8,1,8,8,8
49,30,0.000726691,1,0.000726691,0.000726691,0.000726691,1552,1,1552,1552,1552,8,1,8,8,8
49,30,0.000666105,1,0.000666105,0.000666105,0.000666105,1570,1,1570,1570,1570,8,1,8,8,8
49,30,0.00105923,1,0.00105923,0.00105923,0.00105923,1683,1,1683,1683,1683,8,1,8,8,8
49,30,0.000742305,1,0.000742305,0.000742305,0.000742305,1535,1,1535,1535,1535,8,1,8,8,8
49,30,0.000908571,1,0.000908571,0.000908571,0.000908571,1674,1,1674,1674,1674,8,1,8,8,8
49,30,0.00102154,1,0.00102154,0.00102154,0.00102154,1603,1,1603,1603,1603,8,1,8,8,8
49,30,0.00148727,1,0.00148727,0.00148727,0.00148727,1722,1,1722,1722,1722,9,1,9,9,9
49,30,0.000615494,1,0.000615494,0.000615494,0.000615494,1563,1,1563,1563,1563,8,1,8,8,8
49,30,0.000881202,1,0.000881202,0.000881202,0.000881202,1571,1,1571,1571,1571,8,1,8,8,8
49,30,0.000957675,1,0.000957675,0.000957675,0.000957675,1649,1,1649,1649,1649,8,1,8,8,8
49,30,0.000961485,1,0.000961485,0.000961485,0.000961485,1634,1,1634,1634,1634,8,1,8,8,8
49,30,0.000720033,1,0.000720033,0.000720033,0.000720033,1527,1,1527,1527,1527,8,1,8,8,8
49,30,0.000701054,1,0.000701054,0.000701054,0.000701054,1557,1,1557,1557,1557,8,1,8,8,8
49,30,0.00101347,1,0.00101347,0.00101347,0.00101347,1569,1,1569,1569,1569,8,1,8,8,8
49,30,0.000645289,1,0.000645289,0.000645289,0.000645289,1499,1,1499,1499,1499,8,1,8,8,8
49,30,0.000687626,1,0.000687626,0.000687626,0.000687626,1500,1,1500,1500,1500,8,1,8,8,8
49,30,0.00061442,1,0.00061442,0.00061442,0.00061442,1477,1,1477,1477,1477,7,1,7,7,7
49,30,0.000679046,1,0.000679046,0.000679046,0.000679046,1573,1,1573,1573,1573,8,1,8,8,8
49,30,0.000970399,1,0.000970399,0.000970399,0.000970399,1586,1,1586,1586,1586,8,1,8,8,8
49,30,0.00061998,1,0.00061998,0.00061998,0.00061998,1545,1,1545,1545,1545,8,1,8,8,8
49,30,0.000623798,1,0.000623798,0.000623798,0.000623798,1495,1,1495,1495,1495,7,1,7,7,7
49,30,0.000878715,1,0.000878715,0.000878715,0.000878715,1690,1,1690,1690,1690,8,1,8,8,8
49,30,0.000617696,1,0.000617696,0.000617696,0.000617696,1543,1,1543,1543,1543,8,1,8,8,8
49,30,0.00105372,1,0.00105372,0.00105372,0.00105372,1659,1,1659,1659,1659,9,1,9,9,9
49,30,0.00077596,1,0.00077596,0.00077596,0.00077596,1593,1,1593,1593,1593,8,1,8,8,8
49,30,0.000779217,1,0.000779217,0.000779217,0.000779217,1587,1,1587,1587,1587,8,1,8,8,8
49,30,0.00105715,1,0.00105715,0.00105715,0.00105715,1673,1,1673,1673,1673,8,1,8,8,8
49,30,0.00124503,1,0.00124503,0.00124503,0.00124503,1646,1,1646,1646,1646,8,1,8,8,8
49,30,0.000783735,1,0.000783735,0.000783735,0.000783735,1549,1,1549,1549,1549,8,1,8,8,8
49,30,0.000972765,1,0.000972765,0.000972765,0.000972765,1645,1,1645,1645,1645,9,1,9,9,9
49,30,0.00104265,1,0.00104265,0.00104265,0.00104265,1674,1,1674,1674,1674,9,1,9,9,9
49,30,0.000808369,1,0.000808369,0.000808369,0.000808369,1559,1,1559,1559,1559,8,1,8,8,8
49,30,0.000663314,1,0.000663314,0.000663314,0.000663314,1502,1,1502,1502,1502,8,1,8,8,8
49,30,0.000876234,1,0.000876234,0.000876234,0.000876234,1616,1,1616,1616,1616,8,1,8,8,8
49,30,0.000729044,1,0.000729044,0.000729044,0.000729044,1582,1,1582,1582,1582,8,1,8,8,8
49,30,0.00051825,1,0.00051825,0.00051825,0.00051825,1506,1,1506,1506,1506,7,1,7,7,7
49,30,0.000730406,1,0.000730406,0.000730406,0.000730406,1550,1,1550,1550,1550,8,1,8,8,8
49,30,0.000798709,1,0.000798709,0.000798709,0.000798709,1550,1,1550,1550,1550,8,1,8,8,8
49,30,0.00128754,1,0.00128754,0.00128754,0.00128754,1695,1,1695,1695,1695,9,1,9,9,9
49,30,0.000807603,1,0.000807603,0.000807603,0.000807603,1564,1,1564,1564,1564,8,1,8,8,8
49,30,0.000907168,1,0.000907168,0.000907168,0.000907168,1629,1,1629,1629,1629,8,1,8,8,8
49,30,0.00109647,1,0.00109647,0.00109647,0.00109647,1725,1,1725,1725,1725,8,1,8,8,8
49,30,0.000963182,1,0.000963182,0.000963182,0.000963182,1561,1,1561,1561,1561,8,1,8,8,8
49,30,0.00104819,1,0.00104819,0.00104819,0.00104819,1603,1,1603,1603,1603,8,1,8,8,8
49,30,0.000512745,1,0.000512745,0.000512745,0.000512745,1468,1,1468,1468,1468,7,1,7,7,7
49,30,0.000760439,1,0.000760439,0.000760439,0.000760439,1612,1,1612,1612,1612,8,1,8,8,8
49,30,0.00126148,1,0.00126148,0.00126148,0.00126148,1802,1,1802,1802,1802,9,1,9,9,9
49,30,0.0011115,1,0.0011115,0.0011115,0.0011115,1760,1,1760,1760,1760,9,1,9,9,9
49,30,0.00106748,1,0.00106748,0.00106748,0.00106748,1626,1,1626,1626,1626,8,1,8,8,8
49,30,0.000737128,1,0.000737128,0.000737128,0.000737128,1563,1,1563,1563,1563,8,1,8,8,8
49,30,0.000766047,1,0.000766047,0.000766047,0.000766047,1516,1,1516,1516,1516,8,1,8,8,8
49,30,0.000640545,1,0.000640545,0.000640545,0.000640545,1547,1,1547,1547,1547,8,1,8,8,8
49,30,0.00101321,1,0.00101321,0.00101321,0.00101321,1642,1,1642,1642,1642,9,1,9,9,9
49,30,0.00104675,1,0.00104675,0.00104675,0.00104675,1624,1,1624,1624,1624,9,1,9,9,9
49,30,0.000609169,1,0.000609169,0.000609169,0.000609169,1553,1,1553,1553,1553,8,1,8,8,8
49,30,0.000755861,1,0.000755861,0.000755861,0.000755861,1537,1,1537,1537,1537,8,1,8,8,8
49,30,0.000727906,1,0.000727906,0.000727906,0.000727906,1569,1,1569,1569,1569,8,1,8,8,8
49,30,0.000779768,1,0.000779768,0.000779768,0.000779768,1551,1,1551,1551,1551,8,1,8,8,8
49,30,0.00103168,1,0.00103168,0.00103168,0.00103168,1583,1,1583,1583,1583,8,1,8,8,8
49,30,0.000522733,1,0.000522733,0.000522733,0.000522733,1511,1,1511,1511,1511,7,1,7,7,7
49,30,0.000723914,1,0.000723914,0.000723914,0.000723914,1547,1,1547,1547,1547,8,1,8,8,8
49,30,0.000718472,1,0.000718472,0.000718472,0.000718472,1581,1,1581,1581,1581,8,1,8,8,8
49,30,0.000690114,1,0.000690114,0.000690114,0.000690114,1552,1,1552,1552,1552,8,1,8,8,8
49,30,0.000614654,1,0.000614654,0.000614654,0.000614654,1543,1,1543,1543,1543,7,1,7,7,7
49,30,0.000885079,1,0.000885079,0.000885079,0.000885079,1626,1,1626,1626,1626,7,1,7,7,7
49,30,0.000693829,1,0.000693829,0.000693829,0.000693829,1532,1,1532,1532,1532,8,1,8,8,8
49,30,0.000744918,1,0.000744918,0.000744918,0.000744918,1553,1,1553,1553,1553,8,1,8,8,8
49,30,0.00104696,1,0.00104696,0.00104696,0.00104696,1677,1,1677,1677,1677,9,1,9,9,9
49,30,0.00118063,1,0.00118063,0.00118063,0.00118063,1629,1,1629,1629,1629,9,1,9,9,9
49,30,0.000838124,1,0.000838124,0.000838124,0.000838124,1562,1,1562,1562,1562,8,1,8,8,8
49,30,0.00113302,1,0.00113302,0.00113302,0.00113302,1715,1,1715,1715,1715,9,1,9,9,9
49,30,0.000921969,1,0.000921969,0.000921969,0.000921969,1590,1,1590,1590,1590,8,1,8,8,8
49,30,0.000906313,1,0.000906313,0.000906313,0.000906313,1581,1,1581,1581,1581,8,1,8,8,8
49,30,0.000741223,1,0.000741223,0.000741223,0.000741223,1542,1,1542,1542,1542,8,1,8,8,8
49,30,0.000619556,1,0.000619556,0.000619556,0.000619556,1570,1,1570,1570,1570,7,1,7,7,7
49,30,0.000591976,1,0.000591976,0.000591976,0.000591976,1521,1,1521,1521,1521,8,1,8,8,8
49,30,0.0012856,1,0.0012856,0.0012856,0.0012856,1655,1,1655,1655,1655,9,1,9,9,9
49,30,0.000824764,1,0.000824764,0.000824764,0.000824764,1519,1,1519,1519,1519,8,1,8,8,8
49,30,0.000935444,1,0.000935444,0.000935444,0.000935444,1667,1,1667,1667,1667,8,1,8,8,8
49,30,0.000667283,1,0.000667283,0.000667283,0.000667283,1486,1,1486,1486,1486,7,1,7,7,7
49,30,0.000785255,1,0.000785255,0.000785255,0.000785255,1503,1,1503,1503,1503,8,1,8,8,8
49,30,0.000664556,1,0.000664556,0.000664556,0.000664556,1566,1,1566,1566,1566,8,1,8,8,8
49,30,0.000689336,1,0.000689336,0.000689336,0.000689336,1510,1,1510,1510,1510,7,1,7,7,7
49,30,0.00072064,1,0.00072064,0.00072064,0.00072064,1521,1,1521,1521,1521,8,1,8,8,8
49,30,0.000964224,1,0.000964224,0.000964224,0.000964224,1600,1,1600,1600,1600,9,1,9,9,9
49,30,0.000989583,1,0.000989583,0.000989583,0.000989583,1584,1,1584,1584,1584,8,1,8,8,8
49,30,0.0009046,1,0.0009046,0.0009046,0.0009046,1677,1,1677,1677,1677,8,1,8,8,8
49,30,0.000795309,1,0.000795309,0.000795309,0.000795309,1580,1,1580,1580,1580,8,1,8,8,8
49,30,0.000942527,1,0.000942527,0.000942527,0.000942527,1663,1,1663,1663,1663,8,1,8,8,8
49,30,0.000732558,1,0.000732558,0.000732558,0.000732558,1542,1,1542,1542,1542,8,1,8,8,8
49,30,0.000739178,1,0.000739178,0.000739178,0.000739178,1561,1,1561,1561,1561,8,1,8,8,8
49,30,0.00100768,1,0.00100768,0.00100768,0.00100768,1583,1,1583,1583,1583,8,1,8,8,8
49,30,0.0012011,1,0.0012011,0.0012011,0.0012011,1624,1,1624,1624,1624,9,1,9,9,9
49,30,0.000791532,1,0.000791532,0.000791532,0.000791532,1554,1,1554,1554,1554,8,1,8,8,8
49,30,0.000858017,1,0.000858017,0.000858017,0.000858017,1534,1,1534,1534,1534,8,1,8,8,8
49,30,0.000674858,1,0.000674858,0.000674858,0.000674858,1502,1,1502,1502,1502,8,1,8,8,8
49,30,0.000683646,1,0.000683646,0.000683646,0.000683646,1518,1,1518,1518,1518,8,1,8,8,8
49,30,0.00082729,1,0.00082729,0.00082729,0.00082729,1633,1,1633,1633,1633,8,1,8,8,8
49,30,0.00102725,1,0.00102725,0.00102725,0.00102725,1640,1,1640,1640,1640,9,1,9,9,9
49,30,0.000851001,1,0.000851001,0.000851001,0.000851001,1665,1,1665,1665,1665,8,1,8,8,8
49,30,0.000606504,1,0.000606504,0.000606504,0.000606504,1542,1,1542,1542,1542,8,1,8,8,8
49,30,0.000558475,1,0.000558475,0.000558475,0.000558475,1498,1,1498,1498,1498,8,1,8,8,8
49,30,0.000748933,1,0.000748933,0.000748933,0.000748933,1578,1,1578,1578,1578,8,1,8,8,8
49,30,0.000716385,1,0.000716385,0.000716385,0.000716385,1537,1,1537,1537,1537,7,1,7,7,7
49,30,0.000990009,1,0.000990009,0.000990009,0.000990009,1640,1,1640,1640,1640,8,1,8,8,8
49,30,0.00100426,1,0.00100426,0.00100426,0.00100426,1647,1,1647,1647,1647,8,1,8,8,8
49,30,0.00114523,1,0.00114523,0.00114523,0.00114523,1682,1,1682,1682,1682,9,1,9,9,9
49,30,0.0011963,1,0.0011963,0.0011963,0.0011963,1658,1,1658,1658,1658,9,1,9,9,9
49,30,0.000878823,1,0.000878823,0.000878823,0.000878823,1607,1,1607,1607,1607,8,1,8,8,8
49,30,0.000645263,1,0.000645263,0.000645263,0.000645263,1542,1,1542,1542,1542,8,1,8,8,8
49,30,0.00092909,1,0.00092909,0.00092909,0.00092909,1661,1,1661,1661,1661,8,1,8,8,8
49,30,0.000861919,1,0.000861919,0.000861919,0.000861919,1662,1,1662,1662,1662,8,1,8,8,8
49,30,0.000678179,1,0.000678179,0.000678179,0.000678179,1519,1,1519,1519,1519,8,1,8,8,8
49,30,0.000890036,1,0.000890036,0.000890036,0.000890036,1545,1,1545,1545,1545,8,1,8,8,8
49,30,0.000833613,1,0.000833613,0.000833613,0.000833613,1683,1,1683,1683,1683,8,1,8,8,8
49,30,0.000650475,1,0.000650475,0.000650475,0.000650475,1566,1,1566,1566,1566,8,1,8,8,8
49,30,0.000994862,1,0.000994862,0.000994862,0.000994862,1615,1,1615,1615,1615,8,1,8,8,8
49,30,0.000395858,1,0.000395858,0.000395858,0.000395858,1495,1,1495,1495,1495,7,1,7,7,7
49,30,0.00122637,1,0.00122637,0.00122637,0.00122637,1686,1,1686,1686,1686,9,1,9,9,9
49,30,0.000804478,1,0.000804478,0.000804478,0.000804478,1545,1,1545,1545,1545,8,1,8,8,8
49,30,0.000618236,1,0.000618236,0.000618236,0.000618236,1571,1,1571,1571,1571,7,1,7,7,7
49,30,0.000901269,1,0.000901269,0.000901269,0.000901269,1537,1,1537,1537,1537,8,1,8,8,8
49,30,0.00077667,1,0.00077667,0.00077667,0.00077667,1555,1,1555,1555,1555,8,1,8,8,8
49,30,0.000689355,1,0.000689355,0.000689355,0.000689355,1520,1,1520,1520,1520,8,1,8,8,8
49,30,0.000774522,1,0.000774522,0.000774522,0.000774522,1585,1,1585,1585,1585,8,1,8,8,8
49,30,0.000739022,1,0.000739022,0.000739022,0.000739022,1567,1,1567,1567,1567,8,1,8,8,8
49,30,0.000712476,1,0.000712476,0.000712476,0.000712476,1596,1,1596,1596,1596,8,1,8,8,8
49,30,0.000749487,1,0.000749487,0.000749487,0.000749487,1572,1,1572,1572,1572,8,1,8,8,8
49,30,0.000770788,1,0.000770788,0.000770788,0.000770788,1536,1,1536,1536,1536,8,1,8,8,8
49,30,0.00115308,1,0.00115308,0.00115308,0.00115308,1627,1,1627,1627,1627,9,1,9,9,9
49,30,0.000831939,1,0.000831939,0.000831939,0.000831939,1574,1,1574,1574,1574,8,1,8,8,8
49,30,0.000659463,1,0.000659463,0.000659463,0.000659463,1475,1,1475,1475,1475,7,1,7,7,7
49,30,0.00107545,1,0.00107545,0.00107545,0.00107545,1711,1,1711,1711,1711,9,1,9,9,9
49,30,0.000632821,1,0.000632821,0.000632821,0.000632821,1477,1,1477,1477,1477,8,1,8,8,8
49,30,0.000763833,1,0.000763833,0.000763833,0.000763833,1579,1,1579,1579,1579,8,1,8,8,8
49,30,0.000720579,1,0.000720579,0.000720579,0.000720579,1563,1,1563,1563,1563,8,1,8,8,8
49,30,0.000989547,1,0.000989547,0.000989547,0.000989547,1701,1,1701,1701,1701,9,1,9,9,9
49,30,0.000739607,1,0.000739607,0.000739607,0.000739607,1559,1,1559,1559,1559,8,1,8,8,8
49,30,0.00109125,1,0.00109125,0.00109125,0.00109125,1650,1,1650,1650,1650,9,1,9,9,9
49,30,0.000654582,1,0.000654582,0.000654582,0.000654582,1560,1,1560,1560,1560,8,1,8,8,8
49,30,0.0011459,1,0.0011459,0.0011459,0.0011459,1624,1,1624,1624,1624,8,1,8,8,8
49,30,0.00110552,1,0.00110552,0.00110552,0.00110552,1701,1,1701,1701,1701,9,1,9,9,9
49,30,0.000897162,1,0.000897162,0.000897162,0.000897162,1674,1,1674,1674,1674,8,1,8,8,8
49,30,0.00134595,1,0.00134595,0.00134595,0.00134595,1660,1,1660,1660,1660,9,1,9,9,9
49,30,0.000652171,1,0.000652171,0.000652171,0.000652171,1553,1,1553,1553,1553,8,1,8,8,8
49,30,0.00084701,1,0.00084701,0.00084701,0.00084701,1578,1,1578,1578,1578,8,1,8,8,8
49,30,0.000803372,1,0.000803372,0.000803372,0.000803372,1560,1,1560,1560,1560,7,1,7,7,7
49,30,0.000750903,1,0.000750903,0.000750903,0.000750903,1571,1,1571,1571,1571,8,1,8,8,8
49,30,0.000819166,1,0.000819166,0.000819166,0.000819166,1663,1,1663,1663,1663,9,1,9,9,9
49,30,0.000793761,1,0.000793761,0.000793761,0.000793761,1576,1,1576,1576,1576,8,1,8,8,8
49,30,0.00110854,1,0.00110854,0.00110854,0.00110854,1715,1,1715,1715,1715,8,1,8,8,8
49,30,0.000681639,1,0.000681639,0.000681639,0.000681639,1541,1,1541,1541,1541,8,1,8,8,8
49,30,0.000768781,1,0.000768781,0.000768781,0.000768781,1567,1,1567,1567,1567,8,1,8,8,8
49,30,0.000693458,1,0.000693458,0.000693458,0.000693458,1522,1,1522,1522,1522,8,1,8,8,8
49,30,0.000419578,1,0.000419578,0.000419578,0.000419578,1451,1,1451,1451,1451,7,1,7,7,7
49,30,0.000753266,1,0.000753266,0.000753266,0.000753266,1596,1,1596,1596,1596,8,1,8,8,8
49,30,0.000568377,1,0.000568377,0.000568377,0.000568377,1493,1,1493,1493,1493,7,1,7,7,7
49,30,0.00117964,1,0.00117964,0.00117964,0.00117964,1660,1,1660,1660,1660,8,1,8,8,8
49,30,0.000505324,1,0.000505324,0.000505324,0.000505324,1444,1,1444,1444,1444,7,1,7,7,7
49,30,0.00104163,1,0.00104163,0.00104163,0.00104163,1647,1,1647,1647,1647,9,1,9,9,9
49,30,0.000764683,1,0.000764683,0.000764683,0.000764683,1597,1,1597,1597,1597,8,1,8,8,8
49,30,0.000659387,1,0.000659387,0.000659387,0.000659387,1478,1,1478,1478,1478,7,1,7,7,7
49,30,0.000984292,1,0.000984292,0.000984292,0.000984292,1648,1,1648,1648,1648,8,1,8,8,8
49,30,0.000613022,1,0.000613022,0.000613022,0.000613022,1502,1,1502,1502,1502,7,1,7,7,7
49,30,0.00085187,1,0.00085187,0.00085187,0.00085187,1585,1,1585,1585,1585,8,1,8,8,8
49,30,0.000595154,1,0.000595154,0.000595154,0.000595154,1475,1,1475,1475,1475,7,1,7,7,7
49,30,0.00095158,1,0.00095158,0.00095158,0.00095158,1603,1,1603,1603,1603,8,1,8,8,8
49,30,0.000813809,1,0.000813809,0.000813809,0.000813809,1525,1,1525,1525,1525,8,1,8,8,8
49,30,0.000661923,1,0.000661923,0.000661923,0.000661923,1550,1,1550,1550,1550,8,1,8,8,8
49,30,0.000716109,1,0.000716109,0.000716109,0.000716109,1542,1,1542,1542,1542,8,1,8,8,8
49,30,0.000939494,1,0.000939494,0.000939494,0.000939494,1572,1,1572,1572,1572,8,1,8,8,8
49,30,0.000837071,1,0.000837071,0.000837071,0.000837071,1579,1,1579,1579,1579,8,1,8,8,8
49,30,0.000475721,1,0.000475721,0.000475721,0.000475721,1426,1,1426,1426,1426,7,1,7,7,7
49,30,0.000896826,1,0.000896826,0.000896826,0.000896826,1562,1,1562,1562,1562,8,1,8,8,8
49,30,0.000748306,1,0.000748306,0.000748306,0.000748306,1643,1,1643,1643,1643,8,1,8,8,8
49,30,0.0004167,1,0.0004167,0.0004167,0.0004167,1472,1,1472,1472,1472,7,1,7,7,7
49,30,0.00052906,1,0.00052906,0.00052906,0.00052906,1513,1,1513,1513,1513,8,1,8,8,8
49,30,0.000889886,1,0.000889886,0.000889886,0.000889886,1628,1,1628,1628,1628,9,1,9,9,9
49,30,0.000632643,1,0.000632643,0.000632643,0.000632643,1475,1,1475,1475,1475,7,1,7,7,7
49,30,0.000649189,1,0.000649189,0.000649189,0.000649189,1580,1,1580,1580,1580,7,1,7,7,7
49,30,0.000886493,1,0.000886493,0.000886493,0.000886493,1626,1,1626,1626,1626,8,1,8,8,8
49,30,0.000927948,1,0.000927948,0.000927948,0.000927948,1679,1,1679,1679,1679,8,1,8,8,8
49,30,0.000530932,1,0.000530932,0.000530932,0.000530932,1532,1,1532,1532,1532,7,1,7,7,7
49,30,0.0011849,1,0.0011849,0.0011849,0.0011849,1730,1,1730,1730,1730,9,1,9,9,9
49,30,0.00053721,1,0.00053721,0.00053721,0.00053721,1455,1,1455,1455,1455,7,1,7,7,7
49,30,0.00116084,1,0.00116084,0.00116084,0.00116084,1788,1,1788,1788,1788,9,1,9,9,9
49,30,0.000650737,1,0.000650737,0.000650737,0.000650737,1558,1,1558,1558,1558,8,1,8,8,8
49,30,0.000741688,1,0.000741688,0.000741688,0.000741688,1542,1,1542,1542,1542,8,1,8,8,8
49,30,0.000780459,1,0.000780459,0.000780459,0.000780459,1578,1,1578,1578,1578,8,1,8,8,8
49,30,0.000561543,1,0.000561543,0.000561543,0.000561543,1455,1,1455,1455,1455,7,1,7,7,7
49,30,0.000718613,1,0.000718613,0.000718613,0.000718613,1635,1,1635,1635,1635,8,1,8,8,8
49,30,0.0010474,1,0.0010474,0.0010474,0.0010474,1639,1,1639,1639,1639,9,1,9,9,9
49,30,0.00059948,1,0.00059948,0.00059948,0.00059948,1592,1,1592,1592,1592,8,1,8,8,8
49,30,0.00110034,1,0.00110034,0.00110034,0.00110034,1631,1,1631,1631,1631,9,1,9,9,9
49,30,0.000941258,1,0.000941258,0.000941258,0.000941258,1602,1,1602,1602,1602,8,1,8,8,8
49,30,0.000859254,1,0.000859254,0.000859254,0.000859254,1549,1,1549,1549,1549,8,1,8,8,8
49,30,0.000872355,1,0.000872355,0.000872355,0.000872355,1576,1,1576,1576,1576,8,1,8,8,8
49,30,0.000844154,1,0.000844154,0.000844154,0.000844154,1545,1,1545,1545,1545,8,1,8,8,8
49,30,0.000870826,1,0.000870826,0.000870826,0.000870826,1596,1,1596,1596,1596,8,1,8,8,8
49,30,0.000650286,1,0.000650286,0.000650286,0.000650286,1548,1,1548,1548,1548,7,1,7,7,7
49,30,0.000683783,1,0.000683783,0.000683783,0.000683783,1489,1,1489,1489,1489,8,1,8,8,8
49,30,0.000566716,1,0.000566716,0.000566716,0.000566716,1449,1,1449,1449,1449,7,1,7,7,7
49,30,0.00115265,1,0.00115265,0.00115265,0.00115265,1661,1,1661,1661,1661,9,1,9,9,9
49,30,0.000698462,1,0.000698462,0.000698462,0.000698462,1523,1,1523,1523,1523,8,1,8,8,8
49,30,0.00064621,1,0.00064621,0.00064621,0.00064621,1552,1,1552,1552,1552,8,1,8,8,8
49,30,0.00123499,1,0.00123499,0.00123499,0.00123499,1696,1,1696,1696,1696,9,1,9,9,9
49,30,0.000980475,1,0.000980475,0.000980475,0.000980475,1641,1,1641,1641,1641,8,1,8,8,8
49,30,0.000880923,1,0.000880923,0.000880923,0.000880923,1691,1,1691,1691,1691,9,1,9,9,9
49,30,0.000622199,1,0.000622199,0.000622199,0.000622199,1520,1,1520,1520,1520,7,1,7,7,7
49,30,0.000863557,1,0.000863557,0.000863557,0.000863557,1653,1,1653,1653,1653,8,1,8,8,8
49,30,0.000738116,1,0.000738116,0.000738116,0.000738116,1585,1,1585,1585,1585,8,1,8,8,8
49,30,0.000531057,1,0.000531057,0.000531057,0.000531057,1454,1,1454,1454,1454,7,1,7,7,7
49,30,0.000885778,1,0.000885778,0.000885778,0.000885778,1519,1,1519,1519,1519,8,1,8,8,8
49,30,0.000666838,1,0.000666838,0.000666838,0.000666838,1590,1,1590,1590,1590,8,1,8,8,8
49,30,0.000771044,1,0.000771044,0.000771044,0.000771044,1619,1,1619,1619,1619,8,1,8,8,8
49,30,0.000859001,1,0.000859001,0.000859001,0.000859001,1654,1,1654,1654,1654,8,1,8,8,8
49,30,0.000766281,1,0.000766281,0.000766281,0.000766281,1565,1,1565,1565,1565,8,1,8,8,8
49,30,0.000646649,1,0.000646649,0.000646649,0.000646649,1499,1,1499,1499,1499,7,1,7,7,7
49,30,0.000629375,1,0.000629375,0.000629375,0.000629375,1514,1,1514,1514,1514,7,1,7,7,7
49,30,0.000724421,1,0.000724421,0.000724421,0.000724421,1579,1,1579,1579,1579,8,1,8,8,8
49,30,0.000612937,1,0.000612937,0.000612937,0.000612937,1534,1,1534,1534,1534,8,1,8,8,8
49,30,0.000769695,1,0.000769695,0.000769695,0.000769695,1532,1,1532,1532,1532,8,1,8,8,8
49,30,0.000619746,1,0.000619746,0.000619746,0.000619746,1551,1,1551,1551,1551,8,1,8,8,8
49,30,0.000554653,1,0.000554653,0.000554653,0.000554653,1505,1,1505,1505,1505,7,1,7,7,7
49,30,0.000701492,1,0.000701492,0.000701492,0.000701492,1503,1,1503,1503,1503,7,1,7,7,7
49,30,0.00107226,1,0.00107226,0.00107226,0.00107226,1567,1,1567,1567,1567,8,1,8,8,8
49,30,0.000950126,1,0.000950126,0.000950126,0.000950126,1679,1,1679,1679,1679,9,1,9,9,9
49,30,0.000655402,1,0.000655402,0.000655402,0.000655402,1508,1,1508,1508,1508,8,1,8,8,8
49,30,0.000967185,1,0.000967185,0.000967185,0.000967185,1634,1,1634,1634,1634,8,1,8,8,8
49,30,0.00104403,1,0.00104403,0.00104403,0.00104403,1638,1,1638,1638,1638,9,1,9,9,9
49,30,0.000727209,1,0.000727209,0.000727209,0.000727209,1508,1,1508,1508,1508,7,1,7,7,7
49,30,0.00095051,1,0.00095051,0.00095051,0.00095051,1593,1,1593,1593,1593,8,1,8,8,8
49,30,0.000792016,1,0.000792016,0.000792016,0.000792016,1571,1,1571,1571,1571,8,1,8,8,8
49,30,0.000521243,1,0.000521243,0.000521243,0.000521243,1490,1,1490,1490,1490,7,1,7,7,7
49,30,0.000521819,1,0.000521819,0.000521819,0.000521819,1522,1,1522,1522,1522,7,1,7,7,7
49,30,0.000501389,1,0.000501389,0.000501389,0.000501389,1477,1,1477,1477,1477,7,1,7,7,7
49,30,0.000858378,1,0.000858378,0.000858378,0.000858378,1582,1,1582,1582,1582,8,1,8,8,8
49,30,0.000652884,1,0.000652884,0.000652884,0.000652884,1476,1,1476,1476,1476,8,1,8,8,8
49,30,0.000886656,1,0.000886656,0.000886656,0.000886656,1596,1,1596,1596,1596,8,1,8,8,8
49,30,0.000541247,1,0.000541247,0.000541247,0.000541247,1477,1,1477,1477,1477,7,1,7,7,7
49,30,0.000654124,1,0.000654124,0.000654124,0.000654124,1533,1,1533,1533,1533,8,1,8,8,8
49,30,0.000765921,1,0.000765921,0.000765921,0.000765921,1569,1,1569,1569,1569,8,1,8,8,8
49,30,0.00073545,1,0.00073545,0.00073545,0.00073545,1534,1,1534,1534,1534,8,1,8,8,8
49,30,0.000816287,1,0.000816287,0.000816287,0.000816287,1601,1,1601,1601,1601,8,1,8,8,8
49,30,0.0014689,1,0.0014689,0.0014689,0.0014689,1842,1,1842,1842,1842,9,1,9,9,9
49,30,0.00105554,1,0.00105554,0.00105554,0.00105554,1583,1,1583,1583,1583,8,1,8,8,8
49,30,0.000793787,1,0.000793787,0.000793787,0.000793787,1624,1,1624,1624,1624,8,1,8,8,8
49,30,0.000555299,1,0.000555299,0.000555299,0.000555299,1499,1,1499,1499,1499,7,1,7,7,7
49,30,0.000830551,1,0.000830551,0.000830551,0.000830551,1578,1,1578,1578,1578,8,1,8,8,8
49,30,0.00109831,1,0.00109831,0.00109831,0.00109831,1646,1,1646,1646,1646,9,1,9,9,9
49,30,0.000995896,1,0.000995896,0.000995896,0.000995896,1638,1,1638,1638,1638,9,1,9,9,9
49,30,0.000798363,1,0.000798363,0.000798363,0.000798363,1579,1,1579,1579,1579,8,1,8,8,8
49,30,0.0010367,1,0.0010367,0.0010367,0.0010367,1633,1,1633,1633,1633,9,1,9,9,9
49,30,0.000717907,1,0.000717907,0.000717907,0.000717907,1608,1,1608,1608,1608,8,1,8,8,8
49,30,0.000726937,1,0.000726937,0.000726937,0.000726937,1561,1,1561,1561,1561,8,1,8,8,8
49,30,0.000813809,1,0.000813809,0.000813809,0.000813809,1572,1,1572,1572,1572,8,1,8,8,8
49,30,0.000769022,1,0.000769022,0.000769022,0.000769022,1556,1,1556,1556,1556,8,1,8,8,8
49,30,0.000738572,1,0.000738572,0.000738572,0.000738572,1564,1,1564,1564,1564,8,1,8,8,8
49,30,0.000615341,1,0.000615341,0.000615341,0.000615341,1532,1,1532,1532,1532,8,1,8,8,8
49,30,0.000585263,1,0.000585263,0.000585263,0.000585263,1475,1,1475,1475,1475,7,1,7,7,7
49,30,0.000845833,1,0.000845833,0.000845833,0.000845833,1571,1,1571,1571,1571,8,1,8,8,8
49,30,0.000746211,1,0.000746211,0.000746211,0.000746211,1554,1,1554,1554,1554,8,1,8,8,8
49,30,0.000862623,1,0.000862623,0.000862623,0.000862623,1619,1,1619,1619,1619,8,1,8,8,8
49,30,0.000853472,1,0.000853472,0.000853472,0.000853472,1655,1,1655,1655,1655,9,1,9,9,9
49,30,0.000989583,1,0.000989583,0.000989583,0.000989583,1696,1,1696,1696,1696,9,1,9,9,9
49,30,0.000741431,1,0.000741431,0.000741431,0.000741431,1639,1,1639,1639,1639,8,1,8,8,8
49,30,0.000759242,1,0.000759242,0.000759242,0.000759242,1576,1,1576,1576,1576,8,1,8,8,8
49,30,0.00084279,1,0.00084279,0.00084279,0.00084279,1572,1,1572,1572,1572,7,1,7,7,7
49,30,0.000687619,1,0.000687619,0.000687619,0.000687619,1529,1,1529,1529,1529,8,1,8,8,8
49,30,0.00104951,1,0.00104951,0.00104951,0.00104951,1600,1,1600,1600,1600,8,1,8,8,8
49,30,0.00128423,1,0.00128423,0.00128423,0.00128423,1733,1,1733,1733,1733,9,1,9,9,9
49,30,0.00109668,1,0.00109668,0.00109668,0.00109668,1616,1,1616,1616,1616,9,1,9,9,9
49,30,0.000757786,1,0.000757786,0.000757786,0.000757786,1644,1,1644,1644,1644,7,1,7,7,7
49,30,0.000752407,1,0.000752407,0.000752407,0.000752407,1539,1,1539,1539,1539,8,1,8,8,8
49,30,0.000988488,1,0.000988488,0.000988488,0.000988488,1599,1,1599,1599,1599,9,1,9,9,9
49,30,0.000718096,1,0.000718096,0.000718096,0.000718096,1579,1,1579,1579,1579,8,1,8,8,8
49,30,0.000970705,1,0.000970705,0.000970705,0.000970705,1658,1,1658,1658,1658,7,1,7,7,7
49,30,0.00070459,1,0.00070459,0.00070459,0.00070459,1598,1,1598,1598,1598,8,1,8,8,8
49,30,0.000990019,1,0.000990019,0.000990019,0.000990019,1626,1,1626,1626,1626,9,1,9,9,9
49,30,0.000504451,1,0.000504451,0.000504451,0.000504451,1473,1,1473,1473,1473,7,1,7,7,7
49,30,0.00103233,1,0.00103233,0.00103233,0.00103233,1704,1,1704,1704,1704,9,1,9,9,9
49,30,0.000799393,1,0.000799393,0.000799393,0.000799393,1540,1,1540,1540,1540,8,1,8,8,8
49,30,0.0008239,1,0.0008239,0.0008239,0.0008239,1572,1,1572,1572,1572,8,1,8,8,8
49,30,0.000635156,1,0.000635156,0.000635156,0.000635156,1581,1,1581,1581,1581,8,1,8,8,8
49,30,0.000958816,1,0.000958816,0.000958816,0.000958816,1634,1,1634,1634,1634,9,1,9,9,9
49,30,0.000622642,1,0.000622642,0.000622642,0.000622642,1480,1,1480,1480,1480,7,1,7,7,7
49,30,0.000859447,1,0.000859447,0.000859447,0.000859447,1566,1,1566,1566,1566,8,1,8,8,8
49,30,0.000662107,1,0.000662107,0.000662107,0.000662107,1641,1,1641,1641,1641,8,1,8,8,8
49,30,0.000647608,1,0.000647608,0.000647608,0.000647608,1517,1,1517,1517,1517,8,1,8,8,8
49,30,0.00106755,1,0.00106755,0.00106755,0.00106755,1623,1,1623,1623,1623,8,1,8,8,8
49,30,0.000829986,1,0.000829986,0.000829986,0.000829986,1559,1,1559,1559,1559,8,1,8,8,8
49,30,0.000915314,1,0.000915314,0.000915314,0.000915314,1642,1,1642,1642,1642,8,1,8,8,8
49,30,0.000828929,1,0.000828929,0.000828929,0.000828929,1556,1,1556,1556,1556,8,1,8,8,8
49,30,0.000822724,1,0.000822724,0.000822724,0.000822724,1568,1,1568,1568,1568,8,1,8,8,8
49,30,0.000809097,1,0.000809097,0.000809097,0.000809097,1578,1,1578,1578,1578,8,1,8,8,8
49,30,0.000700709,1,0.000700709,0.000700709,0.000700709,1518,1,1518,1518,1518,8,1,8,8,8
49,30,0.000824344,1,0.000824344,0.000824344,0.000824344,1617,1,1617,1617,1617,8,1,8,8,8
49,30,0.000551966,1,0.000551966,0.000551966,0.000551966,1596,1,1596,1596,1596,8,1,8,8,8
49,30,0.000859786,1,0.000859786,0.000859786,0.000859786,1631,1,1631,1631,1631,8,1,8,8,8
49,30,0.000505426,1,0.000505426,0.000505426,0.000505426,1486,1,1486,1486,1486,7,1,7,7,7
49,30,0.000742348,1,0.000742348,0.000742348,0.000742348,1505,1,1505,1505,1505,7,1,7,7,7
49,30,0.000707692,1,0.000707692,0.000707692,0.000707692,1547,1,1547,1547,1547,8,1,8,8,8
49,30,0.000749287,1,0.000749287,0.000749287,0.000749287,1570,1,1570,1570,1570,8,1,8,8,8
49,30,0.000948325,1,0.000948325,0.000948325,0.000948325,1589,1,1589,1589,1589,8,1,8,8,8
49,30,0.000643481,1,0.000643481,0.000643481,0.000643481,1515,1,1515,1515,1515,8,1,8,8,8
49,30,0.00100008,1,0.00100008,0.00100008,0.00100008,1697,1,1697,1697,1697,9,1,9,9,9
49,30,0.00070821,1,0.00070821,0.00070821,0.00070821,1505,1,1505,1505,1505,8,1,8,8,8
49,30,0.000575883,1,0.000575883,0.000575883,0.000575883,1458,1,1458,1458,1458,7,1,7,7,7
49,30,0.000673785,1,0.000673785,0.000673785,0.000673785,1524,1,1524,1524,1524,7,1,7,7,7
49,30,0.000759512,1,0.000759512,0.000759512,0.000759512,1543,1,1543,1543,1543,8,1,8,8,8
49,30,0.000801831,1,0.000801831,0.000801831,0.000801831,1545,1,1545,1545,1545,8,1,8,8,8
49,30,0.000812124,1,0.000812124,0.000812124,0.000812124,1609,1,1609,1609,1609,8,1,8,8,8
49,30,0.000871759,1,0.000871759,0.000871759,0.000871759,1652,1,1652,1652,1652,8,1,8,8,8
49,30,0.000759134,1,0.000759134,0.000759134,0.000759134,1581,1,1581,1581,1581,8,1,8,8,8
49,30,0.000770702,1,0.000770702,0.000770702,0.000770702,1573,1,1573,1573,1573,8,1,8,8,8
49,30,0.000650636,1,0.000650636,0.000650636,0.000650636,1555,1,1555,1555,1555,8,1,8,8,8
49,30,0.000642778,1,0.000642778,0.000642778,0.000642778,1513,1,1513,1513,1513,7,1,7,7,7
49,30,0.000660877,1,0.000660877,0.000660877,0.000660877,1556,1,1556,1556,1556,8,1,8,8,8
49,30,0.000452602,1,0.000452602,0.000452602,0.000452602,1422,1,1422,1422,1422,7,1,7,7,7
49,30,0.00110382,1,0.00110382,0.00110382,0.00110382,1602,1,1602,1602,1602,9,1,9,9,9
49,30,0.000870538,1,0.000870538,0.000870538,0.000870538,1647,1,1647,1647,1647,8,1,8,8,8
49,30,0.000980352,1,0.000980352,0.000980352,0.000980352,1701,1,1701,1701,1701,8,1,8,8,8
49,30,0.000415739,1,0.000415739,0.000415739,0.000415739,1425,1,1425,1425,1425,6,1,6,6,6
49,30,0.000675064,1,0.000675064,0.000675064,0.000675064,1555,1,1555,1555,1555,8,1,8,8,8
49,30,0.000684279,1,0.000684279,0.000684279,0.000684279,1506,1,1506,1506,1506,8,1,8,8,8
49,30,0.000837946,1,0.000837946,0.000837946,0.000837946,1540,1,1540,1540,1540,8,1,8,8,8
49,30,0.00072774,1,0.00072774,0.00072774,0.00072774,1568,1,1568,1568,1568,8,1,8,8,8
49,30,0.000671086,1,0.000671086,0.000671086,0.000671086,1565,1,1565,1565,1565,8,1,8,8,8
49,30,0.00101962,1,0.00101962,0.00101962,0.00101962,1609,1,1609,1609,1609,8,1,8,8,8
49,30,0.00122031,1,0.00122031,0.00122031,0.00122031,1739,1,1739,1739,1739,9,1,9,9,9
49,30,0.000943979,1,0.000943979,0.000943979,0.000943979,1660,1,1660,1660,1660,9,1,9,9,9
49,30,0.000701008,1,0.000701008,0.000701008,0.000701008,1548,1,1548,1548,1548,8,1,8,8,8
49,30,0.000829848,1,0.000829848,0.000829848,0.000829848,1551,1,1551,1551,1551,8,1,8,8,8
49,30,0.000623854,1,0.000623854,0.000623854,0.000623854,1522,1,1522,1522,1522,8,1,8,8,8
49,30,0.00066048,1,0.00066048,0.00066048,0.00066048,1552,1,1552,1552,1552,8,1,8,8,8
