n,p,time_total,time_count,time_mean,time_min,time_max,steps_total,steps_count,steps_mean,steps_min,steps_max,number_total,number_count,number_mean,number_min,number_max
24,40,0.000286435,1,0.000286435,0.000286435,0.000286435,454,1,454,454,454,7,1,7,7,7
24,40,0.000332541,1,0.000332541,0.000332541,0.000332541,433,1,433,433,433,6,1,6,6,6
24,40,0.000159748,1,0.000159748,0.000159748,0.000159748,388,1,388,388,388,5,1,5,5,5
24,40,0.000232091,1,0.000232091,0.000232091,0.000232091,409,1,409,409,409,6,1,6,6,6
24,40,0.000200388,1,0.000200388,0.000200388,0.000200388,400,1,400,400,400,6,1,6,6,6
24,40,0.000290691,1,0.000290691,0.000290691,0.000290691,435,1,435,435,435,6,1,6,6,6
24,40,0.000201427,1,0.000201427,0.000201427,0.000201427,424,1,424,424,424,6,1,6,6,6
24,40,0.000244292,1,0.000244292,0.000244292,0.000244292,458,1,458,458,458,6,1,6,6,6
24,40,0.00011957,1,0.00011957,0.00011957,0.00011957,361,1,361,361,361,5,1,5,5,5
24,40,0.00025203,1,0.00025203,0.00025203,0.00025203,426,1,426,426,426,6,1,6,6,6
24,40,0.000205649,1,0.000205649,0.000205649,0.000205649,410,1,410,410,410,6,1,6,6,6
24,40,0.000507347,1,0.000507347,0.000507347,0.000507347,480,1,480,480,480,7,1,7,7,7
24,40,0.00028072,1,0.00028072,0.00028072,0.00028072,443,1,443,443,443,7,1,7,7,7
24,40,0.000239621,1,0.000239621,0.000239621,0.000239621,414,1,414,414,414,6,1,6,6,6
24,40,0.000466977,1,0.000466977,0.000466977,0.000466977,473,1,473,473,473,7,1,7,7,7
24,40,0.000171533,1,0.000171533,0.000171533,0.000171533,395,1,395,395,395,6,1,6,6,6
24,40,0.000221753,1,0.000221753,0.000221753,0.000221753,413,1,413,413,413,6,1,6,6,6
24,40,0.000136145,1,0.000136145,0.000136145,0.000136145,394,1,394,394,394,6,1,6,6,6
24,40,0.000347445,1,0.000347445,0.000347445,0.000347445,474,1,474,474,474,6,1,6,6,6
24,40,0.000302842,1,0.000302842,0.000302842,0.000302842,470,1,470,470,470,6,1,6,6,6
24,40,0.000320004,1,0.000320004,0.000320004,0.000320004,396,1,396,396,396,6,1,6,6,6
24,40,0.000263049,1,0.000263049,0.000263049,0.000263049,413,1,413,413,413,6,1,6,6,6
24,40,0.000155045,1,0.000155045,0.000155045,0.000155045,381,1,381,381,381,5,1,5,5,5
24,40,0.000143829,1,0.000143829,0.000143829,0.000143829,394,1,394,394,394,6,1,6,6,6
24,40,0.000172192,1,0.000172192,0.000172192,0.000172192,405,1,405,405,405,6,1,6,6,6
24,40,0.000167671,1,0.000167671,0.000167671,0.000167671,407,1,407,407,407,5,1,5,5,5
24,40,0.000210459,1,0.000210459,0.000210459,0.000210459,376,1,376,376,376,5,1,5,5,5
24,40,0.000235367,1,0.000235367,0.000235367,0.000235367,425,1,425,425,425,6,1,6,6,6
24,40,0.000212176,1,0.000212176,0.000212176,0.000212176,420,1,420,420,420,6,1,6,6,6
24,40,0.00025091,1,0.00025091,0.00025091,0.00025091,438,1,438,438,438,6,1,6,6,6
24,40,0.000193565,1,0.000193565,0.000193565,0.000193565,408,1,408,408,408,6,1,6,6,6
24,40,0.000394113,1,0.000394113,0.000394113,0.000394113,504,1,504,504,504,7,1,7,7,7
24,40,0.000329953,1,0.000329953,0.000329953,0.000329953,459,1,459,459,459,7,1,7,7,7
24,40,0.000260773,1,0.000260773,0.000260773,0.000260773,428,1,428,428,428,6,1,6,6,6
24,40,0.000124734,1,0.000124734,0.000124734,0.000124734,384,1,384,384,384,5,1,5,5,5
24,40,0.000203133,1,0.000203133,0.000203133,0.000203133,437,1,437,437,437,6,1,6,6,6
24,40,0.000237447,1,0.000237447,0.000237447,0.000237447,437,1,437,437,437,7,1,7,7,7
24,40,0.000316551,1,0.000316551,0.000316551,0.000316551,461,1,461,461,461,7,1,7,7,7
24,40,0.00022162,1,0.00022162,0.00022162,0.00022162,402,1,402,402,402,6,1,6,6,6
24,40,0.000222686,1,0.000222686,0.000222686,0.000222686,424,1,424,424,424,6,1,6,6,6
24,40,0.000178104,1,0.000178104,0.000178104,0.000178104,422,1,422,422,422,6,1,6,6,6
24,40,0.000227282,1,0.000227282,0.000227282,0.000227282,407,1,407,407,407,6,1,6,6,6
24,40,0.000212556,1,0.000212556,0.000212556,0.000212556,405,1,405,405,405,6,1,6,6,6
24,40,0.000208269,1,0.000208269,0.000208269,0.000208269,414,1,414,414,414,6,1,6,6,6
24,40,0.000228182,1,0.000228182,0.000228182,0.000228182,423,1,423,423,423,6,1,6,6,6
24,40,0.000305436,1,0.000305436,0.000305436,0.000305436,440,1,440,440,440,6,1,6,6,6
24,40,0.000140758,1,0.000140758,0.000140758,0.000140758,402,1,402,402,402,6,1,6,6,6
24,40,0.00029145,1,0.00029145,0.00029145,0.00029145,439,1,439,439,439,6,1,6,6,6
24,40,0.000216515,1,0.000216515,0.000216515,0.000216515,400,1,400,400,400,6,1,6,6,6
24,40,0.000378608,1,0.000378608,0.000378608,0.000378608,471,1,471,471,471,7,1,7,7,7
24,40,0.000143308,1,0.000143308,0.000143308,0.000143308,358,1,358,358,358,5,1,5,5,5
24,40,9.5627e-05,1,9.5627e-05,9.5627e-05,9.5627e-05,377,1,377,377,377,5,1,5,5,5
24,40,0.000209418,1,0.000209418,0.000209418,0.000209418,418,1,418,418,418,6,1,6,6,6
24,40,0.000229103,1,0.000229103,0.000229103,0.000229103,449,1,449,449,449,7,1,7,7,7
24,40,0.00030804,1,0.00030804,0.00030804,0.00030804,437,1,437,437,437,7,1,7,7,7
24,40,0.000172971,1,0.000172971,0.000172971,0.000172971,406,1,406,406,406,5,1,5,5,5
24,40,0.000109863,1,0.000109863,0.000109863,0.000109863,356,1,356,356,356,5,1,5,5,5
24,40,0.000181195,1,0.000181195,0.000181195,0.000181195,396,1,396,396,396,6,1,6,6,6
24,40,0.00027141,1,0.00027141,0.00027141,0.00027141,409,1,409,409,409,6,1,6,6,6
24,40,0.000263491,1,0.000263491,0.000263491,0.000263491,415,1,415,415,415,6,1,6,6,6
24,40,0.000150151,1,0.000150151,0.000150151,0.000150151,379,1,379,379,379,5,1,5,5,5
24,40,0.000528717,1,0.000528717,0.000528717,0.000528717,497,1,497,497,497,8,1,8,8,8
24,40,0.00024793,1,0.00024793,0.00024793,0.00024793,429,1,429,429,429,6,1,6,6,6
24,40,0.000336769,1,0.000336769,0.000336769,0.000336769,440,1,440,440,440,6,1,6,6,6
24,40,0.000294316,1,0.000294316,0.000294316,0.000294316,448,1,448,448,448,7,1,7,7,7
24,40,0.000152752,1,0.000152752,0.000152752,0.000152752,411,1,411,411,411,6,1,6,6,6
24,40,0.00039849,1,0.00039849,0.00039849,0.00039849,501,1,501,501,501,7,1,7,7,7
24,40,0.000292652,1,0.000292652,0.000292652,0.000292652,432,1,432,432,432,6,1,6,6,6
24,40,0.000168495,1,0.000168495,0.000168495,0.000168495,380,1,380,380,380,6,1,6,6,6
24,40,0.000394162,1,0.000394162,0.000394162,0.000394162,490,1,490,490,490,7,1,7,7,7
24,40,0.000358182,1,0.000358182,0.000358182,0.000358182,462,1,462,462,462,7,1,7,7,7
24,40,0.000264464,1,0.000264464,0.000264464,0.000264464,414,1,414,414,414,6,1,6,6,6
24,40,0.000101701,1,0.000101701,0.000101701,0.000101701,364,1,364,364,364,5,1,5,5,5
24,40,0.000311092,1,0.000311092,0.000311092,0.000311092,432,1,432,432,432,7,1,7,7,7
24,40,0.00022849,1,0.00022849,0.00022849,0.00022849,413,1,413,413,413,6,1,6,6,6
24,40,0.000234239,1,0.000234239,0.000234239,0.000234239,440,1,440,440,440,6,1,6,6,6
24,40,0.000353154,1,0.000353154,0.000353154,0.000353154,487,1,487,487,487,7,1,7,7,7
24,40,0.000388206,1,0.000388206,0.000388206,0.000388206,445,1,445,445,445,7,1,7,7,7
24,40,0.000163111,1,0.000163111,0.000163111,0.000163111,385,1,385,385,385,5,1,5,5,5
24,40,0.000226806,1,0.000226806,0.000226806,0.000226806,425,1,425,425,425,7,1,7,7,7
24,40,0.000215042,1,0.000215042,0.000215042,0.000215042,420,1,420,420,420,5,1,5,5,5
24,40,0.000253272,1,0.000253272,0.000253272,0.000253272,432,1,432,432,432,6,1,6,6,6
24,40,0.000171665,1,0.000171665,0.000171665,0.000171665,427,1,427,427,427,5,1,5,5,5
24,40,0.000287721,1,0.000287721,0.000287721,0.000287721,433,1,433,433,433,6,1,6,6,6
24,40,0.00019952,1,0.00019952,0.00019952,0.00019952,389,1,389,389,389,6,1,6,6,6
24,40,0.000251319,1,0.000251319,0.000251319,0.000251319,418,1,418,418,418,6,1,6,6,6
24,40,0.000202137,1,0.000202137,0.000202137,0.000202137,429,1,429,429,429,6,1,6,6,6
24,40,0.000198212,1,0.000198212,0.000198212,0.000198212,375,1,375,375,375,5,1,5,5,5
24,40,0.000298118,1,0.000298118,0.000298118,0.000298118,456,1,456,456,456,5,1,5,5,5
24,40,0.000281979,1,0.000281979,0.000281979,0.000281979,406,1,406,406,406,6,1,6,6,6
24,40,0.000286102,1,0.000286102,0.000286102,0.000286102,459,1,459,459,459,7,1,7,7,7
24,40,0.000267829,1,0.000267829,0.000267829,0.000267829,434,1,434,434,434,6,1,6,6,6
24,40,0.000149614,1,0.000149614,0.000149614,0.000149614,372,1,372,372,372,5,1,5,5,5
24,40,0.000180648,1,0.000180648,0.000180648,0.000180648,411,1,411,411,411,6,1,6,6,6
24,40,0.000332406,1,0.000332406,0.000332406,0.000332406,440,1,440,440,440,7,1,7,7,7
24,40,0.000337624,1,0.000337624,0.000337624,0.000337624,457,1,457,457,457,7,1,7,7,7
24,40,0.00020279,1,0.00020279,0.00020279,0.00020279,400,1,400,400,400,6,1,6,6,6
24,40,0.000216632,1,0.000216632,0.000216632,0.000216632,419,1,419,419,419,6,1,6,6,6
24,40,0.000226205,1,0.000226205,0.000226205,0.000226205,421,1,421,421,421,6,1,6,6,6
24,40,0.000147415,1,0.000147415,0.000147415,0.000147415,368,1,368,368,368,6,1,6,6,6
24,40,0.000193466,1,0.000193466,0.000193466,0.000193466,419,1,419,419,419,6,1,6,6,6
24,40,0.000364834,1,0.000364834,0.000364834,0.000364834,490,1,490,490,490,7,1,7,7,7
24,40,0.000213751,1,0.000213751,0.000213751,0.000213751,414,1,414,414,414,7,1,7,7,7
24,40,0.000281734,1,0.000281734,0.000281734,0.000281734,425,1,425,425,425,6,1,6,6,6
24,40,0.000199219,1,0.000199219,0.000199219,0.000199219,434,1,434,434,434,6,1,6,6,6
24,40,0.000150518,1,0.000150518,0.000150518,0.000150518,387,1,387,387,387,6,1,6,6,6
24,40,0.000187334,1,0.000187334,0.000187334,0.000187334,386,1,386,386,386,5,1,5,5,5
24,40,0.000367702,1,0.000367702,0.000367702,0.000367702,450,1,450,450,450,6,1,6,6,6
24,40,0.000210994,1,0.000210994,0.000210994,0.000210994,423,1,423,423,423,6,1,6,6,6
24,40,0.000217397,1,0.000217397,0.000217397,0.000217397,414,1,414,414,414,6,1,6,6,6
24,40,0.00019026,1,0.00019026,0.00019026,0.00019026,400,1,400,400,400,6,1,6,6,6
24,40,0.00016044,1,0.00016044,0.00016044,0.00016044,391,1,391,391,391,6,1,6,6,6
24,40,0.000315175,1,0.000315175,0.000315175,0.000315175,423,1,423,423,423,6,1,6,6,6
24,40,0.000231671,1,0.000231671,0.000231671,0.000231671,397,1,397,397,397,6,1,6,6,6
24,40,0.000284151,1,0.000284151,0.000284151,0.000284151,430,1,430,430,430,7,1,7,7,7
24,40,0.000189983,1,0.000189983,0.000189983,0.000189983,393,1,393,393,393,6,1,6,6,6
24,40,0.00021066,1,0.00021066,0.00021066,0.00021066,407,1,407,407,407,6,1,6,6,6
24,40,0.000214704,1,0.000214704,0.000214704,0.000214704,419,1,419,419,419,6,1,6,6,6
24,40,0.000134346,1,0.000134346,0.000134346,0.000134346,397,1,397,397,397,6,1,6,6,6
24,40,0.000306636,1,0.000306636,0.000306636,0.000306636,445,1,445,445,445,7,1,7,7,7
24,40,0.000188656,1,0.000188656,0.000188656,0.000188656,404,1,404,404,404,6,1,6,6,6
24,40,0.00016623,1,0.00016623,0.00016623,0.00016623,384,1,384,384,384,5,1,5,5,5
24,40,0.000189896,1,0.000189896,0.000189896,0.000189896,405,1,405,405,405,6,1,6,6,6
24,40,0.000252648,1,0.000252648,0.000252648,0.000252648,430,1,430,430,430,6,1,6,6,6
24,40,0.000287478,1,0.000287478,0.000287478,0.000287478,424,1,424,424,424,7,1,7,7,7
24,40,0.000198659,1,0.000198659,0.000198659,0.000198659,397,1,397,397,397,6,1,6,6,6
24,40,0.000486209,1,0.000486209,0.000486209,0.000486209,517,1,517,517,517,7,1,7,7,7
24,40,0.000199374,1,0.000199374,0.000199374,0.000199374,415,1,415,415,415,6,1,6,6,6
24,40,0.000377231,1,0.000377231,0.000377231,0.000377231,470,1,470,470,470,6,1,6,6,6
24,40,0.000207614,1,0.000207614,0.000207614,0.000207614,385,1,385,385,385,6,1,6,6,6
24,40,0.000233553,1,0.000233553,0.000233553,0.000233553,397,1,397,397,397,6,1,6,6,6
24,40,0.000323533,1,0.000323533,0.000323533,0.000323533,453,1,453,453,453,6,1,6,6,6
24,40,0.000456206,1,0.000456206,0.000456206,0.000456206,494,1,494,494,494,7,1,7,7,7
24,40,0.00028888,1,0.00028888,0.00028888,0.00028888,414,1,414,414,414,6,1,6,6,6
24,40,0.000264811,1,0.000264811,0.000264811,0.000264811,480,1,480,480,480,6,1,6,6,6
24,40,0.00026651,1,0.00026651,0.00026651,0.00026651,436,1,436,436,436,6,1,6,6,6
24,40,0.000312271,1,0.000312271,0.000312271,0.000312271,407,1,407,407,407,6,1,6,6,6
24,40,0.000332567,1,0.000332567,0.000332567,0.000332567,456,1,456,456,456,7,1,7,7,7
24,40,0.00024049,1,0.00024049,0.00024049,0.00024049,450,1,450,450,450,6,1,6,6,6
24,40,0.000427292,1,0.000427292,0.000427292,0.000427292,483,1,483,483,483,7,1,7,7,7
24,40,0.000232389,1,0.000232389,0.000232389,0.000232389,433,1,433,433,433,6,1,6,6,6
24,40,0.000248896,1,0.000248896,0.000248896,0.000248896,454,1,454,454,454,6,1,6,6,6
24,40,0.000109475,1,0.000109475,0.000109475,0.000109475,366,1,366,366,366,5,1,5,5,5
24,40,0.000238958,1,0.000238958,0.000238958,0.000238958,414,1,414,414,414,6,1,6,6,6
24,40,0.000370267,1,0.000370267,0.000370267,0.000370267,445,1,445,445,445,6,1,6,6,6
24,40,0.000398151,1,0.000398151,0.000398151,0.000398151,465,1,465,465,465,7,1,7,7,7
24,40,0.000296102,1,0.000296102,0.000296102,0.000296102,448,1,448,448,448,7,1,7,7,7
24,40,0.000208002,1,0.000208002,0.000208002,0.000208002,413,1,413,413,413,6,1,6,6,6
24,40,0.000186991,1,0.000186991,0.000186991,0.000186991,394,1,394,394,394,6,1,6,6,6
24,40,0.000318572,1,0.000318572,0.000318572,0.000318572,454,1,454,454,454,6,1,6,6,6
24,40,0.000131026,1,0.000131026,0.000131026,0.000131026,386,1,386,386,386,5,1,5,5,5
24,40,0.000244938,1,0.000244938,0.000244938,0.000244938,423,1,423,423,423,6,1,6,6,6
24,40,0.000117205,1,0.000117205,0.000117205,0.000117205,365,1,365,365,365,5,1,5,5,5
24,40,0.000118237,1,0.000118237,0.000118237,0.000118237,347,1,347,347,347,5,1,5,5,5
24,40,0.000193736,1,0.000193736,0.000193736,0.000193736,402,1,402,402,402,6,1,6,6,6
24,40,0.000236253,1,0.000236253,0.000236253,0.000236253,401,1,401,401,401,6,1,6,6,6
24,40,0.000205795,1,0.000205795,0.000205795,0.000205795,432,1,432,432,432,6,1,6,6,6
24,40,0.000302339,1,0.000302339,0.000302339,0.000302339,442,1,442,442,442,7,1,7,7,7
24,40,0.000163948,1,0.000163948,0.000163948,0.000163948,402,1,402,402,402,6,1,6,6,6
24,40,0.000263664,1,0.000263664,0.000263664,0.000263664,465,1,465,465,465,6,1,6,6,6
24,40,0.000258311,1,0.000258311,0.000258311,0.000258311,396,1,396,396,396,6,1,6,6,6
24,40,0.000215622,1,0.000215622,0.000215622,0.000215622,417,1,417,417,417,6,1,6,6,6
24,40,0.000347064,1,0.000347064,0.000347064,0.000347064,438,1,438,438,438,6,1,6,6,6
24,40,0.000133856,1,0.000133856,0.000133856,0.000133856,367,1,367,367,367,5,1,5,5,5
24,40,0.00025016,1,0.00025016,0.00025016,0.00025016,415,1,415,415,415,6,1,6,6,6
24,40,0.000343151,1,0.000343151,0.000343151,0.000343151,444,1,444,444,444,7,1,7,7,7
24,40,0.000187957,1,0.000187957,0.000187957,0.000187957,410,1,410,410,410,6,1,6,6,6
24,40,0.000438767,1,0.000438767,0.000438767,0.000438767,452,1,452,452,452,7,1,7,7,7
24,40,0.000164091,1,0.000164091,0.000164091,0.000164091,377,1,377,377,377,5,1,5,5,5
24,40,0.000130467,1,0.000130467,0.000130467,0.000130467,350,1,350,350,350,5,1,5,5,5
24,40,0.000136872,1,0.000136872,0.000136872,0.000136872,410,1,410,410,410,5,1,5,5,5
24,40,0.000209248,1,0.000209248,0.000209248,0.000209248,399,1,399,399,399,6,1,6,6,6
24,40,0.000204314,1,0.000204314,0.000204314,0.000204314,403,1,403,403,403,6,1,6,6,6
24,40,0.000196825,1,0.000196825,0.000196825,0.000196825,403,1,403,403,403,6,1,6,6,6
24,40,0.000326446,1,0.000326446,0.000326446,0.000326446,452,1,452,452,452,7,1,7,7,7
24,40,0.000100223,1,0.000100223,0.000100223,0.000100223,379,1,379,379,379,5,1,5,5,5
24,40,0.000193135,1,0.000193135,0.000193135,0.000193135,436,1,436,436,436,6,1,6,6,6
24,40,0.000176809,1,0.000176809,0.000176809,0.000176809,417,1,417,417,417,6,1,6,6,6
24,40,0.000203265,1,0.000203265,0.000203265,0.000203265,412,1,412,412,412,6,1,6,6,6
24,40,0.00034774,1,0.00034774,0.00034774,0.00034774,448,1,448,448,448,7,1,7,7,7
24,40,0.000362184,1,0.000362184,0.000362184,0.000362184,434,1,434,434,434,6,1,6,6,6
24,40,0.000152769,1,0.000152769,0.000152769,0.000152769,404,1,404,404,404,6,1,6,6,6
24,40,0.000127717,1,0.000127717,0.000127717,0.000127717,374,1,374,374,374,5,1,5,5,5
24,40,0.00027011,1,0.00027011,0.00027011,0.00027011,408,1,408,408,408,6,1,6,6,6
24,40,0.000161385,1,0.000161385,0.000161385,0.000161385,392,1,392,392,392,5,1,5,5,5
24,40,0.00019001,1,0.00019001,0.00019001,0.00019001,420,1,420,420,420,6,1,6,6,6
24,40,0.000169839,1,0.000169839,0.000169839,0.000169839,397,1,397,397,397,6,1,6,6,6
24,40,0.000316806,1,0.000316806,0.000316806,0.000316806,421,1,421,421,421,6,1,6,6,6
24,40,0.000332678,1,0.000332678,0.000332678,0.000332678,442,1,442,442,442,7,1,7,7,7
24,40,0.00013937,1,0.00013937,0.00013937,0.00013937,389,1,389,389,389,6,1,6,6,6
24,40,0.000247242,1,0.000247242,0.000247242,0.000247242,434,1,434,434,434,6,1,6,6,6
24,40,0.000321395,1,0.000321395,0.000321395,0.000321395,436,1,436,436,436,7,1,7,7,7
24,40,0.000279187,1,0.000279187,0.000279187,0.000279187,428,1,428,428,428,6,1,6,6,6
24,40,0.000232159,1,0.000232159,0.000232159,0.000232159,418,1,418,418,418,6,1,6,6,6
24,40,0.000278288,1,0.000278288,0.000278288,0.000278288,409,1,409,409,409,6,1,6,6,6
24,40,0.000287559,1,0.000287559,0.000287559,0.000287559,447,1,447,447,447,6,1,6,6,6
24,40,0.000339944,1,0.000339944,0.000339944,0.000339944,441,1,441,441,441,7,1,7,7,7
24,40,0.000405057,1,0.000405057,0.000405057,0.000405057,469,1,469,469,469,7,1,7,7,7
24,40,0.000330944,1,0.000330944,0.000330944,0.000330944,427,1,427,427,427,6,1,6,6,6
24,40,0.000120871,1,0.000120871,0.000120871,0.000120871,368,1,368,368,368,5,1,5,5,5
24,40,0.000193819,1,0.000193819,0.000193819,0.000193819,398,1,398,398,398,6,1,6,6,6
24,40,0.000310375,1,0.000310375,0.000310375,0.000310375,457,1,457,457,457,6,1,6,6,6
24,40,0.000182322,1,0.000182322,0.000182322,0.000182322,441,1,441,441,441,6,1,6,6,6
24,40,0.000228598,1,0.000228598,0.000228598,0.000228598,452,1,452,452,452,6,1,6,6,6
24,40,0.000215585,1,0.000215585,0.000215585,0.000215585,439,1,439,439,439,7,1,7,7,7
24,40,0.000331277,1,0.000331277,0.000331277,0.000331277,447,1,447,447,447,7,1,7,7,7
24,40,0.000421369,1,0.000421369,0.000421369,0.000421369,472,1,472,472,472,7,1,7,7,7
24,40,0.000155132,1,0.000155132,0.000155132,0.000155132,393,1,393,393,393,6,1,6,6,6
24,40,0.000173676,1,0.000173676,0.000173676,0.000173676,406,1,406,406,406,6,1,6,6,6
24,40,0.000251316,1,0.000251316,0.000251316,0.000251316,433,1,433,433,433,6,1,6,6,6
24,40,0.000376326,1,0.000376326,0.000376326,0.000376326,489,1,489,489,489,8,1,8,8,8
24,40,0.000252642,1,0.000252642,0.000252642,0.000252642,410,1,410,410,410,6,1,6,6,6
24,40,0.000310744,1,0.000310744,0.000310744,0.000310744,412,1,412,412,412,6,1,6,6,6
24,40,0.000210533,1,0.000210533,0.000210533,0.000210533,393,1,393,393,393,6,1,6,6,6
24,40,0.000356953,1,0.000356953,0.000356953,0.000356953,473,1,473,473,473,7,1,7,7,7
24,40,0.000296729,1,0.000296729,0.000296729,0.000296729,429,1,429,429,429,6,1,6,6,6
24,40,0.000289116,1,0.000289116,0.000289116,0.000289116,428,1,428,428,428,7,1,7,7,7
24,40,0.000208151,1,0.000208151,0.000208151,0.000208151,404,1,404,404,404,6,1,6,6,6
24,40,0.000223801,1,0.000223801,0.000223801,0.000223801,420,1,420,420,420,6,1,6,6,6
24,40,0.000155943,1,0.000155943,0.000155943,0.000155943,378,1,378,378,378,6,1,6,6,6
24,40,0.000197435,1,0.000197435,0.000197435,0.000197435,402,1,402,402,402,6,1,6,6,6
24,40,0.00029878,1,0.00029878,0.00029878,0.00029878,474,1,474,474,474,7,1,7,7,7
24,40,0.000170347,1,0.000170347,0.000170347,0.000170347,382,1,382,382,382,5,1,5,5,5
24,40,0.000379813,1,0.000379813,0.000379813,0.000379813,457,1,457,457,457,7,1,7,7,7
24,40,0.000196247,1,0.000196247,0.000196247,0.000196247,408,1,408,408,408,6,1,6,6,6
24,40,0.00030477,1,0.00030477,0.00030477,0.00030477,459,1,459,459,459,7,1,7,7,7
24,40,0.000147743,1,0.000147743,0.000147743,0.000147743,376,1,376,376,376,5,1,5,5,5
24,40,0.000238653,1,0.000238653,0.000238653,0.000238653,425,1,425,425,425,6,1,6,6,6
24,40,0.000180001,1,0.000180001,0.000180001,0.000180001,376,1,376,376,376,6,1,6,6,6
24,40,0.000118658,1,0.000118658,0.000118658,0.000118658,368,1,368,368,368,5,1,5,5,5
24,40,0.000256146,1,0.000256146,0.000256146,0.000256146,430,1,430,430,430,7,1,7,7,7
24,40,0.00017274,1,0.00017274,0.00017274,0.00017274,393,1,393,393,393,6,1,6,6,6
24,40,0.000212559,1,0.000212559,0.000212559,0.000212559,407,1,407,407,407,6,1,6,6,6
24,40,0.000260454,1,0.000260454,0.000260454,0.000260454,451,1,451,451,451,6,1,6,6,6
24,40,0.00017833,1,0.00017833,0.00017833,0.00017833,401,1,401,401,401,6,1,6,6,6
24,40,0.000173912,1,0.000173912,0.000173912,0.000173912,406,1,406,406,406,6,1,6,6,6
24,40,0.000119792,1,0.000119792,0.000119792,0.000119792,366,1,366,366,366,5,1,5,5,5
24,40,0.000200636,1,0.000200636,0.000200636,0.000200636,426,1,426,426,426,6,1,6,6,6
24,40,0.000205533,1,0.000205533,0.000205533,0.000205533,400,1,400,400,400,6,1,6,6,6
24,40,0.000227747,1,0.000227747,0.000227747,0.000227747,405,1,405,405,405,6,1,6,6,6
24,40,0.000239237,1,0.000239237,0.000239237,0.000239237,440,1,440,440,440,6,1,6,6,6
24,40,0.000173888,1,0.000173888,0.000173888,0.000173888,401,1,401,401,401,6,1,6,6,6
24,40,0.000322239,1,0.000322239,0.000322239,0.000322239,450,1,450,450,450,7,1,7,7,7
24,40,0.000265733,1,0.000265733,0.000265733,0.000265733,425,1,425,425,425,6,1,6,6,6
24,40,0.000170006,1,0.000170006,0.000170006,0.000170006,402,1,402,402,402,6,1,6,6,6
24,40,0.000288867,1,0.000288867,0.000288867,0.000288867,423,1,423,423,423,6,1,6,6,6
24,40,0.000361715,1,0.000361715,0.000361715,0.000361715,460,1,460,460,460,7,1,7,7,7
24,40,0.000158242,1,0.000158242,0.000158242,0.000158242,377,1,377,377,377,5,1,5,5,5
24,40,0.000214209,1,0.000214209,0.000214209,0.000214209,413,1,413,413,413,6,1,6,6,6
24,40,0.000238067,1,0.000238067,0.000238067,0.000238067,404,1,404,404,404,6,1,6,6,6
24,40,0.000156885,1,0.000156885,0.000156885,0.000156885,385,1,385,385,385,5,1,5,5,5
24,40,0.000205152,1,0.000205152,0.000205152,0.000205152,424,1,424,424,424,6,1,6,6,6
24,40,0.000199174,1,0.000199174,0.000199174,0.000199174,394,1,394,394,394,6,1,6,6,6
24,40,0.000141302,1,0.000141302,0.000141302,0.000141302,367,1,367,367,367,6,1,6,6,6
24,40,0.000244482,1,0.000244482,0.000244482,0.000244482,415,1,415,415,415,6,1,6,6,6
24,40,0.00021144,1,0.00021144,0.00021144,0.00021144,395,1,395,395,395,6,1,6,6,6
24,40,0.000339286,1,0.000339286,0.000339286,0.000339286,499,1,499,499,499,6,1,6,6,6
24,40,0.000200021,1,0.000200021,0.000200021,0.000200021,392,1,392,392,392,6,1,6,6,6
24,40,0.000205033,1,0.000205033,0.000205033,0.000205033,414,1,414,414,414,6,1,6,6,6
24,40,0.000207184,1,0.000207184,0.000207184,0.000207184,404,1,404,404,404,6,1,6,6,6
24,40,0.000223355,1,0.000223355,0.000223355,0.000223355,449,1,449,449,449,6,1,6,6,6
24,40,0.000262559,1,0.000262559,0.000262559,0.000262559,412,1,412,412,412,6,1,6,6,6
24,40,0.00022568,1,0.00022568,0.00022568,0.00022568,417,1,417,417,417,6,1,6,6,6
24,40,0.000556163,1,0.000556163,0.000556163,0.000556163,544,1,544,544,544,7,1,7,7,7
24,40,0.0002312,1,0.0002312,0.0002312,0.0002312,420,1,420,420,420,6,1,6,6,6
24,40,0.000166165,1,0.000166165,0.000166165,0.000166165,372,1,372,372,372,5,1,5,5,5
24,40,0.000254621,1,0.000254621,0.000254621,0.000254621,419,1,419,419,419,7,1,7,7,7
24,40,0.000102369,1,0.000102369,0.000102369,0.000102369,369,1,369,369,369,5,1,5,5,5
24,40,7.3736e-05,1,7.3736e-05,7.3736e-05,7.3736e-05,355,1,355,355,355,5,1,5,5,5
24,40,0.000302263,1,0.000302263,0.000302263,0.000302263,429,1,429,429,429,6,1,6,6,6
24,40,0.000344905,1,0.000344905,0.000344905,0.000344905,465,1,465,465,465,7,1,7,7,7
24,40,0.000236137,1,0.000236137,0.000236137,0.000236137,417,1,417,417,417,6,1,6,6,6
24,40,0.000218226,1,0.000218226,0.000218226,0.000218226,419,1,419,419,419,6,1,6,6,6
24,40,0.000189009,1,0.000189009,0.000189009,0.000189009,405,1,405,405,405,6,1,6,6,6
24,40,0.000179065,1,0.000179065,0.000179065,0.000179065,433,1,433,433,433,5,1,5,5,5
24,40,0.000228661,1,0.000228661,0.000228661,0.000228661,425,1,425,425,425,6,1,6,6,6
24,40,0.000290117,1,0.000290117,0.000290117,0.000290117,422,1,422,422,422,6,1,6,6,6
24,40,0.000261585,1,0.000261585,0.000261585,0.000261585,411,1,411,411,411,6,1,6,6,6
24,40,0.000193794,1,0.000193794,0.000193794,0.000193794,403,1,403,403,403,6,1,6,6,6
24,40,0.000400882,1,0.000400882,0.000400882,0.000400882,451,1,451,451,451,7,1,7,7,7
24,40,0.000207459,1,0.000207459,0.000207459,0.000207459,402,1,402,402,402,6,1,6,6,6
24,40,0.000163738,1,0.000163738,0.000163738,0.000163738,385,1,385,385,385,6,1,6,6,6
24,40,0.000172412,1,0.000172412,0.000172412,0.000172412,403,1,403,403,403,6,1,6,6,6
24,40,0.000165414,1,0.000165414,0.000165414,0.000165414,366,1,366,366,366,5,1,5,5,5
24,40,0.000298437,1,0.000298437,0.000298437,0.000298437,456,1,456,456,456,6,1,6,6,6
24,40,0.000253804,1,0.000253804,0.000253804,0.000253804,435,1,435,435,435,6,1,6,6,6
24,40,0.000351824,1,0.000351824,0.000351824,0.000351824,454,1,454,454,454,7,1,7,7,7
24,40,0.000233418,1,0.000233418,0.000233418,0.000233418,431,1,431,431,431,6,1,6,6,6
24,40,0.000246677,1,0.000246677,0.000246677,0.000246677,425,1,425,425,425,6,1,6,6,6
24,40,0.000281992,1,0.000281992,0.000281992,0.000281992,417,1,417,417,417,6,1,6,6,6
24,40,0.000324336,1,0.000324336,0.000324336,0.000324336,489,1,489,489,489,7,1,7,7,7
24,40,0.000387486,1,0.000387486,0.000387486,0.000387486,482,1,482,482,482,8,1,8,8,8
24,40,0.000325261,1,0.000325261,0.000325261,0.000325261,454,1,454,454,454,7,1,7,7,7
24,40,0.000304127,1,0.000304127,0.000304127,0.000304127,445,1,445,445,445,6,1,6,6,6
24,40,0.000222485,1,0.000222485,0.000222485,0.000222485,405,1,405,405,405,6,1,6,6,6
24,40,0.000160586,1,0.000160586,0.000160586,0.000160586,410,1,410,410,410,6,1,6,6,6
24,40,0.000303534,1,0.000303534,0.000303534,0.000303534,447,1,447,447,447,7,1,7,7,7
24,40,0.000202233,1,0.000202233,0.000202233,0.000202233,405,1,405,405,405,6,1,6,6,6
24,40,0.000167223,1,0.000167223,0.000167223,0.000167223,412,1,412,412,412,6,1,6,6,6
24,40,0.000125349,1,0.000125349,0.000125349,0.000125349,407,1,407,407,407,6,1,6,6,6
24,40,0.000320736,1,0.000320736,0.000320736,0.000320736,452,1,452,452,452,7,1,7,7,7
24,40,0.000377263,1,0.000377263,0.000377263,0.000377263,444,1,444,444,444,6,1,6,6,6
24,40,0.000115818,1,0.000115818,0.000115818,0.000115818,372,1,372,372,372,5,1,5,5,5
24,40,0.00030668,1,0.00030668,0.00030668,0.00030668,483,1,483,483,483,6,1,6,6,6
24,40,0.000155559,1,0.000155559,0.000155559,0.000155559,359,1,359,359,359,5,1,5,5,5
24,40,0.000225809,1,0.000225809,0.000225809,0.000225809,399,1,399,399,399,6,1,6,6,6
24,40,0.000164049,1,0.000164049,0.000164049,0.000164049,370,1,370,370,370,6,1,6,6,6
24,40,0.000105481,1,0.000105481,0.000105481,0.000105481,365,1,365,365,365,5,1,5,5,5
24,40,0.000346433,1,0.000346433,0.000346433,0.000346433,458,1,458,458,458,7,1,7,7,7
24,40,0.000170262,1,0.000170262,0.000170262,0.000170262,401,1,401,401,401,6,1,6,6,6
24,40,0.000216722,1,0.000216722,0.000216722,0.000216722,410,1,410,410,410,6,1,6,6,6
24,40,0.000249377,1,0.000249377,0.000249377,0.000249377,425,1,425,425,425,6,1,6,6,6
24,40,0.000329607,1,0.000329607,0.000329607,0.000329607,479,1,479,479,479,7,1,7,7,7
24,40,0.000147756,1,0.000147756,0.000147756,0.000147756,408,1,408,408,408,6,1,6,6,6
24,40,0.000280993,1,0.000280993,0.000280993,0.000280993,437,1,437,437,437,6,1,6,6,6
24,40,0.000101549,1,0.000101549,0.000101549,0.000101549,362,1,362,362,362,5,1,5,5,5
24,40,0.00035014,1,0.00035014,0.00035014,0.00035014,460,1,460,460,460,7,1,7,7,7
24,40,0.000238306,1,0.000238306,0.000238306,0.000238306,420,1,420,420,420,6,1,6,6,6
24,40,0.000387871,1,0.000387871,0.000387871,0.000387871,479,1,479,479,479,6,1,6,6,6
24,40,0.000213804,1,0.000213804,0.000213804,0.000213804,424,1,424,424,424,6,1,6,6,6
24,40,0.00016659,1,0.00016659,0.00016659,0.00016659,422,1,422,422,422,6,1,6,6,6
24,40,0.000197591,1,0.000197591,0.000197591,0.000197591,420,1,420,420,420,6,1,6,6,6
24,40,0.000305084,1,0.000305084,0.000305084,0.000305084,422,1,422,422,422,6,1,6,6,6
24,40,0.000291321,1,0.000291321,0.000291321,0.000291321,447,1,447,447,447,7,1,7,7,7
24,40,0.000251694,1,0.000251694,0.000251694,0.000251694,411,1,411,411,411,6,1,6,6,6
24,40,0.000175051,1,0.000175051,0.000175051,0.000175051,391,1,391,391,391,6,1,6,6,6
24,40,0.000219701,1,0.000219701,0.000219701,0.000219701,416,1,416,416,416,6,1,6,6,6
24,40,0.000317381,1,0.000317381,0.000317381,0.000317381,411,1,411,411,411,6,1,6,6,6
24,40,0.000366324,1,0.000366324,0.000366324,0.000366324,453,1,453,453,453,7,1,7,7,7
24,40,0.000301159,1,0.000301159,0.000301159,0.000301159,457,1,457,457,457,6,1,6,6,6
24,40,0.000193301,1,0.000193301,0.000193301,0.000193301,403,1,403,403,403,6,1,6,6,6
24,40,0.000438501,1,0.000438501,0.000438501,0.000438501,461,1,461,461,461,7,1,7,7,7
24,40,0.000170818,1,0.000170818,0.000170818,0.000170818,375,1,375,375,375,5,1,5,5,5
24,40,0.000159728,1,0.000159728,0.000159728,0.000159728,381,1,381,381,381,5,1,5,5,5
24,40,0.000196115,1,0.000196115,0.000196115,0.000196115,384,1,384,384,384,5,1,5,5,5
24,40,0.00031399,1,0.00031399,0.00031399,0.00031399,430,1,430,430,430,7,1,7,7,7
24,40,0.000200533,1,0.000200533,0.000200533,0.000200533,400,1,400,400,400,6,1,6,6,6
24,40,0.000178901,1,0.000178901,0.000178901,0.000178901,410,1,410,410,410,6,1,6,6,6
24,40,0.00035875,1,0.00035875,0.00035875,0.00035875,463,1,463,463,463,7,1,7,7,7
24,40,0.000149429,1,0.000149429,0.000149429,0.000149429,362,1,362,362,362,5,1,5,5,5
24,40,0.000153919,1,0.000153919,0.000153919,0.000153919,404,1,404,404,404,5,1,5,5,5
24,40,0.000247459,1,0.000247459,0.000247459,0.000247459,440,1,440,440,440,7,1,7,7,7
24,40,0.000327869,1,0.000327869,0.000327869,0.000327869,472,1,472,472,472,6,1,6,6,6
24,40,0.000534305,1,0.000534305,0.000534305,0.000534305,520,1,520,520,520,7,1,7,7,7
24,40,0.000236886,1,0.000236886,0.000236886,0.000236886,415,1,415,415,415,6,1,6,6,6
24,40,0.000201379,1,0.000201379,0.000201379,0.000201379,404,1,404,404,404,6,1,6,6,6
24,40,0.000188583,1,0.000188583,0.000188583,0.000188583,388,1,388,388,388,6,1,6,6,6
24,40,0.000403713,1,0.000403713,0.000403713,0.000403713,514,1,514,514,514,7,1,7,7,7
24,40,0.000311402,1,0.000311402,0.000311402,0.000311402,413,1,413,413,413,6,1,6,6,6
24,40,0.000252392,1,0.000252392,0.000252392,0.000252392,413,1,413,413,413,6,1,6,6,6
24,40,0.00045483,1,0.00045483,0.00045483,0.00045483,515,1,515,515,515,7,1,7,7,7
24,40,0.000281821,1,0.000281821,0.000281821,0.000281821,443,1,443,443,443,6,1,6,6,6
24,40,0.000385542,1,0.000385542,0.000385542,0.000385542,492,1,492,492,492,6,1,6,6,6
24,40,0.000218367,1,0.000218367,0.000218367,0.000218367,424,1,424,424,424,6,1,6,6,6
24,40,0.000187424,1,0.000187424,0.000187424,0.000187424,395,1,395,395,395,6,1,6,6,6
24,40,0.000317654,1,0.000317654,0.000317654,0.000317654,432,1,432,432,432,7,1,7,7,7
24,40,0.00018845,1,0.00018845,0.00018845,0.00018845,409,1,409,409,409,6,1,6,6,6
24,40,0.000336944,1,0.000336944,0.000336944,0.000336944,457,1,457,457,457,7,1,7,7,7
24,40,0.000197414,1,0.000197414,0.000197414,0.000197414,411,1,411,411,411,6,1,6,6,6
24,40,0.000287421,1,0.000287421,0.000287421,0.000287421,432,1,432,432,432,7,1,7,7,7
24,40,0.000331476,1,0.000331476,0.000331476,0.000331476,482,1,482,482,482,6,1,6,6,6
24,40,0.000308403,1,0.000308403,0.000308403,0.000308403,441,1,441,441,441,7,1,7,7,7
24,40,0.000214435,1,0.000214435,0.000214435,0.000214435,434,1,434,434,434,6,1,6,6,6
24,40,0.000212798,1,0.000212798,0.000212798,0.000212798,405,1,405,405,405,6,1,6,6,6
24,40,0.000184613,1,0.000184613,0.000184613,0.000184613,402,1,402,402,402,6,1,6,6,6
24,40,0.000262838,1,0.000262838,0.000262838,0.000262838,414,1,414,414,414,6,1,6,6,6
24,40,0.000203515,1,0.000203515,0.000203515,0.000203515,409,1,409,409,409,6,1,6,6,6
24,40,0.000154894,1,0.000154894,0.000154894,0.000154894,388,1,388,388,388,6,1,6,6,6
24,40,0.000338362,1,0.000338362,0.000338362,0.000338362,440,1,440,440,440,7,1,7,7,7
24,40,0.000221371,1,0.000221371,0.000221371,0.000221371,398,1,398,398,398,6,1,6,6,6
24,40,0.000103757,1,0.000103757,0.000103757,0.000103757,363,1,363,363,363,5,1,5,5,5
24,40,0.00015707,1,0.00015707,0.00015707,0.00015707,392,1,392,392,392,5,1,5,5,5
24,40,0.000289552,1,0.000289552,0.000289552,0.000289552,434,1,434,434,434,6,1,6,6,6
24,40,0.000175543,1,0.000175543,0.000175543,0.000175543,388,1,388,388,388,6,1,6,6,6
24,40,0.000265762,1,0.000265762,0.000265762,0.000265762,436,1,436,436,436,6,1,6,6,6
24,40,0.000283886,1,0.000283886,0.000283886,0.000283886,462,1,462,462,462,7,1,7,7,7
24,40,0.000149835,1,0.000149835,0.000149835,0.000149835,373,1,373,373,373,6,1,6,6,6
24,40,0.000165545,1,0.000165545,0.000165545,0.000165545,409,1,409,409,409,6,1,6,6,6
24,40,0.000259607,1,0.000259607,0.000259607,0.000259607,427,1,427,427,427,6,1,6,6,6
24,40,0.000276288,1,0.000276288,0.000276288,0.000276288,440,1,440,440,440,6,1,6,6,6
24,40,0.000289877,1,0.000289877,0.000289877,0.000289877,422,1,422,422,422,6,1,6,6,6
24,40,0.000238826,1,0.000238826,0.000238826,0.000238826,392,1,392,392,392,6,1,6,6,6
24,40,0.000243274,1,0.000243274,0.000243274,0.000243274,444,1,444,444,444,6,1,6,6,6
24,40,0.000222805,1,0.000222805,0.000222805,0.000222805,405,1,405,405,405,6,1,6,6,6
24,40,0.000374413,1,0.000374413,0.000374413,0.000374413,499,1,499,499,499,7,1,7,7,7
24,40,0.000177446,1,0.000177446,0.000177446,0.000177446,367,1,367,367,367,5,1,5,5,5
24,40,0.000223549,1,0.000223549,0.000223549,0.000223549,432,1,432,432,432,6,1,6,6,6
24,40,0.000217107,1,0.000217107,0.000217107,0.000217107,392,1,392,392,392,6,1,6,6,6
24,40,0.000177673,1,0.000177673,0.000177673,0.000177673,378,1,378,378,378,5,1,5,5,5
24,40,0.000166036,1,0.000166036,0.000166036,0.000166036,393,1,393,393,393,5,1,5,5,5
24,40,0.000465035,1,0.000465035,0.000465035,0.000465035,486,1,486,486,486,6,1,6,6,6
24,40,0.000292789,1,0.000292789,0.000292789,0.000292789,454,1,454,454,454,6,1,6,6,6
24,40,0.000244694,1,0.000244694,0.000244694,0.000244694,416,1,416,416,416,6,1,6,6,6
24,40,0.000397601,1,0.000397601,0.000397601,0.000397601,483,1,483,483,483,7,1,7,7,7
24,40,0.000391,1,0.000391,0.000391,0.000391,473,1,473,473,473,7,1,7,7,7
24,40,0.000230115,1,0.000230115,0.000230115,0.000230115,412,1,412,412,412,6,1,6,6,6
24,40,0.000206088,1,0.000206088,0.000206088,0.000206088,414,1,414,414,414,6,1,6,6,6
24,40,0.000195666,1,0.000195666,0.000195666,0.000195666,416,1,416,416,416,6,1,6,6,6
24,40,0.000177185,1,0.000177185,0.000177185,0.000177185,406,1,406,406,406,6,1,6,6,6
24,40,0.000117228,1,0.000117228,0.000117228,0.000117228,359,1,359,359,359,5,1,5,5,5
24,40,0.000258287,1,0.000258287,0.000258287,0.000258287,441,1,441,441,441,6,1,6,6,6
24,40,0.000274389,1,0.000274389,0.000274389,0.000274389,413,1,413,413,413,6,1,6,6,6
24,40,0.000183101,1,0.000183101,0.000183101,0.000183101,409,1,409,409,409,6,1,6,6,6
24,40,0.000388857,1,0.000388857,0.000388857,0.000388857,466,1,466,466,466,7,1,7,7,7
24,40,0.000190353,1,0.000190353,0.000190353,0.000190353,367,1,367,367,367,5,1,5,5,5
24,40,0.000133306,1,0.000133306,0.000133306,0.000133306,413,1,413,413,413,5,1,5,5,5
24,40,0.000196503,1,0.000196503,0.000196503,0.000196503,413,1,413,413,413,6,1,6,6,6
24,40,0.000354834,1,0.000354834,0.000354834,0.000354834,474,1,474,474,474,7,1,7,7,7
24,40,0.000333938,1,0.000333938,0.000333938,0.000333938,442,1,442,442,442,7,1,7,7,7
24,40,0.000251553,1,0.000251553,0.000251553,0.000251553,428,1,428,428,428,6,1,6,6,6
24,40,0.000282788,1,0.000282788,0.000282788,0.000282788,437,1,437,437,437,6,1,6,6,6
24,40,0.00027407,1,0.00027407,0.00027407,0.00027407,430,1,430,430,430,6,1,6,6,6
24,40,0.000317364,1,0.000317364,0.000317364,0.000317364,468,1,468,468,468,7,1,7,7,7
24,40,0.000260781,1,0.000260781,0.000260781,0.000260781,410,1,410,410,410,6,1,6,6,6
24,40,0.000273051,1,0.000273051,0.000273051,0.000273051,441,1,441,441,441,7,1,7,7,7
24,40,0.000102542,1,0.000102542,0.000102542,0.000102542,354,1,354,354,354,5,1,5,5,5
24,40,8.7103e-05,1,8.7103e-05,8.7103e-05,8.7103e-05,351,1,351,351,351,5,1,5,5,5
24,40,0.00018182,1,0.00018182,0.00018182,0.00018182,402,1,402,402,402,6,1,6,6,6
24,40,0.000353952,1,0.000353952,0.000353952,0.000353952,460,1,460,460,460,7,1,7,7,7
24,40,0.000323897,1,0.000323897,0.000323897,0.000323897,453,1,453,453,453,7,1,7,7,7
24,40,0.000258755,1,0.000258755,0.000258755,0.000258755,407,1,407,407,407,6,1,6,6,6
24,40,0.000264525,1,0.000264525,0.000264525,0.000264525,454,1,454,454,454,6,1,6,6,6
24,40,0.000159692,1,0.000159692,0.000159692,0.000159692,402,1,402,402,402,6,1,6,6,6
24,40,0.000282399,1,0.000282399,0.000282399,0.000282399,415,1,415,415,415,6,1,6,6,6
24,40,0.00015728,1,0.00015728,0.00015728,0.00015728,411,1,411,411,411,6,1,6,6,6
24,40,0.000251722,1,0.000251722,0.000251722,0.000251722,446,1,446,446,446,7,1,7,7,7
24,40,0.000178991,1,0.000178991,0.000178991,0.000178991,403,1,403,403,403,5,1,5,5,5
24,40,0.000127084,1,0.000127084,0.000127084,0.000127084,377,1,377,377,377,5,1,5,5,5
24,40,0.000169805,1,0.000169805,0.000169805,0.000169805,373,1,373,373,373,5,1,5,5,5
24,40,0.000254286,1,0.000254286,0.000254286,0.000254286,419,1,419,419,419,6,1,6,6,6
24,40,0.000151777,1,0.000151777,0.000151777,0.000151777,405,1,405,405,405,6,1,6,6,6
24,40,0.00020209,1,0.00020209,0.00020209,0.00020209,424,1,424,424,424,6,1,6,6,6
24,40,0.000161811,1,0.000161811,0.000161811,0.000161811,377,1,377,377,377,5,1,5,5,5
24,40,0.000231194,1,0.000231194,0.000231194,0.000231194,423,1,423,423,423,6,1,6,6,6
24,40,0.000175357,1,0.000175357,0.000175357,0.000175357,408,1,408,408,408,6,1,6,6,6
24,40,0.000192355,1,0.000192355,0.000192355,0.000192355,385,1,385,385,385,6,1,6,6,6
24,40,0.000280068,1,0.000280068,0.000280068,0.000280068,419,1,419,419,419,7,1,7,7,7
24,40,0.000320613,1,0.000320613,0.000320613,0.000320613,458,1,458,458,458,7,1,7,7,7
24,40,0.00020773,1,0.00020773,0.00020773,0.00020773,418,1,418,418,418,6,1,6,6,6
24,40,0.000252453,1,0.000252453,0.000252453,0.000252453,459,1,459,459,459,6,1,6,6,6
24,40,0.00033801,1,0.00033801,0.00033801,0.00033801,468,1,468,468,468,6,1,6,6,6
24,40,0.000188268,1,0.000188268,0.000188268,0.000188268,437,1,437,437,437,7,1,7,7,7
24,40,0.000269872,1,0.000269872,0.000269872,0.000269872,437,1,437,437,437,6,1,6,6,6
24,40,0.000181718,1,0.000181718,0.000181718,0.000181718,394,1,394,394,394,6,1,6,6,6
24,40,0.000139565,1,0.000139565,0.000139565,0.000139565,400,1,400,400,400,5,1,5,5,5
24,40,0.000237276,1,0.000237276,0.000237276,0.000237276,429,1,429,429,429,6,1,6,6,6
24,40,9.22e-05,1,9.22e-05,9.22e-05,9.22e-05,338,1,338,338,338,5,1,5,5,5
24,40,0.000157601,1,0.000157601,0.000157601,0.000157601,393,1,393,393,393,5,1,5,5,5
24,40,0.000223958,1,0.000223958,0.000223958,0.000223958,412,1,412,412,412,6,1,6,6,6
24,40,0.000174619,1,0.000174619,0.000174619,0.000174619,424,1,424,424,424,6,1,6,6,6
24,40,0.000144794,1,0.000144794,0.000144794,0.000144794,404,1,404,404,404,6,1,6,6,6
24,40,0.000265861,1,0.000265861,0.000265861,0.000265861,427,1,427,427,427,6,1,6,6,6
24,40,0.000207688,1,0.000207688,0.000207688,0.000207688,432,1,432,432,432,6,1,6,6,6
24,40,0.000216854,1,0.000216854,0.000216854,0.000216854,412,1,412,412,412,6,1,6,6,6
24,40,0.000246189,1,0.000246189,0.000246189,0.000246189,456,1,456,456,456,6,1,6,6,6
24,40,0.0003746,1,0.0003746,0.0003746,0.0003746,470,1,470,470,470,7,1,7,7,7
24,40,0.000180449,1,0.000180449,0.000180449,0.000180449,364,1,364,364,364,5,1,5,5,5
24,40,0.000220035,1,0.000220035,0.000220035,0.000220035,415,1,415,415,415,6,1,6,6,6
24,40,0.000194536,1,0.000194536,0.000194536,0.000194536,404,1,404,404,404,6,1,6,6,6
24,40,0.000293295,1,0.000293295,0.000293295,0.000293295,444,1,444,444,444,7,1,7,7,7
24,40,0.000223748,1,0.000223748,0.000223748,0.000223748,413,1,413,413,413,6,1,6,6,6
24,40,0.000233302,1,0.000233302,0.000233302,0.000233302,400,1,400,400,400,6,1,6,6,6
24,40,0.000232696,1,0.000232696,0.000232696,0.000232696,438,1,438,438,438,6,1,6,6,6
24,40,0.000446299,1,0.000446299,0.000446299,0.000446299,469,1,469,469,469,7,1,7,7,7
24,40,0.000270581,1,0.000270581,0.000270581,0.000270581,448,1,448,448,448,6,1,6,6,6
24,40,0.000216256,1,0.000216256,0.000216256,0.000216256,412,1,412,412,412,6,1,6,6,6
24,40,0.000197169,1,0.000197169,0.000197169,0.000197169,405,1,405,405,405,5,1,5,5,5
24,40,0.00020633,1,0.00020633,0.00020633,0.00020633,406,1,406,406,406,6,1,6,6,6
24,40,0.000223354,1,0.000223354,0.000223354,0.000223354,416,1,416,416,416,6,1,6,6,6
24,40,0.000276304,1,0.000276304,0.000276304,0.000276304,426,1,426,426,426,6,1,6,6,6
24,40,0.00025137,1,0.00025137,0.00025137,0.00025137,394,1,394,394,394,6,1,6,6,6
24,40,0.000223951,1,0.000223951,0.000223951,0.000223951,450,1,450,450,450,6,1,6,6,6
24,40,0.000245822,1,0.000245822,0.000245822,0.000245822,420,1,420,420,420,6,1,6,6,6
24,40,0.000296506,1,0.000296506,0.000296506,0.000296506,476,1,476,476,476,7,1,7,7,7
24,40,0.000303678,1,0.000303678,0.000303678,0.000303678,456,1,456,456,456,7,1,7,7,7
24,40,0.000206164,1,0.000206164,0.000206164,0.000206164,431,1,431,431,431,6,1,6,6,6
24,40,0.000236439,1,0.000236439,0.000236439,0.000236439,425,1,425,425,425,6,1,6,6,6
24,40,0.000232052,1,0.000232052,0.000232052,0.000232052,429,1,429,429,429,6,1,6,6,6
24,40,0.000193064,1,0.000193064,0.000193064,0.000193064,426,1,426,426,426,6,1,6,6,6
24,40,0.000246179,1,0.000246179,0.000246179,0.000246179,417,1,417,417,417,6,1,6,6,6
24,40,0.000377947,1,0.000377947,0.000377947,0.000377947,475,1,475,475,475,6,1,6,6,6
24,40,0.000262028,1,0.000262028,0.000262028,0.000262028,466,1,466,466,466,6,1,6,6,6
24,40,0.000271561,1,0.000271561,0.000271561,0.000271561,431,1,431,431,431,7,1,7,7,7
24,40,0.00023123,1,0.00023123,0.00023123,0.00023123,420,1,420,420,420,6,1,6,6,6
24,40,0.000276057,1,0.000276057,0.000276057,0.000276057,468,1,468,468,468,7,1,7,7,7
24,40,0.000295183,1,0.000295183,0.000295183,0.000295183,458,1,458,458,458,7,1,7,7,7
24,40,0.000207902,1,0.000207902,0.000207902,0.000207902,407,1,407,407,407,6,1,6,6,6
24,40,0.000257951,1,0.000257951,0.000257951,0.000257951,407,1,407,407,407,6,1,6,6,6
24,40,0.000256324,1,0.000256324,0.000256324,0.000256324,392,1,392,392,392,6,1,6,6,6
24,40,0.000326064,1,0.000326064,0.000326064,0.000326064,475,1,475,475,475,7,1,7,7,7
24,40,0.000313062,1,0.000313062,0.000313062,0.000313062,493,1,493,493,493,6,1,6,6,6
24,40,0.000209728,1,0.000209728,0.000209728,0.000209728,387,1,387,387,387,6,1,6,6,6
24,40,0.000170348,1,0.000170348,0.000170348,0.000170348,396,1,396,396,396,6,1,6,6,6
24,40,0.000220995,1,0.000220995,0.000220995,0.000220995,381,1,381,381,381,6,1,6,6,6
24,40,0.000184412,1,0.000184412,0.000184412,0.000184412,398,1,398,398,398,6,1,6,6,6
24,40,0.000338053,1,0.000338053,0.000338053,0.000338053,451,1,451,451,451,7,1,7,7,7
24,40,0.000274598,1,0.000274598,0.000274598,0.000274598,427,1,427,427,427,6,1,6,6,6
24,40,0.000237381,1,0.000237381,0.000237381,0.000237381,410,1,410,410,410,6,1,6,6,6
24,40,0.000116193,1,0.000116193,0.000116193,0.000116193,360,1,360,360,360,5,1,5,5,5
24,40,0.000202642,1,0.000202642,0.000202642,0.000202642,416,1,416,416,416,6,1,6,6,6
24,40,0.00032749,1,0.00032749,0.00032749,0.00032749,442,1,442,442,442,7,1,7,7,7
24,40,0.00028576,1,0.00028576,0.00028576,0.00028576,450,1,450,450,450,7,1,7,7,7
24,40,0.000247166,1,0.000247166,0.000247166,0.000247166,459,1,459,459,459,7,1,7,7,7
24,40,0.00030272,1,0.00030272,0.00030272,0.00030272,442,1,442,442,442,7,1,7,7,7
24,40,0.000244875,1,0.000244875,0.000244875,0.000244875,426,1,426,426,426,7,1,7,7,7
24,40,0.000235859,1,0.000235859,0.000235859,0.000235859,427,1,427,427,427,7,1,7,7,7
24,40,0.000153178,1,0.000153178,0.000153178,0.000153178,387,1,387,387,387,6,1,6,6,6
24,40,0.000324093,1,0.000324093,0.000324093,0.000324093,448,1,448,448,448,7,1,7,7,7
24,40,0.000249852,1,0.000249852,0.000249852,0.000249852,452,1,452,452,452,6,1,6,6,6
24,40,0.000480401,1,0.000480401,0.000480401,0.000480401,471,1,471,471,471,7,1,7,7,7
24,40,0.000132559,1,0.000132559,0.000132559,0.000132559,388,1,388,388,388,5,1,5,5,5
24,40,0.000190048,1,0.000190048,0.000190048,0.000190048,415,1,415,415,415,6,1,6,6,6
24,40,0.000106942,1,0.000106942,0.000106942,0.000106942,363,1,363,363,363,5,1,5,5,5
24,40,0.000216311,1,0.000216311,0.000216311,0.000216311,421,1,421,421,421,6,1,6,6,6
24,40,0.000283733,1,0.000283733,0.000283733,0.000283733,440,1,440,440,440,7,1,7,7,7
24,40,0.000194546,1,0.000194546,0.000194546,0.000194546,388,1,388,388,388,6,1,6,6,6
24,40,0.000208305,1,0.000208305,0.000208305,0.000208305,444,1,444,444,444,6,1,6,6,6
24,40,0.000334134,1,0.000334134,0.000334134,0.000334134,447,1,447,447,447,7,1,7,7,7
24,40,0.000197648,1,0.000197648,0.000197648,0.000197648,402,1,402,402,402,6,1,6,6,6
24,40,0.000245745,1,0.000245745,0.000245745,0.000245745,414,1,414,414,414,6,1,6,6,6
24,40,0.000244543,1,0.000244543,0.000244543,0.000244543,413,1,413,413,413,6,1,6,6,6
24,40,0.000253903,1,0.000253903,0.000253903,0.000253903,440,1,440,440,440,6,1,6,6,6
24,40,0.000144637,1,0.000144637,0.000144637,0.000144637,373,1,373,373,373,5,1,5,5,5
24,40,0.000134372,1,0.000134372,0.000134372,0.000134372,353,1,353,353,353,5,1,5,5,5
24,40,0.000222786,1,0.000222786,0.000222786,0.000222786,405,1,405,405,405,6,1,6,6,6
24,40,0.000176362,1,0.000176362,0.000176362,0.000176362,406,1,406,406,406,6,1,6,6,6
24,40,0.000206268,1,0.000206268,0.000206268,0.000206268,402,1,402,402,402,6,1,6,6,6
24,40,0.000256582,1,0.000256582,0.000256582,0.000256582,422,1,422,422,422,6,1,6,6,6
24,40,0.000167849,1,0.000167849,0.000167849,0.000167849,411,1,411,411,411,6,1,6,6,6
24,40,0.000132958,1,0.000132958,0.000132958,0.000132958,398,1,398,398,398,6,1,6,6,6
24,40,0.000367849,1,0.000367849,0.000367849,0.000367849,461,1,461,461,461,7,1,7,7,7
24,40,0.000137935,1,0.000137935,0.000137935,0.000137935,363,1,363,363,363,5,1,5,5,5
24,40,0.000164807,1,0.000164807,0.000164807,0.000164807,407,1,407,407,407,6,1,6,6,6
24,40,0.00023031,1,0.00023031,0.00023031,0.00023031,411,1,411,411,411,6,1,6,6,6
24,40,0.000236839,1,0.000236839,0.000236839,0.000236839,429,1,429,429,429,6,1,6,6,6
24,40,0.000318951,1,0.000318951,0.000318951,0.000318951,417,1,417,417,417,6,1,6,6,6
24,40,0.000301747,1,0.000301747,0.000301747,0.000301747,448,1,448,448,448,7,1,7,7,7
24,40,0.000188448,1,0.000188448,0.000188448,0.000188448,394,1,394,394,394,6,1,6,6,6
24,40,0.000364043,1,0.000364043,0.000364043,0.000364043,488,1,488,488,488,7,1,7,7,7
24,40,0.000275127,1,0.000275127,0.000275127,0.000275127,459,1,459,459,459,7,1,7,7,7
24,40,0.000401944,1,0.000401944,0.000401944,0.000401944,464,1,464,464,464,8,1,8,8,8
24,40,0.00023564,1,0.00023564,0.00023564,0.00023564,419,1,419,419,419,6,1,6,6,6
24,40,0.00016879,1,0.00016879,0.00016879,0.00016879,398,1,398,398,398,6,1,6,6,6
24,40,0.00026536,1,0.00026536,0.00026536,0.00026536,414,1,414,414,414,6,1,6,6,6
24,40,9.1756e-05,1,9.1756e-05,9.1756e-05,9.1756e-05,367,1,367,367,367,5,1,5,5,5
24,40,0.000269272,1,0.000269272,0.000269272,0.000269272,432,1,432,432,432,5,1,5,5,5
24,40,0.000273948,1,0.000273948,0.000273948,0.000273948,409,1,409,409,409,6,1,6,6,6
24,40,0.000147729,1,0.000147729,0.000147729,0.000147729,374,1,374,374,374,5,1,5,5,5
24,40,0.000180575,1,0.000180575,0.000180575,0.000180575,400,1,400,400,400,6,1,6,6,6
24,40,0.000218799,1,0.000218799,0.000218799,0.000218799,398,1,398,398,398,6,1,6,6,6
24,40,0.000229733,1,0.000229733,0.000229733,0.000229733,423,1,423,423,423,6,1,6,6,6
24,40,0.00024297,1,0.00024297,0.00024297,0.00024297,419,1,419,419,419,6,1,6,6,6
24,40,0.000198377,1,0.000198377,0.000198377,0.000198377,419,1,419,419,419,6,1,6,6,6
24,40,0.000209381,1,0.000209381,0.000209381,0.000209381,403,1,403,403,403,6,1,6,6,6
24,40,0.000217937,1,0.000217937,0.000217937,0.000217937,402,1,402,402,402,6,1,6,6,6
24,40,0.000256579,1,0.000256579,0.000256579,0.000256579,407,1,407,407,407,6,1,6,6,6
24,40,0.000185252,1,0.000185252,0.000185252,0.000185252,423,1,423,423,423,5,1,5,5,5
24,40,0.00017903,1,0.00017903,0.00017903,0.00017903,406,1,406,406,406,6,1,6,6,6
24,40,0.000177816,1,0.000177816,0.000177816,0.000177816,407,1,407,407,407,6,1,6,6,6
24,40,0.000340818,1,0.000340818,0.000340818,0.000340818,457,1,457,457,457,7,1,7,7,7
24,40,0.000268727,1,0.000268727,0.000268727,0.000268727,441,1,441,441,441,7,1,7,7,7
24,40,0.000247499,1,0.000247499,0.000247499,0.000247499,415,1,415,415,415,6,1,6,6,6
24,40,0.00012932,1,0.00012932,0.00012932,0.00012932,375,1,375,375,375,5,1,5,5,5
24,40,0.00024212,1,0.00024212,0.00024212,0.00024212,395,1,395,395,395,6,1,6,6,6
24,40,0.000291792,1,0.000291792,0.000291792,0.000291792,428,1,428,428,428,7,1,7,7,7
24,40,0.00028921,1,0.00028921,0.00028921,0.00028921,453,1,453,453,453,6,1,6,6,6
24,40,0.000272459,1,0.000272459,0.000272459,0.000272459,404,1,404,404,404,6,1,6,6,6
24,40,0.000203768,1,0.000203768,0.000203768,0.000203768,423,1,423,423,423,6,1,6,6,6
24,40,0.000254155,1,0.000254155,0.000254155,0.000254155,463,1,463,463,463,6,1,6,6,6
24,40,0.000192293,1,0.000192293,0.000192293,0.000192293,412,1,412,412,412,6,1,6,6,6
24,40,0.000254151,1,0.000254151,0.000254151,0.000254151,416,1,416,416,416,5,1,5,5,5
24,40,0.000113889,1,0.000113889,0.000113889,0.000113889,375,1,375,375,375,5,1,5,5,5
24,40,0.000314122,1,0.000314122,0.000314122,0.000314122,449,1,449,449,449,7,1,7,7,7
24,40,0.000120132,1,0.000120132,0.000120132,0.000120132,363,1,363,363,363,5,1,5,5,5
24,40,0.000247075,1,0.000247075,0.000247075,0.000247075,433,1,433,433,433,7,1,7,7,7
24,40,0.000178639,1,0.000178639,0.000178639,0.000178639,401,1,401,401,401,6,1,6,6,6
24,40,0.000339676,1,0.000339676,0.000339676,0.000339676,452,1,452,452,452,7,1,7,7,7
24,40,0.000214957,1,0.000214957,0.000214957,0.000214957,412,1,412,412,412,6,1,6,6,6
24,40,0.000181788,1,0.000181788,0.000181788,0.000181788,389,1,389,389,389,5,1,5,5,5
24,40,0.000233681,1,0.000233681,0.000233681,0.000233681,409,1,409,409,409,6,1,6,6,6
24,40,0.000213466,1,0.000213466,0.000213466,0.000213466,447,1,447,447,447,6,1,6,6,6
24,40,0.000131172,1,0.000131172,0.000131172,0.000131172,369,1,369,369,369,5,1,5,5,5
24,40,0.000234318,1,0.000234318,0.000234318,0.000234318,412,1,412,412,412,6,1,6,6,6
24,40,0.000230382,1,0.000230382,0.000230382,0.000230382,417,1,417,417,417,6,1,6,6,6
24,40,0.000211328,1,0.000211328,0.000211328,0.000211328,411,1,411,411,411,6,1,6,6,6
24,40,0.000349732,1,0.000349732,0.000349732,0.000349732,492,1,492,492,492,6,1,6,6,6
24,40,0.000147139,1,0.000147139,0.000147139,0.000147139,374,1,374,374,374,5,1,5,5,5
24,40,0.000295725,1,0.000295725,0.000295725,0.000295725,472,1,472,472,472,7,1,7,7,7
24,40,0.000126321,1,0.000126321,0.000126321,0.000126321,374,1,374,374,374,5,1,5,5,5
24,40,0.000339165,1,0.000339165,0.000339165,0.000339165,497,1,497,497,497,7,1,7,7,7
24,40,0.000173903,1,0.000173903,0.000173903,0.000173903,391,1,391,391,391,6,1,6,6,6
24,40,0.000240065,1,0.000240065,0.000240065,0.000240065,439,1,439,439,439,6,1,6,6,6
24,40,0.000155982,1,0.000155982,0.000155982,0.000155982,395,1,395,395,395,6,1,6,6,6
24,40,0.000163307,1,0.000163307,0.000163307,0.000163307,373,1,373,373,373,6,1,6,6,6
24,40,0.000335461,1,0.000335461,0.000335461,0.000335461,467,1,467,467,467,7,1,7,7,7
24,40,0.000211499,1,0.000211499,0.000211499,0.000211499,399,1,399,399,399,6,1,6,6,6
24,40,0.000297505,1,0.000297505,0.000297505,0.000297505,434,1,434,434,434,7,1,7,7,7
24,40,0.000262096,1,0.000262096,0.000262096,0.000262096,476,1,476,476,476,6,1,6,6,6
24,40,0.000174495,1,0.000174495,0.000174495,0.000174495,417,1,417,417,417,6,1,6,6,6
24,40,0.000286343,1,0.000286343,0.000286343,0.000286343,449,1,449,449,449,6,1,6,6,6
24,40,0.00021252,1,0.00021252,0.00021252,0.00021252,411,1,411,411,411,6,1,6,6,6
24,40,0.000428321,1,0.000428321,0.000428321,0.000428321,517,1,517,517,517,8,1,8,8,8
24,40,0.000305219,1,0.000305219,0.000305219,0.000305219,458,1,458,458,458,7,1,7,7,7
24,40,0.000247484,1,0.000247484,0.000247484,0.000247484,423,1,423,423,423,6,1,6,6,6
24,40,0.000182871,1,0.000182871,0.000182871,0.000182871,404,1,404,404,404,6,1,6,6,6
24,40,0.00021454,1,0.00021454,0.00021454,0.00021454,414,1,414,414,414,6,1,6,6,6
24,40,0.000218238,1,0.000218238,0.000218238,0.000218238,439,1,439,439,439,6,1,6,6,6
24,40,0.000298026,1,0.000298026,0.000298026,0.000298026,425,1,425,425,425,6,1,6,6,6
24,40,0.000173567,1,0.000173567,0.000173567,0.000173567,416,1,416,416,416,6,1,6,6,6
24,40,0.000208589,1,0.000208589,0.000208589,0.000208589,407,1,407,407,407,6,1,6,6,6
24,40,0.000227137,1,0.000227137,0.000227137,0.000227137,421,1,421,421,421,6,1,6,6,6
24,40,0.00026445,1,0.00026445,0.00026445,0.00026445,403,1,403,403,403,6,1,6,6,6
24,40,0.000263415,1,0.000263415,0.000263415,0.000263415,421,1,421,421,421,6,1,6,6,6
24,40,0.000182478,1,0.000182478,0.000182478,0.000182478,413,1,413,413,413,6,1,6,6,6
24,40,0.000141726,1,0.000141726,0.000141726,0.000141726,364,1,364,364,364,5,1,5,5,5
24,40,0.00018095,1,0.00018095,0.00018095,0.00018095,390,1,390,390,390,6,1,6,6,6
24,40,7.9276e-05,1,7.9276e-05,7.9276e-05,7.9276e-05,348,1,348,348,348,5,1,5,5,5
24,40,0.000288697,1,0.000288697,0.000288697,0.000288697,428,1,428,428,428,6,1,6,6,6
24,40,0.000174626,1,0.000174626,0.000174626,0.000174626,396,1,396,396,396,5,1,5,5,5
24,40,0.000240617,1,0.000240617,0.000240617,0.000240617,431,1,431,431,431,6,1,6,6,6
24,40,0.00025426,1,0.00025426,0.00025426,0.00025426,421,1,421,421,421,6,1,6,6,6
24,40,0.000117422,1,0.000117422,0.000117422,0.000117422,368,1,368,368,368,5,1,5,5,5
24,40,0.000218816,1,0.000218816,0.000218816,0.000218816,422,1,422,422,422,6,1,6,6,6
24,40,0.000279987,1,0.000279987,0.000279987,0.000279987,439,1,439,439,439,6,1,6,6,6
24,40,0.000216375,1,0.000216375,0.000216375,0.000216375,415,1,415,415,415,6,1,6,6,6
24,40,0.000196805,1,0.000196805,0.000196805,0.000196805,398,1,398,398,398,6,1,6,6,6
24,40,0.000387459,1,0.000387459,0.000387459,0.000387459,470,1,470,470,470,7,1,7,7,7
24,40,0.000252603,1,0.000252603,0.000252603,0.000252603,428,1,428,428,428,7,1,7,7,7
24,40,0.000230929,1,0.000230929,0.000230929,0.000230929,400,1,400,400,400,6,1,6,6,6
24,40,0.000171093,1,0.000171093,0.000171093,0.000171093,420,1,420,420,420,6,1,6,6,6
24,40,0.000235953,1,0.000235953,0.000235953,0.000235953,449,1,449,449,449,6,1,6,6,6
24,40,0.000341434,1,0.000341434,0.000341434,0.000341434,470,1,470,470,470,7,1,7,7,7
24,40,0.000232645,1,0.000232645,0.000232645,0.000232645,411,1,411,411,411,5,1,5,5,5
24,40,0.000182085,1,0.000182085,0.000182085,0.000182085,403,1,403,403,403,6,1,6,6,6
24,40,0.00017981,1,0.00017981,0.00017981,0.00017981,386,1,386,386,386,6,1,6,6,6
24,40,0.000208298,1,0.000208298,0.000208298,0.000208298,409,1,409,409,409,6,1,6,6,6
24,40,0.000204209,1,0.000204209,0.000204209,0.000204209,390,1,390,390,390,6,1,6,6,6
24,40,0.000200659,1,0.000200659,0.000200659,0.000200659,413,1,413,413,413,6,1,6,6,6
24,40,0.000258654,1,0.000258654,0.000258654,0.000258654,431,1,431,431,431,7,1,7,7,7
24,40,0.000301701,1,0.000301701,0.000301701,0.000301701,437,1,437,437,437,7,1,7,7,7
24,40,0.00018635,1,0.00018635,0.00018635,0.00018635,422,1,422,422,422,6,1,6,6,6
24,40,0.00020709,1,0.00020709,0.00020709,0.00020709,406,1,406,406,406,6,1,6,6,6
24,40,0.000258929,1,0.000258929,0.000258929,0.000258929,424,1,424,424,424,6,1,6,6,6
24,40,0.000241365,1,0.000241365,0.000241365,0.000241365,422,1,422,422,422,6,1,6,6,6
24,40,0.000240376,1,0.000240376,0.000240376,0.000240376,414,1,414,414,414,6,1,6,6,6
24,40,0.000209742,1,0.000209742,0.000209742,0.000209742,409,1,409,409,409,6,1,6,6,6
24,40,0.000168681,1,0.000168681,0.000168681,0.000168681,387,1,387,387,387,6,1,6,6,6
24,40,0.000442455,1,0.000442455,0.000442455,0.000442455,479,1,479,479,479,7,1,7,7,7
24,40,0.000174532,1,0.000174532,0.000174532,0.000174532,394,1,394,394,394,6,1,6,6,6
24,40,0.000252533,1,0.000252533,0.000252533,0.000252533,416,1,416,416,416,6,1,6,6,6
24,40,0.000318459,1,0.000318459,0.000318459,0.000318459,460,1,460,460,460,7,1,7,7,7
24,40,0.000254296,1,0.000254296,0.000254296,0.000254296,433,1,433,433,433,6,1,6,6,6
24,40,0.000283467,1,0.000283467,0.000283467,0.000283467,447,1,447,447,447,7,1,7,7,7
24,40,0.000316516,1,0.000316516,0.000316516,0.000316516,465,1,465,465,465,6,1,6,6,6
24,40,0.000214157,1,0.000214157,0.000214157,0.000214157,398,1,398,398,398,6,1,6,6,6
24,40,0.000231147,1,0.000231147,0.000231147,0.000231147,421,1,421,421,421,6,1,6,6,6
24,40,0.0002687,1,0.0002687,0.0002687,0.0002687,442,1,442,442,442,6,1,6,6,6
24,40,0.000235662,1,0.000235662,0.000235662,0.000235662,418,1,418,418,418,6,1,6,6,6
24,40,0.000252236,1,0.000252236,0.000252236,0.000252236,417,1,417,417,417,6,1,6,6,6
24,40,0.000326808,1,0.000326808,0.000326808,0.000326808,466,1,466,466,466,7,1,7,7,7
24,40,0.000227996,1,0.000227996,0.000227996,0.000227996,394,1,394,394,394,6,1,6,6,6
24,40,0.000253428,1,0.000253428,0.000253428,0.000253428,471,1,471,471,471,6,1,6,6,6
24,40,0.000190487,1,0.000190487,0.000190487,0.000190487,426,1,426,426,426,6,1,6,6,6
24,40,0.000424905,1,0.000424905,0.000424905,0.000424905,492,1,492,492,492,8,1,8,8,8
24,40,0.000199075,1,0.000199075,0.000199075,0.000199075,415,1,415,415,415,6,1,6,6,6
24,40,0.000107383,1,0.000107383,0.000107383,0.000107383,380,1,380,380,380,5,1,5,5,5
24,40,0.000348378,1,0.000348378,0.000348378,0.000348378,491,1,491,491,491,6,1,6,6,6
24,40,0.000238436,1,0.000238436,0.000238436,0.000238436,430,1,430,430,430,7,1,7,7,7
24,40,0.000334437,1,0.000334437,0.000334437,0.000334437,453,1,453,453,453,7,1,7,7,7
24,40,0.000184141,1,0.000184141,0.000184141,0.000184141,389,1,389,389,389,5,1,5,5,5
24,40,0.000132282,1,0.000132282,0.000132282,0.000132282,366,1,366,366,366,5,1,5,5,5
24,40,0.000234422,1,0.000234422,0.000234422,0.000234422,423,1,423,423,423,6,1,6,6,6
24,40,0.000289267,1,0.000289267,0.000289267,0.000289267,464,1,464,464,464,6,1,6,6,6
24,40,0.000350925,1,0.000350925,0.000350925,0.000350925,469,1,469,469,469,7,1,7,7,7
24,40,0.000193485,1,0.000193485,0.000193485,0.000193485,408,1,408,408,408,6,1,6,6,6
24,40,0.000134411,1,0.000134411,0.000134411,0.000134411,370,1,370,370,370,5,1,5,5,5
24,40,0.000201816,1,0.000201816,0.000201816,0.000201816,401,1,401,401,401,6,1,6,6,6
24,40,0.000236538,1,0.000236538,0.000236538,0.000236538,406,1,406,406,406,6,1,6,6,6
24,40,0.000225242,1,0.000225242,0.000225242,0.000225242,420,1,420,420,420,6,1,6,6,6
24,40,0.000275239,1,0.000275239,0.000275239,0.000275239,423,1,423,423,423,6,1,6,6,6
24,40,0.000229476,1,0.000229476,0.000229476,0.000229476,424,1,424,424,424,6,1,6,6,6
24,40,0.000259405,1,0.000259405,0.000259405,0.000259405,436,1,436,436,436,6,1,6,6,6
24,40,0.000186173,1,0.000186173,0.000186173,0.000186173,396,1,396,396,396,6,1,6,6,6
24,40,0.000400338,1,0.000400338,0.000400338,0.000400338,475,1,475,475,475,7,1,7,7,7
24,40,0.00022983,1,0.00022983,0.00022983,0.00022983,411,1,411,411,411,6,1,6,6,6
24,40,0.000269401,1,0.000269401,0.000269401,0.000269401,419,1,419,419,419,6,1,6,6,6
24,40,0.000169399,1,0.000169399,0.000169399,0.000169399,404,1,404,404,404,5,1,5,5,5
24,40,0.00024163,1,0.00024163,0.00024163,0.00024163,436,1,436,436,436,6,1,6,6,6
24,40,0.000372711,1,0.000372711,0.000372711,0.000372711,459,1,459,459,459,7,1,7,7,7
24,40,0.000351993,1,0.000351993,0.000351993,0.000351993,472,1,472,472,472,7,1,7,7,7
24,40,0.000195537,1,0.000195537,0.000195537,0.000195537,423,1,423,423,423,6,1,6,6,6
24,40,0.000280833,1,0.000280833,0.000280833,0.000280833,446,1,446,446,446,6,1,6,6,6
24,40,0.000208573,1,0.000208573,0.000208573,0.000208573,399,1,399,399,399,6,1,6,6,6
24,40,0.000116333,1,0.000116333,0.000116333,0.000116333,371,1,371,371,371,5,1,5,5,5
24,40,0.000159868,1,0.000159868,0.000159868,0.000159868,397,1,397,397,397,5,1,5,5,5
24,40,0.000345661,1,0.000345661,0.000345661,0.000345661,418,1,418,418,418,6,1,6,6,6
24,40,0.000252196,1,0.000252196,0.000252196,0.000252196,439,1,439,439,439,6,1,6,6,6
24,40,0.000262132,1,0.000262132,0.000262132,0.000262132,413,1,413,413,413,6,1,6,6,6
24,40,0.000324731,1,0.000324731,0.000324731,0.000324731,472,1,472,472,472,7,1,7,7,7
24,40,0.00014689,1,0.00014689,0.00014689,0.00014689,383,1,383,383,383,6,1,6,6,6
24,40,0.000294299,1,0.000294299,0.000294299,0.000294299,458,1,458,458,458,6,1,6,6,6
24,40,0.000359066,1,0.000359066,0.000359066,0.000359066,426,1,426,426,426,7,1,7,7,7
24,40,0.000220808,1,0.000220808,0.000220808,0.000220808,444,1,444,444,444,6,1,6,6,6
24,40,0.000207298,1,0.000207298,0.000207298,0.000207298,398,1,398,398,398,6,1,6,6,6
24,40,0.000134575,1,0.000134575,0.000134575,0.000134575,377,1,377,377,377,5,1,5,5,5
24,40,0.000309878,1,0.000309878,0.000309878,0.000309878,451,1,451,451,451,7,1,7,7,7
24,40,0.000223123,1,0.000223123,0.000223123,0.000223123,452,1,452,452,452,6,1,6,6,6
24,40,0.00019359,1,0.00019359,0.00019359,0.00019359,391,1,391,391,391,6,1,6,6,6
24,40,0.000201913,1,0.000201913,0.000201913,0.000201913,430,1,430,430,430,6,1,6,6,6
24,40,0.000486578,1,0.000486578,0.000486578,0.000486578,483,1,483,483,483,7,1,7,7,7
24,40,0.000338281,1,0.000338281,0.000338281,0.000338281,433,1,433,433,433,6,1,6,6,6
24,40,0.000376079,1,0.000376079,0.000376079,0.000376079,445,1,445,445,445,7,1,7,7,7
24,40,0.00023315,1,0.00023315,0.00023315,0.00023315,409,1,409,409,409,6,1,6,6,6
24,40,0.000225711,1,0.000225711,0.000225711,0.000225711,432,1,432,432,432,6,1,6,6,6
24,40,0.000385097,1,0.000385097,0.000385097,0.000385097,456,1,456,456,456,7,1,7,7,7
24,40,0.000227632,1,0.000227632,0.000227632,0.000227632,421,1,421,421,421,6,1,6,6,6
24,40,0.00022811,1,0.00022811,0.00022811,0.00022811,408,1,408,408,408,6,1,6,6,6
24,40,0.00026772,1,0.00026772,0.00026772,0.00026772,407,1,407,407,407,6,1,6,6,6
24,40,0.000182751,1,0.000182751,0.000182751,0.000182751,400,1,400,400,400,6,1,6,6,6
24,40,0.000359516,1,0.000359516,0.000359516,0.000359516,459,1,459,459,459,7,1,7,7,7
24,40,0.000159818,1,0.000159818,0.000159818,0.000159818,405,1,405,405,405,6,1,6,6,6
24,40,9.3506e-05,1,9.3506e-05,9.3506e-05,9.3506e-05,377,1,377,377,377,5,1,5,5,5
24,40,0.000221452,1,0.000221452,0.000221452,0.000221452,421,1,421,421,421,6,1,6,6,6
24,40,0.000202536,1,0.000202536,0.000202536,0.000202536,408,1,408,408,408,6,1,6,6,6
24,40,0.000212864,1,0.000212864,0.000212864,0.000212864,401,1,401,401,401,6,1,6,6,6
24,40,0.000159178,1,0.000159178,0.000159178,0.000159178,396,1,396,396,396,6,1,6,6,6
24,40,0.000314518,1,0.000314518,0.000314518,0.000314518,449,1,449,449,449,7,1,7,7,7
24,40,0.00030228,1,0.00030228,0.00030228,0.00030228,445,1,445,445,445,7,1,7,7,7
24,40,0.000121781,1,0.000121781,0.000121781,0.000121781,356,1,356,356,356,5,1,5,5,5
24,40,0.000204366,1,0.000204366,0.000204366,0.000204366,418,1,418,418,418,5,1,5,5,5
24,40,0.000298624,1,0.000298624,0.000298624,0.000298624,454,1,454,454,454,6,1,6,6,6
24,40,0.00022941,1,0.00022941,0.00022941,0.00022941,423,1,423,423,423,6,1,6,6,6
24,40,0.000241723,1,0.000241723,0.000241723,0.000241723,426,1,426,426,426,6,1,6,6,6
24,40,0.000206203,1,0.000206203,0.000206203,0.000206203,419,1,419,419,419,6,1,6,6,6
24,40,0.000157052,1,0.000157052,0.000157052,0.000157052,368,1,368,368,368,5,1,5,5,5
24,40,0.000213306,1,0.000213306,0.000213306,0.000213306,428,1,428,428,428,6,1,6,6,6
24,40,0.000339033,1,0.000339033,0.000339033,0.000339033,443,1,443,443,443,7,1,7,7,7
24,40,0.00028013,1,0.00028013,0.00028013,0.00028013,426,1,426,426,426,6,1,6,6,6
24,40,0.000173123,1,0.000173123,0.000173123,0.000173123,383,1,383,383,383,5,1,5,5,5
24,40,0.000251179,1,0.000251179,0.000251179,0.000251179,414,1,414,414,414,7,1,7,7,7
24,40,0.000342441,1,0.000342441,0.000342441,0.000342441,533,1,533,533,533,7,1,7,7,7
24,40,0.00027778,1,0.00027778,0.00027778,0.00027778,417,1,417,417,417,6,1,6,6,6
24,40,0.00029306,1,0.00029306,0.00029306,0.00029306,423,1,423,423,423,6,1,6,6,6
24,40,0.000230786,1,0.000230786,0.000230786,0.000230786,415,1,415,415,415,6,1,6,6,6
24,40,0.000259654,1,0.000259654,0.000259654,0.000259654,450,1,450,450,450,6,1,6,6,6
24,40,0.000236738,1,0.000236738,0.000236738,0.000236738,433,1,433,433,433,6,1,6,6,6
24,40,0.000279607,1,0.000279607,0.000279607,0.000279607,426,1,426,426,426,6,1,6,6,6
24,40,0.000289776,1,0.000289776,0.000289776,0.000289776,480,1,480,480,480,6,1,6,6,6
24,40,0.000233012,1,0.000233012,0.000233012,0.000233012,402,1,402,402,402,6,1,6,6,6
24,40,0.000199748,1,0.000199748,0.000199748,0.000199748,424,1,424,424,424,6,1,6,6,6
24,40,0.000324695,1,0.000324695,0.000324695,0.000324695,433,1,433,433,433,6,1,6,6,6
24,40,0.000270813,1,0.000270813,0.000270813,0.000270813,439,1,439,439,439,7,1,7,7,7
24,40,0.000155642,1,0.000155642,0.000155642,0.000155642,377,1,377,377,377,5,1,5,5,5
24,40,0.000116847,1,0.000116847,0.000116847,0.000116847,362,1,362,362,362,5,1,5,5,5
24,40,0.000277769,1,0.000277769,0.000277769,0.000277769,447,1,447,447,447,7,1,7,7,7
24,40,0.000145002,1,0.000145002,0.000145002,0.000145002,368,1,368,368,368,5,1,5,5,5
24,40,0.000114648,1,0.000114648,0.000114648,0.000114648,371,1,371,371,371,5,1,5,5,5
24,40,0.000213942,1,0.000213942,0.000213942,0.000213942,428,1,428,428,428,6,1,6,6,6
24,40,0.000210098,1,0.000210098,0.000210098,0.000210098,412,1,412,412,412,6,1,6,6,6
24,40,0.000211552,1,0.000211552,0.000211552,0.000211552,429,1,429,429,429,6,1,6,6,6
24,40,0.00018898,1,0.00018898,0.00018898,0.00018898,404,1,404,404,404,6,1,6,6,6
24,40,0.000173444,1,0.000173444,0.000173444,0.000173444,392,1,392,392,392,5,1,5,5,5
24,40,0.000271044,1,0.000271044,0.000271044,0.000271044,443,1,443,443,443,6,1,6,6,6
24,40,0.000428233,1,0.000428233,0.000428233,0.000428233,461,1,461,461,461,7,1,7,7,7
24,40,0.000214501,1,0.000214501,0.000214501,0.000214501,410,1,410,410,410,6,1,6,6,6
24,40,0.000212275,1,0.000212275,0.000212275,0.000212275,414,1,414,414,414,6,1,6,6,6
24,40,0.000178772,1,0.000178772,0.000178772,0.000178772,399,1,399,399,399,6,1,6,6,6
24,40,0.000247881,1,0.000247881,0.000247881,0.000247881,415,1,415,415,415,6,1,6,6,6
24,40,0.000393119,1,0.000393119,0.000393119,0.000393119,494,1,494,494,494,7,1,7,7,7
24,40,0.000341756,1,0.000341756,0.000341756,0.000341756,458,1,458,458,458,6,1,6,6,6
24,40,0.000266988,1,0.000266988,0.000266988,0.000266988,424,1,424,424,424,6,1,6,6,6
24,40,0.000335642,1,0.000335642,0.000335642,0.000335642,425,1,425,425,425,7,1,7,7,7
24,40,0.000361696,1,0.000361696,0.000361696,0.000361696,478,1,478,478,478,7,1,7,7,7
24,40,0.000356185,1,0.000356185,0.000356185,0.000356185,451,1,451,451,451,7,1,7,7,7
24,40,0.00025431,1,0.00025431,0.00025431,0.00025431,416,1,416,416,416,6,1,6,6,6
24,40,0.000164764,1,0.000164764,0.000164764,0.000164764,395,1,395,395,395,5,1,5,5,5
24,40,0.000339687,1,0.000339687,0.000339687,0.000339687,455,1,455,455,455,6,1,6,6,6
24,40,0.000165336,1,0.000165336,0.000165336,0.000165336,381,1,381,381,381,5,1,5,5,5
24,40,0.000165368,1,0.000165368,0.000165368,0.000165368,357,1,357,357,357,5,1,5,5,5
24,40,0.000164927,1,0.000164927,0.000164927,0.000164927,404,1,404,404,404,6,1,6,6,6
24,40,0.000179868,1,0.000179868,0.000179868,0.000179868,393,1,393,393,393,6,1,6,6,6
24,40,0.000382784,1,0.000382784,0.000382784,0.000382784,474,1,474,474,474,7,1,7,7,7
24,40,0.000190953,1,0.000190953,0.000190953,0.000190953,403,1,403,403,403,6,1,6,6,6
24,40,0.000325676,1,0.000325676,0.000325676,0.000325676,427,1,427,427,427,6,1,6,6,6
24,40,0.000158791,1,0.000158791,0.000158791,0.000158791,423,1,423,423,423,5,1,5,5,5
24,40,0.000286908,1,0.000286908,0.000286908,0.000286908,485,1,485,485,485,6,1,6,6,6
24,40,0.00018447,1,0.00018447,0.00018447,0.00018447,405,1,405,405,405,6,1,6,6,6
24,40,0.000229071,1,0.000229071,0.000229071,0.000229071,426,1,426,426,426,6,1,6,6,6
24,40,0.000282293,1,0.000282293,0.000282293,0.000282293,417,1,417,417,417,6,1,6,6,6
24,40,0.000137064,1,0.000137064,0.000137064,0.000137064,370,1,370,370,370,6,1,6,6,6
24,40,0.000119822,1,0.000119822,0.000119822,0.000119822,375,1,375,375,375,5,1,5,5,5
24,40,0.00021882,1,0.00021882,0.00021882,0.00021882,404,1,404,404,404,6,1,6,6,6
24,40,0.000155597,1,0.000155597,0.000155597,0.000155597,406,1,406,406,406,6,1,6,6,6
24,40,0.000264307,1,0.000264307,0.000264307,0.000264307,410,1,410,410,410,6,1,6,6,6
24,40,0.000206249,1,0.000206249,0.000206249,0.000206249,437,1,437,437,437,6,1,6,6,6
24,40,0.000167402,1,0.000167402,0.000167402,0.000167402,401,1,401,401,401,6,1,6,6,6
24,40,0.000160713,1,0.000160713,0.000160713,0.000160713,384,1,384,384,384,5,1,5,5,5
24,40,0.000207668,1,0.000207668,0.000207668,0.000207668,403,1,403,403,403,6,1,6,6,6
24,40,0.000127675,1,0.000127675,0.000127675,0.000127675,385,1,385,385,385,5,1,5,5,5
24,40,7.5919e-05,1,7.5919e-05,7.5919e-05,7.5919e-05,350,1,350,350,350,5,1,5,5,5
24,40,0.000235614,1,0.000235614,0.000235614,0.000235614,420,1,420,420,420,6,1,6,6,6
24,40,0.000149341,1,0.000149341,0.000149341,0.000149341,394,1,394,394,394,5,1,5,5,5
24,40,0.000383139,1,0.000383139,0.000383139,0.000383139,488,1,488,488,488,7,1,7,7,7
24,40,0.000418996,1,0.000418996,0.000418996,0.000418996,442,1,442,442,442,7,1,7,7,7
24,40,0.000215747,1,0.000215747,0.000215747,0.000215747,408,1,408,408,408,6,1,6,6,6
24,40,0.000144636,1,0.000144636,0.000144636,0.000144636,372,1,372,372,372,5,1,5,5,5
24,40,0.000201239,1,0.000201239,0.000201239,0.000201239,428,1,428,428,428,5,1,5,5,5
24,40,0.000378559,1,0.000378559,0.000378559,0.000378559,482,1,482,482,482,7,1,7,7,7
24,40,0.000352577,1,0.000352577,0.000352577,0.000352577,463,1,463,463,463,7,1,7,7,7
24,40,0.000261519,1,0.000261519,0.000261519,0.000261519,427,1,427,427,427,6,1,6,6,6
24,40,0.000410433,1,0.000410433,0.000410433,0.000410433,463,1,463,463,463,7,1,7,7,7
24,40,0.000132601,1,0.000132601,0.000132601,0.000132601,390,1,390,390,390,5,1,5,5,5
24,40,0.00023635,1,0.00023635,0.00023635,0.00023635,447,1,447,447,447,6,1,6,6,6
24,40,0.000162683,1,0.000162683,0.000162683,0.000162683,412,1,412,412,412,6,1,6,6,6
24,40,0.000305829,1,0.000305829,0.000305829,0.000305829,424,1,424,424,424,6,1,6,6,6
24,40,0.000299944,1,0.000299944,0.000299944,0.000299944,432,1,432,432,432,7,1,7,7,7
24,40,0.000116472,1,0.000116472,0.000116472,0.000116472,370,1,370,370,370,5,1,5,5,5
24,40,0.000202967,1,0.000202967,0.000202967,0.000202967,398,1,398,398,398,6,1,6,6,6
24,40,0.000169347,1,0.000169347,0.000169347,0.000169347,383,1,383,383,383,6,1,6,6,6
24,40,0.00027343,1,0.00027343,0.00027343,0.00027343,410,1,410,410,410,6,1,6,6,6
24,40,0.000154399,1,0.000154399,0.000154399,0.000154399,371,1,371,371,371,5,1,5,5,5
24,40,0.000206104,1,0.000206104,0.000206104,0.000206104,415,1,415,415,415,6,1,6,6,6
24,40,0.000169735,1,0.000169735,0.000169735,0.000169735,423,1,423,423,423,6,1,6,6,6
24,40,0.000273745,1,0.000273745,0.000273745,0.000273745,451,1,451,451,451,6,1,6,6,6
24,40,0.000183398,1,0.000183398,0.000183398,0.000183398,405,1,405,405,405,6,1,6,6,6
24,40,0.000261591,1,0.000261591,0.000261591,0.000261591,430,1,430,430,430,6,1,6,6,6
24,40,0.000374613,1,0.000374613,0.000374613,0.000374613,454,1,454,454,454,7,1,7,7,7
24,40,0.000274304,1,0.000274304,0.000274304,0.000274304,429,1,429,429,429,6,1,6,6,6
24,40,0.000245202,1,0.000245202,0.000245202,0.000245202,426,1,426,426,426,6,1,6,6,6
24,40,0.000239772,1,0.000239772,0.000239772,0.000239772,432,1,432,432,432,6,1,6,6,6
24,40,0.000269326,1,0.000269326,0.000269326,0.000269326,415,1,415,415,415,6,1,6,6,6
24,40,0.000373926,1,0.000373926,0.000373926,0.000373926,456,1,456,456,456,7,1,7,7,7
24,40,0.000272633,1,0.000272633,0.000272633,0.000272633,458,1,458,458,458,7,1,7,7,7
24,40,0.000360969,1,0.000360969,0.000360969,0.000360969,469,1,469,469,469,7,1,7,7,7
24,40,0.000140895,1,0.000140895,0.000140895,0.000140895,405,1,405,405,405,5,1,5,5,5
24,40,0.000353896,1,0.000353896,0.000353896,0.000353896,482,1,482,482,482,7,1,7,7,7
24,40,0.000194698,1,0.000194698,0.000194698,0.000194698,415,1,415,415,415,6,1,6,6,6
24,40,0.000305897,1,0.000305897,0.000305897,0.000305897,431,1,431,431,431,6,1,6,6,6
24,40,0.000149192,1,0.000149192,0.000149192,0.000149192,369,1,369,369,369,5,1,5,5,5
24,40,0.000187948,1,0.000187948,0.000187948,0.000187948,407,1,407,407,407,6,1,6,6,6
24,40,0.000237209,1,0.000237209,0.000237209,0.000237209,450,1,450,450,450,6,1,6,6,6
24,40,0.000221507,1,0.000221507,0.000221507,0.000221507,406,1,406,406,406,6,1,6,6,6
24,40,0.000154593,1,0.000154593,0.000154593,0.000154593,404,1,404,404,404,6,1,6,6,6
24,40,0.000308708,1,0.000308708,0.000308708,0.000308708,434,1,434,434,434,7,1,7,7,7
24,40,0.000313245,1,0.000313245,0.000313245,0.000313245,437,1,437,437,437,7,1,7,7,7
24,40,0.000186393,1,0.000186393,0.000186393,0.000186393,408,1,408,408,408,6,1,6,6,6
24,40,0.000188596,1,0.000188596,0.000188596,0.000188596,392,1,392,392,392,5,1,5,5,5
24,40,0.000415098,1,0.000415098,0.000415098,0.000415098,464,1,464,464,464,7,1,7,7,7
24,40,0.000220879,1,0.000220879,0.000220879,0.000220879,399,1,399,399,399,6,1,6,6,6
24,40,0.000261704,1,0.000261704,0.000261704,0.000261704,417,1,417,417,417,6,1,6,6,6
24,40,0.000442587,1,0.000442587,0.000442587,0.000442587,491,1,491,491,491,7,1,7,7,7
24,40,0.000286482,1,0.000286482,0.000286482,0.000286482,465,1,465,465,465,6,1,6,6,6
24,40,0.00019771,1,0.00019771,0.00019771,0.00019771,397,1,397,397,397,6,1,6,6,6
24,40,0.000181408,1,0.000181408,0.000181408,0.000181408,392,1,392,392,392,5,1,5,5,5
24,40,0.000180567,1,0.000180567,0.000180567,0.000180567,407,1,407,407,407,6,1,6,6,6
24,40,0.000111673,1,0.000111673,0.000111673,0.000111673,363,1,363,363,363,5,1,5,5,5
24,40,0.000237693,1,0.000237693,0.000237693,0.000237693,406,1,406,406,406,6,1,6,6,6
24,40,0.000201893,1,0.000201893,0.000201893,0.000201893,405,1,405,405,405,6,1,6,6,6
24,40,0.000194551,1,0.000194551,0.000194551,0.000194551,390,1,390,390,390,6,1,6,6,6
24,40,0.000247571,1,0.000247571,0.000247571,0.000247571,411,1,411,411,411,6,1,6,6,6
24,40,0.000115507,1,0.000115507,0.000115507,0.000115507,371,1,371,371,371,5,1,5,5,5
24,40,0.000249825,1,0.000249825,0.000249825,0.000249825,411,1,411,411,411,6,1,6,6,6
24,40,0.000147754,1,0.000147754,0.000147754,0.000147754,365,1,365,365,365,5,1,5,5,5
24,40,0.000217101,1,0.000217101,0.000217101,0.000217101,428,1,428,428,428,7,1,7,7,7
24,40,0.000181757,1,0.000181757,0.000181757,0.000181757,392,1,392,392,392,6,1,6,6,6
24,40,0.000144312,1,0.000144312,0.000144312,0.000144312,407,1,407,407,407,6,1,6,6,6
24,40,0.000194365,1,0.000194365,0.000194365,0.000194365,403,1,403,403,403,6,1,6,6,6
24,40,0.000214483,1,0.000214483,0.000214483,0.000214483,422,1,422,422,422,6,1,6,6,6
24,40,0.000363755,1,0.000363755,0.000363755,0.000363755,463,1,463,463,463,7,1,7,7,7
24,40,0.000308948,1,0.000308948,0.000308948,0.000308948,451,1,451,451,451,6,1,6,6,6
24,40,0.000209898,1,0.000209898,0.000209898,0.000209898,414,1,414,414,414,6,1,6,6,6
24,40,0.000165889,1,0.000165889,0.000165889,0.000165889,365,1,365,365,365,5,1,5,5,5
24,40,0.000314826,1,0.000314826,0.000314826,0.000314826,483,1,483,483,483,7,1,7,7,7
24,40,0.000185942,1,0.000185942,0.000185942,0.000185942,427,1,427,427,427,5,1,5,5,5
24,40,0.000347543,1,0.000347543,0.000347543,0.000347543,463,1,463,463,463,6,1,6,6,6
24,40,0.000251447,1,0.000251447,0.000251447,0.000251447,459,1,459,459,459,6,1,6,6,6
24,40,0.000321184,1,0.000321184,0.000321184,0.000321184,445,1,445,445,445,7,1,7,7,7
24,40,0.000137915,1,0.000137915,0.000137915,0.000137915,385,1,385,385,385,6,1,6,6,6
24,40,0.000138108,1,0.000138108,0.000138108,0.000138108,362,1,362,362,362,5,1,5,5,5
24,40,0.000308691,1,0.000308691,0.000308691,0.000308691,480,1,480,480,480,6,1,6,6,6
24,40,0.000131214,1,0.000131214,0.000131214,0.000131214,382,1,382,382,382,5,1,5,5,5
24,40,0.000214719,1,0.000214719,0.000214719,0.000214719,437,1,437,437,437,7,1,7,7,7
24,40,0.000321981,1,0.000321981,0.000321981,0.000321981,416,1,416,416,416,6,1,6,6,6
24,40,0.000363542,1,0.000363542,0.000363542,0.000363542,470,1,470,470,470,7,1,7,7,7
24,40,0.000167921,1,0.000167921,0.000167921,0.000167921,423,1,423,423,423,6,1,6,6,6
24,40,0.000136113,1,0.000136113,0.000136113,0.000136113,373,1,373,373,373,5,1,5,5,5
24,40,9.7406e-05,1,9.7406e-05,9.7406e-05,9.7406e-05,363,1,363,363,363,5,1,5,5,5
24,40,0.000182871,1,0.000182871,0.000182871,0.000182871,399,1,399,399,399,6,1,6,6,6
24,40,0.000332621,1,0.000332621,0.000332621,0.000332621,471,1,471,471,471,7,1,7,7,7
24,40,0.000148803,1,0.000148803,0.000148803,0.000148803,394,1,394,394,394,6,1,6,6,6
24,40,0.000234341,1,0.000234341,0.000234341,0.000234341,425,1,425,425,425,6,1,6,6,6
24,40,0.000277851,1,0.000277851,0.000277851,0.000277851,455,1,455,455,455,7,1,7,7,7
24,40,0.000212546,1,0.000212546,0.000212546,0.000212546,410,1,410,410,410,6,1,6,6,6
24,40,0.000282701,1,0.000282701,0.000282701,0.000282701,432,1,432,432,432,6,1,6,6,6
24,40,0.000173578,1,0.000173578,0.000173578,0.000173578,451,1,451,451,451,6,1,6,6,6
24,40,0.000244287,1,0.000244287,0.000244287,0.000244287,428,1,428,428,428,7,1,7,7,7
24,40,0.000253285,1,0.000253285,0.000253285,0.000253285,416,1,416,416,416,6,1,6,6,6
24,40,0.000187341,1,0.000187341,0.000187341,0.000187341,433,1,433,433,433,6,1,6,6,6
24,40,0.000183444,1,0.000183444,0.000183444,0.000183444,409,1,409,409,409,6,1,6,6,6
24,40,0.000152695,1,0.000152695,0.000152695,0.000152695,379,1,379,379,379,5,1,5,5,5
24,40,0.000361916,1,0.000361916,0.000361916,0.000361916,460,1,460,460,460,7,1,7,7,7
24,40,0.000206068,1,0.000206068,0.000206068,0.000206068,407,1,407,407,407,6,1,6,6,6
24,40,0.00027472,1,0.00027472,0.00027472,0.00027472,445,1,445,445,445,6,1,6,6,6
24,40,0.000161338,1,0.000161338,0.000161338,0.000161338,372,1,372,372,372,6,1,6,6,6
24,40,0.000203297,1,0.000203297,0.000203297,0.000203297,393,1,393,393,393,6,1,6,6,6
24,40,0.000214194,1,0.000214194,0.000214194,0.000214194,394,1,394,394,394,6,1,6,6,6
24,40,0.000322028,1,0.000322028,0.000322028,0.000322028,475,1,475,475,475,7,1,7,7,7
24,40,0.000343261,1,0.000343261,0.000343261,0.000343261,443,1,443,443,443,7,1,7,7,7
24,40,0.000186927,1,0.000186927,0.000186927,0.000186927,413,1,413,413,413,6,1,6,6,6
24,40,0.000240333,1,0.000240333,0.000240333,0.000240333,409,1,409,409,409,6,1,6,6,6
24,40,0.00019643,1,0.00019643,0.00019643,0.00019643,389,1,389,389,389,6,1,6,6,6
24,40,0.000190042,1,0.000190042,0.000190042,0.000190042,406,1,406,406,406,6,1,6,6,6
24,40,0.000257538,1,0.000257538,0.000257538,0.000257538,484,1,484,484,484,7,1,7,7,7
24,40,0.000400134,1,0.000400134,0.000400134,0.000400134,472,1,472,472,472,7,1,7,7,7
24,40,0.000287856,1,0.000287856,0.000287856,0.000287856,463,1,463,463,463,7,1,7,7,7
24,40,0.000292917,1,0.000292917,0.000292917,0.000292917,436,1,436,436,436,6,1,6,6,6
24,40,0.000358837,1,0.000358837,0.000358837,0.000358837,454,1,454,454,454,6,1,6,6,6
24,40,0.000197999,1,0.000197999,0.000197999,0.000197999,437,1,437,437,437,5,1,5,5,5
24,40,0.000363973,1,0.000363973,0.000363973,0.000363973,450,1,450,450,450,7,1,7,7,7
24,40,0.000319458,1,0.000319458,0.000319458,0.000319458,441,1,441,441,441,7,1,7,7,7
24,40,0.000280347,1,0.000280347,0.000280347,0.000280347,440,1,440,440,440,6,1,6,6,6
24,40,0.000315932,1,0.000315932,0.000315932,0.000315932,423,1,423,423,423,7,1,7,7,7
24,40,0.000128523,1,0.000128523,0.000128523,0.000128523,377,1,377,377,377,5,1,5,5,5
24,40,0.000321658,1,0.000321658,0.000321658,0.000321658,466,1,466,466,466,6,1,6,6,6
24,40,0.000228736,1,0.000228736,0.000228736,0.000228736,399,1,399,399,399,6,1,6,6,6
24,40,0.000312947,1,0.000312947,0.000312947,0.000312947,462,1,462,462,462,7,1,7,7,7
24,40,0.00025783,1,0.00025783,0.00025783,0.00025783,430,1,430,430,430,6,1,6,6,6
24,40,0.000386281,1,0.000386281,0.000386281,0.000386281,468,1,468,468,468,7,1,7,7,7
24,40,0.000347767,1,0.000347767,0.000347767,0.000347767,467,1,467,467,467,7,1,7,7,7
24,40,0.000249948,1,0.000249948,0.000249948,0.000249948,418,1,418,418,418,6,1,6,6,6
24,40,0.000260118,1,0.000260118,0.000260118,0.000260118,417,1,417,417,417,6,1,6,6,6
24,40,0.000217674,1,0.000217674,0.000217674,0.000217674,416,1,416,416,416,6,1,6,6,6
24,40,0.000168883,1,0.000168883,0.000168883,0.000168883,394,1,394,394,394,6,1,6,6,6
24,40,0.000182503,1,0.000182503,0.000182503,0.000182503,381,1,381,381,381,6,1,6,6,6
24,40,0.000206518,1,0.000206518,0.000206518,0.000206518,415,1,415,415,415,6,1,6,6,6
24,40,0.000329165,1,0.000329165,0.000329165,0.000329165,461,1,461,461,461,7,1,7,7,7
24,40,0.000275265,1,0.000275265,0.000275265,0.000275265,436,1,436,436,436,6,1,6,6,6
24,40,0.000196518,1,0.000196518,0.000196518,0.000196518,393,1,393,393,393,6,1,6,6,6
24,40,0.000204351,1,0.000204351,0.000204351,0.000204351,411,1,411,411,411,6,1,6,6,6
24,40,0.000176082,1,0.000176082,0.000176082,0.000176082,402,1,402,402,402,6,1,6,6,6
24,40,0.000212677,1,0.000212677,0.000212677,0.000212677,411,1,411,411,411,6,1,6,6,6
24,40,0.000145586,1,0.000145586,0.000145586,0.000145586,378,1,378,378,378,5,1,5,5,5
24,40,0.000233929,1,0.000233929,0.000233929,0.000233929,397,1,397,397,397,6,1,6,6,6
24,40,0.000191769,1,0.000191769,0.000191769,0.000191769,395,1,395,395,395,6,1,6,6,6
24,40,0.00019044,1,0.00019044,0.00019044,0.00019044,428,1,428,428,428,6,1,6,6,6
24,40,0.000212026,1,0.000212026,0.000212026,0.000212026,415,1,415,415,415,6,1,6,6,6
24,40,0.00020967,1,0.00020967,0.00020967,0.00020967,431,1,431,431,431,6,1,6,6,6
24,40,0.000152447,1,0.000152447,0.000152447,0.000152447,388,1,388,388,388,6,1,6,6,6
24,40,0.000290268,1,0.000290268,0.000290268,0.000290268,458,1,458,458,458,7,1,7,7,7
24,40,0.000280671,1,0.000280671,0.000280671,0.000280671,440,1,440,440,440,7,1,7,7,7
24,40,0.000288789,1,0.000288789,0.000288789,0.000288789,443,1,443,443,443,7,1,7,7,7
24,40,0.000252626,1,0.000252626,0.000252626,0.000252626,420,1,420,420,420,6,1,6,6,6
24,40,0.000263734,1,0.000263734,0.000263734,0.000263734,470,1,470,470,470,6,1,6,6,6
24,40,0.000297828,1,0.000297828,0.000297828,0.000297828,454,1,454,454,454,7,1,7,7,7
24,40,0.000470931,1,0.000470931,0.000470931,0.000470931,483,1,483,483,483,7,1,7,7,7
24,40,0.000314995,1,0.000314995,0.000314995,0.000314995,425,1,425,425,425,6,1,6,6,6
24,40,0.000186737,1,0.000186737,0.000186737,0.000186737,409,1,409,409,409,6,1,6,6,6
24,40,0.000305519,1,0.000305519,0.000305519,0.000305519,413,1,413,413,413,6,1,6,6,6
24,40,0.000403538,1,0.000403538,0.000403538,0.000403538,487,1,487,487,487,6,1,6,6,6
24,40,0.000312206,1,0.000312206,0.000312206,0.000312206,424,1,424,424,424,6,1,6,6,6
24,40,0.000204928,1,0.000204928,0.000204928,0.000204928,390,1,390,390,390,6,1,6,6,6
24,40,0.000222847,1,0.000222847,0.000222847,0.000222847,412,1,412,412,412,6,1,6,6,6
24,40,0.000276935,1,0.000276935,0.000276935,0.000276935,433,1,433,433,433,6,1,6,6,6
24,40,0.000310943,1,0.000310943,0.000310943,0.000310943,444,1,444,444,444,7,1,7,7,7
24,40,0.000233129,1,0.000233129,0.000233129,0.000233129,420,1,420,420,420,6,1,6,6,6
24,40,0.000302906,1,0.000302906,0.000302906,0.000302906,411,1,411,411,411,6,1,6,6,6
24,40,0.000376371,1,0.000376371,0.000376371,0.000376371,473,1,473,473,473,7,1,7,7,7
24,40,0.000391592,1,0.000391592,0.000391592,0.000391592,448,1,448,448,448,7,1,7,7,7
24,40,0.000319897,1,0.000319897,0.000319897,0.000319897,446,1,446,446,446,7,1,7,7,7
24,40,0.000179596,1,0.000179596,0.000179596,0.000179596,386,1,386,386,386,6,1,6,6,6
24,40,0.000213539,1,0.000213539,0.000213539,0.000213539,402,1,402,402,402,6,1,6,6,6
24,40,0.00019926,1,0.00019926,0.00019926,0.00019926,404,1,404,404,404,6,1,6,6,6
24,40,0.000206377,1,0.000206377,0.000206377,0.000206377,434,1,434,434,434,6,1,6,6,6
24,40,0.000433749,1,0.000433749,0.000433749,0.000433749,485,1,485,485,485,7,1,7,7,7
24,40,0.000401891,1,0.000401891,0.000401891,0.000401891,486,1,486,486,486,7,1,7,7,7
24,40,0.000234682,1,0.000234682,0.000234682,0.000234682,424,1,424,424,424,6,1,6,6,6
24,40,0.000220201,1,0.000220201,0.000220201,0.000220201,424,1,424,424,424,6,1,6,6,6
24,40,0.000387204,1,0.000387204,0.000387204,0.000387204,527,1,527,527,527,6,1,6,6,6
24,40,0.000188569,1,0.000188569,0.000188569,0.000188569,387,1,387,387,387,6,1,6,6,6
24,40,0.000271769,1,0.000271769,0.000271769,0.000271769,437,1,437,437,437,6,1,6,6,6
24,40,0.000199364,1,0.000199364,0.000199364,0.000199364,406,1,406,406,406,6,1,6,6,6
24,40,0.000240871,1,0.000240871,0.000240871,0.000240871,404,1,404,404,404,6,1,6,6,6
24,40,0.000243975,1,0.000243975,0.000243975,0.000243975,414,1,414,414,414,6,1,6,6,6
24,40,0.000291906,1,0.000291906,0.000291906,0.000291906,421,1,421,421,421,6,1,6,6,6
24,40,0.000179675,1,0.000179675,0.000179675,0.000179675,386,1,386,386,386,5,1,5,5,5
24,40,0.000137525,1,0.000137525,0.000137525,0.000137525,368,1,368,368,368,5,1,5,5,5
24,40,0.00030606,1,0.00030606,0.00030606,0.00030606,418,1,418,418,418,6,1,6,6,6
24,40,0.000218585,1,0.000218585,0.000218585,0.000218585,411,1,411,411,411,6,1,6,6,6
24,40,0.000381786,1,0.000381786,0.000381786,0.000381786,451,1,451,451,451,7,1,7,7,7
24,40,0.000196524,1,0.000196524,0.000196524,0.000196524,391,1,391,391,391,6,1,6,6,6
24,40,0.000375557,1,0.000375557,0.000375557,0.000375557,515,1,515,515,515,6,1,6,6,6
24,40,0.000136841,1,0.000136841,0.000136841,0.000136841,379,1,379,379,379,6,1,6,6,6
24,40,0.000106419,1,0.000106419,0.000106419,0.000106419,369,1,369,369,369,5,1,5,5,5
24,40,0.000226812,1,0.000226812,0.000226812,0.000226812,403,1,403,403,403,6,1,6,6,6
24,40,0.000226873,1,0.000226873,0.000226873,0.000226873,434,1,434,434,434,6,1,6,6,6
24,40,0.000269925,1,0.000269925,0.000269925,0.000269925,445,1,445,445,445,6,1,6,6,6
24,40,0.000233401,1,0.000233401,0.000233401,0.000233401,410,1,410,410,410,6,1,6,6,6
24,40,0.00019709,1,0.00019709,0.00019709,0.00019709,395,1,395,395,395,6,1,6,6,6
24,40,0.000279136,1,0.000279136,0.000279136,0.000279136,418,1,418,418,418,6,1,6,6,6
24,40,0.000216011,1,0.000216011,0.000216011,0.000216011,426,1,426,426,426,6,1,6,6,6
