n,p,time_total,time_count,time_mean,time_min,time_max,steps_total,steps_count,steps_mean,steps_min,steps_max,number_total,number_count,number_mean,number_min,number_max
31,20,0.00026884,1,0.00026884,0.00026884,0.00026884,584,1,584,584,584,5,1,5,5,5
31,20,0.00021873,1,0.00021873,0.00021873,0.00021873,611,1,611,611,611,5,1,5,5,5
31,20,0.000216847,1,0.000216847,0.000216847,0.000216847,565,1,565,565,565,5,1,5,5,5
31,20,0.000241088,1,0.000241088,0.000241088,0.000241088,614,1,614,614,614,5,1,5,5,5
31,20,0.000244864,1,0.000244864,0.000244864,0.000244864,601,1,601,601,601,5,1,5,5,5
31,20,0.000376897,1,0.000376897,0.000376897,0.000376897,618,1,618,618,618,5,1,5,5,5
31,20,0.000204794,1,0.000204794,0.000204794,0.000204794,573,1,573,573,573,5,1,5,5,5
31,20,0.000121438,1,0.000121438,0.000121438,0.000121438,532,1,532,532,532,4,1,4,4,4
31,20,0.000161691,1,0.000161691,0.000161691,0.000161691,560,1,560,560,560,5,1,5,5,5
31,20,0.000210172,1,0.000210172,0.000210172,0.000210172,582,1,582,582,582,5,1,5,5,5
31,20,0.000326573,1,0.000326573,0.000326573,0.000326573,609,1,609,609,609,5,1,5,5,5
31,20,0.000304235,1,0.000304235,0.000304235,0.000304235,623,1,623,623,623,5,1,5,5,5
31,20,0.000383113,1,0.000383113,0.000383113,0.000383113,628,1,628,628,628,5,1,5,5,5
31,20,0.000130313,1,0.000130313,0.000130313,0.000130313,547,1,547,547,547,4,1,4,4,4
31,20,0.000336813,1,0.000336813,0.000336813,0.000336813,595,1,595,595,595,5,1,5,5,5
31,20,0.000295863,1,0.000295863,0.000295863,0.000295863,618,1,618,618,618,5,1,5,5,5
31,20,0.000338875,1,0.000338875,0.000338875,0.000338875,647,1,647,647,647,5,1,5,5,5
31,20,0.000173441,1,0.000173441,0.000173441,0.000173441,570,1,570,570,570,5,1,5,5,5
31,20,0.00012405,1,0.00012405,0.00012405,0.00012405,549,1,549,549,549,4,1,4,4,4
31,20,0.000307583,1,0.000307583,0.000307583,0.000307583,597,1,597,597,597,5,1,5,5,5
31,20,0.000339351,1,0.000339351,0.000339351,0.000339351,662,1,662,662,662,5,1,5,5,5
31,20,0.000272142,1,0.000272142,0.000272142,0.000272142,614,1,614,614,614,5,1,5,5,5
31,20,0.000150398,1,0.000150398,0.000150398,0.000150398,566,1,566,566,566,4,1,4,4,4
31,20,0.000178349,1,0.000178349,0.000178349,0.000178349,535,1,535,535,535,4,1,4,4,4
31,20,0.00030211,1,0.00030211,0.00030211,0.00030211,611,1,611,611,611,5,1,5,5,5
31,20,0.000383602,1,0.000383602,0.000383602,0.000383602,617,1,617,617,617,5,1,5,5,5
31,20,0.000271317,1,0.000271317,0.000271317,0.000271317,613,1,613,613,613,5,1,5,5,5
31,20,0.00025228,1,0.00025228,0.00025228,0.00025228,600,1,600,600,600,5,1,5,5,5
31,20,0.000218099,1,0.000218099,0.000218099,0.000218099,621,1,621,621,621,4,1,4,4,4
31,20,0.000273815,1,0.000273815,0.000273815,0.000273815,591,1,591,591,591,5,1,5,5,5
31,20,0.000176048,1,0.000176048,0.000176048,0.000176048,588,1,588,588,588,4,1,4,4,4
31,20,0.000193076,1,0.000193076,0.000193076,0.000193076,585,1,585,585,585,4,1,4,4,4
31,20,0.000228494,1,0.000228494,0.000228494,0.000228494,574,1,574,574,574,5,1,5,5,5
31,20,0.000189435,1,0.000189435,0.000189435,0.000189435,578,1,578,578,578,5,1,5,5,5
31,20,0.000408629,1,0.000408629,0.000408629,0.000408629,633,1,633,633,633,5,1,5,5,5
31,20,0.000268028,1,0.000268028,0.000268028,0.000268028,588,1,588,588,588,5,1,5,5,5
31,20,0.000159505,1,0.000159505,0.000159505,0.000159505,544,1,544,544,544,4,1,4,4,4
31,20,0.000203965,1,0.000203965,0.000203965,0.000203965,573,1,573,573,573,5,1,5,5,5
31,20,0.000191209,1,0.000191209,0.000191209,0.000191209,576,1,576,576,576,5,1,5,5,5
31,20,0.000378574,1,0.000378574,0.000378574,0.000378574,618,1,618,618,618,5,1,5,5,5
31,20,0.000245937,1,0.000245937,0.000245937,0.000245937,594,1,594,594,594,5,1,5,5,5
31,20,0.000432193,1,0.000432193,0.000432193,0.000432193,647,1,647,647,647,5,1,5,5,5
31,20,0.000362835,1,0.000362835,0.000362835,0.000362835,601,1,601,601,601,5,1,5,5,5
31,20,0.000314594,1,0.000314594,0.000314594,0.000314594,605,1,605,605,605,5,1,5,5,5
31,20,0.000382397,1,0.000382397,0.000382397,0.000382397,593,1,593,593,593,5,1,5,5,5
31,20,0.000278628,1,0.000278628,0.000278628,0.000278628,629,1,629,629,629,5,1,5,5,5
31,20,0.000210917,1,0.000210917,0.000210917,0.000210917,580,1,580,580,580,5,1,5,5,5
31,20,0.000214245,1,0.000214245,0.000214245,0.000214245,580,1,580,580,580,5,1,5,5,5
31,20,0.000242814,1,0.000242814,0.000242814,0.000242814,600,1,600,600,600,5,1,5,5,5
31,20,0.000258375,1,0.000258375,0.000258375,0.000258375,613,1,613,613,613,5,1,5,5,5
31,20,0.000312283,1,0.000312283,0.000312283,0.000312283,637,1,637,637,637,6,1,6,6,6
31,20,0.000296924,1,0.000296924,0.000296924,0.000296924,609,1,609,609,609,5,1,5,5,5
31,20,0.000265441,1,0.000265441,0.000265441,0.000265441,593,1,593,593,593,5,1,5,5,5
31,20,0.000215982,1,0.000215982,0.000215982,0.000215982,579,1,579,579,579,5,1,5,5,5
31,20,0.000270374,1,0.000270374,0.000270374,0.000270374,605,1,605,605,605,5,1,5,5,5
31,20,0.000286705,1,0.000286705,0.000286705,0.000286705,598,1,598,598,598,5,1,5,5,5
31,20,0.000229078,1,0.000229078,0.000229078,0.000229078,585,1,585,585,585,4,1,4,4,4
31,20,0.000106331,1,0.000106331,0.000106331,0.000106331,530,1,530,530,530,4,1,4,4,4
31,20,0.000312116,1,0.000312116,0.000312116,0.000312116,625,1,625,625,625,5,1,5,5,5
31,20,0.000144506,1,0.000144506,0.000144506,0.000144506,545,1,545,545,545,4,1,4,4,4
31,20,0.000251,1,0.000251,0.000251,0.000251,599,1,599,599,599,5,1,5,5,5
31,20,0.000171988,1,0.000171988,0.000171988,0.000171988,577,1,577,577,577,5,1,5,5,5
31,20,0.000374172,1,0.000374172,0.000374172,0.000374172,645,1,645,645,645,5,1,5,5,5
31,20,0.000399003,1,0.000399003,0.000399003,0.000399003,635,1,635,635,635,6,1,6,6,6
31,20,0.000106919,1,0.000106919,0.000106919,0.000106919,538,1,538,538,538,4,1,4,4,4
31,20,0.000197611,1,0.000197611,0.000197611,0.000197611,570,1,570,570,570,5,1,5,5,5
31,20,0.000191615,1,0.000191615,0.000191615,0.000191615,606,1,606,606,606,4,1,4,4,4
31,20,0.000231148,1,0.000231148,0.000231148,0.000231148,591,1,591,591,591,4,1,4,4,4
31,20,0.000217047,1,0.000217047,0.000217047,0.000217047,605,1,605,605,605,5,1,5,5,5
31,20,0.000152686,1,0.000152686,0.000152686,0.000152686,548,1,548,548,548,4,1,4,4,4
31,20,0.000125495,1,0.000125495,0.000125495,0.000125495,554,1,554,554,554,4,1,4,4,4
31,20,0.000403779,1,0.000403779,0.000403779,0.000403779,629,1,629,629,629,5,1,5,5,5
31,20,0.000135462,1,0.000135462,0.000135462,0.000135462,539,1,539,539,539,3,1,3,3,3
31,20,0.000263244,1,0.000263244,0.000263244,0.000263244,592,1,592,592,592,5,1,5,5,5
31,20,9.3791e-05,1,9.3791e-05,9.3791e-05,9.3791e-05,534,1,534,534,534,4,1,4,4,4
31,20,0.000254684,1,0.000254684,0.000254684,0.000254684,604,1,604,604,604,4,1,4,4,4
31,20,0.00036706,1,0.00036706,0.00036706,0.00036706,643,1,643,643,643,5,1,5,5,5
31,20,0.000254599,1,0.000254599,0.000254599,0.000254599,614,1,614,614,614,4,1,4,4,4
31,20,0.000242032,1,0.000242032,0.000242032,0.000242032,581,1,581,581,581,5,1,5,5,5
31,20,0.000343317,1,0.000343317,0.000343317,0.000343317,599,1,599,599,599,5,1,5,5,5
31,20,0.000171143,1,0.000171143,0.000171143,0.000171143,552,1,552,552,552,4,1,4,4,4
31,20,0.000199071,1,0.000199071,0.000199071,0.000199071,588,1,588,588,588,4,1,4,4,4
31,20,0.000141317,1,0.000141317,0.000141317,0.000141317,544,1,544,544,544,4,1,4,4,4
31,20,0.000168444,1,0.000168444,0.000168444,0.000168444,581,1,581,581,581,5,1,5,5,5
31,20,0.000149174,1,0.000149174,0.000149174,0.000149174,558,1,558,558,558,4,1,4,4,4
31,20,0.000245687,1,0.000245687,0.000245687,0.000245687,598,1,598,598,598,5,1,5,5,5
31,20,0.000275493,1,0.000275493,0.000275493,0.000275493,619,1,619,619,619,6,1,6,6,6
31,20,0.000120313,1,0.000120313,0.000120313,0.000120313,539,1,539,539,539,4,1,4,4,4
31,20,0.000226691,1,0.000226691,0.000226691,0.000226691,584,1,584,584,584,5,1,5,5,5
31,20,0.000232502,1,0.000232502,0.000232502,0.000232502,589,1,589,589,589,5,1,5,5,5
31,20,0.000197013,1,0.000197013,0.000197013,0.000197013,584,1,584,584,584,5,1,5,5,5
31,20,8.809e-05,1,8.809e-05,8.809e-05,8.809e-05,524,1,524,524,524,4,1,4,4,4
31,20,0.000166838,1,0.000166838,0.000166838,0.000166838,552,1,552,552,552,5,1,5,5,5
31,20,0.000140276,1,0.000140276,0.000140276,0.000140276,561,1,561,561,561,4,1,4,4,4
31,20,0.000365304,1,0.000365304,0.000365304,0.000365304,605,1,605,605,605,5,1,5,5,5
31,20,0.000270425,1,0.000270425,0.000270425,0.000270425,620,1,620,620,620,4,1,4,4,4
31,20,0.000269116,1,0.000269116,0.000269116,0.000269116,622,1,622,622,622,6,1,6,6,6
31,20,0.000219957,1,0.000219957,0.000219957,0.000219957,599,1,599,599,599,5,1,5,5,5
31,20,0.000325904,1,0.000325904,0.000325904,0.000325904,618,1,618,618,618,5,1,5,5,5
31,20,0.000461804,1,0.000461804,0.000461804,0.000461804,666,1,666,666,666,6,1,6,6,6
31,20,0.000198242,1,0.000198242,0.000198242,0.000198242,574,1,574,574,574,5,1,5,5,5
31,20,0.00025925,1,0.00025925,0.00025925,0.00025925,620,1,620,620,620,4,1,4,4,4
31,20,0.000246671,1,0.000246671,0.000246671,0.000246671,584,1,584,584,584,5,1,5,5,5
31,20,0.000208024,1,0.000208024,0.000208024,0.000208024,568,1,568,568,568,5,1,5,5,5
31,20,0.000267545,1,0.000267545,0.000267545,0.000267545,583,1,583,583,583,5,1,5,5,5
31,20,0.000309282,1,0.000309282,0.000309282,0.000309282,618,1,618,618,618,5,1,5,5,5
31,20,0.000225322,1,0.000225322,0.000225322,0.000225322,583,1,583,583,583,5,1,5,5,5
31,20,0.000296275,1,0.000296275,0.000296275,0.000296275,623,1,623,623,623,5,1,5,5,5
31,20,0.000272968,1,0.000272968,0.000272968,0.000272968,594,1,594,594,594,5,1,5,5,5
31,20,0.00024607,1,0.00024607,0.00024607,0.00024607,606,1,606,606,606,5,1,5,5,5
31,20,0.000207195,1,0.000207195,0.000207195,0.000207195,583,1,583,583,583,5,1,5,5,5
31,20,0.000218942,1,0.000218942,0.000218942,0.000218942,565,1,565,565,565,5,1,5,5,5
31,20,0.000165623,1,0.000165623,0.000165623,0.000165623,536,1,536,536,536,4,1,4,4,4
31,20,0.000473529,1,0.000473529,0.000473529,0.000473529,673,1,673,673,673,5,1,5,5,5
31,20,0.000297718,1,0.000297718,0.000297718,0.000297718,608,1,608,608,608,5,1,5,5,5
31,20,0.000198531,1,0.000198531,0.000198531,0.000198531,569,1,569,569,569,4,1,4,4,4
31,20,9.956e-05,1,9.956e-05,9.956e-05,9.956e-05,521,1,521,521,521,4,1,4,4,4
31,20,0.00015825,1,0.00015825,0.00015825,0.00015825,572,1,572,572,572,4,1,4,4,4
31,20,0.00012247,1,0.00012247,0.00012247,0.00012247,543,1,543,543,543,4,1,4,4,4
31,20,0.000238478,1,0.000238478,0.000238478,0.000238478,597,1,597,597,597,5,1,5,5,5
31,20,0.000362963,1,0.000362963,0.000362963,0.000362963,621,1,621,621,621,5,1,5,5,5
31,20,0.000281378,1,0.000281378,0.000281378,0.000281378,590,1,590,590,590,5,1,5,5,5
31,20,0.000200273,1,0.000200273,0.000200273,0.000200273,569,1,569,569,569,5,1,5,5,5
31,20,0.000163736,1,0.000163736,0.000163736,0.000163736,560,1,560,560,560,4,1,4,4,4
31,20,0.000418674,1,0.000418674,0.000418674,0.000418674,609,1,609,609,609,5,1,5,5,5
31,20,0.000106328,1,0.000106328,0.000106328,0.000106328,523,1,523,523,523,4,1,4,4,4
31,20,0.000108419,1,0.000108419,0.000108419,0.000108419,533,1,533,533,533,4,1,4,4,4
31,20,0.00026314,1,0.00026314,0.00026314,0.00026314,610,1,610,610,610,6,1,6,6,6
31,20,0.000321067,1,0.000321067,0.000321067,0.000321067,614,1,614,614,614,5,1,5,5,5
31,20,0.000257096,1,0.000257096,0.000257096,0.000257096,599,1,599,599,599,5,1,5,5,5
31,20,0.000188553,1,0.000188553,0.000188553,0.000188553,560,1,560,560,560,5,1,5,5,5
31,20,0.000248032,1,0.000248032,0.000248032,0.000248032,575,1,575,575,575,5,1,5,5,5
31,20,0.000297842,1,0.000297842,0.000297842,0.000297842,581,1,581,581,581,5,1,5,5,5
31,20,0.000303705,1,0.000303705,0.000303705,0.000303705,628,1,628,628,628,5,1,5,5,5
31,20,0.000206212,1,0.000206212,0.000206212,0.000206212,580,1,580,580,580,5,1,5,5,5
31,20,0.000305886,1,0.000305886,0.000305886,0.000305886,583,1,583,583,583,5,1,5,5,5
31,20,0.000178148,1,0.000178148,0.000178148,0.000178148,560,1,560,560,560,5,1,5,5,5
31,20,0.000240169,1,0.000240169,0.000240169,0.000240169,595,1,595,595,595,5,1,5,5,5
31,20,0.00033786,1,0.00033786,0.00033786,0.00033786,662,1,662,662,662,5,1,5,5,5
31,20,0.000198748,1,0.000198748,0.000198748,0.000198748,553,1,553,553,553,4,1,4,4,4
31,20,0.000200573,1,0.000200573,0.000200573,0.000200573,587,1,587,587,587,5,1,5,5,5
31,20,0.000320319,1,0.000320319,0.000320319,0.000320319,638,1,638,638,638,5,1,5,5,5
31,20,9.9594e-05,1,9.9594e-05,9.9594e-05,9.9594e-05,537,1,537,537,537,4,1,4,4,4
31,20,0.000262077,1,0.000262077,0.000262077,0.000262077,593,1,593,593,593,5,1,5,5,5
31,20,0.000226491,1,0.000226491,0.000226491,0.000226491,609,1,609,609,609,5,1,5,5,5
31,20,0.000226482,1,0.000226482,0.000226482,0.000226482,579,1,579,579,579,5,1,5,5,5
31,20,0.000130378,1,0.000130378,0.000130378,0.000130378,564,1,564,564,564,4,1,4,4,4
31,20,0.000270955,1,0.000270955,0.000270955,0.000270955,618,1,618,618,618,5,1,5,5,5
31,20,0.000114102,1,0.000114102,0.000114102,0.000114102,548,1,548,548,548,4,1,4,4,4
31,20,0.000194724,1,0.000194724,0.000194724,0.000194724,579,1,579,579,579,5,1,5,5,5
31,20,0.000225779,1,0.000225779,0.000225779,0.000225779,570,1,570,570,570,5,1,5,5,5
31,20,0.000206412,1,0.000206412,0.000206412,0.000206412,583,1,583,583,583,5,1,5,5,5
31,20,0.000333537,1,0.000333537,0.000333537,0.000333537,604,1,604,604,604,5,1,5,5,5
31,20,0.000239542,1,0.000239542,0.000239542,0.000239542,577,1,577,577,577,5,1,5,5,5
31,20,0.000129298,1,0.000129298,0.000129298,0.000129298,555,1,555,555,555,4,1,4,4,4
31,20,0.000166982,1,0.000166982,0.000166982,0.000166982,579,1,579,579,579,5,1,5,5,5
31,20,0.000109761,1,0.000109761,0.000109761,0.000109761,522,1,522,522,522,4,1,4,4,4
31,20,0.000112633,1,0.000112633,0.000112633,0.000112633,558,1,558,558,558,4,1,4,4,4
31,20,0.000354862,1,0.000354862,0.000354862,0.000354862,643,1,643,643,643,5,1,5,5,5
31,20,0.000189282,1,0.000189282,0.000189282,0.000189282,563,1,563,563,563,5,1,5,5,5
31,20,0.000190554,1,0.000190554,0.000190554,0.000190554,567,1,567,567,567,5,1,5,5,5
31,20,0.000281464,1,0.000281464,0.000281464,0.000281464,609,1,609,609,609,5,1,5,5,5
31,20,0.00027506,1,0.00027506,0.00027506,0.00027506,578,1,578,578,578,5,1,5,5,5
31,20,0.000338642,1,0.000338642,0.000338642,0.000338642,647,1,647,647,647,5,1,5,5,5
31,20,0.000255238,1,0.000255238,0.000255238,0.000255238,601,1,601,601,601,5,1,5,5,5
31,20,0.000290799,1,0.000290799,0.000290799,0.000290799,617,1,617,617,617,5,1,5,5,5
31,20,0.000360687,1,0.000360687,0.000360687,0.000360687,642,1,642,642,642,6,1,6,6,6
31,20,0.000347401,1,0.000347401,0.000347401,0.000347401,612,1,612,612,612,6,1,6,6,6
31,20,0.000155174,1,0.000155174,0.000155174,0.000155174,552,1,552,552,552,4,1,4,4,4
31,20,0.000272055,1,0.000272055,0.000272055,0.000272055,645,1,645,645,645,5,1,5,5,5
31,20,0.000136857,1,0.000136857,0.000136857,0.000136857,543,1,543,543,543,5,1,5,5,5
31,20,0.000198319,1,0.000198319,0.000198319,0.000198319,583,1,583,583,583,4,1,4,4,4
31,20,0.000361922,1,0.000361922,0.000361922,0.000361922,650,1,650,650,650,5,1,5,5,5
31,20,0.000251441,1,0.000251441,0.000251441,0.000251441,592,1,592,592,592,5,1,5,5,5
31,20,0.000186352,1,0.000186352,0.000186352,0.000186352,588,1,588,588,588,5,1,5,5,5
31,20,0.000434799,1,0.000434799,0.000434799,0.000434799,626,1,626,626,626,5,1,5,5,5
31,20,0.000270977,1,0.000270977,0.000270977,0.000270977,589,1,589,589,589,5,1,5,5,5
31,20,0.00027237,1,0.00027237,0.00027237,0.00027237,624,1,624,624,624,5,1,5,5,5
31,20,0.000122104,1,0.000122104,0.000122104,0.000122104,547,1,547,547,547,4,1,4,4,4
31,20,0.000292358,1,0.000292358,0.000292358,0.000292358,596,1,596,596,596,5,1,5,5,5
31,20,0.000245424,1,0.000245424,0.000245424,0.000245424,598,1,598,598,598,4,1,4,4,4
31,20,0.000163059,1,0.000163059,0.000163059,0.000163059,531,1,531,531,531,4,1,4,4,4
31,20,0.000108985,1,0.000108985,0.000108985,0.000108985,538,1,538,538,538,4,1,4,4,4
31,20,0.000154962,1,0.000154962,0.000154962,0.000154962,551,1,551,551,551,4,1,4,4,4
31,20,0.0004338,1,0.0004338,0.0004338,0.0004338,699,1,699,699,699,5,1,5,5,5
31,20,0.000217002,1,0.000217002,0.000217002,0.000217002,583,1,583,583,583,5,1,5,5,5
31,20,0.000382986,1,0.000382986,0.000382986,0.000382986,611,1,611,611,611,5,1,5,5,5
31,20,0.00030778,1,0.00030778,0.00030778,0.00030778,591,1,591,591,591,5,1,5,5,5
31,20,0.000233573,1,0.000233573,0.000233573,0.000233573,578,1,578,578,578,5,1,5,5,5
31,20,0.000312753,1,0.000312753,0.000312753,0.000312753,600,1,600,600,600,5,1,5,5,5
31,20,0.000140793,1,0.000140793,0.000140793,0.000140793,558,1,558,558,558,4,1,4,4,4
31,20,0.000130054,1,0.000130054,0.000130054,0.000130054,542,1,542,542,542,4,1,4,4,4
31,20,0.000385725,1,0.000385725,0.000385725,0.000385725,657,1,657,657,657,6,1,6,6,6
31,20,0.000267416,1,0.000267416,0.000267416,0.000267416,612,1,612,612,612,5,1,5,5,5
31,20,0.00029762,1,0.00029762,0.00029762,0.00029762,616,1,616,616,616,5,1,5,5,5
31,20,0.00019956,1,0.00019956,0.00019956,0.00019956,576,1,576,576,576,4,1,4,4,4
31,20,0.000144366,1,0.000144366,0.000144366,0.000144366,554,1,554,554,554,4,1,4,4,4
31,20,0.0001494,1,0.0001494,0.0001494,0.0001494,574,1,574,574,574,5,1,5,5,5
31,20,0.000313951,1,0.000313951,0.000313951,0.000313951,661,1,661,661,661,4,1,4,4,4
31,20,0.000199066,1,0.000199066,0.000199066,0.000199066,588,1,588,588,588,4,1,4,4,4
31,20,0.000232234,1,0.000232234,0.000232234,0.000232234,593,1,593,593,593,5,1,5,5,5
31,20,0.000405634,1,0.000405634,0.000405634,0.000405634,681,1,681,681,681,4,1,4,4,4
31,20,0.000421893,1,0.000421893,0.000421893,0.000421893,649,1,649,649,649,5,1,5,5,5
31,20,0.000275183,1,0.000275183,0.000275183,0.000275183,592,1,592,592,592,5,1,5,5,5
31,20,0.000201923,1,0.000201923,0.000201923,0.000201923,580,1,580,580,580,5,1,5,5,5
31,20,0.000267691,1,0.000267691,0.000267691,0.000267691,592,1,592,592,592,5,1,5,5,5
31,20,6.5685e-05,1,6.5685e-05,6.5685e-05,6.5685e-05,508,1,508,508,508,4,1,4,4,4
31,20,0.000312188,1,0.000312188,0.000312188,0.000312188,625,1,625,625,625,5,1,5,5,5
31,20,0.000289724,1,0.000289724,0.000289724,0.000289724,633,1,633,633,633,5,1,5,5,5
31,20,0.000110124,1,0.000110124,0.000110124,0.000110124,539,1,539,539,539,4,1,4,4,4
31,20,0.000258392,1,0.000258392,0.000258392,0.000258392,612,1,612,612,612,5,1,5,5,5
31,20,0.00030698,1,0.00030698,0.00030698,0.00030698,627,1,627,627,627,5,1,5,5,5
31,20,0.000277424,1,0.000277424,0.000277424,0.000277424,599,1,599,599,599,5,1,5,5,5
31,20,0.000224762,1,0.000224762,0.000224762,0.000224762,602,1,602,602,602,5,1,5,5,5
31,20,0.000341857,1,0.000341857,0.000341857,0.000341857,653,1,653,653,653,5,1,5,5,5
31,20,0.000132431,1,0.000132431,0.000132431,0.000132431,548,1,548,548,548,4,1,4,4,4
31,20,0.000136608,1,0.000136608,0.000136608,0.000136608,532,1,532,532,532,4,1,4,4,4
31,20,0.000289785,1,0.000289785,0.000289785,0.000289785,587,1,587,587,587,5,1,5,5,5
31,20,0.000253349,1,0.000253349,0.000253349,0.000253349,595,1,595,595,595,5,1,5,5,5
31,20,0.000443777,1,0.000443777,0.000443777,0.000443777,645,1,645,645,645,6,1,6,6,6
31,20,0.000300498,1,0.000300498,0.000300498,0.000300498,634,1,634,634,634,5,1,5,5,5
31,20,0.000242051,1,0.000242051,0.000242051,0.000242051,599,1,599,599,599,5,1,5,5,5
31,20,0.000375283,1,0.000375283,0.000375283,0.000375283,649,1,649,649,649,6,1,6,6,6
31,20,0.000158216,1,0.000158216,0.000158216,0.000158216,544,1,544,544,544,4,1,4,4,4
31,20,0.000218563,1,0.000218563,0.000218563,0.000218563,576,1,576,576,576,4,1,4,4,4
31,20,0.00026503,1,0.00026503,0.00026503,0.00026503,627,1,627,627,627,4,1,4,4,4
31,20,0.000159974,1,0.000159974,0.000159974,0.000159974,555,1,555,555,555,4,1,4,4,4
31,20,0.000354205,1,0.000354205,0.000354205,0.000354205,667,1,667,667,667,5,1,5,5,5
31,20,0.000171351,1,0.000171351,0.000171351,0.000171351,606,1,606,606,606,5,1,5,5,5
31,20,0.000313632,1,0.000313632,0.000313632,0.000313632,614,1,614,614,614,5,1,5,5,5
31,20,0.000281147,1,0.000281147,0.000281147,0.000281147,622,1,622,622,622,5,1,5,5,5
31,20,0.000359233,1,0.000359233,0.000359233,0.000359233,638,1,638,638,638,5,1,5,5,5
31,20,0.00016125,1,0.00016125,0.00016125,0.00016125,575,1,575,575,575,5,1,5,5,5
31,20,0.00020883,1,0.00020883,0.00020883,0.00020883,569,1,569,569,569,5,1,5,5,5
31,20,0.000171882,1,0.000171882,0.000171882,0.000171882,549,1,549,549,549,4,1,4,4,4
31,20,0.0002206,1,0.0002206,0.0002206,0.0002206,575,1,575,575,575,5,1,5,5,5
31,20,0.000220483,1,0.000220483,0.000220483,0.000220483,588,1,588,588,588,5,1,5,5,5
31,20,0.000253134,1,0.000253134,0.000253134,0.000253134,579,1,579,579,579,5,1,5,5,5
31,20,0.000128016,1,0.000128016,0.000128016,0.000128016,539,1,539,539,539,4,1,4,4,4
31,20,0.000170445,1,0.000170445,0.000170445,0.000170445,589,1,589,589,589,5,1,5,5,5
31,20,0.00020967,1,0.00020967,0.00020967,0.00020967,588,1,588,588,588,5,1,5,5,5
31,20,0.000273372,1,0.000273372,0.000273372,0.000273372,584,1,584,584,584,5,1,5,5,5
31,20,0.000142757,1,0.000142757,0.000142757,0.000142757,546,1,546,546,546,4,1,4,4,4
31,20,0.000327432,1,0.000327432,0.000327432,0.000327432,631,1,631,631,631,5,1,5,5,5
31,20,0.000205561,1,0.000205561,0.000205561,0.000205561,569,1,569,569,569,5,1,5,5,5
31,20,0.000237754,1,0.000237754,0.000237754,0.000237754,587,1,587,587,587,5,1,5,5,5
31,20,0.000169705,1,0.000169705,0.000169705,0.000169705,587,1,587,587,587,5,1,5,5,5
31,20,6.8733e-05,1,6.8733e-05,6.8733e-05,6.8733e-05,511,1,511,511,511,4,1,4,4,4
31,20,0.000208014,1,0.000208014,0.000208014,0.000208014,561,1,561,561,561,5,1,5,5,5
31,20,0.000232389,1,0.000232389,0.000232389,0.000232389,582,1,582,582,582,5,1,5,5,5
31,20,0.000162466,1,0.000162466,0.000162466,0.000162466,551,1,551,551,551,4,1,4,4,4
31,20,0.00041909,1,0.00041909,0.00041909,0.00041909,713,1,713,713,713,5,1,5,5,5
31,20,0.000220536,1,0.000220536,0.000220536,0.000220536,612,1,612,612,612,5,1,5,5,5
31,20,0.000350818,1,0.000350818,0.000350818,0.000350818,633,1,633,633,633,5,1,5,5,5
31,20,0.00016537,1,0.00016537,0.00016537,0.00016537,558,1,558,558,558,4,1,4,4,4
31,20,0.000330925,1,0.000330925,0.000330925,0.000330925,637,1,637,637,637,5,1,5,5,5
31,20,0.000260794,1,0.000260794,0.000260794,0.000260794,585,1,585,585,585,5,1,5,5,5
31,20,0.000326146,1,0.000326146,0.000326146,0.000326146,604,1,604,604,604,5,1,5,5,5
31,20,0.000196218,1,0.000196218,0.000196218,0.000196218,581,1,581,581,581,5,1,5,5,5
31,20,0.000231049,1,0.000231049,0.000231049,0.000231049,602,1,602,602,602,4,1,4,4,4
31,20,0.000201782,1,0.000201782,0.000201782,0.000201782,575,1,575,575,575,5,1,5,5,5
31,20,0.000238339,1,0.000238339,0.000238339,0.000238339,588,1,588,588,588,4,1,4,4,4
31,20,0.000220318,1,0.000220318,0.000220318,0.000220318,582,1,582,582,582,5,1,5,5,5
31,20,0.000267475,1,0.000267475,0.000267475,0.000267475,607,1,607,607,607,5,1,5,5,5
31,20,0.00029502,1,0.00029502,0.00029502,0.00029502,611,1,611,611,611,5,1,5,5,5
31,20,0.000320315,1,0.000320315,0.000320315,0.000320315,598,1,598,598,598,5,1,5,5,5
31,20,0.00017176,1,0.00017176,0.00017176,0.00017176,565,1,565,565,565,5,1,5,5,5
31,20,0.000273753,1,0.000273753,0.000273753,0.000273753,644,1,644,644,644,5,1,5,5,5
31,20,0.000223532,1,0.000223532,0.000223532,0.000223532,586,1,586,586,586,5,1,5,5,5
31,20,0.000431919,1,0.000431919,0.000431919,0.000431919,696,1,696,696,696,6,1,6,6,6
31,20,0.000182527,1,0.000182527,0.000182527,0.000182527,570,1,570,570,570,5,1,5,5,5
31,20,0.000331367,1,0.000331367,0.000331367,0.000331367,620,1,620,620,620,5,1,5,5,5
31,20,0.000232465,1,0.000232465,0.000232465,0.000232465,587,1,587,587,587,5,1,5,5,5
31,20,0.000154876,1,0.000154876,0.000154876,0.000154876,562,1,562,562,562,5,1,5,5,5
31,20,0.000174998,1,0.000174998,0.000174998,0.000174998,554,1,554,554,554,4,1,4,4,4
31,20,0.000141074,1,0.000141074,0.000141074,0.000141074,554,1,554,554,554,5,1,5,5,5
31,20,0.00022159,1,0.00022159,0.00022159,0.00022159,587,1,587,587,587,5,1,5,5,5
31,20,0.000359637,1,0.000359637,0.000359637,0.000359637,647,1,647,647,647,5,1,5,5,5
31,20,0.000169057,1,0.000169057,0.000169057,0.000169057,580,1,580,580,580,4,1,4,4,4
31,20,0.000398244,1,0.000398244,0.000398244,0.000398244,645,1,645,645,645,5,1,5,5,5
31,20,0.000238355,1,0.000238355,0.000238355,0.000238355,623,1,623,623,623,5,1,5,5,5
31,20,0.000205721,1,0.000205721,0.000205721,0.000205721,553,1,553,553,553,4,1,4,4,4
31,20,0.000211474,1,0.000211474,0.000211474,0.000211474,556,1,556,556,556,4,1,4,4,4
31,20,0.000200272,1,0.000200272,0.000200272,0.000200272,599,1,599,599,599,5,1,5,5,5
31,20,0.000301145,1,0.000301145,0.000301145,0.000301145,583,1,583,583,583,5,1,5,5,5
31,20,0.00022716,1,0.00022716,0.00022716,0.00022716,583,1,583,583,583,4,1,4,4,4
31,20,0.000209028,1,0.000209028,0.000209028,0.000209028,588,1,588,588,588,4,1,4,4,4
31,20,0.000381446,1,0.000381446,0.000381446,0.000381446,636,1,636,636,636,5,1,5,5,5
31,20,0.000192603,1,0.000192603,0.000192603,0.000192603,568,1,568,568,568,4,1,4,4,4
31,20,0.000165219,1,0.000165219,0.000165219,0.000165219,571,1,571,571,571,5,1,5,5,5
31,20,0.000157082,1,0.000157082,0.000157082,0.000157082,565,1,565,565,565,4,1,4,4,4
31,20,0.000311119,1,0.000311119,0.000311119,0.000311119,614,1,614,614,614,5,1,5,5,5
31,20,0.000140023,1,0.000140023,0.000140023,0.000140023,550,1,550,550,550,4,1,4,4,4
31,20,0.000168031,1,0.000168031,0.000168031,0.000168031,552,1,552,552,552,4,1,4,4,4
31,20,0.00030137,1,0.00030137,0.00030137,0.00030137,605,1,605,605,605,5,1,5,5,5
31,20,0.000464569,1,0.000464569,0.000464569,0.000464569,646,1,646,646,646,6,1,6,6,6
31,20,0.000335538,1,0.000335538,0.000335538,0.000335538,595,1,595,595,595,5,1,5,5,5
31,20,0.000239464,1,0.000239464,0.000239464,0.000239464,582,1,582,582,582,5,1,5,5,5
31,20,9.4188e-05,1,9.4188e-05,9.4188e-05,9.4188e-05,519,1,519,519,519,4,1,4,4,4
31,20,0.000246261,1,0.000246261,0.000246261,0.000246261,588,1,588,588,588,5,1,5,5,5
31,20,0.000308963,1,0.000308963,0.000308963,0.000308963,620,1,620,620,620,5,1,5,5,5
31,20,0.000136421,1,0.000136421,0.000136421,0.000136421,552,1,552,552,552,4,1,4,4,4
31,20,0.000195605,1,0.000195605,0.000195605,0.000195605,577,1,577,577,577,5,1,5,5,5
31,20,0.000270643,1,0.000270643,0.000270643,0.000270643,579,1,579,579,579,5,1,5,5,5
31,20,0.000227151,1,0.000227151,0.000227151,0.000227151,592,1,592,592,592,5,1,5,5,5
31,20,0.000150013,1,0.000150013,0.000150013,0.000150013,545,1,545,545,545,4,1,4,4,4
31,20,0.000107691,1,0.000107691,0.000107691,0.000107691,526,1,526,526,526,4,1,4,4,4
31,20,0.000290085,1,0.000290085,0.000290085,0.000290085,598,1,598,598,598,5,1,5,5,5
31,20,0.000220305,1,0.000220305,0.000220305,0.000220305,563,1,563,563,563,5,1,5,5,5
31,20,0.000118278,1,0.000118278,0.000118278,0.000118278,536,1,536,536,536,4,1,4,4,4
31,20,0.000205379,1,0.000205379,0.000205379,0.000205379,592,1,592,592,592,5,1,5,5,5
31,20,0.000374149,1,0.000374149,0.000374149,0.000374149,653,1,653,653,653,5,1,5,5,5
31,20,0.000316665,1,0.000316665,0.000316665,0.000316665,584,1,584,584,584,5,1,5,5,5
31,20,0.000147606,1,0.000147606,0.000147606,0.000147606,547,1,547,547,547,4,1,4,4,4
31,20,0.00020037,1,0.00020037,0.00020037,0.00020037,585,1,585,585,585,5,1,5,5,5
31,20,0.000196615,1,0.000196615,0.000196615,0.000196615,594,1,594,594,594,5,1,5,5,5
31,20,0.000364836,1,0.000364836,0.000364836,0.000364836,607,1,607,607,607,5,1,5,5,5
31,20,0.000216462,1,0.000216462,0.000216462,0.000216462,601,1,601,601,601,5,1,5,5,5
31,20,0.000348885,1,0.000348885,0.000348885,0.000348885,627,1,627,627,627,5,1,5,5,5
31,20,0.000300315,1,0.000300315,0.000300315,0.000300315,619,1,619,619,619,5,1,5,5,5
31,20,0.000190632,1,0.000190632,0.000190632,0.000190632,567,1,567,567,567,3,1,3,3,3
31,20,0.000231219,1,0.000231219,0.000231219,0.000231219,594,1,594,594,594,5,1,5,5,5
31,20,0.000416047,1,0.000416047,0.000416047,0.000416047,670,1,670,670,670,6,1,6,6,6
31,20,0.000221109,1,0.000221109,0.000221109,0.000221109,594,1,594,594,594,5,1,5,5,5
31,20,0.000204242,1,0.000204242,0.000204242,0.000204242,594,1,594,594,594,5,1,5,5,5
31,20,0.000231721,1,0.000231721,0.000231721,0.000231721,578,1,578,578,578,5,1,5,5,5
31,20,0.0001793,1,0.0001793,0.0001793,0.0001793,563,1,563,563,563,4,1,4,4,4
31,20,0.000300459,1,0.000300459,0.000300459,0.000300459,604,1,604,604,604,5,1,5,5,5
31,20,0.000200238,1,0.000200238,0.000200238,0.000200238,567,1,567,567,567,5,1,5,5,5
31,20,0.000248883,1,0.000248883,0.000248883,0.000248883,583,1,583,583,583,5,1,5,5,5
31,20,0.000157019,1,0.000157019,0.000157019,0.000157019,541,1,541,541,541,4,1,4,4,4
31,20,0.000182903,1,0.000182903,0.000182903,0.000182903,563,1,563,563,563,4,1,4,4,4
31,20,0.000206251,1,0.000206251,0.000206251,0.000206251,577,1,577,577,577,5,1,5,5,5
31,20,0.000312894,1,0.000312894,0.000312894,0.000312894,600,1,600,600,600,5,1,5,5,5
31,20,0.000120931,1,0.000120931,0.000120931,0.000120931,544,1,544,544,544,4,1,4,4,4
31,20,0.000341219,1,0.000341219,0.000341219,0.000341219,600,1,600,600,600,5,1,5,5,5
31,20,0.000191447,1,0.000191447,0.000191447,0.000191447,573,1,573,573,573,5,1,5,5,5
31,20,0.000250228,1,0.000250228,0.000250228,0.000250228,595,1,595,595,595,5,1,5,5,5
31,20,0.000348389,1,0.000348389,0.000348389,0.000348389,601,1,601,601,601,5,1,5,5,5
31,20,0.000257514,1,0.000257514,0.000257514,0.000257514,600,1,600,600,600,5,1,5,5,5
31,20,0.000150008,1,0.000150008,0.000150008,0.000150008,545,1,545,545,545,4,1,4,4,4
31,20,0.000281999,1,0.000281999,0.000281999,0.000281999,619,1,619,619,619,5,1,5,5,5
31,20,0.000203766,1,0.000203766,0.000203766,0.000203766,565,1,565,565,565,5,1,5,5,5
31,20,0.000284211,1,0.000284211,0.000284211,0.000284211,636,1,636,636,636,5,1,5,5,5
31,20,0.000216795,1,0.000216795,0.000216795,0.000216795,579,1,579,579,579,5,1,5,5,5
31,20,0.000240857,1,0.000240857,0.000240857,0.000240857,598,1,598,598,598,4,1,4,4,4
31,20,0.000533036,1,0.000533036,0.000533036,0.000533036,689,1,689,689,689,6,1,6,6,6
31,20,0.00022654,1,0.00022654,0.00022654,0.00022654,583,1,583,583,583,5,1,5,5,5
31,20,0.000209589,1,0.000209589,0.000209589,0.000209589,585,1,585,585,585,4,1,4,4,4
31,20,0.000143035,1,0.000143035,0.000143035,0.000143035,525,1,525,525,525,4,1,4,4,4
31,20,0.000134263,1,0.000134263,0.000134263,0.000134263,545,1,545,545,545,4,1,4,4,4
31,20,0.000200499,1,0.000200499,0.000200499,0.000200499,590,1,590,590,590,4,1,4,4,4
31,20,0.000235318,1,0.000235318,0.000235318,0.000235318,571,1,571,571,571,5,1,5,5,5
31,20,0.000295336,1,0.000295336,0.000295336,0.000295336,609,1,609,609,609,5,1,5,5,5
31,20,0.000155432,1,0.000155432,0.000155432,0.000155432,557,1,557,557,557,4,1,4,4,4
31,20,0.000321493,1,0.000321493,0.000321493,0.000321493,647,1,647,647,647,5,1,5,5,5
31,20,0.000267459,1,0.000267459,0.000267459,0.000267459,598,1,598,598,598,5,1,5,5,5
31,20,0.000242551,1,0.000242551,0.000242551,0.000242551,555,1,555,555,555,5,1,5,5,5
31,20,0.000294919,1,0.000294919,0.000294919,0.000294919,650,1,650,650,650,5,1,5,5,5
31,20,0.000287361,1,0.000287361,0.000287361,0.000287361,639,1,639,639,639,6,1,6,6,6
31,20,0.000180948,1,0.000180948,0.000180948,0.000180948,571,1,571,571,571,5,1,5,5,5
31,20,0.00019941,1,0.00019941,0.00019941,0.00019941,585,1,585,585,585,5,1,5,5,5
31,20,0.00015831,1,0.00015831,0.00015831,0.00015831,567,1,567,567,567,5,1,5,5,5
31,20,0.000197739,1,0.000197739,0.000197739,0.000197739,569,1,569,569,569,5,1,5,5,5
31,20,0.000246737,1,0.000246737,0.000246737,0.000246737,651,1,651,651,651,5,1,5,5,5
31,20,0.000250106,1,0.000250106,0.000250106,0.000250106,596,1,596,596,596,5,1,5,5,5
31,20,0.00029945,1,0.00029945,0.00029945,0.00029945,608,1,608,608,608,5,1,5,5,5
31,20,0.000148509,1,0.000148509,0.000148509,0.000148509,554,1,554,554,554,4,1,4,4,4
31,20,0.000236469,1,0.000236469,0.000236469,0.000236469,583,1,583,583,583,5,1,5,5,5
31,20,0.00026048,1,0.00026048,0.00026048,0.00026048,585,1,585,585,585,5,1,5,5,5
31,20,0.000278765,1,0.000278765,0.000278765,0.000278765,590,1,590,590,590,5,1,5,5,5
31,20,0.000316082,1,0.000316082,0.000316082,0.000316082,631,1,631,631,631,5,1,5,5,5
31,20,0.000130455,1,0.000130455,0.000130455,0.000130455,566,1,566,566,566,4,1,4,4,4
31,20,0.000266042,1,0.000266042,0.000266042,0.000266042,599,1,599,599,599,5,1,5,5,5
31,20,0.000174452,1,0.000174452,0.000174452,0.000174452,586,1,586,586,586,5,1,5,5,5
31,20,0.000116911,1,0.000116911,0.000116911,0.000116911,528,1,528,528,528,4,1,4,4,4
31,20,0.000128836,1,0.000128836,0.000128836,0.000128836,543,1,543,543,543,5,1,5,5,5
31,20,0.000377512,1,0.000377512,0.000377512,0.000377512,653,1,653,653,653,5,1,5,5,5
31,20,0.000288419,1,0.000288419,0.000288419,0.000288419,605,1,605,605,605,5,1,5,5,5
31,20,0.000155657,1,0.000155657,0.000155657,0.000155657,572,1,572,572,572,5,1,5,5,5
31,20,0.00016909,1,0.00016909,0.00016909,0.00016909,560,1,560,560,560,4,1,4,4,4
31,20,0.000227297,1,0.000227297,0.000227297,0.000227297,574,1,574,574,574,5,1,5,5,5
31,20,0.000286401,1,0.000286401,0.000286401,0.000286401,607,1,607,607,607,5,1,5,5,5
31,20,0.000286395,1,0.000286395,0.000286395,0.000286395,633,1,633,633,633,5,1,5,5,5
31,20,0.000214218,1,0.000214218,0.000214218,0.000214218,578,1,578,578,578,5,1,5,5,5
31,20,0.000256785,1,0.000256785,0.000256785,0.000256785,602,1,602,602,602,5,1,5,5,5
31,20,0.000217581,1,0.000217581,0.000217581,0.000217581,605,1,605,605,605,5,1,5,5,5
31,20,0.000178585,1,0.000178585,0.000178585,0.000178585,565,1,565,565,565,5,1,5,5,5
31,20,0.00042716,1,0.00042716,0.00042716,0.00042716,660,1,660,660,660,5,1,5,5,5
31,20,0.000320958,1,0.000320958,0.000320958,0.000320958,591,1,591,591,591,5,1,5,5,5
31,20,0.000175971,1,0.000175971,0.000175971,0.000175971,562,1,562,562,562,4,1,4,4,4
31,20,0.000175431,1,0.000175431,0.000175431,0.000175431,568,1,568,568,568,5,1,5,5,5
31,20,0.000240552,1,0.000240552,0.000240552,0.000240552,572,1,572,572,572,5,1,5,5,5
31,20,0.000292975,1,0.000292975,0.000292975,0.000292975,595,1,595,595,595,5,1,5,5,5
31,20,0.00018401,1,0.00018401,0.00018401,0.00018401,587,1,587,587,587,5,1,5,5,5
31,20,0.000106386,1,0.000106386,0.000106386,0.000106386,522,1,522,522,522,4,1,4,4,4
31,20,0.0002611,1,0.0002611,0.0002611,0.0002611,590,1,590,590,590,5,1,5,5,5
31,20,0.000275376,1,0.000275376,0.000275376,0.000275376,588,1,588,588,588,5,1,5,5,5
31,20,0.00029542,1,0.00029542,0.00029542,0.00029542,610,1,610,610,610,5,1,5,5,5
31,20,0.000237847,1,0.000237847,0.000237847,0.000237847,577,1,577,577,577,5,1,5,5,5
31,20,0.000153312,1,0.000153312,0.000153312,0.000153312,556,1,556,556,556,4,1,4,4,4
31,20,0.000231833,1,0.000231833,0.000231833,0.000231833,601,1,601,601,601,5,1,5,5,5
31,20,0.000374916,1,0.000374916,0.000374916,0.000374916,612,1,612,612,612,5,1,5,5,5
31,20,0.00026673,1,0.00026673,0.00026673,0.00026673,592,1,592,592,592,5,1,5,5,5
31,20,0.000233281,1,0.000233281,0.000233281,0.000233281,588,1,588,588,588,5,1,5,5,5
31,20,0.000156129,1,0.000156129,0.000156129,0.000156129,544,1,544,544,544,4,1,4,4,4
31,20,0.000182353,1,0.000182353,0.000182353,0.000182353,557,1,557,557,557,4,1,4,4,4
31,20,0.000338047,1,0.000338047,0.000338047,0.000338047,592,1,592,592,592,5,1,5,5,5
31,20,0.000172054,1,0.000172054,0.000172054,0.000172054,571,1,571,571,571,5,1,5,5,5
31,20,0.000253619,1,0.000253619,0.000253619,0.000253619,601,1,601,601,601,5,1,5,5,5
31,20,0.0002678,1,0.0002678,0.0002678,0.0002678,609,1,609,609,609,5,1,5,5,5
31,20,0.000216443,1,0.000216443,0.000216443,0.000216443,596,1,596,596,596,4,1,4,4,4
31,20,0.000216726,1,0.000216726,0.000216726,0.000216726,582,1,582,582,582,5,1,5,5,5
31,20,0.000366351,1,0.000366351,0.000366351,0.000366351,613,1,613,613,613,5,1,5,5,5
31,20,0.000325509,1,0.000325509,0.000325509,0.000325509,621,1,621,621,621,5,1,5,5,5
31,20,0.000167965,1,0.000167965,0.000167965,0.000167965,560,1,560,560,560,4,1,4,4,4
31,20,0.000279854,1,0.000279854,0.000279854,0.000279854,632,1,632,632,632,5,1,5,5,5
31,20,0.000154423,1,0.000154423,0.000154423,0.000154423,554,1,554,554,554,5,1,5,5,5
31,20,0.000223738,1,0.000223738,0.000223738,0.000223738,580,1,580,580,580,5,1,5,5,5
31,20,0.000156233,1,0.000156233,0.000156233,0.000156233,593,1,593,593,593,5,1,5,5,5
31,20,0.000409093,1,0.000409093,0.000409093,0.000409093,650,1,650,650,650,6,1,6,6,6
31,20,0.000260709,1,0.000260709,0.000260709,0.000260709,589,1,589,589,589,5,1,5,5,5
31,20,0.00024781,1,0.00024781,0.00024781,0.00024781,572,1,572,572,572,5,1,5,5,5
31,20,0.00021822,1,0.00021822,0.00021822,0.00021822,588,1,588,588,588,5,1,5,5,5
31,20,0.000185015,1,0.000185015,0.000185015,0.000185015,550,1,550,550,550,4,1,4,4,4
31,20,0.000341783,1,0.000341783,0.000341783,0.000341783,627,1,627,627,627,5,1,5,5,5
31,20,0.000210132,1,0.000210132,0.000210132,0.000210132,582,1,582,582,582,5,1,5,5,5
31,20,0.000173727,1,0.000173727,0.000173727,0.000173727,568,1,568,568,568,5,1,5,5,5
31,20,0.000214459,1,0.000214459,0.000214459,0.000214459,580,1,580,580,580,5,1,5,5,5
31,20,0.000265848,1,0.000265848,0.000265848,0.000265848,623,1,623,623,623,5,1,5,5,5
31,20,0.000206861,1,0.000206861,0.000206861,0.000206861,570,1,570,570,570,5,1,5,5,5
31,20,0.000170977,1,0.000170977,0.000170977,0.000170977,568,1,568,568,568,5,1,5,5,5
31,20,0.000244816,1,0.000244816,0.000244816,0.000244816,581,1,581,581,581,5,1,5,5,5
31,20,0.000194518,1,0.000194518,0.000194518,0.000194518,589,1,589,589,589,5,1,5,5,5
31,20,0.000144302,1,0.000144302,0.000144302,0.000144302,555,1,555,555,555,5,1,5,5,5
31,20,0.000205358,1,0.000205358,0.000205358,0.000205358,571,1,571,571,571,5,1,5,5,5
31,20,0.000191326,1,0.000191326,0.000191326,0.000191326,587,1,587,587,587,5,1,5,5,5
31,20,0.000124816,1,0.000124816,0.000124816,0.000124816,550,1,550,550,550,4,1,4,4,4
31,20,0.000225777,1,0.000225777,0.000225777,0.000225777,576,1,576,576,576,5,1,5,5,5
31,20,0.000296835,1,0.000296835,0.000296835,0.000296835,590,1,590,590,590,5,1,5,5,5
31,20,0.000159489,1,0.000159489,0.000159489,0.000159489,550,1,550,550,550,4,1,4,4,4
31,20,0.000153391,1,0.000153391,0.000153391,0.000153391,558,1,558,558,558,5,1,5,5,5
31,20,0.000107876,1,0.000107876,0.000107876,0.000107876,535,1,535,535,535,4,1,4,4,4
31,20,0.000243328,1,0.000243328,0.000243328,0.000243328,620,1,620,620,620,5,1,5,5,5
31,20,0.000224266,1,0.000224266,0.000224266,0.000224266,602,1,602,602,602,5,1,5,5,5
31,20,0.000297157,1,0.000297157,0.000297157,0.000297157,629,1,629,629,629,5,1,5,5,5
31,20,0.000433256,1,0.000433256,0.000433256,0.000433256,611,1,611,611,611,5,1,5,5,5
31,20,0.000114306,1,0.000114306,0.000114306,0.000114306,553,1,553,553,553,4,1,4,4,4
31,20,0.000162417,1,0.000162417,0.000162417,0.000162417,569,1,569,569,569,4,1,4,4,4
31,20,0.000316931,1,0.000316931,0.000316931,0.000316931,652,1,652,652,652,5,1,5,5,5
31,20,0.000161853,1,0.000161853,0.000161853,0.000161853,562,1,562,562,562,5,1,5,5,5
31,20,0.000235783,1,0.000235783,0.000235783,0.000235783,602,1,602,602,602,5,1,5,5,5
31,20,0.000291999,1,0.000291999,0.000291999,0.000291999,590,1,590,590,590,5,1,5,5,5
31,20,0.000102316,1,0.000102316,0.000102316,0.000102316,546,1,546,546,546,4,1,4,4,4
31,20,0.00042606,1,0.00042606,0.00042606,0.00042606,652,1,652,652,652,5,1,5,5,5
31,20,0.00021009,1,0.00021009,0.00021009,0.00021009,575,1,575,575,575,5,1,5,5,5
31,20,6.5198e-05,1,6.5198e-05,6.5198e-05,6.5198e-05,504,1,504,504,504,4,1,4,4,4
31,20,0.000198683,1,0.000198683,0.000198683,0.000198683,570,1,570,570,570,4,1,4,4,4
31,20,0.000295603,1,0.000295603,0.000295603,0.000295603,606,1,606,606,606,5,1,5,5,5
31,20,0.000153208,1,0.000153208,0.000153208,0.000153208,538,1,538,538,538,4,1,4,4,4
31,20,0.000187462,1,0.000187462,0.000187462,0.000187462,585,1,585,585,585,5,1,5,5,5
31,20,0.000366682,1,0.000366682,0.000366682,0.000366682,611,1,611,611,611,5,1,5,5,5
31,20,0.000177659,1,0.000177659,0.000177659,0.000177659,582,1,582,582,582,5,1,5,5,5
31,20,0.00028616,1,0.00028616,0.00028616,0.00028616,612,1,612,612,612,5,1,5,5,5
31,20,0.000222528,1,0.000222528,0.000222528,0.000222528,572,1,572,572,572,5,1,5,5,5
31,20,0.000190476,1,0.000190476,0.000190476,0.000190476,574,1,574,574,574,5,1,5,5,5
31,20,0.00019043,1,0.00019043,0.00019043,0.00019043,584,1,584,584,584,5,1,5,5,5
31,20,0.000224994,1,0.000224994,0.000224994,0.000224994,596,1,596,596,596,5,1,5,5,5
31,20,0.000201186,1,0.000201186,0.000201186,0.000201186,577,1,577,577,577,4,1,4,4,4
31,20,0.000189231,1,0.000189231,0.000189231,0.000189231,569,1,569,569,569,5,1,5,5,5
31,20,0.000123812,1,0.000123812,0.000123812,0.000123812,560,1,560,560,560,4,1,4,4,4
31,20,0.000263096,1,0.000263096,0.000263096,0.000263096,581,1,581,581,581,5,1,5,5,5
31,20,0.000215601,1,0.000215601,0.000215601,0.000215601,601,1,601,601,601,4,1,4,4,4
31,20,0.00020934,1,0.00020934,0.00020934,0.00020934,583,1,583,583,583,5,1,5,5,5
31,20,0.000203634,1,0.000203634,0.000203634,0.000203634,592,1,592,592,592,5,1,5,5,5
31,20,0.000242059,1,0.000242059,0.000242059,0.000242059,557,1,557,557,557,4,1,4,4,4
31,20,0.000337604,1,0.000337604,0.000337604,0.000337604,632,1,632,632,632,5,1,5,5,5
31,20,0.000241217,1,0.000241217,0.000241217,0.000241217,585,1,585,585,585,5,1,5,5,5
31,20,0.000226867,1,0.000226867,0.000226867,0.000226867,575,1,575,575,575,5,1,5,5,5
31,20,0.000140541,1,0.000140541,0.000140541,0.000140541,540,1,540,540,540,4,1,4,4,4
31,20,0.000115921,1,0.000115921,0.000115921,0.000115921,550,1,550,550,550,4,1,4,4,4
31,20,0.000104753,1,0.000104753,0.000104753,0.000104753,530,1,530,530,530,4,1,4,4,4
31,20,0.000327439,1,0.000327439,0.000327439,0.000327439,604,1,604,604,604,5,1,5,5,5
31,20,0.000282199,1,0.000282199,0.000282199,0.000282199,600,1,600,600,600,6,1,6,6,6
31,20,0.0002791,1,0.0002791,0.0002791,0.0002791,613,1,613,613,613,5,1,5,5,5
31,20,0.00026373,1,0.00026373,0.00026373,0.00026373,617,1,617,617,617,5,1,5,5,5
31,20,0.000285158,1,0.000285158,0.000285158,0.000285158,594,1,594,594,594,5,1,5,5,5
31,20,9.6652e-05,1,9.6652e-05,9.6652e-05,9.6652e-05,547,1,547,547,547,4,1,4,4,4
31,20,0.000291875,1,0.000291875,0.000291875,0.000291875,599,1,599,599,599,5,1,5,5,5
31,20,0.000206155,1,0.000206155,0.000206155,0.000206155,589,1,589,589,589,4,1,4,4,4
31,20,0.000310368,1,0.000310368,0.000310368,0.000310368,611,1,611,611,611,5,1,5,5,5
31,20,0.000103962,1,0.000103962,0.000103962,0.000103962,560,1,560,560,560,5,1,5,5,5
31,20,0.000198124,1,0.000198124,0.000198124,0.000198124,594,1,594,594,594,5,1,5,5,5
31,20,0.000247862,1,0.000247862,0.000247862,0.000247862,581,1,581,581,581,5,1,5,5,5
31,20,0.000288288,1,0.000288288,0.000288288,0.000288288,627,1,627,627,627,5,1,5,5,5
31,20,0.000215312,1,0.000215312,0.000215312,0.000215312,595,1,595,595,595,5,1,5,5,5
31,20,0.000320199,1,0.000320199,0.000320199,0.000320199,657,1,657,657,657,5,1,5,5,5
31,20,0.000268173,1,0.000268173,0.000268173,0.000268173,628,1,628,628,628,5,1,5,5,5
31,20,0.000132489,1,0.000132489,0.000132489,0.000132489,551,1,551,551,551,4,1,4,4,4
31,20,0.000299827,1,0.000299827,0.000299827,0.000299827,602,1,602,602,602,5,1,5,5,5
31,20,0.000203081,1,0.000203081,0.000203081,0.000203081,584,1,584,584,584,5,1,5,5,5
31,20,0.000139299,1,0.000139299,0.000139299,0.000139299,564,1,564,564,564,4,1,4,4,4
31,20,0.000270312,1,0.000270312,0.000270312,0.000270312,623,1,623,623,623,4,1,4,4,4
31,20,0.000254333,1,0.000254333,0.000254333,0.000254333,611,1,611,611,611,5,1,5,5,5
31,20,0.00024562,1,0.00024562,0.00024562,0.00024562,592,1,592,592,592,5,1,5,5,5
31,20,0.000353199,1,0.000353199,0.000353199,0.000353199,629,1,629,629,629,5,1,5,5,5
31,20,0.000205833,1,0.000205833,0.000205833,0.000205833,582,1,582,582,582,5,1,5,5,5
31,20,0.000111892,1,0.000111892,0.000111892,0.000111892,547,1,547,547,547,4,1,4,4,4
31,20,0.00020512,1,0.00020512,0.00020512,0.00020512,586,1,586,586,586,5,1,5,5,5
31,20,0.000191275,1,0.000191275,0.000191275,0.000191275,591,1,591,591,591,5,1,5,5,5
31,20,0.000347055,1,0.000347055,0.000347055,0.000347055,610,1,610,610,610,5,1,5,5,5
31,20,0.000321957,1,0.000321957,0.000321957,0.000321957,648,1,648,648,648,5,1,5,5,5
31,20,0.000131959,1,0.000131959,0.000131959,0.000131959,559,1,559,559,559,4,1,4,4,4
31,20,0.000142868,1,0.000142868,0.000142868,0.000142868,553,1,553,553,553,4,1,4,4,4
31,20,0.000241159,1,0.000241159,0.000241159,0.000241159,605,1,605,605,605,5,1,5,5,5
31,20,0.000302042,1,0.000302042,0.000302042,0.000302042,618,1,618,618,618,5,1,5,5,5
31,20,0.000267149,1,0.000267149,0.000267149,0.000267149,599,1,599,599,599,5,1,5,5,5
31,20,0.00032711,1,0.00032711,0.00032711,0.00032711,640,1,640,640,640,5,1,5,5,5
31,20,0.00021302,1,0.00021302,0.00021302,0.00021302,600,1,600,600,600,5,1,5,5,5
31,20,0.000205331,1,0.000205331,0.000205331,0.000205331,603,1,603,603,603,5,1,5,5,5
31,20,0.000168971,1,0.000168971,0.000168971,0.000168971,555,1,555,555,555,5,1,5,5,5
31,20,0.000121001,1,0.000121001,0.000121001,0.000121001,535,1,535,535,535,4,1,4,4,4
31,20,0.000213974,1,0.000213974,0.000213974,0.000213974,590,1,590,590,590,5,1,5,5,5
31,20,0.00022071,1,0.00022071,0.00022071,0.00022071,585,1,585,585,585,5,1,5,5,5
31,20,0.000191206,1,0.000191206,0.000191206,0.000191206,601,1,601,601,601,5,1,5,5,5
31,20,0.000335147,1,0.000335147,0.000335147,0.000335147,669,1,669,669,669,5,1,5,5,5
31,20,0.000118208,1,0.000118208,0.000118208,0.000118208,551,1,551,551,551,4,1,4,4,4
31,20,0.000182239,1,0.000182239,0.000182239,0.000182239,571,1,571,571,571,5,1,5,5,5
31,20,0.000144201,1,0.000144201,0.000144201,0.000144201,541,1,541,541,541,4,1,4,4,4
31,20,0.000299256,1,0.000299256,0.000299256,0.000299256,663,1,663,663,663,5,1,5,5,5
31,20,0.000347865,1,0.000347865,0.000347865,0.000347865,617,1,617,617,617,5,1,5,5,5
31,20,0.000168604,1,0.000168604,0.000168604,0.000168604,559,1,559,559,559,4,1,4,4,4
31,20,0.000224885,1,0.000224885,0.000224885,0.000224885,592,1,592,592,592,5,1,5,5,5
31,20,0.000199244,1,0.000199244,0.000199244,0.000199244,594,1,594,594,594,4,1,4,4,4
31,20,0.000103783,1,0.000103783,0.000103783,0.000103783,530,1,530,530,530,4,1,4,4,4
31,20,0.000278883,1,0.000278883,0.000278883,0.000278883,651,1,651,651,651,5,1,5,5,5
31,20,0.000192068,1,0.000192068,0.000192068,0.000192068,565,1,565,565,565,5,1,5,5,5
31,20,0.000187683,1,0.000187683,0.000187683,0.000187683,591,1,591,591,591,5,1,5,5,5
31,20,0.000136934,1,0.000136934,0.000136934,0.000136934,540,1,540,540,540,4,1,4,4,4
31,20,0.000201936,1,0.000201936,0.000201936,0.000201936,598,1,598,598,598,5,1,5,5,5
31,20,0.000292031,1,0.000292031,0.000292031,0.000292031,621,1,621,621,621,5,1,5,5,5
31,20,0.000243851,1,0.000243851,0.000243851,0.000243851,632,1,632,632,632,5,1,5,5,5
31,20,0.000188378,1,0.000188378,0.000188378,0.000188378,571,1,571,571,571,5,1,5,5,5
31,20,0.000356625,1,0.000356625,0.000356625,0.000356625,623,1,623,623,623,5,1,5,5,5
31,20,0.000175684,1,0.000175684,0.000175684,0.000175684,583,1,583,583,583,5,1,5,5,5
31,20,0.000218344,1,0.000218344,0.000218344,0.000218344,581,1,581,581,581,5,1,5,5,5
31,20,0.000160199,1,0.000160199,0.000160199,0.000160199,568,1,568,568,568,5,1,5,5,5
31,20,0.000116493,1,0.000116493,0.000116493,0.000116493,558,1,558,558,558,4,1,4,4,4
31,20,0.000325115,1,0.000325115,0.000325115,0.000325115,672,1,672,672,672,5,1,5,5,5
31,20,0.000262711,1,0.000262711,0.000262711,0.000262711,600,1,600,600,600,5,1,5,5,5
31,20,0.00014402,1,0.00014402,0.00014402,0.00014402,546,1,546,546,546,5,1,5,5,5
31,20,0.000159689,1,0.000159689,0.000159689,0.000159689,564,1,564,564,564,4,1,4,4,4
31,20,0.000235434,1,0.000235434,0.000235434,0.000235434,590,1,590,590,590,5,1,5,5,5
31,20,0.000208186,1,0.000208186,0.000208186,0.000208186,579,1,579,579,579,5,1,5,5,5
31,20,0.000123798,1,0.000123798,0.000123798,0.000123798,550,1,550,550,550,4,1,4,4,4
31,20,0.000305053,1,0.000305053,0.000305053,0.000305053,625,1,625,625,625,4,1,4,4,4
31,20,0.000177336,1,0.000177336,0.000177336,0.000177336,568,1,568,568,568,5,1,5,5,5
31,20,0.000183905,1,0.000183905,0.000183905,0.000183905,556,1,556,556,556,4,1,4,4,4
31,20,0.000297813,1,0.000297813,0.000297813,0.000297813,581,1,581,581,581,5,1,5,5,5
31,20,0.000170456,1,0.000170456,0.000170456,0.000170456,569,1,569,569,569,5,1,5,5,5
31,20,0.00023164,1,0.00023164,0.00023164,0.00023164,600,1,600,600,600,5,1,5,5,5
31,20,0.000151104,1,0.000151104,0.000151104,0.000151104,551,1,551,551,551,4,1,4,4,4
31,20,0.000130452,1,0.000130452,0.000130452,0.000130452,550,1,550,550,550,4,1,4,4,4
31,20,0.000297839,1,0.000297839,0.000297839,0.000297839,604,1,604,604,604,5,1,5,5,5
31,20,0.000123177,1,0.000123177,0.000123177,0.000123177,527,1,527,527,527,4,1,4,4,4
31,20,0.000194753,1,0.000194753,0.000194753,0.000194753,605,1,605,605,605,5,1,5,5,5
31,20,0.000207995,1,0.000207995,0.000207995,0.000207995,606,1,606,606,606,5,1,5,5,5
31,20,8.8831e-05,1,8.8831e-05,8.8831e-05,8.8831e-05,537,1,537,537,537,4,1,4,4,4
31,20,0.000272323,1,0.000272323,0.000272323,0.000272323,595,1,595,595,595,5,1,5,5,5
31,20,0.00021166,1,0.00021166,0.00021166,0.00021166,568,1,568,568,568,4,1,4,4,4
31,20,0.000302094,1,0.000302094,0.000302094,0.000302094,623,1,623,623,623,4,1,4,4,4
31,20,0.000165781,1,0.000165781,0.000165781,0.000165781,553,1,553,553,553,5,1,5,5,5
31,20,0.000131149,1,0.000131149,0.000131149,0.000131149,549,1,549,549,549,4,1,4,4,4
31,20,0.000139919,1,0.000139919,0.000139919,0.000139919,541,1,541,541,541,4,1,4,4,4
31,20,0.000178157,1,0.000178157,0.000178157,0.000178157,568,1,568,568,568,5,1,5,5,5
31,20,0.000125152,1,0.000125152,0.000125152,0.000125152,527,1,527,527,527,4,1,4,4,4
31,20,0.000225034,1,0.000225034,0.000225034,0.000225034,585,1,585,585,585,5,1,5,5,5
31,20,0.000256503,1,0.000256503,0.000256503,0.000256503,589,1,589,589,589,5,1,5,5,5
31,20,0.000102835,1,0.000102835,0.000102835,0.000102835,523,1,523,523,523,4,1,4,4,4
31,20,0.000124838,1,0.000124838,0.000124838,0.000124838,554,1,554,554,554,4,1,4,4,4
31,20,0.000140023,1,0.000140023,0.000140023,0.000140023,544,1,544,544,544,4,1,4,4,4
31,20,0.000347785,1,0.000347785,0.000347785,0.000347785,607,1,607,607,607,5,1,5,5,5
31,20,0.000288359,1,0.000288359,0.000288359,0.000288359,631,1,631,631,631,5,1,5,5,5
31,20,0.000158665,1,0.000158665,0.000158665,0.000158665,559,1,559,559,559,4,1,4,4,4
31,20,0.000163179,1,0.000163179,0.000163179,0.000163179,565,1,565,565,565,5,1,5,5,5
31,20,0.000302976,1,0.000302976,0.000302976,0.000302976,582,1,582,582,582,5,1,5,5,5
31,20,0.000147027,1,0.000147027,0.000147027,0.000147027,551,1,551,551,551,4,1,4,4,4
31,20,0.000125383,1,0.000125383,0.000125383,0.000125383,543,1,543,543,543,4,1,4,4,4
31,20,0.000183353,1,0.000183353,0.000183353,0.000183353,568,1,568,568,568,5,1,5,5,5
31,20,0.000187284,1,0.000187284,0.000187284,0.000187284,573,1,573,573,573,5,1,5,5,5
31,20,0.000209899,1,0.000209899,0.000209899,0.000209899,576,1,576,576,576,5,1,5,5,5
31,20,0.000362153,1,0.000362153,0.000362153,0.000362153,621,1,621,621,621,5,1,5,5,5
31,20,0.000262538,1,0.000262538,0.000262538,0.000262538,596,1,596,596,596,6,1,6,6,6
31,20,0.00021884,1,0.00021884,0.00021884,0.00021884,578,1,578,578,578,5,1,5,5,5
31,20,0.000228094,1,0.000228094,0.000228094,0.000228094,618,1,618,618,618,4,1,4,4,4
31,20,0.00020916,1,0.00020916,0.00020916,0.00020916,579,1,579,579,579,5,1,5,5,5
31,20,0.0001747,1,0.0001747,0.0001747,0.0001747,569,1,569,569,569,5,1,5,5,5
31,20,0.000206604,1,0.000206604,0.000206604,0.000206604,574,1,574,574,574,5,1,5,5,5
31,20,0.000220243,1,0.000220243,0.000220243,0.000220243,617,1,617,617,617,4,1,4,4,4
31,20,0.000113116,1,0.000113116,0.000113116,0.000113116,546,1,546,546,546,4,1,4,4,4
31,20,0.000291334,1,0.000291334,0.000291334,0.000291334,595,1,595,595,595,5,1,5,5,5
31,20,0.000256834,1,0.000256834,0.000256834,0.000256834,607,1,607,607,607,5,1,5,5,5
31,20,0.000223795,1,0.000223795,0.000223795,0.000223795,580,1,580,580,580,5,1,5,5,5
31,20,0.000217037,1,0.000217037,0.000217037,0.000217037,572,1,572,572,572,5,1,5,5,5
31,20,0.000145815,1,0.000145815,0.000145815,0.000145815,572,1,572,572,572,4,1,4,4,4
31,20,0.000196728,1,0.000196728,0.000196728,0.000196728,581,1,581,581,581,5,1,5,5,5
31,20,0.000293192,1,0.000293192,0.000293192,0.000293192,604,1,604,604,604,5,1,5,5,5
31,20,0.00012117,1,0.00012117,0.00012117,0.00012117,535,1,535,535,535,4,1,4,4,4
31,20,0.000133196,1,0.000133196,0.000133196,0.000133196,530,1,530,530,530,4,1,4,4,4
31,20,0.000250572,1,0.000250572,0.000250572,0.000250572,590,1,590,590,590,5,1,5,5,5
31,20,0.000548439,1,0.000548439,0.000548439,0.000548439,699,1,699,699,699,6,1,6,6,6
31,20,0.000146757,1,0.000146757,0.000146757,0.000146757,546,1,546,546,546,4,1,4,4,4
31,20,0.000163013,1,0.000163013,0.000163013,0.000163013,555,1,555,555,555,5,1,5,5,5
31,20,0.000234118,1,0.000234118,0.000234118,0.000234118,579,1,579,579,579,5,1,5,5,5
31,20,0.000168575,1,0.000168575,0.000168575,0.000168575,588,1,588,588,588,4,1,4,4,4
31,20,0.000109757,1,0.000109757,0.000109757,0.000109757,530,1,530,530,530,4,1,4,4,4
31,20,0.000342663,1,0.000342663,0.000342663,0.000342663,635,1,635,635,635,6,1,6,6,6
31,20,0.000145911,1,0.000145911,0.000145911,0.000145911,570,1,570,570,570,4,1,4,4,4
31,20,0.000205269,1,0.000205269,0.000205269,0.000205269,600,1,600,600,600,5,1,5,5,5
31,20,0.000219483,1,0.000219483,0.000219483,0.000219483,579,1,579,579,579,5,1,5,5,5
31,20,0.000237799,1,0.000237799,0.000237799,0.000237799,611,1,611,611,611,5,1,5,5,5
31,20,6.5641e-05,1,6.5641e-05,6.5641e-05,6.5641e-05,507,1,507,507,507,4,1,4,4,4
31,20,0.000207138,1,0.000207138,0.000207138,0.000207138,584,1,584,584,584,5,1,5,5,5
31,20,0.000235492,1,0.000235492,0.000235492,0.000235492,599,1,599,599,599,5,1,5,5,5
31,20,0.00017961,1,0.00017961,0.00017961,0.00017961,603,1,603,603,603,4,1,4,4,4
31,20,0.000226057,1,0.000226057,0.000226057,0.000226057,630,1,630,630,630,5,1,5,5,5
31,20,0.000168038,1,0.000168038,0.000168038,0.000168038,551,1,551,551,551,4,1,4,4,4
31,20,0.000229546,1,0.000229546,0.000229546,0.000229546,612,1,612,612,612,5,1,5,5,5
31,20,0.000219326,1,0.000219326,0.000219326,0.000219326,564,1,564,564,564,5,1,5,5,5
31,20,0.00027059,1,0.00027059,0.00027059,0.00027059,626,1,626,626,626,5,1,5,5,5
31,20,0.00036673,1,0.00036673,0.00036673,0.00036673,659,1,659,659,659,5,1,5,5,5
31,20,0.000294947,1,0.000294947,0.000294947,0.000294947,620,1,620,620,620,5,1,5,5,5
31,20,0.000198179,1,0.000198179,0.000198179,0.000198179,571,1,571,571,571,5,1,5,5,5
31,20,0.000366542,1,0.000366542,0.000366542,0.000366542,603,1,603,603,603,5,1,5,5,5
31,20,0.00025923,1,0.00025923,0.00025923,0.00025923,621,1,621,621,621,5,1,5,5,5
31,20,0.000131774,1,0.000131774,0.000131774,0.000131774,554,1,554,554,554,4,1,4,4,4
31,20,0.000419623,1,0.000419623,0.000419623,0.000419623,661,1,661,661,661,6,1,6,6,6
31,20,0.000326634,1,0.000326634,0.000326634,0.000326634,601,1,601,601,601,5,1,5,5,5
31,20,0.000207235,1,0.000207235,0.000207235,0.000207235,600,1,600,600,600,5,1,5,5,5
31,20,0.000106386,1,0.000106386,0.000106386,0.000106386,532,1,532,532,532,4,1,4,4,4
31,20,0.000227881,1,0.000227881,0.000227881,0.000227881,585,1,585,585,585,5,1,5,5,5
31,20,0.0005049,1,0.0005049,0.0005049,0.0005049,695,1,695,695,695,5,1,5,5,5
31,20,0.000209452,1,0.000209452,0.000209452,0.000209452,601,1,601,601,601,5,1,5,5,5
31,20,0.000233928,1,0.000233928,0.000233928,0.000233928,575,1,575,575,575,5,1,5,5,5
31,20,0.000151927,1,0.000151927,0.000151927,0.000151927,565,1,565,565,565,5,1,5,5,5
31,20,0.000208636,1,0.000208636,0.000208636,0.000208636,573,1,573,573,573,4,1,4,4,4
31,20,0.000189142,1,0.000189142,0.000189142,0.000189142,586,1,586,586,586,5,1,5,5,5
31,20,0.000311786,1,0.000311786,0.000311786,0.000311786,604,1,604,604,604,5,1,5,5,5
31,20,0.000253796,1,0.000253796,0.000253796,0.000253796,586,1,586,586,586,5,1,5,5,5
31,20,0.000141315,1,0.000141315,0.000141315,0.000141315,563,1,563,563,563,4,1,4,4,4
31,20,0.000301558,1,0.000301558,0.000301558,0.000301558,649,1,649,649,649,5,1,5,5,5
31,20,0.000213972,1,0.000213972,0.000213972,0.000213972,571,1,571,571,571,5,1,5,5,5
31,20,0.00015519,1,0.00015519,0.00015519,0.00015519,576,1,576,576,576,5,1,5,5,5
31,20,0.000178289,1,0.000178289,0.000178289,0.000178289,606,1,606,606,606,5,1,5,5,5
31,20,0.000202845,1,0.000202845,0.000202845,0.000202845,586,1,586,586,586,4,1,4,4,4
31,20,0.000160078,1,0.000160078,0.000160078,0.000160078,546,1,546,546,546,4,1,4,4,4
31,20,0.000159473,1,0.000159473,0.000159473,0.000159473,540,1,540,540,540,4,1,4,4,4
31,20,0.000349519,1,0.000349519,0.000349519,0.000349519,636,1,636,636,636,5,1,5,5,5
31,20,0.000117987,1,0.000117987,0.000117987,0.000117987,557,1,557,557,557,4,1,4,4,4
31,20,0.000245065,1,0.000245065,0.000245065,0.000245065,598,1,598,598,598,5,1,5,5,5
31,20,0.000328418,1,0.000328418,0.000328418,0.000328418,581,1,581,581,581,5,1,5,5,5
31,20,0.000130774,1,0.000130774,0.000130774,0.000130774,548,1,548,548,548,4,1,4,4,4
31,20,0.000225816,1,0.000225816,0.000225816,0.000225816,609,1,609,609,609,5,1,5,5,5
31,20,0.000353487,1,0.000353487,0.000353487,0.000353487,665,1,665,665,665,5,1,5,5,5
31,20,0.000238339,1,0.000238339,0.000238339,0.000238339,604,1,604,604,604,5,1,5,5,5
31,20,0.000122857,1,0.000122857,0.000122857,0.000122857,543,1,543,543,543,4,1,4,4,4
31,20,0.000366735,1,0.000366735,0.000366735,0.000366735,639,1,639,639,639,6,1,6,6,6
31,20,0.000382754,1,0.000382754,0.000382754,0.000382754,639,1,639,639,639,5,1,5,5,5
31,20,0.000134678,1,0.000134678,0.000134678,0.000134678,541,1,541,541,541,4,1,4,4,4
31,20,0.000243412,1,0.000243412,0.000243412,0.000243412,561,1,561,561,561,5,1,5,5,5
31,20,0.00012984,1,0.00012984,0.00012984,0.00012984,549,1,549,549,549,5,1,5,5,5
31,20,0.000325586,1,0.000325586,0.000325586,0.000325586,656,1,656,656,656,5,1,5,5,5
31,20,0.000287606,1,0.000287606,0.000287606,0.000287606,603,1,603,603,603,5,1,5,5,5
31,20,0.000219002,1,0.000219002,0.000219002,0.000219002,585,1,585,585,585,5,1,5,5,5
31,20,0.000164645,1,0.000164645,0.000164645,0.000164645,550,1,550,550,550,4,1,4,4,4
31,20,0.00020966,1,0.00020966,0.00020966,0.00020966,580,1,580,580,580,5,1,5,5,5
31,20,0.00015506,1,0.00015506,0.00015506,0.00015506,543,1,543,543,543,4,1,4,4,4
31,20,0.000181171,1,0.000181171,0.000181171,0.000181171,556,1,556,556,556,5,1,5,5,5
31,20,0.000384629,1,0.000384629,0.000384629,0.000384629,647,1,647,647,647,5,1,5,5,5
31,20,0.000179026,1,0.000179026,0.000179026,0.000179026,531,1,531,531,531,4,1,4,4,4
31,20,0.000269036,1,0.000269036,0.000269036,0.000269036,639,1,639,639,639,5,1,5,5,5
31,20,0.000303259,1,0.000303259,0.000303259,0.000303259,635,1,635,635,635,5,1,5,5,5
31,20,0.000230107,1,0.000230107,0.000230107,0.000230107,612,1,612,612,612,4,1,4,4,4
31,20,0.00022553,1,0.00022553,0.00022553,0.00022553,608,1,608,608,608,5,1,5,5,5
31,20,0.000149478,1,0.000149478,0.000149478,0.000149478,568,1,568,568,568,5,1,5,5,5
31,20,0.000120245,1,0.000120245,0.000120245,0.000120245,529,1,529,529,529,4,1,4,4,4
31,20,0.00018063,1,0.00018063,0.00018063,0.00018063,601,1,601,601,601,5,1,5,5,5
31,20,0.000385106,1,0.000385106,0.000385106,0.000385106,671,1,671,671,671,5,1,5,5,5
31,20,0.000220101,1,0.000220101,0.000220101,0.000220101,589,1,589,589,589,5,1,5,5,5
31,20,0.000368728,1,0.000368728,0.000368728,0.000368728,670,1,670,670,670,5,1,5,5,5
31,20,0.000269003,1,0.000269003,0.000269003,0.000269003,615,1,615,615,615,5,1,5,5,5
31,20,0.000409515,1,0.000409515,0.000409515,0.000409515,654,1,654,654,654,5,1,5,5,5
31,20,0.000211665,1,0.000211665,0.000211665,0.000211665,600,1,600,600,600,5,1,5,5,5
31,20,0.000215082,1,0.000215082,0.000215082,0.000215082,615,1,615,615,615,5,1,5,5,5
31,20,0.00018773,1,0.00018773,0.00018773,0.00018773,569,1,569,569,569,5,1,5,5,5
31,20,0.000228641,1,0.000228641,0.000228641,0.000228641,597,1,597,597,597,5,1,5,5,5
31,20,0.000102843,1,0.000102843,0.000102843,0.000102843,536,1,536,536,536,4,1,4,4,4
31,20,0.000170894,1,0.000170894,0.000170894,0.000170894,570,1,570,570,570,5,1,5,5,5
31,20,0.000202173,1,0.000202173,0.000202173,0.000202173,584,1,584,584,584,5,1,5,5,5
31,20,0.000180443,1,0.000180443,0.000180443,0.000180443,580,1,580,580,580,5,1,5,5,5
31,20,0.000208311,1,0.000208311,0.000208311,0.000208311,579,1,579,579,579,5,1,5,5,5
31,20,0.00016512,1,0.00016512,0.00016512,0.00016512,558,1,558,558,558,4,1,4,4,4
31,20,0.000247938,1,0.000247938,0.000247938,0.000247938,585,1,585,585,585,5,1,5,5,5
31,20,0.000250381,1,0.000250381,0.000250381,0.000250381,616,1,616,616,616,5,1,5,5,5
31,20,0.000126928,1,0.000126928,0.000126928,0.000126928,549,1,549,549,549,4,1,4,4,4
31,20,0.000267859,1,0.000267859,0.000267859,0.000267859,604,1,604,604,604,5,1,5,5,5
31,20,0.000144879,1,0.000144879,0.000144879,0.000144879,591,1,591,591,591,5,1,5,5,5
31,20,0.000259372,1,0.000259372,0.000259372,0.000259372,585,1,585,585,585,5,1,5,5,5
31,20,0.000281369,1,0.000281369,0.000281369,0.000281369,614,1,614,614,614,5,1,5,5,5
31,20,0.00038715,1,0.00038715,0.00038715,0.00038715,622,1,622,622,622,5,1,5,5,5
31,20,0.000134403,1,0.000134403,0.000134403,0.000134403,572,1,572,572,572,4,1,4,4,4
31,20,0.000287374,1,0.000287374,0.000287374,0.000287374,614,1,614,614,614,5,1,5,5,5
31,20,0.000253386,1,0.000253386,0.000253386,0.000253386,597,1,597,597,597,5,1,5,5,5
31,20,0.000201756,1,0.000201756,0.000201756,0.000201756,596,1,596,596,596,5,1,5,5,5
31,20,0.000180041,1,0.000180041,0.000180041,0.000180041,580,1,580,580,580,5,1,5,5,5
31,20,0.000151355,1,0.000151355,0.000151355,0.000151355,579,1,579,579,579,4,1,4,4,4
31,20,0.000210488,1,0.000210488,0.000210488,0.000210488,567,1,567,567,567,5,1,5,5,5
31,20,0.000334165,1,0.000334165,0.000334165,0.000334165,605,1,605,605,605,5,1,5,5,5
31,20,0.000113388,1,0.000113388,0.000113388,0.000113388,542,1,542,542,542,4,1,4,4,4
31,20,0.000203159,1,0.000203159,0.000203159,0.000203159,582,1,582,582,582,5,1,5,5,5
31,20,0.00025439,1,0.00025439,0.00025439,0.00025439,605,1,605,605,605,5,1,5,5,5
31,20,0.000212671,1,0.000212671,0.000212671,0.000212671,576,1,576,576,576,5,1,5,5,5
31,20,0.000223636,1,0.000223636,0.000223636,0.000223636,578,1,578,578,578,5,1,5,5,5
31,20,0.000229564,1,0.000229564,0.000229564,0.000229564,579,1,579,579,579,5,1,5,5,5
31,20,9.0468e-05,1,9.0468e-05,9.0468e-05,9.0468e-05,521,1,521,521,521,4,1,4,4,4
31,20,0.000211305,1,0.000211305,0.000211305,0.000211305,587,1,587,587,587,5,1,5,5,5
31,20,0.000306813,1,0.000306813,0.000306813,0.000306813,596,1,596,596,596,5,1,5,5,5
31,20,0.000150543,1,0.000150543,0.000150543,0.000150543,565,1,565,565,565,4,1,4,4,4
31,20,0.00030029,1,0.00030029,0.00030029,0.00030029,610,1,610,610,610,6,1,6,6,6
31,20,0.000392577,1,0.000392577,0.000392577,0.000392577,640,1,640,640,640,6,1,6,6,6
31,20,0.000205265,1,0.000205265,0.000205265,0.000205265,569,1,569,569,569,5,1,5,5,5
31,20,0.000320739,1,0.000320739,0.000320739,0.000320739,624,1,624,624,624,5,1,5,5,5
31,20,0.000355555,1,0.000355555,0.000355555,0.000355555,617,1,617,617,617,5,1,5,5,5
31,20,0.00010724,1,0.00010724,0.00010724,0.00010724,520,1,520,520,520,4,1,4,4,4
31,20,0.000237033,1,0.000237033,0.000237033,0.000237033,583,1,583,583,583,5,1,5,5,5
31,20,0.000125172,1,0.000125172,0.000125172,0.000125172,561,1,561,561,561,4,1,4,4,4
31,20,0.000335333,1,0.000335333,0.000335333,0.000335333,617,1,617,617,617,5,1,5,5,5
31,20,0.000291383,1,0.000291383,0.000291383,0.000291383,597,1,597,597,597,5,1,5,5,5
31,20,0.000405345,1,0.000405345,0.000405345,0.000405345,678,1,678,678,678,5,1,5,5,5
31,20,0.000230591,1,0.000230591,0.000230591,0.000230591,567,1,567,567,567,5,1,5,5,5
31,20,0.000355546,1,0.000355546,0.000355546,0.000355546,613,1,613,613,613,6,1,6,6,6
31,20,0.00028702,1,0.00028702,0.00028702,0.00028702,625,1,625,625,625,5,1,5,5,5
31,20,0.000284508,1,0.000284508,0.000284508,0.000284508,609,1,609,609,609,5,1,5,5,5
31,20,0.00023048,1,0.00023048,0.00023048,0.00023048,579,1,579,579,579,5,1,5,5,5
31,20,0.00024802,1,0.00024802,0.00024802,0.00024802,622,1,622,622,622,5,1,5,5,5
31,20,0.000199582,1,0.000199582,0.000199582,0.000199582,591,1,591,591,591,4,1,4,4,4
31,20,0.000163622,1,0.000163622,0.000163622,0.000163622,597,1,597,597,597,4,1,4,4,4
31,20,0.000225744,1,0.000225744,0.000225744,0.000225744,568,1,568,568,568,5,1,5,5,5
31,20,0.000294116,1,0.000294116,0.000294116,0.000294116,610,1,610,610,610,5,1,5,5,5
31,20,0.000219001,1,0.000219001,0.000219001,0.000219001,583,1,583,583,583,4,1,4,4,4
31,20,0.000187527,1,0.000187527,0.000187527,0.000187527,585,1,585,585,585,5,1,5,5,5
31,20,0.000161112,1,0.000161112,0.000161112,0.000161112,561,1,561,561,561,5,1,5,5,5
31,20,0.00010414,1,0.00010414,0.00010414,0.00010414,535,1,535,535,535,4,1,4,4,4
31,20,0.00020441,1,0.00020441,0.00020441,0.00020441,580,1,580,580,580,5,1,5,5,5
31,20,0.000196247,1,0.000196247,0.000196247,0.000196247,595,1,595,595,595,5,1,5,5,5
31,20,0.000229747,1,0.000229747,0.000229747,0.000229747,594,1,594,594,594,5,1,5,5,5
31,20,0.00029141,1,0.00029141,0.00029141,0.00029141,622,1,622,622,622,5,1,5,5,5
31,20,0.00022889,1,0.00022889,0.00022889,0.00022889,603,1,603,603,603,5,1,5,5,5
31,20,0.000227794,1,0.000227794,0.000227794,0.000227794,588,1,588,588,588,4,1,4,4,4
31,20,0.000140777,1,0.000140777,0.000140777,0.000140777,544,1,544,544,544,4,1,4,4,4
31,20,0.000107558,1,0.000107558,0.000107558,0.000107558,527,1,527,527,527,4,1,4,4,4
31,20,0.000157219,1,0.000157219,0.000157219,0.000157219,554,1,554,554,554,4,1,4,4,4
31,20,0.000253687,1,0.000253687,0.000253687,0.000253687,592,1,592,592,592,5,1,5,5,5
31,20,0.000214322,1,0.000214322,0.000214322,0.000214322,584,1,584,584,584,5,1,5,5,5
31,20,0.000199798,1,0.000199798,0.000199798,0.000199798,543,1,543,543,543,4,1,4,4,4
31,20,0.000258421,1,0.000258421,0.000258421,0.000258421,585,1,585,585,585,5,1,5,5,5
31,20,0.000318598,1,0.000318598,0.000318598,0.000318598,604,1,604,604,604,5,1,5,5,5
31,20,0.000207374,1,0.000207374,0.000207374,0.000207374,579,1,579,579,579,5,1,5,5,5
31,20,0.000300644,1,0.000300644,0.000300644,0.000300644,610,1,610,610,610,6,1,6,6,6
31,20,0.000257485,1,0.000257485,0.000257485,0.000257485,626,1,626,626,626,4,1,4,4,4
31,20,0.000243253,1,0.000243253,0.000243253,0.000243253,587,1,587,587,587,5,1,5,5,5
31,20,0.000295421,1,0.000295421,0.000295421,0.000295421,587,1,587,587,587,5,1,5,5,5
31,20,0.000192318,1,0.000192318,0.000192318,0.000192318,601,1,601,601,601,4,1,4,4,4
31,20,0.000354574,1,0.000354574,0.000354574,0.000354574,700,1,700,700,700,5,1,5,5,5
31,20,0.000212555,1,0.000212555,0.000212555,0.000212555,582,1,582,582,582,4,1,4,4,4
31,20,0.000294732,1,0.000294732,0.000294732,0.000294732,583,1,583,583,583,4,1,4,4,4
31,20,0.000401545,1,0.000401545,0.000401545,0.000401545,660,1,660,660,660,5,1,5,5,5
31,20,0.0003856,1,0.0003856,0.0003856,0.0003856,653,1,653,653,653,5,1,5,5,5
31,20,0.000153425,1,0.000153425,0.000153425,0.000153425,550,1,550,550,550,4,1,4,4,4
31,20,0.000314512,1,0.000314512,0.000314512,0.000314512,640,1,640,640,640,5,1,5,5,5
31,20,0.000246556,1,0.000246556,0.000246556,0.000246556,600,1,600,600,600,5,1,5,5,5
31,20,0.000385335,1,0.000385335,0.000385335,0.000385335,685,1,685,685,685,5,1,5,5,5
31,20,0.000183696,1,0.000183696,0.000183696,0.000183696,576,1,576,576,576,5,1,5,5,5
31,20,0.000282666,1,0.000282666,0.000282666,0.000282666,590,1,590,590,590,5,1,5,5,5
31,20,0.000215039,1,0.000215039,0.000215039,0.000215039,585,1,585,585,585,5,1,5,5,5
31,20,0.000195137,1,0.000195137,0.000195137,0.000195137,564,1,564,564,564,4,1,4,4,4
31,20,0.000155299,1,0.000155299,0.000155299,0.000155299,576,1,576,576,576,4,1,4,4,4
31,20,0.000223356,1,0.000223356,0.000223356,0.000223356,588,1,588,588,588,5,1,5,5,5
31,20,0.000254108,1,0.000254108,0.000254108,0.000254108,607,1,607,607,607,5,1,5,5,5
31,20,0.000291211,1,0.000291211,0.000291211,0.000291211,617,1,617,617,617,5,1,5,5,5
31,20,0.000225515,1,0.000225515,0.000225515,0.000225515,586,1,586,586,586,5,1,5,5,5
31,20,9.3474e-05,1,9.3474e-05,9.3474e-05,9.3474e-05,534,1,534,534,534,4,1,4,4,4
31,20,0.000151731,1,0.000151731,0.000151731,0.000151731,571,1,571,571,571,5,1,5,5,5
31,20,0.000245088,1,0.000245088,0.000245088,0.000245088,573,1,573,573,573,5,1,5,5,5
31,20,0.000227372,1,0.000227372,0.000227372,0.000227372,595,1,595,595,595,5,1,5,5,5
31,20,0.00021299,1,0.00021299,0.00021299,0.00021299,610,1,610,610,610,5,1,5,5,5
31,20,0.000328282,1,0.000328282,0.000328282,0.000328282,605,1,605,605,605,5,1,5,5,5
31,20,0.000212342,1,0.000212342,0.000212342,0.000212342,598,1,598,598,598,5,1,5,5,5
31,20,0.000128473,1,0.000128473,0.000128473,0.000128473,546,1,546,546,546,4,1,4,4,4
31,20,0.000132317,1,0.000132317,0.000132317,0.000132317,553,1,553,553,553,4,1,4,4,4
31,20,0.000122207,1,0.000122207,0.000122207,0.000122207,545,1,545,545,545,4,1,4,4,4
31,20,0.000143281,1,0.000143281,0.000143281,0.000143281,565,1,565,565,565,4,1,4,4,4
31,20,0.000182606,1,0.000182606,0.000182606,0.000182606,584,1,584,584,584,5,1,5,5,5
31,20,0.000201228,1,0.000201228,0.000201228,0.000201228,593,1,593,593,593,5,1,5,5,5
31,20,0.000360758,1,0.000360758,0.000360758,0.000360758,620,1,620,620,620,5,1,5,5,5
31,20,0.000189234,1,0.000189234,0.000189234,0.000189234,566,1,566,566,566,5,1,5,5,5
31,20,0.000116885,1,0.000116885,0.000116885,0.000116885,548,1,548,548,548,4,1,4,4,4
31,20,0.000255397,1,0.000255397,0.000255397,0.000255397,616,1,616,616,616,5,1,5,5,5
31,20,0.000192879,1,0.000192879,0.000192879,0.000192879,572,1,572,572,572,5,1,5,5,5
31,20,0.000155949,1,0.000155949,0.000155949,0.000155949,549,1,549,549,549,4,1,4,4,4
31,20,0.000380749,1,0.000380749,0.000380749,0.000380749,668,1,668,668,668,5,1,5,5,5
31,20,0.000310809,1,0.000310809,0.000310809,0.000310809,617,1,617,617,617,5,1,5,5,5
31,20,0.000181566,1,0.000181566,0.000181566,0.000181566,565,1,565,565,565,5,1,5,5,5
31,20,0.000237226,1,0.000237226,0.000237226,0.000237226,594,1,594,594,594,5,1,5,5,5
31,20,0.000109627,1,0.000109627,0.000109627,0.000109627,542,1,542,542,542,4,1,4,4,4
31,20,0.000240716,1,0.000240716,0.000240716,0.000240716,578,1,578,578,578,5,1,5,5,5
31,20,0.000237334,1,0.000237334,0.000237334,0.000237334,575,1,575,575,575,5,1,5,5,5
31,20,0.000135452,1,0.000135452,0.000135452,0.000135452,549,1,549,549,549,4,1,4,4,4
31,20,0.000178523,1,0.000178523,0.000178523,0.000178523,564,1,564,564,564,5,1,5,5,5
31,20,0.000307158,1,0.000307158,0.000307158,0.000307158,595,1,595,595,595,5,1,5,5,5
31,20,0.000206467,1,0.000206467,0.000206467,0.000206467,564,1,564,564,564,5,1,5,5,5
31,20,0.000117842,1,0.000117842,0.000117842,0.000117842,526,1,526,526,526,4,1,4,4,4
31,20,0.000191339,1,0.000191339,0.000191339,0.000191339,581,1,581,581,581,5,1,5,5,5
31,20,0.000231209,1,0.000231209,0.000231209,0.000231209,603,1,603,603,603,5,1,5,5,5
31,20,0.000233342,1,0.000233342,0.000233342,0.000233342,597,1,597,597,597,4,1,4,4,4
31,20,0.000146741,1,0.000146741,0.000146741,0.000146741,536,1,536,536,536,4,1,4,4,4
31,20,0.000115315,1,0.000115315,0.000115315,0.000115315,532,1,532,532,532,4,1,4,4,4
31,20,0.000205844,1,0.000205844,0.000205844,0.000205844,593,1,593,593,593,5,1,5,5,5
31,20,0.000332237,1,0.000332237,0.000332237,0.000332237,679,1,679,679,679,5,1,5,5,5
31,20,0.000165817,1,0.000165817,0.000165817,0.000165817,552,1,552,552,552,4,1,4,4,4
31,20,0.000157682,1,0.000157682,0.000157682,0.000157682,542,1,542,542,542,5,1,5,5,5
31,20,0.000174879,1,0.000174879,0.000174879,0.000174879,585,1,585,585,585,5,1,5,5,5
31,20,0.00010878,1,0.00010878,0.00010878,0.00010878,534,1,534,534,534,4,1,4,4,4
31,20,0.00024846,1,0.00024846,0.00024846,0.00024846,599,1,599,599,599,5,1,5,5,5
31,20,0.000326714,1,0.000326714,0.000326714,0.000326714,599,1,599,599,599,5,1,5,5,5
31,20,0.000110855,1,0.000110855,0.000110855,0.000110855,549,1,549,549,549,4,1,4,4,4
31,20,0.000211612,1,0.000211612,0.000211612,0.000211612,566,1,566,566,566,5,1,5,5,5
31,20,0.000147402,1,0.000147402,0.000147402,0.000147402,540,1,540,540,540,4,1,4,4,4
31,20,0.000262248,1,0.000262248,0.000262248,0.000262248,634,1,634,634,634,5,1,5,5,5
31,20,0.000208257,1,0.000208257,0.000208257,0.000208257,629,1,629,629,629,5,1,5,5,5
31,20,0.00027648,1,0.00027648,0.00027648,0.00027648,614,1,614,614,614,5,1,5,5,5
31,20,0.000200083,1,0.000200083,0.000200083,0.000200083,589,1,589,589,589,4,1,4,4,4
31,20,0.000267991,1,0.000267991,0.000267991,0.000267991,620,1,620,620,620,5,1,5,5,5
31,20,0.000252261,1,0.000252261,0.000252261,0.000252261,619,1,619,619,619,6,1,6,6,6
31,20,0.000340864,1,0.000340864,0.000340864,0.000340864,634,1,634,634,634,5,1,5,5,5
31,20,0.000133294,1,0.000133294,0.000133294,0.000133294,556,1,556,556,556,4,1,4,4,4
31,20,0.000265516,1,0.000265516,0.000265516,0.000265516,603,1,603,603,603,4,1,4,4,4
31,20,0.000365736,1,0.000365736,0.000365736,0.000365736,647,1,647,647,647,5,1,5,5,5
31,20,0.00025497,1,0.00025497,0.00025497,0.00025497,622,1,622,622,622,5,1,5,5,5
31,20,0.000205379,1,0.000205379,0.000205379,0.000205379,569,1,569,569,569,5,1,5,5,5
31,20,0.000211296,1,0.000211296,0.000211296,0.000211296,594,1,594,594,594,4,1,4,4,4
31,20,0.000154049,1,0.000154049,0.000154049,0.000154049,591,1,591,591,591,5,1,5,5,5
31,20,0.000288697,1,0.000288697,0.000288697,0.000288697,621,1,621,621,621,5,1,5,5,5
31,20,0.00024447,1,0.00024447,0.00024447,0.00024447,595,1,595,595,595,5,1,5,5,5
31,20,0.000220664,1,0.000220664,0.000220664,0.000220664,580,1,580,580,580,5,1,5,5,5
31,20,0.000170344,1,0.000170344,0.000170344,0.000170344,558,1,558,558,558,5,1,5,5,5
31,20,0.000176791,1,0.000176791,0.000176791,0.000176791,564,1,564,564,564,4,1,4,4,4
31,20,0.000340463,1,0.000340463,0.000340463,0.000340463,643,1,643,643,643,5,1,5,5,5
31,20,0.000188267,1,0.000188267,0.000188267,0.000188267,564,1,564,564,564,5,1,5,5,5
31,20,0.000213022,1,0.000213022,0.000213022,0.000213022,581,1,581,581,581,5,1,5,5,5
31,20,0.000118545,1,0.000118545,0.000118545,0.000118545,542,1,542,542,542,4,1,4,4,4
31,20,0.000186355,1,0.000186355,0.000186355,0.000186355,568,1,568,568,568,4,1,4,4,4
31,20,0.000176349,1,0.000176349,0.000176349,0.000176349,542,1,542,542,542,4,1,4,4,4
31,20,0.000268173,1,0.000268173,0.000268173,0.000268173,615,1,615,615,615,5,1,5,5,5
31,20,0.000385419,1,0.000385419,0.000385419,0.000385419,628,1,628,628,628,5,1,5,5,5
31,20,0.000103812,1,0.000103812,0.000103812,0.000103812,525,1,525,525,525,4,1,4,4,4
31,20,0.000294059,1,0.000294059,0.000294059,0.000294059,594,1,594,594,594,5,1,5,5,5
31,20,0.000312071,1,0.000312071,0.000312071,0.000312071,641,1,641,641,641,5,1,5,5,5
31,20,0.000228105,1,0.000228105,0.000228105,0.000228105,597,1,597,597,597,5,1,5,5,5
31,20,0.000138346,1,0.000138346,0.000138346,0.000138346,566,1,566,566,566,5,1,5,5,5
31,20,0.000188792,1,0.000188792,0.000188792,0.000188792,594,1,594,594,594,5,1,5,5,5
31,20,0.000285613,1,0.000285613,0.000285613,0.000285613,596,1,596,596,596,5,1,5,5,5
31,20,0.000176491,1,0.000176491,0.000176491,0.000176491,550,1,550,550,550,5,1,5,5,5
31,20,0.000237462,1,0.000237462,0.000237462,0.000237462,586,1,586,586,586,5,1,5,5,5
31,20,0.000132154,1,0.000132154,0.000132154,0.000132154,546,1,546,546,546,4,1,4,4,4
31,20,0.000374138,1,0.000374138,0.000374138,0.000374138,635,1,635,635,635,5,1,5,5,5
31,20,0.000136721,1,0.000136721,0.000136721,0.000136721,558,1,558,558,558,4,1,4,4,4
31,20,0.000323928,1,0.000323928,0.000323928,0.000323928,635,1,635,635,635,5,1,5,5,5
31,20,0.000361872,1,0.000361872,0.000361872,0.000361872,612,1,612,612,612,6,1,6,6,6
31,20,0.00022121,1,0.00022121,0.00022121,0.00022121,592,1,592,592,592,5,1,5,5,5
31,20,0.0001677,1,0.0001677,0.0001677,0.0001677,591,1,591,591,591,5,1,5,5,5
31,20,0.000470454,1,0.000470454,0.000470454,0.000470454,656,1,656,656,656,5,1,5,5,5
31,20,0.000101011,1,0.000101011,0.000101011,0.000101011,520,1,520,520,520,4,1,4,4,4
31,20,0.000207456,1,0.000207456,0.000207456,0.000207456,591,1,591,591,591,4,1,4,4,4
31,20,0.000226051,1,0.000226051,0.000226051,0.000226051,598,1,598,598,598,5,1,5,5,5
31,20,0.000290523,1,0.000290523,0.000290523,0.000290523,610,1,610,610,610,5,1,5,5,5
31,20,0.000258709,1,0.000258709,0.000258709,0.000258709,575,1,575,575,575,5,1,5,5,5
31,20,0.000235494,1,0.000235494,0.000235494,0.000235494,609,1,609,609,609,5,1,5,5,5
31,20,0.000178372,1,0.000178372,0.000178372,0.000178372,563,1,563,563,563,5,1,5,5,5
31,20,0.000494324,1,0.000494324,0.000494324,0.000494324,750,1,750,750,750,5,1,5,5,5
31,20,0.000237443,1,0.000237443,0.000237443,0.000237443,594,1,594,594,594,5,1,5,5,5
31,20,0.000245591,1,0.000245591,0.000245591,0.000245591,615,1,615,615,615,5,1,5,5,5
31,20,0.000126736,1,0.000126736,0.000126736,0.000126736,535,1,535,535,535,4,1,4,4,4
31,20,0.000155909,1,0.000155909,0.000155909,0.000155909,562,1,562,562,562,4,1,4,4,4
31,20,0.000186544,1,0.000186544,0.000186544,0.000186544,556,1,556,556,556,5,1,5,5,5
31,20,0.000251045,1,0.000251045,0.000251045,0.000251045,586,1,586,586,586,5,1,5,5,5
31,20,0.000149451,1,0.000149451,0.000149451,0.000149451,538,1,538,538,538,4,1,4,4,4
31,20,0.000150055,1,0.000150055,0.000150055,0.000150055,538,1,538,538,538,4,1,4,4,4
31,20,0.000257652,1,0.000257652,0.000257652,0.000257652,608,1,608,608,608,5,1,5,5,5
31,20,0.000351647,1,0.000351647,0.000351647,0.000351647,657,1,657,657,657,5,1,5,5,5
31,20,0.000284681,1,0.000284681,0.000284681,0.000284681,691,1,691,691,691,5,1,5,5,5
31,20,0.000211016,1,0.000211016,0.000211016,0.000211016,576,1,576,576,576,4,1,4,4,4
31,20,0.000235829,1,0.000235829,0.000235829,0.000235829,583,1,583,583,583,5,1,5,5,5
31,20,0.00030933,1,0.00030933,0.00030933,0.00030933,570,1,570,570,570,4,1,4,4,4
31,20,0.000240694,1,0.000240694,0.000240694,0.000240694,603,1,603,603,603,5,1,5,5,5
31,20,0.000129266,1,0.000129266,0.000129266,0.000129266,556,1,556,556,556,4,1,4,4,4
31,20,0.000302977,1,0.000302977,0.000302977,0.000302977,610,1,610,610,610,5,1,5,5,5
31,20,0.00022759,1,0.00022759,0.00022759,0.00022759,591,1,591,591,591,5,1,5,5,5
31,20,0.000292948,1,0.000292948,0.000292948,0.000292948,589,1,589,589,589,5,1,5,5,5
31,20,0.000220053,1,0.000220053,0.000220053,0.000220053,591,1,591,591,591,5,1,5,5,5
31,20,0.000211489,1,0.000211489,0.000211489,0.000211489,586,1,586,586,586,5,1,5,5,5
31,20,0.000296347,1,0.000296347,0.000296347,0.000296347,611,1,611,611,611,4,1,4,4,4
31,20,0.000375457,1,0.000375457,0.000375457,0.000375457,629,1,629,629,629,5,1,5,5,5
31,20,0.000238989,1,0.000238989,0.000238989,0.000238989,589,1,589,589,589,5,1,5,5,5
31,20,0.000260581,1,0.000260581,0.000260581,0.000260581,589,1,589,589,589,5,1,5,5,5
31,20,0.000277355,1,0.000277355,0.000277355,0.000277355,603,1,603,603,603,5,1,5,5,5
31,20,0.00029137,1,0.00029137,0.00029137,0.00029137,598,1,598,598,598,5,1,5,5,5
31,20,0.000174204,1,0.000174204,0.000174204,0.000174204,584,1,584,584,584,5,1,5,5,5
31,20,0.000322754,1,0.000322754,0.000322754,0.000322754,614,1,614,614,614,5,1,5,5,5
31,20,0.000119301,1,0.000119301,0.000119301,0.000119301,554,1,554,554,554,4,1,4,4,4
31,20,0.000203916,1,0.000203916,0.000203916,0.000203916,594,1,594,594,594,5,1,5,5,5
31,20,0.00032301,1,0.00032301,0.00032301,0.00032301,620,1,620,620,620,5,1,5,5,5
31,20,0.000118183,1,0.000118183,0.000118183,0.000118183,546,1,546,546,546,4,1,4,4,4
31,20,0.000205336,1,0.000205336,0.000205336,0.000205336,584,1,584,584,584,5,1,5,5,5
31,20,0.000198679,1,0.000198679,0.000198679,0.000198679,568,1,568,568,568,5,1,5,5,5
31,20,0.000304048,1,0.000304048,0.000304048,0.000304048,618,1,618,618,618,5,1,5,5,5
31,20,0.000305828,1,0.000305828,0.000305828,0.000305828,575,1,575,575,575,5,1,5,5,5
31,20,0.000356805,1,0.000356805,0.000356805,0.000356805,626,1,626,626,626,5,1,5,5,5
31,20,0.000123082,1,0.000123082,0.000123082,0.000123082,557,1,557,557,557,4,1,4,4,4
31,20,0.000264453,1,0.000264453,0.000264453,0.000264453,617,1,617,617,617,5,1,5,5,5
31,20,0.000194972,1,0.000194972,0.000194972,0.000194972,582,1,582,582,582,5,1,5,5,5
31,20,0.000181258,1,0.000181258,0.000181258,0.000181258,560,1,560,560,560,5,1,5,5,5
31,20,0.00034297,1,0.00034297,0.00034297,0.00034297,627,1,627,627,627,5,1,5,5,5
31,20,0.000191414,1,0.000191414,0.000191414,0.000191414,574,1,574,574,574,5,1,5,5,5
31,20,0.000329915,1,0.000329915,0.000329915,0.000329915,672,1,672,672,672,5,1,5,5,5
31,20,0.000195166,1,0.000195166,0.000195166,0.000195166,584,1,584,584,584,5,1,5,5,5
31,20,0.00032928,1,0.00032928,0.00032928,0.00032928,626,1,626,626,626,6,1,6,6,6
31,20,0.000217266,1,0.000217266,0.000217266,0.000217266,608,1,608,608,608,5,1,5,5,5
31,20,0.00026894,1,0.00026894,0.00026894,0.00026894,584,1,584,584,584,5,1,5,5,5
31,20,0.000252942,1,0.000252942,0.000252942,0.000252942,600,1,600,600,600,5,1,5,5,5
31,20,0.000271278,1,0.000271278,0.000271278,0.000271278,589,1,589,589,589,5,1,5,5,5
31,20,0.000164603,1,0.000164603,0.000164603,0.000164603,558,1,558,558,558,5,1,5,5,5
31,20,0.000232056,1,0.000232056,0.000232056,0.000232056,568,1,568,568,568,4,1,4,4,4
31,20,0.0002172,1,0.0002172,0.0002172,0.0002172,567,1,567,567,567,4,1,4,4,4
31,20,0.000108179,1,0.000108179,0.000108179,0.000108179,534,1,534,534,534,4,1,4,4,4
31,20,0.000263156,1,0.000263156,0.000263156,0.000263156,598,1,598,598,598,5,1,5,5,5
31,20,0.000229451,1,0.000229451,0.000229451,0.000229451,573,1,573,573,573,5,1,5,5,5
31,20,0.000120503,1,0.000120503,0.000120503,0.000120503,538,1,538,538,538,4,1,4,4,4
31,20,0.000156295,1,0.000156295,0.000156295,0.000156295,549,1,549,549,549,5,1,5,5,5
31,20,0.000178345,1,0.000178345,0.000178345,0.000178345,566,1,566,566,566,5,1,5,5,5
31,20,0.000225558,1,0.000225558,0.000225558,0.000225558,571,1,571,571,571,4,1,4,4,4
31,20,0.000135998,1,0.000135998,0.000135998,0.000135998,554,1,554,554,554,4,1,4,4,4
31,20,0.00032386,1,0.00032386,0.00032386,0.00032386,657,1,657,657,657,5,1,5,5,5
31,20,0.000431942,1,0.000431942,0.000431942,0.000431942,667,1,667,667,667,6,1,6,6,6
31,20,0.000374915,1,0.000374915,0.000374915,0.000374915,649,1,649,649,649,6,1,6,6,6
31,20,0.000308833,1,0.000308833,0.000308833,0.000308833,626,1,626,626,626,5,1,5,5,5
31,20,0.000430415,1,0.000430415,0.000430415,0.000430415,656,1,656,656,656,6,1,6,6,6
31,20,0.000213406,1,0.000213406,0.000213406,0.000213406,599,1,599,599,599,5,1,5,5,5
31,20,0.000264522,1,0.000264522,0.000264522,0.000264522,608,1,608,608,608,5,1,5,5,5
31,20,0.000167416,1,0.000167416,0.000167416,0.000167416,570,1,570,570,570,5,1,5,5,5
31,20,0.000142096,1,0.000142096,0.000142096,0.000142096,558,1,558,558,558,4,1,4,4,4
31,20,0.000454012,1,0.000454012,0.000454012,0.000454012,690,1,690,690,690,5,1,5,5,5
31,20,0.000185525,1,0.000185525,0.000185525,0.000185525,579,1,579,579,579,4,1,4,4,4
31,20,0.000157638,1,0.000157638,0.000157638,0.000157638,571,1,571,571,571,4,1,4,4,4
31,20,0.00016919,1,0.00016919,0.00016919,0.00016919,568,1,568,568,568,5,1,5,5,5
31,20,0.000131571,1,0.000131571,0.000131571,0.000131571,535,1,535,535,535,4,1,4,4,4
31,20,0.000312829,1,0.000312829,0.000312829,0.000312829,646,1,646,646,646,5,1,5,5,5
31,20,0.0003958,1,0.0003958,0.0003958,0.0003958,638,1,638,638,638,5,1,5,5,5
31,20,0.000340845,1,0.000340845,0.000340845,0.000340845,605,1,605,605,605,5,1,5,5,5
31,20,0.000352249,1,0.000352249,0.000352249,0.000352249,623,1,623,623,623,5,1,5,5,5
31,20,0.000184521,1,0.000184521,0.000184521,0.000184521,555,1,555,555,555,4,1,4,4,4
31,20,0.000181152,1,0.000181152,0.000181152,0.000181152,565,1,565,565,565,5,1,5,5,5
31,20,0.000153923,1,0.000153923,0.000153923,0.000153923,554,1,554,554,554,4,1,4,4,4
31,20,0.000158473,1,0.000158473,0.000158473,0.000158473,556,1,556,556,556,5,1,5,5,5
31,20,0.00016975,1,0.00016975,0.00016975,0.00016975,567,1,567,567,567,5,1,5,5,5
31,20,0.000182595,1,0.000182595,0.000182595,0.000182595,568,1,568,568,568,4,1,4,4,4
31,20,0.000271371,1,0.000271371,0.000271371,0.000271371,585,1,585,585,585,5,1,5,5,5
31,20,0.00025625,1,0.00025625,0.00025625,0.00025625,622,1,622,622,622,5,1,5,5,5
31,20,0.000110444,1,0.000110444,0.000110444,0.000110444,528,1,528,528,528,4,1,4,4,4
31,20,0.000224976,1,0.000224976,0.000224976,0.000224976,603,1,603,603,603,4,1,4,4,4
31,20,0.000221024,1,0.000221024,0.000221024,0.000221024,591,1,591,591,591,5,1,5,5,5
31,20,0.000140942,1,0.000140942,0.000140942,0.000140942,541,1,541,541,541,4,1,4,4,4
31,20,0.000198282,1,0.000198282,0.000198282,0.000198282,573,1,573,573,573,4,1,4,4,4
31,20,0.000140293,1,0.000140293,0.000140293,0.000140293,543,1,543,543,543,4,1,4,4,4
31,20,0.000170804,1,0.000170804,0.000170804,0.000170804,589,1,589,589,589,4,1,4,4,4
31,20,0.000236124,1,0.000236124,0.000236124,0.000236124,592,1,592,592,592,5,1,5,5,5
31,20,0.000353802,1,0.000353802,0.000353802,0.000353802,631,1,631,631,631,5,1,5,5,5
31,20,0.000298986,1,0.000298986,0.000298986,0.000298986,641,1,641,641,641,5,1,5,5,5
31,20,0.000164688,1,0.000164688,0.000164688,0.000164688,584,1,584,584,584,4,1,4,4,4
31,20,0.000342768,1,0.000342768,0.000342768,0.000342768,640,1,640,640,640,5,1,5,5,5
31,20,0.000323277,1,0.000323277,0.000323277,0.000323277,653,1,653,653,653,5,1,5,5,5
31,20,0.000232868,1,0.000232868,0.000232868,0.000232868,603,1,603,603,603,5,1,5,5,5
31,20,0.000268176,1,0.000268176,0.000268176,0.000268176,639,1,639,639,639,5,1,5,5,5
31,20,0.000467554,1,0.000467554,0.000467554,0.000467554,674,1,674,674,674,5,1,5,5,5
31,20,0.00025905,1,0.00025905,0.00025905,0.00025905,581,1,581,581,581,5,1,5,5,5
31,20,0.000134728,1,0.000134728,0.000134728,0.000134728,531,1,531,531,531,4,1,4,4,4
31,20,0.00033009,1,0.00033009,0.00033009,0.00033009,610,1,610,610,610,5,1,5,5,5
31,20,0.000149717,1,0.000149717,0.000149717,0.000149717,556,1,556,556,556,4,1,4,4,4
31,20,0.000225084,1,0.000225084,0.000225084,0.000225084,583,1,583,583,583,5,1,5,5,5
31,20,0.000114675,1,0.000114675,0.000114675,0.000114675,547,1,547,547,547,4,1,4,4,4
