n,p,time_total,time_count,time_mean,time_min,time_max,steps_total,steps_count,steps_mean,steps_min,steps_max,number_total,number_count,number_mean,number_min,number_max
17,10,0.000105683,1,0.000105683,0.000105683,0.000105683,187,1,187,187,187,3,1,3,3,3
17,10,3.8062e-05,1,3.8062e-05,3.8062e-05,3.8062e-05,161,1,161,161,161,3,1,3,3,3
17,10,6.5863e-05,1,6.5863e-05,6.5863e-05,6.5863e-05,171,1,171,171,171,2,1,2,2,2
17,10,2.48e-05,1,2.48e-05,2.48e-05,2.48e-05,144,1,144,144,144,2,1,2,2,2
17,10,2.3382e-05,1,2.3382e-05,2.3382e-05,2.3382e-05,144,1,144,144,144,3,1,3,3,3
17,10,9.9025e-05,1,9.9025e-05,9.9025e-05,9.9025e-05,187,1,187,187,187,3,1,3,3,3
17,10,4.5654e-05,1,4.5654e-05,4.5654e-05,4.5654e-05,158,1,158,158,158,3,1,3,3,3
17,10,6.7495e-05,1,6.7495e-05,6.7495e-05,6.7495e-05,168,1,168,168,168,3,1,3,3,3
17,10,2.3744e-05,1,2.3744e-05,2.3744e-05,2.3744e-05,144,1,144,144,144,2,1,2,2,2
17,10,2.4692e-05,1,2.4692e-05,2.4692e-05,2.4692e-05,148,1,148,148,148,3,1,3,3,3
17,10,2.4501e-05,1,2.4501e-05,2.4501e-05,2.4501e-05,148,1,148,148,148,3,1,3,3,3
17,10,6.0583e-05,1,6.0583e-05,6.0583e-05,6.0583e-05,164,1,164,164,164,2,1,2,2,2
17,10,5.9455e-05,1,5.9455e-05,5.9455e-05,5.9455e-05,163,1,163,163,163,3,1,3,3,3
17,10,2.4306e-05,1,2.4306e-05,2.4306e-05,2.4306e-05,144,1,144,144,144,2,1,2,2,2
17,10,2.4182e-05,1,2.4182e-05,2.4182e-05,2.4182e-05,145,1,145,145,145,3,1,3,3,3
17,10,2.4877e-05,1,2.4877e-05,2.4877e-05,2.4877e-05,144,1,144,144,144,2,1,2,2,2
17,10,2.4201e-05,1,2.4201e-05,2.4201e-05,2.4201e-05,145,1,145,145,145,2,1,2,2,2
17,10,2.4362e-05,1,2.4362e-05,2.4362e-05,2.4362e-05,150,1,150,150,150,3,1,3,3,3
17,10,5.0332e-05,1,5.0332e-05,5.0332e-05,5.0332e-05,162,1,162,162,162,3,1,3,3,3
17,10,4.9645e-05,1,4.9645e-05,4.9645e-05,4.9645e-05,164,1,164,164,164,3,1,3,3,3
17,10,2.4123e-05,1,2.4123e-05,2.4123e-05,2.4123e-05,143,1,143,143,143,2,1,2,2,2
17,10,2.4452e-05,1,2.4452e-05,2.4452e-05,2.4452e-05,148,1,148,148,148,3,1,3,3,3
17,10,4.3155e-05,1,4.3155e-05,4.3155e-05,4.3155e-05,159,1,159,159,159,2,1,2,2,2
17,10,8.885e-05,1,8.885e-05,8.885e-05,8.885e-05,183,1,183,183,183,3,1,3,3,3
17,10,3.3929e-05,1,3.3929e-05,3.3929e-05,3.3929e-05,160,1,160,160,160,3,1,3,3,3
17,10,4.2106e-05,1,4.2106e-05,4.2106e-05,4.2106e-05,168,1,168,168,168,3,1,3,3,3
17,10,4.5412e-05,1,4.5412e-05,4.5412e-05,4.5412e-05,161,1,161,161,161,3,1,3,3,3
17,10,5.6045e-05,1,5.6045e-05,5.6045e-05,5.6045e-05,166,1,166,166,166,3,1,3,3,3
17,10,8.2593e-05,1,8.2593e-05,8.2593e-05,8.2593e-05,187,1,187,187,187,3,1,3,3,3
17,10,2.5844e-05,1,2.5844e-05,2.5844e-05,2.5844e-05,149,1,149,149,149,3,1,3,3,3
17,10,5.4302e-05,1,5.4302e-05,5.4302e-05,5.4302e-05,162,1,162,162,162,3,1,3,3,3
17,10,6.3215e-05,1,6.3215e-05,6.3215e-05,6.3215e-05,166,1,166,166,166,3,1,3,3,3
17,10,6.0768e-05,1,6.0768e-05,6.0768e-05,6.0768e-05,170,1,170,170,170,3,1,3,3,3
17,10,5.8608e-05,1,5.8608e-05,5.8608e-05,5.8608e-05,164,1,164,164,164,3,1,3,3,3
17,10,2.4062e-05,1,2.4062e-05,2.4062e-05,2.4062e-05,145,1,145,145,145,2,1,2,2,2
17,10,2.4071e-05,1,2.4071e-05,2.4071e-05,2.4071e-05,142,1,142,142,142,2,1,2,2,2
17,10,2.3e-05,1,2.3e-05,2.3e-05,2.3e-05,140,1,140,140,140,2,1,2,2,2
17,10,6.2267e-05,1,6.2267e-05,6.2267e-05,6.2267e-05,165,1,165,165,165,3,1,3,3,3
17,10,2.3801e-05,1,2.3801e-05,2.3801e-05,2.3801e-05,145,1,145,145,145,2,1,2,2,2
17,10,5.7566e-05,1,5.7566e-05,5.7566e-05,5.7566e-05,164,1,164,164,164,3,1,3,3,3
17,10,2.4074e-05,1,2.4074e-05,2.4074e-05,2.4074e-05,144,1,144,144,144,2,1,2,2,2
17,10,2.4105e-05,1,2.4105e-05,2.4105e-05,2.4105e-05,145,1,145,145,145,3,1,3,3,3
17,10,2.3668e-05,1,2.3668e-05,2.3668e-05,2.3668e-05,145,1,145,145,145,3,1,3,3,3
17,10,2.361e-05,1,2.361e-05,2.361e-05,2.361e-05,142,1,142,142,142,2,1,2,2,2
17,10,2.3928e-05,1,2.3928e-05,2.3928e-05,2.3928e-05,142,1,142,142,142,2,1,2,2,2
17,10,2.3742e-05,1,2.3742e-05,2.3742e-05,2.3742e-05,142,1,142,142,142,2,1,2,2,2
17,10,5.0451e-05,1,5.0451e-05,5.0451e-05,5.0451e-05,159,1,159,159,159,3,1,3,3,3
17,10,2.397e-05,1,2.397e-05,2.397e-05,2.397e-05,145,1,145,145,145,2,1,2,2,2
17,10,5.9026e-05,1,5.9026e-05,5.9026e-05,5.9026e-05,166,1,166,166,166,3,1,3,3,3
17,10,2.421e-05,1,2.421e-05,2.421e-05,2.421e-05,148,1,148,148,148,3,1,3,3,3
17,10,2.3517e-05,1,2.3517e-05,2.3517e-05,2.3517e-05,145,1,145,145,145,2,1,2,2,2
17,10,2.3554e-05,1,2.3554e-05,2.3554e-05,2.3554e-05,141,1,141,141,141,2,1,2,2,2
17,10,2.9271e-05,1,2.9271e-05,2.9271e-05,2.9271e-05,157,1,157,157,157,2,1,2,2,2
17,10,2.3467e-05,1,2.3467e-05,2.3467e-05,2.3467e-05,144,1,144,144,144,3,1,3,3,3
17,10,5.0737e-05,1,5.0737e-05,5.0737e-05,5.0737e-05,167,1,167,167,167,3,1,3,3,3
17,10,7.5546e-05,1,7.5546e-05,7.5546e-05,7.5546e-05,181,1,181,181,181,3,1,3,3,3
17,10,2.4275e-05,1,2.4275e-05,2.4275e-05,2.4275e-05,142,1,142,142,142,2,1,2,2,2
17,10,6.449e-05,1,6.449e-05,6.449e-05,6.449e-05,165,1,165,165,165,2,1,2,2,2
17,10,2.3704e-05,1,2.3704e-05,2.3704e-05,2.3704e-05,142,1,142,142,142,2,1,2,2,2
17,10,4.5071e-05,1,4.5071e-05,4.5071e-05,4.5071e-05,159,1,159,159,159,3,1,3,3,3
17,10,2.5023e-05,1,2.5023e-05,2.5023e-05,2.5023e-05,148,1,148,148,148,3,1,3,3,3
17,10,8.5075e-05,1,8.5075e-05,8.5075e-05,8.5075e-05,184,1,184,184,184,3,1,3,3,3
17,10,2.3442e-05,1,2.3442e-05,2.3442e-05,2.3442e-05,141,1,141,141,141,2,1,2,2,2
17,10,4.8585e-05,1,4.8585e-05,4.8585e-05,4.8585e-05,165,1,165,165,165,2,1,2,2,2
17,10,5.4372e-05,1,5.4372e-05,5.4372e-05,5.4372e-05,163,1,163,163,163,3,1,3,3,3
17,10,6.9609e-05,1,6.9609e-05,6.9609e-05,6.9609e-05,169,1,169,169,169,3,1,3,3,3
17,10,9.5433e-05,1,9.5433e-05,9.5433e-05,9.5433e-05,188,1,188,188,188,3,1,3,3,3
17,10,8.4902e-05,1,8.4902e-05,8.4902e-05,8.4902e-05,187,1,187,187,187,3,1,3,3,3
17,10,2.449e-05,1,2.449e-05,2.449e-05,2.449e-05,143,1,143,143,143,2,1,2,2,2
17,10,5.5471e-05,1,5.5471e-05,5.5471e-05,5.5471e-05,163,1,163,163,163,2,1,2,2,2
17,10,5.2687e-05,1,5.2687e-05,5.2687e-05,5.2687e-05,164,1,164,164,164,3,1,3,3,3
17,10,2.3898e-05,1,2.3898e-05,2.3898e-05,2.3898e-05,143,1,143,143,143,2,1,2,2,2
17,10,5.0086e-05,1,5.0086e-05,5.0086e-05,5.0086e-05,165,1,165,165,165,3,1,3,3,3
17,10,2.4133e-05,1,2.4133e-05,2.4133e-05,2.4133e-05,142,1,142,142,142,2,1,2,2,2
17,10,5.0614e-05,1,5.0614e-05,5.0614e-05,5.0614e-05,162,1,162,162,162,3,1,3,3,3
17,10,2.4175e-05,1,2.4175e-05,2.4175e-05,2.4175e-05,142,1,142,142,142,2,1,2,2,2
17,10,2.3971e-05,1,2.3971e-05,2.3971e-05,2.3971e-05,144,1,144,144,144,2,1,2,2,2
17,10,2.3895e-05,1,2.3895e-05,2.3895e-05,2.3895e-05,142,1,142,142,142,2,1,2,2,2
17,10,4.9751e-05,1,4.9751e-05,4.9751e-05,4.9751e-05,164,1,164,164,164,2,1,2,2,2
17,10,2.3893e-05,1,2.3893e-05,2.3893e-05,2.3893e-05,143,1,143,143,143,2,1,2,2,2
17,10,6.3519e-05,1,6.3519e-05,6.3519e-05,6.3519e-05,169,1,169,169,169,3,1,3,3,3
17,10,6.8886e-05,1,6.8886e-05,6.8886e-05,6.8886e-05,179,1,179,179,179,2,1,2,2,2
17,10,5.6488e-05,1,5.6488e-05,5.6488e-05,5.6488e-05,164,1,164,164,164,3,1,3,3,3
17,10,2.4193e-05,1,2.4193e-05,2.4193e-05,2.4193e-05,141,1,141,141,141,2,1,2,2,2
17,10,2.3728e-05,1,2.3728e-05,2.3728e-05,2.3728e-05,143,1,143,143,143,2,1,2,2,2
17,10,2.4498e-05,1,2.4498e-05,2.4498e-05,2.4498e-05,146,1,146,146,146,3,1,3,3,3
17,10,2.8729e-05,1,2.8729e-05,2.8729e-05,2.8729e-05,154,1,154,154,154,2,1,2,2,2
17,10,4.6965e-05,1,4.6965e-05,4.6965e-05,4.6965e-05,159,1,159,159,159,3,1,3,3,3
17,10,4.8927e-05,1,4.8927e-05,4.8927e-05,4.8927e-05,162,1,162,162,162,3,1,3,3,3
17,10,7.1248e-05,1,7.1248e-05,7.1248e-05,7.1248e-05,166,1,166,166,166,3,1,3,3,3
17,10,8.0475e-05,1,8.0475e-05,8.0475e-05,8.0475e-05,179,1,179,179,179,3,1,3,3,3
17,10,2.6755e-05,1,2.6755e-05,2.6755e-05,2.6755e-05,146,1,146,146,146,3,1,3,3,3
17,10,8.1616e-05,1,8.1616e-05,8.1616e-05,8.1616e-05,166,1,166,166,166,3,1,3,3,3
17,10,2.4073e-05,1,2.4073e-05,2.4073e-05,2.4073e-05,145,1,145,145,145,3,1,3,3,3
17,10,2.3885e-05,1,2.3885e-05,2.3885e-05,2.3885e-05,143,1,143,143,143,2,1,2,2,2
17,10,2.4142e-05,1,2.4142e-05,2.4142e-05,2.4142e-05,145,1,145,145,145,3,1,3,3,3
17,10,2.3572e-05,1,2.3572e-05,2.3572e-05,2.3572e-05,144,1,144,144,144,3,1,3,3,3
17,10,4.9625e-05,1,4.9625e-05,4.9625e-05,4.9625e-05,158,1,158,158,158,3,1,3,3,3
17,10,0.000109763,1,0.000109763,0.000109763,0.000109763,199,1,199,199,199,2,1,2,2,2
17,10,6.0214e-05,1,6.0214e-05,6.0214e-05,6.0214e-05,179,1,179,179,179,3,1,3,3,3
17,10,2.4429e-05,1,2.4429e-05,2.4429e-05,2.4429e-05,143,1,143,143,143,2,1,2,2,2
17,10,4.6334e-05,1,4.6334e-05,4.6334e-05,4.6334e-05,158,1,158,158,158,2,1,2,2,2
17,10,3.5622e-05,1,3.5622e-05,3.5622e-05,3.5622e-05,158,1,158,158,158,3,1,3,3,3
17,10,8.7582e-05,1,8.7582e-05,8.7582e-05,8.7582e-05,183,1,183,183,183,3,1,3,3,3
17,10,2.4942e-05,1,2.4942e-05,2.4942e-05,2.4942e-05,145,1,145,145,145,3,1,3,3,3
17,10,2.5139e-05,1,2.5139e-05,2.5139e-05,2.5139e-05,145,1,145,145,145,3,1,3,3,3
17,10,7.1108e-05,1,7.1108e-05,7.1108e-05,7.1108e-05,162,1,162,162,162,3,1,3,3,3
17,10,2.4054e-05,1,2.4054e-05,2.4054e-05,2.4054e-05,145,1,145,145,145,3,1,3,3,3
17,10,2.3724e-05,1,2.3724e-05,2.3724e-05,2.3724e-05,141,1,141,141,141,2,1,2,2,2
17,10,5.002e-05,1,5.002e-05,5.002e-05,5.002e-05,163,1,163,163,163,3,1,3,3,3
17,10,2.466e-05,1,2.466e-05,2.466e-05,2.466e-05,148,1,148,148,148,3,1,3,3,3
17,10,4.9504e-05,1,4.9504e-05,4.9504e-05,4.9504e-05,160,1,160,160,160,3,1,3,3,3
17,10,0.000103079,1,0.000103079,0.000103079,0.000103079,193,1,193,193,193,3,1,3,3,3
17,10,2.4003e-05,1,2.4003e-05,2.4003e-05,2.4003e-05,144,1,144,144,144,2,1,2,2,2
17,10,8.0524e-05,1,8.0524e-05,8.0524e-05,8.0524e-05,184,1,184,184,184,3,1,3,3,3
17,10,2.4559e-05,1,2.4559e-05,2.4559e-05,2.4559e-05,148,1,148,148,148,3,1,3,3,3
17,10,5.1026e-05,1,5.1026e-05,5.1026e-05,5.1026e-05,167,1,167,167,167,3,1,3,3,3
17,10,2.4635e-05,1,2.4635e-05,2.4635e-05,2.4635e-05,142,1,142,142,142,2,1,2,2,2
17,10,2.2971e-05,1,2.2971e-05,2.2971e-05,2.2971e-05,144,1,144,144,144,2,1,2,2,2
17,10,5.244e-05,1,5.244e-05,5.244e-05,5.244e-05,165,1,165,165,165,2,1,2,2,2
17,10,2.5475e-05,1,2.5475e-05,2.5475e-05,2.5475e-05,148,1,148,148,148,3,1,3,3,3
17,10,5.8694e-05,1,5.8694e-05,5.8694e-05,5.8694e-05,167,1,167,167,167,3,1,3,3,3
17,10,2.3926e-05,1,2.3926e-05,2.3926e-05,2.3926e-05,143,1,143,143,143,2,1,2,2,2
17,10,2.4522e-05,1,2.4522e-05,2.4522e-05,2.4522e-05,150,1,150,150,150,3,1,3,3,3
17,10,2.3453e-05,1,2.3453e-05,2.3453e-05,2.3453e-05,144,1,144,144,144,3,1,3,3,3
17,10,5.8954e-05,1,5.8954e-05,5.8954e-05,5.8954e-05,164,1,164,164,164,2,1,2,2,2
17,10,5.6511e-05,1,5.6511e-05,5.6511e-05,5.6511e-05,161,1,161,161,161,3,1,3,3,3
17,10,5.99e-05,1,5.99e-05,5.99e-05,5.99e-05,164,1,164,164,164,3,1,3,3,3
17,10,2.4677e-05,1,2.4677e-05,2.4677e-05,2.4677e-05,146,1,146,146,146,3,1,3,3,3
17,10,2.5337e-05,1,2.5337e-05,2.5337e-05,2.5337e-05,143,1,143,143,143,2,1,2,2,2
17,10,5.0497e-05,1,5.0497e-05,5.0497e-05,5.0497e-05,162,1,162,162,162,2,1,2,2,2
17,10,2.3674e-05,1,2.3674e-05,2.3674e-05,2.3674e-05,143,1,143,143,143,2,1,2,2,2
17,10,4.7735e-05,1,4.7735e-05,4.7735e-05,4.7735e-05,159,1,159,159,159,3,1,3,3,3
17,10,2.3558e-05,1,2.3558e-05,2.3558e-05,2.3558e-05,143,1,143,143,143,2,1,2,2,2
17,10,2.3613e-05,1,2.3613e-05,2.3613e-05,2.3613e-05,145,1,145,145,145,2,1,2,2,2
17,10,2.4248e-05,1,2.4248e-05,2.4248e-05,2.4248e-05,147,1,147,147,147,3,1,3,3,3
17,10,2.4518e-05,1,2.4518e-05,2.4518e-05,2.4518e-05,145,1,145,145,145,3,1,3,3,3
17,10,2.3645e-05,1,2.3645e-05,2.3645e-05,2.3645e-05,144,1,144,144,144,3,1,3,3,3
17,10,2.4357e-05,1,2.4357e-05,2.4357e-05,2.4357e-05,149,1,149,149,149,3,1,3,3,3
17,10,5.2464e-05,1,5.2464e-05,5.2464e-05,5.2464e-05,163,1,163,163,163,3,1,3,3,3
17,10,6.2847e-05,1,6.2847e-05,6.2847e-05,6.2847e-05,179,1,179,179,179,3,1,3,3,3
17,10,4.0757e-05,1,4.0757e-05,4.0757e-05,4.0757e-05,163,1,163,163,163,3,1,3,3,3
17,10,4.4608e-05,1,4.4608e-05,4.4608e-05,4.4608e-05,161,1,161,161,161,2,1,2,2,2
17,10,5.3194e-05,1,5.3194e-05,5.3194e-05,5.3194e-05,166,1,166,166,166,2,1,2,2,2
17,10,2.3915e-05,1,2.3915e-05,2.3915e-05,2.3915e-05,142,1,142,142,142,2,1,2,2,2
17,10,5.302e-05,1,5.302e-05,5.302e-05,5.302e-05,166,1,166,166,166,2,1,2,2,2
17,10,4.61e-05,1,4.61e-05,4.61e-05,4.61e-05,162,1,162,162,162,3,1,3,3,3
17,10,2.4591e-05,1,2.4591e-05,2.4591e-05,2.4591e-05,146,1,146,146,146,3,1,3,3,3
17,10,2.357e-05,1,2.357e-05,2.357e-05,2.357e-05,142,1,142,142,142,2,1,2,2,2
17,10,5.5392e-05,1,5.5392e-05,5.5392e-05,5.5392e-05,166,1,166,166,166,3,1,3,3,3
17,10,2.3899e-05,1,2.3899e-05,2.3899e-05,2.3899e-05,145,1,145,145,145,2,1,2,2,2
17,10,9.7369e-05,1,9.7369e-05,9.7369e-05,9.7369e-05,199,1,199,199,199,3,1,3,3,3
17,10,2.3549e-05,1,2.3549e-05,2.3549e-05,2.3549e-05,146,1,146,146,146,3,1,3,3,3
17,10,2.3788e-05,1,2.3788e-05,2.3788e-05,2.3788e-05,143,1,143,143,143,2,1,2,2,2
17,10,6.2703e-05,1,6.2703e-05,6.2703e-05,6.2703e-05,171,1,171,171,171,3,1,3,3,3
17,10,2.3798e-05,1,2.3798e-05,2.3798e-05,2.3798e-05,143,1,143,143,143,2,1,2,2,2
17,10,2.414e-05,1,2.414e-05,2.414e-05,2.414e-05,145,1,145,145,145,2,1,2,2,2
17,10,8.9382e-05,1,8.9382e-05,8.9382e-05,8.9382e-05,187,1,187,187,187,3,1,3,3,3
17,10,2.4165e-05,1,2.4165e-05,2.4165e-05,2.4165e-05,146,1,146,146,146,3,1,3,3,3
17,10,4.2928e-05,1,4.2928e-05,4.2928e-05,4.2928e-05,159,1,159,159,159,2,1,2,2,2
17,10,2.3726e-05,1,2.3726e-05,2.3726e-05,2.3726e-05,145,1,145,145,145,2,1,2,2,2
17,10,2.4294e-05,1,2.4294e-05,2.4294e-05,2.4294e-05,144,1,144,144,144,3,1,3,3,3
17,10,5.0017e-05,1,5.0017e-05,5.0017e-05,5.0017e-05,165,1,165,165,165,3,1,3,3,3
17,10,0.00010456,1,0.00010456,0.00010456,0.00010456,192,1,192,192,192,3,1,3,3,3
17,10,2.4075e-05,1,2.4075e-05,2.4075e-05,2.4075e-05,147,1,147,147,147,3,1,3,3,3
17,10,2.4442e-05,1,2.4442e-05,2.4442e-05,2.4442e-05,149,1,149,149,149,3,1,3,3,3
17,10,2.4079e-05,1,2.4079e-05,2.4079e-05,2.4079e-05,143,1,143,143,143,2,1,2,2,2
17,10,2.3965e-05,1,2.3965e-05,2.3965e-05,2.3965e-05,142,1,142,142,142,2,1,2,2,2
17,10,2.3513e-05,1,2.3513e-05,2.3513e-05,2.3513e-05,141,1,141,141,141,2,1,2,2,2
17,10,2.4477e-05,1,2.4477e-05,2.4477e-05,2.4477e-05,143,1,143,143,143,2,1,2,2,2
17,10,5.7998e-05,1,5.7998e-05,5.7998e-05,5.7998e-05,170,1,170,170,170,2,1,2,2,2
17,10,2.4318e-05,1,2.4318e-05,2.4318e-05,2.4318e-05,145,1,145,145,145,3,1,3,3,3
17,10,4.944e-05,1,4.944e-05,4.944e-05,4.944e-05,163,1,163,163,163,2,1,2,2,2
17,10,8.2401e-05,1,8.2401e-05,8.2401e-05,8.2401e-05,186,1,186,186,186,3,1,3,3,3
17,10,2.3819e-05,1,2.3819e-05,2.3819e-05,2.3819e-05,143,1,143,143,143,2,1,2,2,2
17,10,5.4752e-05,1,5.4752e-05,5.4752e-05,5.4752e-05,164,1,164,164,164,2,1,2,2,2
17,10,4.5335e-05,1,4.5335e-05,4.5335e-05,4.5335e-05,158,1,158,158,158,3,1,3,3,3
17,10,2.3507e-05,1,2.3507e-05,2.3507e-05,2.3507e-05,142,1,142,142,142,2,1,2,2,2
17,10,2.3686e-05,1,2.3686e-05,2.3686e-05,2.3686e-05,143,1,143,143,143,2,1,2,2,2
17,10,5.6817e-05,1,5.6817e-05,5.6817e-05,5.6817e-05,166,1,166,166,166,2,1,2,2,2
17,10,8.1445e-05,1,8.1445e-05,8.1445e-05,8.1445e-05,167,1,167,167,167,3,1,3,3,3
17,10,4.6305e-05,1,4.6305e-05,4.6305e-05,4.6305e-05,162,1,162,162,162,3,1,3,3,3
17,10,2.9289e-05,1,2.9289e-05,2.9289e-05,2.9289e-05,156,1,156,156,156,2,1,2,2,2
17,10,5.3701e-05,1,5.3701e-05,5.3701e-05,5.3701e-05,166,1,166,166,166,3,1,3,3,3
17,10,2.5466e-05,1,2.5466e-05,2.5466e-05,2.5466e-05,143,1,143,143,143,2,1,2,2,2
17,10,5.9208e-05,1,5.9208e-05,5.9208e-05,5.9208e-05,167,1,167,167,167,3,1,3,3,3
17,10,6.6631e-05,1,6.6631e-05,6.6631e-05,6.6631e-05,167,1,167,167,167,3,1,3,3,3
17,10,5.1613e-05,1,5.1613e-05,5.1613e-05,5.1613e-05,163,1,163,163,163,3,1,3,3,3
17,10,2.5223e-05,1,2.5223e-05,2.5223e-05,2.5223e-05,143,1,143,143,143,2,1,2,2,2
17,10,6.1849e-05,1,6.1849e-05,6.1849e-05,6.1849e-05,164,1,164,164,164,3,1,3,3,3
17,10,7.4953e-05,1,7.4953e-05,7.4953e-05,7.4953e-05,180,1,180,180,180,3,1,3,3,3
17,10,2.3769e-05,1,2.3769e-05,2.3769e-05,2.3769e-05,146,1,146,146,146,3,1,3,3,3
17,10,4.6345e-05,1,4.6345e-05,4.6345e-05,4.6345e-05,158,1,158,158,158,3,1,3,3,3
17,10,2.4117e-05,1,2.4117e-05,2.4117e-05,2.4117e-05,145,1,145,145,145,2,1,2,2,2
17,10,0.000106419,1,0.000106419,0.000106419,0.000106419,199,1,199,199,199,3,1,3,3,3
17,10,4.099e-05,1,4.099e-05,4.099e-05,4.099e-05,145,1,145,145,145,2,1,2,2,2
17,10,2.6169e-05,1,2.6169e-05,2.6169e-05,2.6169e-05,145,1,145,145,145,2,1,2,2,2
17,10,9.0021e-05,1,9.0021e-05,9.0021e-05,9.0021e-05,181,1,181,181,181,3,1,3,3,3
17,10,2.5825e-05,1,2.5825e-05,2.5825e-05,2.5825e-05,146,1,146,146,146,3,1,3,3,3
17,10,2.5501e-05,1,2.5501e-05,2.5501e-05,2.5501e-05,143,1,143,143,143,2,1,2,2,2
17,10,5.21e-05,1,5.21e-05,5.21e-05,5.21e-05,162,1,162,162,162,3,1,3,3,3
17,10,4.5239e-05,1,4.5239e-05,4.5239e-05,4.5239e-05,167,1,167,167,167,3,1,3,3,3
17,10,0.00011707,1,0.00011707,0.00011707,0.00011707,187,1,187,187,187,3,1,3,3,3
17,10,6.0421e-05,1,6.0421e-05,6.0421e-05,6.0421e-05,168,1,168,168,168,3,1,3,3,3
17,10,2.6124e-05,1,2.6124e-05,2.6124e-05,2.6124e-05,148,1,148,148,148,3,1,3,3,3
17,10,4.0914e-05,1,4.0914e-05,4.0914e-05,4.0914e-05,144,1,144,144,144,2,1,2,2,2
17,10,2.4214e-05,1,2.4214e-05,2.4214e-05,2.4214e-05,142,1,142,142,142,2,1,2,2,2
17,10,2.3821e-05,1,2.3821e-05,2.3821e-05,2.3821e-05,144,1,144,144,144,2,1,2,2,2
17,10,2.3927e-05,1,2.3927e-05,2.3927e-05,2.3927e-05,142,1,142,142,142,2,1,2,2,2
17,10,2.4643e-05,1,2.4643e-05,2.4643e-05,2.4643e-05,143,1,143,143,143,2,1,2,2,2
17,10,2.3731e-05,1,2.3731e-05,2.3731e-05,2.3731e-05,143,1,143,143,143,2,1,2,2,2
17,10,2.4646e-05,1,2.4646e-05,2.4646e-05,2.4646e-05,144,1,144,144,144,3,1,3,3,3
17,10,2.3875e-05,1,2.3875e-05,2.3875e-05,2.3875e-05,145,1,145,145,145,2,1,2,2,2
17,10,5.6413e-05,1,5.6413e-05,5.6413e-05,5.6413e-05,166,1,166,166,166,2,1,2,2,2
17,10,4.1516e-05,1,4.1516e-05,4.1516e-05,4.1516e-05,158,1,158,158,158,2,1,2,2,2
17,10,2.3586e-05,1,2.3586e-05,2.3586e-05,2.3586e-05,143,1,143,143,143,3,1,3,3,3
17,10,5.0853e-05,1,5.0853e-05,5.0853e-05,5.0853e-05,162,1,162,162,162,3,1,3,3,3
17,10,2.3197e-05,1,2.3197e-05,2.3197e-05,2.3197e-05,142,1,142,142,142,2,1,2,2,2
17,10,4.8135e-05,1,4.8135e-05,4.8135e-05,4.8135e-05,158,1,158,158,158,3,1,3,3,3
17,10,2.3583e-05,1,2.3583e-05,2.3583e-05,2.3583e-05,144,1,144,144,144,3,1,3,3,3
17,10,4.5768e-05,1,4.5768e-05,4.5768e-05,4.5768e-05,160,1,160,160,160,2,1,2,2,2
17,10,2.3791e-05,1,2.3791e-05,2.3791e-05,2.3791e-05,145,1,145,145,145,2,1,2,2,2
17,10,7.9801e-05,1,7.9801e-05,7.9801e-05,7.9801e-05,181,1,181,181,181,3,1,3,3,3
17,10,2.4015e-05,1,2.4015e-05,2.4015e-05,2.4015e-05,142,1,142,142,142,2,1,2,2,2
17,10,2.3995e-05,1,2.3995e-05,2.3995e-05,2.3995e-05,145,1,145,145,145,2,1,2,2,2
17,10,6.9758e-05,1,6.9758e-05,6.9758e-05,6.9758e-05,169,1,169,169,169,3,1,3,3,3
17,10,2.3348e-05,1,2.3348e-05,2.3348e-05,2.3348e-05,141,1,141,141,141,2,1,2,2,2
17,10,4.919e-05,1,4.919e-05,4.919e-05,4.919e-05,160,1,160,160,160,3,1,3,3,3
17,10,5.0901e-05,1,5.0901e-05,5.0901e-05,5.0901e-05,161,1,161,161,161,3,1,3,3,3
17,10,2.3936e-05,1,2.3936e-05,2.3936e-05,2.3936e-05,144,1,144,144,144,2,1,2,2,2
17,10,2.3623e-05,1,2.3623e-05,2.3623e-05,2.3623e-05,142,1,142,142,142,2,1,2,2,2
17,10,2.4749e-05,1,2.4749e-05,2.4749e-05,2.4749e-05,145,1,145,145,145,3,1,3,3,3
17,10,4.4977e-05,1,4.4977e-05,4.4977e-05,4.4977e-05,161,1,161,161,161,2,1,2,2,2
17,10,2.3886e-05,1,2.3886e-05,2.3886e-05,2.3886e-05,144,1,144,144,144,2,1,2,2,2
17,10,0.000120702,1,0.000120702,0.000120702,0.000120702,204,1,204,204,204,3,1,3,3,3
17,10,2.3571e-05,1,2.3571e-05,2.3571e-05,2.3571e-05,150,1,150,150,150,3,1,3,3,3
17,10,3.8874e-05,1,3.8874e-05,3.8874e-05,3.8874e-05,163,1,163,163,163,3,1,3,3,3
17,10,5.1167e-05,1,5.1167e-05,5.1167e-05,5.1167e-05,162,1,162,162,162,3,1,3,3,3
17,10,5.9314e-05,1,5.9314e-05,5.9314e-05,5.9314e-05,172,1,172,172,172,3,1,3,3,3
17,10,2.4038e-05,1,2.4038e-05,2.4038e-05,2.4038e-05,145,1,145,145,145,2,1,2,2,2
17,10,2.3862e-05,1,2.3862e-05,2.3862e-05,2.3862e-05,147,1,147,147,147,3,1,3,3,3
17,10,4.9229e-05,1,4.9229e-05,4.9229e-05,4.9229e-05,161,1,161,161,161,3,1,3,3,3
17,10,4.9703e-05,1,4.9703e-05,4.9703e-05,4.9703e-05,166,1,166,166,166,3,1,3,3,3
17,10,5.3338e-05,1,5.3338e-05,5.3338e-05,5.3338e-05,162,1,162,162,162,2,1,2,2,2
17,10,6.1231e-05,1,6.1231e-05,6.1231e-05,6.1231e-05,168,1,168,168,168,2,1,2,2,2
17,10,2.3607e-05,1,2.3607e-05,2.3607e-05,2.3607e-05,143,1,143,143,143,2,1,2,2,2
17,10,2.3607e-05,1,2.3607e-05,2.3607e-05,2.3607e-05,143,1,143,143,143,2,1,2,2,2
17,10,2.4233e-05,1,2.4233e-05,2.4233e-05,2.4233e-05,145,1,145,145,145,2,1,2,2,2
17,10,8.9787e-05,1,8.9787e-05,8.9787e-05,8.9787e-05,187,1,187,187,187,3,1,3,3,3
17,10,7.2969e-05,1,7.2969e-05,7.2969e-05,7.2969e-05,182,1,182,182,182,3,1,3,3,3
17,10,6.2273e-05,1,6.2273e-05,6.2273e-05,6.2273e-05,166,1,166,166,166,3,1,3,3,3
17,10,6.0027e-05,1,6.0027e-05,6.0027e-05,6.0027e-05,168,1,168,168,168,3,1,3,3,3
17,10,4.3627e-05,1,4.3627e-05,4.3627e-05,4.3627e-05,158,1,158,158,158,2,1,2,2,2
17,10,2.3765e-05,1,2.3765e-05,2.3765e-05,2.3765e-05,144,1,144,144,144,2,1,2,2,2
17,10,7.1405e-05,1,7.1405e-05,7.1405e-05,7.1405e-05,170,1,170,170,170,3,1,3,3,3
17,10,5.5997e-05,1,5.5997e-05,5.5997e-05,5.5997e-05,163,1,163,163,163,3,1,3,3,3
17,10,5.6104e-05,1,5.6104e-05,5.6104e-05,5.6104e-05,168,1,168,168,168,2,1,2,2,2
17,10,2.4386e-05,1,2.4386e-05,2.4386e-05,2.4386e-05,144,1,144,144,144,2,1,2,2,2
17,10,2.3931e-05,1,2.3931e-05,2.3931e-05,2.3931e-05,143,1,143,143,143,2,1,2,2,2
17,10,4.5045e-05,1,4.5045e-05,4.5045e-05,4.5045e-05,157,1,157,157,157,3,1,3,3,3
17,10,2.4104e-05,1,2.4104e-05,2.4104e-05,2.4104e-05,143,1,143,143,143,2,1,2,2,2
17,10,2.4228e-05,1,2.4228e-05,2.4228e-05,2.4228e-05,142,1,142,142,142,2,1,2,2,2
17,10,4.6519e-05,1,4.6519e-05,4.6519e-05,4.6519e-05,162,1,162,162,162,2,1,2,2,2
17,10,2.4486e-05,1,2.4486e-05,2.4486e-05,2.4486e-05,145,1,145,145,145,2,1,2,2,2
17,10,6.2923e-05,1,6.2923e-05,6.2923e-05,6.2923e-05,168,1,168,168,168,3,1,3,3,3
17,10,5.4096e-05,1,5.4096e-05,5.4096e-05,5.4096e-05,166,1,166,166,166,3,1,3,3,3
17,10,2.4112e-05,1,2.4112e-05,2.4112e-05,2.4112e-05,141,1,141,141,141,2,1,2,2,2
17,10,5.7852e-05,1,5.7852e-05,5.7852e-05,5.7852e-05,167,1,167,167,167,3,1,3,3,3
17,10,4.2233e-05,1,4.2233e-05,4.2233e-05,4.2233e-05,166,1,166,166,166,3,1,3,3,3
17,10,2.4949e-05,1,2.4949e-05,2.4949e-05,2.4949e-05,143,1,143,143,143,3,1,3,3,3
17,10,2.4185e-05,1,2.4185e-05,2.4185e-05,2.4185e-05,142,1,142,142,142,2,1,2,2,2
17,10,2.9061e-05,1,2.9061e-05,2.9061e-05,2.9061e-05,155,1,155,155,155,2,1,2,2,2
17,10,7.769e-05,1,7.769e-05,7.769e-05,7.769e-05,178,1,178,178,178,3,1,3,3,3
17,10,2.4233e-05,1,2.4233e-05,2.4233e-05,2.4233e-05,148,1,148,148,148,3,1,3,3,3
17,10,2.4271e-05,1,2.4271e-05,2.4271e-05,2.4271e-05,145,1,145,145,145,2,1,2,2,2
17,10,2.3596e-05,1,2.3596e-05,2.3596e-05,2.3596e-05,144,1,144,144,144,2,1,2,2,2
17,10,6.3117e-05,1,6.3117e-05,6.3117e-05,6.3117e-05,168,1,168,168,168,3,1,3,3,3
17,10,2.4401e-05,1,2.4401e-05,2.4401e-05,2.4401e-05,148,1,148,148,148,3,1,3,3,3
17,10,0.000103364,1,0.000103364,0.000103364,0.000103364,179,1,179,179,179,3,1,3,3,3
17,10,2.365e-05,1,2.365e-05,2.365e-05,2.365e-05,142,1,142,142,142,2,1,2,2,2
17,10,6.4802e-05,1,6.4802e-05,6.4802e-05,6.4802e-05,162,1,162,162,162,3,1,3,3,3
17,10,6.7291e-05,1,6.7291e-05,6.7291e-05,6.7291e-05,180,1,180,180,180,3,1,3,3,3
17,10,5.1254e-05,1,5.1254e-05,5.1254e-05,5.1254e-05,159,1,159,159,159,3,1,3,3,3
17,10,5.2763e-05,1,5.2763e-05,5.2763e-05,5.2763e-05,164,1,164,164,164,3,1,3,3,3
17,10,7.293e-05,1,7.293e-05,7.293e-05,7.293e-05,165,1,165,165,165,2,1,2,2,2
17,10,2.422e-05,1,2.422e-05,2.422e-05,2.422e-05,142,1,142,142,142,2,1,2,2,2
17,10,2.9128e-05,1,2.9128e-05,2.9128e-05,2.9128e-05,154,1,154,154,154,2,1,2,2,2
17,10,2.4809e-05,1,2.4809e-05,2.4809e-05,2.4809e-05,152,1,152,152,152,3,1,3,3,3
17,10,2.3803e-05,1,2.3803e-05,2.3803e-05,2.3803e-05,142,1,142,142,142,2,1,2,2,2
17,10,8.2054e-05,1,8.2054e-05,8.2054e-05,8.2054e-05,182,1,182,182,182,3,1,3,3,3
17,10,5.9215e-05,1,5.9215e-05,5.9215e-05,5.9215e-05,167,1,167,167,167,2,1,2,2,2
17,10,4.6197e-05,1,4.6197e-05,4.6197e-05,4.6197e-05,159,1,159,159,159,2,1,2,2,2
17,10,2.4693e-05,1,2.4693e-05,2.4693e-05,2.4693e-05,149,1,149,149,149,3,1,3,3,3
17,10,2.4095e-05,1,2.4095e-05,2.4095e-05,2.4095e-05,148,1,148,148,148,3,1,3,3,3
17,10,2.4037e-05,1,2.4037e-05,2.4037e-05,2.4037e-05,144,1,144,144,144,2,1,2,2,2
17,10,2.3839e-05,1,2.3839e-05,2.3839e-05,2.3839e-05,144,1,144,144,144,3,1,3,3,3
17,10,2.3559e-05,1,2.3559e-05,2.3559e-05,2.3559e-05,147,1,147,147,147,3,1,3,3,3
17,10,2.4467e-05,1,2.4467e-05,2.4467e-05,2.4467e-05,142,1,142,142,142,2,1,2,2,2
17,10,2.4338e-05,1,2.4338e-05,2.4338e-05,2.4338e-05,149,1,149,149,149,3,1,3,3,3
17,10,4.193e-05,1,4.193e-05,4.193e-05,4.193e-05,164,1,164,164,164,3,1,3,3,3
17,10,4.5338e-05,1,4.5338e-05,4.5338e-05,4.5338e-05,159,1,159,159,159,2,1,2,2,2
17,10,2.4677e-05,1,2.4677e-05,2.4677e-05,2.4677e-05,142,1,142,142,142,2,1,2,2,2
17,10,2.4309e-05,1,2.4309e-05,2.4309e-05,2.4309e-05,143,1,143,143,143,2,1,2,2,2
17,10,6.5514e-05,1,6.5514e-05,6.5514e-05,6.5514e-05,170,1,170,170,170,2,1,2,2,2
17,10,2.431e-05,1,2.431e-05,2.431e-05,2.431e-05,144,1,144,144,144,3,1,3,3,3
17,10,4.7175e-05,1,4.7175e-05,4.7175e-05,4.7175e-05,162,1,162,162,162,3,1,3,3,3
17,10,4.9611e-05,1,4.9611e-05,4.9611e-05,4.9611e-05,161,1,161,161,161,3,1,3,3,3
17,10,2.4272e-05,1,2.4272e-05,2.4272e-05,2.4272e-05,147,1,147,147,147,3,1,3,3,3
17,10,2.3795e-05,1,2.3795e-05,2.3795e-05,2.3795e-05,143,1,143,143,143,2,1,2,2,2
17,10,2.3708e-05,1,2.3708e-05,2.3708e-05,2.3708e-05,146,1,146,146,146,3,1,3,3,3
17,10,2.4172e-05,1,2.4172e-05,2.4172e-05,2.4172e-05,144,1,144,144,144,2,1,2,2,2
17,10,2.3396e-05,1,2.3396e-05,2.3396e-05,2.3396e-05,144,1,144,144,144,2,1,2,2,2
17,10,2.4611e-05,1,2.4611e-05,2.4611e-05,2.4611e-05,143,1,143,143,143,2,1,2,2,2
17,10,2.3248e-05,1,2.3248e-05,2.3248e-05,2.3248e-05,144,1,144,144,144,3,1,3,3,3
17,10,9.3992e-05,1,9.3992e-05,9.3992e-05,9.3992e-05,197,1,197,197,197,2,1,2,2,2
17,10,2.4477e-05,1,2.4477e-05,2.4477e-05,2.4477e-05,144,1,144,144,144,3,1,3,3,3
17,10,4.5557e-05,1,4.5557e-05,4.5557e-05,4.5557e-05,160,1,160,160,160,3,1,3,3,3
17,10,2.3676e-05,1,2.3676e-05,2.3676e-05,2.3676e-05,148,1,148,148,148,3,1,3,3,3
17,10,5.0398e-05,1,5.0398e-05,5.0398e-05,5.0398e-05,161,1,161,161,161,3,1,3,3,3
17,10,5.4413e-05,1,5.4413e-05,5.4413e-05,5.4413e-05,162,1,162,162,162,3,1,3,3,3
17,10,4.719e-05,1,4.719e-05,4.719e-05,4.719e-05,157,1,157,157,157,3,1,3,3,3
17,10,5.1552e-05,1,5.1552e-05,5.1552e-05,5.1552e-05,162,1,162,162,162,2,1,2,2,2
17,10,6.7985e-05,1,6.7985e-05,6.7985e-05,6.7985e-05,163,1,163,163,163,3,1,3,3,3
17,10,3.045e-05,1,3.045e-05,3.045e-05,3.045e-05,155,1,155,155,155,2,1,2,2,2
17,10,2.5919e-05,1,2.5919e-05,2.5919e-05,2.5919e-05,144,1,144,144,144,2,1,2,2,2
17,10,2.4018e-05,1,2.4018e-05,2.4018e-05,2.4018e-05,145,1,145,145,145,3,1,3,3,3
17,10,2.452e-05,1,2.452e-05,2.452e-05,2.452e-05,145,1,145,145,145,3,1,3,3,3
17,10,2.3861e-05,1,2.3861e-05,2.3861e-05,2.3861e-05,143,1,143,143,143,2,1,2,2,2
17,10,2.3616e-05,1,2.3616e-05,2.3616e-05,2.3616e-05,145,1,145,145,145,2,1,2,2,2
17,10,5.7048e-05,1,5.7048e-05,5.7048e-05,5.7048e-05,162,1,162,162,162,3,1,3,3,3
17,10,4.6103e-05,1,4.6103e-05,4.6103e-05,4.6103e-05,159,1,159,159,159,3,1,3,3,3
17,10,5.4703e-05,1,5.4703e-05,5.4703e-05,5.4703e-05,163,1,163,163,163,3,1,3,3,3
17,10,2.4134e-05,1,2.4134e-05,2.4134e-05,2.4134e-05,144,1,144,144,144,2,1,2,2,2
17,10,4.8957e-05,1,4.8957e-05,4.8957e-05,4.8957e-05,167,1,167,167,167,3,1,3,3,3
17,10,5.5087e-05,1,5.5087e-05,5.5087e-05,5.5087e-05,168,1,168,168,168,3,1,3,3,3
17,10,3.7487e-05,1,3.7487e-05,3.7487e-05,3.7487e-05,159,1,159,159,159,3,1,3,3,3
17,10,9.8534e-05,1,9.8534e-05,9.8534e-05,9.8534e-05,193,1,193,193,193,3,1,3,3,3
17,10,2.3968e-05,1,2.3968e-05,2.3968e-05,2.3968e-05,145,1,145,145,145,3,1,3,3,3
17,10,2.4349e-05,1,2.4349e-05,2.4349e-05,2.4349e-05,147,1,147,147,147,3,1,3,3,3
17,10,4.172e-05,1,4.172e-05,4.172e-05,4.172e-05,168,1,168,168,168,3,1,3,3,3
17,10,3.4085e-05,1,3.4085e-05,3.4085e-05,3.4085e-05,158,1,158,158,158,3,1,3,3,3
17,10,4.4979e-05,1,4.4979e-05,4.4979e-05,4.4979e-05,160,1,160,160,160,3,1,3,3,3
17,10,2.7994e-05,1,2.7994e-05,2.7994e-05,2.7994e-05,141,1,141,141,141,2,1,2,2,2
17,10,2.4299e-05,1,2.4299e-05,2.4299e-05,2.4299e-05,149,1,149,149,149,3,1,3,3,3
17,10,2.2846e-05,1,2.2846e-05,2.2846e-05,2.2846e-05,143,1,143,143,143,3,1,3,3,3
17,10,7.2372e-05,1,7.2372e-05,7.2372e-05,7.2372e-05,188,1,188,188,188,3,1,3,3,3
17,10,2.4169e-05,1,2.4169e-05,2.4169e-05,2.4169e-05,148,1,148,148,148,3,1,3,3,3
17,10,8.5661e-05,1,8.5661e-05,8.5661e-05,8.5661e-05,182,1,182,182,182,3,1,3,3,3
17,10,8.4936e-05,1,8.4936e-05,8.4936e-05,8.4936e-05,174,1,174,174,174,3,1,3,3,3
17,10,2.3956e-05,1,2.3956e-05,2.3956e-05,2.3956e-05,144,1,144,144,144,2,1,2,2,2
17,10,5.4007e-05,1,5.4007e-05,5.4007e-05,5.4007e-05,163,1,163,163,163,3,1,3,3,3
17,10,2.4122e-05,1,2.4122e-05,2.4122e-05,2.4122e-05,143,1,143,143,143,2,1,2,2,2
17,10,2.4595e-05,1,2.4595e-05,2.4595e-05,2.4595e-05,144,1,144,144,144,2,1,2,2,2
17,10,5.5258e-05,1,5.5258e-05,5.5258e-05,5.5258e-05,171,1,171,171,171,2,1,2,2,2
17,10,9.5801e-05,1,9.5801e-05,9.5801e-05,9.5801e-05,187,1,187,187,187,3,1,3,3,3
17,10,2.4642e-05,1,2.4642e-05,2.4642e-05,2.4642e-05,144,1,144,144,144,2,1,2,2,2
17,10,2.4056e-05,1,2.4056e-05,2.4056e-05,2.4056e-05,142,1,142,142,142,2,1,2,2,2
17,10,6.1706e-05,1,6.1706e-05,6.1706e-05,6.1706e-05,160,1,160,160,160,3,1,3,3,3
17,10,4.7984e-05,1,4.7984e-05,4.7984e-05,4.7984e-05,165,1,165,165,165,3,1,3,3,3
17,10,2.4807e-05,1,2.4807e-05,2.4807e-05,2.4807e-05,144,1,144,144,144,2,1,2,2,2
17,10,4.8281e-05,1,4.8281e-05,4.8281e-05,4.8281e-05,161,1,161,161,161,3,1,3,3,3
17,10,4.938e-05,1,4.938e-05,4.938e-05,4.938e-05,163,1,163,163,163,3,1,3,3,3
17,10,2.5282e-05,1,2.5282e-05,2.5282e-05,2.5282e-05,143,1,143,143,143,2,1,2,2,2
17,10,2.5828e-05,1,2.5828e-05,2.5828e-05,2.5828e-05,151,1,151,151,151,3,1,3,3,3
17,10,8.0012e-05,1,8.0012e-05,8.0012e-05,8.0012e-05,166,1,166,166,166,3,1,3,3,3
17,10,2.2918e-05,1,2.2918e-05,2.2918e-05,2.2918e-05,141,1,141,141,141,2,1,2,2,2
17,10,4.9498e-05,1,4.9498e-05,4.9498e-05,4.9498e-05,159,1,159,159,159,3,1,3,3,3
17,10,2.3881e-05,1,2.3881e-05,2.3881e-05,2.3881e-05,143,1,143,143,143,2,1,2,2,2
17,10,2.3444e-05,1,2.3444e-05,2.3444e-05,2.3444e-05,142,1,142,142,142,2,1,2,2,2
17,10,5.2821e-05,1,5.2821e-05,5.2821e-05,5.2821e-05,164,1,164,164,164,3,1,3,3,3
17,10,2.3946e-05,1,2.3946e-05,2.3946e-05,2.3946e-05,148,1,148,148,148,3,1,3,3,3
17,10,2.4e-05,1,2.4e-05,2.4e-05,2.4e-05,142,1,142,142,142,2,1,2,2,2
17,10,2.4221e-05,1,2.4221e-05,2.4221e-05,2.4221e-05,142,1,142,142,142,2,1,2,2,2
17,10,4.4581e-05,1,4.4581e-05,4.4581e-05,4.4581e-05,164,1,164,164,164,3,1,3,3,3
17,10,4.399e-05,1,4.399e-05,4.399e-05,4.399e-05,163,1,163,163,163,3,1,3,3,3
17,10,5.0263e-05,1,5.0263e-05,5.0263e-05,5.0263e-05,162,1,162,162,162,3,1,3,3,3
17,10,5.0741e-05,1,5.0741e-05,5.0741e-05,5.0741e-05,162,1,162,162,162,3,1,3,3,3
17,10,2.5442e-05,1,2.5442e-05,2.5442e-05,2.5442e-05,149,1,149,149,149,3,1,3,3,3
17,10,2.4214e-05,1,2.4214e-05,2.4214e-05,2.4214e-05,144,1,144,144,144,2,1,2,2,2
17,10,2.446e-05,1,2.446e-05,2.446e-05,2.446e-05,147,1,147,147,147,3,1,3,3,3
17,10,5.0581e-05,1,5.0581e-05,5.0581e-05,5.0581e-05,162,1,162,162,162,3,1,3,3,3
17,10,2.4394e-05,1,2.4394e-05,2.4394e-05,2.4394e-05,144,1,144,144,144,2,1,2,2,2
17,10,2.3903e-05,1,2.3903e-05,2.3903e-05,2.3903e-05,144,1,144,144,144,3,1,3,3,3
17,10,2.4876e-05,1,2.4876e-05,2.4876e-05,2.4876e-05,143,1,143,143,143,2,1,2,2,2
17,10,2.7565e-05,1,2.7565e-05,2.7565e-05,2.7565e-05,143,1,143,143,143,2,1,2,2,2
17,10,5.8405e-05,1,5.8405e-05,5.8405e-05,5.8405e-05,163,1,163,163,163,3,1,3,3,3
17,10,5.4104e-05,1,5.4104e-05,5.4104e-05,5.4104e-05,163,1,163,163,163,2,1,2,2,2
17,10,2.371e-05,1,2.371e-05,2.371e-05,2.371e-05,142,1,142,142,142,2,1,2,2,2
17,10,3.7482e-05,1,3.7482e-05,3.7482e-05,3.7482e-05,161,1,161,161,161,3,1,3,3,3
17,10,3.8174e-05,1,3.8174e-05,3.8174e-05,3.8174e-05,161,1,161,161,161,3,1,3,3,3
17,10,5.4246e-05,1,5.4246e-05,5.4246e-05,5.4246e-05,170,1,170,170,170,3,1,3,3,3
17,10,2.4154e-05,1,2.4154e-05,2.4154e-05,2.4154e-05,144,1,144,144,144,2,1,2,2,2
17,10,5.0029e-05,1,5.0029e-05,5.0029e-05,5.0029e-05,163,1,163,163,163,2,1,2,2,2
17,10,2.3134e-05,1,2.3134e-05,2.3134e-05,2.3134e-05,144,1,144,144,144,2,1,2,2,2
17,10,4.5943e-05,1,4.5943e-05,4.5943e-05,4.5943e-05,158,1,158,158,158,3,1,3,3,3
17,10,4.5131e-05,1,4.5131e-05,4.5131e-05,4.5131e-05,161,1,161,161,161,3,1,3,3,3
17,10,4.9916e-05,1,4.9916e-05,4.9916e-05,4.9916e-05,160,1,160,160,160,3,1,3,3,3
17,10,2.3913e-05,1,2.3913e-05,2.3913e-05,2.3913e-05,141,1,141,141,141,2,1,2,2,2
17,10,2.4533e-05,1,2.4533e-05,2.4533e-05,2.4533e-05,147,1,147,147,147,3,1,3,3,3
17,10,2.3719e-05,1,2.3719e-05,2.3719e-05,2.3719e-05,145,1,145,145,145,2,1,2,2,2
17,10,2.4181e-05,1,2.4181e-05,2.4181e-05,2.4181e-05,146,1,146,146,146,3,1,3,3,3
17,10,2.3823e-05,1,2.3823e-05,2.3823e-05,2.3823e-05,140,1,140,140,140,2,1,2,2,2
17,10,2.4552e-05,1,2.4552e-05,2.4552e-05,2.4552e-05,146,1,146,146,146,3,1,3,3,3
17,10,5.6445e-05,1,5.6445e-05,5.6445e-05,5.6445e-05,165,1,165,165,165,3,1,3,3,3
17,10,2.4815e-05,1,2.4815e-05,2.4815e-05,2.4815e-05,148,1,148,148,148,3,1,3,3,3
17,10,6.2526e-05,1,6.2526e-05,6.2526e-05,6.2526e-05,162,1,162,162,162,2,1,2,2,2
17,10,9.2864e-05,1,9.2864e-05,9.2864e-05,9.2864e-05,186,1,186,186,186,3,1,3,3,3
17,10,5.3965e-05,1,5.3965e-05,5.3965e-05,5.3965e-05,167,1,167,167,167,3,1,3,3,3
17,10,2.8902e-05,1,2.8902e-05,2.8902e-05,2.8902e-05,155,1,155,155,155,2,1,2,2,2
17,10,3.9068e-05,1,3.9068e-05,3.9068e-05,3.9068e-05,163,1,163,163,163,3,1,3,3,3
17,10,4.7122e-05,1,4.7122e-05,4.7122e-05,4.7122e-05,161,1,161,161,161,3,1,3,3,3
17,10,0.000107223,1,0.000107223,0.000107223,0.000107223,199,1,199,199,199,3,1,3,3,3
17,10,2.5009e-05,1,2.5009e-05,2.5009e-05,2.5009e-05,150,1,150,150,150,3,1,3,3,3
17,10,5.2888e-05,1,5.2888e-05,5.2888e-05,5.2888e-05,163,1,163,163,163,3,1,3,3,3
17,10,2.36e-05,1,2.36e-05,2.36e-05,2.36e-05,146,1,146,146,146,3,1,3,3,3
17,10,2.3573e-05,1,2.3573e-05,2.3573e-05,2.3573e-05,141,1,141,141,141,2,1,2,2,2
17,10,5.3891e-05,1,5.3891e-05,5.3891e-05,5.3891e-05,162,1,162,162,162,3,1,3,3,3
17,10,4.5513e-05,1,4.5513e-05,4.5513e-05,4.5513e-05,161,1,161,161,161,3,1,3,3,3
17,10,7.0181e-05,1,7.0181e-05,7.0181e-05,7.0181e-05,174,1,174,174,174,3,1,3,3,3
17,10,2.3904e-05,1,2.3904e-05,2.3904e-05,2.3904e-05,145,1,145,145,145,3,1,3,3,3
17,10,2.3735e-05,1,2.3735e-05,2.3735e-05,2.3735e-05,144,1,144,144,144,2,1,2,2,2
17,10,9.2363e-05,1,9.2363e-05,9.2363e-05,9.2363e-05,188,1,188,188,188,3,1,3,3,3
17,10,2.4625e-05,1,2.4625e-05,2.4625e-05,2.4625e-05,145,1,145,145,145,3,1,3,3,3
17,10,6.3407e-05,1,6.3407e-05,6.3407e-05,6.3407e-05,158,1,158,158,158,3,1,3,3,3
17,10,2.5743e-05,1,2.5743e-05,2.5743e-05,2.5743e-05,147,1,147,147,147,3,1,3,3,3
17,10,4.8621e-05,1,4.8621e-05,4.8621e-05,4.8621e-05,159,1,159,159,159,3,1,3,3,3
17,10,2.4825e-05,1,2.4825e-05,2.4825e-05,2.4825e-05,143,1,143,143,143,2,1,2,2,2
17,10,2.4938e-05,1,2.4938e-05,2.4938e-05,2.4938e-05,142,1,142,142,142,2,1,2,2,2
17,10,5.8962e-05,1,5.8962e-05,5.8962e-05,5.8962e-05,164,1,164,164,164,3,1,3,3,3
17,10,7.9042e-05,1,7.9042e-05,7.9042e-05,7.9042e-05,180,1,180,180,180,2,1,2,2,2
17,10,2.6286e-05,1,2.6286e-05,2.6286e-05,2.6286e-05,149,1,149,149,149,3,1,3,3,3
17,10,7.7937e-05,1,7.7937e-05,7.7937e-05,7.7937e-05,167,1,167,167,167,3,1,3,3,3
17,10,2.4328e-05,1,2.4328e-05,2.4328e-05,2.4328e-05,143,1,143,143,143,2,1,2,2,2
17,10,6.3894e-05,1,6.3894e-05,6.3894e-05,6.3894e-05,173,1,173,173,173,2,1,2,2,2
17,10,2.4007e-05,1,2.4007e-05,2.4007e-05,2.4007e-05,145,1,145,145,145,2,1,2,2,2
17,10,4.4919e-05,1,4.4919e-05,4.4919e-05,4.4919e-05,160,1,160,160,160,2,1,2,2,2
17,10,5.7861e-05,1,5.7861e-05,5.7861e-05,5.7861e-05,167,1,167,167,167,3,1,3,3,3
17,10,5.2444e-05,1,5.2444e-05,5.2444e-05,5.2444e-05,163,1,163,163,163,3,1,3,3,3
17,10,2.3581e-05,1,2.3581e-05,2.3581e-05,2.3581e-05,146,1,146,146,146,3,1,3,3,3
17,10,2.3325e-05,1,2.3325e-05,2.3325e-05,2.3325e-05,142,1,142,142,142,2,1,2,2,2
17,10,5.8329e-05,1,5.8329e-05,5.8329e-05,5.8329e-05,163,1,163,163,163,3,1,3,3,3
17,10,2.6006e-05,1,2.6006e-05,2.6006e-05,2.6006e-05,144,1,144,144,144,2,1,2,2,2
17,10,6.3731e-05,1,6.3731e-05,6.3731e-05,6.3731e-05,171,1,171,171,171,3,1,3,3,3
17,10,4.6781e-05,1,4.6781e-05,4.6781e-05,4.6781e-05,160,1,160,160,160,2,1,2,2,2
17,10,2.3776e-05,1,2.3776e-05,2.3776e-05,2.3776e-05,144,1,144,144,144,3,1,3,3,3
17,10,5.805e-05,1,5.805e-05,5.805e-05,5.805e-05,165,1,165,165,165,3,1,3,3,3
17,10,2.4591e-05,1,2.4591e-05,2.4591e-05,2.4591e-05,143,1,143,143,143,2,1,2,2,2
17,10,2.4097e-05,1,2.4097e-05,2.4097e-05,2.4097e-05,146,1,146,146,146,3,1,3,3,3
17,10,2.4089e-05,1,2.4089e-05,2.4089e-05,2.4089e-05,144,1,144,144,144,3,1,3,3,3
17,10,4.9822e-05,1,4.9822e-05,4.9822e-05,4.9822e-05,158,1,158,158,158,3,1,3,3,3
17,10,0.000150908,1,0.000150908,0.000150908,0.000150908,223,1,223,223,223,3,1,3,3,3
17,10,5.8399e-05,1,5.8399e-05,5.8399e-05,5.8399e-05,164,1,164,164,164,3,1,3,3,3
17,10,3.6232e-05,1,3.6232e-05,3.6232e-05,3.6232e-05,160,1,160,160,160,3,1,3,3,3
17,10,7.223e-05,1,7.223e-05,7.223e-05,7.223e-05,177,1,177,177,177,3,1,3,3,3
17,10,7.3961e-05,1,7.3961e-05,7.3961e-05,7.3961e-05,169,1,169,169,169,3,1,3,3,3
17,10,8.1978e-05,1,8.1978e-05,8.1978e-05,8.1978e-05,173,1,173,173,173,3,1,3,3,3
17,10,5.4422e-05,1,5.4422e-05,5.4422e-05,5.4422e-05,170,1,170,170,170,3,1,3,3,3
17,10,2.2969e-05,1,2.2969e-05,2.2969e-05,2.2969e-05,140,1,140,140,140,2,1,2,2,2
17,10,2.4103e-05,1,2.4103e-05,2.4103e-05,2.4103e-05,148,1,148,148,148,3,1,3,3,3
17,10,2.3323e-05,1,2.3323e-05,2.3323e-05,2.3323e-05,143,1,143,143,143,2,1,2,2,2
17,10,2.4065e-05,1,2.4065e-05,2.4065e-05,2.4065e-05,144,1,144,144,144,2,1,2,2,2
17,10,2.3391e-05,1,2.3391e-05,2.3391e-05,2.3391e-05,143,1,143,143,143,2,1,2,2,2
17,10,5.5812e-05,1,5.5812e-05,5.5812e-05,5.5812e-05,162,1,162,162,162,3,1,3,3,3
17,10,5.4062e-05,1,5.4062e-05,5.4062e-05,5.4062e-05,161,1,161,161,161,3,1,3,3,3
17,10,5.468e-05,1,5.468e-05,5.468e-05,5.468e-05,169,1,169,169,169,3,1,3,3,3
17,10,2.3858e-05,1,2.3858e-05,2.3858e-05,2.3858e-05,145,1,145,145,145,3,1,3,3,3
17,10,2.4218e-05,1,2.4218e-05,2.4218e-05,2.4218e-05,144,1,144,144,144,2,1,2,2,2
17,10,2.4778e-05,1,2.4778e-05,2.4778e-05,2.4778e-05,146,1,146,146,146,3,1,3,3,3
17,10,6.7608e-05,1,6.7608e-05,6.7608e-05,6.7608e-05,173,1,173,173,173,3,1,3,3,3
17,10,4.9904e-05,1,4.9904e-05,4.9904e-05,4.9904e-05,158,1,158,158,158,3,1,3,3,3
17,10,5.085e-05,1,5.085e-05,5.085e-05,5.085e-05,161,1,161,161,161,3,1,3,3,3
17,10,2.4506e-05,1,2.4506e-05,2.4506e-05,2.4506e-05,149,1,149,149,149,3,1,3,3,3
17,10,2.4118e-05,1,2.4118e-05,2.4118e-05,2.4118e-05,147,1,147,147,147,3,1,3,3,3
17,10,2.4278e-05,1,2.4278e-05,2.4278e-05,2.4278e-05,142,1,142,142,142,2,1,2,2,2
17,10,2.363e-05,1,2.363e-05,2.363e-05,2.363e-05,144,1,144,144,144,2,1,2,2,2
17,10,9.7046e-05,1,9.7046e-05,9.7046e-05,9.7046e-05,191,1,191,191,191,3,1,3,3,3
17,10,2.4008e-05,1,2.4008e-05,2.4008e-05,2.4008e-05,144,1,144,144,144,2,1,2,2,2
17,10,2.4283e-05,1,2.4283e-05,2.4283e-05,2.4283e-05,143,1,143,143,143,2,1,2,2,2
17,10,3.9114e-05,1,3.9114e-05,3.9114e-05,3.9114e-05,162,1,162,162,162,3,1,3,3,3
17,10,2.4882e-05,1,2.4882e-05,2.4882e-05,2.4882e-05,146,1,146,146,146,3,1,3,3,3
17,10,8.397e-05,1,8.397e-05,8.397e-05,8.397e-05,182,1,182,182,182,3,1,3,3,3
17,10,2.5193e-05,1,2.5193e-05,2.5193e-05,2.5193e-05,145,1,145,145,145,2,1,2,2,2
17,10,2.5156e-05,1,2.5156e-05,2.5156e-05,2.5156e-05,144,1,144,144,144,2,1,2,2,2
17,10,7.9645e-05,1,7.9645e-05,7.9645e-05,7.9645e-05,185,1,185,185,185,2,1,2,2,2
17,10,2.4109e-05,1,2.4109e-05,2.4109e-05,2.4109e-05,146,1,146,146,146,3,1,3,3,3
17,10,2.309e-05,1,2.309e-05,2.309e-05,2.309e-05,143,1,143,143,143,2,1,2,2,2
17,10,2.4164e-05,1,2.4164e-05,2.4164e-05,2.4164e-05,146,1,146,146,146,3,1,3,3,3
17,10,4.2758e-05,1,4.2758e-05,4.2758e-05,4.2758e-05,165,1,165,165,165,3,1,3,3,3
17,10,6.9464e-05,1,6.9464e-05,6.9464e-05,6.9464e-05,169,1,169,169,169,3,1,3,3,3
17,10,7.7671e-05,1,7.7671e-05,7.7671e-05,7.7671e-05,179,1,179,179,179,2,1,2,2,2
17,10,2.3827e-05,1,2.3827e-05,2.3827e-05,2.3827e-05,141,1,141,141,141,2,1,2,2,2
17,10,2.3633e-05,1,2.3633e-05,2.3633e-05,2.3633e-05,144,1,144,144,144,2,1,2,2,2
17,10,5.0317e-05,1,5.0317e-05,5.0317e-05,5.0317e-05,162,1,162,162,162,2,1,2,2,2
17,10,5.0245e-05,1,5.0245e-05,5.0245e-05,5.0245e-05,162,1,162,162,162,3,1,3,3,3
17,10,2.3813e-05,1,2.3813e-05,2.3813e-05,2.3813e-05,144,1,144,144,144,3,1,3,3,3
17,10,2.3653e-05,1,2.3653e-05,2.3653e-05,2.3653e-05,143,1,143,143,143,2,1,2,2,2
17,10,2.3141e-05,1,2.3141e-05,2.3141e-05,2.3141e-05,145,1,145,145,145,3,1,3,3,3
17,10,4.5745e-05,1,4.5745e-05,4.5745e-05,4.5745e-05,161,1,161,161,161,3,1,3,3,3
17,10,6.9654e-05,1,6.9654e-05,6.9654e-05,6.9654e-05,171,1,171,171,171,2,1,2,2,2
17,10,2.4598e-05,1,2.4598e-05,2.4598e-05,2.4598e-05,143,1,143,143,143,3,1,3,3,3
17,10,2.3902e-05,1,2.3902e-05,2.3902e-05,2.3902e-05,145,1,145,145,145,2,1,2,2,2
17,10,2.322e-05,1,2.322e-05,2.322e-05,2.322e-05,143,1,143,143,143,2,1,2,2,2
17,10,5.4611e-05,1,5.4611e-05,5.4611e-05,5.4611e-05,164,1,164,164,164,2,1,2,2,2
17,10,2.3685e-05,1,2.3685e-05,2.3685e-05,2.3685e-05,143,1,143,143,143,2,1,2,2,2
17,10,7.3441e-05,1,7.3441e-05,7.3441e-05,7.3441e-05,177,1,177,177,177,4,1,4,4,4
17,10,5.5187e-05,1,5.5187e-05,5.5187e-05,5.5187e-05,162,1,162,162,162,3,1,3,3,3
17,10,2.4263e-05,1,2.4263e-05,2.4263e-05,2.4263e-05,145,1,145,145,145,3,1,3,3,3
17,10,5.2537e-05,1,5.2537e-05,5.2537e-05,5.2537e-05,164,1,164,164,164,3,1,3,3,3
17,10,7.616e-05,1,7.616e-05,7.616e-05,7.616e-05,180,1,180,180,180,3,1,3,3,3
17,10,4.6115e-05,1,4.6115e-05,4.6115e-05,4.6115e-05,162,1,162,162,162,3,1,3,3,3
17,10,7.7397e-05,1,7.7397e-05,7.7397e-05,7.7397e-05,180,1,180,180,180,2,1,2,2,2
17,10,5.4627e-05,1,5.4627e-05,5.4627e-05,5.4627e-05,167,1,167,167,167,2,1,2,2,2
17,10,2.3563e-05,1,2.3563e-05,2.3563e-05,2.3563e-05,141,1,141,141,141,2,1,2,2,2
17,10,6.0519e-05,1,6.0519e-05,6.0519e-05,6.0519e-05,166,1,166,166,166,3,1,3,3,3
17,10,5.0615e-05,1,5.0615e-05,5.0615e-05,5.0615e-05,161,1,161,161,161,3,1,3,3,3
17,10,2.8865e-05,1,2.8865e-05,2.8865e-05,2.8865e-05,156,1,156,156,156,2,1,2,2,2
17,10,2.488e-05,1,2.488e-05,2.488e-05,2.488e-05,145,1,145,145,145,2,1,2,2,2
17,10,2.387e-05,1,2.387e-05,2.387e-05,2.387e-05,144,1,144,144,144,2,1,2,2,2
17,10,5.8521e-05,1,5.8521e-05,5.8521e-05,5.8521e-05,168,1,168,168,168,3,1,3,3,3
17,10,2.436e-05,1,2.436e-05,2.436e-05,2.436e-05,146,1,146,146,146,3,1,3,3,3
17,10,2.4416e-05,1,2.4416e-05,2.4416e-05,2.4416e-05,143,1,143,143,143,2,1,2,2,2
17,10,5.5794e-05,1,5.5794e-05,5.5794e-05,5.5794e-05,167,1,167,167,167,2,1,2,2,2
17,10,4.9053e-05,1,4.9053e-05,4.9053e-05,4.9053e-05,161,1,161,161,161,3,1,3,3,3
17,10,2.4327e-05,1,2.4327e-05,2.4327e-05,2.4327e-05,143,1,143,143,143,2,1,2,2,2
17,10,3.7669e-05,1,3.7669e-05,3.7669e-05,3.7669e-05,163,1,163,163,163,3,1,3,3,3
17,10,0.000103346,1,0.000103346,0.000103346,0.000103346,193,1,193,193,193,3,1,3,3,3
17,10,2.5348e-05,1,2.5348e-05,2.5348e-05,2.5348e-05,143,1,143,143,143,2,1,2,2,2
17,10,5.6531e-05,1,5.6531e-05,5.6531e-05,5.6531e-05,162,1,162,162,162,3,1,3,3,3
17,10,6.3346e-05,1,6.3346e-05,6.3346e-05,6.3346e-05,171,1,171,171,171,2,1,2,2,2
17,10,2.5732e-05,1,2.5732e-05,2.5732e-05,2.5732e-05,147,1,147,147,147,3,1,3,3,3
17,10,2.3224e-05,1,2.3224e-05,2.3224e-05,2.3224e-05,147,1,147,147,147,3,1,3,3,3
17,10,5.0188e-05,1,5.0188e-05,5.0188e-05,5.0188e-05,160,1,160,160,160,3,1,3,3,3
17,10,2.3679e-05,1,2.3679e-05,2.3679e-05,2.3679e-05,143,1,143,143,143,2,1,2,2,2
17,10,4.3926e-05,1,4.3926e-05,4.3926e-05,4.3926e-05,160,1,160,160,160,3,1,3,3,3
17,10,2.3743e-05,1,2.3743e-05,2.3743e-05,2.3743e-05,147,1,147,147,147,3,1,3,3,3
17,10,2.3619e-05,1,2.3619e-05,2.3619e-05,2.3619e-05,143,1,143,143,143,2,1,2,2,2
17,10,0.000101336,1,0.000101336,0.000101336,0.000101336,194,1,194,194,194,3,1,3,3,3
17,10,2.3455e-05,1,2.3455e-05,2.3455e-05,2.3455e-05,143,1,143,143,143,2,1,2,2,2
17,10,2.4209e-05,1,2.4209e-05,2.4209e-05,2.4209e-05,143,1,143,143,143,2,1,2,2,2
17,10,2.399e-05,1,2.399e-05,2.399e-05,2.399e-05,144,1,144,144,144,2,1,2,2,2
17,10,2.3545e-05,1,2.3545e-05,2.3545e-05,2.3545e-05,143,1,143,143,143,2,1,2,2,2
17,10,4.5295e-05,1,4.5295e-05,4.5295e-05,4.5295e-05,158,1,158,158,158,3,1,3,3,3
17,10,7.932e-05,1,7.932e-05,7.932e-05,7.932e-05,180,1,180,180,180,3,1,3,3,3
17,10,2.3532e-05,1,2.3532e-05,2.3532e-05,2.3532e-05,144,1,144,144,144,3,1,3,3,3
17,10,2.4031e-05,1,2.4031e-05,2.4031e-05,2.4031e-05,144,1,144,144,144,2,1,2,2,2
17,10,2.3202e-05,1,2.3202e-05,2.3202e-05,2.3202e-05,143,1,143,143,143,2,1,2,2,2
17,10,7.3133e-05,1,7.3133e-05,7.3133e-05,7.3133e-05,165,1,165,165,165,3,1,3,3,3
17,10,4.6992e-05,1,4.6992e-05,4.6992e-05,4.6992e-05,161,1,161,161,161,3,1,3,3,3
17,10,2.3809e-05,1,2.3809e-05,2.3809e-05,2.3809e-05,143,1,143,143,143,2,1,2,2,2
17,10,2.8721e-05,1,2.8721e-05,2.8721e-05,2.8721e-05,155,1,155,155,155,2,1,2,2,2
17,10,6.3116e-05,1,6.3116e-05,6.3116e-05,6.3116e-05,169,1,169,169,169,2,1,2,2,2
17,10,2.3855e-05,1,2.3855e-05,2.3855e-05,2.3855e-05,143,1,143,143,143,2,1,2,2,2
17,10,2.3678e-05,1,2.3678e-05,2.3678e-05,2.3678e-05,143,1,143,143,143,2,1,2,2,2
17,10,2.3552e-05,1,2.3552e-05,2.3552e-05,2.3552e-05,143,1,143,143,143,2,1,2,2,2
17,10,2.3633e-05,1,2.3633e-05,2.3633e-05,2.3633e-05,144,1,144,144,144,2,1,2,2,2
17,10,6.3994e-05,1,6.3994e-05,6.3994e-05,6.3994e-05,169,1,169,169,169,3,1,3,3,3
17,10,5.0213e-05,1,5.0213e-05,5.0213e-05,5.0213e-05,159,1,159,159,159,3,1,3,3,3
17,10,2.4391e-05,1,2.4391e-05,2.4391e-05,2.4391e-05,144,1,144,144,144,2,1,2,2,2
17,10,2.3471e-05,1,2.3471e-05,2.3471e-05,2.3471e-05,145,1,145,145,145,3,1,3,3,3
17,10,2.3319e-05,1,2.3319e-05,2.3319e-05,2.3319e-05,144,1,144,144,144,2,1,2,2,2
17,10,2.368e-05,1,2.368e-05,2.368e-05,2.368e-05,144,1,144,144,144,2,1,2,2,2
17,10,2.4284e-05,1,2.4284e-05,2.4284e-05,2.4284e-05,146,1,146,146,146,3,1,3,3,3
17,10,5.5517e-05,1,5.5517e-05,5.5517e-05,5.5517e-05,166,1,166,166,166,3,1,3,3,3
17,10,2.4486e-05,1,2.4486e-05,2.4486e-05,2.4486e-05,143,1,143,143,143,2,1,2,2,2
17,10,4.5064e-05,1,4.5064e-05,4.5064e-05,4.5064e-05,163,1,163,163,163,3,1,3,3,3
17,10,2.3895e-05,1,2.3895e-05,2.3895e-05,2.3895e-05,144,1,144,144,144,2,1,2,2,2
17,10,2.3917e-05,1,2.3917e-05,2.3917e-05,2.3917e-05,148,1,148,148,148,3,1,3,3,3
17,10,2.376e-05,1,2.376e-05,2.376e-05,2.376e-05,143,1,143,143,143,2,1,2,2,2
17,10,5.3901e-05,1,5.3901e-05,5.3901e-05,5.3901e-05,162,1,162,162,162,2,1,2,2,2
17,10,2.4056e-05,1,2.4056e-05,2.4056e-05,2.4056e-05,145,1,145,145,145,3,1,3,3,3
17,10,4.6036e-05,1,4.6036e-05,4.6036e-05,4.6036e-05,161,1,161,161,161,3,1,3,3,3
17,10,4.9402e-05,1,4.9402e-05,4.9402e-05,4.9402e-05,167,1,167,167,167,3,1,3,3,3
17,10,6.0336e-05,1,6.0336e-05,6.0336e-05,6.0336e-05,165,1,165,165,165,3,1,3,3,3
17,10,8.3098e-05,1,8.3098e-05,8.3098e-05,8.3098e-05,181,1,181,181,181,3,1,3,3,3
17,10,2.5213e-05,1,2.5213e-05,2.5213e-05,2.5213e-05,148,1,148,148,148,3,1,3,3,3
17,10,2.4446e-05,1,2.4446e-05,2.4446e-05,2.4446e-05,142,1,142,142,142,2,1,2,2,2
17,10,4.3573e-05,1,4.3573e-05,4.3573e-05,4.3573e-05,159,1,159,159,159,3,1,3,3,3
17,10,4.593e-05,1,4.593e-05,4.593e-05,4.593e-05,161,1,161,161,161,3,1,3,3,3
17,10,2.3859e-05,1,2.3859e-05,2.3859e-05,2.3859e-05,142,1,142,142,142,2,1,2,2,2
17,10,4.2547e-05,1,4.2547e-05,4.2547e-05,4.2547e-05,160,1,160,160,160,3,1,3,3,3
17,10,2.4241e-05,1,2.4241e-05,2.4241e-05,2.4241e-05,146,1,146,146,146,3,1,3,3,3
17,10,2.4525e-05,1,2.4525e-05,2.4525e-05,2.4525e-05,145,1,145,145,145,2,1,2,2,2
17,10,2.3659e-05,1,2.3659e-05,2.3659e-05,2.3659e-05,144,1,144,144,144,2,1,2,2,2
17,10,2.3918e-05,1,2.3918e-05,2.3918e-05,2.3918e-05,145,1,145,145,145,2,1,2,2,2
17,10,2.8121e-05,1,2.8121e-05,2.8121e-05,2.8121e-05,154,1,154,154,154,2,1,2,2,2
17,10,5.3347e-05,1,5.3347e-05,5.3347e-05,5.3347e-05,164,1,164,164,164,3,1,3,3,3
17,10,2.5004e-05,1,2.5004e-05,2.5004e-05,2.5004e-05,145,1,145,145,145,2,1,2,2,2
17,10,2.3302e-05,1,2.3302e-05,2.3302e-05,2.3302e-05,143,1,143,143,143,2,1,2,2,2
17,10,4.1873e-05,1,4.1873e-05,4.1873e-05,4.1873e-05,163,1,163,163,163,3,1,3,3,3
17,10,2.3903e-05,1,2.3903e-05,2.3903e-05,2.3903e-05,147,1,147,147,147,3,1,3,3,3
17,10,2.3606e-05,1,2.3606e-05,2.3606e-05,2.3606e-05,141,1,141,141,141,2,1,2,2,2
17,10,8.0501e-05,1,8.0501e-05,8.0501e-05,8.0501e-05,169,1,169,169,169,3,1,3,3,3
17,10,2.3766e-05,1,2.3766e-05,2.3766e-05,2.3766e-05,143,1,143,143,143,2,1,2,2,2
17,10,2.396e-05,1,2.396e-05,2.396e-05,2.396e-05,145,1,145,145,145,2,1,2,2,2
17,10,4.1102e-05,1,4.1102e-05,4.1102e-05,4.1102e-05,163,1,163,163,163,3,1,3,3,3
17,10,2.3862e-05,1,2.3862e-05,2.3862e-05,2.3862e-05,143,1,143,143,143,2,1,2,2,2
17,10,6.0969e-05,1,6.0969e-05,6.0969e-05,6.0969e-05,165,1,165,165,165,3,1,3,3,3
17,10,4.4813e-05,1,4.4813e-05,4.4813e-05,4.4813e-05,167,1,167,167,167,3,1,3,3,3
17,10,6.8207e-05,1,6.8207e-05,6.8207e-05,6.8207e-05,171,1,171,171,171,3,1,3,3,3
17,10,2.3588e-05,1,2.3588e-05,2.3588e-05,2.3588e-05,146,1,146,146,146,3,1,3,3,3
17,10,2.4411e-05,1,2.4411e-05,2.4411e-05,2.4411e-05,144,1,144,144,144,3,1,3,3,3
17,10,2.482e-05,1,2.482e-05,2.482e-05,2.482e-05,145,1,145,145,145,2,1,2,2,2
17,10,7.105e-05,1,7.105e-05,7.105e-05,7.105e-05,179,1,179,179,179,2,1,2,2,2
17,10,7.8764e-05,1,7.8764e-05,7.8764e-05,7.8764e-05,185,1,185,185,185,2,1,2,2,2
17,10,2.385e-05,1,2.385e-05,2.385e-05,2.385e-05,144,1,144,144,144,2,1,2,2,2
17,10,2.3824e-05,1,2.3824e-05,2.3824e-05,2.3824e-05,145,1,145,145,145,2,1,2,2,2
17,10,2.4048e-05,1,2.4048e-05,2.4048e-05,2.4048e-05,142,1,142,142,142,2,1,2,2,2
17,10,2.3974e-05,1,2.3974e-05,2.3974e-05,2.3974e-05,147,1,147,147,147,3,1,3,3,3
17,10,2.3687e-05,1,2.3687e-05,2.3687e-05,2.3687e-05,144,1,144,144,144,3,1,3,3,3
17,10,2.4811e-05,1,2.4811e-05,2.4811e-05,2.4811e-05,142,1,142,142,142,2,1,2,2,2
17,10,2.3319e-05,1,2.3319e-05,2.3319e-05,2.3319e-05,142,1,142,142,142,2,1,2,2,2
17,10,2.3654e-05,1,2.3654e-05,2.3654e-05,2.3654e-05,143,1,143,143,143,2,1,2,2,2
17,10,2.4915e-05,1,2.4915e-05,2.4915e-05,2.4915e-05,140,1,140,140,140,2,1,2,2,2
17,10,6.7423e-05,1,6.7423e-05,6.7423e-05,6.7423e-05,169,1,169,169,169,3,1,3,3,3
17,10,5.2608e-05,1,5.2608e-05,5.2608e-05,5.2608e-05,159,1,159,159,159,3,1,3,3,3
17,10,6.5283e-05,1,6.5283e-05,6.5283e-05,6.5283e-05,170,1,170,170,170,3,1,3,3,3
17,10,5.8368e-05,1,5.8368e-05,5.8368e-05,5.8368e-05,167,1,167,167,167,2,1,2,2,2
17,10,2.5165e-05,1,2.5165e-05,2.5165e-05,2.5165e-05,147,1,147,147,147,3,1,3,3,3
17,10,4.96e-05,1,4.96e-05,4.96e-05,4.96e-05,160,1,160,160,160,3,1,3,3,3
17,10,4.1356e-05,1,4.1356e-05,4.1356e-05,4.1356e-05,144,1,144,144,144,2,1,2,2,2
17,10,2.666e-05,1,2.666e-05,2.666e-05,2.666e-05,144,1,144,144,144,2,1,2,2,2
17,10,3.956e-05,1,3.956e-05,3.956e-05,3.956e-05,164,1,164,164,164,3,1,3,3,3
17,10,4.628e-05,1,4.628e-05,4.628e-05,4.628e-05,162,1,162,162,162,3,1,3,3,3
17,10,9.2809e-05,1,9.2809e-05,9.2809e-05,9.2809e-05,191,1,191,191,191,3,1,3,3,3
17,10,2.4279e-05,1,2.4279e-05,2.4279e-05,2.4279e-05,140,1,140,140,140,2,1,2,2,2
17,10,2.3483e-05,1,2.3483e-05,2.3483e-05,2.3483e-05,145,1,145,145,145,3,1,3,3,3
17,10,5.903e-05,1,5.903e-05,5.903e-05,5.903e-05,168,1,168,168,168,2,1,2,2,2
17,10,4.7233e-05,1,4.7233e-05,4.7233e-05,4.7233e-05,164,1,164,164,164,4,1,4,4,4
17,10,2.4668e-05,1,2.4668e-05,2.4668e-05,2.4668e-05,142,1,142,142,142,2,1,2,2,2
17,10,2.3735e-05,1,2.3735e-05,2.3735e-05,2.3735e-05,141,1,141,141,141,2,1,2,2,2
17,10,5.3832e-05,1,5.3832e-05,5.3832e-05,5.3832e-05,167,1,167,167,167,2,1,2,2,2
17,10,5.9166e-05,1,5.9166e-05,5.9166e-05,5.9166e-05,167,1,167,167,167,3,1,3,3,3
17,10,5.1973e-05,1,5.1973e-05,5.1973e-05,5.1973e-05,159,1,159,159,159,3,1,3,3,3
17,10,8.0879e-05,1,8.0879e-05,8.0879e-05,8.0879e-05,184,1,184,184,184,3,1,3,3,3
17,10,7.4721e-05,1,7.4721e-05,7.4721e-05,7.4721e-05,170,1,170,170,170,3,1,3,3,3
17,10,2.3699e-05,1,2.3699e-05,2.3699e-05,2.3699e-05,145,1,145,145,145,2,1,2,2,2
17,10,2.3606e-05,1,2.3606e-05,2.3606e-05,2.3606e-05,148,1,148,148,148,3,1,3,3,3
17,10,9.0477e-05,1,9.0477e-05,9.0477e-05,9.0477e-05,188,1,188,188,188,3,1,3,3,3
17,10,2.4183e-05,1,2.4183e-05,2.4183e-05,2.4183e-05,145,1,145,145,145,2,1,2,2,2
17,10,5.4643e-05,1,5.4643e-05,5.4643e-05,5.4643e-05,166,1,166,166,166,3,1,3,3,3
17,10,2.4972e-05,1,2.4972e-05,2.4972e-05,2.4972e-05,145,1,145,145,145,3,1,3,3,3
17,10,2.3728e-05,1,2.3728e-05,2.3728e-05,2.3728e-05,144,1,144,144,144,2,1,2,2,2
17,10,2.3502e-05,1,2.3502e-05,2.3502e-05,2.3502e-05,150,1,150,150,150,3,1,3,3,3
17,10,2.4987e-05,1,2.4987e-05,2.4987e-05,2.4987e-05,147,1,147,147,147,3,1,3,3,3
17,10,3.748e-05,1,3.748e-05,3.748e-05,3.748e-05,161,1,161,161,161,3,1,3,3,3
17,10,2.4127e-05,1,2.4127e-05,2.4127e-05,2.4127e-05,141,1,141,141,141,2,1,2,2,2
17,10,4.9193e-05,1,4.9193e-05,4.9193e-05,4.9193e-05,158,1,158,158,158,3,1,3,3,3
17,10,7.8621e-05,1,7.8621e-05,7.8621e-05,7.8621e-05,181,1,181,181,181,3,1,3,3,3
17,10,2.4913e-05,1,2.4913e-05,2.4913e-05,2.4913e-05,142,1,142,142,142,2,1,2,2,2
17,10,3.7974e-05,1,3.7974e-05,3.7974e-05,3.7974e-05,160,1,160,160,160,3,1,3,3,3
17,10,2.3865e-05,1,2.3865e-05,2.3865e-05,2.3865e-05,143,1,143,143,143,2,1,2,2,2
17,10,2.4072e-05,1,2.4072e-05,2.4072e-05,2.4072e-05,143,1,143,143,143,2,1,2,2,2
17,10,2.3069e-05,1,2.3069e-05,2.3069e-05,2.3069e-05,142,1,142,142,142,2,1,2,2,2
17,10,5.1573e-05,1,5.1573e-05,5.1573e-05,5.1573e-05,164,1,164,164,164,3,1,3,3,3
17,10,5.8148e-05,1,5.8148e-05,5.8148e-05,5.8148e-05,165,1,165,165,165,3,1,3,3,3
17,10,2.4496e-05,1,2.4496e-05,2.4496e-05,2.4496e-05,151,1,151,151,151,3,1,3,3,3
17,10,4.3329e-05,1,4.3329e-05,4.3329e-05,4.3329e-05,154,1,154,154,154,3,1,3,3,3
17,10,2.3968e-05,1,2.3968e-05,2.3968e-05,2.3968e-05,147,1,147,147,147,3,1,3,3,3
17,10,6.451e-05,1,6.451e-05,6.451e-05,6.451e-05,170,1,170,170,170,2,1,2,2,2
17,10,8.0946e-05,1,8.0946e-05,8.0946e-05,8.0946e-05,186,1,186,186,186,4,1,4,4,4
17,10,2.3982e-05,1,2.3982e-05,2.3982e-05,2.3982e-05,144,1,144,144,144,2,1,2,2,2
17,10,5.8649e-05,1,5.8649e-05,5.8649e-05,5.8649e-05,167,1,167,167,167,3,1,3,3,3
17,10,2.3782e-05,1,2.3782e-05,2.3782e-05,2.3782e-05,142,1,142,142,142,2,1,2,2,2
17,10,2.435e-05,1,2.435e-05,2.435e-05,2.435e-05,141,1,141,141,141,2,1,2,2,2
17,10,4.5939e-05,1,4.5939e-05,4.5939e-05,4.5939e-05,162,1,162,162,162,3,1,3,3,3
17,10,6.9111e-05,1,6.9111e-05,6.9111e-05,6.9111e-05,171,1,171,171,171,2,1,2,2,2
17,10,2.4677e-05,1,2.4677e-05,2.4677e-05,2.4677e-05,145,1,145,145,145,2,1,2,2,2
17,10,2.3093e-05,1,2.3093e-05,2.3093e-05,2.3093e-05,140,1,140,140,140,2,1,2,2,2
17,10,0.00012799,1,0.00012799,0.00012799,0.00012799,208,1,208,208,208,3,1,3,3,3
17,10,6.5803e-05,1,6.5803e-05,6.5803e-05,6.5803e-05,168,1,168,168,168,3,1,3,3,3
17,10,2.3928e-05,1,2.3928e-05,2.3928e-05,2.3928e-05,141,1,141,141,141,2,1,2,2,2
17,10,8.3577e-05,1,8.3577e-05,8.3577e-05,8.3577e-05,172,1,172,172,172,3,1,3,3,3
17,10,4.0439e-05,1,4.0439e-05,4.0439e-05,4.0439e-05,142,1,142,142,142,2,1,2,2,2
17,10,5.5017e-05,1,5.5017e-05,5.5017e-05,5.5017e-05,161,1,161,161,161,3,1,3,3,3
17,10,2.4025e-05,1,2.4025e-05,2.4025e-05,2.4025e-05,147,1,147,147,147,3,1,3,3,3
17,10,4.5292e-05,1,4.5292e-05,4.5292e-05,4.5292e-05,157,1,157,157,157,3,1,3,3,3
17,10,2.4016e-05,1,2.4016e-05,2.4016e-05,2.4016e-05,144,1,144,144,144,2,1,2,2,2
17,10,3.5393e-05,1,3.5393e-05,3.5393e-05,3.5393e-05,163,1,163,163,163,3,1,3,3,3
17,10,5.6842e-05,1,5.6842e-05,5.6842e-05,5.6842e-05,163,1,163,163,163,3,1,3,3,3
17,10,6.3646e-05,1,6.3646e-05,6.3646e-05,6.3646e-05,170,1,170,170,170,2,1,2,2,2
17,10,2.3496e-05,1,2.3496e-05,2.3496e-05,2.3496e-05,145,1,145,145,145,2,1,2,2,2
17,10,2.4009e-05,1,2.4009e-05,2.4009e-05,2.4009e-05,144,1,144,144,144,2,1,2,2,2
17,10,6.2285e-05,1,6.2285e-05,6.2285e-05,6.2285e-05,167,1,167,167,167,3,1,3,3,3
17,10,2.2942e-05,1,2.2942e-05,2.2942e-05,2.2942e-05,138,1,138,138,138,2,1,2,2,2
17,10,5.8021e-05,1,5.8021e-05,5.8021e-05,5.8021e-05,166,1,166,166,166,3,1,3,3,3
17,10,2.3593e-05,1,2.3593e-05,2.3593e-05,2.3593e-05,146,1,146,146,146,2,1,2,2,2
17,10,0.000114584,1,0.000114584,0.000114584,0.000114584,202,1,202,202,202,3,1,3,3,3
17,10,8.2873e-05,1,8.2873e-05,8.2873e-05,8.2873e-05,173,1,173,173,173,2,1,2,2,2
17,10,2.5363e-05,1,2.5363e-05,2.5363e-05,2.5363e-05,144,1,144,144,144,2,1,2,2,2
17,10,2.5092e-05,1,2.5092e-05,2.5092e-05,2.5092e-05,142,1,142,142,142,2,1,2,2,2
17,10,4.1035e-05,1,4.1035e-05,4.1035e-05,4.1035e-05,145,1,145,145,145,3,1,3,3,3
17,10,2.4258e-05,1,2.4258e-05,2.4258e-05,2.4258e-05,144,1,144,144,144,2,1,2,2,2
17,10,2.4543e-05,1,2.4543e-05,2.4543e-05,2.4543e-05,147,1,147,147,147,3,1,3,3,3
17,10,5.4962e-05,1,5.4962e-05,5.4962e-05,5.4962e-05,165,1,165,165,165,2,1,2,2,2
17,10,7.6371e-05,1,7.6371e-05,7.6371e-05,7.6371e-05,168,1,168,168,168,2,1,2,2,2
17,10,2.4193e-05,1,2.4193e-05,2.4193e-05,2.4193e-05,143,1,143,143,143,2,1,2,2,2
17,10,2.4304e-05,1,2.4304e-05,2.4304e-05,2.4304e-05,145,1,145,145,145,3,1,3,3,3
17,10,2.4012e-05,1,2.4012e-05,2.4012e-05,2.4012e-05,146,1,146,146,146,3,1,3,3,3
17,10,4.6825e-05,1,4.6825e-05,4.6825e-05,4.6825e-05,161,1,161,161,161,3,1,3,3,3
17,10,5.1074e-05,1,5.1074e-05,5.1074e-05,5.1074e-05,164,1,164,164,164,3,1,3,3,3
17,10,2.863e-05,1,2.863e-05,2.863e-05,2.863e-05,153,1,153,153,153,2,1,2,2,2
17,10,7.8915e-05,1,7.8915e-05,7.8915e-05,7.8915e-05,186,1,186,186,186,2,1,2,2,2
17,10,4.7409e-05,1,4.7409e-05,4.7409e-05,4.7409e-05,163,1,163,163,163,3,1,3,3,3
17,10,5.3689e-05,1,5.3689e-05,5.3689e-05,5.3689e-05,165,1,165,165,165,2,1,2,2,2
17,10,5.5412e-05,1,5.5412e-05,5.5412e-05,5.5412e-05,166,1,166,166,166,2,1,2,2,2
17,10,2.3893e-05,1,2.3893e-05,2.3893e-05,2.3893e-05,143,1,143,143,143,2,1,2,2,2
17,10,2.3754e-05,1,2.3754e-05,2.3754e-05,2.3754e-05,141,1,141,141,141,3,1,3,3,3
17,10,7.3728e-05,1,7.3728e-05,7.3728e-05,7.3728e-05,169,1,169,169,169,3,1,3,3,3
17,10,7.7253e-05,1,7.7253e-05,7.7253e-05,7.7253e-05,181,1,181,181,181,3,1,3,3,3
17,10,2.284e-05,1,2.284e-05,2.284e-05,2.284e-05,140,1,140,140,140,2,1,2,2,2
17,10,3.8245e-05,1,3.8245e-05,3.8245e-05,3.8245e-05,160,1,160,160,160,3,1,3,3,3
17,10,7.4723e-05,1,7.4723e-05,7.4723e-05,7.4723e-05,178,1,178,178,178,3,1,3,3,3
17,10,5.238e-05,1,5.238e-05,5.238e-05,5.238e-05,159,1,159,159,159,3,1,3,3,3
17,10,6.605e-05,1,6.605e-05,6.605e-05,6.605e-05,165,1,165,165,165,3,1,3,3,3
17,10,7.4144e-05,1,7.4144e-05,7.4144e-05,7.4144e-05,177,1,177,177,177,2,1,2,2,2
17,10,4.2159e-05,1,4.2159e-05,4.2159e-05,4.2159e-05,148,1,148,148,148,3,1,3,3,3
17,10,2.5878e-05,1,2.5878e-05,2.5878e-05,2.5878e-05,147,1,147,147,147,3,1,3,3,3
17,10,8.0302e-05,1,8.0302e-05,8.0302e-05,8.0302e-05,179,1,179,179,179,4,1,4,4,4
17,10,4.6745e-05,1,4.6745e-05,4.6745e-05,4.6745e-05,163,1,163,163,163,3,1,3,3,3
17,10,2.5854e-05,1,2.5854e-05,2.5854e-05,2.5854e-05,141,1,141,141,141,2,1,2,2,2
17,10,4.6572e-05,1,4.6572e-05,4.6572e-05,4.6572e-05,162,1,162,162,162,3,1,3,3,3
17,10,4.68e-05,1,4.68e-05,4.68e-05,4.68e-05,157,1,157,157,157,3,1,3,3,3
17,10,2.5086e-05,1,2.5086e-05,2.5086e-05,2.5086e-05,143,1,143,143,143,2,1,2,2,2
17,10,2.5045e-05,1,2.5045e-05,2.5045e-05,2.5045e-05,144,1,144,144,144,2,1,2,2,2
17,10,2.5346e-05,1,2.5346e-05,2.5346e-05,2.5346e-05,144,1,144,144,144,2,1,2,2,2
17,10,6.385e-05,1,6.385e-05,6.385e-05,6.385e-05,175,1,175,175,175,3,1,3,3,3
17,10,4.5368e-05,1,4.5368e-05,4.5368e-05,4.5368e-05,162,1,162,162,162,3,1,3,3,3
17,10,5.3092e-05,1,5.3092e-05,5.3092e-05,5.3092e-05,160,1,160,160,160,3,1,3,3,3
17,10,2.4336e-05,1,2.4336e-05,2.4336e-05,2.4336e-05,142,1,142,142,142,2,1,2,2,2
17,10,4.4251e-05,1,4.4251e-05,4.4251e-05,4.4251e-05,163,1,163,163,163,3,1,3,3,3
17,10,2.434e-05,1,2.434e-05,2.434e-05,2.434e-05,144,1,144,144,144,2,1,2,2,2
17,10,4.5358e-05,1,4.5358e-05,4.5358e-05,4.5358e-05,163,1,163,163,163,3,1,3,3,3
17,10,2.3001e-05,1,2.3001e-05,2.3001e-05,2.3001e-05,143,1,143,143,143,2,1,2,2,2
17,10,7.6144e-05,1,7.6144e-05,7.6144e-05,7.6144e-05,175,1,175,175,175,3,1,3,3,3
17,10,2.3609e-05,1,2.3609e-05,2.3609e-05,2.3609e-05,144,1,144,144,144,2,1,2,2,2
17,10,4.3205e-05,1,4.3205e-05,4.3205e-05,4.3205e-05,162,1,162,162,162,3,1,3,3,3
17,10,4.8936e-05,1,4.8936e-05,4.8936e-05,4.8936e-05,161,1,161,161,161,3,1,3,3,3
17,10,5.3356e-05,1,5.3356e-05,5.3356e-05,5.3356e-05,165,1,165,165,165,3,1,3,3,3
17,10,2.3516e-05,1,2.3516e-05,2.3516e-05,2.3516e-05,141,1,141,141,141,2,1,2,2,2
17,10,4.3779e-05,1,4.3779e-05,4.3779e-05,4.3779e-05,159,1,159,159,159,3,1,3,3,3
17,10,2.3889e-05,1,2.3889e-05,2.3889e-05,2.3889e-05,145,1,145,145,145,3,1,3,3,3
17,10,2.4206e-05,1,2.4206e-05,2.4206e-05,2.4206e-05,143,1,143,143,143,2,1,2,2,2
17,10,2.4171e-05,1,2.4171e-05,2.4171e-05,2.4171e-05,144,1,144,144,144,2,1,2,2,2
17,10,2.5021e-05,1,2.5021e-05,2.5021e-05,2.5021e-05,146,1,146,146,146,2,1,2,2,2
17,10,2.4233e-05,1,2.4233e-05,2.4233e-05,2.4233e-05,148,1,148,148,148,3,1,3,3,3
17,10,6.007e-05,1,6.007e-05,6.007e-05,6.007e-05,164,1,164,164,164,3,1,3,3,3
17,10,8.8691e-05,1,8.8691e-05,8.8691e-05,8.8691e-05,184,1,184,184,184,3,1,3,3,3
17,10,9.2099e-05,1,9.2099e-05,9.2099e-05,9.2099e-05,195,1,195,195,195,2,1,2,2,2
17,10,2.4518e-05,1,2.4518e-05,2.4518e-05,2.4518e-05,144,1,144,144,144,2,1,2,2,2
17,10,2.3585e-05,1,2.3585e-05,2.3585e-05,2.3585e-05,144,1,144,144,144,2,1,2,2,2
17,10,2.3999e-05,1,2.3999e-05,2.3999e-05,2.3999e-05,142,1,142,142,142,2,1,2,2,2
17,10,2.4374e-05,1,2.4374e-05,2.4374e-05,2.4374e-05,146,1,146,146,146,3,1,3,3,3
17,10,2.3903e-05,1,2.3903e-05,2.3903e-05,2.3903e-05,145,1,145,145,145,3,1,3,3,3
17,10,2.4542e-05,1,2.4542e-05,2.4542e-05,2.4542e-05,146,1,146,146,146,3,1,3,3,3
17,10,2.4742e-05,1,2.4742e-05,2.4742e-05,2.4742e-05,147,1,147,147,147,3,1,3,3,3
17,10,8.0784e-05,1,8.0784e-05,8.0784e-05,8.0784e-05,185,1,185,185,185,3,1,3,3,3
17,10,5.8854e-05,1,5.8854e-05,5.8854e-05,5.8854e-05,164,1,164,164,164,3,1,3,3,3
17,10,7.4758e-05,1,7.4758e-05,7.4758e-05,7.4758e-05,178,1,178,178,178,3,1,3,3,3
17,10,2.4447e-05,1,2.4447e-05,2.4447e-05,2.4447e-05,144,1,144,144,144,3,1,3,3,3
17,10,2.3002e-05,1,2.3002e-05,2.3002e-05,2.3002e-05,144,1,144,144,144,2,1,2,2,2
17,10,5.0083e-05,1,5.0083e-05,5.0083e-05,5.0083e-05,159,1,159,159,159,2,1,2,2,2
17,10,4.1394e-05,1,4.1394e-05,4.1394e-05,4.1394e-05,163,1,163,163,163,3,1,3,3,3
17,10,2.3423e-05,1,2.3423e-05,2.3423e-05,2.3423e-05,143,1,143,143,143,3,1,3,3,3
17,10,0.000106203,1,0.000106203,0.000106203,0.000106203,197,1,197,197,197,3,1,3,3,3
17,10,4.4198e-05,1,4.4198e-05,4.4198e-05,4.4198e-05,163,1,163,163,163,3,1,3,3,3
17,10,2.3699e-05,1,2.3699e-05,2.3699e-05,2.3699e-05,144,1,144,144,144,3,1,3,3,3
17,10,4.5369e-05,1,4.5369e-05,4.5369e-05,4.5369e-05,160,1,160,160,160,3,1,3,3,3
17,10,7.0477e-05,1,7.0477e-05,7.0477e-05,7.0477e-05,174,1,174,174,174,2,1,2,2,2
17,10,4.917e-05,1,4.917e-05,4.917e-05,4.917e-05,165,1,165,165,165,3,1,3,3,3
17,10,4.803e-05,1,4.803e-05,4.803e-05,4.803e-05,163,1,163,163,163,4,1,4,4,4
17,10,2.4445e-05,1,2.4445e-05,2.4445e-05,2.4445e-05,143,1,143,143,143,3,1,3,3,3
17,10,5.8582e-05,1,5.8582e-05,5.8582e-05,5.8582e-05,166,1,166,166,166,3,1,3,3,3
17,10,2.3764e-05,1,2.3764e-05,2.3764e-05,2.3764e-05,147,1,147,147,147,3,1,3,3,3
17,10,2.4399e-05,1,2.4399e-05,2.4399e-05,2.4399e-05,142,1,142,142,142,2,1,2,2,2
17,10,2.3384e-05,1,2.3384e-05,2.3384e-05,2.3384e-05,145,1,145,145,145,3,1,3,3,3
17,10,4.5433e-05,1,4.5433e-05,4.5433e-05,4.5433e-05,164,1,164,164,164,3,1,3,3,3
17,10,8.1441e-05,1,8.1441e-05,8.1441e-05,8.1441e-05,187,1,187,187,187,3,1,3,3,3
17,10,2.5075e-05,1,2.5075e-05,2.5075e-05,2.5075e-05,150,1,150,150,150,3,1,3,3,3
17,10,7.4384e-05,1,7.4384e-05,7.4384e-05,7.4384e-05,180,1,180,180,180,3,1,3,3,3
17,10,2.3554e-05,1,2.3554e-05,2.3554e-05,2.3554e-05,143,1,143,143,143,2,1,2,2,2
17,10,4.6024e-05,1,4.6024e-05,4.6024e-05,4.6024e-05,161,1,161,161,161,3,1,3,3,3
17,10,7.0495e-05,1,7.0495e-05,7.0495e-05,7.0495e-05,174,1,174,174,174,3,1,3,3,3
17,10,2.4444e-05,1,2.4444e-05,2.4444e-05,2.4444e-05,146,1,146,146,146,3,1,3,3,3
17,10,5.8809e-05,1,5.8809e-05,5.8809e-05,5.8809e-05,162,1,162,162,162,3,1,3,3,3
17,10,2.3944e-05,1,2.3944e-05,2.3944e-05,2.3944e-05,144,1,144,144,144,3,1,3,3,3
17,10,2.4262e-05,1,2.4262e-05,2.4262e-05,2.4262e-05,142,1,142,142,142,2,1,2,2,2
17,10,5.9954e-05,1,5.9954e-05,5.9954e-05,5.9954e-05,167,1,167,167,167,2,1,2,2,2
17,10,4.9233e-05,1,4.9233e-05,4.9233e-05,4.9233e-05,158,1,158,158,158,3,1,3,3,3
17,10,6.1436e-05,1,6.1436e-05,6.1436e-05,6.1436e-05,169,1,169,169,169,3,1,3,3,3
17,10,2.3756e-05,1,2.3756e-05,2.3756e-05,2.3756e-05,146,1,146,146,146,3,1,3,3,3
17,10,2.3822e-05,1,2.3822e-05,2.3822e-05,2.3822e-05,148,1,148,148,148,3,1,3,3,3
17,10,5.5031e-05,1,5.5031e-05,5.5031e-05,5.5031e-05,166,1,166,166,166,3,1,3,3,3
17,10,2.43e-05,1,2.43e-05,2.43e-05,2.43e-05,142,1,142,142,142,2,1,2,2,2
17,10,2.8021e-05,1,2.8021e-05,2.8021e-05,2.8021e-05,144,1,144,144,144,2,1,2,2,2
17,10,2.4713e-05,1,2.4713e-05,2.4713e-05,2.4713e-05,143,1,143,143,143,2,1,2,2,2
17,10,5.4992e-05,1,5.4992e-05,5.4992e-05,5.4992e-05,166,1,166,166,166,3,1,3,3,3
17,10,2.4043e-05,1,2.4043e-05,2.4043e-05,2.4043e-05,147,1,147,147,147,3,1,3,3,3
17,10,4.287e-05,1,4.287e-05,4.287e-05,4.287e-05,160,1,160,160,160,2,1,2,2,2
17,10,6.9761e-05,1,6.9761e-05,6.9761e-05,6.9761e-05,167,1,167,167,167,3,1,3,3,3
17,10,4.507e-05,1,4.507e-05,4.507e-05,4.507e-05,161,1,161,161,161,2,1,2,2,2
17,10,2.3607e-05,1,2.3607e-05,2.3607e-05,2.3607e-05,145,1,145,145,145,3,1,3,3,3
17,10,2.3729e-05,1,2.3729e-05,2.3729e-05,2.3729e-05,145,1,145,145,145,2,1,2,2,2
17,10,2.3395e-05,1,2.3395e-05,2.3395e-05,2.3395e-05,144,1,144,144,144,3,1,3,3,3
17,10,5.1904e-05,1,5.1904e-05,5.1904e-05,5.1904e-05,165,1,165,165,165,3,1,3,3,3
17,10,2.3674e-05,1,2.3674e-05,2.3674e-05,2.3674e-05,141,1,141,141,141,2,1,2,2,2
17,10,2.3916e-05,1,2.3916e-05,2.3916e-05,2.3916e-05,142,1,142,142,142,2,1,2,2,2
17,10,2.3818e-05,1,2.3818e-05,2.3818e-05,2.3818e-05,145,1,145,145,145,3,1,3,3,3
17,10,3.8364e-05,1,3.8364e-05,3.8364e-05,3.8364e-05,160,1,160,160,160,3,1,3,3,3
17,10,2.3843e-05,1,2.3843e-05,2.3843e-05,2.3843e-05,145,1,145,145,145,2,1,2,2,2
17,10,5.4312e-05,1,5.4312e-05,5.4312e-05,5.4312e-05,166,1,166,166,166,3,1,3,3,3
17,10,2.4167e-05,1,2.4167e-05,2.4167e-05,2.4167e-05,141,1,141,141,141,2,1,2,2,2
17,10,2.3187e-05,1,2.3187e-05,2.3187e-05,2.3187e-05,144,1,144,144,144,3,1,3,3,3
17,10,6.7359e-05,1,6.7359e-05,6.7359e-05,6.7359e-05,160,1,160,160,160,3,1,3,3,3
17,10,5.9483e-05,1,5.9483e-05,5.9483e-05,5.9483e-05,163,1,163,163,163,3,1,3,3,3
17,10,2.5107e-05,1,2.5107e-05,2.5107e-05,2.5107e-05,148,1,148,148,148,3,1,3,3,3
17,10,2.5011e-05,1,2.5011e-05,2.5011e-05,2.5011e-05,144,1,144,144,144,3,1,3,3,3
17,10,4.3925e-05,1,4.3925e-05,4.3925e-05,4.3925e-05,161,1,161,161,161,3,1,3,3,3
17,10,2.4108e-05,1,2.4108e-05,2.4108e-05,2.4108e-05,145,1,145,145,145,3,1,3,3,3
17,10,5.0901e-05,1,5.0901e-05,5.0901e-05,5.0901e-05,163,1,163,163,163,2,1,2,2,2
17,10,7.6365e-05,1,7.6365e-05,7.6365e-05,7.6365e-05,182,1,182,182,182,3,1,3,3,3
17,10,5.5788e-05,1,5.5788e-05,5.5788e-05,5.5788e-05,167,1,167,167,167,2,1,2,2,2
17,10,4.9061e-05,1,4.9061e-05,4.9061e-05,4.9061e-05,159,1,159,159,159,3,1,3,3,3
17,10,0.000101424,1,0.000101424,0.000101424,0.000101424,196,1,196,196,196,3,1,3,3,3
17,10,7.4433e-05,1,7.4433e-05,7.4433e-05,7.4433e-05,183,1,183,183,183,2,1,2,2,2
17,10,8.1758e-05,1,8.1758e-05,8.1758e-05,8.1758e-05,172,1,172,172,172,3,1,3,3,3
17,10,7.0454e-05,1,7.0454e-05,7.0454e-05,7.0454e-05,175,1,175,175,175,2,1,2,2,2
17,10,5.0267e-05,1,5.0267e-05,5.0267e-05,5.0267e-05,166,1,166,166,166,3,1,3,3,3
17,10,2.3772e-05,1,2.3772e-05,2.3772e-05,2.3772e-05,144,1,144,144,144,2,1,2,2,2
17,10,4.4525e-05,1,4.4525e-05,4.4525e-05,4.4525e-05,160,1,160,160,160,3,1,3,3,3
17,10,5.438e-05,1,5.438e-05,5.438e-05,5.438e-05,168,1,168,168,168,2,1,2,2,2
17,10,5.4218e-05,1,5.4218e-05,5.4218e-05,5.4218e-05,163,1,163,163,163,3,1,3,3,3
17,10,4.2077e-05,1,4.2077e-05,4.2077e-05,4.2077e-05,164,1,164,164,164,3,1,3,3,3
17,10,4.8377e-05,1,4.8377e-05,4.8377e-05,4.8377e-05,166,1,166,166,166,4,1,4,4,4
17,10,3.7298e-05,1,3.7298e-05,3.7298e-05,3.7298e-05,159,1,159,159,159,3,1,3,3,3
17,10,3.434e-05,1,3.434e-05,3.434e-05,3.434e-05,163,1,163,163,163,3,1,3,3,3
17,10,5.7445e-05,1,5.7445e-05,5.7445e-05,5.7445e-05,168,1,168,168,168,3,1,3,3,3
17,10,4.9442e-05,1,4.9442e-05,4.9442e-05,4.9442e-05,163,1,163,163,163,3,1,3,3,3
17,10,2.3484e-05,1,2.3484e-05,2.3484e-05,2.3484e-05,142,1,142,142,142,2,1,2,2,2
17,10,0.000106806,1,0.000106806,0.000106806,0.000106806,200,1,200,200,200,2,1,2,2,2
17,10,3.7735e-05,1,3.7735e-05,3.7735e-05,3.7735e-05,160,1,160,160,160,3,1,3,3,3
17,10,0.000107114,1,0.000107114,0.000107114,0.000107114,198,1,198,198,198,3,1,3,3,3
17,10,2.459e-05,1,2.459e-05,2.459e-05,2.459e-05,143,1,143,143,143,2,1,2,2,2
17,10,5.8552e-05,1,5.8552e-05,5.8552e-05,5.8552e-05,166,1,166,166,166,3,1,3,3,3
17,10,5.3663e-05,1,5.3663e-05,5.3663e-05,5.3663e-05,165,1,165,165,165,3,1,3,3,3
17,10,5.7948e-05,1,5.7948e-05,5.7948e-05,5.7948e-05,166,1,166,166,166,3,1,3,3,3
17,10,5.5084e-05,1,5.5084e-05,5.5084e-05,5.5084e-05,162,1,162,162,162,3,1,3,3,3
17,10,2.3842e-05,1,2.3842e-05,2.3842e-05,2.3842e-05,145,1,145,145,145,3,1,3,3,3
17,10,2.3708e-05,1,2.3708e-05,2.3708e-05,2.3708e-05,146,1,146,146,146,3,1,3,3,3
17,10,2.35e-05,1,2.35e-05,2.35e-05,2.35e-05,142,1,142,142,142,2,1,2,2,2
17,10,2.4112e-05,1,2.4112e-05,2.4112e-05,2.4112e-05,144,1,144,144,144,2,1,2,2,2
17,10,2.3548e-05,1,2.3548e-05,2.3548e-05,2.3548e-05,142,1,142,142,142,2,1,2,2,2
17,10,2.3656e-05,1,2.3656e-05,2.3656e-05,2.3656e-05,142,1,142,142,142,2,1,2,2,2
17,10,6.8894e-05,1,6.8894e-05,6.8894e-05,6.8894e-05,169,1,169,169,169,3,1,3,3,3
17,10,2.4134e-05,1,2.4134e-05,2.4134e-05,2.4134e-05,144,1,144,144,144,3,1,3,3,3
17,10,0.000104163,1,0.000104163,0.000104163,0.000104163,195,1,195,195,195,2,1,2,2,2
17,10,4.6758e-05,1,4.6758e-05,4.6758e-05,4.6758e-05,160,1,160,160,160,3,1,3,3,3
17,10,4.3824e-05,1,4.3824e-05,4.3824e-05,4.3824e-05,158,1,158,158,158,3,1,3,3,3
17,10,0.000105181,1,0.000105181,0.000105181,0.000105181,193,1,193,193,193,3,1,3,3,3
17,10,2.4031e-05,1,2.4031e-05,2.4031e-05,2.4031e-05,143,1,143,143,143,2,1,2,2,2
17,10,9.263e-05,1,9.263e-05,9.263e-05,9.263e-05,195,1,195,195,195,2,1,2,2,2
17,10,2.3852e-05,1,2.3852e-05,2.3852e-05,2.3852e-05,144,1,144,144,144,2,1,2,2,2
17,10,2.5985e-05,1,2.5985e-05,2.5985e-05,2.5985e-05,145,1,145,145,145,2,1,2,2,2
17,10,5.9122e-05,1,5.9122e-05,5.9122e-05,5.9122e-05,166,1,166,166,166,3,1,3,3,3
17,10,2.4858e-05,1,2.4858e-05,2.4858e-05,2.4858e-05,144,1,144,144,144,2,1,2,2,2
17,10,2.5318e-05,1,2.5318e-05,2.5318e-05,2.5318e-05,145,1,145,145,145,3,1,3,3,3
17,10,5.8255e-05,1,5.8255e-05,5.8255e-05,5.8255e-05,165,1,165,165,165,3,1,3,3,3
17,10,2.4919e-05,1,2.4919e-05,2.4919e-05,2.4919e-05,147,1,147,147,147,3,1,3,3,3
17,10,4.7262e-05,1,4.7262e-05,4.7262e-05,4.7262e-05,156,1,156,156,156,2,1,2,2,2
17,10,2.4701e-05,1,2.4701e-05,2.4701e-05,2.4701e-05,143,1,143,143,143,2,1,2,2,2
17,10,5.0456e-05,1,5.0456e-05,5.0456e-05,5.0456e-05,166,1,166,166,166,3,1,3,3,3
17,10,5.5082e-05,1,5.5082e-05,5.5082e-05,5.5082e-05,166,1,166,166,166,3,1,3,3,3
17,10,5.5689e-05,1,5.5689e-05,5.5689e-05,5.5689e-05,162,1,162,162,162,3,1,3,3,3
17,10,2.4705e-05,1,2.4705e-05,2.4705e-05,2.4705e-05,144,1,144,144,144,2,1,2,2,2
17,10,2.3903e-05,1,2.3903e-05,2.3903e-05,2.3903e-05,142,1,142,142,142,2,1,2,2,2
17,10,4.5118e-05,1,4.5118e-05,4.5118e-05,4.5118e-05,159,1,159,159,159,2,1,2,2,2
17,10,5.9744e-05,1,5.9744e-05,5.9744e-05,5.9744e-05,166,1,166,166,166,3,1,3,3,3
17,10,2.3879e-05,1,2.3879e-05,2.3879e-05,2.3879e-05,145,1,145,145,145,3,1,3,3,3
17,10,2.346e-05,1,2.346e-05,2.346e-05,2.346e-05,142,1,142,142,142,2,1,2,2,2
17,10,2.3875e-05,1,2.3875e-05,2.3875e-05,2.3875e-05,142,1,142,142,142,2,1,2,2,2
17,10,2.3989e-05,1,2.3989e-05,2.3989e-05,2.3989e-05,145,1,145,145,145,3,1,3,3,3
17,10,5.5072e-05,1,5.5072e-05,5.5072e-05,5.5072e-05,166,1,166,166,166,2,1,2,2,2
17,10,3.4506e-05,1,3.4506e-05,3.4506e-05,3.4506e-05,159,1,159,159,159,3,1,3,3,3
17,10,2.5733e-05,1,2.5733e-05,2.5733e-05,2.5733e-05,144,1,144,144,144,2,1,2,2,2
17,10,2.4264e-05,1,2.4264e-05,2.4264e-05,2.4264e-05,141,1,141,141,141,2,1,2,2,2
17,10,2.5061e-05,1,2.5061e-05,2.5061e-05,2.5061e-05,141,1,141,141,141,2,1,2,2,2
17,10,4.4264e-05,1,4.4264e-05,4.4264e-05,4.4264e-05,165,1,165,165,165,3,1,3,3,3
17,10,3.9077e-05,1,3.9077e-05,3.9077e-05,3.9077e-05,161,1,161,161,161,3,1,3,3,3
17,10,7.2232e-05,1,7.2232e-05,7.2232e-05,7.2232e-05,171,1,171,171,171,3,1,3,3,3
17,10,6.4397e-05,1,6.4397e-05,6.4397e-05,6.4397e-05,159,1,159,159,159,2,1,2,2,2
17,10,9.3663e-05,1,9.3663e-05,9.3663e-05,9.3663e-05,191,1,191,191,191,3,1,3,3,3
17,10,2.324e-05,1,2.324e-05,2.324e-05,2.324e-05,142,1,142,142,142,2,1,2,2,2
17,10,2.3787e-05,1,2.3787e-05,2.3787e-05,2.3787e-05,144,1,144,144,144,3,1,3,3,3
17,10,2.2861e-05,1,2.2861e-05,2.2861e-05,2.2861e-05,143,1,143,143,143,3,1,3,3,3
17,10,3.5914e-05,1,3.5914e-05,3.5914e-05,3.5914e-05,164,1,164,164,164,3,1,3,3,3
17,10,2.4208e-05,1,2.4208e-05,2.4208e-05,2.4208e-05,145,1,145,145,145,2,1,2,2,2
17,10,4.9482e-05,1,4.9482e-05,4.9482e-05,4.9482e-05,160,1,160,160,160,3,1,3,3,3
17,10,3.7914e-05,1,3.7914e-05,3.7914e-05,3.7914e-05,160,1,160,160,160,3,1,3,3,3
17,10,5.6041e-05,1,5.6041e-05,5.6041e-05,5.6041e-05,169,1,169,169,169,2,1,2,2,2
17,10,2.3793e-05,1,2.3793e-05,2.3793e-05,2.3793e-05,143,1,143,143,143,2,1,2,2,2
17,10,2.3808e-05,1,2.3808e-05,2.3808e-05,2.3808e-05,148,1,148,148,148,3,1,3,3,3
17,10,2.4017e-05,1,2.4017e-05,2.4017e-05,2.4017e-05,142,1,142,142,142,2,1,2,2,2
17,10,5.1211e-05,1,5.1211e-05,5.1211e-05,5.1211e-05,161,1,161,161,161,3,1,3,3,3
17,10,2.397e-05,1,2.397e-05,2.397e-05,2.397e-05,142,1,142,142,142,2,1,2,2,2
17,10,2.3953e-05,1,2.3953e-05,2.3953e-05,2.3953e-05,145,1,145,145,145,3,1,3,3,3
17,10,2.353e-05,1,2.353e-05,2.353e-05,2.353e-05,143,1,143,143,143,2,1,2,2,2
17,10,5.0952e-05,1,5.0952e-05,5.0952e-05,5.0952e-05,165,1,165,165,165,3,1,3,3,3
17,10,5.4969e-05,1,5.4969e-05,5.4969e-05,5.4969e-05,160,1,160,160,160,3,1,3,3,3
17,10,2.4869e-05,1,2.4869e-05,2.4869e-05,2.4869e-05,145,1,145,145,145,3,1,3,3,3
17,10,5.0459e-05,1,5.0459e-05,5.0459e-05,5.0459e-05,161,1,161,161,161,2,1,2,2,2
17,10,7.9008e-05,1,7.9008e-05,7.9008e-05,7.9008e-05,173,1,173,173,173,3,1,3,3,3
17,10,5.4603e-05,1,5.4603e-05,5.4603e-05,5.4603e-05,163,1,163,163,163,3,1,3,3,3
17,10,4.3889e-05,1,4.3889e-05,4.3889e-05,4.3889e-05,158,1,158,158,158,2,1,2,2,2
17,10,5.3766e-05,1,5.3766e-05,5.3766e-05,5.3766e-05,163,1,163,163,163,3,1,3,3,3
17,10,2.4017e-05,1,2.4017e-05,2.4017e-05,2.4017e-05,142,1,142,142,142,2,1,2,2,2
17,10,6.2811e-05,1,6.2811e-05,6.2811e-05,6.2811e-05,168,1,168,168,168,2,1,2,2,2
17,10,2.4373e-05,1,2.4373e-05,2.4373e-05,2.4373e-05,147,1,147,147,147,3,1,3,3,3
17,10,2.3043e-05,1,2.3043e-05,2.3043e-05,2.3043e-05,144,1,144,144,144,2,1,2,2,2
17,10,4.6067e-05,1,4.6067e-05,4.6067e-05,4.6067e-05,162,1,162,162,162,2,1,2,2,2
17,10,7.9401e-05,1,7.9401e-05,7.9401e-05,7.9401e-05,179,1,179,179,179,3,1,3,3,3
17,10,2.3795e-05,1,2.3795e-05,2.3795e-05,2.3795e-05,144,1,144,144,144,2,1,2,2,2
17,10,2.3837e-05,1,2.3837e-05,2.3837e-05,2.3837e-05,144,1,144,144,144,3,1,3,3,3
17,10,4.5446e-05,1,4.5446e-05,4.5446e-05,4.5446e-05,161,1,161,161,161,2,1,2,2,2
17,10,4.9327e-05,1,4.9327e-05,4.9327e-05,4.9327e-05,163,1,163,163,163,2,1,2,2,2
17,10,4.4779e-05,1,4.4779e-05,4.4779e-05,4.4779e-05,160,1,160,160,160,2,1,2,2,2
17,10,2.4192e-05,1,2.4192e-05,2.4192e-05,2.4192e-05,145,1,145,145,145,3,1,3,3,3
17,10,2.415e-05,1,2.415e-05,2.415e-05,2.415e-05,143,1,143,143,143,2,1,2,2,2
17,10,2.3431e-05,1,2.3431e-05,2.3431e-05,2.3431e-05,144,1,144,144,144,3,1,3,3,3
17,10,5.0102e-05,1,5.0102e-05,5.0102e-05,5.0102e-05,163,1,163,163,163,2,1,2,2,2
17,10,3.6767e-05,1,3.6767e-05,3.6767e-05,3.6767e-05,158,1,158,158,158,3,1,3,3,3
17,10,0.000123876,1,0.000123876,0.000123876,0.000123876,210,1,210,210,210,3,1,3,3,3
17,10,5.855e-05,1,5.855e-05,5.855e-05,5.855e-05,162,1,162,162,162,3,1,3,3,3
17,10,5.8732e-05,1,5.8732e-05,5.8732e-05,5.8732e-05,165,1,165,165,165,3,1,3,3,3
17,10,2.4274e-05,1,2.4274e-05,2.4274e-05,2.4274e-05,143,1,143,143,143,2,1,2,2,2
17,10,4.7106e-05,1,4.7106e-05,4.7106e-05,4.7106e-05,162,1,162,162,162,3,1,3,3,3
17,10,2.39e-05,1,2.39e-05,2.39e-05,2.39e-05,142,1,142,142,142,2,1,2,2,2
17,10,2.4691e-05,1,2.4691e-05,2.4691e-05,2.4691e-05,148,1,148,148,148,3,1,3,3,3
17,10,2.4207e-05,1,2.4207e-05,2.4207e-05,2.4207e-05,145,1,145,145,145,3,1,3,3,3
17,10,3.711e-05,1,3.711e-05,3.711e-05,3.711e-05,157,1,157,157,157,3,1,3,3,3
17,10,4.9238e-05,1,4.9238e-05,4.9238e-05,4.9238e-05,162,1,162,162,162,3,1,3,3,3
17,10,7.0172e-05,1,7.0172e-05,7.0172e-05,7.0172e-05,179,1,179,179,179,3,1,3,3,3
17,10,2.4087e-05,1,2.4087e-05,2.4087e-05,2.4087e-05,143,1,143,143,143,2,1,2,2,2
17,10,2.512e-05,1,2.512e-05,2.512e-05,2.512e-05,146,1,146,146,146,3,1,3,3,3
17,10,2.4029e-05,1,2.4029e-05,2.4029e-05,2.4029e-05,144,1,144,144,144,2,1,2,2,2
17,10,4.2441e-05,1,4.2441e-05,4.2441e-05,4.2441e-05,171,1,171,171,171,3,1,3,3,3
17,10,2.4708e-05,1,2.4708e-05,2.4708e-05,2.4708e-05,145,1,145,145,145,3,1,3,3,3
17,10,4.5079e-05,1,4.5079e-05,4.5079e-05,4.5079e-05,159,1,159,159,159,3,1,3,3,3
17,10,2.3867e-05,1,2.3867e-05,2.3867e-05,2.3867e-05,143,1,143,143,143,2,1,2,2,2
17,10,7.6789e-05,1,7.6789e-05,7.6789e-05,7.6789e-05,182,1,182,182,182,3,1,3,3,3
17,10,2.4018e-05,1,2.4018e-05,2.4018e-05,2.4018e-05,144,1,144,144,144,2,1,2,2,2
17,10,3.4507e-05,1,3.4507e-05,3.4507e-05,3.4507e-05,163,1,163,163,163,3,1,3,3,3
17,10,4.5838e-05,1,4.5838e-05,4.5838e-05,4.5838e-05,163,1,163,163,163,3,1,3,3,3
17,10,4.3491e-05,1,4.3491e-05,4.3491e-05,4.3491e-05,161,1,161,161,161,3,1,3,3,3
17,10,2.3744e-05,1,2.3744e-05,2.3744e-05,2.3744e-05,144,1,144,144,144,2,1,2,2,2
17,10,6.2033e-05,1,6.2033e-05,6.2033e-05,6.2033e-05,173,1,173,173,173,2,1,2,2,2
17,10,2.343e-05,1,2.343e-05,2.343e-05,2.343e-05,147,1,147,147,147,2,1,2,2,2
17,10,2.3617e-05,1,2.3617e-05,2.3617e-05,2.3617e-05,143,1,143,143,143,3,1,3,3,3
17,10,5.6778e-05,1,5.6778e-05,5.6778e-05,5.6778e-05,170,1,170,170,170,4,1,4,4,4
17,10,2.3768e-05,1,2.3768e-05,2.3768e-05,2.3768e-05,144,1,144,144,144,2,1,2,2,2
17,10,2.341e-05,1,2.341e-05,2.341e-05,2.341e-05,143,1,143,143,143,2,1,2,2,2
17,10,2.4826e-05,1,2.4826e-05,2.4826e-05,2.4826e-05,146,1,146,146,146,3,1,3,3,3
17,10,2.4143e-05,1,2.4143e-05,2.4143e-05,2.4143e-05,143,1,143,143,143,2,1,2,2,2
17,10,2.3289e-05,1,2.3289e-05,2.3289e-05,2.3289e-05,142,1,142,142,142,2,1,2,2,2
17,10,6.4089e-05,1,6.4089e-05,6.4089e-05,6.4089e-05,182,1,182,182,182,3,1,3,3,3
17,10,3.377e-05,1,3.377e-05,3.377e-05,3.377e-05,159,1,159,159,159,3,1,3,3,3
17,10,4.4065e-05,1,4.4065e-05,4.4065e-05,4.4065e-05,160,1,160,160,160,3,1,3,3,3
17,10,5.8423e-05,1,5.8423e-05,5.8423e-05,5.8423e-05,163,1,163,163,163,3,1,3,3,3
17,10,9.4394e-05,1,9.4394e-05,9.4394e-05,9.4394e-05,195,1,195,195,195,2,1,2,2,2
17,10,2.3741e-05,1,2.3741e-05,2.3741e-05,2.3741e-05,147,1,147,147,147,3,1,3,3,3
17,10,8.6963e-05,1,8.6963e-05,8.6963e-05,8.6963e-05,190,1,190,190,190,2,1,2,2,2
17,10,4.6975e-05,1,4.6975e-05,4.6975e-05,4.6975e-05,161,1,161,161,161,3,1,3,3,3
17,10,2.3692e-05,1,2.3692e-05,2.3692e-05,2.3692e-05,141,1,141,141,141,2,1,2,2,2
17,10,5.4351e-05,1,5.4351e-05,5.4351e-05,5.4351e-05,163,1,163,163,163,3,1,3,3,3
17,10,6.9934e-05,1,6.9934e-05,6.9934e-05,6.9934e-05,172,1,172,172,172,3,1,3,3,3
17,10,2.3638e-05,1,2.3638e-05,2.3638e-05,2.3638e-05,143,1,143,143,143,2,1,2,2,2
17,10,3.7276e-05,1,3.7276e-05,3.7276e-05,3.7276e-05,163,1,163,163,163,3,1,3,3,3
17,10,4.5172e-05,1,4.5172e-05,4.5172e-05,4.5172e-05,157,1,157,157,157,3,1,3,3,3
17,10,0.00010596,1,0.00010596,0.00010596,0.00010596,202,1,202,202,202,3,1,3,3,3
17,10,6.2649e-05,1,6.2649e-05,6.2649e-05,6.2649e-05,169,1,169,169,169,3,1,3,3,3
17,10,2.3865e-05,1,2.3865e-05,2.3865e-05,2.3865e-05,142,1,142,142,142,2,1,2,2,2
17,10,2.3999e-05,1,2.3999e-05,2.3999e-05,2.3999e-05,144,1,144,144,144,2,1,2,2,2
17,10,0.000138795,1,0.000138795,0.000138795,0.000138795,219,1,219,219,219,3,1,3,3,3
17,10,8.9284e-05,1,8.9284e-05,8.9284e-05,8.9284e-05,183,1,183,183,183,3,1,3,3,3
17,10,6.8152e-05,1,6.8152e-05,6.8152e-05,6.8152e-05,166,1,166,166,166,3,1,3,3,3
17,10,2.3549e-05,1,2.3549e-05,2.3549e-05,2.3549e-05,144,1,144,144,144,2,1,2,2,2
17,10,5.2592e-05,1,5.2592e-05,5.2592e-05,5.2592e-05,165,1,165,165,165,3,1,3,3,3
17,10,2.3243e-05,1,2.3243e-05,2.3243e-05,2.3243e-05,141,1,141,141,141,2,1,2,2,2
17,10,0.000119509,1,0.000119509,0.000119509,0.000119509,208,1,208,208,208,2,1,2,2,2
17,10,2.4461e-05,1,2.4461e-05,2.4461e-05,2.4461e-05,149,1,149,149,149,3,1,3,3,3
17,10,2.3802e-05,1,2.3802e-05,2.3802e-05,2.3802e-05,144,1,144,144,144,3,1,3,3,3
17,10,2.4201e-05,1,2.4201e-05,2.4201e-05,2.4201e-05,147,1,147,147,147,3,1,3,3,3
17,10,2.2932e-05,1,2.2932e-05,2.2932e-05,2.2932e-05,141,1,141,141,141,2,1,2,2,2
17,10,2.2904e-05,1,2.2904e-05,2.2904e-05,2.2904e-05,141,1,141,141,141,2,1,2,2,2
17,10,4.1392e-05,1,4.1392e-05,4.1392e-05,4.1392e-05,159,1,159,159,159,2,1,2,2,2
17,10,4.4497e-05,1,4.4497e-05,4.4497e-05,4.4497e-05,160,1,160,160,160,3,1,3,3,3
17,10,2.8936e-05,1,2.8936e-05,2.8936e-05,2.8936e-05,144,1,144,144,144,2,1,2,2,2
17,10,3.7353e-05,1,3.7353e-05,3.7353e-05,3.7353e-05,158,1,158,158,158,3,1,3,3,3
17,10,4.929e-05,1,4.929e-05,4.929e-05,4.929e-05,161,1,161,161,161,3,1,3,3,3
17,10,2.4796e-05,1,2.4796e-05,2.4796e-05,2.4796e-05,146,1,146,146,146,3,1,3,3,3
17,10,4.4541e-05,1,4.4541e-05,4.4541e-05,4.4541e-05,166,1,166,166,166,3,1,3,3,3
17,10,0.000118384,1,0.000118384,0.000118384,0.000118384,210,1,210,210,210,3,1,3,3,3
