n,p,time_total,time_count,time_mean,time_min,time_max,calls_total,calls_count,calls_mean,calls_min,calls_max
24,30,1517.1,1,1517.1,1517.1,1517.1,12733753,1,1.27338e+07,12733753,12733753
24,30,1004.31,1,1004.31,1004.31,1004.31,7603679,1,7.60368e+06,7603679,7603679
24,30,12.2962,1,12.2962,12.2962,12.2962,89529,1,89529,89529,89529
24,30,3.31125,1,3.31125,3.31125,3.31125,21359,1,21359,21359,21359
24,30,57.5258,1,57.5258,57.5258,57.5258,465767,1,465767,465767,465767
24,30,1593.42,1,1593.42,1593.42,1593.42,12730003,1,1.273e+07,12730003,12730003
24,30,3.1098,1,3.1098,3.1098,3.1098,19717,1,19717,19717,19717
24,30,25.1053,1,25.1053,25.1053,25.1053,169507,1,169507,169507,169507
24,30,2264.04,1,2264.04,2264.04,2264.04,18838319,1,1.88383e+07,18838319,18838319
24,30,12.6542,1,12.6542,12.6542,12.6542,82411,1,82411,82411,82411
24,30,39.4107,1,39.4107,39.4107,39.4107,315171,1,315171,315171,315171
24,30,0.257613,1,0.257613,0.257613,0.257613,1747,1,1747,1747,1747
24,30,999.492,1,999.492,999.492,999.492,7758133,1,7.75813e+06,7758133,7758133
24,30,0.706668,1,0.706668,0.706668,0.706668,4669,1,4669,4669,4669
24,30,43.9793,1,43.9793,43.9793,43.9793,321905,1,321905,321905,321905
24,30,3.57584,1,3.57584,3.57584,3.57584,23007,1,23007,23007,23007
24,30,807.786,1,807.786,807.786,807.786,6877521,1,6.87752e+06,6877521,6877521
24,30,132.796,1,132.796,132.796,132.796,1056391,1,1.05639e+06,1056391,1056391
24,30,2.98657,1,2.98657,2.98657,2.98657,20739,1,20739,20739,20739
24,30,4.13752,1,4.13752,4.13752,4.13752,32167,1,32167,32167,32167
24,30,759.906,1,759.906,759.906,759.906,6224335,1,6.22434e+06,6224335,6224335
24,30,21.5556,1,21.5556,21.5556,21.5556,147237,1,147237,147237,147237
24,30,0.0141974,1,0.0141974,0.0141974,0.0141974,77,1,77,77,77
24,30,3.27828,1,3.27828,3.27828,3.27828,21445,1,21445,21445,21445
24,30,10.3981,1,10.3981,10.3981,10.3981,70591,1,70591,70591,70591
24,30,48.494,1,48.494,48.494,48.494,412875,1,412875,412875,412875
24,30,5.45119,1,5.45119,5.45119,5.45119,36423,1,36423,36423,36423
24,30,0.901296,1,0.901296,0.901296,0.901296,6349,1,6349,6349,6349
24,30,17.1329,1,17.1329,17.1329,17.1329,124323,1,124323,124323,124323
24,30,0.60084,1,0.60084,0.60084,0.60084,3433,1,3433,3433,3433
24,30,31.0544,1,31.0544,31.0544,31.0544,231877,1,231877,231877,231877
24,30,0.000501648,1,0.000501648,0.000501648,0.000501648,1,1,1,1,1
24,30,0.415609,1,0.415609,0.415609,0.415609,2315,1,2315,2315,2315
24,30,731.075,1,731.075,731.075,731.075,5945533,1,5.94553e+06,5945533,5945533
24,30,11.2337,1,11.2337,11.2337,11.2337,84147,1,84147,84147,84147
24,30,35.8252,1,35.8252,35.8252,35.8252,259857,1,259857,259857,259857
24,30,1.11355,1,1.11355,1.11355,1.11355,6659,1,6659,6659,6659
24,30,19.2491,1,19.2491,19.2491,19.2491,131505,1,131505,131505,131505
24,30,18.001,1,18.001,18.001,18.001,137485,1,137485,137485,137485
24,30,0.0471352,1,0.0471352,0.0471352,0.0471352,309,1,309,309,309
24,30,15.7325,1,15.7325,15.7325,15.7325,101159,1,101159,101159,101159
24,30,35.8831,1,35.8831,35.8831,35.8831,258671,1,258671,258671,258671
24,30,12214.8,1,12214.8,12214.8,12214.8,114219963,1,1.1422e+08,114219963,114219963
24,30,4.43051,1,4.43051,4.43051,4.43051,32485,1,32485,32485,32485
24,30,74.9441,1,74.9441,74.9441,74.9441,610803,1,610803,610803,610803
24,30,37.6212,1,37.6212,37.6212,37.6212,277855,1,277855,277855,277855
24,30,2.47153,1,2.47153,2.47153,2.47153,16995,1,16995,16995,16995
24,30,23.8637,1,23.8637,23.8637,23.8637,171335,1,171335,171335,171335
24,30,0.0582591,1,0.0582591,0.0582591,0.0582591,389,1,389,389,389
24,30,25.3817,1,25.3817,25.3817,25.3817,189205,1,189205,189205,189205
24,30,25.6958,1,25.6958,25.6958,25.6958,184057,1,184057,184057,184057
24,30,1.77154,1,1.77154,1.77154,1.77154,11335,1,11335,11335,11335
24,30,45.0341,1,45.0341,45.0341,45.0341,376383,1,376383,376383,376383
24,30,1.20612,1,1.20612,1.20612,1.20612,8577,1,8577,8577,8577
24,30,0.00205555,1,0.00205555,0.00205555,0.00205555,11,1,11,11,11
24,30,246.258,1,246.258,246.258,246.258,1979459,1,1.97946e+06,1979459,1979459
24,30,2624.35,1,2624.35,2624.35,2624.35,24335811,1,2.43358e+07,24335811,24335811
24,30,161.638,1,161.638,161.638,161.638,1281777,1,1.28178e+06,1281777,1281777
24,30,334.405,1,334.405,334.405,334.405,2714753,1,2.71475e+06,2714753,2714753
24,30,0.00036594,1,0.00036594,0.00036594,0.00036594,1,1,1,1,1
24,30,173.219,1,173.219,173.219,173.219,1148245,1,1.14824e+06,1148245,1148245
24,30,10.6115,1,10.6115,10.6115,10.6115,82889,1,82889,82889,82889
24,30,0.0334637,1,0.0334637,0.0334637,0.0334637,201,1,201,201,201
24,30,45.313,1,45.313,45.313,45.313,315789,1,315789,315789,315789
24,30,0.00658481,1,0.00658481,0.00658481,0.00658481,43,1,43,43,43
24,30,335.545,1,335.545,335.545,335.545,2788063,1,2.78806e+06,2788063,2788063
24,30,17.2994,1,17.2994,17.2994,17.2994,135477,1,135477,135477,135477
24,30,0.0209136,1,0.0209136,0.0209136,0.0209136,147,1,147,147,147
24,30,100.727,1,100.727,100.727,100.727,878689,1,878689,878689,878689
24,30,12.6159,1,12.6159,12.6159,12.6159,107637,1,107637,107637,107637
24,30,0.0349011,1,0.0349011,0.0349011,0.0349011,253,1,253,253,253
24,30,4366.74,1,4366.74,4366.74,4366.74,35044997,1,3.5045e+07,35044997,35044997
24,30,4.99729,1,4.99729,4.99729,4.99729,35185,1,35185,35185,35185
24,30,14.9724,1,14.9724,14.9724,14.9724,112477,1,112477,112477,112477
24,30,62.2421,1,62.2421,62.2421,62.2421,452901,1,452901,452901,452901
24,30,0.00260627,1,0.00260627,0.00260627,0.00260627,13,1,13,13,13
24,30,12.3399,1,12.3399,12.3399,12.3399,93093,1,93093,93093,93093
24,30,7331.2,1,7331.2,7331.2,7331.2,60001725,1,6.00017e+07,60001725,60001725
24,30,0.000335716,1,0.000335716,0.000335716,0.000335716,1,1,1,1,1
24,30,3074.46,1,3074.46,3074.46,3074.46,21559467,1,2.15595e+07,21559467,21559467
24,30,0.622855,1,0.622855,0.622855,0.622855,3905,1,3905,3905,3905
24,30,130.658,1,130.658,130.658,130.658,1102611,1,1.10261e+06,1102611,1102611
24,30,15.3361,1,15.3361,15.3361,15.3361,92665,1,92665,92665,92665
24,30,16.9456,1,16.9456,16.9456,16.9456,115139,1,115139,115139,115139
24,30,1.98647,1,1.98647,1.98647,1.98647,12091,1,12091,12091,12091
24,30,7636.13,1,7636.13,7636.13,7636.13,64735749,1,6.47357e+07,64735749,64735749
24,30,1.78724,1,1.78724,1.78724,1.78724,10677,1,10677,10677,10677
24,30,2.28851,1,2.28851,2.28851,2.28851,14397,1,14397,14397,14397
24,30,302.315,1,302.315,302.315,302.315,2212265,1,2.21226e+06,2212265,2212265
24,30,4747.67,1,4747.67,4747.67,4747.67,38518949,1,3.85189e+07,38518949,38518949
24,30,6.00116,1,6.00116,6.00116,6.00116,39091,1,39091,39091,39091
24,30,0.000647969,1,0.000647969,0.000647969,0.000647969,3,1,3,3,3
24,30,23.671,1,23.671,23.671,23.671,182007,1,182007,182007,182007
24,30,2462.52,1,2462.52,2462.52,2462.52,17610223,1,1.76102e+07,17610223,17610223
24,30,3.11115,1,3.11115,3.11115,3.11115,21929,1,21929,21929,21929
24,30,16.6702,1,16.6702,16.6702,16.6702,121099,1,121099,121099,121099
24,30,285.055,1,285.055,285.055,285.055,2113017,1,2.11302e+06,2113017,2113017
24,30,0.584326,1,0.584326,0.584326,0.584326,3497,1,3497,3497,3497
24,30,1541.24,1,1541.24,1541.24,1541.24,11279627,1,1.12796e+07,11279627,11279627
24,30,0.24081,1,0.24081,0.24081,0.24081,1529,1,1529,1529,1529
