n,p,time_total,time_count,time_mean,time_min,time_max,calls_total,calls_count,calls_mean,calls_min,calls_max
6,60,5.2162e-05,1,5.2162e-05,5.2162e-05,5.2162e-05,1,1,1,1,1
6,60,8.9195e-05,1,8.9195e-05,8.9195e-05,8.9195e-05,1,1,1,1,1
6,60,4.9145e-05,1,4.9145e-05,4.9145e-05,4.9145e-05,1,1,1,1,1
6,60,0.000178801,1,0.000178801,0.000178801,0.000178801,5,1,5,5,5
6,60,5.0917e-05,1,5.0917e-05,5.0917e-05,5.0917e-05,1,1,1,1,1
6,60,6.4014e-05,1,6.4014e-05,6.4014e-05,6.4014e-05,1,1,1,1,1
6,60,5.3985e-05,1,5.3985e-05,5.3985e-05,5.3985e-05,1,1,1,1,1
6,60,7.0223e-05,1,7.0223e-05,7.0223e-05,7.0223e-05,1,1,1,1,1
6,60,7.4362e-05,1,7.4362e-05,7.4362e-05,7.4362e-05,1,1,1,1,1
6,60,4.9428e-05,1,4.9428e-05,4.9428e-05,4.9428e-05,1,1,1,1,1
6,60,5.2009e-05,1,5.2009e-05,5.2009e-05,5.2009e-05,1,1,1,1,1
6,60,5.1864e-05,1,5.1864e-05,5.1864e-05,5.1864e-05,1,1,1,1,1
6,60,6.0237e-05,1,6.0237e-05,6.0237e-05,6.0237e-05,1,1,1,1,1
6,60,6.083e-05,1,6.083e-05,6.083e-05,6.083e-05,1,1,1,1,1
6,60,5.2632e-05,1,5.2632e-05,5.2632e-05,5.2632e-05,1,1,1,1,1
6,60,4.6547e-05,1,4.6547e-05,4.6547e-05,4.6547e-05,1,1,1,1,1
6,60,4.867e-05,1,4.867e-05,4.867e-05,4.867e-05,1,1,1,1,1
6,60,5.6835e-05,1,5.6835e-05,5.6835e-05,5.6835e-05,1,1,1,1,1
6,60,3.8688e-05,1,3.8688e-05,3.8688e-05,3.8688e-05,1,1,1,1,1
6,60,5.6717e-05,1,5.6717e-05,5.6717e-05,5.6717e-05,1,1,1,1,1
6,60,4.9784e-05,1,4.9784e-05,4.9784e-05,4.9784e-05,1,1,1,1,1
6,60,4.8687e-05,1,4.8687e-05,4.8687e-05,4.8687e-05,1,1,1,1,1
6,60,8.3062e-05,1,8.3062e-05,8.3062e-05,8.3062e-05,1,1,1,1,1
6,60,6.3942e-05,1,6.3942e-05,6.3942e-05,6.3942e-05,1,1,1,1,1
6,60,4.6719e-05,1,4.6719e-05,4.6719e-05,4.6719e-05,1,1,1,1,1
6,60,5.0599e-05,1,5.0599e-05,5.0599e-05,5.0599e-05,1,1,1,1,1
6,60,5.6766e-05,1,5.6766e-05,5.6766e-05,5.6766e-05,1,1,1,1,1
6,60,0.00012817,1,0.00012817,0.00012817,0.00012817,3,1,3,3,3
6,60,8.601e-05,1,8.601e-05,8.601e-05,8.601e-05,1,1,1,1,1
6,60,4.8112e-05,1,4.8112e-05,4.8112e-05,4.8112e-05,1,1,1,1,1
6,60,3.7099e-05,1,3.7099e-05,3.7099e-05,3.7099e-05,1,1,1,1,1
6,60,5.4111e-05,1,5.4111e-05,5.4111e-05,5.4111e-05,1,1,1,1,1
6,60,5.5887e-05,1,5.5887e-05,5.5887e-05,5.5887e-05,1,1,1,1,1
6,60,5.4761e-05,1,5.4761e-05,5.4761e-05,5.4761e-05,1,1,1,1,1
6,60,3.9032e-05,1,3.9032e-05,3.9032e-05,3.9032e-05,1,1,1,1,1
6,60,5.4242e-05,1,5.4242e-05,5.4242e-05,5.4242e-05,1,1,1,1,1
6,60,5.6407e-05,1,5.6407e-05,5.6407e-05,5.6407e-05,1,1,1,1,1
6,60,4.6739e-05,1,4.6739e-05,4.6739e-05,4.6739e-05,1,1,1,1,1
6,60,5.3283e-05,1,5.3283e-05,5.3283e-05,5.3283e-05,1,1,1,1,1
6,60,0.000126237,1,0.000126237,0.000126237,0.000126237,1,1,1,1,1
6,60,7.3717e-05,1,7.3717e-05,7.3717e-05,7.3717e-05,1,1,1,1,1
6,60,6.3537e-05,1,6.3537e-05,6.3537e-05,6.3537e-05,1,1,1,1,1
6,60,5.9402e-05,1,5.9402e-05,5.9402e-05,5.9402e-05,1,1,1,1,1
6,60,6.5577e-05,1,6.5577e-05,6.5577e-05,6.5577e-05,1,1,1,1,1
6,60,4.8049e-05,1,4.8049e-05,4.8049e-05,4.8049e-05,1,1,1,1,1
6,60,7.5826e-05,1,7.5826e-05,7.5826e-05,7.5826e-05,1,1,1,1,1
6,60,5.948e-05,1,5.948e-05,5.948e-05,5.948e-05,1,1,1,1,1
6,60,5.9062e-05,1,5.9062e-05,5.9062e-05,5.9062e-05,1,1,1,1,1
6,60,5.4992e-05,1,5.4992e-05,5.4992e-05,5.4992e-05,1,1,1,1,1
6,60,9.5425e-05,1,9.5425e-05,9.5425e-05,9.5425e-05,1,1,1,1,1
6,60,9.1614e-05,1,9.1614e-05,9.1614e-05,9.1614e-05,1,1,1,1,1
6,60,5.2069e-05,1,5.2069e-05,5.2069e-05,5.2069e-05,1,1,1,1,1
6,60,5.1587e-05,1,5.1587e-05,5.1587e-05,5.1587e-05,1,1,1,1,1
6,60,5.1121e-05,1,5.1121e-05,5.1121e-05,5.1121e-05,1,1,1,1,1
6,60,5.5474e-05,1,5.5474e-05,5.5474e-05,5.5474e-05,1,1,1,1,1
6,60,5.1482e-05,1,5.1482e-05,5.1482e-05,5.1482e-05,1,1,1,1,1
6,60,5.9223e-05,1,5.9223e-05,5.9223e-05,5.9223e-05,1,1,1,1,1
6,60,5.1713e-05,1,5.1713e-05,5.1713e-05,5.1713e-05,1,1,1,1,1
6,60,0.000263878,1,0.000263878,0.000263878,0.000263878,9,1,9,9,9
6,60,5.5159e-05,1,5.5159e-05,5.5159e-05,5.5159e-05,1,1,1,1,1
6,60,4.7339e-05,1,4.7339e-05,4.7339e-05,4.7339e-05,1,1,1,1,1
6,60,4.5488e-05,1,4.5488e-05,4.5488e-05,4.5488e-05,1,1,1,1,1
6,60,4.1142e-05,1,4.1142e-05,4.1142e-05,4.1142e-05,1,1,1,1,1
6,60,4.8314e-05,1,4.8314e-05,4.8314e-05,4.8314e-05,1,1,1,1,1
6,60,6.0102e-05,1,6.0102e-05,6.0102e-05,6.0102e-05,1,1,1,1,1
6,60,5.2982e-05,1,5.2982e-05,5.2982e-05,5.2982e-05,1,1,1,1,1
6,60,4.996e-05,1,4.996e-05,4.996e-05,4.996e-05,1,1,1,1,1
6,60,5.1817e-05,1,5.1817e-05,5.1817e-05,5.1817e-05,1,1,1,1,1
6,60,4.7051e-05,1,4.7051e-05,4.7051e-05,4.7051e-05,1,1,1,1,1
6,60,5.3742e-05,1,5.3742e-05,5.3742e-05,5.3742e-05,1,1,1,1,1
6,60,5.1873e-05,1,5.1873e-05,5.1873e-05,5.1873e-05,1,1,1,1,1
6,60,7.1176e-05,1,7.1176e-05,7.1176e-05,7.1176e-05,1,1,1,1,1
6,60,7.6185e-05,1,7.6185e-05,7.6185e-05,7.6185e-05,1,1,1,1,1
6,60,5.0857e-05,1,5.0857e-05,5.0857e-05,5.0857e-05,1,1,1,1,1
6,60,7.477e-05,1,7.477e-05,7.477e-05,7.477e-05,1,1,1,1,1
6,60,5.8002e-05,1,5.8002e-05,5.8002e-05,5.8002e-05,1,1,1,1,1
6,60,5.6637e-05,1,5.6637e-05,5.6637e-05,5.6637e-05,1,1,1,1,1
6,60,4.2748e-05,1,4.2748e-05,4.2748e-05,4.2748e-05,1,1,1,1,1
6,60,4.6561e-05,1,4.6561e-05,4.6561e-05,4.6561e-05,1,1,1,1,1
6,60,9.4185e-05,1,9.4185e-05,9.4185e-05,9.4185e-05,3,1,3,3,3
6,60,5.0575e-05,1,5.0575e-05,5.0575e-05,5.0575e-05,1,1,1,1,1
6,60,4.6528e-05,1,4.6528e-05,4.6528e-05,4.6528e-05,1,1,1,1,1
6,60,4.8718e-05,1,4.8718e-05,4.8718e-05,4.8718e-05,1,1,1,1,1
6,60,5.5221e-05,1,5.5221e-05,5.5221e-05,5.5221e-05,1,1,1,1,1
6,60,4.5997e-05,1,4.5997e-05,4.5997e-05,4.5997e-05,1,1,1,1,1
6,60,6.1068e-05,1,6.1068e-05,6.1068e-05,6.1068e-05,1,1,1,1,1
6,60,4.9276e-05,1,4.9276e-05,4.9276e-05,4.9276e-05,1,1,1,1,1
6,60,5.5601e-05,1,5.5601e-05,5.5601e-05,5.5601e-05,1,1,1,1,1
6,60,4.8935e-05,1,4.8935e-05,4.8935e-05,4.8935e-05,1,1,1,1,1
6,60,4.4608e-05,1,4.4608e-05,4.4608e-05,4.4608e-05,1,1,1,1,1
6,60,7.3922e-05,1,7.3922e-05,7.3922e-05,7.3922e-05,1,1,1,1,1
6,60,5.1074e-05,1,5.1074e-05,5.1074e-05,5.1074e-05,1,1,1,1,1
6,60,6.7743e-05,1,6.7743e-05,6.7743e-05,6.7743e-05,1,1,1,1,1
6,60,4.8439e-05,1,4.8439e-05,4.8439e-05,4.8439e-05,1,1,1,1,1
6,60,8.6566e-05,1,8.6566e-05,8.6566e-05,8.6566e-05,1,1,1,1,1
6,60,4.4376e-05,1,4.4376e-05,4.4376e-05,4.4376e-05,1,1,1,1,1
6,60,5.0781e-05,1,5.0781e-05,5.0781e-05,5.0781e-05,1,1,1,1,1
6,60,4.4832e-05,1,4.4832e-05,4.4832e-05,4.4832e-05,1,1,1,1,1
6,60,4.4829e-05,1,4.4829e-05,4.4829e-05,4.4829e-05,1,1,1,1,1
6,60,7.8562e-05,1,7.8562e-05,7.8562e-05,7.8562e-05,1,1,1,1,1
6,60,6.412e-05,1,6.412e-05,6.412e-05,6.412e-05,1,1,1,1,1
6,60,5.3411e-05,1,5.3411e-05,5.3411e-05,5.3411e-05,1,1,1,1,1
6,60,9.608e-05,1,9.608e-05,9.608e-05,9.608e-05,1,1,1,1,1
6,60,0.00013205,1,0.00013205,0.00013205,0.00013205,3,1,3,3,3
6,60,5.2961e-05,1,5.2961e-05,5.2961e-05,5.2961e-05,1,1,1,1,1
6,60,0.000130166,1,0.000130166,0.000130166,0.000130166,3,1,3,3,3
6,60,6.8754e-05,1,6.8754e-05,6.8754e-05,6.8754e-05,1,1,1,1,1
6,60,4.6018e-05,1,4.6018e-05,4.6018e-05,4.6018e-05,1,1,1,1,1
6,60,4.2819e-05,1,4.2819e-05,4.2819e-05,4.2819e-05,1,1,1,1,1
6,60,3.9321e-05,1,3.9321e-05,3.9321e-05,3.9321e-05,1,1,1,1,1
6,60,7.2552e-05,1,7.2552e-05,7.2552e-05,7.2552e-05,1,1,1,1,1
6,60,5.9249e-05,1,5.9249e-05,5.9249e-05,5.9249e-05,1,1,1,1,1
6,60,4.2685e-05,1,4.2685e-05,4.2685e-05,4.2685e-05,1,1,1,1,1
6,60,4.5807e-05,1,4.5807e-05,4.5807e-05,4.5807e-05,1,1,1,1,1
6,60,5.1848e-05,1,5.1848e-05,5.1848e-05,5.1848e-05,1,1,1,1,1
6,60,5.3334e-05,1,5.3334e-05,5.3334e-05,5.3334e-05,1,1,1,1,1
6,60,0.0001099,1,0.0001099,0.0001099,0.0001099,3,1,3,3,3
6,60,5.2036e-05,1,5.2036e-05,5.2036e-05,5.2036e-05,1,1,1,1,1
6,60,6.4492e-05,1,6.4492e-05,6.4492e-05,6.4492e-05,1,1,1,1,1
6,60,4.9244e-05,1,4.9244e-05,4.9244e-05,4.9244e-05,1,1,1,1,1
6,60,0.000127868,1,0.000127868,0.000127868,0.000127868,3,1,3,3,3
6,60,4.5247e-05,1,4.5247e-05,4.5247e-05,4.5247e-05,1,1,1,1,1
6,60,4.9142e-05,1,4.9142e-05,4.9142e-05,4.9142e-05,1,1,1,1,1
6,60,3.5856e-05,1,3.5856e-05,3.5856e-05,3.5856e-05,1,1,1,1,1
6,60,4.481e-05,1,4.481e-05,4.481e-05,4.481e-05,1,1,1,1,1
6,60,5.136e-05,1,5.136e-05,5.136e-05,5.136e-05,1,1,1,1,1
6,60,0.00010775,1,0.00010775,0.00010775,0.00010775,1,1,1,1,1
6,60,5.3428e-05,1,5.3428e-05,5.3428e-05,5.3428e-05,1,1,1,1,1
6,60,3.7478e-05,1,3.7478e-05,3.7478e-05,3.7478e-05,1,1,1,1,1
6,60,9.3275e-05,1,9.3275e-05,9.3275e-05,9.3275e-05,1,1,1,1,1
6,60,7.0938e-05,1,7.0938e-05,7.0938e-05,7.0938e-05,1,1,1,1,1
6,60,0.000113478,1,0.000113478,0.000113478,0.000113478,3,1,3,3,3
6,60,6.5223e-05,1,6.5223e-05,6.5223e-05,6.5223e-05,1,1,1,1,1
6,60,9.6396e-05,1,9.6396e-05,9.6396e-05,9.6396e-05,1,1,1,1,1
6,60,6.4514e-05,1,6.4514e-05,6.4514e-05,6.4514e-05,1,1,1,1,1
6,60,9.3775e-05,1,9.3775e-05,9.3775e-05,9.3775e-05,1,1,1,1,1
6,60,5.7843e-05,1,5.7843e-05,5.7843e-05,5.7843e-05,1,1,1,1,1
6,60,3.9142e-05,1,3.9142e-05,3.9142e-05,3.9142e-05,1,1,1,1,1
6,60,4.6059e-05,1,4.6059e-05,4.6059e-05,4.6059e-05,1,1,1,1,1
6,60,5.5e-05,1,5.5e-05,5.5e-05,5.5e-05,1,1,1,1,1
6,60,4.7215e-05,1,4.7215e-05,4.7215e-05,4.7215e-05,1,1,1,1,1
6,60,4.6374e-05,1,4.6374e-05,4.6374e-05,4.6374e-05,1,1,1,1,1
6,60,4.9279e-05,1,4.9279e-05,4.9279e-05,4.9279e-05,1,1,1,1,1
6,60,4.6863e-05,1,4.6863e-05,4.6863e-05,4.6863e-05,1,1,1,1,1
6,60,4.3253e-05,1,4.3253e-05,4.3253e-05,4.3253e-05,1,1,1,1,1
6,60,7.6372e-05,1,7.6372e-05,7.6372e-05,7.6372e-05,1,1,1,1,1
6,60,6.1153e-05,1,6.1153e-05,6.1153e-05,6.1153e-05,1,1,1,1,1
6,60,5.2807e-05,1,5.2807e-05,5.2807e-05,5.2807e-05,1,1,1,1,1
6,60,6.1389e-05,1,6.1389e-05,6.1389e-05,6.1389e-05,1,1,1,1,1
6,60,5.8828e-05,1,5.8828e-05,5.8828e-05,5.8828e-05,1,1,1,1,1
6,60,6.9898e-05,1,6.9898e-05,6.9898e-05,6.9898e-05,1,1,1,1,1
6,60,4.4036e-05,1,4.4036e-05,4.4036e-05,4.4036e-05,1,1,1,1,1
6,60,4.9519e-05,1,4.9519e-05,4.9519e-05,4.9519e-05,1,1,1,1,1
6,60,6.8259e-05,1,6.8259e-05,6.8259e-05,6.8259e-05,1,1,1,1,1
6,60,4.5274e-05,1,4.5274e-05,4.5274e-05,4.5274e-05,1,1,1,1,1
6,60,0.00016368,1,0.00016368,0.00016368,0.00016368,3,1,3,3,3
6,60,5.4048e-05,1,5.4048e-05,5.4048e-05,5.4048e-05,1,1,1,1,1
6,60,4.6071e-05,1,4.6071e-05,4.6071e-05,4.6071e-05,1,1,1,1,1
6,60,8.3539e-05,1,8.3539e-05,8.3539e-05,8.3539e-05,1,1,1,1,1
6,60,6.8319e-05,1,6.8319e-05,6.8319e-05,6.8319e-05,1,1,1,1,1
6,60,6.1132e-05,1,6.1132e-05,6.1132e-05,6.1132e-05,1,1,1,1,1
6,60,6.9652e-05,1,6.9652e-05,6.9652e-05,6.9652e-05,1,1,1,1,1
6,60,4.6654e-05,1,4.6654e-05,4.6654e-05,4.6654e-05,1,1,1,1,1
6,60,4.6192e-05,1,4.6192e-05,4.6192e-05,4.6192e-05,1,1,1,1,1
6,60,4.5109e-05,1,4.5109e-05,4.5109e-05,4.5109e-05,1,1,1,1,1
6,60,4.7646e-05,1,4.7646e-05,4.7646e-05,4.7646e-05,1,1,1,1,1
6,60,4.6184e-05,1,4.6184e-05,4.6184e-05,4.6184e-05,1,1,1,1,1
6,60,7.0402e-05,1,7.0402e-05,7.0402e-05,7.0402e-05,1,1,1,1,1
6,60,6.022e-05,1,6.022e-05,6.022e-05,6.022e-05,1,1,1,1,1
6,60,5.2663e-05,1,5.2663e-05,5.2663e-05,5.2663e-05,1,1,1,1,1
6,60,4.6896e-05,1,4.6896e-05,4.6896e-05,4.6896e-05,1,1,1,1,1
6,60,5.3682e-05,1,5.3682e-05,5.3682e-05,5.3682e-05,1,1,1,1,1
6,60,4.2375e-05,1,4.2375e-05,4.2375e-05,4.2375e-05,1,1,1,1,1
6,60,4.8028e-05,1,4.8028e-05,4.8028e-05,4.8028e-05,1,1,1,1,1
6,60,9.8091e-05,1,9.8091e-05,9.8091e-05,9.8091e-05,1,1,1,1,1
6,60,4.6933e-05,1,4.6933e-05,4.6933e-05,4.6933e-05,1,1,1,1,1
6,60,4.2369e-05,1,4.2369e-05,4.2369e-05,4.2369e-05,1,1,1,1,1
6,60,5.0538e-05,1,5.0538e-05,5.0538e-05,5.0538e-05,1,1,1,1,1
6,60,4.47e-05,1,4.47e-05,4.47e-05,4.47e-05,1,1,1,1,1
6,60,8.7949e-05,1,8.7949e-05,8.7949e-05,8.7949e-05,3,1,3,3,3
6,60,5.5351e-05,1,5.5351e-05,5.5351e-05,5.5351e-05,1,1,1,1,1
6,60,6.4906e-05,1,6.4906e-05,6.4906e-05,6.4906e-05,1,1,1,1,1
6,60,5.0931e-05,1,5.0931e-05,5.0931e-05,5.0931e-05,1,1,1,1,1
6,60,7.5295e-05,1,7.5295e-05,7.5295e-05,7.5295e-05,1,1,1,1,1
6,60,9.0704e-05,1,9.0704e-05,9.0704e-05,9.0704e-05,1,1,1,1,1
6,60,4.4616e-05,1,4.4616e-05,4.4616e-05,4.4616e-05,1,1,1,1,1
6,60,3.748e-05,1,3.748e-05,3.748e-05,3.748e-05,1,1,1,1,1
6,60,6.8698e-05,1,6.8698e-05,6.8698e-05,6.8698e-05,1,1,1,1,1
6,60,5.3685e-05,1,5.3685e-05,5.3685e-05,5.3685e-05,1,1,1,1,1
6,60,6.4994e-05,1,6.4994e-05,6.4994e-05,6.4994e-05,1,1,1,1,1
6,60,4.162e-05,1,4.162e-05,4.162e-05,4.162e-05,1,1,1,1,1
6,60,4.6223e-05,1,4.6223e-05,4.6223e-05,4.6223e-05,1,1,1,1,1
6,60,4.7595e-05,1,4.7595e-05,4.7595e-05,4.7595e-05,1,1,1,1,1
6,60,4.6603e-05,1,4.6603e-05,4.6603e-05,4.6603e-05,1,1,1,1,1
6,60,4.7279e-05,1,4.7279e-05,4.7279e-05,4.7279e-05,1,1,1,1,1
6,60,7.3936e-05,1,7.3936e-05,7.3936e-05,7.3936e-05,1,1,1,1,1
6,60,5.1473e-05,1,5.1473e-05,5.1473e-05,5.1473e-05,1,1,1,1,1
6,60,0.000204157,1,0.000204157,0.000204157,0.000204157,9,1,9,9,9
6,60,3.8223e-05,1,3.8223e-05,3.8223e-05,3.8223e-05,1,1,1,1,1
6,60,4.9649e-05,1,4.9649e-05,4.9649e-05,4.9649e-05,1,1,1,1,1
6,60,5.4764e-05,1,5.4764e-05,5.4764e-05,5.4764e-05,1,1,1,1,1
6,60,4.6606e-05,1,4.6606e-05,4.6606e-05,4.6606e-05,1,1,1,1,1
6,60,5.8715e-05,1,5.8715e-05,5.8715e-05,5.8715e-05,1,1,1,1,1
6,60,3.9923e-05,1,3.9923e-05,3.9923e-05,3.9923e-05,1,1,1,1,1
6,60,4.9643e-05,1,4.9643e-05,4.9643e-05,4.9643e-05,1,1,1,1,1
6,60,4.6129e-05,1,4.6129e-05,4.6129e-05,4.6129e-05,1,1,1,1,1
6,60,5.3349e-05,1,5.3349e-05,5.3349e-05,5.3349e-05,1,1,1,1,1
6,60,4.5443e-05,1,4.5443e-05,4.5443e-05,4.5443e-05,1,1,1,1,1
6,60,4.6168e-05,1,4.6168e-05,4.6168e-05,4.6168e-05,1,1,1,1,1
6,60,4.4959e-05,1,4.4959e-05,4.4959e-05,4.4959e-05,1,1,1,1,1
6,60,6.1371e-05,1,6.1371e-05,6.1371e-05,6.1371e-05,1,1,1,1,1
6,60,3.7527e-05,1,3.7527e-05,3.7527e-05,3.7527e-05,1,1,1,1,1
6,60,5.3927e-05,1,5.3927e-05,5.3927e-05,5.3927e-05,1,1,1,1,1
6,60,9.5808e-05,1,9.5808e-05,9.5808e-05,9.5808e-05,1,1,1,1,1
6,60,5.8443e-05,1,5.8443e-05,5.8443e-05,5.8443e-05,1,1,1,1,1
6,60,6.5122e-05,1,6.5122e-05,6.5122e-05,6.5122e-05,1,1,1,1,1
6,60,4.6708e-05,1,4.6708e-05,4.6708e-05,4.6708e-05,1,1,1,1,1
6,60,4.4753e-05,1,4.4753e-05,4.4753e-05,4.4753e-05,1,1,1,1,1
6,60,6.8626e-05,1,6.8626e-05,6.8626e-05,6.8626e-05,1,1,1,1,1
6,60,6.2876e-05,1,6.2876e-05,6.2876e-05,6.2876e-05,1,1,1,1,1
6,60,4.4851e-05,1,4.4851e-05,4.4851e-05,4.4851e-05,1,1,1,1,1
6,60,4.6629e-05,1,4.6629e-05,4.6629e-05,4.6629e-05,1,1,1,1,1
6,60,5.7471e-05,1,5.7471e-05,5.7471e-05,5.7471e-05,1,1,1,1,1
6,60,5.7792e-05,1,5.7792e-05,5.7792e-05,5.7792e-05,1,1,1,1,1
6,60,5.3966e-05,1,5.3966e-05,5.3966e-05,5.3966e-05,1,1,1,1,1
6,60,5.0621e-05,1,5.0621e-05,5.0621e-05,5.0621e-05,1,1,1,1,1
6,60,7.62e-05,1,7.62e-05,7.62e-05,7.62e-05,1,1,1,1,1
6,60,5.6479e-05,1,5.6479e-05,5.6479e-05,5.6479e-05,1,1,1,1,1
6,60,5.0377e-05,1,5.0377e-05,5.0377e-05,5.0377e-05,1,1,1,1,1
6,60,5.5451e-05,1,5.5451e-05,5.5451e-05,5.5451e-05,1,1,1,1,1
6,60,6.0416e-05,1,6.0416e-05,6.0416e-05,6.0416e-05,1,1,1,1,1
6,60,5.1804e-05,1,5.1804e-05,5.1804e-05,5.1804e-05,1,1,1,1,1
6,60,9.3585e-05,1,9.3585e-05,9.3585e-05,9.3585e-05,1,1,1,1,1
6,60,5.8478e-05,1,5.8478e-05,5.8478e-05,5.8478e-05,1,1,1,1,1
6,60,4.78e-05,1,4.78e-05,4.78e-05,4.78e-05,1,1,1,1,1
6,60,4.6399e-05,1,4.6399e-05,4.6399e-05,4.6399e-05,1,1,1,1,1
6,60,0.000135589,1,0.000135589,0.000135589,0.000135589,3,1,3,3,3
6,60,5.5378e-05,1,5.5378e-05,5.5378e-05,5.5378e-05,1,1,1,1,1
6,60,5.295e-05,1,5.295e-05,5.295e-05,5.295e-05,1,1,1,1,1
6,60,4.9971e-05,1,4.9971e-05,4.9971e-05,4.9971e-05,1,1,1,1,1
6,60,5.7673e-05,1,5.7673e-05,5.7673e-05,5.7673e-05,1,1,1,1,1
6,60,4.8617e-05,1,4.8617e-05,4.8617e-05,4.8617e-05,1,1,1,1,1
6,60,5.6673e-05,1,5.6673e-05,5.6673e-05,5.6673e-05,1,1,1,1,1
6,60,4.9238e-05,1,4.9238e-05,4.9238e-05,4.9238e-05,1,1,1,1,1
6,60,6.1992e-05,1,6.1992e-05,6.1992e-05,6.1992e-05,1,1,1,1,1
6,60,9.0709e-05,1,9.0709e-05,9.0709e-05,9.0709e-05,3,1,3,3,3
6,60,0.000132573,1,0.000132573,0.000132573,0.000132573,3,1,3,3,3
6,60,4.6897e-05,1,4.6897e-05,4.6897e-05,4.6897e-05,1,1,1,1,1
6,60,4.6303e-05,1,4.6303e-05,4.6303e-05,4.6303e-05,1,1,1,1,1
6,60,5.1295e-05,1,5.1295e-05,5.1295e-05,5.1295e-05,1,1,1,1,1
6,60,6.4203e-05,1,6.4203e-05,6.4203e-05,6.4203e-05,1,1,1,1,1
6,60,5.3819e-05,1,5.3819e-05,5.3819e-05,5.3819e-05,1,1,1,1,1
6,60,5.3307e-05,1,5.3307e-05,5.3307e-05,5.3307e-05,1,1,1,1,1
6,60,0.000124131,1,0.000124131,0.000124131,0.000124131,5,1,5,5,5
6,60,3.7147e-05,1,3.7147e-05,3.7147e-05,3.7147e-05,1,1,1,1,1
6,60,4.7211e-05,1,4.7211e-05,4.7211e-05,4.7211e-05,1,1,1,1,1
6,60,4.7511e-05,1,4.7511e-05,4.7511e-05,4.7511e-05,1,1,1,1,1
6,60,7.483e-05,1,7.483e-05,7.483e-05,7.483e-05,1,1,1,1,1
6,60,4.4709e-05,1,4.4709e-05,4.4709e-05,4.4709e-05,1,1,1,1,1
6,60,5.5462e-05,1,5.5462e-05,5.5462e-05,5.5462e-05,1,1,1,1,1
6,60,9.3443e-05,1,9.3443e-05,9.3443e-05,9.3443e-05,1,1,1,1,1
6,60,6.3752e-05,1,6.3752e-05,6.3752e-05,6.3752e-05,1,1,1,1,1
6,60,4.6439e-05,1,4.6439e-05,4.6439e-05,4.6439e-05,1,1,1,1,1
6,60,5.7027e-05,1,5.7027e-05,5.7027e-05,5.7027e-05,1,1,1,1,1
6,60,5.8189e-05,1,5.8189e-05,5.8189e-05,5.8189e-05,1,1,1,1,1
6,60,9.0518e-05,1,9.0518e-05,9.0518e-05,9.0518e-05,1,1,1,1,1
6,60,4.632e-05,1,4.632e-05,4.632e-05,4.632e-05,1,1,1,1,1
6,60,5.6668e-05,1,5.6668e-05,5.6668e-05,5.6668e-05,1,1,1,1,1
6,60,4.6918e-05,1,4.6918e-05,4.6918e-05,4.6918e-05,1,1,1,1,1
6,60,5.1964e-05,1,5.1964e-05,5.1964e-05,5.1964e-05,1,1,1,1,1
6,60,6.63e-05,1,6.63e-05,6.63e-05,6.63e-05,1,1,1,1,1
6,60,4.8359e-05,1,4.8359e-05,4.8359e-05,4.8359e-05,1,1,1,1,1
6,60,4.7556e-05,1,4.7556e-05,4.7556e-05,4.7556e-05,1,1,1,1,1
6,60,4.999e-05,1,4.999e-05,4.999e-05,4.999e-05,1,1,1,1,1
6,60,0.000124873,1,0.000124873,0.000124873,0.000124873,1,1,1,1,1
6,60,5.3596e-05,1,5.3596e-05,5.3596e-05,5.3596e-05,1,1,1,1,1
6,60,5.1712e-05,1,5.1712e-05,5.1712e-05,5.1712e-05,1,1,1,1,1
6,60,7.3547e-05,1,7.3547e-05,7.3547e-05,7.3547e-05,1,1,1,1,1
6,60,4.5688e-05,1,4.5688e-05,4.5688e-05,4.5688e-05,1,1,1,1,1
6,60,5.7453e-05,1,5.7453e-05,5.7453e-05,5.7453e-05,1,1,1,1,1
6,60,5.1438e-05,1,5.1438e-05,5.1438e-05,5.1438e-05,1,1,1,1,1
6,60,0.000126622,1,0.000126622,0.000126622,0.000126622,3,1,3,3,3
6,60,5.7381e-05,1,5.7381e-05,5.7381e-05,5.7381e-05,1,1,1,1,1
6,60,5.4262e-05,1,5.4262e-05,5.4262e-05,5.4262e-05,1,1,1,1,1
6,60,4.1371e-05,1,4.1371e-05,4.1371e-05,4.1371e-05,1,1,1,1,1
6,60,7.7849e-05,1,7.7849e-05,7.7849e-05,7.7849e-05,1,1,1,1,1
6,60,4.646e-05,1,4.646e-05,4.646e-05,4.646e-05,1,1,1,1,1
6,60,4.4476e-05,1,4.4476e-05,4.4476e-05,4.4476e-05,1,1,1,1,1
6,60,5.6952e-05,1,5.6952e-05,5.6952e-05,5.6952e-05,1,1,1,1,1
6,60,4.7106e-05,1,4.7106e-05,4.7106e-05,4.7106e-05,1,1,1,1,1
6,60,4.5835e-05,1,4.5835e-05,4.5835e-05,4.5835e-05,1,1,1,1,1
6,60,7.4324e-05,1,7.4324e-05,7.4324e-05,7.4324e-05,1,1,1,1,1
6,60,5.1172e-05,1,5.1172e-05,5.1172e-05,5.1172e-05,1,1,1,1,1
6,60,5.2066e-05,1,5.2066e-05,5.2066e-05,5.2066e-05,1,1,1,1,1
6,60,5.2878e-05,1,5.2878e-05,5.2878e-05,5.2878e-05,1,1,1,1,1
6,60,5.4864e-05,1,5.4864e-05,5.4864e-05,5.4864e-05,1,1,1,1,1
6,60,7.7169e-05,1,7.7169e-05,7.7169e-05,7.7169e-05,1,1,1,1,1
6,60,5.1634e-05,1,5.1634e-05,5.1634e-05,5.1634e-05,1,1,1,1,1
6,60,5.5876e-05,1,5.5876e-05,5.5876e-05,5.5876e-05,1,1,1,1,1
6,60,4.0962e-05,1,4.0962e-05,4.0962e-05,4.0962e-05,1,1,1,1,1
6,60,6.7966e-05,1,6.7966e-05,6.7966e-05,6.7966e-05,1,1,1,1,1
6,60,4.9197e-05,1,4.9197e-05,4.9197e-05,4.9197e-05,1,1,1,1,1
6,60,9.2527e-05,1,9.2527e-05,9.2527e-05,9.2527e-05,1,1,1,1,1
6,60,4.2273e-05,1,4.2273e-05,4.2273e-05,4.2273e-05,1,1,1,1,1
6,60,4.4641e-05,1,4.4641e-05,4.4641e-05,4.4641e-05,1,1,1,1,1
6,60,4.5164e-05,1,4.5164e-05,4.5164e-05,4.5164e-05,1,1,1,1,1
6,60,3.8579e-05,1,3.8579e-05,3.8579e-05,3.8579e-05,1,1,1,1,1
6,60,5.5099e-05,1,5.5099e-05,5.5099e-05,5.5099e-05,1,1,1,1,1
6,60,4.9334e-05,1,4.9334e-05,4.9334e-05,4.9334e-05,1,1,1,1,1
6,60,5.8817e-05,1,5.8817e-05,5.8817e-05,5.8817e-05,1,1,1,1,1
6,60,5.4231e-05,1,5.4231e-05,5.4231e-05,5.4231e-05,1,1,1,1,1
6,60,4.9068e-05,1,4.9068e-05,4.9068e-05,4.9068e-05,1,1,1,1,1
6,60,4.8722e-05,1,4.8722e-05,4.8722e-05,4.8722e-05,1,1,1,1,1
6,60,6.7219e-05,1,6.7219e-05,6.7219e-05,6.7219e-05,1,1,1,1,1
6,60,0.000172151,1,0.000172151,0.000172151,0.000172151,3,1,3,3,3
6,60,5.1746e-05,1,5.1746e-05,5.1746e-05,5.1746e-05,1,1,1,1,1
6,60,6.0534e-05,1,6.0534e-05,6.0534e-05,6.0534e-05,1,1,1,1,1
6,60,5.9396e-05,1,5.9396e-05,5.9396e-05,5.9396e-05,1,1,1,1,1
6,60,4.734e-05,1,4.734e-05,4.734e-05,4.734e-05,1,1,1,1,1
6,60,3.9571e-05,1,3.9571e-05,3.9571e-05,3.9571e-05,1,1,1,1,1
6,60,6.1995e-05,1,6.1995e-05,6.1995e-05,6.1995e-05,1,1,1,1,1
6,60,4.6882e-05,1,4.6882e-05,4.6882e-05,4.6882e-05,1,1,1,1,1
6,60,8.169e-05,1,8.169e-05,8.169e-05,8.169e-05,1,1,1,1,1
6,60,6.68e-05,1,6.68e-05,6.68e-05,6.68e-05,1,1,1,1,1
6,60,4.9823e-05,1,4.9823e-05,4.9823e-05,4.9823e-05,1,1,1,1,1
6,60,5.2059e-05,1,5.2059e-05,5.2059e-05,5.2059e-05,1,1,1,1,1
6,60,5.0606e-05,1,5.0606e-05,5.0606e-05,5.0606e-05,1,1,1,1,1
6,60,5.5349e-05,1,5.5349e-05,5.5349e-05,5.5349e-05,1,1,1,1,1
6,60,5.8779e-05,1,5.8779e-05,5.8779e-05,5.8779e-05,1,1,1,1,1
6,60,8.2925e-05,1,8.2925e-05,8.2925e-05,8.2925e-05,1,1,1,1,1
6,60,4.4685e-05,1,4.4685e-05,4.4685e-05,4.4685e-05,1,1,1,1,1
6,60,4.6398e-05,1,4.6398e-05,4.6398e-05,4.6398e-05,1,1,1,1,1
6,60,5.9247e-05,1,5.9247e-05,5.9247e-05,5.9247e-05,1,1,1,1,1
6,60,5.4954e-05,1,5.4954e-05,5.4954e-05,5.4954e-05,1,1,1,1,1
6,60,4.9153e-05,1,4.9153e-05,4.9153e-05,4.9153e-05,1,1,1,1,1
6,60,4.7978e-05,1,4.7978e-05,4.7978e-05,4.7978e-05,1,1,1,1,1
6,60,4.5313e-05,1,4.5313e-05,4.5313e-05,4.5313e-05,1,1,1,1,1
6,60,4.319e-05,1,4.319e-05,4.319e-05,4.319e-05,1,1,1,1,1
6,60,4.8435e-05,1,4.8435e-05,4.8435e-05,4.8435e-05,1,1,1,1,1
6,60,5.7821e-05,1,5.7821e-05,5.7821e-05,5.7821e-05,1,1,1,1,1
6,60,4.3846e-05,1,4.3846e-05,4.3846e-05,4.3846e-05,1,1,1,1,1
6,60,4.9323e-05,1,4.9323e-05,4.9323e-05,4.9323e-05,1,1,1,1,1
6,60,6.4955e-05,1,6.4955e-05,6.4955e-05,6.4955e-05,1,1,1,1,1
6,60,4.5041e-05,1,4.5041e-05,4.5041e-05,4.5041e-05,1,1,1,1,1
6,60,4.8603e-05,1,4.8603e-05,4.8603e-05,4.8603e-05,1,1,1,1,1
6,60,7.3087e-05,1,7.3087e-05,7.3087e-05,7.3087e-05,1,1,1,1,1
6,60,5.0939e-05,1,5.0939e-05,5.0939e-05,5.0939e-05,1,1,1,1,1
6,60,5.051e-05,1,5.051e-05,5.051e-05,5.051e-05,1,1,1,1,1
6,60,5.4519e-05,1,5.4519e-05,5.4519e-05,5.4519e-05,1,1,1,1,1
6,60,4.3979e-05,1,4.3979e-05,4.3979e-05,4.3979e-05,1,1,1,1,1
6,60,5.0731e-05,1,5.0731e-05,5.0731e-05,5.0731e-05,1,1,1,1,1
6,60,0.000140766,1,0.000140766,0.000140766,0.000140766,5,1,5,5,5
6,60,5.6367e-05,1,5.6367e-05,5.6367e-05,5.6367e-05,1,1,1,1,1
6,60,4.9707e-05,1,4.9707e-05,4.9707e-05,4.9707e-05,1,1,1,1,1
6,60,8.7049e-05,1,8.7049e-05,8.7049e-05,8.7049e-05,3,1,3,3,3
6,60,6.1396e-05,1,6.1396e-05,6.1396e-05,6.1396e-05,1,1,1,1,1
6,60,5.1968e-05,1,5.1968e-05,5.1968e-05,5.1968e-05,1,1,1,1,1
6,60,8.7737e-05,1,8.7737e-05,8.7737e-05,8.7737e-05,3,1,3,3,3
6,60,7.4857e-05,1,7.4857e-05,7.4857e-05,7.4857e-05,1,1,1,1,1
6,60,4.6726e-05,1,4.6726e-05,4.6726e-05,4.6726e-05,1,1,1,1,1
6,60,4.471e-05,1,4.471e-05,4.471e-05,4.471e-05,1,1,1,1,1
6,60,4.9119e-05,1,4.9119e-05,4.9119e-05,4.9119e-05,1,1,1,1,1
6,60,5.9652e-05,1,5.9652e-05,5.9652e-05,5.9652e-05,1,1,1,1,1
6,60,5.0988e-05,1,5.0988e-05,5.0988e-05,5.0988e-05,1,1,1,1,1
6,60,5.8422e-05,1,5.8422e-05,5.8422e-05,5.8422e-05,1,1,1,1,1
6,60,5.7466e-05,1,5.7466e-05,5.7466e-05,5.7466e-05,1,1,1,1,1
6,60,7.4377e-05,1,7.4377e-05,7.4377e-05,7.4377e-05,1,1,1,1,1
6,60,4.9171e-05,1,4.9171e-05,4.9171e-05,4.9171e-05,1,1,1,1,1
6,60,4.6968e-05,1,4.6968e-05,4.6968e-05,4.6968e-05,1,1,1,1,1
6,60,4.629e-05,1,4.629e-05,4.629e-05,4.629e-05,1,1,1,1,1
6,60,4.9624e-05,1,4.9624e-05,4.9624e-05,4.9624e-05,1,1,1,1,1
6,60,5.6731e-05,1,5.6731e-05,5.6731e-05,5.6731e-05,1,1,1,1,1
6,60,4.9335e-05,1,4.9335e-05,4.9335e-05,4.9335e-05,1,1,1,1,1
6,60,4.655e-05,1,4.655e-05,4.655e-05,4.655e-05,1,1,1,1,1
6,60,5.4765e-05,1,5.4765e-05,5.4765e-05,5.4765e-05,1,1,1,1,1
6,60,5.0672e-05,1,5.0672e-05,5.0672e-05,5.0672e-05,1,1,1,1,1
6,60,4.4299e-05,1,4.4299e-05,4.4299e-05,4.4299e-05,1,1,1,1,1
6,60,9.6257e-05,1,9.6257e-05,9.6257e-05,9.6257e-05,1,1,1,1,1
6,60,5.7165e-05,1,5.7165e-05,5.7165e-05,5.7165e-05,1,1,1,1,1
6,60,6.314e-05,1,6.314e-05,6.314e-05,6.314e-05,1,1,1,1,1
6,60,4.9591e-05,1,4.9591e-05,4.9591e-05,4.9591e-05,1,1,1,1,1
6,60,4.8825e-05,1,4.8825e-05,4.8825e-05,4.8825e-05,1,1,1,1,1
6,60,5.2045e-05,1,5.2045e-05,5.2045e-05,5.2045e-05,1,1,1,1,1
6,60,4.5048e-05,1,4.5048e-05,4.5048e-05,4.5048e-05,1,1,1,1,1
6,60,4.122e-05,1,4.122e-05,4.122e-05,4.122e-05,1,1,1,1,1
6,60,4.2606e-05,1,4.2606e-05,4.2606e-05,4.2606e-05,1,1,1,1,1
6,60,4.5441e-05,1,4.5441e-05,4.5441e-05,4.5441e-05,1,1,1,1,1
6,60,4.8832e-05,1,4.8832e-05,4.8832e-05,4.8832e-05,1,1,1,1,1
6,60,5.3146e-05,1,5.3146e-05,5.3146e-05,5.3146e-05,1,1,1,1,1
6,60,5.7525e-05,1,5.7525e-05,5.7525e-05,5.7525e-05,1,1,1,1,1
6,60,4.9284e-05,1,4.9284e-05,4.9284e-05,4.9284e-05,1,1,1,1,1
6,60,5.1119e-05,1,5.1119e-05,5.1119e-05,5.1119e-05,1,1,1,1,1
6,60,0.000128856,1,0.000128856,0.000128856,0.000128856,3,1,3,3,3
6,60,3.7733e-05,1,3.7733e-05,3.7733e-05,3.7733e-05,1,1,1,1,1
6,60,4.7132e-05,1,4.7132e-05,4.7132e-05,4.7132e-05,1,1,1,1,1
6,60,7.0321e-05,1,7.0321e-05,7.0321e-05,7.0321e-05,1,1,1,1,1
6,60,4.966e-05,1,4.966e-05,4.966e-05,4.966e-05,1,1,1,1,1
6,60,5.8981e-05,1,5.8981e-05,5.8981e-05,5.8981e-05,1,1,1,1,1
6,60,5.3512e-05,1,5.3512e-05,5.3512e-05,5.3512e-05,1,1,1,1,1
6,60,4.6219e-05,1,4.6219e-05,4.6219e-05,4.6219e-05,1,1,1,1,1
6,60,6.3312e-05,1,6.3312e-05,6.3312e-05,6.3312e-05,1,1,1,1,1
6,60,5.9943e-05,1,5.9943e-05,5.9943e-05,5.9943e-05,1,1,1,1,1
6,60,9.7426e-05,1,9.7426e-05,9.7426e-05,9.7426e-05,1,1,1,1,1
6,60,7.3078e-05,1,7.3078e-05,7.3078e-05,7.3078e-05,1,1,1,1,1
6,60,9.0577e-05,1,9.0577e-05,9.0577e-05,9.0577e-05,1,1,1,1,1
6,60,0.000106609,1,0.000106609,0.000106609,0.000106609,3,1,3,3,3
6,60,6.9082e-05,1,6.9082e-05,6.9082e-05,6.9082e-05,1,1,1,1,1
6,60,7.5676e-05,1,7.5676e-05,7.5676e-05,7.5676e-05,1,1,1,1,1
6,60,5.4552e-05,1,5.4552e-05,5.4552e-05,5.4552e-05,1,1,1,1,1
6,60,9.6866e-05,1,9.6866e-05,9.6866e-05,9.6866e-05,1,1,1,1,1
6,60,0.000132656,1,0.000132656,0.000132656,0.000132656,1,1,1,1,1
6,60,5.1173e-05,1,5.1173e-05,5.1173e-05,5.1173e-05,1,1,1,1,1
6,60,5.96e-05,1,5.96e-05,5.96e-05,5.96e-05,1,1,1,1,1
6,60,3.9046e-05,1,3.9046e-05,3.9046e-05,3.9046e-05,1,1,1,1,1
6,60,5.7838e-05,1,5.7838e-05,5.7838e-05,5.7838e-05,1,1,1,1,1
6,60,6.5595e-05,1,6.5595e-05,6.5595e-05,6.5595e-05,1,1,1,1,1
6,60,5.7278e-05,1,5.7278e-05,5.7278e-05,5.7278e-05,1,1,1,1,1
6,60,4.5258e-05,1,4.5258e-05,4.5258e-05,4.5258e-05,1,1,1,1,1
6,60,8.9498e-05,1,8.9498e-05,8.9498e-05,8.9498e-05,1,1,1,1,1
6,60,4.9604e-05,1,4.9604e-05,4.9604e-05,4.9604e-05,1,1,1,1,1
6,60,7.7471e-05,1,7.7471e-05,7.7471e-05,7.7471e-05,1,1,1,1,1
6,60,6.1412e-05,1,6.1412e-05,6.1412e-05,6.1412e-05,1,1,1,1,1
6,60,5.3813e-05,1,5.3813e-05,5.3813e-05,5.3813e-05,1,1,1,1,1
6,60,5.4592e-05,1,5.4592e-05,5.4592e-05,5.4592e-05,1,1,1,1,1
6,60,4.6806e-05,1,4.6806e-05,4.6806e-05,4.6806e-05,1,1,1,1,1
6,60,8.3478e-05,1,8.3478e-05,8.3478e-05,8.3478e-05,1,1,1,1,1
6,60,6.5945e-05,1,6.5945e-05,6.5945e-05,6.5945e-05,1,1,1,1,1
6,60,4.5679e-05,1,4.5679e-05,4.5679e-05,4.5679e-05,1,1,1,1,1
6,60,0.000129478,1,0.000129478,0.000129478,0.000129478,3,1,3,3,3
6,60,4.976e-05,1,4.976e-05,4.976e-05,4.976e-05,1,1,1,1,1
6,60,4.4835e-05,1,4.4835e-05,4.4835e-05,4.4835e-05,1,1,1,1,1
6,60,0.000104431,1,0.000104431,0.000104431,0.000104431,3,1,3,3,3
6,60,4.7031e-05,1,4.7031e-05,4.7031e-05,4.7031e-05,1,1,1,1,1
6,60,4.4808e-05,1,4.4808e-05,4.4808e-05,4.4808e-05,1,1,1,1,1
6,60,3.947e-05,1,3.947e-05,3.947e-05,3.947e-05,1,1,1,1,1
6,60,5.3202e-05,1,5.3202e-05,5.3202e-05,5.3202e-05,1,1,1,1,1
6,60,4.9224e-05,1,4.9224e-05,4.9224e-05,4.9224e-05,1,1,1,1,1
6,60,5.0044e-05,1,5.0044e-05,5.0044e-05,5.0044e-05,1,1,1,1,1
6,60,4.9247e-05,1,4.9247e-05,4.9247e-05,4.9247e-05,1,1,1,1,1
6,60,5.0875e-05,1,5.0875e-05,5.0875e-05,5.0875e-05,1,1,1,1,1
6,60,5.6153e-05,1,5.6153e-05,5.6153e-05,5.6153e-05,1,1,1,1,1
6,60,0.000113572,1,0.000113572,0.000113572,0.000113572,3,1,3,3,3
6,60,3.7785e-05,1,3.7785e-05,3.7785e-05,3.7785e-05,1,1,1,1,1
6,60,0.000115399,1,0.000115399,0.000115399,0.000115399,1,1,1,1,1
6,60,6.3385e-05,1,6.3385e-05,6.3385e-05,6.3385e-05,1,1,1,1,1
6,60,3.6911e-05,1,3.6911e-05,3.6911e-05,3.6911e-05,1,1,1,1,1
6,60,4.6902e-05,1,4.6902e-05,4.6902e-05,4.6902e-05,1,1,1,1,1
6,60,7.6462e-05,1,7.6462e-05,7.6462e-05,7.6462e-05,1,1,1,1,1
6,60,4.4854e-05,1,4.4854e-05,4.4854e-05,4.4854e-05,1,1,1,1,1
6,60,4.9529e-05,1,4.9529e-05,4.9529e-05,4.9529e-05,1,1,1,1,1
6,60,4.9382e-05,1,4.9382e-05,4.9382e-05,4.9382e-05,1,1,1,1,1
6,60,5.5261e-05,1,5.5261e-05,5.5261e-05,5.5261e-05,1,1,1,1,1
6,60,0.000107657,1,0.000107657,0.000107657,0.000107657,1,1,1,1,1
6,60,5.7012e-05,1,5.7012e-05,5.7012e-05,5.7012e-05,1,1,1,1,1
6,60,6.751e-05,1,6.751e-05,6.751e-05,6.751e-05,1,1,1,1,1
6,60,5.6243e-05,1,5.6243e-05,5.6243e-05,5.6243e-05,1,1,1,1,1
6,60,5.7103e-05,1,5.7103e-05,5.7103e-05,5.7103e-05,1,1,1,1,1
6,60,5.4425e-05,1,5.4425e-05,5.4425e-05,5.4425e-05,1,1,1,1,1
6,60,4.9149e-05,1,4.9149e-05,4.9149e-05,4.9149e-05,1,1,1,1,1
6,60,9.0394e-05,1,9.0394e-05,9.0394e-05,9.0394e-05,1,1,1,1,1
6,60,4.7524e-05,1,4.7524e-05,4.7524e-05,4.7524e-05,1,1,1,1,1
6,60,5.8259e-05,1,5.8259e-05,5.8259e-05,5.8259e-05,1,1,1,1,1
6,60,7.2156e-05,1,7.2156e-05,7.2156e-05,7.2156e-05,1,1,1,1,1
6,60,4.7418e-05,1,4.7418e-05,4.7418e-05,4.7418e-05,1,1,1,1,1
6,60,5.1773e-05,1,5.1773e-05,5.1773e-05,5.1773e-05,1,1,1,1,1
6,60,4.8585e-05,1,4.8585e-05,4.8585e-05,4.8585e-05,1,1,1,1,1
6,60,4.6641e-05,1,4.6641e-05,4.6641e-05,4.6641e-05,1,1,1,1,1
6,60,5.5694e-05,1,5.5694e-05,5.5694e-05,5.5694e-05,1,1,1,1,1
6,60,5.1819e-05,1,5.1819e-05,5.1819e-05,5.1819e-05,1,1,1,1,1
6,60,4.7515e-05,1,4.7515e-05,4.7515e-05,4.7515e-05,1,1,1,1,1
6,60,8.0231e-05,1,8.0231e-05,8.0231e-05,8.0231e-05,1,1,1,1,1
6,60,9.2931e-05,1,9.2931e-05,9.2931e-05,9.2931e-05,1,1,1,1,1
6,60,3.7114e-05,1,3.7114e-05,3.7114e-05,3.7114e-05,1,1,1,1,1
6,60,5.6993e-05,1,5.6993e-05,5.6993e-05,5.6993e-05,1,1,1,1,1
6,60,8.8386e-05,1,8.8386e-05,8.8386e-05,8.8386e-05,1,1,1,1,1
6,60,3.9642e-05,1,3.9642e-05,3.9642e-05,3.9642e-05,1,1,1,1,1
6,60,5.8535e-05,1,5.8535e-05,5.8535e-05,5.8535e-05,1,1,1,1,1
6,60,5.445e-05,1,5.445e-05,5.445e-05,5.445e-05,1,1,1,1,1
6,60,8.8175e-05,1,8.8175e-05,8.8175e-05,8.8175e-05,1,1,1,1,1
6,60,4.5149e-05,1,4.5149e-05,4.5149e-05,4.5149e-05,1,1,1,1,1
6,60,4.4273e-05,1,4.4273e-05,4.4273e-05,4.4273e-05,1,1,1,1,1
6,60,5.026e-05,1,5.026e-05,5.026e-05,5.026e-05,1,1,1,1,1
6,60,4.8857e-05,1,4.8857e-05,4.8857e-05,4.8857e-05,1,1,1,1,1
6,60,7.1754e-05,1,7.1754e-05,7.1754e-05,7.1754e-05,1,1,1,1,1
6,60,8.1156e-05,1,8.1156e-05,8.1156e-05,8.1156e-05,1,1,1,1,1
6,60,5.5654e-05,1,5.5654e-05,5.5654e-05,5.5654e-05,1,1,1,1,1
6,60,7.1743e-05,1,7.1743e-05,7.1743e-05,7.1743e-05,1,1,1,1,1
6,60,4.6853e-05,1,4.6853e-05,4.6853e-05,4.6853e-05,1,1,1,1,1
6,60,0.0001112,1,0.0001112,0.0001112,0.0001112,1,1,1,1,1
6,60,6.5898e-05,1,6.5898e-05,6.5898e-05,6.5898e-05,1,1,1,1,1
6,60,8.1175e-05,1,8.1175e-05,8.1175e-05,8.1175e-05,1,1,1,1,1
6,60,4.8249e-05,1,4.8249e-05,4.8249e-05,4.8249e-05,1,1,1,1,1
6,60,0.000133242,1,0.000133242,0.000133242,0.000133242,3,1,3,3,3
6,60,5.5316e-05,1,5.5316e-05,5.5316e-05,5.5316e-05,1,1,1,1,1
6,60,4.6913e-05,1,4.6913e-05,4.6913e-05,4.6913e-05,1,1,1,1,1
6,60,3.9182e-05,1,3.9182e-05,3.9182e-05,3.9182e-05,1,1,1,1,1
6,60,5.9208e-05,1,5.9208e-05,5.9208e-05,5.9208e-05,1,1,1,1,1
6,60,4.487e-05,1,4.487e-05,4.487e-05,4.487e-05,1,1,1,1,1
6,60,6.1984e-05,1,6.1984e-05,6.1984e-05,6.1984e-05,1,1,1,1,1
6,60,5.555e-05,1,5.555e-05,5.555e-05,5.555e-05,1,1,1,1,1
6,60,4.6249e-05,1,4.6249e-05,4.6249e-05,4.6249e-05,1,1,1,1,1
6,60,4.9747e-05,1,4.9747e-05,4.9747e-05,4.9747e-05,1,1,1,1,1
6,60,7.7354e-05,1,7.7354e-05,7.7354e-05,7.7354e-05,1,1,1,1,1
6,60,4.4304e-05,1,4.4304e-05,4.4304e-05,4.4304e-05,1,1,1,1,1
6,60,0.000103433,1,0.000103433,0.000103433,0.000103433,3,1,3,3,3
6,60,6.1513e-05,1,6.1513e-05,6.1513e-05,6.1513e-05,1,1,1,1,1
6,60,5.7448e-05,1,5.7448e-05,5.7448e-05,5.7448e-05,1,1,1,1,1
6,60,5.1139e-05,1,5.1139e-05,5.1139e-05,5.1139e-05,1,1,1,1,1
6,60,4.6605e-05,1,4.6605e-05,4.6605e-05,4.6605e-05,1,1,1,1,1
6,60,3.9189e-05,1,3.9189e-05,3.9189e-05,3.9189e-05,1,1,1,1,1
6,60,5.1769e-05,1,5.1769e-05,5.1769e-05,5.1769e-05,1,1,1,1,1
6,60,5.7478e-05,1,5.7478e-05,5.7478e-05,5.7478e-05,1,1,1,1,1
6,60,5.1685e-05,1,5.1685e-05,5.1685e-05,5.1685e-05,1,1,1,1,1
6,60,4.9241e-05,1,4.9241e-05,4.9241e-05,4.9241e-05,1,1,1,1,1
6,60,4.6314e-05,1,4.6314e-05,4.6314e-05,4.6314e-05,1,1,1,1,1
6,60,6.7368e-05,1,6.7368e-05,6.7368e-05,6.7368e-05,1,1,1,1,1
6,60,3.9148e-05,1,3.9148e-05,3.9148e-05,3.9148e-05,1,1,1,1,1
6,60,4.5908e-05,1,4.5908e-05,4.5908e-05,4.5908e-05,1,1,1,1,1
6,60,4.9646e-05,1,4.9646e-05,4.9646e-05,4.9646e-05,1,1,1,1,1
6,60,3.9195e-05,1,3.9195e-05,3.9195e-05,3.9195e-05,1,1,1,1,1
6,60,3.5509e-05,1,3.5509e-05,3.5509e-05,3.5509e-05,1,1,1,1,1
6,60,4.9983e-05,1,4.9983e-05,4.9983e-05,4.9983e-05,1,1,1,1,1
6,60,4.1463e-05,1,4.1463e-05,4.1463e-05,4.1463e-05,1,1,1,1,1
6,60,4.9484e-05,1,4.9484e-05,4.9484e-05,4.9484e-05,1,1,1,1,1
6,60,5.9433e-05,1,5.9433e-05,5.9433e-05,5.9433e-05,1,1,1,1,1
6,60,7.5555e-05,1,7.5555e-05,7.5555e-05,7.5555e-05,1,1,1,1,1
6,60,5.3968e-05,1,5.3968e-05,5.3968e-05,5.3968e-05,1,1,1,1,1
6,60,0.000216719,1,0.000216719,0.000216719,0.000216719,9,1,9,9,9
6,60,4.8663e-05,1,4.8663e-05,4.8663e-05,4.8663e-05,1,1,1,1,1
6,60,7.6994e-05,1,7.6994e-05,7.6994e-05,7.6994e-05,1,1,1,1,1
6,60,5.0299e-05,1,5.0299e-05,5.0299e-05,5.0299e-05,1,1,1,1,1
6,60,4.6753e-05,1,4.6753e-05,4.6753e-05,4.6753e-05,1,1,1,1,1
6,60,8.3684e-05,1,8.3684e-05,8.3684e-05,8.3684e-05,1,1,1,1,1
6,60,9.4299e-05,1,9.4299e-05,9.4299e-05,9.4299e-05,1,1,1,1,1
6,60,4.6736e-05,1,4.6736e-05,4.6736e-05,4.6736e-05,1,1,1,1,1
6,60,5.21e-05,1,5.21e-05,5.21e-05,5.21e-05,1,1,1,1,1
6,60,5.2822e-05,1,5.2822e-05,5.2822e-05,5.2822e-05,1,1,1,1,1
6,60,5.0789e-05,1,5.0789e-05,5.0789e-05,5.0789e-05,1,1,1,1,1
6,60,5.208e-05,1,5.208e-05,5.208e-05,5.208e-05,1,1,1,1,1
6,60,5.3375e-05,1,5.3375e-05,5.3375e-05,5.3375e-05,1,1,1,1,1
6,60,7.6166e-05,1,7.6166e-05,7.6166e-05,7.6166e-05,1,1,1,1,1
6,60,4.8939e-05,1,4.8939e-05,4.8939e-05,4.8939e-05,1,1,1,1,1
6,60,4.9988e-05,1,4.9988e-05,4.9988e-05,4.9988e-05,1,1,1,1,1
6,60,4.6961e-05,1,4.6961e-05,4.6961e-05,4.6961e-05,1,1,1,1,1
6,60,4.9e-05,1,4.9e-05,4.9e-05,4.9e-05,1,1,1,1,1
6,60,9.2993e-05,1,9.2993e-05,9.2993e-05,9.2993e-05,1,1,1,1,1
6,60,5.4106e-05,1,5.4106e-05,5.4106e-05,5.4106e-05,1,1,1,1,1
6,60,5.6057e-05,1,5.6057e-05,5.6057e-05,5.6057e-05,1,1,1,1,1
6,60,6.311e-05,1,6.311e-05,6.311e-05,6.311e-05,1,1,1,1,1
6,60,4.7517e-05,1,4.7517e-05,4.7517e-05,4.7517e-05,1,1,1,1,1
6,60,8.6878e-05,1,8.6878e-05,8.6878e-05,8.6878e-05,3,1,3,3,3
6,60,5.2641e-05,1,5.2641e-05,5.2641e-05,5.2641e-05,1,1,1,1,1
6,60,5.6027e-05,1,5.6027e-05,5.6027e-05,5.6027e-05,1,1,1,1,1
6,60,4.3772e-05,1,4.3772e-05,4.3772e-05,4.3772e-05,1,1,1,1,1
6,60,5.94e-05,1,5.94e-05,5.94e-05,5.94e-05,1,1,1,1,1
6,60,5.541e-05,1,5.541e-05,5.541e-05,5.541e-05,1,1,1,1,1
6,60,4.8426e-05,1,4.8426e-05,4.8426e-05,4.8426e-05,1,1,1,1,1
6,60,5.5604e-05,1,5.5604e-05,5.5604e-05,5.5604e-05,1,1,1,1,1
6,60,5.7667e-05,1,5.7667e-05,5.7667e-05,5.7667e-05,1,1,1,1,1
6,60,6.0902e-05,1,6.0902e-05,6.0902e-05,6.0902e-05,1,1,1,1,1
6,60,4.6525e-05,1,4.6525e-05,4.6525e-05,4.6525e-05,1,1,1,1,1
6,60,4.6777e-05,1,4.6777e-05,4.6777e-05,4.6777e-05,1,1,1,1,1
6,60,4.9884e-05,1,4.9884e-05,4.9884e-05,4.9884e-05,1,1,1,1,1
6,60,0.000108363,1,0.000108363,0.000108363,0.000108363,3,1,3,3,3
6,60,5.3407e-05,1,5.3407e-05,5.3407e-05,5.3407e-05,1,1,1,1,1
6,60,6.1181e-05,1,6.1181e-05,6.1181e-05,6.1181e-05,1,1,1,1,1
6,60,4.9264e-05,1,4.9264e-05,4.9264e-05,4.9264e-05,1,1,1,1,1
6,60,4.8483e-05,1,4.8483e-05,4.8483e-05,4.8483e-05,1,1,1,1,1
6,60,5.1706e-05,1,5.1706e-05,5.1706e-05,5.1706e-05,1,1,1,1,1
6,60,4.9012e-05,1,4.9012e-05,4.9012e-05,4.9012e-05,1,1,1,1,1
6,60,5.5803e-05,1,5.5803e-05,5.5803e-05,5.5803e-05,1,1,1,1,1
6,60,6.1925e-05,1,6.1925e-05,6.1925e-05,6.1925e-05,1,1,1,1,1
6,60,4.6434e-05,1,4.6434e-05,4.6434e-05,4.6434e-05,1,1,1,1,1
6,60,4.6698e-05,1,4.6698e-05,4.6698e-05,4.6698e-05,1,1,1,1,1
6,60,4.5333e-05,1,4.5333e-05,4.5333e-05,4.5333e-05,1,1,1,1,1
6,60,0.000110021,1,0.000110021,0.000110021,0.000110021,1,1,1,1,1
6,60,4.2925e-05,1,4.2925e-05,4.2925e-05,4.2925e-05,1,1,1,1,1
6,60,6.4893e-05,1,6.4893e-05,6.4893e-05,6.4893e-05,1,1,1,1,1
6,60,9.3221e-05,1,9.3221e-05,9.3221e-05,9.3221e-05,1,1,1,1,1
6,60,5.9488e-05,1,5.9488e-05,5.9488e-05,5.9488e-05,1,1,1,1,1
6,60,4.7056e-05,1,4.7056e-05,4.7056e-05,4.7056e-05,1,1,1,1,1
6,60,5.2221e-05,1,5.2221e-05,5.2221e-05,5.2221e-05,1,1,1,1,1
6,60,9.5395e-05,1,9.5395e-05,9.5395e-05,9.5395e-05,1,1,1,1,1
6,60,4.6764e-05,1,4.6764e-05,4.6764e-05,4.6764e-05,1,1,1,1,1
6,60,4.8562e-05,1,4.8562e-05,4.8562e-05,4.8562e-05,1,1,1,1,1
6,60,6.3258e-05,1,6.3258e-05,6.3258e-05,6.3258e-05,1,1,1,1,1
6,60,0.000128207,1,0.000128207,0.000128207,0.000128207,3,1,3,3,3
6,60,5.308e-05,1,5.308e-05,5.308e-05,5.308e-05,1,1,1,1,1
6,60,4.8404e-05,1,4.8404e-05,4.8404e-05,4.8404e-05,1,1,1,1,1
6,60,4.3165e-05,1,4.3165e-05,4.3165e-05,4.3165e-05,1,1,1,1,1
6,60,5.2978e-05,1,5.2978e-05,5.2978e-05,5.2978e-05,1,1,1,1,1
6,60,5.3222e-05,1,5.3222e-05,5.3222e-05,5.3222e-05,1,1,1,1,1
6,60,0.000108207,1,0.000108207,0.000108207,0.000108207,3,1,3,3,3
6,60,4.9032e-05,1,4.9032e-05,4.9032e-05,4.9032e-05,1,1,1,1,1
6,60,5.384e-05,1,5.384e-05,5.384e-05,5.384e-05,1,1,1,1,1
6,60,5.5741e-05,1,5.5741e-05,5.5741e-05,5.5741e-05,1,1,1,1,1
6,60,0.0001074,1,0.0001074,0.0001074,0.0001074,3,1,3,3,3
6,60,5.5477e-05,1,5.5477e-05,5.5477e-05,5.5477e-05,1,1,1,1,1
6,60,5.7332e-05,1,5.7332e-05,5.7332e-05,5.7332e-05,1,1,1,1,1
6,60,7.33e-05,1,7.33e-05,7.33e-05,7.33e-05,1,1,1,1,1
6,60,6.1051e-05,1,6.1051e-05,6.1051e-05,6.1051e-05,1,1,1,1,1
6,60,4.8598e-05,1,4.8598e-05,4.8598e-05,4.8598e-05,1,1,1,1,1
6,60,4.3452e-05,1,4.3452e-05,4.3452e-05,4.3452e-05,1,1,1,1,1
6,60,5.6255e-05,1,5.6255e-05,5.6255e-05,5.6255e-05,1,1,1,1,1
6,60,4.8894e-05,1,4.8894e-05,4.8894e-05,4.8894e-05,1,1,1,1,1
6,60,4.5542e-05,1,4.5542e-05,4.5542e-05,4.5542e-05,1,1,1,1,1
6,60,4.7337e-05,1,4.7337e-05,4.7337e-05,4.7337e-05,1,1,1,1,1
6,60,0.000148245,1,0.000148245,0.000148245,0.000148245,5,1,5,5,5
6,60,3.9537e-05,1,3.9537e-05,3.9537e-05,3.9537e-05,1,1,1,1,1
6,60,4.6091e-05,1,4.6091e-05,4.6091e-05,4.6091e-05,1,1,1,1,1
6,60,5.249e-05,1,5.249e-05,5.249e-05,5.249e-05,1,1,1,1,1
6,60,5.9123e-05,1,5.9123e-05,5.9123e-05,5.9123e-05,1,1,1,1,1
6,60,5.7225e-05,1,5.7225e-05,5.7225e-05,5.7225e-05,1,1,1,1,1
6,60,6.3501e-05,1,6.3501e-05,6.3501e-05,6.3501e-05,1,1,1,1,1
6,60,3.5897e-05,1,3.5897e-05,3.5897e-05,3.5897e-05,1,1,1,1,1
6,60,4.8996e-05,1,4.8996e-05,4.8996e-05,4.8996e-05,1,1,1,1,1
6,60,0.000135002,1,0.000135002,0.000135002,0.000135002,3,1,3,3,3
6,60,5.6919e-05,1,5.6919e-05,5.6919e-05,5.6919e-05,1,1,1,1,1
6,60,7.5124e-05,1,7.5124e-05,7.5124e-05,7.5124e-05,1,1,1,1,1
6,60,6.7515e-05,1,6.7515e-05,6.7515e-05,6.7515e-05,1,1,1,1,1
6,60,9.0136e-05,1,9.0136e-05,9.0136e-05,9.0136e-05,1,1,1,1,1
6,60,5.8385e-05,1,5.8385e-05,5.8385e-05,5.8385e-05,1,1,1,1,1
6,60,4.7115e-05,1,4.7115e-05,4.7115e-05,4.7115e-05,1,1,1,1,1
6,60,0.000139636,1,0.000139636,0.000139636,0.000139636,5,1,5,5,5
6,60,5.8015e-05,1,5.8015e-05,5.8015e-05,5.8015e-05,1,1,1,1,1
6,60,8.1599e-05,1,8.1599e-05,8.1599e-05,8.1599e-05,1,1,1,1,1
6,60,4.721e-05,1,4.721e-05,4.721e-05,4.721e-05,1,1,1,1,1
6,60,4.6839e-05,1,4.6839e-05,4.6839e-05,4.6839e-05,1,1,1,1,1
6,60,5.8708e-05,1,5.8708e-05,5.8708e-05,5.8708e-05,1,1,1,1,1
6,60,9.073e-05,1,9.073e-05,9.073e-05,9.073e-05,1,1,1,1,1
6,60,4.6743e-05,1,4.6743e-05,4.6743e-05,4.6743e-05,1,1,1,1,1
6,60,8.9992e-05,1,8.9992e-05,8.9992e-05,8.9992e-05,1,1,1,1,1
6,60,0.000149177,1,0.000149177,0.000149177,0.000149177,5,1,5,5,5
6,60,0.000103196,1,0.000103196,0.000103196,0.000103196,3,1,3,3,3
6,60,6.505e-05,1,6.505e-05,6.505e-05,6.505e-05,1,1,1,1,1
6,60,5.2814e-05,1,5.2814e-05,5.2814e-05,5.2814e-05,1,1,1,1,1
6,60,4.8468e-05,1,4.8468e-05,4.8468e-05,4.8468e-05,1,1,1,1,1
6,60,4.7465e-05,1,4.7465e-05,4.7465e-05,4.7465e-05,1,1,1,1,1
6,60,7.5117e-05,1,7.5117e-05,7.5117e-05,7.5117e-05,1,1,1,1,1
6,60,5.8019e-05,1,5.8019e-05,5.8019e-05,5.8019e-05,1,1,1,1,1
6,60,5.0773e-05,1,5.0773e-05,5.0773e-05,5.0773e-05,1,1,1,1,1
6,60,6.5585e-05,1,6.5585e-05,6.5585e-05,6.5585e-05,1,1,1,1,1
6,60,4.8846e-05,1,4.8846e-05,4.8846e-05,4.8846e-05,1,1,1,1,1
6,60,4.8645e-05,1,4.8645e-05,4.8645e-05,4.8645e-05,1,1,1,1,1
6,60,6.6552e-05,1,6.6552e-05,6.6552e-05,6.6552e-05,1,1,1,1,1
6,60,4.9354e-05,1,4.9354e-05,4.9354e-05,4.9354e-05,1,1,1,1,1
6,60,6.2145e-05,1,6.2145e-05,6.2145e-05,6.2145e-05,1,1,1,1,1
6,60,0.000104665,1,0.000104665,0.000104665,0.000104665,3,1,3,3,3
6,60,5.7371e-05,1,5.7371e-05,5.7371e-05,5.7371e-05,1,1,1,1,1
6,60,5.4192e-05,1,5.4192e-05,5.4192e-05,5.4192e-05,1,1,1,1,1
6,60,5.0898e-05,1,5.0898e-05,5.0898e-05,5.0898e-05,1,1,1,1,1
6,60,5.82e-05,1,5.82e-05,5.82e-05,5.82e-05,1,1,1,1,1
6,60,8.6436e-05,1,8.6436e-05,8.6436e-05,8.6436e-05,1,1,1,1,1
6,60,5.6058e-05,1,5.6058e-05,5.6058e-05,5.6058e-05,1,1,1,1,1
6,60,7.1713e-05,1,7.1713e-05,7.1713e-05,7.1713e-05,1,1,1,1,1
6,60,5.9233e-05,1,5.9233e-05,5.9233e-05,5.9233e-05,1,1,1,1,1
6,60,5.2247e-05,1,5.2247e-05,5.2247e-05,5.2247e-05,1,1,1,1,1
6,60,4.9097e-05,1,4.9097e-05,4.9097e-05,4.9097e-05,1,1,1,1,1
6,60,5.5334e-05,1,5.5334e-05,5.5334e-05,5.5334e-05,1,1,1,1,1
6,60,5.2818e-05,1,5.2818e-05,5.2818e-05,5.2818e-05,1,1,1,1,1
6,60,0.000160988,1,0.000160988,0.000160988,0.000160988,3,1,3,3,3
6,60,6.6791e-05,1,6.6791e-05,6.6791e-05,6.6791e-05,1,1,1,1,1
6,60,5.1422e-05,1,5.1422e-05,5.1422e-05,5.1422e-05,1,1,1,1,1
6,60,5.0097e-05,1,5.0097e-05,5.0097e-05,5.0097e-05,1,1,1,1,1
6,60,5.4162e-05,1,5.4162e-05,5.4162e-05,5.4162e-05,1,1,1,1,1
6,60,4.8907e-05,1,4.8907e-05,4.8907e-05,4.8907e-05,1,1,1,1,1
6,60,7.3692e-05,1,7.3692e-05,7.3692e-05,7.3692e-05,1,1,1,1,1
6,60,5.3402e-05,1,5.3402e-05,5.3402e-05,5.3402e-05,1,1,1,1,1
6,60,8.2596e-05,1,8.2596e-05,8.2596e-05,8.2596e-05,1,1,1,1,1
6,60,4.9163e-05,1,4.9163e-05,4.9163e-05,4.9163e-05,1,1,1,1,1
6,60,4.0803e-05,1,4.0803e-05,4.0803e-05,4.0803e-05,1,1,1,1,1
6,60,4.9983e-05,1,4.9983e-05,4.9983e-05,4.9983e-05,1,1,1,1,1
6,60,4.5053e-05,1,4.5053e-05,4.5053e-05,4.5053e-05,1,1,1,1,1
6,60,4.5204e-05,1,4.5204e-05,4.5204e-05,4.5204e-05,1,1,1,1,1
6,60,6.3808e-05,1,6.3808e-05,6.3808e-05,6.3808e-05,1,1,1,1,1
6,60,6.5251e-05,1,6.5251e-05,6.5251e-05,6.5251e-05,1,1,1,1,1
6,60,4.5143e-05,1,4.5143e-05,4.5143e-05,4.5143e-05,1,1,1,1,1
6,60,6.2037e-05,1,6.2037e-05,6.2037e-05,6.2037e-05,1,1,1,1,1
6,60,4.9199e-05,1,4.9199e-05,4.9199e-05,4.9199e-05,1,1,1,1,1
6,60,6.8941e-05,1,6.8941e-05,6.8941e-05,6.8941e-05,1,1,1,1,1
6,60,4.6593e-05,1,4.6593e-05,4.6593e-05,4.6593e-05,1,1,1,1,1
6,60,5.8205e-05,1,5.8205e-05,5.8205e-05,5.8205e-05,1,1,1,1,1
6,60,6.812e-05,1,6.812e-05,6.812e-05,6.812e-05,1,1,1,1,1
6,60,5.1548e-05,1,5.1548e-05,5.1548e-05,5.1548e-05,1,1,1,1,1
6,60,5.9204e-05,1,5.9204e-05,5.9204e-05,5.9204e-05,1,1,1,1,1
6,60,4.9421e-05,1,4.9421e-05,4.9421e-05,4.9421e-05,1,1,1,1,1
6,60,5.5398e-05,1,5.5398e-05,5.5398e-05,5.5398e-05,1,1,1,1,1
6,60,5.942e-05,1,5.942e-05,5.942e-05,5.942e-05,1,1,1,1,1
6,60,4.5577e-05,1,4.5577e-05,4.5577e-05,4.5577e-05,1,1,1,1,1
6,60,7.0749e-05,1,7.0749e-05,7.0749e-05,7.0749e-05,1,1,1,1,1
6,60,0.000128588,1,0.000128588,0.000128588,0.000128588,3,1,3,3,3
6,60,5.7177e-05,1,5.7177e-05,5.7177e-05,5.7177e-05,1,1,1,1,1
6,60,5.8182e-05,1,5.8182e-05,5.8182e-05,5.8182e-05,1,1,1,1,1
6,60,5.4272e-05,1,5.4272e-05,5.4272e-05,5.4272e-05,1,1,1,1,1
6,60,5.0282e-05,1,5.0282e-05,5.0282e-05,5.0282e-05,1,1,1,1,1
6,60,4.9114e-05,1,4.9114e-05,4.9114e-05,4.9114e-05,1,1,1,1,1
6,60,5.1388e-05,1,5.1388e-05,5.1388e-05,5.1388e-05,1,1,1,1,1
6,60,4.6382e-05,1,4.6382e-05,4.6382e-05,4.6382e-05,1,1,1,1,1
6,60,5.3521e-05,1,5.3521e-05,5.3521e-05,5.3521e-05,1,1,1,1,1
6,60,5.7422e-05,1,5.7422e-05,5.7422e-05,5.7422e-05,1,1,1,1,1
6,60,5.554e-05,1,5.554e-05,5.554e-05,5.554e-05,1,1,1,1,1
6,60,5.8198e-05,1,5.8198e-05,5.8198e-05,5.8198e-05,1,1,1,1,1
6,60,8.6815e-05,1,8.6815e-05,8.6815e-05,8.6815e-05,1,1,1,1,1
6,60,5.3428e-05,1,5.3428e-05,5.3428e-05,5.3428e-05,1,1,1,1,1
6,60,8.1947e-05,1,8.1947e-05,8.1947e-05,8.1947e-05,1,1,1,1,1
6,60,6.9886e-05,1,6.9886e-05,6.9886e-05,6.9886e-05,1,1,1,1,1
6,60,7.7082e-05,1,7.7082e-05,7.7082e-05,7.7082e-05,1,1,1,1,1
6,60,5.1621e-05,1,5.1621e-05,5.1621e-05,5.1621e-05,1,1,1,1,1
6,60,5.3396e-05,1,5.3396e-05,5.3396e-05,5.3396e-05,1,1,1,1,1
6,60,4.8186e-05,1,4.8186e-05,4.8186e-05,4.8186e-05,1,1,1,1,1
6,60,4.7628e-05,1,4.7628e-05,4.7628e-05,4.7628e-05,1,1,1,1,1
6,60,4.8922e-05,1,4.8922e-05,4.8922e-05,4.8922e-05,1,1,1,1,1
6,60,4.8798e-05,1,4.8798e-05,4.8798e-05,4.8798e-05,1,1,1,1,1
6,60,3.9038e-05,1,3.9038e-05,3.9038e-05,3.9038e-05,1,1,1,1,1
6,60,5.3134e-05,1,5.3134e-05,5.3134e-05,5.3134e-05,1,1,1,1,1
6,60,5.0797e-05,1,5.0797e-05,5.0797e-05,5.0797e-05,1,1,1,1,1
6,60,5.6465e-05,1,5.6465e-05,5.6465e-05,5.6465e-05,1,1,1,1,1
6,60,0.000128891,1,0.000128891,0.000128891,0.000128891,3,1,3,3,3
6,60,5.2596e-05,1,5.2596e-05,5.2596e-05,5.2596e-05,1,1,1,1,1
6,60,6.8291e-05,1,6.8291e-05,6.8291e-05,6.8291e-05,1,1,1,1,1
6,60,6.2464e-05,1,6.2464e-05,6.2464e-05,6.2464e-05,1,1,1,1,1
6,60,5.7455e-05,1,5.7455e-05,5.7455e-05,5.7455e-05,1,1,1,1,1
6,60,5.6921e-05,1,5.6921e-05,5.6921e-05,5.6921e-05,1,1,1,1,1
6,60,6.5712e-05,1,6.5712e-05,6.5712e-05,6.5712e-05,1,1,1,1,1
6,60,5.8594e-05,1,5.8594e-05,5.8594e-05,5.8594e-05,1,1,1,1,1
6,60,5.743e-05,1,5.743e-05,5.743e-05,5.743e-05,1,1,1,1,1
6,60,4.7405e-05,1,4.7405e-05,4.7405e-05,4.7405e-05,1,1,1,1,1
6,60,6.0497e-05,1,6.0497e-05,6.0497e-05,6.0497e-05,1,1,1,1,1
6,60,6.1316e-05,1,6.1316e-05,6.1316e-05,6.1316e-05,1,1,1,1,1
6,60,4.6327e-05,1,4.6327e-05,4.6327e-05,4.6327e-05,1,1,1,1,1
6,60,9.3491e-05,1,9.3491e-05,9.3491e-05,9.3491e-05,1,1,1,1,1
6,60,4.4368e-05,1,4.4368e-05,4.4368e-05,4.4368e-05,1,1,1,1,1
6,60,5.1619e-05,1,5.1619e-05,5.1619e-05,5.1619e-05,1,1,1,1,1
6,60,4.5536e-05,1,4.5536e-05,4.5536e-05,4.5536e-05,1,1,1,1,1
6,60,0.000108865,1,0.000108865,0.000108865,0.000108865,3,1,3,3,3
6,60,4.979e-05,1,4.979e-05,4.979e-05,4.979e-05,1,1,1,1,1
6,60,4.5764e-05,1,4.5764e-05,4.5764e-05,4.5764e-05,1,1,1,1,1
6,60,5.1293e-05,1,5.1293e-05,5.1293e-05,5.1293e-05,1,1,1,1,1
6,60,5.2428e-05,1,5.2428e-05,5.2428e-05,5.2428e-05,1,1,1,1,1
6,60,4.2721e-05,1,4.2721e-05,4.2721e-05,4.2721e-05,1,1,1,1,1
6,60,4.7534e-05,1,4.7534e-05,4.7534e-05,4.7534e-05,1,1,1,1,1
6,60,7.5392e-05,1,7.5392e-05,7.5392e-05,7.5392e-05,1,1,1,1,1
6,60,5.3525e-05,1,5.3525e-05,5.3525e-05,5.3525e-05,1,1,1,1,1
6,60,8.1536e-05,1,8.1536e-05,8.1536e-05,8.1536e-05,1,1,1,1,1
6,60,5.2076e-05,1,5.2076e-05,5.2076e-05,5.2076e-05,1,1,1,1,1
6,60,5.7711e-05,1,5.7711e-05,5.7711e-05,5.7711e-05,1,1,1,1,1
6,60,4.8247e-05,1,4.8247e-05,4.8247e-05,4.8247e-05,1,1,1,1,1
6,60,5.529e-05,1,5.529e-05,5.529e-05,5.529e-05,1,1,1,1,1
6,60,8.9499e-05,1,8.9499e-05,8.9499e-05,8.9499e-05,1,1,1,1,1
6,60,4.7423e-05,1,4.7423e-05,4.7423e-05,4.7423e-05,1,1,1,1,1
6,60,7.6848e-05,1,7.6848e-05,7.6848e-05,7.6848e-05,1,1,1,1,1
6,60,5.9383e-05,1,5.9383e-05,5.9383e-05,5.9383e-05,1,1,1,1,1
6,60,7.3034e-05,1,7.3034e-05,7.3034e-05,7.3034e-05,1,1,1,1,1
6,60,4.4402e-05,1,4.4402e-05,4.4402e-05,4.4402e-05,1,1,1,1,1
6,60,6.1566e-05,1,6.1566e-05,6.1566e-05,6.1566e-05,1,1,1,1,1
6,60,4.6967e-05,1,4.6967e-05,4.6967e-05,4.6967e-05,1,1,1,1,1
6,60,6.0179e-05,1,6.0179e-05,6.0179e-05,6.0179e-05,1,1,1,1,1
6,60,9.4813e-05,1,9.4813e-05,9.4813e-05,9.4813e-05,1,1,1,1,1
6,60,5.6464e-05,1,5.6464e-05,5.6464e-05,5.6464e-05,1,1,1,1,1
6,60,4.8532e-05,1,4.8532e-05,4.8532e-05,4.8532e-05,1,1,1,1,1
6,60,6.955e-05,1,6.955e-05,6.955e-05,6.955e-05,1,1,1,1,1
6,60,5.2406e-05,1,5.2406e-05,5.2406e-05,5.2406e-05,1,1,1,1,1
6,60,5.1049e-05,1,5.1049e-05,5.1049e-05,5.1049e-05,1,1,1,1,1
6,60,6.297e-05,1,6.297e-05,6.297e-05,6.297e-05,1,1,1,1,1
6,60,6.1228e-05,1,6.1228e-05,6.1228e-05,6.1228e-05,1,1,1,1,1
6,60,3.7531e-05,1,3.7531e-05,3.7531e-05,3.7531e-05,1,1,1,1,1
6,60,5.1822e-05,1,5.1822e-05,5.1822e-05,5.1822e-05,1,1,1,1,1
6,60,7.2966e-05,1,7.2966e-05,7.2966e-05,7.2966e-05,1,1,1,1,1
6,60,5.2714e-05,1,5.2714e-05,5.2714e-05,5.2714e-05,1,1,1,1,1
6,60,4.8988e-05,1,4.8988e-05,4.8988e-05,4.8988e-05,1,1,1,1,1
6,60,5.9953e-05,1,5.9953e-05,5.9953e-05,5.9953e-05,1,1,1,1,1
6,60,4.7314e-05,1,4.7314e-05,4.7314e-05,4.7314e-05,1,1,1,1,1
6,60,6.133e-05,1,6.133e-05,6.133e-05,6.133e-05,1,1,1,1,1
6,60,5.6914e-05,1,5.6914e-05,5.6914e-05,5.6914e-05,1,1,1,1,1
6,60,0.000108753,1,0.000108753,0.000108753,0.000108753,3,1,3,3,3
6,60,4.4728e-05,1,4.4728e-05,4.4728e-05,4.4728e-05,1,1,1,1,1
6,60,4.6896e-05,1,4.6896e-05,4.6896e-05,4.6896e-05,1,1,1,1,1
6,60,4.2574e-05,1,4.2574e-05,4.2574e-05,4.2574e-05,1,1,1,1,1
6,60,4.7143e-05,1,4.7143e-05,4.7143e-05,4.7143e-05,1,1,1,1,1
6,60,5.4891e-05,1,5.4891e-05,5.4891e-05,5.4891e-05,1,1,1,1,1
6,60,5.4786e-05,1,5.4786e-05,5.4786e-05,5.4786e-05,1,1,1,1,1
6,60,5.2626e-05,1,5.2626e-05,5.2626e-05,5.2626e-05,1,1,1,1,1
6,60,5.8437e-05,1,5.8437e-05,5.8437e-05,5.8437e-05,1,1,1,1,1
6,60,0.000129149,1,0.000129149,0.000129149,0.000129149,3,1,3,3,3
6,60,0.00010045,1,0.00010045,0.00010045,0.00010045,1,1,1,1,1
6,60,4.2804e-05,1,4.2804e-05,4.2804e-05,4.2804e-05,1,1,1,1,1
6,60,5.5379e-05,1,5.5379e-05,5.5379e-05,5.5379e-05,1,1,1,1,1
6,60,6.5157e-05,1,6.5157e-05,6.5157e-05,6.5157e-05,1,1,1,1,1
6,60,5.2291e-05,1,5.2291e-05,5.2291e-05,5.2291e-05,1,1,1,1,1
6,60,5.1906e-05,1,5.1906e-05,5.1906e-05,5.1906e-05,1,1,1,1,1
6,60,6.6127e-05,1,6.6127e-05,6.6127e-05,6.6127e-05,1,1,1,1,1
6,60,4.4504e-05,1,4.4504e-05,4.4504e-05,4.4504e-05,1,1,1,1,1
6,60,5.127e-05,1,5.127e-05,5.127e-05,5.127e-05,1,1,1,1,1
6,60,4.6107e-05,1,4.6107e-05,4.6107e-05,4.6107e-05,1,1,1,1,1
6,60,9.7642e-05,1,9.7642e-05,9.7642e-05,9.7642e-05,1,1,1,1,1
6,60,6.0758e-05,1,6.0758e-05,6.0758e-05,6.0758e-05,1,1,1,1,1
6,60,5.7527e-05,1,5.7527e-05,5.7527e-05,5.7527e-05,1,1,1,1,1
6,60,5.7588e-05,1,5.7588e-05,5.7588e-05,5.7588e-05,1,1,1,1,1
6,60,7.1135e-05,1,7.1135e-05,7.1135e-05,7.1135e-05,1,1,1,1,1
6,60,5.2849e-05,1,5.2849e-05,5.2849e-05,5.2849e-05,1,1,1,1,1
6,60,4.2533e-05,1,4.2533e-05,4.2533e-05,4.2533e-05,1,1,1,1,1
6,60,6.486e-05,1,6.486e-05,6.486e-05,6.486e-05,1,1,1,1,1
6,60,5.6483e-05,1,5.6483e-05,5.6483e-05,5.6483e-05,1,1,1,1,1
6,60,5.6425e-05,1,5.6425e-05,5.6425e-05,5.6425e-05,1,1,1,1,1
6,60,4.6123e-05,1,4.6123e-05,4.6123e-05,4.6123e-05,1,1,1,1,1
6,60,5.8462e-05,1,5.8462e-05,5.8462e-05,5.8462e-05,1,1,1,1,1
6,60,5.3717e-05,1,5.3717e-05,5.3717e-05,5.3717e-05,1,1,1,1,1
6,60,4.4543e-05,1,4.4543e-05,4.4543e-05,4.4543e-05,1,1,1,1,1
6,60,6.3276e-05,1,6.3276e-05,6.3276e-05,6.3276e-05,1,1,1,1,1
6,60,6.1855e-05,1,6.1855e-05,6.1855e-05,6.1855e-05,1,1,1,1,1
6,60,8.5389e-05,1,8.5389e-05,8.5389e-05,8.5389e-05,3,1,3,3,3
6,60,5.3617e-05,1,5.3617e-05,5.3617e-05,5.3617e-05,1,1,1,1,1
6,60,5.7324e-05,1,5.7324e-05,5.7324e-05,5.7324e-05,1,1,1,1,1
6,60,5.374e-05,1,5.374e-05,5.374e-05,5.374e-05,1,1,1,1,1
6,60,0.000129367,1,0.000129367,0.000129367,0.000129367,3,1,3,3,3
6,60,0.000210285,1,0.000210285,0.000210285,0.000210285,11,1,11,11,11
6,60,0.000117733,1,0.000117733,0.000117733,0.000117733,3,1,3,3,3
6,60,5.8858e-05,1,5.8858e-05,5.8858e-05,5.8858e-05,1,1,1,1,1
6,60,9.3292e-05,1,9.3292e-05,9.3292e-05,9.3292e-05,3,1,3,3,3
6,60,6.2195e-05,1,6.2195e-05,6.2195e-05,6.2195e-05,1,1,1,1,1
6,60,6.8483e-05,1,6.8483e-05,6.8483e-05,6.8483e-05,1,1,1,1,1
6,60,5.6812e-05,1,5.6812e-05,5.6812e-05,5.6812e-05,1,1,1,1,1
6,60,5.6894e-05,1,5.6894e-05,5.6894e-05,5.6894e-05,1,1,1,1,1
6,60,5.4694e-05,1,5.4694e-05,5.4694e-05,5.4694e-05,1,1,1,1,1
6,60,6.0683e-05,1,6.0683e-05,6.0683e-05,6.0683e-05,1,1,1,1,1
6,60,5.1335e-05,1,5.1335e-05,5.1335e-05,5.1335e-05,1,1,1,1,1
6,60,5.501e-05,1,5.501e-05,5.501e-05,5.501e-05,1,1,1,1,1
6,60,6.7834e-05,1,6.7834e-05,6.7834e-05,6.7834e-05,1,1,1,1,1
6,60,8.1839e-05,1,8.1839e-05,8.1839e-05,8.1839e-05,1,1,1,1,1
6,60,5.1499e-05,1,5.1499e-05,5.1499e-05,5.1499e-05,1,1,1,1,1
6,60,8.6655e-05,1,8.6655e-05,8.6655e-05,8.6655e-05,3,1,3,3,3
6,60,0.00013451,1,0.00013451,0.00013451,0.00013451,3,1,3,3,3
6,60,6.3782e-05,1,6.3782e-05,6.3782e-05,6.3782e-05,1,1,1,1,1
6,60,5.1975e-05,1,5.1975e-05,5.1975e-05,5.1975e-05,1,1,1,1,1
6,60,0.000102655,1,0.000102655,0.000102655,0.000102655,3,1,3,3,3
6,60,4.6578e-05,1,4.6578e-05,4.6578e-05,4.6578e-05,1,1,1,1,1
6,60,3.93e-05,1,3.93e-05,3.93e-05,3.93e-05,1,1,1,1,1
6,60,4.9072e-05,1,4.9072e-05,4.9072e-05,4.9072e-05,1,1,1,1,1
6,60,5.307e-05,1,5.307e-05,5.307e-05,5.307e-05,1,1,1,1,1
6,60,4.3384e-05,1,4.3384e-05,4.3384e-05,4.3384e-05,1,1,1,1,1
6,60,5.5689e-05,1,5.5689e-05,5.5689e-05,5.5689e-05,1,1,1,1,1
6,60,5.2169e-05,1,5.2169e-05,5.2169e-05,5.2169e-05,1,1,1,1,1
6,60,7.0195e-05,1,7.0195e-05,7.0195e-05,7.0195e-05,1,1,1,1,1
6,60,4.9947e-05,1,4.9947e-05,4.9947e-05,4.9947e-05,1,1,1,1,1
6,60,7.7979e-05,1,7.7979e-05,7.7979e-05,7.7979e-05,1,1,1,1,1
6,60,5.016e-05,1,5.016e-05,5.016e-05,5.016e-05,1,1,1,1,1
6,60,0.000128142,1,0.000128142,0.000128142,0.000128142,3,1,3,3,3
6,60,6.6875e-05,1,6.6875e-05,6.6875e-05,6.6875e-05,1,1,1,1,1
6,60,6.3293e-05,1,6.3293e-05,6.3293e-05,6.3293e-05,1,1,1,1,1
6,60,6.4312e-05,1,6.4312e-05,6.4312e-05,6.4312e-05,1,1,1,1,1
6,60,9.0107e-05,1,9.0107e-05,9.0107e-05,9.0107e-05,3,1,3,3,3
6,60,4.9878e-05,1,4.9878e-05,4.9878e-05,4.9878e-05,1,1,1,1,1
6,60,5.3194e-05,1,5.3194e-05,5.3194e-05,5.3194e-05,1,1,1,1,1
6,60,5.6661e-05,1,5.6661e-05,5.6661e-05,5.6661e-05,1,1,1,1,1
6,60,6.0225e-05,1,6.0225e-05,6.0225e-05,6.0225e-05,1,1,1,1,1
6,60,7.5531e-05,1,7.5531e-05,7.5531e-05,7.5531e-05,1,1,1,1,1
6,60,6.2566e-05,1,6.2566e-05,6.2566e-05,6.2566e-05,1,1,1,1,1
6,60,4.923e-05,1,4.923e-05,4.923e-05,4.923e-05,1,1,1,1,1
6,60,5.1595e-05,1,5.1595e-05,5.1595e-05,5.1595e-05,1,1,1,1,1
6,60,5.08e-05,1,5.08e-05,5.08e-05,5.08e-05,1,1,1,1,1
6,60,4.9302e-05,1,4.9302e-05,4.9302e-05,4.9302e-05,1,1,1,1,1
6,60,4.6337e-05,1,4.6337e-05,4.6337e-05,4.6337e-05,1,1,1,1,1
6,60,7.8021e-05,1,7.8021e-05,7.8021e-05,7.8021e-05,1,1,1,1,1
6,60,5.6608e-05,1,5.6608e-05,5.6608e-05,5.6608e-05,1,1,1,1,1
6,60,7.7185e-05,1,7.7185e-05,7.7185e-05,7.7185e-05,1,1,1,1,1
6,60,3.6329e-05,1,3.6329e-05,3.6329e-05,3.6329e-05,1,1,1,1,1
6,60,4.4712e-05,1,4.4712e-05,4.4712e-05,4.4712e-05,1,1,1,1,1
6,60,4.718e-05,1,4.718e-05,4.718e-05,4.718e-05,1,1,1,1,1
6,60,0.000161232,1,0.000161232,0.000161232,0.000161232,5,1,5,5,5
6,60,5.9851e-05,1,5.9851e-05,5.9851e-05,5.9851e-05,1,1,1,1,1
6,60,4.901e-05,1,4.901e-05,4.901e-05,4.901e-05,1,1,1,1,1
6,60,4.9173e-05,1,4.9173e-05,4.9173e-05,4.9173e-05,1,1,1,1,1
6,60,5.6445e-05,1,5.6445e-05,5.6445e-05,5.6445e-05,1,1,1,1,1
6,60,6.6679e-05,1,6.6679e-05,6.6679e-05,6.6679e-05,1,1,1,1,1
6,60,8.1182e-05,1,8.1182e-05,8.1182e-05,8.1182e-05,1,1,1,1,1
6,60,4.2317e-05,1,4.2317e-05,4.2317e-05,4.2317e-05,1,1,1,1,1
6,60,7.1184e-05,1,7.1184e-05,7.1184e-05,7.1184e-05,1,1,1,1,1
6,60,5.3376e-05,1,5.3376e-05,5.3376e-05,5.3376e-05,1,1,1,1,1
6,60,4.5825e-05,1,4.5825e-05,4.5825e-05,4.5825e-05,1,1,1,1,1
6,60,4.7984e-05,1,4.7984e-05,4.7984e-05,4.7984e-05,1,1,1,1,1
6,60,5.5568e-05,1,5.5568e-05,5.5568e-05,5.5568e-05,1,1,1,1,1
6,60,5.9648e-05,1,5.9648e-05,5.9648e-05,5.9648e-05,1,1,1,1,1
6,60,5.7243e-05,1,5.7243e-05,5.7243e-05,5.7243e-05,1,1,1,1,1
6,60,5.7455e-05,1,5.7455e-05,5.7455e-05,5.7455e-05,1,1,1,1,1
6,60,6.0108e-05,1,6.0108e-05,6.0108e-05,6.0108e-05,1,1,1,1,1
6,60,5.5416e-05,1,5.5416e-05,5.5416e-05,5.5416e-05,1,1,1,1,1
6,60,4.508e-05,1,4.508e-05,4.508e-05,4.508e-05,1,1,1,1,1
6,60,4.6498e-05,1,4.6498e-05,4.6498e-05,4.6498e-05,1,1,1,1,1
6,60,5.6709e-05,1,5.6709e-05,5.6709e-05,5.6709e-05,1,1,1,1,1
6,60,7.5506e-05,1,7.5506e-05,7.5506e-05,7.5506e-05,1,1,1,1,1
6,60,4.6845e-05,1,4.6845e-05,4.6845e-05,4.6845e-05,1,1,1,1,1
6,60,6.2618e-05,1,6.2618e-05,6.2618e-05,6.2618e-05,1,1,1,1,1
6,60,5.8303e-05,1,5.8303e-05,5.8303e-05,5.8303e-05,1,1,1,1,1
6,60,4.9143e-05,1,4.9143e-05,4.9143e-05,4.9143e-05,1,1,1,1,1
6,60,4.9345e-05,1,4.9345e-05,4.9345e-05,4.9345e-05,1,1,1,1,1
6,60,5.132e-05,1,5.132e-05,5.132e-05,5.132e-05,1,1,1,1,1
6,60,5.2794e-05,1,5.2794e-05,5.2794e-05,5.2794e-05,1,1,1,1,1
6,60,6.1219e-05,1,6.1219e-05,6.1219e-05,6.1219e-05,1,1,1,1,1
6,60,7.9301e-05,1,7.9301e-05,7.9301e-05,7.9301e-05,1,1,1,1,1
6,60,5.7709e-05,1,5.7709e-05,5.7709e-05,5.7709e-05,1,1,1,1,1
6,60,4.926e-05,1,4.926e-05,4.926e-05,4.926e-05,1,1,1,1,1
6,60,3.8992e-05,1,3.8992e-05,3.8992e-05,3.8992e-05,1,1,1,1,1
6,60,4.5579e-05,1,4.5579e-05,4.5579e-05,4.5579e-05,1,1,1,1,1
6,60,8.5992e-05,1,8.5992e-05,8.5992e-05,8.5992e-05,3,1,3,3,3
6,60,4.9109e-05,1,4.9109e-05,4.9109e-05,4.9109e-05,1,1,1,1,1
6,60,4.6504e-05,1,4.6504e-05,4.6504e-05,4.6504e-05,1,1,1,1,1
6,60,5.5228e-05,1,5.5228e-05,5.5228e-05,5.5228e-05,1,1,1,1,1
6,60,4.9239e-05,1,4.9239e-05,4.9239e-05,4.9239e-05,1,1,1,1,1
6,60,5.8834e-05,1,5.8834e-05,5.8834e-05,5.8834e-05,1,1,1,1,1
6,60,9.4025e-05,1,9.4025e-05,9.4025e-05,9.4025e-05,3,1,3,3,3
6,60,4.5385e-05,1,4.5385e-05,4.5385e-05,4.5385e-05,1,1,1,1,1
6,60,4.4426e-05,1,4.4426e-05,4.4426e-05,4.4426e-05,1,1,1,1,1
6,60,3.7157e-05,1,3.7157e-05,3.7157e-05,3.7157e-05,1,1,1,1,1
6,60,5.0773e-05,1,5.0773e-05,5.0773e-05,5.0773e-05,1,1,1,1,1
6,60,8.8364e-05,1,8.8364e-05,8.8364e-05,8.8364e-05,1,1,1,1,1
6,60,5.7826e-05,1,5.7826e-05,5.7826e-05,5.7826e-05,1,1,1,1,1
6,60,5.0012e-05,1,5.0012e-05,5.0012e-05,5.0012e-05,1,1,1,1,1
6,60,5.3322e-05,1,5.3322e-05,5.3322e-05,5.3322e-05,1,1,1,1,1
6,60,7.6223e-05,1,7.6223e-05,7.6223e-05,7.6223e-05,1,1,1,1,1
6,60,8.5756e-05,1,8.5756e-05,8.5756e-05,8.5756e-05,3,1,3,3,3
6,60,5.4222e-05,1,5.4222e-05,5.4222e-05,5.4222e-05,1,1,1,1,1
6,60,5.1991e-05,1,5.1991e-05,5.1991e-05,5.1991e-05,1,1,1,1,1
6,60,0.000120615,1,0.000120615,0.000120615,0.000120615,1,1,1,1,1
6,60,6.8986e-05,1,6.8986e-05,6.8986e-05,6.8986e-05,1,1,1,1,1
6,60,0.000155737,1,0.000155737,0.000155737,0.000155737,3,1,3,3,3
6,60,0.000147337,1,0.000147337,0.000147337,0.000147337,3,1,3,3,3
6,60,0.000127583,1,0.000127583,0.000127583,0.000127583,1,1,1,1,1
6,60,0.000119549,1,0.000119549,0.000119549,0.000119549,1,1,1,1,1
6,60,8.7924e-05,1,8.7924e-05,8.7924e-05,8.7924e-05,1,1,1,1,1
6,60,7.5182e-05,1,7.5182e-05,7.5182e-05,7.5182e-05,1,1,1,1,1
6,60,6.4952e-05,1,6.4952e-05,6.4952e-05,6.4952e-05,1,1,1,1,1
6,60,9.3029e-05,1,9.3029e-05,9.3029e-05,9.3029e-05,1,1,1,1,1
6,60,9.3421e-05,1,9.3421e-05,9.3421e-05,9.3421e-05,1,1,1,1,1
6,60,4.8539e-05,1,4.8539e-05,4.8539e-05,4.8539e-05,1,1,1,1,1
6,60,7.8226e-05,1,7.8226e-05,7.8226e-05,7.8226e-05,1,1,1,1,1
6,60,4.7801e-05,1,4.7801e-05,4.7801e-05,4.7801e-05,1,1,1,1,1
6,60,9.0501e-05,1,9.0501e-05,9.0501e-05,9.0501e-05,3,1,3,3,3
6,60,5.6222e-05,1,5.6222e-05,5.6222e-05,5.6222e-05,1,1,1,1,1
6,60,4.8339e-05,1,4.8339e-05,4.8339e-05,4.8339e-05,1,1,1,1,1
6,60,5.1251e-05,1,5.1251e-05,5.1251e-05,5.1251e-05,1,1,1,1,1
6,60,4.5343e-05,1,4.5343e-05,4.5343e-05,4.5343e-05,1,1,1,1,1
6,60,6.2032e-05,1,6.2032e-05,6.2032e-05,6.2032e-05,1,1,1,1,1
6,60,5.2759e-05,1,5.2759e-05,5.2759e-05,5.2759e-05,1,1,1,1,1
6,60,5.4025e-05,1,5.4025e-05,5.4025e-05,5.4025e-05,1,1,1,1,1
6,60,0.000139216,1,0.000139216,0.000139216,0.000139216,5,1,5,5,5
6,60,9.0149e-05,1,9.0149e-05,9.0149e-05,9.0149e-05,1,1,1,1,1
6,60,7.2017e-05,1,7.2017e-05,7.2017e-05,7.2017e-05,1,1,1,1,1
6,60,5.2555e-05,1,5.2555e-05,5.2555e-05,5.2555e-05,1,1,1,1,1
6,60,4.5403e-05,1,4.5403e-05,4.5403e-05,4.5403e-05,1,1,1,1,1
6,60,7.3012e-05,1,7.3012e-05,7.3012e-05,7.3012e-05,1,1,1,1,1
6,60,4.3286e-05,1,4.3286e-05,4.3286e-05,4.3286e-05,1,1,1,1,1
6,60,4.43e-05,1,4.43e-05,4.43e-05,4.43e-05,1,1,1,1,1
6,60,5.6704e-05,1,5.6704e-05,5.6704e-05,5.6704e-05,1,1,1,1,1
6,60,5.2804e-05,1,5.2804e-05,5.2804e-05,5.2804e-05,1,1,1,1,1
6,60,8.2805e-05,1,8.2805e-05,8.2805e-05,8.2805e-05,1,1,1,1,1
6,60,4.0723e-05,1,4.0723e-05,4.0723e-05,4.0723e-05,1,1,1,1,1
6,60,7.0357e-05,1,7.0357e-05,7.0357e-05,7.0357e-05,1,1,1,1,1
6,60,4.7762e-05,1,4.7762e-05,4.7762e-05,4.7762e-05,1,1,1,1,1
6,60,6.2713e-05,1,6.2713e-05,6.2713e-05,6.2713e-05,1,1,1,1,1
6,60,0.000169383,1,0.000169383,0.000169383,0.000169383,5,1,5,5,5
6,60,4.8977e-05,1,4.8977e-05,4.8977e-05,4.8977e-05,1,1,1,1,1
6,60,5.7915e-05,1,5.7915e-05,5.7915e-05,5.7915e-05,1,1,1,1,1
6,60,4.9639e-05,1,4.9639e-05,4.9639e-05,4.9639e-05,1,1,1,1,1
6,60,4.4588e-05,1,4.4588e-05,4.4588e-05,4.4588e-05,1,1,1,1,1
6,60,6.5698e-05,1,6.5698e-05,6.5698e-05,6.5698e-05,1,1,1,1,1
6,60,4.3764e-05,1,4.3764e-05,4.3764e-05,4.3764e-05,1,1,1,1,1
6,60,6.0827e-05,1,6.0827e-05,6.0827e-05,6.0827e-05,1,1,1,1,1
6,60,5.315e-05,1,5.315e-05,5.315e-05,5.315e-05,1,1,1,1,1
6,60,0.000127963,1,0.000127963,0.000127963,0.000127963,3,1,3,3,3
6,60,4.698e-05,1,4.698e-05,4.698e-05,4.698e-05,1,1,1,1,1
6,60,7.7782e-05,1,7.7782e-05,7.7782e-05,7.7782e-05,1,1,1,1,1
6,60,5.0068e-05,1,5.0068e-05,5.0068e-05,5.0068e-05,1,1,1,1,1
6,60,0.000127501,1,0.000127501,0.000127501,0.000127501,3,1,3,3,3
6,60,0.000131303,1,0.000131303,0.000131303,0.000131303,3,1,3,3,3
6,60,5.6084e-05,1,5.6084e-05,5.6084e-05,5.6084e-05,1,1,1,1,1
6,60,5.6855e-05,1,5.6855e-05,5.6855e-05,5.6855e-05,1,1,1,1,1
6,60,5.677e-05,1,5.677e-05,5.677e-05,5.677e-05,1,1,1,1,1
6,60,4.9488e-05,1,4.9488e-05,4.9488e-05,4.9488e-05,1,1,1,1,1
6,60,5.529e-05,1,5.529e-05,5.529e-05,5.529e-05,1,1,1,1,1
6,60,5.0884e-05,1,5.0884e-05,5.0884e-05,5.0884e-05,1,1,1,1,1
6,60,7.0126e-05,1,7.0126e-05,7.0126e-05,7.0126e-05,1,1,1,1,1
6,60,5.7446e-05,1,5.7446e-05,5.7446e-05,5.7446e-05,1,1,1,1,1
6,60,4.8519e-05,1,4.8519e-05,4.8519e-05,4.8519e-05,1,1,1,1,1
6,60,5.5744e-05,1,5.5744e-05,5.5744e-05,5.5744e-05,1,1,1,1,1
6,60,5.9568e-05,1,5.9568e-05,5.9568e-05,5.9568e-05,1,1,1,1,1
6,60,5.9493e-05,1,5.9493e-05,5.9493e-05,5.9493e-05,1,1,1,1,1
6,60,4.3261e-05,1,4.3261e-05,4.3261e-05,4.3261e-05,1,1,1,1,1
6,60,7.5653e-05,1,7.5653e-05,7.5653e-05,7.5653e-05,1,1,1,1,1
6,60,4.5248e-05,1,4.5248e-05,4.5248e-05,4.5248e-05,1,1,1,1,1
6,60,5.523e-05,1,5.523e-05,5.523e-05,5.523e-05,1,1,1,1,1
6,60,5.2837e-05,1,5.2837e-05,5.2837e-05,5.2837e-05,1,1,1,1,1
6,60,0.000104433,1,0.000104433,0.000104433,0.000104433,3,1,3,3,3
6,60,5.3368e-05,1,5.3368e-05,5.3368e-05,5.3368e-05,1,1,1,1,1
6,60,5.1045e-05,1,5.1045e-05,5.1045e-05,5.1045e-05,1,1,1,1,1
6,60,4.9024e-05,1,4.9024e-05,4.9024e-05,4.9024e-05,1,1,1,1,1
6,60,4.3176e-05,1,4.3176e-05,4.3176e-05,4.3176e-05,1,1,1,1,1
6,60,5.9301e-05,1,5.9301e-05,5.9301e-05,5.9301e-05,1,1,1,1,1
6,60,6.9298e-05,1,6.9298e-05,6.9298e-05,6.9298e-05,1,1,1,1,1
6,60,5.7963e-05,1,5.7963e-05,5.7963e-05,5.7963e-05,1,1,1,1,1
6,60,5.2058e-05,1,5.2058e-05,5.2058e-05,5.2058e-05,1,1,1,1,1
