n,p,time_total,time_count,time_mean,time_min,time_max,calls_total,calls_count,calls_mean,calls_min,calls_max
8,50,9.2736e-05,1,9.2736e-05,9.2736e-05,9.2736e-05,1,1,1,1,1
8,50,0.000642504,1,0.000642504,0.000642504,0.000642504,21,1,21,21,21
8,50,8.1485e-05,1,8.1485e-05,8.1485e-05,8.1485e-05,1,1,1,1,1
8,50,9.0739e-05,1,9.0739e-05,9.0739e-05,9.0739e-05,1,1,1,1,1
8,50,0.000126968,1,0.000126968,0.000126968,0.000126968,1,1,1,1,1
8,50,0.000130545,1,0.000130545,0.000130545,0.000130545,1,1,1,1,1
8,50,6.6246e-05,1,6.6246e-05,6.6246e-05,6.6246e-05,1,1,1,1,1
8,50,6.1434e-05,1,6.1434e-05,6.1434e-05,6.1434e-05,1,1,1,1,1
8,50,6.3706e-05,1,6.3706e-05,6.3706e-05,6.3706e-05,1,1,1,1,1
8,50,7.8335e-05,1,7.8335e-05,7.8335e-05,7.8335e-05,1,1,1,1,1
8,50,7.1914e-05,1,7.1914e-05,7.1914e-05,7.1914e-05,1,1,1,1,1
8,50,8.3533e-05,1,8.3533e-05,8.3533e-05,8.3533e-05,1,1,1,1,1
8,50,6.8466e-05,1,6.8466e-05,6.8466e-05,6.8466e-05,1,1,1,1,1
8,50,0.000489247,1,0.000489247,0.000489247,0.000489247,11,1,11,11,11
8,50,8.9337e-05,1,8.9337e-05,8.9337e-05,8.9337e-05,1,1,1,1,1
8,50,7.1612e-05,1,7.1612e-05,7.1612e-05,7.1612e-05,1,1,1,1,1
8,50,6.0481e-05,1,6.0481e-05,6.0481e-05,6.0481e-05,1,1,1,1,1
8,50,0.000946249,1,0.000946249,0.000946249,0.000946249,39,1,39,39,39
8,50,7.2059e-05,1,7.2059e-05,7.2059e-05,7.2059e-05,1,1,1,1,1
8,50,6.7513e-05,1,6.7513e-05,6.7513e-05,6.7513e-05,1,1,1,1,1
8,50,6.8062e-05,1,6.8062e-05,6.8062e-05,6.8062e-05,1,1,1,1,1
8,50,7.816e-05,1,7.816e-05,7.816e-05,7.816e-05,1,1,1,1,1
8,50,6.1008e-05,1,6.1008e-05,6.1008e-05,6.1008e-05,1,1,1,1,1
8,50,6.8831e-05,1,6.8831e-05,6.8831e-05,6.8831e-05,1,1,1,1,1
8,50,6.1197e-05,1,6.1197e-05,6.1197e-05,6.1197e-05,1,1,1,1,1
8,50,0.000278106,1,0.000278106,0.000278106,0.000278106,9,1,9,9,9
8,50,9.4955e-05,1,9.4955e-05,9.4955e-05,9.4955e-05,1,1,1,1,1
8,50,6.9829e-05,1,6.9829e-05,6.9829e-05,6.9829e-05,1,1,1,1,1
8,50,6.7229e-05,1,6.7229e-05,6.7229e-05,6.7229e-05,1,1,1,1,1
8,50,6.6626e-05,1,6.6626e-05,6.6626e-05,6.6626e-05,1,1,1,1,1
8,50,7.9e-05,1,7.9e-05,7.9e-05,7.9e-05,1,1,1,1,1
8,50,6.5694e-05,1,6.5694e-05,6.5694e-05,6.5694e-05,1,1,1,1,1
8,50,0.000112514,1,0.000112514,0.000112514,0.000112514,1,1,1,1,1
8,50,7.9488e-05,1,7.9488e-05,7.9488e-05,7.9488e-05,1,1,1,1,1
8,50,7.9529e-05,1,7.9529e-05,7.9529e-05,7.9529e-05,1,1,1,1,1
8,50,9.1508e-05,1,9.1508e-05,9.1508e-05,9.1508e-05,1,1,1,1,1
8,50,7.2981e-05,1,7.2981e-05,7.2981e-05,7.2981e-05,1,1,1,1,1
8,50,0.00135398,1,0.00135398,0.00135398,0.00135398,45,1,45,45,45
8,50,7.4151e-05,1,7.4151e-05,7.4151e-05,7.4151e-05,1,1,1,1,1
8,50,8.9804e-05,1,8.9804e-05,8.9804e-05,8.9804e-05,1,1,1,1,1
8,50,0.000111948,1,0.000111948,0.000111948,0.000111948,1,1,1,1,1
8,50,9.5717e-05,1,9.5717e-05,9.5717e-05,9.5717e-05,1,1,1,1,1
8,50,0.000109577,1,0.000109577,0.000109577,0.000109577,1,1,1,1,1
8,50,9.9504e-05,1,9.9504e-05,9.9504e-05,9.9504e-05,1,1,1,1,1
8,50,0.000278408,1,0.000278408,0.000278408,0.000278408,5,1,5,5,5
8,50,0.000364173,1,0.000364173,0.000364173,0.000364173,7,1,7,7,7
8,50,9.5543e-05,1,9.5543e-05,9.5543e-05,9.5543e-05,1,1,1,1,1
8,50,6.299e-05,1,6.299e-05,6.299e-05,6.299e-05,1,1,1,1,1
8,50,6.6181e-05,1,6.6181e-05,6.6181e-05,6.6181e-05,1,1,1,1,1
8,50,6.5199e-05,1,6.5199e-05,6.5199e-05,6.5199e-05,1,1,1,1,1
8,50,8.8986e-05,1,8.8986e-05,8.8986e-05,8.8986e-05,1,1,1,1,1
8,50,0.000292685,1,0.000292685,0.000292685,0.000292685,5,1,5,5,5
8,50,8.568e-05,1,8.568e-05,8.568e-05,8.568e-05,1,1,1,1,1
8,50,6.4817e-05,1,6.4817e-05,6.4817e-05,6.4817e-05,1,1,1,1,1
8,50,0.000360478,1,0.000360478,0.000360478,0.000360478,7,1,7,7,7
8,50,9.3765e-05,1,9.3765e-05,9.3765e-05,9.3765e-05,1,1,1,1,1
8,50,6.8027e-05,1,6.8027e-05,6.8027e-05,6.8027e-05,1,1,1,1,1
8,50,7.9686e-05,1,7.9686e-05,7.9686e-05,7.9686e-05,1,1,1,1,1
8,50,6.9193e-05,1,6.9193e-05,6.9193e-05,6.9193e-05,1,1,1,1,1
8,50,9.3224e-05,1,9.3224e-05,9.3224e-05,9.3224e-05,1,1,1,1,1
8,50,0.000102227,1,0.000102227,0.000102227,0.000102227,1,1,1,1,1
8,50,6.8425e-05,1,6.8425e-05,6.8425e-05,6.8425e-05,1,1,1,1,1
8,50,0.000399639,1,0.000399639,0.000399639,0.000399639,11,1,11,11,11
8,50,0.00118097,1,0.00118097,0.00118097,0.00118097,37,1,37,37,37
8,50,6.5713e-05,1,6.5713e-05,6.5713e-05,6.5713e-05,1,1,1,1,1
8,50,0.000132706,1,0.000132706,0.000132706,0.000132706,1,1,1,1,1
8,50,7.2118e-05,1,7.2118e-05,7.2118e-05,7.2118e-05,1,1,1,1,1
8,50,0.000113838,1,0.000113838,0.000113838,0.000113838,1,1,1,1,1
8,50,8.3217e-05,1,8.3217e-05,8.3217e-05,8.3217e-05,1,1,1,1,1
8,50,0.000146093,1,0.000146093,0.000146093,0.000146093,1,1,1,1,1
8,50,0.000105891,1,0.000105891,0.000105891,0.000105891,1,1,1,1,1
8,50,6.6589e-05,1,6.6589e-05,6.6589e-05,6.6589e-05,1,1,1,1,1
8,50,5.4569e-05,1,5.4569e-05,5.4569e-05,5.4569e-05,1,1,1,1,1
8,50,9.944e-05,1,9.944e-05,9.944e-05,9.944e-05,1,1,1,1,1
8,50,6.4063e-05,1,6.4063e-05,6.4063e-05,6.4063e-05,1,1,1,1,1
8,50,7.0339e-05,1,7.0339e-05,7.0339e-05,7.0339e-05,1,1,1,1,1
8,50,0.000103443,1,0.000103443,0.000103443,0.000103443,1,1,1,1,1
8,50,9.2475e-05,1,9.2475e-05,9.2475e-05,9.2475e-05,1,1,1,1,1
8,50,0.000424912,1,0.000424912,0.000424912,0.000424912,11,1,11,11,11
8,50,0.00027441,1,0.00027441,0.00027441,0.00027441,5,1,5,5,5
8,50,8.5666e-05,1,8.5666e-05,8.5666e-05,8.5666e-05,1,1,1,1,1
8,50,7.3173e-05,1,7.3173e-05,7.3173e-05,7.3173e-05,1,1,1,1,1
8,50,7.2057e-05,1,7.2057e-05,7.2057e-05,7.2057e-05,1,1,1,1,1
8,50,7.3019e-05,1,7.3019e-05,7.3019e-05,7.3019e-05,1,1,1,1,1
8,50,9.6754e-05,1,9.6754e-05,9.6754e-05,9.6754e-05,1,1,1,1,1
8,50,0.000185081,1,0.000185081,0.000185081,0.000185081,3,1,3,3,3
8,50,0.000113235,1,0.000113235,0.000113235,0.000113235,1,1,1,1,1
8,50,8.6036e-05,1,8.6036e-05,8.6036e-05,8.6036e-05,1,1,1,1,1
8,50,0.000109773,1,0.000109773,0.000109773,0.000109773,1,1,1,1,1
8,50,0.000807929,1,0.000807929,0.000807929,0.000807929,27,1,27,27,27
8,50,9.6097e-05,1,9.6097e-05,9.6097e-05,9.6097e-05,1,1,1,1,1
8,50,8.8765e-05,1,8.8765e-05,8.8765e-05,8.8765e-05,1,1,1,1,1
8,50,0.000552569,1,0.000552569,0.000552569,0.000552569,13,1,13,13,13
8,50,8.3183e-05,1,8.3183e-05,8.3183e-05,8.3183e-05,1,1,1,1,1
8,50,9.0871e-05,1,9.0871e-05,9.0871e-05,9.0871e-05,1,1,1,1,1
8,50,8.9427e-05,1,8.9427e-05,8.9427e-05,8.9427e-05,1,1,1,1,1
8,50,9.1592e-05,1,9.1592e-05,9.1592e-05,9.1592e-05,1,1,1,1,1
8,50,0.000113168,1,0.000113168,0.000113168,0.000113168,1,1,1,1,1
8,50,6.8623e-05,1,6.8623e-05,6.8623e-05,6.8623e-05,1,1,1,1,1
8,50,7.1828e-05,1,7.1828e-05,7.1828e-05,7.1828e-05,1,1,1,1,1
8,50,0.000208291,1,0.000208291,0.000208291,0.000208291,5,1,5,5,5
8,50,8.0396e-05,1,8.0396e-05,8.0396e-05,8.0396e-05,1,1,1,1,1
8,50,6.685e-05,1,6.685e-05,6.685e-05,6.685e-05,1,1,1,1,1
8,50,0.000103758,1,0.000103758,0.000103758,0.000103758,1,1,1,1,1
8,50,6.6887e-05,1,6.6887e-05,6.6887e-05,6.6887e-05,1,1,1,1,1
8,50,9.7127e-05,1,9.7127e-05,9.7127e-05,9.7127e-05,1,1,1,1,1
8,50,6.6259e-05,1,6.6259e-05,6.6259e-05,6.6259e-05,1,1,1,1,1
8,50,9.6355e-05,1,9.6355e-05,9.6355e-05,9.6355e-05,1,1,1,1,1
8,50,0.000110954,1,0.000110954,0.000110954,0.000110954,1,1,1,1,1
8,50,7.5409e-05,1,7.5409e-05,7.5409e-05,7.5409e-05,1,1,1,1,1
8,50,0.000546279,1,0.000546279,0.000546279,0.000546279,15,1,15,15,15
8,50,8.6855e-05,1,8.6855e-05,8.6855e-05,8.6855e-05,1,1,1,1,1
8,50,7.6105e-05,1,7.6105e-05,7.6105e-05,7.6105e-05,1,1,1,1,1
8,50,7.0234e-05,1,7.0234e-05,7.0234e-05,7.0234e-05,1,1,1,1,1
8,50,6.8819e-05,1,6.8819e-05,6.8819e-05,6.8819e-05,1,1,1,1,1
8,50,0.000457251,1,0.000457251,0.000457251,0.000457251,9,1,9,9,9
8,50,6.386e-05,1,6.386e-05,6.386e-05,6.386e-05,1,1,1,1,1
8,50,0.00012486,1,0.00012486,0.00012486,0.00012486,1,1,1,1,1
8,50,0.0001022,1,0.0001022,0.0001022,0.0001022,1,1,1,1,1
8,50,6.0447e-05,1,6.0447e-05,6.0447e-05,6.0447e-05,1,1,1,1,1
8,50,0.000161212,1,0.000161212,0.000161212,0.000161212,3,1,3,3,3
8,50,0.000565311,1,0.000565311,0.000565311,0.000565311,19,1,19,19,19
8,50,0.000113614,1,0.000113614,0.000113614,0.000113614,1,1,1,1,1
8,50,7.725e-05,1,7.725e-05,7.725e-05,7.725e-05,1,1,1,1,1
8,50,9.1557e-05,1,9.1557e-05,9.1557e-05,9.1557e-05,1,1,1,1,1
8,50,6.975e-05,1,6.975e-05,6.975e-05,6.975e-05,1,1,1,1,1
8,50,6.6081e-05,1,6.6081e-05,6.6081e-05,6.6081e-05,1,1,1,1,1
8,50,8.3687e-05,1,8.3687e-05,8.3687e-05,8.3687e-05,1,1,1,1,1
8,50,7.2097e-05,1,7.2097e-05,7.2097e-05,7.2097e-05,1,1,1,1,1
8,50,0.000107279,1,0.000107279,0.000107279,0.000107279,1,1,1,1,1
8,50,9.5363e-05,1,9.5363e-05,9.5363e-05,9.5363e-05,1,1,1,1,1
8,50,0.000162205,1,0.000162205,0.000162205,0.000162205,3,1,3,3,3
8,50,0.000102693,1,0.000102693,0.000102693,0.000102693,1,1,1,1,1
8,50,7.3464e-05,1,7.3464e-05,7.3464e-05,7.3464e-05,1,1,1,1,1
8,50,7.2669e-05,1,7.2669e-05,7.2669e-05,7.2669e-05,1,1,1,1,1
8,50,6.4825e-05,1,6.4825e-05,6.4825e-05,6.4825e-05,1,1,1,1,1
8,50,6.8742e-05,1,6.8742e-05,6.8742e-05,6.8742e-05,1,1,1,1,1
8,50,8.5961e-05,1,8.5961e-05,8.5961e-05,8.5961e-05,1,1,1,1,1
8,50,9.9883e-05,1,9.9883e-05,9.9883e-05,9.9883e-05,1,1,1,1,1
8,50,0.000102698,1,0.000102698,0.000102698,0.000102698,1,1,1,1,1
8,50,9.4368e-05,1,9.4368e-05,9.4368e-05,9.4368e-05,1,1,1,1,1
8,50,0.000122429,1,0.000122429,0.000122429,0.000122429,1,1,1,1,1
8,50,0.000256563,1,0.000256563,0.000256563,0.000256563,5,1,5,5,5
8,50,0.000124332,1,0.000124332,0.000124332,0.000124332,3,1,3,3,3
8,50,0.000436898,1,0.000436898,0.000436898,0.000436898,9,1,9,9,9
8,50,6.4498e-05,1,6.4498e-05,6.4498e-05,6.4498e-05,1,1,1,1,1
8,50,0.000477944,1,0.000477944,0.000477944,0.000477944,13,1,13,13,13
8,50,0.000107089,1,0.000107089,0.000107089,0.000107089,1,1,1,1,1
8,50,6.681e-05,1,6.681e-05,6.681e-05,6.681e-05,1,1,1,1,1
8,50,9.8602e-05,1,9.8602e-05,9.8602e-05,9.8602e-05,1,1,1,1,1
8,50,6.7913e-05,1,6.7913e-05,6.7913e-05,6.7913e-05,1,1,1,1,1
8,50,6.6444e-05,1,6.6444e-05,6.6444e-05,6.6444e-05,1,1,1,1,1
8,50,4.8561e-05,1,4.8561e-05,4.8561e-05,4.8561e-05,1,1,1,1,1
8,50,9.4089e-05,1,9.4089e-05,9.4089e-05,9.4089e-05,1,1,1,1,1
8,50,0.000107806,1,0.000107806,0.000107806,0.000107806,1,1,1,1,1
8,50,0.00010094,1,0.00010094,0.00010094,0.00010094,1,1,1,1,1
8,50,7.4898e-05,1,7.4898e-05,7.4898e-05,7.4898e-05,1,1,1,1,1
8,50,0.000103592,1,0.000103592,0.000103592,0.000103592,1,1,1,1,1
8,50,7.4541e-05,1,7.4541e-05,7.4541e-05,7.4541e-05,1,1,1,1,1
8,50,7.734e-05,1,7.734e-05,7.734e-05,7.734e-05,1,1,1,1,1
8,50,0.000354929,1,0.000354929,0.000354929,0.000354929,7,1,7,7,7
8,50,5.7553e-05,1,5.7553e-05,5.7553e-05,5.7553e-05,1,1,1,1,1
8,50,9.5124e-05,1,9.5124e-05,9.5124e-05,9.5124e-05,1,1,1,1,1
8,50,9.1248e-05,1,9.1248e-05,9.1248e-05,9.1248e-05,1,1,1,1,1
8,50,0.000175155,1,0.000175155,0.000175155,0.000175155,3,1,3,3,3
8,50,6.0343e-05,1,6.0343e-05,6.0343e-05,6.0343e-05,1,1,1,1,1
8,50,6.4842e-05,1,6.4842e-05,6.4842e-05,6.4842e-05,1,1,1,1,1
8,50,0.000120665,1,0.000120665,0.000120665,0.000120665,1,1,1,1,1
8,50,8.035e-05,1,8.035e-05,8.035e-05,8.035e-05,1,1,1,1,1
8,50,9.286e-05,1,9.286e-05,9.286e-05,9.286e-05,1,1,1,1,1
8,50,0.00105349,1,0.00105349,0.00105349,0.00105349,33,1,33,33,33
8,50,6.4854e-05,1,6.4854e-05,6.4854e-05,6.4854e-05,1,1,1,1,1
8,50,0.000110271,1,0.000110271,0.000110271,0.000110271,1,1,1,1,1
8,50,0.000716907,1,0.000716907,0.000716907,0.000716907,17,1,17,17,17
8,50,8.7313e-05,1,8.7313e-05,8.7313e-05,8.7313e-05,1,1,1,1,1
8,50,0.0002089,1,0.0002089,0.0002089,0.0002089,3,1,3,3,3
8,50,8.8727e-05,1,8.8727e-05,8.8727e-05,8.8727e-05,1,1,1,1,1
8,50,6.4846e-05,1,6.4846e-05,6.4846e-05,6.4846e-05,1,1,1,1,1
8,50,6.7505e-05,1,6.7505e-05,6.7505e-05,6.7505e-05,1,1,1,1,1
8,50,0.000133574,1,0.000133574,0.000133574,0.000133574,1,1,1,1,1
8,50,6.4433e-05,1,6.4433e-05,6.4433e-05,6.4433e-05,1,1,1,1,1
8,50,0.000101249,1,0.000101249,0.000101249,0.000101249,1,1,1,1,1
8,50,8.4514e-05,1,8.4514e-05,8.4514e-05,8.4514e-05,1,1,1,1,1
8,50,7.1394e-05,1,7.1394e-05,7.1394e-05,7.1394e-05,1,1,1,1,1
8,50,6.4603e-05,1,6.4603e-05,6.4603e-05,6.4603e-05,1,1,1,1,1
8,50,7.4443e-05,1,7.4443e-05,7.4443e-05,7.4443e-05,1,1,1,1,1
8,50,7.5513e-05,1,7.5513e-05,7.5513e-05,7.5513e-05,1,1,1,1,1
8,50,8.8233e-05,1,8.8233e-05,8.8233e-05,8.8233e-05,1,1,1,1,1
8,50,7.0927e-05,1,7.0927e-05,7.0927e-05,7.0927e-05,1,1,1,1,1
8,50,6.1365e-05,1,6.1365e-05,6.1365e-05,6.1365e-05,1,1,1,1,1
8,50,6.7333e-05,1,6.7333e-05,6.7333e-05,6.7333e-05,1,1,1,1,1
8,50,7.9139e-05,1,7.9139e-05,7.9139e-05,7.9139e-05,1,1,1,1,1
8,50,6.8068e-05,1,6.8068e-05,6.8068e-05,6.8068e-05,1,1,1,1,1
8,50,0.000155112,1,0.000155112,0.000155112,0.000155112,3,1,3,3,3
8,50,6.727e-05,1,6.727e-05,6.727e-05,6.727e-05,1,1,1,1,1
8,50,9.5063e-05,1,9.5063e-05,9.5063e-05,9.5063e-05,1,1,1,1,1
8,50,7.1107e-05,1,7.1107e-05,7.1107e-05,7.1107e-05,1,1,1,1,1
8,50,0.000140806,1,0.000140806,0.000140806,0.000140806,1,1,1,1,1
8,50,5.6358e-05,1,5.6358e-05,5.6358e-05,5.6358e-05,1,1,1,1,1
8,50,0.000238897,1,0.000238897,0.000238897,0.000238897,3,1,3,3,3
8,50,7.747e-05,1,7.747e-05,7.747e-05,7.747e-05,1,1,1,1,1
8,50,7.2695e-05,1,7.2695e-05,7.2695e-05,7.2695e-05,1,1,1,1,1
8,50,7.0655e-05,1,7.0655e-05,7.0655e-05,7.0655e-05,1,1,1,1,1
8,50,8.329e-05,1,8.329e-05,8.329e-05,8.329e-05,1,1,1,1,1
8,50,9.7682e-05,1,9.7682e-05,9.7682e-05,9.7682e-05,1,1,1,1,1
8,50,8.0881e-05,1,8.0881e-05,8.0881e-05,8.0881e-05,1,1,1,1,1
8,50,9.2872e-05,1,9.2872e-05,9.2872e-05,9.2872e-05,1,1,1,1,1
8,50,8.0594e-05,1,8.0594e-05,8.0594e-05,8.0594e-05,1,1,1,1,1
8,50,6.9913e-05,1,6.9913e-05,6.9913e-05,6.9913e-05,1,1,1,1,1
8,50,0.000190706,1,0.000190706,0.000190706,0.000190706,3,1,3,3,3
8,50,0.000750308,1,0.000750308,0.000750308,0.000750308,25,1,25,25,25
8,50,7.0423e-05,1,7.0423e-05,7.0423e-05,7.0423e-05,1,1,1,1,1
8,50,6.8728e-05,1,6.8728e-05,6.8728e-05,6.8728e-05,1,1,1,1,1
8,50,6.5818e-05,1,6.5818e-05,6.5818e-05,6.5818e-05,1,1,1,1,1
8,50,9.4528e-05,1,9.4528e-05,9.4528e-05,9.4528e-05,1,1,1,1,1
8,50,6.1983e-05,1,6.1983e-05,6.1983e-05,6.1983e-05,1,1,1,1,1
8,50,7.9313e-05,1,7.9313e-05,7.9313e-05,7.9313e-05,1,1,1,1,1
8,50,7.8902e-05,1,7.8902e-05,7.8902e-05,7.8902e-05,1,1,1,1,1
8,50,6.6278e-05,1,6.6278e-05,6.6278e-05,6.6278e-05,1,1,1,1,1
8,50,0.000182666,1,0.000182666,0.000182666,0.000182666,3,1,3,3,3
8,50,0.000248994,1,0.000248994,0.000248994,0.000248994,5,1,5,5,5
8,50,0.000100869,1,0.000100869,0.000100869,0.000100869,1,1,1,1,1
8,50,9.226e-05,1,9.226e-05,9.226e-05,9.226e-05,1,1,1,1,1
8,50,0.00024096,1,0.00024096,0.00024096,0.00024096,3,1,3,3,3
8,50,6.9945e-05,1,6.9945e-05,6.9945e-05,6.9945e-05,1,1,1,1,1
8,50,7.1513e-05,1,7.1513e-05,7.1513e-05,7.1513e-05,1,1,1,1,1
8,50,7.7803e-05,1,7.7803e-05,7.7803e-05,7.7803e-05,1,1,1,1,1
8,50,7.1165e-05,1,7.1165e-05,7.1165e-05,7.1165e-05,1,1,1,1,1
8,50,6.8307e-05,1,6.8307e-05,6.8307e-05,6.8307e-05,1,1,1,1,1
8,50,8.3622e-05,1,8.3622e-05,8.3622e-05,8.3622e-05,1,1,1,1,1
8,50,9.3402e-05,1,9.3402e-05,9.3402e-05,9.3402e-05,1,1,1,1,1
8,50,0.000167929,1,0.000167929,0.000167929,0.000167929,3,1,3,3,3
8,50,6.3176e-05,1,6.3176e-05,6.3176e-05,6.3176e-05,1,1,1,1,1
8,50,6.9953e-05,1,6.9953e-05,6.9953e-05,6.9953e-05,1,1,1,1,1
8,50,7.8586e-05,1,7.8586e-05,7.8586e-05,7.8586e-05,1,1,1,1,1
8,50,0.000115423,1,0.000115423,0.000115423,0.000115423,1,1,1,1,1
8,50,9.0025e-05,1,9.0025e-05,9.0025e-05,9.0025e-05,1,1,1,1,1
8,50,7.6345e-05,1,7.6345e-05,7.6345e-05,7.6345e-05,1,1,1,1,1
8,50,8.6243e-05,1,8.6243e-05,8.6243e-05,8.6243e-05,1,1,1,1,1
8,50,6.1696e-05,1,6.1696e-05,6.1696e-05,6.1696e-05,1,1,1,1,1
8,50,6.4359e-05,1,6.4359e-05,6.4359e-05,6.4359e-05,1,1,1,1,1
8,50,6.7958e-05,1,6.7958e-05,6.7958e-05,6.7958e-05,1,1,1,1,1
8,50,8.0332e-05,1,8.0332e-05,8.0332e-05,8.0332e-05,1,1,1,1,1
8,50,0.000410155,1,0.000410155,0.000410155,0.000410155,9,1,9,9,9
8,50,0.00032905,1,0.00032905,0.00032905,0.00032905,7,1,7,7,7
8,50,6.6974e-05,1,6.6974e-05,6.6974e-05,6.6974e-05,1,1,1,1,1
8,50,8.7704e-05,1,8.7704e-05,8.7704e-05,8.7704e-05,1,1,1,1,1
8,50,6.3519e-05,1,6.3519e-05,6.3519e-05,6.3519e-05,1,1,1,1,1
8,50,6.5376e-05,1,6.5376e-05,6.5376e-05,6.5376e-05,1,1,1,1,1
8,50,6.7462e-05,1,6.7462e-05,6.7462e-05,6.7462e-05,1,1,1,1,1
8,50,6.7577e-05,1,6.7577e-05,6.7577e-05,6.7577e-05,1,1,1,1,1
8,50,0.000144619,1,0.000144619,0.000144619,0.000144619,1,1,1,1,1
8,50,7.1428e-05,1,7.1428e-05,7.1428e-05,7.1428e-05,1,1,1,1,1
8,50,0.000119437,1,0.000119437,0.000119437,0.000119437,1,1,1,1,1
8,50,8.9032e-05,1,8.9032e-05,8.9032e-05,8.9032e-05,1,1,1,1,1
8,50,0.000519977,1,0.000519977,0.000519977,0.000519977,13,1,13,13,13
8,50,7.0427e-05,1,7.0427e-05,7.0427e-05,7.0427e-05,1,1,1,1,1
8,50,0.000111011,1,0.000111011,0.000111011,0.000111011,1,1,1,1,1
8,50,6.375e-05,1,6.375e-05,6.375e-05,6.375e-05,1,1,1,1,1
8,50,9.5314e-05,1,9.5314e-05,9.5314e-05,9.5314e-05,1,1,1,1,1
8,50,8.1639e-05,1,8.1639e-05,8.1639e-05,8.1639e-05,1,1,1,1,1
8,50,5.6335e-05,1,5.6335e-05,5.6335e-05,5.6335e-05,1,1,1,1,1
8,50,6.9597e-05,1,6.9597e-05,6.9597e-05,6.9597e-05,1,1,1,1,1
8,50,0.000257862,1,0.000257862,0.000257862,0.000257862,5,1,5,5,5
8,50,0.000174932,1,0.000174932,0.000174932,0.000174932,3,1,3,3,3
8,50,7.9767e-05,1,7.9767e-05,7.9767e-05,7.9767e-05,1,1,1,1,1
8,50,0.000456076,1,0.000456076,0.000456076,0.000456076,11,1,11,11,11
8,50,8.5794e-05,1,8.5794e-05,8.5794e-05,8.5794e-05,1,1,1,1,1
8,50,0.000103691,1,0.000103691,0.000103691,0.000103691,1,1,1,1,1
8,50,6.861e-05,1,6.861e-05,6.861e-05,6.861e-05,1,1,1,1,1
8,50,6.8491e-05,1,6.8491e-05,6.8491e-05,6.8491e-05,1,1,1,1,1
8,50,6.8402e-05,1,6.8402e-05,6.8402e-05,6.8402e-05,1,1,1,1,1
8,50,0.000113552,1,0.000113552,0.000113552,0.000113552,1,1,1,1,1
8,50,7.2755e-05,1,7.2755e-05,7.2755e-05,7.2755e-05,1,1,1,1,1
8,50,0.000134619,1,0.000134619,0.000134619,0.000134619,1,1,1,1,1
8,50,6.948e-05,1,6.948e-05,6.948e-05,6.948e-05,1,1,1,1,1
8,50,0.000164771,1,0.000164771,0.000164771,0.000164771,3,1,3,3,3
8,50,0.00023122,1,0.00023122,0.00023122,0.00023122,5,1,5,5,5
8,50,6.8296e-05,1,6.8296e-05,6.8296e-05,6.8296e-05,1,1,1,1,1
8,50,7.0961e-05,1,7.0961e-05,7.0961e-05,7.0961e-05,1,1,1,1,1
8,50,7.1323e-05,1,7.1323e-05,7.1323e-05,7.1323e-05,1,1,1,1,1
8,50,7.7775e-05,1,7.7775e-05,7.7775e-05,7.7775e-05,1,1,1,1,1
8,50,6.7359e-05,1,6.7359e-05,6.7359e-05,6.7359e-05,1,1,1,1,1
8,50,6.4664e-05,1,6.4664e-05,6.4664e-05,6.4664e-05,1,1,1,1,1
8,50,7.8486e-05,1,7.8486e-05,7.8486e-05,7.8486e-05,1,1,1,1,1
8,50,0.000135945,1,0.000135945,0.000135945,0.000135945,1,1,1,1,1
8,50,0.000180689,1,0.000180689,0.000180689,0.000180689,5,1,5,5,5
8,50,6.4688e-05,1,6.4688e-05,6.4688e-05,6.4688e-05,1,1,1,1,1
8,50,7.709e-05,1,7.709e-05,7.709e-05,7.709e-05,1,1,1,1,1
8,50,8.0607e-05,1,8.0607e-05,8.0607e-05,8.0607e-05,1,1,1,1,1
8,50,8.4496e-05,1,8.4496e-05,8.4496e-05,8.4496e-05,1,1,1,1,1
8,50,6.3108e-05,1,6.3108e-05,6.3108e-05,6.3108e-05,1,1,1,1,1
8,50,7.8974e-05,1,7.8974e-05,7.8974e-05,7.8974e-05,1,1,1,1,1
8,50,6.9292e-05,1,6.9292e-05,6.9292e-05,6.9292e-05,1,1,1,1,1
8,50,5.8841e-05,1,5.8841e-05,5.8841e-05,5.8841e-05,1,1,1,1,1
8,50,6.1876e-05,1,6.1876e-05,6.1876e-05,6.1876e-05,1,1,1,1,1
8,50,6.1105e-05,1,6.1105e-05,6.1105e-05,6.1105e-05,1,1,1,1,1
8,50,6.3651e-05,1,6.3651e-05,6.3651e-05,6.3651e-05,1,1,1,1,1
8,50,6.1551e-05,1,6.1551e-05,6.1551e-05,6.1551e-05,1,1,1,1,1
8,50,0.000745614,1,0.000745614,0.000745614,0.000745614,21,1,21,21,21
8,50,7.7731e-05,1,7.7731e-05,7.7731e-05,7.7731e-05,1,1,1,1,1
8,50,7.4445e-05,1,7.4445e-05,7.4445e-05,7.4445e-05,1,1,1,1,1
8,50,9.8099e-05,1,9.8099e-05,9.8099e-05,9.8099e-05,1,1,1,1,1
8,50,0.000195576,1,0.000195576,0.000195576,0.000195576,3,1,3,3,3
8,50,0.000745953,1,0.000745953,0.000745953,0.000745953,19,1,19,19,19
8,50,0.000285956,1,0.000285956,0.000285956,0.000285956,5,1,5,5,5
8,50,7.1011e-05,1,7.1011e-05,7.1011e-05,7.1011e-05,1,1,1,1,1
8,50,6.5962e-05,1,6.5962e-05,6.5962e-05,6.5962e-05,1,1,1,1,1
8,50,6.6772e-05,1,6.6772e-05,6.6772e-05,6.6772e-05,1,1,1,1,1
8,50,8.1567e-05,1,8.1567e-05,8.1567e-05,8.1567e-05,1,1,1,1,1
8,50,9.1072e-05,1,9.1072e-05,9.1072e-05,9.1072e-05,1,1,1,1,1
8,50,9.5665e-05,1,9.5665e-05,9.5665e-05,9.5665e-05,1,1,1,1,1
8,50,0.000474509,1,0.000474509,0.000474509,0.000474509,11,1,11,11,11
8,50,6.3839e-05,1,6.3839e-05,6.3839e-05,6.3839e-05,1,1,1,1,1
8,50,0.00012359,1,0.00012359,0.00012359,0.00012359,1,1,1,1,1
8,50,7.3508e-05,1,7.3508e-05,7.3508e-05,7.3508e-05,1,1,1,1,1
8,50,0.000246207,1,0.000246207,0.000246207,0.000246207,5,1,5,5,5
8,50,0.000343939,1,0.000343939,0.000343939,0.000343939,7,1,7,7,7
8,50,0.00012143,1,0.00012143,0.00012143,0.00012143,1,1,1,1,1
8,50,0.000106826,1,0.000106826,0.000106826,0.000106826,1,1,1,1,1
8,50,7.1664e-05,1,7.1664e-05,7.1664e-05,7.1664e-05,1,1,1,1,1
8,50,9.7783e-05,1,9.7783e-05,9.7783e-05,9.7783e-05,1,1,1,1,1
8,50,0.000228447,1,0.000228447,0.000228447,0.000228447,7,1,7,7,7
8,50,0.000317658,1,0.000317658,0.000317658,0.000317658,7,1,7,7,7
8,50,0.00045683,1,0.00045683,0.00045683,0.00045683,11,1,11,11,11
8,50,9.9208e-05,1,9.9208e-05,9.9208e-05,9.9208e-05,1,1,1,1,1
8,50,7.4975e-05,1,7.4975e-05,7.4975e-05,7.4975e-05,1,1,1,1,1
8,50,7.1373e-05,1,7.1373e-05,7.1373e-05,7.1373e-05,1,1,1,1,1
8,50,7.1176e-05,1,7.1176e-05,7.1176e-05,7.1176e-05,1,1,1,1,1
8,50,8.376e-05,1,8.376e-05,8.376e-05,8.376e-05,1,1,1,1,1
8,50,8.8607e-05,1,8.8607e-05,8.8607e-05,8.8607e-05,1,1,1,1,1
8,50,7.1233e-05,1,7.1233e-05,7.1233e-05,7.1233e-05,1,1,1,1,1
8,50,6.8065e-05,1,6.8065e-05,6.8065e-05,6.8065e-05,1,1,1,1,1
8,50,0.000123597,1,0.000123597,0.000123597,0.000123597,1,1,1,1,1
8,50,0.000471826,1,0.000471826,0.000471826,0.000471826,11,1,11,11,11
8,50,7.0945e-05,1,7.0945e-05,7.0945e-05,7.0945e-05,1,1,1,1,1
8,50,8.4213e-05,1,8.4213e-05,8.4213e-05,8.4213e-05,1,1,1,1,1
8,50,7.1611e-05,1,7.1611e-05,7.1611e-05,7.1611e-05,1,1,1,1,1
8,50,7.2822e-05,1,7.2822e-05,7.2822e-05,7.2822e-05,1,1,1,1,1
8,50,0.000118446,1,0.000118446,0.000118446,0.000118446,1,1,1,1,1
8,50,0.000495507,1,0.000495507,0.000495507,0.000495507,11,1,11,11,11
8,50,9.7092e-05,1,9.7092e-05,9.7092e-05,9.7092e-05,1,1,1,1,1
8,50,0.000182289,1,0.000182289,0.000182289,0.000182289,3,1,3,3,3
8,50,6.7027e-05,1,6.7027e-05,6.7027e-05,6.7027e-05,1,1,1,1,1
8,50,7.7434e-05,1,7.7434e-05,7.7434e-05,7.7434e-05,1,1,1,1,1
8,50,0.000671736,1,0.000671736,0.000671736,0.000671736,19,1,19,19,19
8,50,6.6731e-05,1,6.6731e-05,6.6731e-05,6.6731e-05,1,1,1,1,1
8,50,9.0758e-05,1,9.0758e-05,9.0758e-05,9.0758e-05,1,1,1,1,1
8,50,7.1147e-05,1,7.1147e-05,7.1147e-05,7.1147e-05,1,1,1,1,1
8,50,6.0984e-05,1,6.0984e-05,6.0984e-05,6.0984e-05,1,1,1,1,1
8,50,0.0001103,1,0.0001103,0.0001103,0.0001103,1,1,1,1,1
8,50,8.1826e-05,1,8.1826e-05,8.1826e-05,8.1826e-05,1,1,1,1,1
8,50,9.8596e-05,1,9.8596e-05,9.8596e-05,9.8596e-05,1,1,1,1,1
8,50,7.082e-05,1,7.082e-05,7.082e-05,7.082e-05,1,1,1,1,1
8,50,7.0724e-05,1,7.0724e-05,7.0724e-05,7.0724e-05,1,1,1,1,1
8,50,6.6782e-05,1,6.6782e-05,6.6782e-05,6.6782e-05,1,1,1,1,1
8,50,0.000101951,1,0.000101951,0.000101951,0.000101951,1,1,1,1,1
8,50,9.6781e-05,1,9.6781e-05,9.6781e-05,9.6781e-05,1,1,1,1,1
8,50,0.000559785,1,0.000559785,0.000559785,0.000559785,15,1,15,15,15
8,50,0.000103385,1,0.000103385,0.000103385,0.000103385,1,1,1,1,1
8,50,0.0001183,1,0.0001183,0.0001183,0.0001183,1,1,1,1,1
8,50,6.5412e-05,1,6.5412e-05,6.5412e-05,6.5412e-05,1,1,1,1,1
8,50,9.32e-05,1,9.32e-05,9.32e-05,9.32e-05,1,1,1,1,1
8,50,0.00016907,1,0.00016907,0.00016907,0.00016907,3,1,3,3,3
8,50,7.1453e-05,1,7.1453e-05,7.1453e-05,7.1453e-05,1,1,1,1,1
8,50,0.00065412,1,0.00065412,0.00065412,0.00065412,19,1,19,19,19
8,50,0.000411563,1,0.000411563,0.000411563,0.000411563,9,1,9,9,9
8,50,6.782e-05,1,6.782e-05,6.782e-05,6.782e-05,1,1,1,1,1
8,50,0.000107957,1,0.000107957,0.000107957,0.000107957,1,1,1,1,1
8,50,0.000110012,1,0.000110012,0.000110012,0.000110012,1,1,1,1,1
8,50,8.4532e-05,1,8.4532e-05,8.4532e-05,8.4532e-05,1,1,1,1,1
8,50,7.4032e-05,1,7.4032e-05,7.4032e-05,7.4032e-05,1,1,1,1,1
8,50,6.8754e-05,1,6.8754e-05,6.8754e-05,6.8754e-05,1,1,1,1,1
8,50,7.7998e-05,1,7.7998e-05,7.7998e-05,7.7998e-05,1,1,1,1,1
8,50,8.0567e-05,1,8.0567e-05,8.0567e-05,8.0567e-05,1,1,1,1,1
8,50,0.000115135,1,0.000115135,0.000115135,0.000115135,1,1,1,1,1
8,50,0.000165933,1,0.000165933,0.000165933,0.000165933,3,1,3,3,3
8,50,7.1899e-05,1,7.1899e-05,7.1899e-05,7.1899e-05,1,1,1,1,1
8,50,6.6401e-05,1,6.6401e-05,6.6401e-05,6.6401e-05,1,1,1,1,1
8,50,7.536e-05,1,7.536e-05,7.536e-05,7.536e-05,1,1,1,1,1
8,50,7.2524e-05,1,7.2524e-05,7.2524e-05,7.2524e-05,1,1,1,1,1
8,50,0.000188626,1,0.000188626,0.000188626,0.000188626,3,1,3,3,3
8,50,0.00015942,1,0.00015942,0.00015942,0.00015942,1,1,1,1,1
8,50,6.9631e-05,1,6.9631e-05,6.9631e-05,6.9631e-05,1,1,1,1,1
8,50,0.000341458,1,0.000341458,0.000341458,0.000341458,7,1,7,7,7
8,50,8.0234e-05,1,8.0234e-05,8.0234e-05,8.0234e-05,1,1,1,1,1
8,50,0.0013742,1,0.0013742,0.0013742,0.0013742,41,1,41,41,41
8,50,0.000126458,1,0.000126458,0.000126458,0.000126458,1,1,1,1,1
8,50,0.000102459,1,0.000102459,0.000102459,0.000102459,1,1,1,1,1
8,50,8.2933e-05,1,8.2933e-05,8.2933e-05,8.2933e-05,1,1,1,1,1
8,50,5.9225e-05,1,5.9225e-05,5.9225e-05,5.9225e-05,1,1,1,1,1
8,50,0.000113575,1,0.000113575,0.000113575,0.000113575,1,1,1,1,1
8,50,0.000795537,1,0.000795537,0.000795537,0.000795537,29,1,29,29,29
8,50,8.0048e-05,1,8.0048e-05,8.0048e-05,8.0048e-05,1,1,1,1,1
8,50,8.4274e-05,1,8.4274e-05,8.4274e-05,8.4274e-05,1,1,1,1,1
8,50,0.000126476,1,0.000126476,0.000126476,0.000126476,1,1,1,1,1
8,50,6.9768e-05,1,6.9768e-05,6.9768e-05,6.9768e-05,1,1,1,1,1
8,50,8.1066e-05,1,8.1066e-05,8.1066e-05,8.1066e-05,1,1,1,1,1
8,50,0.00025607,1,0.00025607,0.00025607,0.00025607,3,1,3,3,3
8,50,0.000113295,1,0.000113295,0.000113295,0.000113295,1,1,1,1,1
8,50,6.9555e-05,1,6.9555e-05,6.9555e-05,6.9555e-05,1,1,1,1,1
8,50,7.3185e-05,1,7.3185e-05,7.3185e-05,7.3185e-05,1,1,1,1,1
8,50,0.000124829,1,0.000124829,0.000124829,0.000124829,1,1,1,1,1
8,50,6.3783e-05,1,6.3783e-05,6.3783e-05,6.3783e-05,1,1,1,1,1
8,50,6.5968e-05,1,6.5968e-05,6.5968e-05,6.5968e-05,1,1,1,1,1
8,50,0.000189582,1,0.000189582,0.000189582,0.000189582,3,1,3,3,3
8,50,9.8037e-05,1,9.8037e-05,9.8037e-05,9.8037e-05,1,1,1,1,1
8,50,8.663e-05,1,8.663e-05,8.663e-05,8.663e-05,1,1,1,1,1
8,50,7.4589e-05,1,7.4589e-05,7.4589e-05,7.4589e-05,1,1,1,1,1
8,50,0.000103,1,0.000103,0.000103,0.000103,1,1,1,1,1
8,50,7.6396e-05,1,7.6396e-05,7.6396e-05,7.6396e-05,1,1,1,1,1
8,50,0.000102486,1,0.000102486,0.000102486,0.000102486,1,1,1,1,1
8,50,0.000100012,1,0.000100012,0.000100012,0.000100012,1,1,1,1,1
8,50,9.8104e-05,1,9.8104e-05,9.8104e-05,9.8104e-05,1,1,1,1,1
8,50,9.903e-05,1,9.903e-05,9.903e-05,9.903e-05,1,1,1,1,1
8,50,0.00019881,1,0.00019881,0.00019881,0.00019881,3,1,3,3,3
8,50,0.000623982,1,0.000623982,0.000623982,0.000623982,15,1,15,15,15
8,50,7.1178e-05,1,7.1178e-05,7.1178e-05,7.1178e-05,1,1,1,1,1
8,50,7.149e-05,1,7.149e-05,7.149e-05,7.149e-05,1,1,1,1,1
8,50,0.000151361,1,0.000151361,0.000151361,0.000151361,3,1,3,3,3
8,50,7.9882e-05,1,7.9882e-05,7.9882e-05,7.9882e-05,1,1,1,1,1
8,50,7.445e-05,1,7.445e-05,7.445e-05,7.445e-05,1,1,1,1,1
8,50,6.7179e-05,1,6.7179e-05,6.7179e-05,6.7179e-05,1,1,1,1,1
8,50,0.000103069,1,0.000103069,0.000103069,0.000103069,1,1,1,1,1
8,50,7.8026e-05,1,7.8026e-05,7.8026e-05,7.8026e-05,1,1,1,1,1
8,50,9.6463e-05,1,9.6463e-05,9.6463e-05,9.6463e-05,1,1,1,1,1
8,50,9.8919e-05,1,9.8919e-05,9.8919e-05,9.8919e-05,1,1,1,1,1
8,50,7.4692e-05,1,7.4692e-05,7.4692e-05,7.4692e-05,1,1,1,1,1
8,50,0.000193254,1,0.000193254,0.000193254,0.000193254,5,1,5,5,5
8,50,0.000124932,1,0.000124932,0.000124932,0.000124932,1,1,1,1,1
8,50,7.2305e-05,1,7.2305e-05,7.2305e-05,7.2305e-05,1,1,1,1,1
8,50,0.000100305,1,0.000100305,0.000100305,0.000100305,1,1,1,1,1
8,50,6.9653e-05,1,6.9653e-05,6.9653e-05,6.9653e-05,1,1,1,1,1
8,50,0.000112221,1,0.000112221,0.000112221,0.000112221,1,1,1,1,1
8,50,0.000164466,1,0.000164466,0.000164466,0.000164466,3,1,3,3,3
8,50,6.9427e-05,1,6.9427e-05,6.9427e-05,6.9427e-05,1,1,1,1,1
8,50,0.000316142,1,0.000316142,0.000316142,0.000316142,9,1,9,9,9
8,50,0.00017286,1,0.00017286,0.00017286,0.00017286,3,1,3,3,3
8,50,9.094e-05,1,9.094e-05,9.094e-05,9.094e-05,1,1,1,1,1
8,50,0.000112523,1,0.000112523,0.000112523,0.000112523,1,1,1,1,1
8,50,7.7244e-05,1,7.7244e-05,7.7244e-05,7.7244e-05,1,1,1,1,1
8,50,7.8553e-05,1,7.8553e-05,7.8553e-05,7.8553e-05,1,1,1,1,1
8,50,6.7603e-05,1,6.7603e-05,6.7603e-05,6.7603e-05,1,1,1,1,1
8,50,9.5399e-05,1,9.5399e-05,9.5399e-05,9.5399e-05,1,1,1,1,1
8,50,0.000102164,1,0.000102164,0.000102164,0.000102164,1,1,1,1,1
8,50,0.000107346,1,0.000107346,0.000107346,0.000107346,1,1,1,1,1
8,50,0.000233038,1,0.000233038,0.000233038,0.000233038,3,1,3,3,3
8,50,5.5411e-05,1,5.5411e-05,5.5411e-05,5.5411e-05,1,1,1,1,1
8,50,0.000106969,1,0.000106969,0.000106969,0.000106969,1,1,1,1,1
8,50,8.7122e-05,1,8.7122e-05,8.7122e-05,8.7122e-05,1,1,1,1,1
8,50,7.6367e-05,1,7.6367e-05,7.6367e-05,7.6367e-05,1,1,1,1,1
8,50,0.000109947,1,0.000109947,0.000109947,0.000109947,1,1,1,1,1
8,50,7.3347e-05,1,7.3347e-05,7.3347e-05,7.3347e-05,1,1,1,1,1
8,50,7.3631e-05,1,7.3631e-05,7.3631e-05,7.3631e-05,1,1,1,1,1
8,50,6.5684e-05,1,6.5684e-05,6.5684e-05,6.5684e-05,1,1,1,1,1
8,50,8.2505e-05,1,8.2505e-05,8.2505e-05,8.2505e-05,1,1,1,1,1
8,50,7.2005e-05,1,7.2005e-05,7.2005e-05,7.2005e-05,1,1,1,1,1
8,50,6.1423e-05,1,6.1423e-05,6.1423e-05,6.1423e-05,1,1,1,1,1
8,50,9.6056e-05,1,9.6056e-05,9.6056e-05,9.6056e-05,1,1,1,1,1
8,50,8.6525e-05,1,8.6525e-05,8.6525e-05,8.6525e-05,1,1,1,1,1
8,50,0.000257453,1,0.000257453,0.000257453,0.000257453,5,1,5,5,5
8,50,8.0116e-05,1,8.0116e-05,8.0116e-05,8.0116e-05,1,1,1,1,1
8,50,5.7145e-05,1,5.7145e-05,5.7145e-05,5.7145e-05,1,1,1,1,1
8,50,0.000283511,1,0.000283511,0.000283511,0.000283511,5,1,5,5,5
8,50,0.000114187,1,0.000114187,0.000114187,0.000114187,1,1,1,1,1
8,50,7.8801e-05,1,7.8801e-05,7.8801e-05,7.8801e-05,1,1,1,1,1
8,50,0.000416465,1,0.000416465,0.000416465,0.000416465,7,1,7,7,7
8,50,0.000697487,1,0.000697487,0.000697487,0.000697487,19,1,19,19,19
8,50,7.9382e-05,1,7.9382e-05,7.9382e-05,7.9382e-05,1,1,1,1,1
8,50,6.6792e-05,1,6.6792e-05,6.6792e-05,6.6792e-05,1,1,1,1,1
8,50,0.000102078,1,0.000102078,0.000102078,0.000102078,1,1,1,1,1
8,50,6.5946e-05,1,6.5946e-05,6.5946e-05,6.5946e-05,1,1,1,1,1
8,50,0.000329897,1,0.000329897,0.000329897,0.000329897,7,1,7,7,7
8,50,7.1717e-05,1,7.1717e-05,7.1717e-05,7.1717e-05,1,1,1,1,1
8,50,6.627e-05,1,6.627e-05,6.627e-05,6.627e-05,1,1,1,1,1
8,50,0.000133221,1,0.000133221,0.000133221,0.000133221,3,1,3,3,3
8,50,0.000113295,1,0.000113295,0.000113295,0.000113295,1,1,1,1,1
8,50,0.000453679,1,0.000453679,0.000453679,0.000453679,13,1,13,13,13
8,50,7.3928e-05,1,7.3928e-05,7.3928e-05,7.3928e-05,1,1,1,1,1
8,50,9.261e-05,1,9.261e-05,9.261e-05,9.261e-05,1,1,1,1,1
8,50,6.6439e-05,1,6.6439e-05,6.6439e-05,6.6439e-05,1,1,1,1,1
8,50,6.9401e-05,1,6.9401e-05,6.9401e-05,6.9401e-05,1,1,1,1,1
8,50,6.6429e-05,1,6.6429e-05,6.6429e-05,6.6429e-05,1,1,1,1,1
8,50,9.6133e-05,1,9.6133e-05,9.6133e-05,9.6133e-05,1,1,1,1,1
8,50,7.7768e-05,1,7.7768e-05,7.7768e-05,7.7768e-05,1,1,1,1,1
8,50,7.2675e-05,1,7.2675e-05,7.2675e-05,7.2675e-05,1,1,1,1,1
8,50,6.9711e-05,1,6.9711e-05,6.9711e-05,6.9711e-05,1,1,1,1,1
8,50,7.333e-05,1,7.333e-05,7.333e-05,7.333e-05,1,1,1,1,1
8,50,0.00072044,1,0.00072044,0.00072044,0.00072044,21,1,21,21,21
8,50,0.000682824,1,0.000682824,0.000682824,0.000682824,19,1,19,19,19
8,50,8.6012e-05,1,8.6012e-05,8.6012e-05,8.6012e-05,1,1,1,1,1
8,50,6.1052e-05,1,6.1052e-05,6.1052e-05,6.1052e-05,1,1,1,1,1
8,50,8.6953e-05,1,8.6953e-05,8.6953e-05,8.6953e-05,1,1,1,1,1
8,50,9.2408e-05,1,9.2408e-05,9.2408e-05,9.2408e-05,1,1,1,1,1
8,50,9.6502e-05,1,9.6502e-05,9.6502e-05,9.6502e-05,1,1,1,1,1
8,50,0.000525116,1,0.000525116,0.000525116,0.000525116,21,1,21,21,21
8,50,6.5494e-05,1,6.5494e-05,6.5494e-05,6.5494e-05,1,1,1,1,1
8,50,9.6518e-05,1,9.6518e-05,9.6518e-05,9.6518e-05,1,1,1,1,1
8,50,0.000100463,1,0.000100463,0.000100463,0.000100463,1,1,1,1,1
8,50,0.000113145,1,0.000113145,0.000113145,0.000113145,1,1,1,1,1
8,50,0.000977461,1,0.000977461,0.000977461,0.000977461,25,1,25,25,25
8,50,8.4089e-05,1,8.4089e-05,8.4089e-05,8.4089e-05,1,1,1,1,1
8,50,8.1461e-05,1,8.1461e-05,8.1461e-05,8.1461e-05,1,1,1,1,1
8,50,9.9874e-05,1,9.9874e-05,9.9874e-05,9.9874e-05,1,1,1,1,1
8,50,9.5756e-05,1,9.5756e-05,9.5756e-05,9.5756e-05,1,1,1,1,1
8,50,0.000106244,1,0.000106244,0.000106244,0.000106244,1,1,1,1,1
8,50,7.1329e-05,1,7.1329e-05,7.1329e-05,7.1329e-05,1,1,1,1,1
8,50,7.4943e-05,1,7.4943e-05,7.4943e-05,7.4943e-05,1,1,1,1,1
8,50,6.8291e-05,1,6.8291e-05,6.8291e-05,6.8291e-05,1,1,1,1,1
8,50,7.8557e-05,1,7.8557e-05,7.8557e-05,7.8557e-05,1,1,1,1,1
8,50,6.5465e-05,1,6.5465e-05,6.5465e-05,6.5465e-05,1,1,1,1,1
8,50,9.6367e-05,1,9.6367e-05,9.6367e-05,9.6367e-05,1,1,1,1,1
8,50,7.5284e-05,1,7.5284e-05,7.5284e-05,7.5284e-05,1,1,1,1,1
8,50,7.3802e-05,1,7.3802e-05,7.3802e-05,7.3802e-05,1,1,1,1,1
8,50,8.3438e-05,1,8.3438e-05,8.3438e-05,8.3438e-05,1,1,1,1,1
8,50,6.3802e-05,1,6.3802e-05,6.3802e-05,6.3802e-05,1,1,1,1,1
8,50,0.000124964,1,0.000124964,0.000124964,0.000124964,1,1,1,1,1
8,50,0.000409142,1,0.000409142,0.000409142,0.000409142,9,1,9,9,9
8,50,0.000112443,1,0.000112443,0.000112443,0.000112443,1,1,1,1,1
8,50,6.7828e-05,1,6.7828e-05,6.7828e-05,6.7828e-05,1,1,1,1,1
8,50,6.3538e-05,1,6.3538e-05,6.3538e-05,6.3538e-05,1,1,1,1,1
8,50,6.6581e-05,1,6.6581e-05,6.6581e-05,6.6581e-05,1,1,1,1,1
8,50,9.0587e-05,1,9.0587e-05,9.0587e-05,9.0587e-05,1,1,1,1,1
8,50,9.2202e-05,1,9.2202e-05,9.2202e-05,9.2202e-05,1,1,1,1,1
8,50,0.000113162,1,0.000113162,0.000113162,0.000113162,1,1,1,1,1
8,50,6.9368e-05,1,6.9368e-05,6.9368e-05,6.9368e-05,1,1,1,1,1
8,50,6.9514e-05,1,6.9514e-05,6.9514e-05,6.9514e-05,1,1,1,1,1
8,50,9.5345e-05,1,9.5345e-05,9.5345e-05,9.5345e-05,1,1,1,1,1
8,50,7.7042e-05,1,7.7042e-05,7.7042e-05,7.7042e-05,1,1,1,1,1
8,50,7.392e-05,1,7.392e-05,7.392e-05,7.392e-05,1,1,1,1,1
8,50,6.7945e-05,1,6.7945e-05,6.7945e-05,6.7945e-05,1,1,1,1,1
8,50,9.0313e-05,1,9.0313e-05,9.0313e-05,9.0313e-05,1,1,1,1,1
8,50,7.5454e-05,1,7.5454e-05,7.5454e-05,7.5454e-05,1,1,1,1,1
8,50,0.000114981,1,0.000114981,0.000114981,0.000114981,1,1,1,1,1
8,50,9.8612e-05,1,9.8612e-05,9.8612e-05,9.8612e-05,1,1,1,1,1
8,50,9.4501e-05,1,9.4501e-05,9.4501e-05,9.4501e-05,1,1,1,1,1
8,50,0.00104177,1,0.00104177,0.00104177,0.00104177,29,1,29,29,29
8,50,8.4826e-05,1,8.4826e-05,8.4826e-05,8.4826e-05,1,1,1,1,1
8,50,6.7714e-05,1,6.7714e-05,6.7714e-05,6.7714e-05,1,1,1,1,1
8,50,6.3623e-05,1,6.3623e-05,6.3623e-05,6.3623e-05,1,1,1,1,1
8,50,6.6524e-05,1,6.6524e-05,6.6524e-05,6.6524e-05,1,1,1,1,1
8,50,0.000451338,1,0.000451338,0.000451338,0.000451338,9,1,9,9,9
8,50,7.9268e-05,1,7.9268e-05,7.9268e-05,7.9268e-05,1,1,1,1,1
8,50,6.6888e-05,1,6.6888e-05,6.6888e-05,6.6888e-05,1,1,1,1,1
8,50,6.6879e-05,1,6.6879e-05,6.6879e-05,6.6879e-05,1,1,1,1,1
8,50,7.2531e-05,1,7.2531e-05,7.2531e-05,7.2531e-05,1,1,1,1,1
8,50,0.000103017,1,0.000103017,0.000103017,0.000103017,1,1,1,1,1
8,50,9.678e-05,1,9.678e-05,9.678e-05,9.678e-05,1,1,1,1,1
8,50,7.6584e-05,1,7.6584e-05,7.6584e-05,7.6584e-05,1,1,1,1,1
8,50,0.000139277,1,0.000139277,0.000139277,0.000139277,1,1,1,1,1
8,50,7.8146e-05,1,7.8146e-05,7.8146e-05,7.8146e-05,1,1,1,1,1
8,50,9.5648e-05,1,9.5648e-05,9.5648e-05,9.5648e-05,1,1,1,1,1
8,50,6.7856e-05,1,6.7856e-05,6.7856e-05,6.7856e-05,1,1,1,1,1
8,50,7.5058e-05,1,7.5058e-05,7.5058e-05,7.5058e-05,1,1,1,1,1
8,50,8.6998e-05,1,8.6998e-05,8.6998e-05,8.6998e-05,1,1,1,1,1
8,50,8.1807e-05,1,8.1807e-05,8.1807e-05,8.1807e-05,1,1,1,1,1
8,50,6.5992e-05,1,6.5992e-05,6.5992e-05,6.5992e-05,1,1,1,1,1
8,50,6.7509e-05,1,6.7509e-05,6.7509e-05,6.7509e-05,1,1,1,1,1
8,50,7.3068e-05,1,7.3068e-05,7.3068e-05,7.3068e-05,1,1,1,1,1
8,50,9.8273e-05,1,9.8273e-05,9.8273e-05,9.8273e-05,1,1,1,1,1
8,50,7.1166e-05,1,7.1166e-05,7.1166e-05,7.1166e-05,1,1,1,1,1
8,50,9.6279e-05,1,9.6279e-05,9.6279e-05,9.6279e-05,1,1,1,1,1
8,50,6.706e-05,1,6.706e-05,6.706e-05,6.706e-05,1,1,1,1,1
8,50,0.000262776,1,0.000262776,0.000262776,0.000262776,5,1,5,5,5
8,50,0.000100259,1,0.000100259,0.000100259,0.000100259,1,1,1,1,1
8,50,8.4672e-05,1,8.4672e-05,8.4672e-05,8.4672e-05,1,1,1,1,1
8,50,0.000591205,1,0.000591205,0.000591205,0.000591205,21,1,21,21,21
8,50,0.000139689,1,0.000139689,0.000139689,0.000139689,1,1,1,1,1
8,50,0.000120554,1,0.000120554,0.000120554,0.000120554,1,1,1,1,1
8,50,6.4284e-05,1,6.4284e-05,6.4284e-05,6.4284e-05,1,1,1,1,1
8,50,9.6114e-05,1,9.6114e-05,9.6114e-05,9.6114e-05,1,1,1,1,1
8,50,0.000111477,1,0.000111477,0.000111477,0.000111477,1,1,1,1,1
8,50,6.5977e-05,1,6.5977e-05,6.5977e-05,6.5977e-05,1,1,1,1,1
8,50,6.8338e-05,1,6.8338e-05,6.8338e-05,6.8338e-05,1,1,1,1,1
8,50,6.9965e-05,1,6.9965e-05,6.9965e-05,6.9965e-05,1,1,1,1,1
8,50,6.267e-05,1,6.267e-05,6.267e-05,6.267e-05,1,1,1,1,1
8,50,9.2407e-05,1,9.2407e-05,9.2407e-05,9.2407e-05,1,1,1,1,1
8,50,6.9164e-05,1,6.9164e-05,6.9164e-05,6.9164e-05,1,1,1,1,1
8,50,7.571e-05,1,7.571e-05,7.571e-05,7.571e-05,1,1,1,1,1
8,50,8.8532e-05,1,8.8532e-05,8.8532e-05,8.8532e-05,1,1,1,1,1
8,50,0.000185225,1,0.000185225,0.000185225,0.000185225,3,1,3,3,3
8,50,0.000126045,1,0.000126045,0.000126045,0.000126045,1,1,1,1,1
8,50,7.5277e-05,1,7.5277e-05,7.5277e-05,7.5277e-05,1,1,1,1,1
8,50,8.484e-05,1,8.484e-05,8.484e-05,8.484e-05,1,1,1,1,1
8,50,7.0228e-05,1,7.0228e-05,7.0228e-05,7.0228e-05,1,1,1,1,1
8,50,8.9773e-05,1,8.9773e-05,8.9773e-05,8.9773e-05,1,1,1,1,1
8,50,0.000265517,1,0.000265517,0.000265517,0.000265517,7,1,7,7,7
8,50,0.000984337,1,0.000984337,0.000984337,0.000984337,27,1,27,27,27
8,50,0.000161482,1,0.000161482,0.000161482,0.000161482,3,1,3,3,3
8,50,0.00113002,1,0.00113002,0.00113002,0.00113002,37,1,37,37,37
8,50,6.0579e-05,1,6.0579e-05,6.0579e-05,6.0579e-05,1,1,1,1,1
8,50,7.4257e-05,1,7.4257e-05,7.4257e-05,7.4257e-05,1,1,1,1,1
8,50,8.3449e-05,1,8.3449e-05,8.3449e-05,8.3449e-05,1,1,1,1,1
8,50,0.000175028,1,0.000175028,0.000175028,0.000175028,3,1,3,3,3
8,50,9.0061e-05,1,9.0061e-05,9.0061e-05,9.0061e-05,1,1,1,1,1
8,50,7.1948e-05,1,7.1948e-05,7.1948e-05,7.1948e-05,1,1,1,1,1
8,50,9.7951e-05,1,9.7951e-05,9.7951e-05,9.7951e-05,1,1,1,1,1
8,50,7.2425e-05,1,7.2425e-05,7.2425e-05,7.2425e-05,1,1,1,1,1
8,50,7.667e-05,1,7.667e-05,7.667e-05,7.667e-05,1,1,1,1,1
8,50,8.1262e-05,1,8.1262e-05,8.1262e-05,8.1262e-05,1,1,1,1,1
8,50,6.5925e-05,1,6.5925e-05,6.5925e-05,6.5925e-05,1,1,1,1,1
8,50,0.000115942,1,0.000115942,0.000115942,0.000115942,1,1,1,1,1
8,50,5.645e-05,1,5.645e-05,5.645e-05,5.645e-05,1,1,1,1,1
8,50,0.000521557,1,0.000521557,0.000521557,0.000521557,13,1,13,13,13
8,50,0.000100891,1,0.000100891,0.000100891,0.000100891,1,1,1,1,1
8,50,0.000113958,1,0.000113958,0.000113958,0.000113958,1,1,1,1,1
8,50,6.465e-05,1,6.465e-05,6.465e-05,6.465e-05,1,1,1,1,1
8,50,6.6363e-05,1,6.6363e-05,6.6363e-05,6.6363e-05,1,1,1,1,1
8,50,9.8013e-05,1,9.8013e-05,9.8013e-05,9.8013e-05,1,1,1,1,1
8,50,9.7405e-05,1,9.7405e-05,9.7405e-05,9.7405e-05,1,1,1,1,1
8,50,0.000107905,1,0.000107905,0.000107905,0.000107905,1,1,1,1,1
8,50,7.775e-05,1,7.775e-05,7.775e-05,7.775e-05,1,1,1,1,1
8,50,0.000119544,1,0.000119544,0.000119544,0.000119544,3,1,3,3,3
8,50,9.8885e-05,1,9.8885e-05,9.8885e-05,9.8885e-05,1,1,1,1,1
8,50,9.8257e-05,1,9.8257e-05,9.8257e-05,9.8257e-05,1,1,1,1,1
8,50,0.000130381,1,0.000130381,0.000130381,0.000130381,1,1,1,1,1
8,50,0.000110414,1,0.000110414,0.000110414,0.000110414,1,1,1,1,1
8,50,8.2494e-05,1,8.2494e-05,8.2494e-05,8.2494e-05,1,1,1,1,1
8,50,0.000101074,1,0.000101074,0.000101074,0.000101074,1,1,1,1,1
8,50,0.000101058,1,0.000101058,0.000101058,0.000101058,1,1,1,1,1
8,50,6.4871e-05,1,6.4871e-05,6.4871e-05,6.4871e-05,1,1,1,1,1
8,50,0.000308703,1,0.000308703,0.000308703,0.000308703,5,1,5,5,5
8,50,6.8316e-05,1,6.8316e-05,6.8316e-05,6.8316e-05,1,1,1,1,1
8,50,8.6262e-05,1,8.6262e-05,8.6262e-05,8.6262e-05,1,1,1,1,1
8,50,6.773e-05,1,6.773e-05,6.773e-05,6.773e-05,1,1,1,1,1
8,50,0.000117877,1,0.000117877,0.000117877,0.000117877,1,1,1,1,1
8,50,6.4586e-05,1,6.4586e-05,6.4586e-05,6.4586e-05,1,1,1,1,1
8,50,6.1171e-05,1,6.1171e-05,6.1171e-05,6.1171e-05,1,1,1,1,1
8,50,0.000106976,1,0.000106976,0.000106976,0.000106976,1,1,1,1,1
8,50,9.6273e-05,1,9.6273e-05,9.6273e-05,9.6273e-05,1,1,1,1,1
8,50,6.6105e-05,1,6.6105e-05,6.6105e-05,6.6105e-05,1,1,1,1,1
8,50,0.000131971,1,0.000131971,0.000131971,0.000131971,3,1,3,3,3
8,50,7.2919e-05,1,7.2919e-05,7.2919e-05,7.2919e-05,1,1,1,1,1
8,50,9.6207e-05,1,9.6207e-05,9.6207e-05,9.6207e-05,1,1,1,1,1
8,50,7.2926e-05,1,7.2926e-05,7.2926e-05,7.2926e-05,1,1,1,1,1
8,50,6.5956e-05,1,6.5956e-05,6.5956e-05,6.5956e-05,1,1,1,1,1
8,50,0.000153244,1,0.000153244,0.000153244,0.000153244,3,1,3,3,3
8,50,6.1241e-05,1,6.1241e-05,6.1241e-05,6.1241e-05,1,1,1,1,1
8,50,7.1561e-05,1,7.1561e-05,7.1561e-05,7.1561e-05,1,1,1,1,1
8,50,0.000114305,1,0.000114305,0.000114305,0.000114305,1,1,1,1,1
8,50,6.4373e-05,1,6.4373e-05,6.4373e-05,6.4373e-05,1,1,1,1,1
8,50,7.7986e-05,1,7.7986e-05,7.7986e-05,7.7986e-05,1,1,1,1,1
8,50,6.6403e-05,1,6.6403e-05,6.6403e-05,6.6403e-05,1,1,1,1,1
8,50,6.9089e-05,1,6.9089e-05,6.9089e-05,6.9089e-05,1,1,1,1,1
8,50,0.000342515,1,0.000342515,0.000342515,0.000342515,7,1,7,7,7
8,50,8.5447e-05,1,8.5447e-05,8.5447e-05,8.5447e-05,1,1,1,1,1
8,50,5.4362e-05,1,5.4362e-05,5.4362e-05,5.4362e-05,1,1,1,1,1
8,50,0.000100646,1,0.000100646,0.000100646,0.000100646,1,1,1,1,1
8,50,0.000102502,1,0.000102502,0.000102502,0.000102502,1,1,1,1,1
8,50,9.5142e-05,1,9.5142e-05,9.5142e-05,9.5142e-05,1,1,1,1,1
8,50,7.1542e-05,1,7.1542e-05,7.1542e-05,7.1542e-05,1,1,1,1,1
8,50,6.79e-05,1,6.79e-05,6.79e-05,6.79e-05,1,1,1,1,1
8,50,0.000105154,1,0.000105154,0.000105154,0.000105154,1,1,1,1,1
8,50,6.6219e-05,1,6.6219e-05,6.6219e-05,6.6219e-05,1,1,1,1,1
8,50,0.000111209,1,0.000111209,0.000111209,0.000111209,1,1,1,1,1
8,50,9.4894e-05,1,9.4894e-05,9.4894e-05,9.4894e-05,1,1,1,1,1
8,50,7.478e-05,1,7.478e-05,7.478e-05,7.478e-05,1,1,1,1,1
8,50,8.8224e-05,1,8.8224e-05,8.8224e-05,8.8224e-05,1,1,1,1,1
8,50,7.0585e-05,1,7.0585e-05,7.0585e-05,7.0585e-05,1,1,1,1,1
8,50,7.1157e-05,1,7.1157e-05,7.1157e-05,7.1157e-05,1,1,1,1,1
8,50,8.7594e-05,1,8.7594e-05,8.7594e-05,8.7594e-05,1,1,1,1,1
8,50,0.000120962,1,0.000120962,0.000120962,0.000120962,1,1,1,1,1
8,50,6.7357e-05,1,6.7357e-05,6.7357e-05,6.7357e-05,1,1,1,1,1
8,50,7.0575e-05,1,7.0575e-05,7.0575e-05,7.0575e-05,1,1,1,1,1
8,50,8.7034e-05,1,8.7034e-05,8.7034e-05,8.7034e-05,1,1,1,1,1
8,50,0.000721409,1,0.000721409,0.000721409,0.000721409,23,1,23,23,23
8,50,7.6254e-05,1,7.6254e-05,7.6254e-05,7.6254e-05,1,1,1,1,1
8,50,6.7152e-05,1,6.7152e-05,6.7152e-05,6.7152e-05,1,1,1,1,1
8,50,0.000563076,1,0.000563076,0.000563076,0.000563076,13,1,13,13,13
8,50,9.2819e-05,1,9.2819e-05,9.2819e-05,9.2819e-05,1,1,1,1,1
8,50,9.3948e-05,1,9.3948e-05,9.3948e-05,9.3948e-05,1,1,1,1,1
8,50,0.000323269,1,0.000323269,0.000323269,0.000323269,5,1,5,5,5
8,50,6.8628e-05,1,6.8628e-05,6.8628e-05,6.8628e-05,1,1,1,1,1
8,50,6.49e-05,1,6.49e-05,6.49e-05,6.49e-05,1,1,1,1,1
8,50,7.5569e-05,1,7.5569e-05,7.5569e-05,7.5569e-05,1,1,1,1,1
8,50,6.8685e-05,1,6.8685e-05,6.8685e-05,6.8685e-05,1,1,1,1,1
8,50,0.000126399,1,0.000126399,0.000126399,0.000126399,1,1,1,1,1
8,50,0.00015958,1,0.00015958,0.00015958,0.00015958,3,1,3,3,3
8,50,7.6981e-05,1,7.6981e-05,7.6981e-05,7.6981e-05,1,1,1,1,1
8,50,8.2779e-05,1,8.2779e-05,8.2779e-05,8.2779e-05,1,1,1,1,1
8,50,0.00027003,1,0.00027003,0.00027003,0.00027003,5,1,5,5,5
8,50,9.4799e-05,1,9.4799e-05,9.4799e-05,9.4799e-05,1,1,1,1,1
8,50,9.7859e-05,1,9.7859e-05,9.7859e-05,9.7859e-05,1,1,1,1,1
8,50,7.9567e-05,1,7.9567e-05,7.9567e-05,7.9567e-05,1,1,1,1,1
8,50,0.00110379,1,0.00110379,0.00110379,0.00110379,55,1,55,55,55
8,50,0.000126101,1,0.000126101,0.000126101,0.000126101,1,1,1,1,1
8,50,7.4285e-05,1,7.4285e-05,7.4285e-05,7.4285e-05,1,1,1,1,1
8,50,7.6571e-05,1,7.6571e-05,7.6571e-05,7.6571e-05,1,1,1,1,1
8,50,6.4813e-05,1,6.4813e-05,6.4813e-05,6.4813e-05,1,1,1,1,1
8,50,8.4765e-05,1,8.4765e-05,8.4765e-05,8.4765e-05,1,1,1,1,1
8,50,0.000147042,1,0.000147042,0.000147042,0.000147042,3,1,3,3,3
8,50,9.6008e-05,1,9.6008e-05,9.6008e-05,9.6008e-05,1,1,1,1,1
8,50,0.000310598,1,0.000310598,0.000310598,0.000310598,9,1,9,9,9
8,50,8.7141e-05,1,8.7141e-05,8.7141e-05,8.7141e-05,1,1,1,1,1
8,50,8.3014e-05,1,8.3014e-05,8.3014e-05,8.3014e-05,1,1,1,1,1
8,50,0.000204201,1,0.000204201,0.000204201,0.000204201,3,1,3,3,3
8,50,6.6409e-05,1,6.6409e-05,6.6409e-05,6.6409e-05,1,1,1,1,1
8,50,6.6691e-05,1,6.6691e-05,6.6691e-05,6.6691e-05,1,1,1,1,1
8,50,0.000183214,1,0.000183214,0.000183214,0.000183214,3,1,3,3,3
8,50,0.000502443,1,0.000502443,0.000502443,0.000502443,11,1,11,11,11
8,50,0.000138418,1,0.000138418,0.000138418,0.000138418,1,1,1,1,1
8,50,9.9231e-05,1,9.9231e-05,9.9231e-05,9.9231e-05,1,1,1,1,1
8,50,0.000113904,1,0.000113904,0.000113904,0.000113904,1,1,1,1,1
8,50,8.233e-05,1,8.233e-05,8.233e-05,8.233e-05,1,1,1,1,1
8,50,6.7001e-05,1,6.7001e-05,6.7001e-05,6.7001e-05,1,1,1,1,1
8,50,8.0644e-05,1,8.0644e-05,8.0644e-05,8.0644e-05,1,1,1,1,1
8,50,7.5721e-05,1,7.5721e-05,7.5721e-05,7.5721e-05,1,1,1,1,1
8,50,0.000120253,1,0.000120253,0.000120253,0.000120253,1,1,1,1,1
8,50,7.356e-05,1,7.356e-05,7.356e-05,7.356e-05,1,1,1,1,1
8,50,7.1205e-05,1,7.1205e-05,7.1205e-05,7.1205e-05,1,1,1,1,1
8,50,0.000260505,1,0.000260505,0.000260505,0.000260505,5,1,5,5,5
8,50,8.5816e-05,1,8.5816e-05,8.5816e-05,8.5816e-05,1,1,1,1,1
8,50,6.6218e-05,1,6.6218e-05,6.6218e-05,6.6218e-05,1,1,1,1,1
8,50,7.2638e-05,1,7.2638e-05,7.2638e-05,7.2638e-05,1,1,1,1,1
8,50,9.7645e-05,1,9.7645e-05,9.7645e-05,9.7645e-05,1,1,1,1,1
8,50,0.00010032,1,0.00010032,0.00010032,0.00010032,1,1,1,1,1
8,50,0.000263946,1,0.000263946,0.000263946,0.000263946,5,1,5,5,5
8,50,0.000136418,1,0.000136418,0.000136418,0.000136418,1,1,1,1,1
8,50,0.000193447,1,0.000193447,0.000193447,0.000193447,3,1,3,3,3
8,50,6.9964e-05,1,6.9964e-05,6.9964e-05,6.9964e-05,1,1,1,1,1
8,50,7.3765e-05,1,7.3765e-05,7.3765e-05,7.3765e-05,1,1,1,1,1
8,50,0.000121585,1,0.000121585,0.000121585,0.000121585,1,1,1,1,1
8,50,9.2066e-05,1,9.2066e-05,9.2066e-05,9.2066e-05,1,1,1,1,1
8,50,6.1473e-05,1,6.1473e-05,6.1473e-05,6.1473e-05,1,1,1,1,1
8,50,0.000110272,1,0.000110272,0.000110272,0.000110272,1,1,1,1,1
8,50,7.6644e-05,1,7.6644e-05,7.6644e-05,7.6644e-05,1,1,1,1,1
8,50,6.3269e-05,1,6.3269e-05,6.3269e-05,6.3269e-05,1,1,1,1,1
8,50,8.3892e-05,1,8.3892e-05,8.3892e-05,8.3892e-05,1,1,1,1,1
8,50,5.7445e-05,1,5.7445e-05,5.7445e-05,5.7445e-05,1,1,1,1,1
8,50,7.2729e-05,1,7.2729e-05,7.2729e-05,7.2729e-05,1,1,1,1,1
8,50,8.8296e-05,1,8.8296e-05,8.8296e-05,8.8296e-05,1,1,1,1,1
8,50,7.5992e-05,1,7.5992e-05,7.5992e-05,7.5992e-05,1,1,1,1,1
8,50,8.5627e-05,1,8.5627e-05,8.5627e-05,8.5627e-05,1,1,1,1,1
8,50,7.5649e-05,1,7.5649e-05,7.5649e-05,7.5649e-05,1,1,1,1,1
8,50,6.858e-05,1,6.858e-05,6.858e-05,6.858e-05,1,1,1,1,1
8,50,9.3577e-05,1,9.3577e-05,9.3577e-05,9.3577e-05,1,1,1,1,1
8,50,0.00010158,1,0.00010158,0.00010158,0.00010158,1,1,1,1,1
8,50,7.7849e-05,1,7.7849e-05,7.7849e-05,7.7849e-05,1,1,1,1,1
8,50,0.000342606,1,0.000342606,0.000342606,0.000342606,7,1,7,7,7
8,50,0.000104001,1,0.000104001,0.000104001,0.000104001,1,1,1,1,1
8,50,9.971e-05,1,9.971e-05,9.971e-05,9.971e-05,1,1,1,1,1
8,50,6.6903e-05,1,6.6903e-05,6.6903e-05,6.6903e-05,1,1,1,1,1
8,50,9.6966e-05,1,9.6966e-05,9.6966e-05,9.6966e-05,1,1,1,1,1
8,50,0.000105901,1,0.000105901,0.000105901,0.000105901,1,1,1,1,1
8,50,6.5865e-05,1,6.5865e-05,6.5865e-05,6.5865e-05,1,1,1,1,1
8,50,0.000142232,1,0.000142232,0.000142232,0.000142232,1,1,1,1,1
8,50,0.000106415,1,0.000106415,0.000106415,0.000106415,1,1,1,1,1
8,50,8.9876e-05,1,8.9876e-05,8.9876e-05,8.9876e-05,1,1,1,1,1
8,50,7.0286e-05,1,7.0286e-05,7.0286e-05,7.0286e-05,1,1,1,1,1
8,50,0.000421813,1,0.000421813,0.000421813,0.000421813,9,1,9,9,9
8,50,8.0882e-05,1,8.0882e-05,8.0882e-05,8.0882e-05,1,1,1,1,1
8,50,7.7334e-05,1,7.7334e-05,7.7334e-05,7.7334e-05,1,1,1,1,1
8,50,7.2271e-05,1,7.2271e-05,7.2271e-05,7.2271e-05,1,1,1,1,1
8,50,5.6239e-05,1,5.6239e-05,5.6239e-05,5.6239e-05,1,1,1,1,1
8,50,6.1601e-05,1,6.1601e-05,6.1601e-05,6.1601e-05,1,1,1,1,1
8,50,0.000107476,1,0.000107476,0.000107476,0.000107476,1,1,1,1,1
8,50,7.1304e-05,1,7.1304e-05,7.1304e-05,7.1304e-05,1,1,1,1,1
8,50,7.9629e-05,1,7.9629e-05,7.9629e-05,7.9629e-05,1,1,1,1,1
8,50,0.000113083,1,0.000113083,0.000113083,0.000113083,1,1,1,1,1
8,50,0.000175217,1,0.000175217,0.000175217,0.000175217,3,1,3,3,3
8,50,7.7321e-05,1,7.7321e-05,7.7321e-05,7.7321e-05,1,1,1,1,1
8,50,7.9705e-05,1,7.9705e-05,7.9705e-05,7.9705e-05,1,1,1,1,1
8,50,8.4243e-05,1,8.4243e-05,8.4243e-05,8.4243e-05,1,1,1,1,1
8,50,7.6323e-05,1,7.6323e-05,7.6323e-05,7.6323e-05,1,1,1,1,1
8,50,0.000113504,1,0.000113504,0.000113504,0.000113504,1,1,1,1,1
8,50,7.4551e-05,1,7.4551e-05,7.4551e-05,7.4551e-05,1,1,1,1,1
8,50,0.00012737,1,0.00012737,0.00012737,0.00012737,1,1,1,1,1
8,50,0.000221406,1,0.000221406,0.000221406,0.000221406,3,1,3,3,3
8,50,0.000140846,1,0.000140846,0.000140846,0.000140846,3,1,3,3,3
8,50,7.778e-05,1,7.778e-05,7.778e-05,7.778e-05,1,1,1,1,1
8,50,0.00111809,1,0.00111809,0.00111809,0.00111809,25,1,25,25,25
8,50,7.0781e-05,1,7.0781e-05,7.0781e-05,7.0781e-05,1,1,1,1,1
8,50,9.5806e-05,1,9.5806e-05,9.5806e-05,9.5806e-05,1,1,1,1,1
8,50,7.0222e-05,1,7.0222e-05,7.0222e-05,7.0222e-05,1,1,1,1,1
8,50,0.000119669,1,0.000119669,0.000119669,0.000119669,1,1,1,1,1
8,50,8.3676e-05,1,8.3676e-05,8.3676e-05,8.3676e-05,1,1,1,1,1
8,50,8.8488e-05,1,8.8488e-05,8.8488e-05,8.8488e-05,1,1,1,1,1
8,50,8.5468e-05,1,8.5468e-05,8.5468e-05,8.5468e-05,1,1,1,1,1
8,50,6.6052e-05,1,6.6052e-05,6.6052e-05,6.6052e-05,1,1,1,1,1
8,50,0.00174737,1,0.00174737,0.00174737,0.00174737,61,1,61,61,61
8,50,7.7722e-05,1,7.7722e-05,7.7722e-05,7.7722e-05,1,1,1,1,1
8,50,6.5735e-05,1,6.5735e-05,6.5735e-05,6.5735e-05,1,1,1,1,1
8,50,6.2524e-05,1,6.2524e-05,6.2524e-05,6.2524e-05,1,1,1,1,1
8,50,7.4673e-05,1,7.4673e-05,7.4673e-05,7.4673e-05,1,1,1,1,1
8,50,6.6746e-05,1,6.6746e-05,6.6746e-05,6.6746e-05,1,1,1,1,1
8,50,6.1593e-05,1,6.1593e-05,6.1593e-05,6.1593e-05,1,1,1,1,1
8,50,6.2335e-05,1,6.2335e-05,6.2335e-05,6.2335e-05,1,1,1,1,1
8,50,8.9438e-05,1,8.9438e-05,8.9438e-05,8.9438e-05,1,1,1,1,1
8,50,9.1578e-05,1,9.1578e-05,9.1578e-05,9.1578e-05,1,1,1,1,1
8,50,8.2989e-05,1,8.2989e-05,8.2989e-05,8.2989e-05,1,1,1,1,1
8,50,0.000101126,1,0.000101126,0.000101126,0.000101126,1,1,1,1,1
8,50,6.6489e-05,1,6.6489e-05,6.6489e-05,6.6489e-05,1,1,1,1,1
8,50,9.7457e-05,1,9.7457e-05,9.7457e-05,9.7457e-05,1,1,1,1,1
8,50,0.000265887,1,0.000265887,0.000265887,0.000265887,5,1,5,5,5
8,50,9.6159e-05,1,9.6159e-05,9.6159e-05,9.6159e-05,1,1,1,1,1
8,50,0.000100763,1,0.000100763,0.000100763,0.000100763,1,1,1,1,1
8,50,7.0849e-05,1,7.0849e-05,7.0849e-05,7.0849e-05,1,1,1,1,1
8,50,9.8921e-05,1,9.8921e-05,9.8921e-05,9.8921e-05,1,1,1,1,1
8,50,8.5589e-05,1,8.5589e-05,8.5589e-05,8.5589e-05,1,1,1,1,1
8,50,5.0693e-05,1,5.0693e-05,5.0693e-05,5.0693e-05,1,1,1,1,1
8,50,6.269e-05,1,6.269e-05,6.269e-05,6.269e-05,1,1,1,1,1
8,50,6.2743e-05,1,6.2743e-05,6.2743e-05,6.2743e-05,1,1,1,1,1
8,50,7.1473e-05,1,7.1473e-05,7.1473e-05,7.1473e-05,1,1,1,1,1
8,50,0.000276819,1,0.000276819,0.000276819,0.000276819,5,1,5,5,5
8,50,6.6717e-05,1,6.6717e-05,6.6717e-05,6.6717e-05,1,1,1,1,1
8,50,0.000106781,1,0.000106781,0.000106781,0.000106781,1,1,1,1,1
8,50,9.4725e-05,1,9.4725e-05,9.4725e-05,9.4725e-05,1,1,1,1,1
8,50,9.0164e-05,1,9.0164e-05,9.0164e-05,9.0164e-05,1,1,1,1,1
8,50,9.203e-05,1,9.203e-05,9.203e-05,9.203e-05,1,1,1,1,1
8,50,7.8708e-05,1,7.8708e-05,7.8708e-05,7.8708e-05,1,1,1,1,1
8,50,7.2815e-05,1,7.2815e-05,7.2815e-05,7.2815e-05,1,1,1,1,1
8,50,8.5659e-05,1,8.5659e-05,8.5659e-05,8.5659e-05,1,1,1,1,1
8,50,8.5255e-05,1,8.5255e-05,8.5255e-05,8.5255e-05,1,1,1,1,1
8,50,8.5987e-05,1,8.5987e-05,8.5987e-05,8.5987e-05,1,1,1,1,1
8,50,7.4599e-05,1,7.4599e-05,7.4599e-05,7.4599e-05,1,1,1,1,1
8,50,7.6563e-05,1,7.6563e-05,7.6563e-05,7.6563e-05,1,1,1,1,1
8,50,8.3328e-05,1,8.3328e-05,8.3328e-05,8.3328e-05,1,1,1,1,1
8,50,7.0221e-05,1,7.0221e-05,7.0221e-05,7.0221e-05,1,1,1,1,1
8,50,8.0014e-05,1,8.0014e-05,8.0014e-05,8.0014e-05,1,1,1,1,1
8,50,0.000383529,1,0.000383529,0.000383529,0.000383529,11,1,11,11,11
8,50,7.1952e-05,1,7.1952e-05,7.1952e-05,7.1952e-05,1,1,1,1,1
8,50,6.6293e-05,1,6.6293e-05,6.6293e-05,6.6293e-05,1,1,1,1,1
8,50,0.00026736,1,0.00026736,0.00026736,0.00026736,5,1,5,5,5
8,50,8.5938e-05,1,8.5938e-05,8.5938e-05,8.5938e-05,1,1,1,1,1
8,50,7.3262e-05,1,7.3262e-05,7.3262e-05,7.3262e-05,1,1,1,1,1
8,50,0.000348593,1,0.000348593,0.000348593,0.000348593,7,1,7,7,7
8,50,0.000275319,1,0.000275319,0.000275319,0.000275319,5,1,5,5,5
8,50,6.4541e-05,1,6.4541e-05,6.4541e-05,6.4541e-05,1,1,1,1,1
8,50,0.000282156,1,0.000282156,0.000282156,0.000282156,9,1,9,9,9
8,50,7.672e-05,1,7.672e-05,7.672e-05,7.672e-05,1,1,1,1,1
8,50,0.000104671,1,0.000104671,0.000104671,0.000104671,1,1,1,1,1
8,50,0.000157757,1,0.000157757,0.000157757,0.000157757,3,1,3,3,3
8,50,0.000472542,1,0.000472542,0.000472542,0.000472542,11,1,11,11,11
8,50,0.000131836,1,0.000131836,0.000131836,0.000131836,1,1,1,1,1
8,50,6.3591e-05,1,6.3591e-05,6.3591e-05,6.3591e-05,1,1,1,1,1
8,50,6.3546e-05,1,6.3546e-05,6.3546e-05,6.3546e-05,1,1,1,1,1
8,50,9.5343e-05,1,9.5343e-05,9.5343e-05,9.5343e-05,1,1,1,1,1
8,50,7.0636e-05,1,7.0636e-05,7.0636e-05,7.0636e-05,1,1,1,1,1
8,50,7.4938e-05,1,7.4938e-05,7.4938e-05,7.4938e-05,1,1,1,1,1
8,50,0.000102897,1,0.000102897,0.000102897,0.000102897,1,1,1,1,1
8,50,7.0936e-05,1,7.0936e-05,7.0936e-05,7.0936e-05,1,1,1,1,1
8,50,8.0385e-05,1,8.0385e-05,8.0385e-05,8.0385e-05,1,1,1,1,1
8,50,6.8052e-05,1,6.8052e-05,6.8052e-05,6.8052e-05,1,1,1,1,1
8,50,6.7557e-05,1,6.7557e-05,6.7557e-05,6.7557e-05,1,1,1,1,1
8,50,0.00053431,1,0.00053431,0.00053431,0.00053431,15,1,15,15,15
8,50,6.4237e-05,1,6.4237e-05,6.4237e-05,6.4237e-05,1,1,1,1,1
8,50,6.5394e-05,1,6.5394e-05,6.5394e-05,6.5394e-05,1,1,1,1,1
8,50,6.4978e-05,1,6.4978e-05,6.4978e-05,6.4978e-05,1,1,1,1,1
8,50,6.4889e-05,1,6.4889e-05,6.4889e-05,6.4889e-05,1,1,1,1,1
8,50,0.000197077,1,0.000197077,0.000197077,0.000197077,3,1,3,3,3
8,50,0.00010701,1,0.00010701,0.00010701,0.00010701,1,1,1,1,1
8,50,0.000722964,1,0.000722964,0.000722964,0.000722964,17,1,17,17,17
8,50,9.4023e-05,1,9.4023e-05,9.4023e-05,9.4023e-05,1,1,1,1,1
8,50,7.647e-05,1,7.647e-05,7.647e-05,7.647e-05,1,1,1,1,1
8,50,7.0349e-05,1,7.0349e-05,7.0349e-05,7.0349e-05,1,1,1,1,1
8,50,8.7113e-05,1,8.7113e-05,8.7113e-05,8.7113e-05,1,1,1,1,1
8,50,7.8717e-05,1,7.8717e-05,7.8717e-05,7.8717e-05,1,1,1,1,1
8,50,0.000207373,1,0.000207373,0.000207373,0.000207373,3,1,3,3,3
8,50,0.000647184,1,0.000647184,0.000647184,0.000647184,21,1,21,21,21
8,50,7.9693e-05,1,7.9693e-05,7.9693e-05,7.9693e-05,1,1,1,1,1
8,50,9.2091e-05,1,9.2091e-05,9.2091e-05,9.2091e-05,1,1,1,1,1
8,50,0.000118372,1,0.000118372,0.000118372,0.000118372,1,1,1,1,1
8,50,7.3346e-05,1,7.3346e-05,7.3346e-05,7.3346e-05,1,1,1,1,1
8,50,7.5568e-05,1,7.5568e-05,7.5568e-05,7.5568e-05,1,1,1,1,1
8,50,0.000481037,1,0.000481037,0.000481037,0.000481037,11,1,11,11,11
8,50,7.3249e-05,1,7.3249e-05,7.3249e-05,7.3249e-05,1,1,1,1,1
8,50,0.000663774,1,0.000663774,0.000663774,0.000663774,19,1,19,19,19
8,50,7.6433e-05,1,7.6433e-05,7.6433e-05,7.6433e-05,1,1,1,1,1
8,50,0.000125015,1,0.000125015,0.000125015,0.000125015,1,1,1,1,1
8,50,9.1345e-05,1,9.1345e-05,9.1345e-05,9.1345e-05,1,1,1,1,1
8,50,6.9133e-05,1,6.9133e-05,6.9133e-05,6.9133e-05,1,1,1,1,1
8,50,8.7577e-05,1,8.7577e-05,8.7577e-05,8.7577e-05,1,1,1,1,1
8,50,7.1303e-05,1,7.1303e-05,7.1303e-05,7.1303e-05,1,1,1,1,1
8,50,0.000100047,1,0.000100047,0.000100047,0.000100047,1,1,1,1,1
8,50,9.642e-05,1,9.642e-05,9.642e-05,9.642e-05,1,1,1,1,1
8,50,7.8502e-05,1,7.8502e-05,7.8502e-05,7.8502e-05,1,1,1,1,1
8,50,0.000103102,1,0.000103102,0.000103102,0.000103102,1,1,1,1,1
8,50,0.000119877,1,0.000119877,0.000119877,0.000119877,1,1,1,1,1
8,50,6.555e-05,1,6.555e-05,6.555e-05,6.555e-05,1,1,1,1,1
8,50,6.6596e-05,1,6.6596e-05,6.6596e-05,6.6596e-05,1,1,1,1,1
8,50,0.000660797,1,0.000660797,0.000660797,0.000660797,19,1,19,19,19
8,50,0.000109339,1,0.000109339,0.000109339,0.000109339,1,1,1,1,1
8,50,6.4858e-05,1,6.4858e-05,6.4858e-05,6.4858e-05,1,1,1,1,1
8,50,8.5059e-05,1,8.5059e-05,8.5059e-05,8.5059e-05,1,1,1,1,1
8,50,8.4362e-05,1,8.4362e-05,8.4362e-05,8.4362e-05,1,1,1,1,1
8,50,0.000608239,1,0.000608239,0.000608239,0.000608239,13,1,13,13,13
8,50,0.00113458,1,0.00113458,0.00113458,0.00113458,35,1,35,35,35
8,50,7.9876e-05,1,7.9876e-05,7.9876e-05,7.9876e-05,1,1,1,1,1
8,50,8.5537e-05,1,8.5537e-05,8.5537e-05,8.5537e-05,1,1,1,1,1
8,50,8.9619e-05,1,8.9619e-05,8.9619e-05,8.9619e-05,1,1,1,1,1
8,50,6.5567e-05,1,6.5567e-05,6.5567e-05,6.5567e-05,1,1,1,1,1
8,50,0.000147033,1,0.000147033,0.000147033,0.000147033,1,1,1,1,1
8,50,0.0002504,1,0.0002504,0.0002504,0.0002504,7,1,7,7,7
8,50,8.2338e-05,1,8.2338e-05,8.2338e-05,8.2338e-05,1,1,1,1,1
8,50,0.000176917,1,0.000176917,0.000176917,0.000176917,3,1,3,3,3
8,50,9.7662e-05,1,9.7662e-05,9.7662e-05,9.7662e-05,1,1,1,1,1
8,50,7.3487e-05,1,7.3487e-05,7.3487e-05,7.3487e-05,1,1,1,1,1
8,50,6.9824e-05,1,6.9824e-05,6.9824e-05,6.9824e-05,1,1,1,1,1
8,50,9.4704e-05,1,9.4704e-05,9.4704e-05,9.4704e-05,1,1,1,1,1
8,50,9.2144e-05,1,9.2144e-05,9.2144e-05,9.2144e-05,1,1,1,1,1
8,50,6.9647e-05,1,6.9647e-05,6.9647e-05,6.9647e-05,1,1,1,1,1
8,50,0.000414053,1,0.000414053,0.000414053,0.000414053,9,1,9,9,9
8,50,6.5916e-05,1,6.5916e-05,6.5916e-05,6.5916e-05,1,1,1,1,1
8,50,7.8553e-05,1,7.8553e-05,7.8553e-05,7.8553e-05,1,1,1,1,1
8,50,6.305e-05,1,6.305e-05,6.305e-05,6.305e-05,1,1,1,1,1
8,50,6.4136e-05,1,6.4136e-05,6.4136e-05,6.4136e-05,1,1,1,1,1
8,50,0.000231323,1,0.000231323,0.000231323,0.000231323,5,1,5,5,5
8,50,0.000125911,1,0.000125911,0.000125911,0.000125911,3,1,3,3,3
8,50,0.000124481,1,0.000124481,0.000124481,0.000124481,1,1,1,1,1
8,50,0.000177714,1,0.000177714,0.000177714,0.000177714,3,1,3,3,3
8,50,7.8245e-05,1,7.8245e-05,7.8245e-05,7.8245e-05,1,1,1,1,1
8,50,7.1461e-05,1,7.1461e-05,7.1461e-05,7.1461e-05,1,1,1,1,1
8,50,6.7423e-05,1,6.7423e-05,6.7423e-05,6.7423e-05,1,1,1,1,1
8,50,7.1301e-05,1,7.1301e-05,7.1301e-05,7.1301e-05,1,1,1,1,1
8,50,0.000110935,1,0.000110935,0.000110935,0.000110935,1,1,1,1,1
8,50,6.058e-05,1,6.058e-05,6.058e-05,6.058e-05,1,1,1,1,1
8,50,8.0198e-05,1,8.0198e-05,8.0198e-05,8.0198e-05,1,1,1,1,1
8,50,8.4195e-05,1,8.4195e-05,8.4195e-05,8.4195e-05,1,1,1,1,1
8,50,0.000144431,1,0.000144431,0.000144431,0.000144431,1,1,1,1,1
8,50,0.000267015,1,0.000267015,0.000267015,0.000267015,5,1,5,5,5
8,50,8.104e-05,1,8.104e-05,8.104e-05,8.104e-05,1,1,1,1,1
8,50,7.1582e-05,1,7.1582e-05,7.1582e-05,7.1582e-05,1,1,1,1,1
8,50,0.000260485,1,0.000260485,0.000260485,0.000260485,7,1,7,7,7
8,50,7.0663e-05,1,7.0663e-05,7.0663e-05,7.0663e-05,1,1,1,1,1
8,50,7.8408e-05,1,7.8408e-05,7.8408e-05,7.8408e-05,1,1,1,1,1
8,50,7.2399e-05,1,7.2399e-05,7.2399e-05,7.2399e-05,1,1,1,1,1
8,50,6.368e-05,1,6.368e-05,6.368e-05,6.368e-05,1,1,1,1,1
8,50,0.000115717,1,0.000115717,0.000115717,0.000115717,3,1,3,3,3
8,50,7.8038e-05,1,7.8038e-05,7.8038e-05,7.8038e-05,1,1,1,1,1
8,50,7.2097e-05,1,7.2097e-05,7.2097e-05,7.2097e-05,1,1,1,1,1
8,50,0.000682359,1,0.000682359,0.000682359,0.000682359,19,1,19,19,19
8,50,0.000113509,1,0.000113509,0.000113509,0.000113509,1,1,1,1,1
8,50,0.000121313,1,0.000121313,0.000121313,0.000121313,1,1,1,1,1
8,50,7.9783e-05,1,7.9783e-05,7.9783e-05,7.9783e-05,1,1,1,1,1
8,50,0.000232104,1,0.000232104,0.000232104,0.000232104,5,1,5,5,5
8,50,6.7782e-05,1,6.7782e-05,6.7782e-05,6.7782e-05,1,1,1,1,1
8,50,6.5341e-05,1,6.5341e-05,6.5341e-05,6.5341e-05,1,1,1,1,1
8,50,0.00140018,1,0.00140018,0.00140018,0.00140018,43,1,43,43,43
8,50,0.000115361,1,0.000115361,0.000115361,0.000115361,1,1,1,1,1
8,50,9.3386e-05,1,9.3386e-05,9.3386e-05,9.3386e-05,1,1,1,1,1
8,50,7.0511e-05,1,7.0511e-05,7.0511e-05,7.0511e-05,1,1,1,1,1
8,50,6.8211e-05,1,6.8211e-05,6.8211e-05,6.8211e-05,1,1,1,1,1
8,50,0.000125767,1,0.000125767,0.000125767,0.000125767,1,1,1,1,1
8,50,7.4808e-05,1,7.4808e-05,7.4808e-05,7.4808e-05,1,1,1,1,1
8,50,7.4665e-05,1,7.4665e-05,7.4665e-05,7.4665e-05,1,1,1,1,1
8,50,0.000203167,1,0.000203167,0.000203167,0.000203167,3,1,3,3,3
8,50,0.000264281,1,0.000264281,0.000264281,0.000264281,5,1,5,5,5
8,50,6.8946e-05,1,6.8946e-05,6.8946e-05,6.8946e-05,1,1,1,1,1
8,50,7.2828e-05,1,7.2828e-05,7.2828e-05,7.2828e-05,1,1,1,1,1
8,50,0.000221199,1,0.000221199,0.000221199,0.000221199,3,1,3,3,3
8,50,7.034e-05,1,7.034e-05,7.034e-05,7.034e-05,1,1,1,1,1
8,50,7.2722e-05,1,7.2722e-05,7.2722e-05,7.2722e-05,1,1,1,1,1
8,50,6.7711e-05,1,6.7711e-05,6.7711e-05,6.7711e-05,1,1,1,1,1
8,50,8.4501e-05,1,8.4501e-05,8.4501e-05,8.4501e-05,1,1,1,1,1
8,50,8.5207e-05,1,8.5207e-05,8.5207e-05,8.5207e-05,1,1,1,1,1
8,50,8.054e-05,1,8.054e-05,8.054e-05,8.054e-05,1,1,1,1,1
8,50,0.000121677,1,0.000121677,0.000121677,0.000121677,1,1,1,1,1
8,50,6.6102e-05,1,6.6102e-05,6.6102e-05,6.6102e-05,1,1,1,1,1
8,50,6.9131e-05,1,6.9131e-05,6.9131e-05,6.9131e-05,1,1,1,1,1
8,50,0.000127007,1,0.000127007,0.000127007,0.000127007,1,1,1,1,1
8,50,7.0402e-05,1,7.0402e-05,7.0402e-05,7.0402e-05,1,1,1,1,1
8,50,0.000255815,1,0.000255815,0.000255815,0.000255815,5,1,5,5,5
8,50,8.704e-05,1,8.704e-05,8.704e-05,8.704e-05,1,1,1,1,1
8,50,9.3491e-05,1,9.3491e-05,9.3491e-05,9.3491e-05,1,1,1,1,1
8,50,7.0112e-05,1,7.0112e-05,7.0112e-05,7.0112e-05,1,1,1,1,1
8,50,6.7615e-05,1,6.7615e-05,6.7615e-05,6.7615e-05,1,1,1,1,1
8,50,0.000961124,1,0.000961124,0.000961124,0.000961124,31,1,31,31,31
8,50,8.5473e-05,1,8.5473e-05,8.5473e-05,8.5473e-05,1,1,1,1,1
8,50,6.3518e-05,1,6.3518e-05,6.3518e-05,6.3518e-05,1,1,1,1,1
8,50,7.0447e-05,1,7.0447e-05,7.0447e-05,7.0447e-05,1,1,1,1,1
8,50,0.0014778,1,0.0014778,0.0014778,0.0014778,45,1,45,45,45
8,50,0.000120858,1,0.000120858,0.000120858,0.000120858,1,1,1,1,1
8,50,7.1988e-05,1,7.1988e-05,7.1988e-05,7.1988e-05,1,1,1,1,1
8,50,8.538e-05,1,8.538e-05,8.538e-05,8.538e-05,1,1,1,1,1
8,50,0.000356884,1,0.000356884,0.000356884,0.000356884,7,1,7,7,7
8,50,7.1512e-05,1,7.1512e-05,7.1512e-05,7.1512e-05,1,1,1,1,1
8,50,0.000138963,1,0.000138963,0.000138963,0.000138963,3,1,3,3,3
8,50,6.1834e-05,1,6.1834e-05,6.1834e-05,6.1834e-05,1,1,1,1,1
8,50,7.4587e-05,1,7.4587e-05,7.4587e-05,7.4587e-05,1,1,1,1,1
8,50,6.3246e-05,1,6.3246e-05,6.3246e-05,6.3246e-05,1,1,1,1,1
8,50,9.9253e-05,1,9.9253e-05,9.9253e-05,9.9253e-05,1,1,1,1,1
8,50,0.000128426,1,0.000128426,0.000128426,0.000128426,3,1,3,3,3
8,50,0.000108219,1,0.000108219,0.000108219,0.000108219,1,1,1,1,1
8,50,8.5835e-05,1,8.5835e-05,8.5835e-05,8.5835e-05,1,1,1,1,1
8,50,0.000764145,1,0.000764145,0.000764145,0.000764145,25,1,25,25,25
8,50,0.000124858,1,0.000124858,0.000124858,0.000124858,1,1,1,1,1
8,50,0.000414738,1,0.000414738,0.000414738,0.000414738,9,1,9,9,9
8,50,7.2451e-05,1,7.2451e-05,7.2451e-05,7.2451e-05,1,1,1,1,1
8,50,6.9404e-05,1,6.9404e-05,6.9404e-05,6.9404e-05,1,1,1,1,1
8,50,9.7115e-05,1,9.7115e-05,9.7115e-05,9.7115e-05,1,1,1,1,1
8,50,6.6659e-05,1,6.6659e-05,6.6659e-05,6.6659e-05,1,1,1,1,1
8,50,7.1939e-05,1,7.1939e-05,7.1939e-05,7.1939e-05,1,1,1,1,1
8,50,9.3401e-05,1,9.3401e-05,9.3401e-05,9.3401e-05,1,1,1,1,1
8,50,8.5403e-05,1,8.5403e-05,8.5403e-05,8.5403e-05,1,1,1,1,1
8,50,0.000189648,1,0.000189648,0.000189648,0.000189648,3,1,3,3,3
8,50,7.3902e-05,1,7.3902e-05,7.3902e-05,7.3902e-05,1,1,1,1,1
8,50,8.6602e-05,1,8.6602e-05,8.6602e-05,8.6602e-05,1,1,1,1,1
8,50,7.4937e-05,1,7.4937e-05,7.4937e-05,7.4937e-05,1,1,1,1,1
8,50,7.9751e-05,1,7.9751e-05,7.9751e-05,7.9751e-05,1,1,1,1,1
8,50,0.000431811,1,0.000431811,0.000431811,0.000431811,9,1,9,9,9
