n,p,time_total,time_count,time_mean,time_min,time_max,calls_total,calls_count,calls_mean,calls_min,calls_max
10,80,0.000161969,1,0.000161969,0.000161969,0.000161969,1,1,1,1,1
10,80,0.000208921,1,0.000208921,0.000208921,0.000208921,1,1,1,1,1
10,80,0.000567704,1,0.000567704,0.000567704,0.000567704,7,1,7,7,7
10,80,0.000202493,1,0.000202493,0.000202493,0.000202493,1,1,1,1,1
10,80,0.000204493,1,0.000204493,0.000204493,0.000204493,1,1,1,1,1
10,80,0.0013539,1,0.0013539,0.0013539,0.0013539,19,1,19,19,19
10,80,0.000273248,1,0.000273248,0.000273248,0.000273248,1,1,1,1,1
10,80,0.000172634,1,0.000172634,0.000172634,0.000172634,1,1,1,1,1
10,80,0.000275366,1,0.000275366,0.000275366,0.000275366,1,1,1,1,1
10,80,0.000777804,1,0.000777804,0.000777804,0.000777804,9,1,9,9,9
10,80,0.00019348,1,0.00019348,0.00019348,0.00019348,1,1,1,1,1
10,80,0.000171095,1,0.000171095,0.000171095,0.000171095,1,1,1,1,1
10,80,0.000201365,1,0.000201365,0.000201365,0.000201365,1,1,1,1,1
10,80,0.00101161,1,0.00101161,0.00101161,0.00101161,15,1,15,15,15
10,80,0.000330418,1,0.000330418,0.000330418,0.000330418,1,1,1,1,1
10,80,0.000365839,1,0.000365839,0.000365839,0.000365839,3,1,3,3,3
10,80,0.000159604,1,0.000159604,0.000159604,0.000159604,1,1,1,1,1
10,80,0.000155568,1,0.000155568,0.000155568,0.000155568,1,1,1,1,1
10,80,0.00025504,1,0.00025504,0.00025504,0.00025504,1,1,1,1,1
10,80,0.000266322,1,0.000266322,0.000266322,0.000266322,1,1,1,1,1
10,80,0.000220817,1,0.000220817,0.000220817,0.000220817,1,1,1,1,1
10,80,0.000197191,1,0.000197191,0.000197191,0.000197191,1,1,1,1,1
10,80,0.000206936,1,0.000206936,0.000206936,0.000206936,1,1,1,1,1
10,80,0.000191447,1,0.000191447,0.000191447,0.000191447,1,1,1,1,1
10,80,0.000156607,1,0.000156607,0.000156607,0.000156607,1,1,1,1,1
10,80,0.000192461,1,0.000192461,0.000192461,0.000192461,1,1,1,1,1
10,80,0.000263031,1,0.000263031,0.000263031,0.000263031,1,1,1,1,1
10,80,0.000200571,1,0.000200571,0.000200571,0.000200571,1,1,1,1,1
10,80,0.000260766,1,0.000260766,0.000260766,0.000260766,1,1,1,1,1
10,80,0.000191383,1,0.000191383,0.000191383,0.000191383,1,1,1,1,1
10,80,0.000255833,1,0.000255833,0.000255833,0.000255833,1,1,1,1,1
10,80,0.000750994,1,0.000750994,0.000750994,0.000750994,11,1,11,11,11
10,80,0.000201114,1,0.000201114,0.000201114,0.000201114,1,1,1,1,1
10,80,0.00020255,1,0.00020255,0.00020255,0.00020255,1,1,1,1,1
10,80,0.00024501,1,0.00024501,0.00024501,0.00024501,1,1,1,1,1
10,80,0.000367237,1,0.000367237,0.000367237,0.000367237,3,1,3,3,3
10,80,0.000247769,1,0.000247769,0.000247769,0.000247769,1,1,1,1,1
10,80,0.000150506,1,0.000150506,0.000150506,0.000150506,1,1,1,1,1
10,80,0.00016776,1,0.00016776,0.00016776,0.00016776,1,1,1,1,1
10,80,0.000206325,1,0.000206325,0.000206325,0.000206325,1,1,1,1,1
10,80,0.000340933,1,0.000340933,0.000340933,0.000340933,3,1,3,3,3
10,80,0.000197495,1,0.000197495,0.000197495,0.000197495,1,1,1,1,1
10,80,0.000195039,1,0.000195039,0.000195039,0.000195039,1,1,1,1,1
10,80,0.000188837,1,0.000188837,0.000188837,0.000188837,1,1,1,1,1
10,80,0.000188048,1,0.000188048,0.000188048,0.000188048,1,1,1,1,1
10,80,0.000199311,1,0.000199311,0.000199311,0.000199311,1,1,1,1,1
10,80,0.000897269,1,0.000897269,0.000897269,0.000897269,13,1,13,13,13
10,80,0.000189945,1,0.000189945,0.000189945,0.000189945,1,1,1,1,1
10,80,0.00108683,1,0.00108683,0.00108683,0.00108683,11,1,11,11,11
10,80,0.00019577,1,0.00019577,0.00019577,0.00019577,1,1,1,1,1
10,80,0.000155645,1,0.000155645,0.000155645,0.000155645,1,1,1,1,1
10,80,0.000204838,1,0.000204838,0.000204838,0.000204838,1,1,1,1,1
10,80,0.000280039,1,0.000280039,0.000280039,0.000280039,1,1,1,1,1
10,80,0.00020559,1,0.00020559,0.00020559,0.00020559,1,1,1,1,1
10,80,0.000258774,1,0.000258774,0.000258774,0.000258774,1,1,1,1,1
10,80,0.000261756,1,0.000261756,0.000261756,0.000261756,1,1,1,1,1
10,80,0.000332748,1,0.000332748,0.000332748,0.000332748,1,1,1,1,1
10,80,0.000171638,1,0.000171638,0.000171638,0.000171638,1,1,1,1,1
10,80,0.000165487,1,0.000165487,0.000165487,0.000165487,1,1,1,1,1
10,80,0.000224688,1,0.000224688,0.000224688,0.000224688,1,1,1,1,1
10,80,0.000155383,1,0.000155383,0.000155383,0.000155383,1,1,1,1,1
10,80,0.000198001,1,0.000198001,0.000198001,0.000198001,1,1,1,1,1
10,80,0.000203068,1,0.000203068,0.000203068,0.000203068,1,1,1,1,1
10,80,0.000159507,1,0.000159507,0.000159507,0.000159507,1,1,1,1,1
10,80,0.000204215,1,0.000204215,0.000204215,0.000204215,1,1,1,1,1
10,80,0.000256876,1,0.000256876,0.000256876,0.000256876,1,1,1,1,1
10,80,0.00216491,1,0.00216491,0.00216491,0.00216491,39,1,39,39,39
10,80,0.000259369,1,0.000259369,0.000259369,0.000259369,1,1,1,1,1
10,80,0.000181568,1,0.000181568,0.000181568,0.000181568,1,1,1,1,1
10,80,0.000205823,1,0.000205823,0.000205823,0.000205823,1,1,1,1,1
10,80,0.000265469,1,0.000265469,0.000265469,0.000265469,1,1,1,1,1
10,80,0.000202687,1,0.000202687,0.000202687,0.000202687,1,1,1,1,1
10,80,0.000263183,1,0.000263183,0.000263183,0.000263183,1,1,1,1,1
10,80,0.000199449,1,0.000199449,0.000199449,0.000199449,1,1,1,1,1
10,80,0.000168483,1,0.000168483,0.000168483,0.000168483,1,1,1,1,1
10,80,0.000201428,1,0.000201428,0.000201428,0.000201428,1,1,1,1,1
10,80,0.000433551,1,0.000433551,0.000433551,0.000433551,5,1,5,5,5
10,80,0.000316811,1,0.000316811,0.000316811,0.000316811,3,1,3,3,3
10,80,0.000264943,1,0.000264943,0.000264943,0.000264943,1,1,1,1,1
10,80,0.000201909,1,0.000201909,0.000201909,0.000201909,1,1,1,1,1
10,80,0.000175143,1,0.000175143,0.000175143,0.000175143,1,1,1,1,1
10,80,0.000372035,1,0.000372035,0.000372035,0.000372035,3,1,3,3,3
10,80,0.000164287,1,0.000164287,0.000164287,0.000164287,1,1,1,1,1
10,80,0.000206481,1,0.000206481,0.000206481,0.000206481,1,1,1,1,1
10,80,0.000295983,1,0.000295983,0.000295983,0.000295983,3,1,3,3,3
10,80,0.000178283,1,0.000178283,0.000178283,0.000178283,1,1,1,1,1
10,80,0.000614384,1,0.000614384,0.000614384,0.000614384,5,1,5,5,5
10,80,0.000166192,1,0.000166192,0.000166192,0.000166192,1,1,1,1,1
10,80,0.000265124,1,0.000265124,0.000265124,0.000265124,1,1,1,1,1
10,80,0.000264526,1,0.000264526,0.000264526,0.000264526,1,1,1,1,1
10,80,0.000195521,1,0.000195521,0.000195521,0.000195521,1,1,1,1,1
10,80,0.00157225,1,0.00157225,0.00157225,0.00157225,21,1,21,21,21
10,80,0.000205341,1,0.000205341,0.000205341,0.000205341,1,1,1,1,1
10,80,0.000253248,1,0.000253248,0.000253248,0.000253248,1,1,1,1,1
10,80,0.000895487,1,0.000895487,0.000895487,0.000895487,13,1,13,13,13
10,80,0.000281818,1,0.000281818,0.000281818,0.000281818,1,1,1,1,1
10,80,0.000190081,1,0.000190081,0.000190081,0.000190081,1,1,1,1,1
10,80,0.00027851,1,0.00027851,0.00027851,0.00027851,1,1,1,1,1
10,80,0.000228528,1,0.000228528,0.000228528,0.000228528,1,1,1,1,1
10,80,0.000202696,1,0.000202696,0.000202696,0.000202696,1,1,1,1,1
