n,p,time_total,time_count,time_mean,time_min,time_max,calls_total,calls_count,calls_mean,calls_min,calls_max
6,90,0.000174707,1,0.000174707,0.000174707,0.000174707,1,1,1,1,1
6,90,6.9908e-05,1,6.9908e-05,6.9908e-05,6.9908e-05,1,1,1,1,1
6,90,0.00010836,1,0.00010836,0.00010836,0.00010836,1,1,1,1,1
6,90,6.1308e-05,1,6.1308e-05,6.1308e-05,6.1308e-05,1,1,1,1,1
6,90,9.6261e-05,1,9.6261e-05,9.6261e-05,9.6261e-05,1,1,1,1,1
6,90,6.0683e-05,1,6.0683e-05,6.0683e-05,6.0683e-05,1,1,1,1,1
6,90,6.0978e-05,1,6.0978e-05,6.0978e-05,6.0978e-05,1,1,1,1,1
6,90,0.000108479,1,0.000108479,0.000108479,0.000108479,1,1,1,1,1
6,90,9.1105e-05,1,9.1105e-05,9.1105e-05,9.1105e-05,1,1,1,1,1
6,90,0.000108855,1,0.000108855,0.000108855,0.000108855,1,1,1,1,1
6,90,8.8455e-05,1,8.8455e-05,8.8455e-05,8.8455e-05,1,1,1,1,1
6,90,0.000110294,1,0.000110294,0.000110294,0.000110294,1,1,1,1,1
6,90,9.346e-05,1,9.346e-05,9.346e-05,9.346e-05,1,1,1,1,1
6,90,9.3048e-05,1,9.3048e-05,9.3048e-05,9.3048e-05,1,1,1,1,1
6,90,0.000121695,1,0.000121695,0.000121695,0.000121695,1,1,1,1,1
6,90,0.00012139,1,0.00012139,0.00012139,0.00012139,1,1,1,1,1
6,90,0.000133617,1,0.000133617,0.000133617,0.000133617,1,1,1,1,1
6,90,0.000107126,1,0.000107126,0.000107126,0.000107126,1,1,1,1,1
6,90,9.3448e-05,1,9.3448e-05,9.3448e-05,9.3448e-05,1,1,1,1,1
6,90,0.000121851,1,0.000121851,0.000121851,0.000121851,1,1,1,1,1
6,90,7.1104e-05,1,7.1104e-05,7.1104e-05,7.1104e-05,1,1,1,1,1
6,90,9.5337e-05,1,9.5337e-05,9.5337e-05,9.5337e-05,1,1,1,1,1
6,90,9.4487e-05,1,9.4487e-05,9.4487e-05,9.4487e-05,1,1,1,1,1
6,90,6.1329e-05,1,6.1329e-05,6.1329e-05,6.1329e-05,1,1,1,1,1
6,90,0.000107254,1,0.000107254,0.000107254,0.000107254,1,1,1,1,1
6,90,5.7451e-05,1,5.7451e-05,5.7451e-05,5.7451e-05,1,1,1,1,1
6,90,0.000116737,1,0.000116737,0.000116737,0.000116737,1,1,1,1,1
6,90,0.000110649,1,0.000110649,0.000110649,0.000110649,1,1,1,1,1
6,90,6.142e-05,1,6.142e-05,6.142e-05,6.142e-05,1,1,1,1,1
6,90,6.2295e-05,1,6.2295e-05,6.2295e-05,6.2295e-05,1,1,1,1,1
6,90,7.5232e-05,1,7.5232e-05,7.5232e-05,7.5232e-05,1,1,1,1,1
6,90,9.3768e-05,1,9.3768e-05,9.3768e-05,9.3768e-05,1,1,1,1,1
6,90,9.548e-05,1,9.548e-05,9.548e-05,9.548e-05,1,1,1,1,1
6,90,8.8584e-05,1,8.8584e-05,8.8584e-05,8.8584e-05,1,1,1,1,1
6,90,5.836e-05,1,5.836e-05,5.836e-05,5.836e-05,1,1,1,1,1
6,90,0.000134052,1,0.000134052,0.000134052,0.000134052,1,1,1,1,1
6,90,9.4814e-05,1,9.4814e-05,9.4814e-05,9.4814e-05,1,1,1,1,1
6,90,9.5144e-05,1,9.5144e-05,9.5144e-05,9.5144e-05,1,1,1,1,1
6,90,0.000122154,1,0.000122154,0.000122154,0.000122154,1,1,1,1,1
6,90,9.4652e-05,1,9.4652e-05,9.4652e-05,9.4652e-05,1,1,1,1,1
6,90,0.000122049,1,0.000122049,0.000122049,0.000122049,1,1,1,1,1
6,90,0.000132109,1,0.000132109,0.000132109,0.000132109,1,1,1,1,1
6,90,0.000124979,1,0.000124979,0.000124979,0.000124979,1,1,1,1,1
6,90,0.000115384,1,0.000115384,0.000115384,0.000115384,1,1,1,1,1
6,90,6.9707e-05,1,6.9707e-05,6.9707e-05,6.9707e-05,1,1,1,1,1
6,90,0.000142062,1,0.000142062,0.000142062,0.000142062,1,1,1,1,1
6,90,9.5128e-05,1,9.5128e-05,9.5128e-05,9.5128e-05,1,1,1,1,1
6,90,7.4517e-05,1,7.4517e-05,7.4517e-05,7.4517e-05,1,1,1,1,1
6,90,9.5493e-05,1,9.5493e-05,9.5493e-05,9.5493e-05,1,1,1,1,1
6,90,8.0071e-05,1,8.0071e-05,8.0071e-05,8.0071e-05,1,1,1,1,1
6,90,6.0882e-05,1,6.0882e-05,6.0882e-05,6.0882e-05,1,1,1,1,1
6,90,0.000155345,1,0.000155345,0.000155345,0.000155345,1,1,1,1,1
6,90,0.000110556,1,0.000110556,0.000110556,0.000110556,1,1,1,1,1
6,90,0.00011597,1,0.00011597,0.00011597,0.00011597,1,1,1,1,1
6,90,8.9346e-05,1,8.9346e-05,8.9346e-05,8.9346e-05,1,1,1,1,1
6,90,0.00013565,1,0.00013565,0.00013565,0.00013565,1,1,1,1,1
6,90,9.269e-05,1,9.269e-05,9.269e-05,9.269e-05,1,1,1,1,1
6,90,5.7004e-05,1,5.7004e-05,5.7004e-05,5.7004e-05,1,1,1,1,1
6,90,6.3213e-05,1,6.3213e-05,6.3213e-05,6.3213e-05,1,1,1,1,1
6,90,9.5829e-05,1,9.5829e-05,9.5829e-05,9.5829e-05,1,1,1,1,1
6,90,0.000121868,1,0.000121868,0.000121868,0.000121868,1,1,1,1,1
6,90,6.1121e-05,1,6.1121e-05,6.1121e-05,6.1121e-05,1,1,1,1,1
6,90,6.2743e-05,1,6.2743e-05,6.2743e-05,6.2743e-05,1,1,1,1,1
6,90,0.000154798,1,0.000154798,0.000154798,0.000154798,1,1,1,1,1
6,90,9.4643e-05,1,9.4643e-05,9.4643e-05,9.4643e-05,1,1,1,1,1
6,90,6.1071e-05,1,6.1071e-05,6.1071e-05,6.1071e-05,1,1,1,1,1
6,90,9.3836e-05,1,9.3836e-05,9.3836e-05,9.3836e-05,1,1,1,1,1
6,90,8.6678e-05,1,8.6678e-05,8.6678e-05,8.6678e-05,1,1,1,1,1
6,90,9.088e-05,1,9.088e-05,9.088e-05,9.088e-05,1,1,1,1,1
6,90,5.7757e-05,1,5.7757e-05,5.7757e-05,5.7757e-05,1,1,1,1,1
6,90,0.000134933,1,0.000134933,0.000134933,0.000134933,1,1,1,1,1
6,90,9.5198e-05,1,9.5198e-05,9.5198e-05,9.5198e-05,1,1,1,1,1
6,90,6.286e-05,1,6.286e-05,6.286e-05,6.286e-05,1,1,1,1,1
6,90,9.4747e-05,1,9.4747e-05,9.4747e-05,9.4747e-05,1,1,1,1,1
6,90,9.5152e-05,1,9.5152e-05,9.5152e-05,9.5152e-05,1,1,1,1,1
6,90,0.000111443,1,0.000111443,0.000111443,0.000111443,1,1,1,1,1
6,90,0.000156774,1,0.000156774,0.000156774,0.000156774,1,1,1,1,1
6,90,0.000108053,1,0.000108053,0.000108053,0.000108053,1,1,1,1,1
6,90,9.5107e-05,1,9.5107e-05,9.5107e-05,9.5107e-05,1,1,1,1,1
6,90,9.4318e-05,1,9.4318e-05,9.4318e-05,9.4318e-05,1,1,1,1,1
6,90,6.2252e-05,1,6.2252e-05,6.2252e-05,6.2252e-05,1,1,1,1,1
6,90,7.5268e-05,1,7.5268e-05,7.5268e-05,7.5268e-05,1,1,1,1,1
6,90,6.2753e-05,1,6.2753e-05,6.2753e-05,6.2753e-05,1,1,1,1,1
6,90,8.061e-05,1,8.061e-05,8.061e-05,8.061e-05,1,1,1,1,1
6,90,9.4425e-05,1,9.4425e-05,9.4425e-05,9.4425e-05,1,1,1,1,1
6,90,0.000108653,1,0.000108653,0.000108653,0.000108653,1,1,1,1,1
6,90,8.9966e-05,1,8.9966e-05,8.9966e-05,8.9966e-05,1,1,1,1,1
6,90,8.8874e-05,1,8.8874e-05,8.8874e-05,8.8874e-05,1,1,1,1,1
6,90,0.000135784,1,0.000135784,0.000135784,0.000135784,1,1,1,1,1
6,90,9.4191e-05,1,9.4191e-05,9.4191e-05,9.4191e-05,1,1,1,1,1
6,90,9.4914e-05,1,9.4914e-05,9.4914e-05,9.4914e-05,1,1,1,1,1
6,90,9.2659e-05,1,9.2659e-05,9.2659e-05,9.2659e-05,1,1,1,1,1
6,90,9.3966e-05,1,9.3966e-05,9.3966e-05,9.3966e-05,1,1,1,1,1
6,90,6.0778e-05,1,6.0778e-05,6.0778e-05,6.0778e-05,1,1,1,1,1
6,90,0.000116667,1,0.000116667,0.000116667,0.000116667,1,1,1,1,1
6,90,0.000107299,1,0.000107299,0.000107299,0.000107299,1,1,1,1,1
6,90,0.000133247,1,0.000133247,0.000133247,0.000133247,1,1,1,1,1
6,90,9.3667e-05,1,9.3667e-05,9.3667e-05,9.3667e-05,1,1,1,1,1
6,90,9.3545e-05,1,9.3545e-05,9.3545e-05,9.3545e-05,1,1,1,1,1
6,90,6.136e-05,1,6.136e-05,6.136e-05,6.136e-05,1,1,1,1,1
6,90,0.000122742,1,0.000122742,0.000122742,0.000122742,1,1,1,1,1
6,90,0.00011068,1,0.00011068,0.00011068,0.00011068,1,1,1,1,1
6,90,8.9533e-05,1,8.9533e-05,8.9533e-05,8.9533e-05,1,1,1,1,1
6,90,0.000107224,1,0.000107224,0.000107224,0.000107224,1,1,1,1,1
6,90,7.1124e-05,1,7.1124e-05,7.1124e-05,7.1124e-05,1,1,1,1,1
6,90,0.000108737,1,0.000108737,0.000108737,0.000108737,1,1,1,1,1
6,90,0.000136755,1,0.000136755,0.000136755,0.000136755,1,1,1,1,1
6,90,9.507e-05,1,9.507e-05,9.507e-05,9.507e-05,1,1,1,1,1
6,90,9.476e-05,1,9.476e-05,9.476e-05,9.476e-05,1,1,1,1,1
6,90,9.3192e-05,1,9.3192e-05,9.3192e-05,9.3192e-05,1,1,1,1,1
6,90,9.2938e-05,1,9.2938e-05,9.2938e-05,9.2938e-05,1,1,1,1,1
6,90,0.000108105,1,0.000108105,0.000108105,0.000108105,1,1,1,1,1
6,90,0.000150685,1,0.000150685,0.000150685,0.000150685,1,1,1,1,1
6,90,0.000131997,1,0.000131997,0.000131997,0.000131997,1,1,1,1,1
6,90,9.42e-05,1,9.42e-05,9.42e-05,9.42e-05,1,1,1,1,1
6,90,0.000121603,1,0.000121603,0.000121603,0.000121603,1,1,1,1,1
6,90,9.3074e-05,1,9.3074e-05,9.3074e-05,9.3074e-05,1,1,1,1,1
6,90,9.4704e-05,1,9.4704e-05,9.4704e-05,9.4704e-05,1,1,1,1,1
6,90,0.000109569,1,0.000109569,0.000109569,0.000109569,1,1,1,1,1
6,90,8.8617e-05,1,8.8617e-05,8.8617e-05,8.8617e-05,1,1,1,1,1
6,90,7.7529e-05,1,7.7529e-05,7.7529e-05,7.7529e-05,1,1,1,1,1
6,90,7.253e-05,1,7.253e-05,7.253e-05,7.253e-05,1,1,1,1,1
6,90,0.00013457,1,0.00013457,0.00013457,0.00013457,1,1,1,1,1
6,90,0.00012117,1,0.00012117,0.00012117,0.00012117,1,1,1,1,1
6,90,0.000120648,1,0.000120648,0.000120648,0.000120648,1,1,1,1,1
6,90,6.3056e-05,1,6.3056e-05,6.3056e-05,6.3056e-05,1,1,1,1,1
6,90,9.5933e-05,1,9.5933e-05,9.5933e-05,9.5933e-05,1,1,1,1,1
6,90,0.000132321,1,0.000132321,0.000132321,0.000132321,1,1,1,1,1
6,90,0.000136356,1,0.000136356,0.000136356,0.000136356,1,1,1,1,1
6,90,0.000132104,1,0.000132104,0.000132104,0.000132104,1,1,1,1,1
6,90,0.000108339,1,0.000108339,0.000108339,0.000108339,1,1,1,1,1
6,90,9.52e-05,1,9.52e-05,9.52e-05,9.52e-05,1,1,1,1,1
6,90,9.5305e-05,1,9.5305e-05,9.5305e-05,9.5305e-05,1,1,1,1,1
6,90,0.000121307,1,0.000121307,0.000121307,0.000121307,1,1,1,1,1
6,90,0.000143613,1,0.000143613,0.000143613,0.000143613,1,1,1,1,1
6,90,6.2777e-05,1,6.2777e-05,6.2777e-05,6.2777e-05,1,1,1,1,1
6,90,9.4975e-05,1,9.4975e-05,9.4975e-05,9.4975e-05,1,1,1,1,1
6,90,9.4366e-05,1,9.4366e-05,9.4366e-05,9.4366e-05,1,1,1,1,1
6,90,6.1267e-05,1,6.1267e-05,6.1267e-05,6.1267e-05,1,1,1,1,1
6,90,9.5935e-05,1,9.5935e-05,9.5935e-05,9.5935e-05,1,1,1,1,1
6,90,7.412e-05,1,7.412e-05,7.412e-05,7.412e-05,1,1,1,1,1
6,90,0.000107026,1,0.000107026,0.000107026,0.000107026,1,1,1,1,1
6,90,9.0016e-05,1,9.0016e-05,9.0016e-05,9.0016e-05,1,1,1,1,1
6,90,8.979e-05,1,8.979e-05,8.979e-05,8.979e-05,1,1,1,1,1
6,90,9.0596e-05,1,9.0596e-05,9.0596e-05,9.0596e-05,1,1,1,1,1
6,90,0.000115903,1,0.000115903,0.000115903,0.000115903,1,1,1,1,1
6,90,6.1257e-05,1,6.1257e-05,6.1257e-05,6.1257e-05,1,1,1,1,1
6,90,7.4804e-05,1,7.4804e-05,7.4804e-05,7.4804e-05,1,1,1,1,1
6,90,6.2587e-05,1,6.2587e-05,6.2587e-05,6.2587e-05,1,1,1,1,1
6,90,9.552e-05,1,9.552e-05,9.552e-05,9.552e-05,1,1,1,1,1
6,90,5.9518e-05,1,5.9518e-05,5.9518e-05,5.9518e-05,1,1,1,1,1
6,90,9.0936e-05,1,9.0936e-05,9.0936e-05,9.0936e-05,1,1,1,1,1
6,90,0.000105519,1,0.000105519,0.000105519,0.000105519,1,1,1,1,1
6,90,0.00011148,1,0.00011148,0.00011148,0.00011148,1,1,1,1,1
6,90,8.99e-05,1,8.99e-05,8.99e-05,8.99e-05,1,1,1,1,1
6,90,7.0933e-05,1,7.0933e-05,7.0933e-05,7.0933e-05,1,1,1,1,1
6,90,9.5076e-05,1,9.5076e-05,9.5076e-05,9.5076e-05,1,1,1,1,1
6,90,7.4573e-05,1,7.4573e-05,7.4573e-05,7.4573e-05,1,1,1,1,1
6,90,0.000122783,1,0.000122783,0.000122783,0.000122783,1,1,1,1,1
6,90,9.1389e-05,1,9.1389e-05,9.1389e-05,9.1389e-05,1,1,1,1,1
6,90,0.000106821,1,0.000106821,0.000106821,0.000106821,1,1,1,1,1
6,90,5.9898e-05,1,5.9898e-05,5.9898e-05,5.9898e-05,1,1,1,1,1
6,90,0.000107585,1,0.000107585,0.000107585,0.000107585,1,1,1,1,1
6,90,0.000133609,1,0.000133609,0.000133609,0.000133609,1,1,1,1,1
6,90,5.7733e-05,1,5.7733e-05,5.7733e-05,5.7733e-05,1,1,1,1,1
6,90,0.000109416,1,0.000109416,0.000109416,0.000109416,1,1,1,1,1
6,90,0.000112473,1,0.000112473,0.000112473,0.000112473,1,1,1,1,1
6,90,0.000121562,1,0.000121562,0.000121562,0.000121562,1,1,1,1,1
6,90,5.3457e-05,1,5.3457e-05,5.3457e-05,5.3457e-05,1,1,1,1,1
6,90,9.492e-05,1,9.492e-05,9.492e-05,9.492e-05,1,1,1,1,1
6,90,9.3237e-05,1,9.3237e-05,9.3237e-05,9.3237e-05,1,1,1,1,1
6,90,0.00011569,1,0.00011569,0.00011569,0.00011569,1,1,1,1,1
6,90,8.6238e-05,1,8.6238e-05,8.6238e-05,8.6238e-05,1,1,1,1,1
6,90,0.000115747,1,0.000115747,0.000115747,0.000115747,1,1,1,1,1
6,90,0.00011019,1,0.00011019,0.00011019,0.00011019,1,1,1,1,1
6,90,5.4913e-05,1,5.4913e-05,5.4913e-05,5.4913e-05,1,1,1,1,1
6,90,0.000122398,1,0.000122398,0.000122398,0.000122398,1,1,1,1,1
6,90,9.4708e-05,1,9.4708e-05,9.4708e-05,9.4708e-05,1,1,1,1,1
6,90,9.5013e-05,1,9.5013e-05,9.5013e-05,9.5013e-05,1,1,1,1,1
6,90,0.000136814,1,0.000136814,0.000136814,0.000136814,1,1,1,1,1
6,90,0.000114714,1,0.000114714,0.000114714,0.000114714,1,1,1,1,1
6,90,9.0238e-05,1,9.0238e-05,9.0238e-05,9.0238e-05,1,1,1,1,1
6,90,8.966e-05,1,8.966e-05,8.966e-05,8.966e-05,1,1,1,1,1
6,90,7.3772e-05,1,7.3772e-05,7.3772e-05,7.3772e-05,1,1,1,1,1
6,90,9.5824e-05,1,9.5824e-05,9.5824e-05,9.5824e-05,1,1,1,1,1
6,90,9.2946e-05,1,9.2946e-05,9.2946e-05,9.2946e-05,1,1,1,1,1
6,90,0.000121874,1,0.000121874,0.000121874,0.000121874,1,1,1,1,1
6,90,7.4518e-05,1,7.4518e-05,7.4518e-05,7.4518e-05,1,1,1,1,1
6,90,9.5544e-05,1,9.5544e-05,9.5544e-05,9.5544e-05,1,1,1,1,1
6,90,0.000132623,1,0.000132623,0.000132623,0.000132623,1,1,1,1,1
6,90,9.0292e-05,1,9.0292e-05,9.0292e-05,9.0292e-05,1,1,1,1,1
6,90,0.000115501,1,0.000115501,0.000115501,0.000115501,1,1,1,1,1
6,90,0.000109698,1,0.000109698,0.000109698,0.000109698,1,1,1,1,1
6,90,9.4691e-05,1,9.4691e-05,9.4691e-05,9.4691e-05,1,1,1,1,1
6,90,0.000121334,1,0.000121334,0.000121334,0.000121334,1,1,1,1,1
6,90,0.000104444,1,0.000104444,0.000104444,0.000104444,1,1,1,1,1
6,90,0.000122309,1,0.000122309,0.000122309,0.000122309,1,1,1,1,1
6,90,9.4792e-05,1,9.4792e-05,9.4792e-05,9.4792e-05,1,1,1,1,1
6,90,9.4658e-05,1,9.4658e-05,9.4658e-05,9.4658e-05,1,1,1,1,1
6,90,9.4129e-05,1,9.4129e-05,9.4129e-05,9.4129e-05,1,1,1,1,1
6,90,0.000124233,1,0.000124233,0.000124233,0.000124233,1,1,1,1,1
6,90,9.455e-05,1,9.455e-05,9.455e-05,9.455e-05,1,1,1,1,1
6,90,6.1119e-05,1,6.1119e-05,6.1119e-05,6.1119e-05,1,1,1,1,1
6,90,9.3535e-05,1,9.3535e-05,9.3535e-05,9.3535e-05,1,1,1,1,1
6,90,0.00012203,1,0.00012203,0.00012203,0.00012203,1,1,1,1,1
6,90,9.4128e-05,1,9.4128e-05,9.4128e-05,9.4128e-05,1,1,1,1,1
6,90,9.4625e-05,1,9.4625e-05,9.4625e-05,9.4625e-05,1,1,1,1,1
6,90,9.3061e-05,1,9.3061e-05,9.3061e-05,9.3061e-05,1,1,1,1,1
6,90,8.9279e-05,1,8.9279e-05,8.9279e-05,8.9279e-05,1,1,1,1,1
6,90,5.8235e-05,1,5.8235e-05,5.8235e-05,5.8235e-05,1,1,1,1,1
6,90,0.000134426,1,0.000134426,0.000134426,0.000134426,1,1,1,1,1
6,90,9.423e-05,1,9.423e-05,9.423e-05,9.423e-05,1,1,1,1,1
6,90,9.4075e-05,1,9.4075e-05,9.4075e-05,9.4075e-05,1,1,1,1,1
6,90,9.4796e-05,1,9.4796e-05,9.4796e-05,9.4796e-05,1,1,1,1,1
6,90,9.4642e-05,1,9.4642e-05,9.4642e-05,9.4642e-05,1,1,1,1,1
6,90,9.4369e-05,1,9.4369e-05,9.4369e-05,9.4369e-05,1,1,1,1,1
6,90,6.2468e-05,1,6.2468e-05,6.2468e-05,6.2468e-05,1,1,1,1,1
6,90,9.62e-05,1,9.62e-05,9.62e-05,9.62e-05,1,1,1,1,1
6,90,5.9607e-05,1,5.9607e-05,5.9607e-05,5.9607e-05,1,1,1,1,1
6,90,0.000116693,1,0.000116693,0.000116693,0.000116693,1,1,1,1,1
6,90,5.7724e-05,1,5.7724e-05,5.7724e-05,5.7724e-05,1,1,1,1,1
6,90,6.2705e-05,1,6.2705e-05,6.2705e-05,6.2705e-05,1,1,1,1,1
6,90,9.5554e-05,1,9.5554e-05,9.5554e-05,9.5554e-05,1,1,1,1,1
6,90,0.000121449,1,0.000121449,0.000121449,0.000121449,1,1,1,1,1
6,90,7.4681e-05,1,7.4681e-05,7.4681e-05,7.4681e-05,1,1,1,1,1
6,90,7.2849e-05,1,7.2849e-05,7.2849e-05,7.2849e-05,1,1,1,1,1
6,90,0.000139773,1,0.000139773,0.000139773,0.000139773,1,1,1,1,1
6,90,0.000121869,1,0.000121869,0.000121869,0.000121869,1,1,1,1,1
6,90,5.9169e-05,1,5.9169e-05,5.9169e-05,5.9169e-05,1,1,1,1,1
6,90,9.3927e-05,1,9.3927e-05,9.3927e-05,9.3927e-05,1,1,1,1,1
6,90,0.000121123,1,0.000121123,0.000121123,0.000121123,1,1,1,1,1
6,90,0.000111223,1,0.000111223,0.000111223,0.000111223,1,1,1,1,1
6,90,0.000121102,1,0.000121102,0.000121102,0.000121102,1,1,1,1,1
6,90,9.4117e-05,1,9.4117e-05,9.4117e-05,9.4117e-05,1,1,1,1,1
6,90,0.00012124,1,0.00012124,0.00012124,0.00012124,1,1,1,1,1
6,90,9.2537e-05,1,9.2537e-05,9.2537e-05,9.2537e-05,1,1,1,1,1
6,90,0.00012182,1,0.00012182,0.00012182,0.00012182,1,1,1,1,1
6,90,8.8011e-05,1,8.8011e-05,8.8011e-05,8.8011e-05,1,1,1,1,1
6,90,8.9977e-05,1,8.9977e-05,8.9977e-05,8.9977e-05,1,1,1,1,1
6,90,0.000115758,1,0.000115758,0.000115758,0.000115758,1,1,1,1,1
6,90,0.000108317,1,0.000108317,0.000108317,0.000108317,1,1,1,1,1
6,90,9.4666e-05,1,9.4666e-05,9.4666e-05,9.4666e-05,1,1,1,1,1
6,90,0.000121344,1,0.000121344,0.000121344,0.000121344,1,1,1,1,1
6,90,6.3013e-05,1,6.3013e-05,6.3013e-05,6.3013e-05,1,1,1,1,1
6,90,9.5498e-05,1,9.5498e-05,9.5498e-05,9.5498e-05,1,1,1,1,1
6,90,0.000107092,1,0.000107092,0.000107092,0.000107092,1,1,1,1,1
6,90,9.002e-05,1,9.002e-05,9.002e-05,9.002e-05,1,1,1,1,1
6,90,0.00011576,1,0.00011576,0.00011576,0.00011576,1,1,1,1,1
6,90,5.9951e-05,1,5.9951e-05,5.9951e-05,5.9951e-05,1,1,1,1,1
6,90,0.000116231,1,0.000116231,0.000116231,0.000116231,1,1,1,1,1
6,90,7.7245e-05,1,7.7245e-05,7.7245e-05,7.7245e-05,1,1,1,1,1
6,90,0.000122023,1,0.000122023,0.000122023,0.000122023,1,1,1,1,1
6,90,9.5852e-05,1,9.5852e-05,9.5852e-05,9.5852e-05,1,1,1,1,1
6,90,5.4451e-05,1,5.4451e-05,5.4451e-05,5.4451e-05,1,1,1,1,1
6,90,9.6017e-05,1,9.6017e-05,9.6017e-05,9.6017e-05,1,1,1,1,1
6,90,0.000133104,1,0.000133104,0.000133104,0.000133104,1,1,1,1,1
6,90,5.9916e-05,1,5.9916e-05,5.9916e-05,5.9916e-05,1,1,1,1,1
6,90,5.7958e-05,1,5.7958e-05,5.7958e-05,5.7958e-05,1,1,1,1,1
6,90,9.5639e-05,1,9.5639e-05,9.5639e-05,9.5639e-05,1,1,1,1,1
6,90,9.2784e-05,1,9.2784e-05,9.2784e-05,9.2784e-05,1,1,1,1,1
6,90,7.4785e-05,1,7.4785e-05,7.4785e-05,7.4785e-05,1,1,1,1,1
6,90,7.6163e-05,1,7.6163e-05,7.6163e-05,7.6163e-05,1,1,1,1,1
6,90,6.9437e-05,1,6.9437e-05,6.9437e-05,6.9437e-05,1,1,1,1,1
6,90,8.5489e-05,1,8.5489e-05,8.5489e-05,8.5489e-05,1,1,1,1,1
6,90,0.000138828,1,0.000138828,0.000138828,0.000138828,1,1,1,1,1
6,90,8.9099e-05,1,8.9099e-05,8.9099e-05,8.9099e-05,1,1,1,1,1
6,90,5.3118e-05,1,5.3118e-05,5.3118e-05,5.3118e-05,1,1,1,1,1
6,90,9.0173e-05,1,9.0173e-05,9.0173e-05,9.0173e-05,1,1,1,1,1
6,90,5.3502e-05,1,5.3502e-05,5.3502e-05,5.3502e-05,1,1,1,1,1
6,90,0.000112487,1,0.000112487,0.000112487,0.000112487,1,1,1,1,1
6,90,8.9164e-05,1,8.9164e-05,8.9164e-05,8.9164e-05,1,1,1,1,1
6,90,9.0218e-05,1,9.0218e-05,9.0218e-05,9.0218e-05,1,1,1,1,1
6,90,0.00010846,1,0.00010846,0.00010846,0.00010846,1,1,1,1,1
6,90,9.4456e-05,1,9.4456e-05,9.4456e-05,9.4456e-05,1,1,1,1,1
6,90,9.4036e-05,1,9.4036e-05,9.4036e-05,9.4036e-05,1,1,1,1,1
6,90,0.000133892,1,0.000133892,0.000133892,0.000133892,1,1,1,1,1
6,90,8.9567e-05,1,8.9567e-05,8.9567e-05,8.9567e-05,1,1,1,1,1
6,90,0.000105516,1,0.000105516,0.000105516,0.000105516,1,1,1,1,1
6,90,5.7162e-05,1,5.7162e-05,5.7162e-05,5.7162e-05,1,1,1,1,1
6,90,6.359e-05,1,6.359e-05,6.359e-05,6.359e-05,1,1,1,1,1
6,90,0.000108743,1,0.000108743,0.000108743,0.000108743,1,1,1,1,1
6,90,5.7132e-05,1,5.7132e-05,5.7132e-05,5.7132e-05,1,1,1,1,1
6,90,8.9667e-05,1,8.9667e-05,8.9667e-05,8.9667e-05,1,1,1,1,1
6,90,0.000138111,1,0.000138111,0.000138111,0.000138111,1,1,1,1,1
6,90,9.478e-05,1,9.478e-05,9.478e-05,9.478e-05,1,1,1,1,1
6,90,0.000109194,1,0.000109194,0.000109194,0.000109194,1,1,1,1,1
6,90,8.9513e-05,1,8.9513e-05,8.9513e-05,8.9513e-05,1,1,1,1,1
6,90,0.00016141,1,0.00016141,0.00016141,0.00016141,1,1,1,1,1
6,90,0.000121,1,0.000121,0.000121,0.000121,1,1,1,1,1
6,90,9.3832e-05,1,9.3832e-05,9.3832e-05,9.3832e-05,1,1,1,1,1
6,90,9.4538e-05,1,9.4538e-05,9.4538e-05,9.4538e-05,1,1,1,1,1
6,90,6.2509e-05,1,6.2509e-05,6.2509e-05,6.2509e-05,1,1,1,1,1
6,90,6.111e-05,1,6.111e-05,6.111e-05,6.111e-05,1,1,1,1,1
6,90,9.5251e-05,1,9.5251e-05,9.5251e-05,9.5251e-05,1,1,1,1,1
6,90,9.4152e-05,1,9.4152e-05,9.4152e-05,9.4152e-05,1,1,1,1,1
6,90,5.7851e-05,1,5.7851e-05,5.7851e-05,5.7851e-05,1,1,1,1,1
6,90,9.0656e-05,1,9.0656e-05,9.0656e-05,9.0656e-05,1,1,1,1,1
6,90,0.000115687,1,0.000115687,0.000115687,0.000115687,1,1,1,1,1
6,90,7.5265e-05,1,7.5265e-05,7.5265e-05,7.5265e-05,1,1,1,1,1
6,90,7.49e-05,1,7.49e-05,7.49e-05,7.49e-05,1,1,1,1,1
6,90,9.563e-05,1,9.563e-05,9.563e-05,9.563e-05,1,1,1,1,1
6,90,7.2556e-05,1,7.2556e-05,7.2556e-05,7.2556e-05,1,1,1,1,1
6,90,0.000122483,1,0.000122483,0.000122483,0.000122483,1,1,1,1,1
6,90,0.000121302,1,0.000121302,0.000121302,0.000121302,1,1,1,1,1
6,90,9.3195e-05,1,9.3195e-05,9.3195e-05,9.3195e-05,1,1,1,1,1
6,90,7.653e-05,1,7.653e-05,7.653e-05,7.653e-05,1,1,1,1,1
6,90,8.7492e-05,1,8.7492e-05,8.7492e-05,8.7492e-05,1,1,1,1,1
6,90,9.0093e-05,1,9.0093e-05,9.0093e-05,9.0093e-05,1,1,1,1,1
6,90,8.8552e-05,1,8.8552e-05,8.8552e-05,8.8552e-05,1,1,1,1,1
6,90,7.3438e-05,1,7.3438e-05,7.3438e-05,7.3438e-05,1,1,1,1,1
6,90,9.5635e-05,1,9.5635e-05,9.5635e-05,9.5635e-05,1,1,1,1,1
6,90,0.000122039,1,0.000122039,0.000122039,0.000122039,1,1,1,1,1
6,90,9.1237e-05,1,9.1237e-05,9.1237e-05,9.1237e-05,1,1,1,1,1
6,90,9.4733e-05,1,9.4733e-05,9.4733e-05,9.4733e-05,1,1,1,1,1
6,90,0.000121377,1,0.000121377,0.000121377,0.000121377,1,1,1,1,1
6,90,8.8502e-05,1,8.8502e-05,8.8502e-05,8.8502e-05,1,1,1,1,1
6,90,9.0089e-05,1,9.0089e-05,9.0089e-05,9.0089e-05,1,1,1,1,1
6,90,6.0239e-05,1,6.0239e-05,6.0239e-05,6.0239e-05,1,1,1,1,1
6,90,7.7538e-05,1,7.7538e-05,7.7538e-05,7.7538e-05,1,1,1,1,1
6,90,0.00010802,1,0.00010802,0.00010802,0.00010802,1,1,1,1,1
6,90,0.000136923,1,0.000136923,0.000136923,0.000136923,1,1,1,1,1
6,90,5.7412e-05,1,5.7412e-05,5.7412e-05,5.7412e-05,1,1,1,1,1
6,90,9.4369e-05,1,9.4369e-05,9.4369e-05,9.4369e-05,1,1,1,1,1
6,90,0.000121812,1,0.000121812,0.000121812,0.000121812,1,1,1,1,1
6,90,6.2861e-05,1,6.2861e-05,6.2861e-05,6.2861e-05,1,1,1,1,1
6,90,0.00011023,1,0.00011023,0.00011023,0.00011023,1,1,1,1,1
6,90,9.0508e-05,1,9.0508e-05,9.0508e-05,9.0508e-05,1,1,1,1,1
6,90,9.0722e-05,1,9.0722e-05,9.0722e-05,9.0722e-05,1,1,1,1,1
6,90,5.9675e-05,1,5.9675e-05,5.9675e-05,5.9675e-05,1,1,1,1,1
6,90,5.8625e-05,1,5.8625e-05,5.8625e-05,5.8625e-05,1,1,1,1,1
6,90,9.1291e-05,1,9.1291e-05,9.1291e-05,9.1291e-05,1,1,1,1,1
6,90,7.2965e-05,1,7.2965e-05,7.2965e-05,7.2965e-05,1,1,1,1,1
6,90,0.000122527,1,0.000122527,0.000122527,0.000122527,1,1,1,1,1
6,90,9.4718e-05,1,9.4718e-05,9.4718e-05,9.4718e-05,1,1,1,1,1
6,90,6.2775e-05,1,6.2775e-05,6.2775e-05,6.2775e-05,1,1,1,1,1
6,90,0.000121792,1,0.000121792,0.000121792,0.000121792,1,1,1,1,1
6,90,0.000106025,1,0.000106025,0.000106025,0.000106025,1,1,1,1,1
6,90,9.0562e-05,1,9.0562e-05,9.0562e-05,9.0562e-05,1,1,1,1,1
6,90,0.000135922,1,0.000135922,0.000135922,0.000135922,1,1,1,1,1
6,90,7.1171e-05,1,7.1171e-05,7.1171e-05,7.1171e-05,1,1,1,1,1
6,90,8.8976e-05,1,8.8976e-05,8.8976e-05,8.8976e-05,1,1,1,1,1
6,90,0.00011586,1,0.00011586,0.00011586,0.00011586,1,1,1,1,1
6,90,0.000121112,1,0.000121112,0.000121112,0.000121112,1,1,1,1,1
6,90,0.000120654,1,0.000120654,0.000120654,0.000120654,1,1,1,1,1
6,90,9.4439e-05,1,9.4439e-05,9.4439e-05,9.4439e-05,1,1,1,1,1
6,90,9.0448e-05,1,9.0448e-05,9.0448e-05,9.0448e-05,1,1,1,1,1
6,90,9.0159e-05,1,9.0159e-05,9.0159e-05,9.0159e-05,1,1,1,1,1
6,90,0.000133527,1,0.000133527,0.000133527,0.000133527,1,1,1,1,1
6,90,5.5816e-05,1,5.5816e-05,5.5816e-05,5.5816e-05,1,1,1,1,1
6,90,0.000114992,1,0.000114992,0.000114992,0.000114992,1,1,1,1,1
6,90,9.4326e-05,1,9.4326e-05,9.4326e-05,9.4326e-05,1,1,1,1,1
6,90,9.3699e-05,1,9.3699e-05,9.3699e-05,9.3699e-05,1,1,1,1,1
6,90,9.5095e-05,1,9.5095e-05,9.5095e-05,9.5095e-05,1,1,1,1,1
6,90,9.3154e-05,1,9.3154e-05,9.3154e-05,9.3154e-05,1,1,1,1,1
6,90,9.414e-05,1,9.414e-05,9.414e-05,9.414e-05,1,1,1,1,1
6,90,7.5123e-05,1,7.5123e-05,7.5123e-05,7.5123e-05,1,1,1,1,1
6,90,9.0849e-05,1,9.0849e-05,9.0849e-05,9.0849e-05,1,1,1,1,1
6,90,5.9835e-05,1,5.9835e-05,5.9835e-05,5.9835e-05,1,1,1,1,1
6,90,0.000122772,1,0.000122772,0.000122772,0.000122772,1,1,1,1,1
6,90,6.215e-05,1,6.215e-05,6.215e-05,6.215e-05,1,1,1,1,1
6,90,0.000107956,1,0.000107956,0.000107956,0.000107956,1,1,1,1,1
6,90,5.051e-05,1,5.051e-05,5.051e-05,5.051e-05,1,1,1,1,1
6,90,7.2254e-05,1,7.2254e-05,7.2254e-05,7.2254e-05,1,1,1,1,1
6,90,9.0133e-05,1,9.0133e-05,9.0133e-05,9.0133e-05,1,1,1,1,1
6,90,9.5144e-05,1,9.5144e-05,9.5144e-05,9.5144e-05,1,1,1,1,1
6,90,0.000109156,1,0.000109156,0.000109156,0.000109156,1,1,1,1,1
6,90,5.6645e-05,1,5.6645e-05,5.6645e-05,5.6645e-05,1,1,1,1,1
6,90,8.8728e-05,1,8.8728e-05,8.8728e-05,8.8728e-05,1,1,1,1,1
6,90,0.00010975,1,0.00010975,0.00010975,0.00010975,1,1,1,1,1
6,90,6.0574e-05,1,6.0574e-05,6.0574e-05,6.0574e-05,1,1,1,1,1
6,90,9.5603e-05,1,9.5603e-05,9.5603e-05,9.5603e-05,1,1,1,1,1
6,90,9.1451e-05,1,9.1451e-05,9.1451e-05,9.1451e-05,1,1,1,1,1
6,90,0.000127265,1,0.000127265,0.000127265,0.000127265,1,1,1,1,1
6,90,9.4131e-05,1,9.4131e-05,9.4131e-05,9.4131e-05,1,1,1,1,1
6,90,9.3276e-05,1,9.3276e-05,9.3276e-05,9.3276e-05,1,1,1,1,1
6,90,0.000109265,1,0.000109265,0.000109265,0.000109265,1,1,1,1,1
6,90,0.000115856,1,0.000115856,0.000115856,0.000115856,1,1,1,1,1
6,90,8.9896e-05,1,8.9896e-05,8.9896e-05,8.9896e-05,1,1,1,1,1
6,90,5.9435e-05,1,5.9435e-05,5.9435e-05,5.9435e-05,1,1,1,1,1
6,90,8.8558e-05,1,8.8558e-05,8.8558e-05,8.8558e-05,1,1,1,1,1
6,90,0.000100034,1,0.000100034,0.000100034,0.000100034,1,1,1,1,1
6,90,0.000140908,1,0.000140908,0.000140908,0.000140908,1,1,1,1,1
6,90,0.000120968,1,0.000120968,0.000120968,0.000120968,1,1,1,1,1
6,90,6.1127e-05,1,6.1127e-05,6.1127e-05,6.1127e-05,1,1,1,1,1
6,90,9.5004e-05,1,9.5004e-05,9.5004e-05,9.5004e-05,1,1,1,1,1
6,90,0.000136723,1,0.000136723,0.000136723,0.000136723,1,1,1,1,1
6,90,9.0223e-05,1,9.0223e-05,9.0223e-05,9.0223e-05,1,1,1,1,1
6,90,9.0051e-05,1,9.0051e-05,9.0051e-05,9.0051e-05,1,1,1,1,1
6,90,0.000134095,1,0.000134095,0.000134095,0.000134095,1,1,1,1,1
6,90,9.4532e-05,1,9.4532e-05,9.4532e-05,9.4532e-05,1,1,1,1,1
6,90,7.3129e-05,1,7.3129e-05,7.3129e-05,7.3129e-05,1,1,1,1,1
6,90,9.5481e-05,1,9.5481e-05,9.5481e-05,9.5481e-05,1,1,1,1,1
6,90,0.000126904,1,0.000126904,0.000126904,0.000126904,1,1,1,1,1
6,90,0.000121847,1,0.000121847,0.000121847,0.000121847,1,1,1,1,1
6,90,6.08e-05,1,6.08e-05,6.08e-05,6.08e-05,1,1,1,1,1
6,90,6.2565e-05,1,6.2565e-05,6.2565e-05,6.2565e-05,1,1,1,1,1
6,90,9.0743e-05,1,9.0743e-05,9.0743e-05,9.0743e-05,1,1,1,1,1
6,90,8.7608e-05,1,8.7608e-05,8.7608e-05,8.7608e-05,1,1,1,1,1
6,90,5.1684e-05,1,5.1684e-05,5.1684e-05,5.1684e-05,1,1,1,1,1
6,90,9.5716e-05,1,9.5716e-05,9.5716e-05,9.5716e-05,1,1,1,1,1
6,90,9.4776e-05,1,9.4776e-05,9.4776e-05,9.4776e-05,1,1,1,1,1
6,90,9.3025e-05,1,9.3025e-05,9.3025e-05,9.3025e-05,1,1,1,1,1
6,90,9.2642e-05,1,9.2642e-05,9.2642e-05,9.2642e-05,1,1,1,1,1
6,90,9.4909e-05,1,9.4909e-05,9.4909e-05,9.4909e-05,1,1,1,1,1
6,90,0.000138483,1,0.000138483,0.000138483,0.000138483,1,1,1,1,1
6,90,9.3915e-05,1,9.3915e-05,9.3915e-05,9.3915e-05,1,1,1,1,1
6,90,5.7095e-05,1,5.7095e-05,5.7095e-05,5.7095e-05,1,1,1,1,1
6,90,9.1457e-05,1,9.1457e-05,9.1457e-05,9.1457e-05,1,1,1,1,1
6,90,0.000115853,1,0.000115853,0.000115853,0.000115853,1,1,1,1,1
6,90,8.9144e-05,1,8.9144e-05,8.9144e-05,8.9144e-05,1,1,1,1,1
6,90,0.000114577,1,0.000114577,0.000114577,0.000114577,1,1,1,1,1
6,90,0.000112688,1,0.000112688,0.000112688,0.000112688,1,1,1,1,1
6,90,9.4659e-05,1,9.4659e-05,9.4659e-05,9.4659e-05,1,1,1,1,1
6,90,0.000121978,1,0.000121978,0.000121978,0.000121978,1,1,1,1,1
6,90,6.2929e-05,1,6.2929e-05,6.2929e-05,6.2929e-05,1,1,1,1,1
6,90,9.4837e-05,1,9.4837e-05,9.4837e-05,9.4837e-05,1,1,1,1,1
6,90,0.000110106,1,0.000110106,0.000110106,0.000110106,1,1,1,1,1
6,90,8.9878e-05,1,8.9878e-05,8.9878e-05,8.9878e-05,1,1,1,1,1
6,90,0.000115945,1,0.000115945,0.000115945,0.000115945,1,1,1,1,1
6,90,9.3761e-05,1,9.3761e-05,9.3761e-05,9.3761e-05,1,1,1,1,1
6,90,5.4912e-05,1,5.4912e-05,5.4912e-05,5.4912e-05,1,1,1,1,1
6,90,0.000108272,1,0.000108272,0.000108272,0.000108272,1,1,1,1,1
6,90,9.3108e-05,1,9.3108e-05,9.3108e-05,9.3108e-05,1,1,1,1,1
6,90,6.2488e-05,1,6.2488e-05,6.2488e-05,6.2488e-05,1,1,1,1,1
6,90,9.174e-05,1,9.174e-05,9.174e-05,9.174e-05,1,1,1,1,1
6,90,9.5035e-05,1,9.5035e-05,9.5035e-05,9.5035e-05,1,1,1,1,1
6,90,0.000136145,1,0.000136145,0.000136145,0.000136145,1,1,1,1,1
6,90,7.1286e-05,1,7.1286e-05,7.1286e-05,7.1286e-05,1,1,1,1,1
6,90,0.00013402,1,0.00013402,0.00013402,0.00013402,1,1,1,1,1
6,90,9.4254e-05,1,9.4254e-05,9.4254e-05,9.4254e-05,1,1,1,1,1
6,90,0.000121415,1,0.000121415,0.000121415,0.000121415,1,1,1,1,1
6,90,6.2467e-05,1,6.2467e-05,6.2467e-05,6.2467e-05,1,1,1,1,1
6,90,9.6083e-05,1,9.6083e-05,9.6083e-05,9.6083e-05,1,1,1,1,1
6,90,0.000121116,1,0.000121116,0.000121116,0.000121116,1,1,1,1,1
6,90,0.000110508,1,0.000110508,0.000110508,0.000110508,1,1,1,1,1
6,90,8.8852e-05,1,8.8852e-05,8.8852e-05,8.8852e-05,1,1,1,1,1
6,90,9.0514e-05,1,9.0514e-05,9.0514e-05,9.0514e-05,1,1,1,1,1
6,90,8.8431e-05,1,8.8431e-05,8.8431e-05,8.8431e-05,1,1,1,1,1
6,90,0.000133237,1,0.000133237,0.000133237,0.000133237,1,1,1,1,1
6,90,5.5724e-05,1,5.5724e-05,5.5724e-05,5.5724e-05,1,1,1,1,1
6,90,9.884e-05,1,9.884e-05,9.884e-05,9.884e-05,1,1,1,1,1
6,90,0.000138692,1,0.000138692,0.000138692,0.000138692,1,1,1,1,1
6,90,9.4491e-05,1,9.4491e-05,9.4491e-05,9.4491e-05,1,1,1,1,1
6,90,9.4645e-05,1,9.4645e-05,9.4645e-05,9.4645e-05,1,1,1,1,1
6,90,9.4364e-05,1,9.4364e-05,9.4364e-05,9.4364e-05,1,1,1,1,1
6,90,9.2524e-05,1,9.2524e-05,9.2524e-05,9.2524e-05,1,1,1,1,1
6,90,0.000116016,1,0.000116016,0.000116016,0.000116016,1,1,1,1,1
6,90,8.8306e-05,1,8.8306e-05,8.8306e-05,8.8306e-05,1,1,1,1,1
6,90,0.000135895,1,0.000135895,0.000135895,0.000135895,1,1,1,1,1
6,90,9.2965e-05,1,9.2965e-05,9.2965e-05,9.2965e-05,1,1,1,1,1
6,90,6.1408e-05,1,6.1408e-05,6.1408e-05,6.1408e-05,1,1,1,1,1
6,90,6.1342e-05,1,6.1342e-05,6.1342e-05,6.1342e-05,1,1,1,1,1
6,90,0.000133149,1,0.000133149,0.000133149,0.000133149,1,1,1,1,1
6,90,8.665e-05,1,8.665e-05,8.665e-05,8.665e-05,1,1,1,1,1
6,90,9.3943e-05,1,9.3943e-05,9.3943e-05,9.3943e-05,1,1,1,1,1
6,90,6.2359e-05,1,6.2359e-05,6.2359e-05,6.2359e-05,1,1,1,1,1
6,90,9.6329e-05,1,9.6329e-05,9.6329e-05,9.6329e-05,1,1,1,1,1
6,90,6.281e-05,1,6.281e-05,6.281e-05,6.281e-05,1,1,1,1,1
6,90,5.9852e-05,1,5.9852e-05,5.9852e-05,5.9852e-05,1,1,1,1,1
6,90,0.000136,1,0.000136,0.000136,0.000136,1,1,1,1,1
6,90,0.000107302,1,0.000107302,0.000107302,0.000107302,1,1,1,1,1
6,90,9.5411e-05,1,9.5411e-05,9.5411e-05,9.5411e-05,1,1,1,1,1
6,90,9.3425e-05,1,9.3425e-05,9.3425e-05,9.3425e-05,1,1,1,1,1
6,90,6.1576e-05,1,6.1576e-05,6.1576e-05,6.1576e-05,1,1,1,1,1
6,90,9.6001e-05,1,9.6001e-05,9.6001e-05,9.6001e-05,1,1,1,1,1
6,90,9.2948e-05,1,9.2948e-05,9.2948e-05,9.2948e-05,1,1,1,1,1
6,90,0.00010707,1,0.00010707,0.00010707,0.00010707,1,1,1,1,1
6,90,5.7654e-05,1,5.7654e-05,5.7654e-05,5.7654e-05,1,1,1,1,1
6,90,5.855e-05,1,5.855e-05,5.855e-05,5.855e-05,1,1,1,1,1
6,90,0.000135448,1,0.000135448,0.000135448,0.000135448,1,1,1,1,1
6,90,7.4219e-05,1,7.4219e-05,7.4219e-05,7.4219e-05,1,1,1,1,1
6,90,6.114e-05,1,6.114e-05,6.114e-05,6.114e-05,1,1,1,1,1
6,90,7.8609e-05,1,7.8609e-05,7.8609e-05,7.8609e-05,1,1,1,1,1
6,90,6.2592e-05,1,6.2592e-05,6.2592e-05,6.2592e-05,1,1,1,1,1
6,90,6.0154e-05,1,6.0154e-05,6.0154e-05,6.0154e-05,1,1,1,1,1
6,90,9.6176e-05,1,9.6176e-05,9.6176e-05,9.6176e-05,1,1,1,1,1
6,90,5.9964e-05,1,5.9964e-05,5.9964e-05,5.9964e-05,1,1,1,1,1
6,90,0.000139169,1,0.000139169,0.000139169,0.000139169,1,1,1,1,1
6,90,0.000115221,1,0.000115221,0.000115221,0.000115221,1,1,1,1,1
6,90,0.000114891,1,0.000114891,0.000114891,0.000114891,1,1,1,1,1
6,90,8.9829e-05,1,8.9829e-05,8.9829e-05,8.9829e-05,1,1,1,1,1
6,90,0.000137402,1,0.000137402,0.000137402,0.000137402,1,1,1,1,1
6,90,9.4243e-05,1,9.4243e-05,9.4243e-05,9.4243e-05,1,1,1,1,1
6,90,6.2314e-05,1,6.2314e-05,6.2314e-05,6.2314e-05,1,1,1,1,1
6,90,0.000121962,1,0.000121962,0.000121962,0.000121962,1,1,1,1,1
6,90,9.5014e-05,1,9.5014e-05,9.5014e-05,9.5014e-05,1,1,1,1,1
6,90,9.5197e-05,1,9.5197e-05,9.5197e-05,9.5197e-05,1,1,1,1,1
6,90,9.0149e-05,1,9.0149e-05,9.0149e-05,9.0149e-05,1,1,1,1,1
6,90,8.9701e-05,1,8.9701e-05,8.9701e-05,8.9701e-05,1,1,1,1,1
6,90,8.9311e-05,1,8.9311e-05,8.9311e-05,8.9311e-05,1,1,1,1,1
6,90,0.000136803,1,0.000136803,0.000136803,0.000136803,1,1,1,1,1
6,90,5.9766e-05,1,5.9766e-05,5.9766e-05,5.9766e-05,1,1,1,1,1
6,90,0.000108219,1,0.000108219,0.000108219,0.000108219,1,1,1,1,1
6,90,5.5263e-05,1,5.5263e-05,5.5263e-05,5.5263e-05,1,1,1,1,1
6,90,0.000138182,1,0.000138182,0.000138182,0.000138182,1,1,1,1,1
6,90,0.000120905,1,0.000120905,0.000120905,0.000120905,1,1,1,1,1
6,90,9.2938e-05,1,9.2938e-05,9.2938e-05,9.2938e-05,1,1,1,1,1
6,90,0.000134602,1,0.000134602,0.000134602,0.000134602,1,1,1,1,1
6,90,8.9537e-05,1,8.9537e-05,8.9537e-05,8.9537e-05,1,1,1,1,1
6,90,5.7849e-05,1,5.7849e-05,5.7849e-05,5.7849e-05,1,1,1,1,1
6,90,0.000133923,1,0.000133923,0.000133923,0.000133923,1,1,1,1,1
6,90,7.0821e-05,1,7.0821e-05,7.0821e-05,7.0821e-05,1,1,1,1,1
6,90,0.000171874,1,0.000171874,0.000171874,0.000171874,1,1,1,1,1
6,90,6.2466e-05,1,6.2466e-05,6.2466e-05,6.2466e-05,1,1,1,1,1
6,90,9.3668e-05,1,9.3668e-05,9.3668e-05,9.3668e-05,1,1,1,1,1
6,90,9.5131e-05,1,9.5131e-05,9.5131e-05,9.5131e-05,1,1,1,1,1
6,90,9.2978e-05,1,9.2978e-05,9.2978e-05,9.2978e-05,1,1,1,1,1
6,90,7.8312e-05,1,7.8312e-05,7.8312e-05,7.8312e-05,1,1,1,1,1
6,90,7.7737e-05,1,7.7737e-05,7.7737e-05,7.7737e-05,1,1,1,1,1
6,90,5.6357e-05,1,5.6357e-05,5.6357e-05,5.6357e-05,1,1,1,1,1
6,90,9.1289e-05,1,9.1289e-05,9.1289e-05,9.1289e-05,1,1,1,1,1
6,90,9.0287e-05,1,9.0287e-05,9.0287e-05,9.0287e-05,1,1,1,1,1
6,90,0.000122183,1,0.000122183,0.000122183,0.000122183,1,1,1,1,1
6,90,9.4324e-05,1,9.4324e-05,9.4324e-05,9.4324e-05,1,1,1,1,1
6,90,9.5058e-05,1,9.5058e-05,9.5058e-05,9.5058e-05,1,1,1,1,1
6,90,9.4423e-05,1,9.4423e-05,9.4423e-05,9.4423e-05,1,1,1,1,1
6,90,5.8971e-05,1,5.8971e-05,5.8971e-05,5.8971e-05,1,1,1,1,1
6,90,0.000106855,1,0.000106855,0.000106855,0.000106855,1,1,1,1,1
6,90,8.8565e-05,1,8.8565e-05,8.8565e-05,8.8565e-05,1,1,1,1,1
6,90,0.000115811,1,0.000115811,0.000115811,0.000115811,1,1,1,1,1
6,90,8.8629e-05,1,8.8629e-05,8.8629e-05,8.8629e-05,1,1,1,1,1
6,90,5.9602e-05,1,5.9602e-05,5.9602e-05,5.9602e-05,1,1,1,1,1
6,90,0.000108744,1,0.000108744,0.000108744,0.000108744,1,1,1,1,1
6,90,5.966e-05,1,5.966e-05,5.966e-05,5.966e-05,1,1,1,1,1
6,90,6.3456e-05,1,6.3456e-05,6.3456e-05,6.3456e-05,1,1,1,1,1
6,90,7.592e-05,1,7.592e-05,7.592e-05,7.592e-05,1,1,1,1,1
6,90,9.5408e-05,1,9.5408e-05,9.5408e-05,9.5408e-05,1,1,1,1,1
6,90,0.000121883,1,0.000121883,0.000121883,0.000121883,1,1,1,1,1
6,90,9.2869e-05,1,9.2869e-05,9.2869e-05,9.2869e-05,1,1,1,1,1
6,90,6.3201e-05,1,6.3201e-05,6.3201e-05,6.3201e-05,1,1,1,1,1
6,90,0.000107972,1,0.000107972,0.000107972,0.000107972,1,1,1,1,1
6,90,9.0164e-05,1,9.0164e-05,9.0164e-05,9.0164e-05,1,1,1,1,1
6,90,0.000116152,1,0.000116152,0.000116152,0.000116152,1,1,1,1,1
6,90,0.000129975,1,0.000129975,0.000129975,0.000129975,1,1,1,1,1
6,90,0.000111175,1,0.000111175,0.000111175,0.000111175,1,1,1,1,1
6,90,9.5176e-05,1,9.5176e-05,9.5176e-05,9.5176e-05,1,1,1,1,1
6,90,9.4541e-05,1,9.4541e-05,9.4541e-05,9.4541e-05,1,1,1,1,1
6,90,7.4579e-05,1,7.4579e-05,7.4579e-05,7.4579e-05,1,1,1,1,1
6,90,9.5707e-05,1,9.5707e-05,9.5707e-05,9.5707e-05,1,1,1,1,1
6,90,9.2884e-05,1,9.2884e-05,9.2884e-05,9.2884e-05,1,1,1,1,1
6,90,9.4975e-05,1,9.4975e-05,9.4975e-05,9.4975e-05,1,1,1,1,1
6,90,8.6639e-05,1,8.6639e-05,8.6639e-05,8.6639e-05,1,1,1,1,1
6,90,0.000116469,1,0.000116469,0.000116469,0.000116469,1,1,1,1,1
6,90,8.8287e-05,1,8.8287e-05,8.8287e-05,8.8287e-05,1,1,1,1,1
6,90,0.000134112,1,0.000134112,0.000134112,0.000134112,1,1,1,1,1
6,90,0.000120993,1,0.000120993,0.000120993,0.000120993,1,1,1,1,1
6,90,6.0908e-05,1,6.0908e-05,6.0908e-05,6.0908e-05,1,1,1,1,1
6,90,6.3183e-05,1,6.3183e-05,6.3183e-05,6.3183e-05,1,1,1,1,1
6,90,0.000122372,1,0.000122372,0.000122372,0.000122372,1,1,1,1,1
6,90,7.5179e-05,1,7.5179e-05,7.5179e-05,7.5179e-05,1,1,1,1,1
6,90,6.2417e-05,1,6.2417e-05,6.2417e-05,6.2417e-05,1,1,1,1,1
6,90,0.000109895,1,0.000109895,0.000109895,0.000109895,1,1,1,1,1
6,90,9.0028e-05,1,9.0028e-05,9.0028e-05,9.0028e-05,1,1,1,1,1
6,90,0.000115651,1,0.000115651,0.000115651,0.000115651,1,1,1,1,1
6,90,0.000107847,1,0.000107847,0.000107847,0.000107847,1,1,1,1,1
6,90,6.2801e-05,1,6.2801e-05,6.2801e-05,6.2801e-05,1,1,1,1,1
6,90,9.4374e-05,1,9.4374e-05,9.4374e-05,9.4374e-05,1,1,1,1,1
6,90,9.4129e-05,1,9.4129e-05,9.4129e-05,9.4129e-05,1,1,1,1,1
6,90,5.8031e-05,1,5.8031e-05,5.8031e-05,5.8031e-05,1,1,1,1,1
6,90,7.5483e-05,1,7.5483e-05,7.5483e-05,7.5483e-05,1,1,1,1,1
6,90,7.4912e-05,1,7.4912e-05,7.4912e-05,7.4912e-05,1,1,1,1,1
6,90,0.000134997,1,0.000134997,0.000134997,0.000134997,1,1,1,1,1
6,90,0.000107306,1,0.000107306,0.000107306,0.000107306,1,1,1,1,1
6,90,5.8364e-05,1,5.8364e-05,5.8364e-05,5.8364e-05,1,1,1,1,1
6,90,0.000161075,1,0.000161075,0.000161075,0.000161075,1,1,1,1,1
6,90,0.000109394,1,0.000109394,0.000109394,0.000109394,1,1,1,1,1
6,90,0.000121822,1,0.000121822,0.000121822,0.000121822,1,1,1,1,1
6,90,9.3966e-05,1,9.3966e-05,9.3966e-05,9.3966e-05,1,1,1,1,1
6,90,0.000121512,1,0.000121512,0.000121512,0.000121512,1,1,1,1,1
6,90,0.000103628,1,0.000103628,0.000103628,0.000103628,1,1,1,1,1
6,90,9.5147e-05,1,9.5147e-05,9.5147e-05,9.5147e-05,1,1,1,1,1
6,90,0.000121672,1,0.000121672,0.000121672,0.000121672,1,1,1,1,1
6,90,8.9852e-05,1,8.9852e-05,8.9852e-05,8.9852e-05,1,1,1,1,1
6,90,8.8156e-05,1,8.8156e-05,8.8156e-05,8.8156e-05,1,1,1,1,1
6,90,6.0057e-05,1,6.0057e-05,6.0057e-05,6.0057e-05,1,1,1,1,1
6,90,9.3663e-05,1,9.3663e-05,9.3663e-05,9.3663e-05,1,1,1,1,1
6,90,0.000121925,1,0.000121925,0.000121925,0.000121925,1,1,1,1,1
6,90,0.000104875,1,0.000104875,0.000104875,0.000104875,1,1,1,1,1
6,90,0.000121587,1,0.000121587,0.000121587,0.000121587,1,1,1,1,1
6,90,0.000120818,1,0.000120818,0.000120818,0.000120818,1,1,1,1,1
6,90,0.000120581,1,0.000120581,0.000120581,0.000120581,1,1,1,1,1
6,90,0.00010682,1,0.00010682,0.00010682,0.00010682,1,1,1,1,1
6,90,9.0873e-05,1,9.0873e-05,9.0873e-05,9.0873e-05,1,1,1,1,1
6,90,0.00011554,1,0.00011554,0.00011554,0.00011554,1,1,1,1,1
6,90,0.000114669,1,0.000114669,0.000114669,0.000114669,1,1,1,1,1
6,90,0.000110267,1,0.000110267,0.000110267,0.000110267,1,1,1,1,1
6,90,9.4782e-05,1,9.4782e-05,9.4782e-05,9.4782e-05,1,1,1,1,1
6,90,7.5163e-05,1,7.5163e-05,7.5163e-05,7.5163e-05,1,1,1,1,1
6,90,9.6001e-05,1,9.6001e-05,9.6001e-05,9.6001e-05,1,1,1,1,1
6,90,0.000121508,1,0.000121508,0.000121508,0.000121508,1,1,1,1,1
6,90,9.4789e-05,1,9.4789e-05,9.4789e-05,9.4789e-05,1,1,1,1,1
6,90,0.000136829,1,0.000136829,0.000136829,0.000136829,1,1,1,1,1
6,90,0.000117755,1,0.000117755,0.000117755,0.000117755,1,1,1,1,1
6,90,7.0935e-05,1,7.0935e-05,7.0935e-05,7.0935e-05,1,1,1,1,1
6,90,9.1235e-05,1,9.1235e-05,9.1235e-05,9.1235e-05,1,1,1,1,1
6,90,0.000108001,1,0.000108001,0.000108001,0.000108001,1,1,1,1,1
6,90,9.4806e-05,1,9.4806e-05,9.4806e-05,9.4806e-05,1,1,1,1,1
6,90,5.9624e-05,1,5.9624e-05,5.9624e-05,5.9624e-05,1,1,1,1,1
6,90,9.537e-05,1,9.537e-05,9.537e-05,9.537e-05,1,1,1,1,1
6,90,9.4371e-05,1,9.4371e-05,9.4371e-05,9.4371e-05,1,1,1,1,1
6,90,0.000136599,1,0.000136599,0.000136599,0.000136599,1,1,1,1,1
6,90,0.000107616,1,0.000107616,0.000107616,0.000107616,1,1,1,1,1
6,90,7.4899e-05,1,7.4899e-05,7.4899e-05,7.4899e-05,1,1,1,1,1
6,90,9.0306e-05,1,9.0306e-05,9.0306e-05,9.0306e-05,1,1,1,1,1
6,90,8.9835e-05,1,8.9835e-05,8.9835e-05,8.9835e-05,1,1,1,1,1
6,90,5.445e-05,1,5.445e-05,5.445e-05,5.445e-05,1,1,1,1,1
6,90,0.00011143,1,0.00011143,0.00011143,0.00011143,1,1,1,1,1
6,90,9.4933e-05,1,9.4933e-05,9.4933e-05,9.4933e-05,1,1,1,1,1
6,90,6.109e-05,1,6.109e-05,6.109e-05,6.109e-05,1,1,1,1,1
6,90,6.1356e-05,1,6.1356e-05,6.1356e-05,6.1356e-05,1,1,1,1,1
6,90,9.0402e-05,1,9.0402e-05,9.0402e-05,9.0402e-05,1,1,1,1,1
6,90,6.4607e-05,1,6.4607e-05,6.4607e-05,6.4607e-05,1,1,1,1,1
6,90,9.4827e-05,1,9.4827e-05,9.4827e-05,9.4827e-05,1,1,1,1,1
6,90,7.4579e-05,1,7.4579e-05,7.4579e-05,7.4579e-05,1,1,1,1,1
6,90,0.000135153,1,0.000135153,0.000135153,0.000135153,1,1,1,1,1
6,90,0.000115363,1,0.000115363,0.000115363,0.000115363,1,1,1,1,1
6,90,6.9466e-05,1,6.9466e-05,6.9466e-05,6.9466e-05,1,1,1,1,1
6,90,8.715e-05,1,8.715e-05,8.715e-05,8.715e-05,1,1,1,1,1
6,90,0.000134714,1,0.000134714,0.000134714,0.000134714,1,1,1,1,1
6,90,6.9557e-05,1,6.9557e-05,6.9557e-05,6.9557e-05,1,1,1,1,1
6,90,0.000116059,1,0.000116059,0.000116059,0.000116059,1,1,1,1,1
6,90,0.000120654,1,0.000120654,0.000120654,0.000120654,1,1,1,1,1
6,90,9.3164e-05,1,9.3164e-05,9.3164e-05,9.3164e-05,1,1,1,1,1
6,90,0.000160318,1,0.000160318,0.000160318,0.000160318,1,1,1,1,1
6,90,9.2958e-05,1,9.2958e-05,9.2958e-05,9.2958e-05,1,1,1,1,1
6,90,0.000121216,1,0.000121216,0.000121216,0.000121216,1,1,1,1,1
6,90,7.4919e-05,1,7.4919e-05,7.4919e-05,7.4919e-05,1,1,1,1,1
6,90,0.000136977,1,0.000136977,0.000136977,0.000136977,1,1,1,1,1
6,90,5.9786e-05,1,5.9786e-05,5.9786e-05,5.9786e-05,1,1,1,1,1
6,90,5.8159e-05,1,5.8159e-05,5.8159e-05,5.8159e-05,1,1,1,1,1
6,90,8.958e-05,1,8.958e-05,8.958e-05,8.958e-05,1,1,1,1,1
6,90,0.000137635,1,0.000137635,0.000137635,0.000137635,1,1,1,1,1
6,90,6.1412e-05,1,6.1412e-05,6.1412e-05,6.1412e-05,1,1,1,1,1
6,90,9.4028e-05,1,9.4028e-05,9.4028e-05,9.4028e-05,1,1,1,1,1
6,90,9.4364e-05,1,9.4364e-05,9.4364e-05,9.4364e-05,1,1,1,1,1
6,90,8.9817e-05,1,8.9817e-05,8.9817e-05,8.9817e-05,1,1,1,1,1
6,90,0.000116261,1,0.000116261,0.000116261,0.000116261,1,1,1,1,1
6,90,9.0234e-05,1,9.0234e-05,9.0234e-05,9.0234e-05,1,1,1,1,1
6,90,0.000111618,1,0.000111618,0.000111618,0.000111618,1,1,1,1,1
6,90,0.000115446,1,0.000115446,0.000115446,0.000115446,1,1,1,1,1
6,90,7.1104e-05,1,7.1104e-05,7.1104e-05,7.1104e-05,1,1,1,1,1
6,90,8.7053e-05,1,8.7053e-05,8.7053e-05,8.7053e-05,1,1,1,1,1
6,90,8.9356e-05,1,8.9356e-05,8.9356e-05,8.9356e-05,1,1,1,1,1
6,90,0.000106073,1,0.000106073,0.000106073,0.000106073,1,1,1,1,1
6,90,9.3243e-05,1,9.3243e-05,9.3243e-05,9.3243e-05,1,1,1,1,1
6,90,7.903e-05,1,7.903e-05,7.903e-05,7.903e-05,1,1,1,1,1
6,90,5.9759e-05,1,5.9759e-05,5.9759e-05,5.9759e-05,1,1,1,1,1
6,90,5.9737e-05,1,5.9737e-05,5.9737e-05,5.9737e-05,1,1,1,1,1
6,90,9.1225e-05,1,9.1225e-05,9.1225e-05,9.1225e-05,1,1,1,1,1
6,90,0.000133346,1,0.000133346,0.000133346,0.000133346,1,1,1,1,1
6,90,6.0571e-05,1,6.0571e-05,6.0571e-05,6.0571e-05,1,1,1,1,1
6,90,0.000137132,1,0.000137132,0.000137132,0.000137132,1,1,1,1,1
6,90,5.8168e-05,1,5.8168e-05,5.8168e-05,5.8168e-05,1,1,1,1,1
6,90,5.8272e-05,1,5.8272e-05,5.8272e-05,5.8272e-05,1,1,1,1,1
6,90,0.000139837,1,0.000139837,0.000139837,0.000139837,1,1,1,1,1
6,90,8.1767e-05,1,8.1767e-05,8.1767e-05,8.1767e-05,1,1,1,1,1
6,90,0.000107598,1,0.000107598,0.000107598,0.000107598,1,1,1,1,1
6,90,0.000121813,1,0.000121813,0.000121813,0.000121813,1,1,1,1,1
6,90,0.000121329,1,0.000121329,0.000121329,0.000121329,1,1,1,1,1
6,90,0.000105843,1,0.000105843,0.000105843,0.000105843,1,1,1,1,1
6,90,0.000110572,1,0.000110572,0.000110572,0.000110572,1,1,1,1,1
6,90,8.8406e-05,1,8.8406e-05,8.8406e-05,8.8406e-05,1,1,1,1,1
6,90,9.0201e-05,1,9.0201e-05,9.0201e-05,9.0201e-05,1,1,1,1,1
6,90,5.7822e-05,1,5.7822e-05,5.7822e-05,5.7822e-05,1,1,1,1,1
6,90,8.9171e-05,1,8.9171e-05,8.9171e-05,8.9171e-05,1,1,1,1,1
6,90,0.000106935,1,0.000106935,0.000106935,0.000106935,1,1,1,1,1
6,90,9.2487e-05,1,9.2487e-05,9.2487e-05,9.2487e-05,1,1,1,1,1
6,90,9.554e-05,1,9.554e-05,9.554e-05,9.554e-05,1,1,1,1,1
6,90,0.000107153,1,0.000107153,0.000107153,0.000107153,1,1,1,1,1
6,90,0.000115493,1,0.000115493,0.000115493,0.000115493,1,1,1,1,1
6,90,8.6549e-05,1,8.6549e-05,8.6549e-05,8.6549e-05,1,1,1,1,1
6,90,9.0174e-05,1,9.0174e-05,9.0174e-05,9.0174e-05,1,1,1,1,1
6,90,8.8248e-05,1,8.8248e-05,8.8248e-05,8.8248e-05,1,1,1,1,1
6,90,8.871e-05,1,8.871e-05,8.871e-05,8.871e-05,1,1,1,1,1
6,90,9.3285e-05,1,9.3285e-05,9.3285e-05,9.3285e-05,1,1,1,1,1
6,90,9.2285e-05,1,9.2285e-05,9.2285e-05,9.2285e-05,1,1,1,1,1
6,90,9.5411e-05,1,9.5411e-05,9.5411e-05,9.5411e-05,1,1,1,1,1
6,90,9.519e-05,1,9.519e-05,9.519e-05,9.519e-05,1,1,1,1,1
6,90,0.000107045,1,0.000107045,0.000107045,0.000107045,1,1,1,1,1
6,90,8.9729e-05,1,8.9729e-05,8.9729e-05,8.9729e-05,1,1,1,1,1
6,90,6.9218e-05,1,6.9218e-05,6.9218e-05,6.9218e-05,1,1,1,1,1
6,90,0.000110843,1,0.000110843,0.000110843,0.000110843,1,1,1,1,1
6,90,8.867e-05,1,8.867e-05,8.867e-05,8.867e-05,1,1,1,1,1
6,90,5.7177e-05,1,5.7177e-05,5.7177e-05,5.7177e-05,1,1,1,1,1
6,90,0.000111618,1,0.000111618,0.000111618,0.000111618,1,1,1,1,1
6,90,0.000139419,1,0.000139419,0.000139419,0.000139419,1,1,1,1,1
6,90,9.4681e-05,1,9.4681e-05,9.4681e-05,9.4681e-05,1,1,1,1,1
6,90,9.4492e-05,1,9.4492e-05,9.4492e-05,9.4492e-05,1,1,1,1,1
6,90,9.488e-05,1,9.488e-05,9.488e-05,9.488e-05,1,1,1,1,1
6,90,6.2317e-05,1,6.2317e-05,6.2317e-05,6.2317e-05,1,1,1,1,1
6,90,0.000116559,1,0.000116559,0.000116559,0.000116559,1,1,1,1,1
6,90,5.746e-05,1,5.746e-05,5.746e-05,5.746e-05,1,1,1,1,1
6,90,8.8976e-05,1,8.8976e-05,8.8976e-05,8.8976e-05,1,1,1,1,1
6,90,9.0087e-05,1,9.0087e-05,9.0087e-05,9.0087e-05,1,1,1,1,1
6,90,8.9812e-05,1,8.9812e-05,8.9812e-05,8.9812e-05,1,1,1,1,1
6,90,9.3153e-05,1,9.3153e-05,9.3153e-05,9.3153e-05,1,1,1,1,1
6,90,9.3451e-05,1,9.3451e-05,9.3451e-05,9.3451e-05,1,1,1,1,1
6,90,0.000121761,1,0.000121761,0.000121761,0.000121761,1,1,1,1,1
6,90,9.2941e-05,1,9.2941e-05,9.2941e-05,9.2941e-05,1,1,1,1,1
6,90,0.000110684,1,0.000110684,0.000110684,0.000110684,1,1,1,1,1
6,90,9.043e-05,1,9.043e-05,9.043e-05,9.043e-05,1,1,1,1,1
6,90,8.8725e-05,1,8.8725e-05,8.8725e-05,8.8725e-05,1,1,1,1,1
6,90,6.8535e-05,1,6.8535e-05,6.8535e-05,6.8535e-05,1,1,1,1,1
6,90,8.9536e-05,1,8.9536e-05,8.9536e-05,8.9536e-05,1,1,1,1,1
6,90,8.4424e-05,1,8.4424e-05,8.4424e-05,8.4424e-05,1,1,1,1,1
6,90,7.8516e-05,1,7.8516e-05,7.8516e-05,7.8516e-05,1,1,1,1,1
6,90,6.1865e-05,1,6.1865e-05,6.1865e-05,6.1865e-05,1,1,1,1,1
6,90,9.4949e-05,1,9.4949e-05,9.4949e-05,9.4949e-05,1,1,1,1,1
6,90,9.5017e-05,1,9.5017e-05,9.5017e-05,9.5017e-05,1,1,1,1,1
6,90,9.4715e-05,1,9.4715e-05,9.4715e-05,9.4715e-05,1,1,1,1,1
6,90,9.4468e-05,1,9.4468e-05,9.4468e-05,9.4468e-05,1,1,1,1,1
6,90,0.000110562,1,0.000110562,0.000110562,0.000110562,1,1,1,1,1
6,90,8.8174e-05,1,8.8174e-05,8.8174e-05,8.8174e-05,1,1,1,1,1
6,90,7.0967e-05,1,7.0967e-05,7.0967e-05,7.0967e-05,1,1,1,1,1
6,90,9.098e-05,1,9.098e-05,9.098e-05,9.098e-05,1,1,1,1,1
6,90,8.8738e-05,1,8.8738e-05,8.8738e-05,8.8738e-05,1,1,1,1,1
6,90,0.000102807,1,0.000102807,0.000102807,0.000102807,1,1,1,1,1
6,90,9.5483e-05,1,9.5483e-05,9.5483e-05,9.5483e-05,1,1,1,1,1
6,90,0.000121409,1,0.000121409,0.000121409,0.000121409,1,1,1,1,1
6,90,9.3957e-05,1,9.3957e-05,9.3957e-05,9.3957e-05,1,1,1,1,1
6,90,6.2558e-05,1,6.2558e-05,6.2558e-05,6.2558e-05,1,1,1,1,1
6,90,0.000122607,1,0.000122607,0.000122607,0.000122607,1,1,1,1,1
6,90,0.00010918,1,0.00010918,0.00010918,0.00010918,1,1,1,1,1
6,90,9.0651e-05,1,9.0651e-05,9.0651e-05,9.0651e-05,1,1,1,1,1
6,90,8.9594e-05,1,8.9594e-05,8.9594e-05,8.9594e-05,1,1,1,1,1
6,90,0.000115806,1,0.000115806,0.000115806,0.000115806,1,1,1,1,1
6,90,0.000134597,1,0.000134597,0.000134597,0.000134597,1,1,1,1,1
6,90,6.3117e-05,1,6.3117e-05,6.3117e-05,6.3117e-05,1,1,1,1,1
6,90,9.3688e-05,1,9.3688e-05,9.3688e-05,9.3688e-05,1,1,1,1,1
6,90,9.4485e-05,1,9.4485e-05,9.4485e-05,9.4485e-05,1,1,1,1,1
6,90,9.4508e-05,1,9.4508e-05,9.4508e-05,9.4508e-05,1,1,1,1,1
6,90,9.5184e-05,1,9.5184e-05,9.5184e-05,9.5184e-05,1,1,1,1,1
6,90,9.4515e-05,1,9.4515e-05,9.4515e-05,9.4515e-05,1,1,1,1,1
6,90,9.4097e-05,1,9.4097e-05,9.4097e-05,9.4097e-05,1,1,1,1,1
6,90,9.0064e-05,1,9.0064e-05,9.0064e-05,9.0064e-05,1,1,1,1,1
6,90,7.0996e-05,1,7.0996e-05,7.0996e-05,7.0996e-05,1,1,1,1,1
6,90,9.0306e-05,1,9.0306e-05,9.0306e-05,9.0306e-05,1,1,1,1,1
6,90,7.5709e-05,1,7.5709e-05,7.5709e-05,7.5709e-05,1,1,1,1,1
6,90,5.931e-05,1,5.931e-05,5.931e-05,5.931e-05,1,1,1,1,1
6,90,9.4508e-05,1,9.4508e-05,9.4508e-05,9.4508e-05,1,1,1,1,1
6,90,9.4977e-05,1,9.4977e-05,9.4977e-05,9.4977e-05,1,1,1,1,1
6,90,6.0689e-05,1,6.0689e-05,6.0689e-05,6.0689e-05,1,1,1,1,1
6,90,9.5318e-05,1,9.5318e-05,9.5318e-05,9.5318e-05,1,1,1,1,1
6,90,6.235e-05,1,6.235e-05,6.235e-05,6.235e-05,1,1,1,1,1
6,90,0.000122472,1,0.000122472,0.000122472,0.000122472,1,1,1,1,1
6,90,0.000135363,1,0.000135363,0.000135363,0.000135363,1,1,1,1,1
6,90,0.000115116,1,0.000115116,0.000115116,0.000115116,1,1,1,1,1
6,90,0.000108304,1,0.000108304,0.000108304,0.000108304,1,1,1,1,1
6,90,9.0777e-05,1,9.0777e-05,9.0777e-05,9.0777e-05,1,1,1,1,1
6,90,0.000122219,1,0.000122219,0.000122219,0.000122219,1,1,1,1,1
6,90,9.4616e-05,1,9.4616e-05,9.4616e-05,9.4616e-05,1,1,1,1,1
6,90,9.4776e-05,1,9.4776e-05,9.4776e-05,9.4776e-05,1,1,1,1,1
6,90,7.4973e-05,1,7.4973e-05,7.4973e-05,7.4973e-05,1,1,1,1,1
6,90,8.0715e-05,1,8.0715e-05,8.0715e-05,8.0715e-05,1,1,1,1,1
6,90,5.558e-05,1,5.558e-05,5.558e-05,5.558e-05,1,1,1,1,1
6,90,0.000123087,1,0.000123087,0.000123087,0.000123087,1,1,1,1,1
6,90,9.063e-05,1,9.063e-05,9.063e-05,9.063e-05,1,1,1,1,1
6,90,8.8839e-05,1,8.8839e-05,8.8839e-05,8.8839e-05,1,1,1,1,1
6,90,5.6874e-05,1,5.6874e-05,5.6874e-05,5.6874e-05,1,1,1,1,1
6,90,9.0343e-05,1,9.0343e-05,9.0343e-05,9.0343e-05,1,1,1,1,1
6,90,0.000137002,1,0.000137002,0.000137002,0.000137002,1,1,1,1,1
6,90,7.4562e-05,1,7.4562e-05,7.4562e-05,7.4562e-05,1,1,1,1,1
6,90,9.6243e-05,1,9.6243e-05,9.6243e-05,9.6243e-05,1,1,1,1,1
6,90,0.000121734,1,0.000121734,0.000121734,0.000121734,1,1,1,1,1
6,90,0.000121312,1,0.000121312,0.000121312,0.000121312,1,1,1,1,1
6,90,7.3424e-05,1,7.3424e-05,7.3424e-05,7.3424e-05,1,1,1,1,1
6,90,0.000121657,1,0.000121657,0.000121657,0.000121657,1,1,1,1,1
6,90,0.000105613,1,0.000105613,0.000105613,0.000105613,1,1,1,1,1
6,90,6.9384e-05,1,6.9384e-05,6.9384e-05,6.9384e-05,1,1,1,1,1
6,90,0.000116767,1,0.000116767,0.000116767,0.000116767,1,1,1,1,1
6,90,0.000108616,1,0.000108616,0.000108616,0.000108616,1,1,1,1,1
6,90,9.4659e-05,1,9.4659e-05,9.4659e-05,9.4659e-05,1,1,1,1,1
6,90,0.000121489,1,0.000121489,0.000121489,0.000121489,1,1,1,1,1
6,90,0.00012079,1,0.00012079,0.00012079,0.00012079,1,1,1,1,1
6,90,6.2684e-05,1,6.2684e-05,6.2684e-05,6.2684e-05,1,1,1,1,1
6,90,7.4437e-05,1,7.4437e-05,7.4437e-05,7.4437e-05,1,1,1,1,1
6,90,0.000125319,1,0.000125319,0.000125319,0.000125319,1,1,1,1,1
6,90,0.000112297,1,0.000112297,0.000112297,0.000112297,1,1,1,1,1
6,90,7.4947e-05,1,7.4947e-05,7.4947e-05,7.4947e-05,1,1,1,1,1
6,90,0.000122137,1,0.000122137,0.000122137,0.000122137,1,1,1,1,1
6,90,9.1337e-05,1,9.1337e-05,9.1337e-05,9.1337e-05,1,1,1,1,1
6,90,9.5097e-05,1,9.5097e-05,9.5097e-05,9.5097e-05,1,1,1,1,1
6,90,6.0663e-05,1,6.0663e-05,6.0663e-05,6.0663e-05,1,1,1,1,1
6,90,9.5962e-05,1,9.5962e-05,9.5962e-05,9.5962e-05,1,1,1,1,1
6,90,9.4981e-05,1,9.4981e-05,9.4981e-05,9.4981e-05,1,1,1,1,1
6,90,9.4354e-05,1,9.4354e-05,9.4354e-05,9.4354e-05,1,1,1,1,1
6,90,6.0585e-05,1,6.0585e-05,6.0585e-05,6.0585e-05,1,1,1,1,1
6,90,0.000109001,1,0.000109001,0.000109001,0.000109001,1,1,1,1,1
6,90,6.0693e-05,1,6.0693e-05,6.0693e-05,6.0693e-05,1,1,1,1,1
6,90,6.3009e-05,1,6.3009e-05,6.3009e-05,6.3009e-05,1,1,1,1,1
6,90,9.5626e-05,1,9.5626e-05,9.5626e-05,9.5626e-05,1,1,1,1,1
6,90,0.000122012,1,0.000122012,0.000122012,0.000122012,1,1,1,1,1
6,90,0.000120917,1,0.000120917,0.000120917,0.000120917,1,1,1,1,1
6,90,9.4506e-05,1,9.4506e-05,9.4506e-05,9.4506e-05,1,1,1,1,1
6,90,9.375e-05,1,9.375e-05,9.375e-05,9.375e-05,1,1,1,1,1
6,90,0.000108922,1,0.000108922,0.000108922,0.000108922,1,1,1,1,1
6,90,5.8985e-05,1,5.8985e-05,5.8985e-05,5.8985e-05,1,1,1,1,1
6,90,6.2939e-05,1,6.2939e-05,6.2939e-05,6.2939e-05,1,1,1,1,1
6,90,0.000122435,1,0.000122435,0.000122435,0.000122435,1,1,1,1,1
6,90,0.000109241,1,0.000109241,0.000109241,0.000109241,1,1,1,1,1
6,90,5.5919e-05,1,5.5919e-05,5.5919e-05,5.5919e-05,1,1,1,1,1
6,90,0.000117049,1,0.000117049,0.000117049,0.000117049,1,1,1,1,1
6,90,8.9795e-05,1,8.9795e-05,8.9795e-05,8.9795e-05,1,1,1,1,1
6,90,0.000107255,1,0.000107255,0.000107255,0.000107255,1,1,1,1,1
6,90,9.2853e-05,1,9.2853e-05,9.2853e-05,9.2853e-05,1,1,1,1,1
6,90,9.498e-05,1,9.498e-05,9.498e-05,9.498e-05,1,1,1,1,1
6,90,6.2722e-05,1,6.2722e-05,6.2722e-05,6.2722e-05,1,1,1,1,1
6,90,9.5637e-05,1,9.5637e-05,9.5637e-05,9.5637e-05,1,1,1,1,1
6,90,8.1197e-05,1,8.1197e-05,8.1197e-05,8.1197e-05,1,1,1,1,1
6,90,0.000122632,1,0.000122632,0.000122632,0.000122632,1,1,1,1,1
6,90,9.4231e-05,1,9.4231e-05,9.4231e-05,9.4231e-05,1,1,1,1,1
6,90,9.3913e-05,1,9.3913e-05,9.3913e-05,9.3913e-05,1,1,1,1,1
6,90,9.5245e-05,1,9.5245e-05,9.5245e-05,9.5245e-05,1,1,1,1,1
6,90,8.851e-05,1,8.851e-05,8.851e-05,8.851e-05,1,1,1,1,1
6,90,9.0629e-05,1,9.0629e-05,9.0629e-05,9.0629e-05,1,1,1,1,1
6,90,6.07e-05,1,6.07e-05,6.07e-05,6.07e-05,1,1,1,1,1
6,90,7.3269e-05,1,7.3269e-05,7.3269e-05,7.3269e-05,1,1,1,1,1
6,90,9.5845e-05,1,9.5845e-05,9.5845e-05,9.5845e-05,1,1,1,1,1
6,90,6.1009e-05,1,6.1009e-05,6.1009e-05,6.1009e-05,1,1,1,1,1
6,90,0.000122568,1,0.000122568,0.000122568,0.000122568,1,1,1,1,1
6,90,9.1475e-05,1,9.1475e-05,9.1475e-05,9.1475e-05,1,1,1,1,1
6,90,9.3126e-05,1,9.3126e-05,9.3126e-05,9.3126e-05,1,1,1,1,1
6,90,9.4984e-05,1,9.4984e-05,9.4984e-05,9.4984e-05,1,1,1,1,1
6,90,9.4152e-05,1,9.4152e-05,9.4152e-05,9.4152e-05,1,1,1,1,1
6,90,9.4402e-05,1,9.4402e-05,9.4402e-05,9.4402e-05,1,1,1,1,1
6,90,0.00011613,1,0.00011613,0.00011613,0.00011613,1,1,1,1,1
6,90,0.000121204,1,0.000121204,0.000121204,0.000121204,1,1,1,1,1
6,90,9.4338e-05,1,9.4338e-05,9.4338e-05,9.4338e-05,1,1,1,1,1
6,90,0.000121212,1,0.000121212,0.000121212,0.000121212,1,1,1,1,1
6,90,5.9199e-05,1,5.9199e-05,5.9199e-05,5.9199e-05,1,1,1,1,1
6,90,9.5841e-05,1,9.5841e-05,9.5841e-05,9.5841e-05,1,1,1,1,1
6,90,9.4559e-05,1,9.4559e-05,9.4559e-05,9.4559e-05,1,1,1,1,1
6,90,9.3244e-05,1,9.3244e-05,9.3244e-05,9.3244e-05,1,1,1,1,1
6,90,0.000107309,1,0.000107309,0.000107309,0.000107309,1,1,1,1,1
6,90,8.8689e-05,1,8.8689e-05,8.8689e-05,8.8689e-05,1,1,1,1,1
6,90,5.7836e-05,1,5.7836e-05,5.7836e-05,5.7836e-05,1,1,1,1,1
6,90,8.8827e-05,1,8.8827e-05,8.8827e-05,8.8827e-05,1,1,1,1,1
6,90,7.2896e-05,1,7.2896e-05,7.2896e-05,7.2896e-05,1,1,1,1,1
6,90,0.000143975,1,0.000143975,0.000143975,0.000143975,1,1,1,1,1
6,90,0.000111298,1,0.000111298,0.000111298,0.000111298,1,1,1,1,1
6,90,0.000121487,1,0.000121487,0.000121487,0.000121487,1,1,1,1,1
6,90,0.000120821,1,0.000120821,0.000120821,0.000120821,1,1,1,1,1
6,90,8.014e-05,1,8.014e-05,8.014e-05,8.014e-05,1,1,1,1,1
6,90,9.6271e-05,1,9.6271e-05,9.6271e-05,9.6271e-05,1,1,1,1,1
6,90,0.000116209,1,0.000116209,0.000116209,0.000116209,1,1,1,1,1
6,90,8.9484e-05,1,8.9484e-05,8.9484e-05,8.9484e-05,1,1,1,1,1
6,90,5.7562e-05,1,5.7562e-05,5.7562e-05,5.7562e-05,1,1,1,1,1
6,90,7.4968e-05,1,7.4968e-05,7.4968e-05,7.4968e-05,1,1,1,1,1
6,90,9.6334e-05,1,9.6334e-05,9.6334e-05,9.6334e-05,1,1,1,1,1
6,90,0.000153665,1,0.000153665,0.000153665,0.000153665,1,1,1,1,1
6,90,6.3269e-05,1,6.3269e-05,6.3269e-05,6.3269e-05,1,1,1,1,1
6,90,9.6096e-05,1,9.6096e-05,9.6096e-05,9.6096e-05,1,1,1,1,1
6,90,6.1234e-05,1,6.1234e-05,6.1234e-05,6.1234e-05,1,1,1,1,1
6,90,9.3537e-05,1,9.3537e-05,9.3537e-05,9.3537e-05,1,1,1,1,1
6,90,9.5189e-05,1,9.5189e-05,9.5189e-05,9.5189e-05,1,1,1,1,1
6,90,0.000115769,1,0.000115769,0.000115769,0.000115769,1,1,1,1,1
6,90,5.8396e-05,1,5.8396e-05,5.8396e-05,5.8396e-05,1,1,1,1,1
6,90,6.0016e-05,1,6.0016e-05,6.0016e-05,6.0016e-05,1,1,1,1,1
6,90,9.0742e-05,1,9.0742e-05,9.0742e-05,9.0742e-05,1,1,1,1,1
6,90,8.8643e-05,1,8.8643e-05,8.8643e-05,8.8643e-05,1,1,1,1,1
6,90,0.000110038,1,0.000110038,0.000110038,0.000110038,1,1,1,1,1
6,90,8.6248e-05,1,8.6248e-05,8.6248e-05,8.6248e-05,1,1,1,1,1
6,90,9.5422e-05,1,9.5422e-05,9.5422e-05,9.5422e-05,1,1,1,1,1
6,90,9.0616e-05,1,9.0616e-05,9.0616e-05,9.0616e-05,1,1,1,1,1
6,90,6.2782e-05,1,6.2782e-05,6.2782e-05,6.2782e-05,1,1,1,1,1
6,90,7.704e-05,1,7.704e-05,7.704e-05,7.704e-05,1,1,1,1,1
6,90,6.2989e-05,1,6.2989e-05,6.2989e-05,6.2989e-05,1,1,1,1,1
6,90,6.2937e-05,1,6.2937e-05,6.2937e-05,6.2937e-05,1,1,1,1,1
6,90,6.2633e-05,1,6.2633e-05,6.2633e-05,6.2633e-05,1,1,1,1,1
6,90,0.000116576,1,0.000116576,0.000116576,0.000116576,1,1,1,1,1
6,90,0.000131363,1,0.000131363,0.000131363,0.000131363,1,1,1,1,1
6,90,9.0655e-05,1,9.0655e-05,9.0655e-05,9.0655e-05,1,1,1,1,1
6,90,9.0329e-05,1,9.0329e-05,9.0329e-05,9.0329e-05,1,1,1,1,1
6,90,8.9479e-05,1,8.9479e-05,8.9479e-05,8.9479e-05,1,1,1,1,1
6,90,0.000111079,1,0.000111079,0.000111079,0.000111079,1,1,1,1,1
6,90,5.9759e-05,1,5.9759e-05,5.9759e-05,5.9759e-05,1,1,1,1,1
6,90,6.1121e-05,1,6.1121e-05,6.1121e-05,6.1121e-05,1,1,1,1,1
6,90,9.4379e-05,1,9.4379e-05,9.4379e-05,9.4379e-05,1,1,1,1,1
6,90,0.000122106,1,0.000122106,0.000122106,0.000122106,1,1,1,1,1
6,90,7.4364e-05,1,7.4364e-05,7.4364e-05,7.4364e-05,1,1,1,1,1
6,90,7.5178e-05,1,7.5178e-05,7.5178e-05,7.5178e-05,1,1,1,1,1
6,90,9.5141e-05,1,9.5141e-05,9.5141e-05,9.5141e-05,1,1,1,1,1
6,90,0.000133983,1,0.000133983,0.000133983,0.000133983,1,1,1,1,1
6,90,8.8519e-05,1,8.8519e-05,8.8519e-05,8.8519e-05,1,1,1,1,1
6,90,0.000115847,1,0.000115847,0.000115847,0.000115847,1,1,1,1,1
6,90,5.6487e-05,1,5.6487e-05,5.6487e-05,5.6487e-05,1,1,1,1,1
6,90,8.7273e-05,1,8.7273e-05,8.7273e-05,8.7273e-05,1,1,1,1,1
6,90,8.5979e-05,1,8.5979e-05,8.5979e-05,8.5979e-05,1,1,1,1,1
6,90,7.5181e-05,1,7.5181e-05,7.5181e-05,7.5181e-05,1,1,1,1,1
6,90,0.000122841,1,0.000122841,0.000122841,0.000122841,1,1,1,1,1
6,90,9.3368e-05,1,9.3368e-05,9.3368e-05,9.3368e-05,1,1,1,1,1
6,90,9.102e-05,1,9.102e-05,9.102e-05,9.102e-05,1,1,1,1,1
6,90,8.8244e-05,1,8.8244e-05,8.8244e-05,8.8244e-05,1,1,1,1,1
6,90,8.8605e-05,1,8.8605e-05,8.8605e-05,8.8605e-05,1,1,1,1,1
6,90,8.8296e-05,1,8.8296e-05,8.8296e-05,8.8296e-05,1,1,1,1,1
6,90,0.000103682,1,0.000103682,0.000103682,0.000103682,1,1,1,1,1
6,90,9.0902e-05,1,9.0902e-05,9.0902e-05,9.0902e-05,1,1,1,1,1
6,90,8.9998e-05,1,8.9998e-05,8.9998e-05,8.9998e-05,1,1,1,1,1
6,90,9.0841e-05,1,9.0841e-05,9.0841e-05,9.0841e-05,1,1,1,1,1
6,90,0.000116094,1,0.000116094,0.000116094,0.000116094,1,1,1,1,1
6,90,0.000106663,1,0.000106663,0.000106663,0.000106663,1,1,1,1,1
6,90,0.000136284,1,0.000136284,0.000136284,0.000136284,1,1,1,1,1
6,90,0.000122608,1,0.000122608,0.000122608,0.000122608,1,1,1,1,1
6,90,6.0653e-05,1,6.0653e-05,6.0653e-05,6.0653e-05,1,1,1,1,1
6,90,0.000122569,1,0.000122569,0.000122569,0.000122569,1,1,1,1,1
6,90,9.3321e-05,1,9.3321e-05,9.3321e-05,9.3321e-05,1,1,1,1,1
6,90,9.2884e-05,1,9.2884e-05,9.2884e-05,9.2884e-05,1,1,1,1,1
6,90,9.2837e-05,1,9.2837e-05,9.2837e-05,9.2837e-05,1,1,1,1,1
6,90,0.000106262,1,0.000106262,0.000106262,0.000106262,1,1,1,1,1
6,90,9.0703e-05,1,9.0703e-05,9.0703e-05,9.0703e-05,1,1,1,1,1
6,90,5.8485e-05,1,5.8485e-05,5.8485e-05,5.8485e-05,1,1,1,1,1
6,90,6.0497e-05,1,6.0497e-05,6.0497e-05,6.0497e-05,1,1,1,1,1
6,90,0.000116762,1,0.000116762,0.000116762,0.000116762,1,1,1,1,1
6,90,7.1459e-05,1,7.1459e-05,7.1459e-05,7.1459e-05,1,1,1,1,1
6,90,8.899e-05,1,8.899e-05,8.899e-05,8.899e-05,1,1,1,1,1
6,90,0.000115593,1,0.000115593,0.000115593,0.000115593,1,1,1,1,1
6,90,0.000106363,1,0.000106363,0.000106363,0.000106363,1,1,1,1,1
6,90,6.1494e-05,1,6.1494e-05,6.1494e-05,6.1494e-05,1,1,1,1,1
6,90,9.281e-05,1,9.281e-05,9.281e-05,9.281e-05,1,1,1,1,1
6,90,9.5495e-05,1,9.5495e-05,9.5495e-05,9.5495e-05,1,1,1,1,1
6,90,9.4777e-05,1,9.4777e-05,9.4777e-05,9.4777e-05,1,1,1,1,1
6,90,5.9051e-05,1,5.9051e-05,5.9051e-05,5.9051e-05,1,1,1,1,1
6,90,0.00011688,1,0.00011688,0.00011688,0.00011688,1,1,1,1,1
6,90,5.7474e-05,1,5.7474e-05,5.7474e-05,5.7474e-05,1,1,1,1,1
6,90,8.8595e-05,1,8.8595e-05,8.8595e-05,8.8595e-05,1,1,1,1,1
6,90,8.8705e-05,1,8.8705e-05,8.8705e-05,8.8705e-05,1,1,1,1,1
6,90,0.000109872,1,0.000109872,0.000109872,0.000109872,1,1,1,1,1
6,90,9.5458e-05,1,9.5458e-05,9.5458e-05,9.5458e-05,1,1,1,1,1
6,90,5.9023e-05,1,5.9023e-05,5.9023e-05,5.9023e-05,1,1,1,1,1
6,90,9.3843e-05,1,9.3843e-05,9.3843e-05,9.3843e-05,1,1,1,1,1
6,90,0.000121656,1,0.000121656,0.000121656,0.000121656,1,1,1,1,1
6,90,0.000121282,1,0.000121282,0.000121282,0.000121282,1,1,1,1,1
6,90,0.000117444,1,0.000117444,0.000117444,0.000117444,1,1,1,1,1
6,90,6.1037e-05,1,6.1037e-05,6.1037e-05,6.1037e-05,1,1,1,1,1
6,90,7.3677e-05,1,7.3677e-05,7.3677e-05,7.3677e-05,1,1,1,1,1
6,90,6.1115e-05,1,6.1115e-05,6.1115e-05,6.1115e-05,1,1,1,1,1
6,90,0.00012246,1,0.00012246,0.00012246,0.00012246,1,1,1,1,1
6,90,9.3066e-05,1,9.3066e-05,9.3066e-05,9.3066e-05,1,1,1,1,1
6,90,7.6663e-05,1,7.6663e-05,7.6663e-05,7.6663e-05,1,1,1,1,1
6,90,0.000116523,1,0.000116523,0.000116523,0.000116523,1,1,1,1,1
6,90,5.9261e-05,1,5.9261e-05,5.9261e-05,5.9261e-05,1,1,1,1,1
6,90,0.000122328,1,0.000122328,0.000122328,0.000122328,1,1,1,1,1
6,90,9.5153e-05,1,9.5153e-05,9.5153e-05,9.5153e-05,1,1,1,1,1
6,90,0.000107163,1,0.000107163,0.000107163,0.000107163,1,1,1,1,1
6,90,9.5494e-05,1,9.5494e-05,9.5494e-05,9.5494e-05,1,1,1,1,1
6,90,6.2126e-05,1,6.2126e-05,6.2126e-05,6.2126e-05,1,1,1,1,1
6,90,9.3479e-05,1,9.3479e-05,9.3479e-05,9.3479e-05,1,1,1,1,1
6,90,0.000109252,1,0.000109252,0.000109252,0.000109252,1,1,1,1,1
6,90,0.000116018,1,0.000116018,0.000116018,0.000116018,1,1,1,1,1
6,90,8.9426e-05,1,8.9426e-05,8.9426e-05,8.9426e-05,1,1,1,1,1
6,90,8.983e-05,1,8.983e-05,8.983e-05,8.983e-05,1,1,1,1,1
6,90,8.6068e-05,1,8.6068e-05,8.6068e-05,8.6068e-05,1,1,1,1,1
6,90,9.0646e-05,1,9.0646e-05,9.0646e-05,9.0646e-05,1,1,1,1,1
6,90,0.000108551,1,0.000108551,0.000108551,0.000108551,1,1,1,1,1
6,90,9.2705e-05,1,9.2705e-05,9.2705e-05,9.2705e-05,1,1,1,1,1
6,90,6.0473e-05,1,6.0473e-05,6.0473e-05,6.0473e-05,1,1,1,1,1
6,90,6.3422e-05,1,6.3422e-05,6.3422e-05,6.3422e-05,1,1,1,1,1
6,90,6.2997e-05,1,6.2997e-05,6.2997e-05,6.2997e-05,1,1,1,1,1
6,90,7.4419e-05,1,7.4419e-05,7.4419e-05,7.4419e-05,1,1,1,1,1
6,90,9.3467e-05,1,9.3467e-05,9.3467e-05,9.3467e-05,1,1,1,1,1
6,90,7.4409e-05,1,7.4409e-05,7.4409e-05,7.4409e-05,1,1,1,1,1
6,90,0.000122766,1,0.000122766,0.000122766,0.000122766,1,1,1,1,1
6,90,0.000115114,1,0.000115114,0.000115114,0.000115114,1,1,1,1,1
6,90,0.000114794,1,0.000114794,0.000114794,0.000114794,1,1,1,1,1
6,90,7.4015e-05,1,7.4015e-05,7.4015e-05,7.4015e-05,1,1,1,1,1
6,90,5.2088e-05,1,5.2088e-05,5.2088e-05,5.2088e-05,1,1,1,1,1
6,90,9.0117e-05,1,9.0117e-05,9.0117e-05,9.0117e-05,1,1,1,1,1
6,90,0.00013215,1,0.00013215,0.00013215,0.00013215,1,1,1,1,1
6,90,6.1385e-05,1,6.1385e-05,6.1385e-05,6.1385e-05,1,1,1,1,1
6,90,5.5853e-05,1,5.5853e-05,5.5853e-05,5.5853e-05,1,1,1,1,1
6,90,9.4712e-05,1,9.4712e-05,9.4712e-05,9.4712e-05,1,1,1,1,1
6,90,0.000121712,1,0.000121712,0.000121712,0.000121712,1,1,1,1,1
6,90,0.000121164,1,0.000121164,0.000121164,0.000121164,1,1,1,1,1
6,90,9.453e-05,1,9.453e-05,9.453e-05,9.453e-05,1,1,1,1,1
6,90,9.475e-05,1,9.475e-05,9.475e-05,9.475e-05,1,1,1,1,1
6,90,0.000135304,1,0.000135304,0.000135304,0.000135304,1,1,1,1,1
6,90,0.000115182,1,0.000115182,0.000115182,0.000115182,1,1,1,1,1
6,90,4.8871e-05,1,4.8871e-05,4.8871e-05,4.8871e-05,1,1,1,1,1
6,90,9.1498e-05,1,9.1498e-05,9.1498e-05,9.1498e-05,1,1,1,1,1
6,90,9.0285e-05,1,9.0285e-05,9.0285e-05,9.0285e-05,1,1,1,1,1
6,90,0.000115764,1,0.000115764,0.000115764,0.000115764,1,1,1,1,1
6,90,0.00011039,1,0.00011039,0.00011039,0.00011039,1,1,1,1,1
6,90,0.00012174,1,0.00012174,0.00012174,0.00012174,1,1,1,1,1
6,90,9.4578e-05,1,9.4578e-05,9.4578e-05,9.4578e-05,1,1,1,1,1
6,90,0.000121327,1,0.000121327,0.000121327,0.000121327,1,1,1,1,1
6,90,7.8489e-05,1,7.8489e-05,7.8489e-05,7.8489e-05,1,1,1,1,1
6,90,5.8026e-05,1,5.8026e-05,5.8026e-05,5.8026e-05,1,1,1,1,1
6,90,9.1424e-05,1,9.1424e-05,9.1424e-05,9.1424e-05,1,1,1,1,1
6,90,7.0942e-05,1,7.0942e-05,7.0942e-05,7.0942e-05,1,1,1,1,1
6,90,7.1506e-05,1,7.1506e-05,7.1506e-05,7.1506e-05,1,1,1,1,1
6,90,9.0704e-05,1,9.0704e-05,9.0704e-05,9.0704e-05,1,1,1,1,1
6,90,8.9044e-05,1,8.9044e-05,8.9044e-05,8.9044e-05,1,1,1,1,1
6,90,9.1008e-05,1,9.1008e-05,9.1008e-05,9.1008e-05,1,1,1,1,1
6,90,0.000133562,1,0.000133562,0.000133562,0.000133562,1,1,1,1,1
6,90,6.0937e-05,1,6.0937e-05,6.0937e-05,6.0937e-05,1,1,1,1,1
6,90,0.000135761,1,0.000135761,0.000135761,0.000135761,1,1,1,1,1
6,90,9.3003e-05,1,9.3003e-05,9.3003e-05,9.3003e-05,1,1,1,1,1
6,90,0.00012175,1,0.00012175,0.00012175,0.00012175,1,1,1,1,1
6,90,9.4575e-05,1,9.4575e-05,9.4575e-05,9.4575e-05,1,1,1,1,1
6,90,9.2847e-05,1,9.2847e-05,9.2847e-05,9.2847e-05,1,1,1,1,1
