n,p,time_total,time_count,time_mean,time_min,time_max,calls_total,calls_count,calls_mean,calls_min,calls_max
19,60,0.106153,1,0.106153,0.106153,0.106153,1598,1,1598,1598,1598
19,60,0.0584541,1,0.0584541,0.0584541,0.0584541,815,1,815,815,815
19,60,0.0738073,1,0.0738073,0.0738073,0.0738073,1098,1,1098,1098,1098
19,60,0.106922,1,0.106922,0.106922,0.106922,1570,1,1570,1570,1570
19,60,0.104345,1,0.104345,0.104345,0.104345,1184,1,1184,1184,1184
19,60,0.159689,1,0.159689,0.159689,0.159689,2568,1,2568,2568,2568
19,60,0.0471591,1,0.0471591,0.0471591,0.0471591,601,1,601,601,601
19,60,0.10731,1,0.10731,0.10731,0.10731,1763,1,1763,1763,1763
19,60,0.126105,1,0.126105,0.126105,0.126105,1610,1,1610,1610,1610
19,60,0.0210377,1,0.0210377,0.0210377,0.0210377,246,1,246,246,246
19,60,0.0063562,1,0.0063562,0.0063562,0.0063562,82,1,82,82,82
19,60,0.0434003,1,0.0434003,0.0434003,0.0434003,662,1,662,662,662
19,60,0.153872,1,0.153872,0.153872,0.153872,2257,1,2257,2257,2257
19,60,0.0282831,1,0.0282831,0.0282831,0.0282831,366,1,366,366,366
19,60,0.0329019,1,0.0329019,0.0329019,0.0329019,404,1,404,404,404
19,60,0.111048,1,0.111048,0.111048,0.111048,1477,1,1477,1477,1477
19,60,0.0477651,1,0.0477651,0.0477651,0.0477651,597,1,597,597,597
19,60,0.0837517,1,0.0837517,0.0837517,0.0837517,1226,1,1226,1226,1226
19,60,0.102068,1,0.102068,0.102068,0.102068,1534,1,1534,1534,1534
19,60,0.164171,1,0.164171,0.164171,0.164171,2135,1,2135,2135,2135
19,60,0.0329097,1,0.0329097,0.0329097,0.0329097,458,1,458,458,458
19,60,0.149751,1,0.149751,0.149751,0.149751,2181,1,2181,2181,2181
19,60,0.00799859,1,0.00799859,0.00799859,0.00799859,99,1,99,99,99
19,60,0.0798965,1,0.0798965,0.0798965,0.0798965,1183,1,1183,1183,1183
19,60,0.132766,1,0.132766,0.132766,0.132766,1778,1,1778,1778,1778
19,60,0.0767451,1,0.0767451,0.0767451,0.0767451,1352,1,1352,1352,1352
19,60,0.0807929,1,0.0807929,0.0807929,0.0807929,980,1,980,980,980
19,60,0.0373563,1,0.0373563,0.0373563,0.0373563,514,1,514,514,514
19,60,0.0387433,1,0.0387433,0.0387433,0.0387433,483,1,483,483,483
19,60,0.202559,1,0.202559,0.202559,0.202559,3122,1,3122,3122,3122
19,60,0.136337,1,0.136337,0.136337,0.136337,1726,1,1726,1726,1726
19,60,0.115538,1,0.115538,0.115538,0.115538,1566,1,1566,1566,1566
19,60,0.0590454,1,0.0590454,0.0590454,0.0590454,820,1,820,820,820
19,60,0.0634779,1,0.0634779,0.0634779,0.0634779,836,1,836,836,836
19,60,0.0882284,1,0.0882284,0.0882284,0.0882284,1251,1,1251,1251,1251
19,60,0.116104,1,0.116104,0.116104,0.116104,1674,1,1674,1674,1674
19,60,0.100542,1,0.100542,0.100542,0.100542,1808,1,1808,1808,1808
19,60,0.0601671,1,0.0601671,0.0601671,0.0601671,750,1,750,750,750
19,60,0.0722613,1,0.0722613,0.0722613,0.0722613,1164,1,1164,1164,1164
19,60,0.0218035,1,0.0218035,0.0218035,0.0218035,302,1,302,302,302
19,60,0.134599,1,0.134599,0.134599,0.134599,2059,1,2059,2059,2059
19,60,0.126939,1,0.126939,0.126939,0.126939,1572,1,1572,1572,1572
19,60,0.0434402,1,0.0434402,0.0434402,0.0434402,664,1,664,664,664
19,60,0.029213,1,0.029213,0.029213,0.029213,449,1,449,449,449
19,60,0.0630455,1,0.0630455,0.0630455,0.0630455,819,1,819,819,819
19,60,0.0424198,1,0.0424198,0.0424198,0.0424198,519,1,519,519,519
19,60,0.072143,1,0.072143,0.072143,0.072143,959,1,959,959,959
19,60,0.107053,1,0.107053,0.107053,0.107053,1534,1,1534,1534,1534
19,60,0.05533,1,0.05533,0.05533,0.05533,877,1,877,877,877
19,60,0.0947647,1,0.0947647,0.0947647,0.0947647,1354,1,1354,1354,1354
19,60,0.0955641,1,0.0955641,0.0955641,0.0955641,1453,1,1453,1453,1453
19,60,0.185804,1,0.185804,0.185804,0.185804,2852,1,2852,2852,2852
19,60,0.0934656,1,0.0934656,0.0934656,0.0934656,1308,1,1308,1308,1308
19,60,0.0590759,1,0.0590759,0.0590759,0.0590759,833,1,833,833,833
19,60,0.0146218,1,0.0146218,0.0146218,0.0146218,202,1,202,202,202
19,60,0.16864,1,0.16864,0.16864,0.16864,2685,1,2685,2685,2685
19,60,0.0370359,1,0.0370359,0.0370359,0.0370359,498,1,498,498,498
19,60,0.166321,1,0.166321,0.166321,0.166321,2955,1,2955,2955,2955
19,60,0.15558,1,0.15558,0.15558,0.15558,2339,1,2339,2339,2339
19,60,0.273618,1,0.273618,0.273618,0.273618,3367,1,3367,3367,3367
19,60,0.0571412,1,0.0571412,0.0571412,0.0571412,799,1,799,799,799
19,60,0.0948972,1,0.0948972,0.0948972,0.0948972,1347,1,1347,1347,1347
19,60,0.11479,1,0.11479,0.11479,0.11479,1480,1,1480,1480,1480
19,60,0.0227982,1,0.0227982,0.0227982,0.0227982,288,1,288,288,288
19,60,0.0412984,1,0.0412984,0.0412984,0.0412984,638,1,638,638,638
19,60,0.0658642,1,0.0658642,0.0658642,0.0658642,979,1,979,979,979
19,60,0.110938,1,0.110938,0.110938,0.110938,1306,1,1306,1306,1306
19,60,0.10212,1,0.10212,0.10212,0.10212,1380,1,1380,1380,1380
19,60,0.226855,1,0.226855,0.226855,0.226855,3424,1,3424,3424,3424
19,60,0.0190776,1,0.0190776,0.0190776,0.0190776,282,1,282,282,282
19,60,0.0737402,1,0.0737402,0.0737402,0.0737402,931,1,931,931,931
19,60,0.0603105,1,0.0603105,0.0603105,0.0603105,751,1,751,751,751
19,60,0.031736,1,0.031736,0.031736,0.031736,393,1,393,393,393
19,60,0.0810565,1,0.0810565,0.0810565,0.0810565,1326,1,1326,1326,1326
19,60,0.144998,1,0.144998,0.144998,0.144998,1782,1,1782,1782,1782
19,60,0.0716884,1,0.0716884,0.0716884,0.0716884,871,1,871,871,871
19,60,0.0943172,1,0.0943172,0.0943172,0.0943172,1373,1,1373,1373,1373
19,60,0.0346764,1,0.0346764,0.0346764,0.0346764,462,1,462,462,462
19,60,0.197769,1,0.197769,0.197769,0.197769,2674,1,2674,2674,2674
19,60,0.29006,1,0.29006,0.29006,0.29006,3784,1,3784,3784,3784
19,60,0.157829,1,0.157829,0.157829,0.157829,2148,1,2148,2148,2148
19,60,0.139697,1,0.139697,0.139697,0.139697,1995,1,1995,1995,1995
19,60,0.0498115,1,0.0498115,0.0498115,0.0498115,821,1,821,821,821
19,60,0.0539478,1,0.0539478,0.0539478,0.0539478,881,1,881,881,881
19,60,0.13604,1,0.13604,0.13604,0.13604,1586,1,1586,1586,1586
19,60,0.253502,1,0.253502,0.253502,0.253502,3439,1,3439,3439,3439
19,60,0.10177,1,0.10177,0.10177,0.10177,1444,1,1444,1444,1444
19,60,0.0835685,1,0.0835685,0.0835685,0.0835685,1066,1,1066,1066,1066
19,60,0.0774449,1,0.0774449,0.0774449,0.0774449,1094,1,1094,1094,1094
19,60,0.0292878,1,0.0292878,0.0292878,0.0292878,429,1,429,429,429
19,60,0.0565056,1,0.0565056,0.0565056,0.0565056,832,1,832,832,832
19,60,0.129657,1,0.129657,0.129657,0.129657,1731,1,1731,1731,1731
19,60,0.0631157,1,0.0631157,0.0631157,0.0631157,858,1,858,858,858
19,60,0.110145,1,0.110145,0.110145,0.110145,1507,1,1507,1507,1507
19,60,0.0963585,1,0.0963585,0.0963585,0.0963585,1097,1,1097,1097,1097
19,60,0.052178,1,0.052178,0.052178,0.052178,628,1,628,628,628
19,60,0.0286601,1,0.0286601,0.0286601,0.0286601,430,1,430,430,430
19,60,0.11797,1,0.11797,0.11797,0.11797,1576,1,1576,1576,1576
19,60,0.0954058,1,0.0954058,0.0954058,0.0954058,1429,1,1429,1429,1429
19,60,0.0571626,1,0.0571626,0.0571626,0.0571626,692,1,692,692,692
19,60,0.188035,1,0.188035,0.188035,0.188035,3162,1,3162,3162,3162
19,60,0.0989228,1,0.0989228,0.0989228,0.0989228,1447,1,1447,1447,1447
19,60,0.118391,1,0.118391,0.118391,0.118391,1637,1,1637,1637,1637
19,60,0.0187829,1,0.0187829,0.0187829,0.0187829,212,1,212,212,212
19,60,0.0639512,1,0.0639512,0.0639512,0.0639512,768,1,768,768,768
19,60,0.196354,1,0.196354,0.196354,0.196354,2524,1,2524,2524,2524
19,60,0.25413,1,0.25413,0.25413,0.25413,3827,1,3827,3827,3827
19,60,0.191708,1,0.191708,0.191708,0.191708,2731,1,2731,2731,2731
19,60,0.0490796,1,0.0490796,0.0490796,0.0490796,687,1,687,687,687
19,60,0.0190549,1,0.0190549,0.0190549,0.0190549,246,1,246,246,246
19,60,0.112257,1,0.112257,0.112257,0.112257,1676,1,1676,1676,1676
19,60,0.14978,1,0.14978,0.14978,0.14978,1891,1,1891,1891,1891
19,60,0.243523,1,0.243523,0.243523,0.243523,4097,1,4097,4097,4097
19,60,0.0947765,1,0.0947765,0.0947765,0.0947765,1378,1,1378,1378,1378
19,60,0.0682086,1,0.0682086,0.0682086,0.0682086,1016,1,1016,1016,1016
19,60,0.0343169,1,0.0343169,0.0343169,0.0343169,571,1,571,571,571
19,60,0.071796,1,0.071796,0.071796,0.071796,989,1,989,989,989
19,60,0.123566,1,0.123566,0.123566,0.123566,1718,1,1718,1718,1718
19,60,0.0441906,1,0.0441906,0.0441906,0.0441906,720,1,720,720,720
19,60,0.0577486,1,0.0577486,0.0577486,0.0577486,985,1,985,985,985
19,60,0.118506,1,0.118506,0.118506,0.118506,1556,1,1556,1556,1556
19,60,0.123199,1,0.123199,0.123199,0.123199,1508,1,1508,1508,1508
19,60,0.262077,1,0.262077,0.262077,0.262077,3962,1,3962,3962,3962
19,60,0.0503823,1,0.0503823,0.0503823,0.0503823,664,1,664,664,664
19,60,0.114589,1,0.114589,0.114589,0.114589,1852,1,1852,1852,1852
19,60,0.0498828,1,0.0498828,0.0498828,0.0498828,602,1,602,602,602
19,60,0.504474,1,0.504474,0.504474,0.504474,8273,1,8273,8273,8273
19,60,0.0243303,1,0.0243303,0.0243303,0.0243303,365,1,365,365,365
19,60,0.0984922,1,0.0984922,0.0984922,0.0984922,1440,1,1440,1440,1440
19,60,0.0528948,1,0.0528948,0.0528948,0.0528948,737,1,737,737,737
19,60,0.0936451,1,0.0936451,0.0936451,0.0936451,1314,1,1314,1314,1314
19,60,0.040042,1,0.040042,0.040042,0.040042,565,1,565,565,565
19,60,0.114854,1,0.114854,0.114854,0.114854,1733,1,1733,1733,1733
19,60,0.0175286,1,0.0175286,0.0175286,0.0175286,202,1,202,202,202
19,60,0.127473,1,0.127473,0.127473,0.127473,1800,1,1800,1800,1800
19,60,0.105712,1,0.105712,0.105712,0.105712,1359,1,1359,1359,1359
19,60,0.369763,1,0.369763,0.369763,0.369763,5468,1,5468,5468,5468
19,60,0.0754219,1,0.0754219,0.0754219,0.0754219,997,1,997,997,997
19,60,0.018711,1,0.018711,0.018711,0.018711,268,1,268,268,268
19,60,0.0334377,1,0.0334377,0.0334377,0.0334377,467,1,467,467,467
19,60,0.144702,1,0.144702,0.144702,0.144702,2640,1,2640,2640,2640
19,60,0.0168438,1,0.0168438,0.0168438,0.0168438,240,1,240,240,240
19,60,0.0344197,1,0.0344197,0.0344197,0.0344197,467,1,467,467,467
19,60,0.0514394,1,0.0514394,0.0514394,0.0514394,581,1,581,581,581
19,60,0.063286,1,0.063286,0.063286,0.063286,778,1,778,778,778
19,60,0.0491768,1,0.0491768,0.0491768,0.0491768,694,1,694,694,694
19,60,0.323143,1,0.323143,0.323143,0.323143,5726,1,5726,5726,5726
19,60,0.0288643,1,0.0288643,0.0288643,0.0288643,453,1,453,453,453
19,60,0.0123779,1,0.0123779,0.0123779,0.0123779,149,1,149,149,149
19,60,0.0584726,1,0.0584726,0.0584726,0.0584726,900,1,900,900,900
19,60,0.144122,1,0.144122,0.144122,0.144122,2225,1,2225,2225,2225
19,60,0.036761,1,0.036761,0.036761,0.036761,506,1,506,506,506
19,60,0.0992794,1,0.0992794,0.0992794,0.0992794,1344,1,1344,1344,1344
19,60,0.0345005,1,0.0345005,0.0345005,0.0345005,457,1,457,457,457
19,60,0.243589,1,0.243589,0.243589,0.243589,3463,1,3463,3463,3463
19,60,0.0956412,1,0.0956412,0.0956412,0.0956412,1107,1,1107,1107,1107
19,60,0.19417,1,0.19417,0.19417,0.19417,3117,1,3117,3117,3117
19,60,0.0659588,1,0.0659588,0.0659588,0.0659588,851,1,851,851,851
19,60,0.0535849,1,0.0535849,0.0535849,0.0535849,786,1,786,786,786
19,60,0.0354115,1,0.0354115,0.0354115,0.0354115,488,1,488,488,488
19,60,0.15768,1,0.15768,0.15768,0.15768,2542,1,2542,2542,2542
19,60,0.139894,1,0.139894,0.139894,0.139894,1942,1,1942,1942,1942
19,60,0.101149,1,0.101149,0.101149,0.101149,1589,1,1589,1589,1589
19,60,0.0972214,1,0.0972214,0.0972214,0.0972214,1292,1,1292,1292,1292
19,60,0.0380141,1,0.0380141,0.0380141,0.0380141,479,1,479,479,479
19,60,0.0993529,1,0.0993529,0.0993529,0.0993529,1382,1,1382,1382,1382
19,60,0.176048,1,0.176048,0.176048,0.176048,2421,1,2421,2421,2421
19,60,0.17689,1,0.17689,0.17689,0.17689,2400,1,2400,2400,2400
19,60,0.0497483,1,0.0497483,0.0497483,0.0497483,795,1,795,795,795
19,60,0.185006,1,0.185006,0.185006,0.185006,2551,1,2551,2551,2551
19,60,0.0838066,1,0.0838066,0.0838066,0.0838066,1146,1,1146,1146,1146
19,60,0.0282655,1,0.0282655,0.0282655,0.0282655,333,1,333,333,333
19,60,0.053383,1,0.053383,0.053383,0.053383,614,1,614,614,614
19,60,0.0292129,1,0.0292129,0.0292129,0.0292129,338,1,338,338,338
19,60,0.178038,1,0.178038,0.178038,0.178038,2411,1,2411,2411,2411
19,60,0.0242146,1,0.0242146,0.0242146,0.0242146,323,1,323,323,323
19,60,0.193402,1,0.193402,0.193402,0.193402,2440,1,2440,2440,2440
19,60,0.0560154,1,0.0560154,0.0560154,0.0560154,992,1,992,992,992
19,60,0.102584,1,0.102584,0.102584,0.102584,1389,1,1389,1389,1389
19,60,0.0330561,1,0.0330561,0.0330561,0.0330561,486,1,486,486,486
19,60,0.0855554,1,0.0855554,0.0855554,0.0855554,1213,1,1213,1213,1213
19,60,0.108379,1,0.108379,0.108379,0.108379,1511,1,1511,1511,1511
19,60,0.129287,1,0.129287,0.129287,0.129287,1857,1,1857,1857,1857
19,60,0.0915606,1,0.0915606,0.0915606,0.0915606,1408,1,1408,1408,1408
19,60,0.228896,1,0.228896,0.228896,0.228896,3007,1,3007,3007,3007
19,60,0.0987001,1,0.0987001,0.0987001,0.0987001,1385,1,1385,1385,1385
19,60,0.0966305,1,0.0966305,0.0966305,0.0966305,1339,1,1339,1339,1339
19,60,0.0892022,1,0.0892022,0.0892022,0.0892022,1316,1,1316,1316,1316
19,60,0.0896035,1,0.0896035,0.0896035,0.0896035,1297,1,1297,1297,1297
19,60,0.119901,1,0.119901,0.119901,0.119901,1880,1,1880,1880,1880
19,60,0.121804,1,0.121804,0.121804,0.121804,1615,1,1615,1615,1615
19,60,0.310708,1,0.310708,0.310708,0.310708,4580,1,4580,4580,4580
19,60,0.0852723,1,0.0852723,0.0852723,0.0852723,1282,1,1282,1282,1282
19,60,0.043841,1,0.043841,0.043841,0.043841,553,1,553,553,553
19,60,0.0878591,1,0.0878591,0.0878591,0.0878591,974,1,974,974,974
19,60,0.0713523,1,0.0713523,0.0713523,0.0713523,959,1,959,959,959
19,60,0.0717456,1,0.0717456,0.0717456,0.0717456,946,1,946,946,946
19,60,0.108864,1,0.108864,0.108864,0.108864,1531,1,1531,1531,1531
19,60,0.151806,1,0.151806,0.151806,0.151806,1944,1,1944,1944,1944
19,60,0.0609478,1,0.0609478,0.0609478,0.0609478,750,1,750,750,750
19,60,0.0486757,1,0.0486757,0.0486757,0.0486757,762,1,762,762,762
19,60,0.0626798,1,0.0626798,0.0626798,0.0626798,904,1,904,904,904
19,60,0.0677007,1,0.0677007,0.0677007,0.0677007,1049,1,1049,1049,1049
19,60,0.0240021,1,0.0240021,0.0240021,0.0240021,269,1,269,269,269
19,60,0.074815,1,0.074815,0.074815,0.074815,1012,1,1012,1012,1012
19,60,0.0499033,1,0.0499033,0.0499033,0.0499033,614,1,614,614,614
19,60,0.0993067,1,0.0993067,0.0993067,0.0993067,1276,1,1276,1276,1276
19,60,0.0692837,1,0.0692837,0.0692837,0.0692837,954,1,954,954,954
19,60,0.135071,1,0.135071,0.135071,0.135071,1975,1,1975,1975,1975
19,60,0.0545503,1,0.0545503,0.0545503,0.0545503,809,1,809,809,809
19,60,0.0770111,1,0.0770111,0.0770111,0.0770111,933,1,933,933,933
19,60,0.0953067,1,0.0953067,0.0953067,0.0953067,1277,1,1277,1277,1277
19,60,0.030933,1,0.030933,0.030933,0.030933,405,1,405,405,405
19,60,0.104293,1,0.104293,0.104293,0.104293,1497,1,1497,1497,1497
19,60,0.10947,1,0.10947,0.10947,0.10947,1539,1,1539,1539,1539
19,60,0.018406,1,0.018406,0.018406,0.018406,265,1,265,265,265
19,60,0.0471937,1,0.0471937,0.0471937,0.0471937,713,1,713,713,713
19,60,0.0426228,1,0.0426228,0.0426228,0.0426228,636,1,636,636,636
19,60,0.0408293,1,0.0408293,0.0408293,0.0408293,708,1,708,708,708
19,60,0.0946857,1,0.0946857,0.0946857,0.0946857,1590,1,1590,1590,1590
19,60,0.0758664,1,0.0758664,0.0758664,0.0758664,1161,1,1161,1161,1161
19,60,0.0541958,1,0.0541958,0.0541958,0.0541958,778,1,778,778,778
19,60,0.0730051,1,0.0730051,0.0730051,0.0730051,1176,1,1176,1176,1176
19,60,0.0420049,1,0.0420049,0.0420049,0.0420049,672,1,672,672,672
19,60,0.0835175,1,0.0835175,0.0835175,0.0835175,1231,1,1231,1231,1231
19,60,0.0196106,1,0.0196106,0.0196106,0.0196106,282,1,282,282,282
19,60,0.142186,1,0.142186,0.142186,0.142186,1845,1,1845,1845,1845
19,60,0.0416991,1,0.0416991,0.0416991,0.0416991,631,1,631,631,631
19,60,0.0394449,1,0.0394449,0.0394449,0.0394449,574,1,574,574,574
19,60,0.0927583,1,0.0927583,0.0927583,0.0927583,1144,1,1144,1144,1144
19,60,0.206463,1,0.206463,0.206463,0.206463,3325,1,3325,3325,3325
19,60,0.0959955,1,0.0959955,0.0959955,0.0959955,1264,1,1264,1264,1264
19,60,0.0997782,1,0.0997782,0.0997782,0.0997782,1444,1,1444,1444,1444
19,60,0.0599523,1,0.0599523,0.0599523,0.0599523,854,1,854,854,854
19,60,0.0286698,1,0.0286698,0.0286698,0.0286698,416,1,416,416,416
19,60,0.0345276,1,0.0345276,0.0345276,0.0345276,369,1,369,369,369
19,60,0.102909,1,0.102909,0.102909,0.102909,1240,1,1240,1240,1240
19,60,0.084261,1,0.084261,0.084261,0.084261,1265,1,1265,1265,1265
19,60,0.0636394,1,0.0636394,0.0636394,0.0636394,886,1,886,886,886
19,60,0.141257,1,0.141257,0.141257,0.141257,1605,1,1605,1605,1605
19,60,0.107149,1,0.107149,0.107149,0.107149,1630,1,1630,1630,1630
19,60,0.0839993,1,0.0839993,0.0839993,0.0839993,974,1,974,974,974
19,60,0.0734313,1,0.0734313,0.0734313,0.0734313,1066,1,1066,1066,1066
19,60,0.0285715,1,0.0285715,0.0285715,0.0285715,420,1,420,420,420
19,60,0.0748047,1,0.0748047,0.0748047,0.0748047,1122,1,1122,1122,1122
19,60,0.0346074,1,0.0346074,0.0346074,0.0346074,424,1,424,424,424
19,60,0.0754893,1,0.0754893,0.0754893,0.0754893,982,1,982,982,982
19,60,0.0570939,1,0.0570939,0.0570939,0.0570939,895,1,895,895,895
19,60,0.0239047,1,0.0239047,0.0239047,0.0239047,351,1,351,351,351
19,60,0.0714755,1,0.0714755,0.0714755,0.0714755,922,1,922,922,922
19,60,0.124024,1,0.124024,0.124024,0.124024,1644,1,1644,1644,1644
19,60,0.0897088,1,0.0897088,0.0897088,0.0897088,1184,1,1184,1184,1184
19,60,0.0966033,1,0.0966033,0.0966033,0.0966033,1494,1,1494,1494,1494
19,60,0.0252882,1,0.0252882,0.0252882,0.0252882,311,1,311,311,311
19,60,0.19389,1,0.19389,0.19389,0.19389,3042,1,3042,3042,3042
19,60,0.0443925,1,0.0443925,0.0443925,0.0443925,537,1,537,537,537
19,60,0.155002,1,0.155002,0.155002,0.155002,2023,1,2023,2023,2023
19,60,0.0209659,1,0.0209659,0.0209659,0.0209659,320,1,320,320,320
19,60,0.0598764,1,0.0598764,0.0598764,0.0598764,885,1,885,885,885
19,60,0.0460368,1,0.0460368,0.0460368,0.0460368,595,1,595,595,595
19,60,0.0537411,1,0.0537411,0.0537411,0.0537411,737,1,737,737,737
19,60,0.156126,1,0.156126,0.156126,0.156126,2370,1,2370,2370,2370
19,60,0.0417396,1,0.0417396,0.0417396,0.0417396,568,1,568,568,568
19,60,0.037197,1,0.037197,0.037197,0.037197,410,1,410,410,410
19,60,0.0609939,1,0.0609939,0.0609939,0.0609939,948,1,948,948,948
19,60,0.08456,1,0.08456,0.08456,0.08456,1062,1,1062,1062,1062
19,60,0.0949232,1,0.0949232,0.0949232,0.0949232,1547,1,1547,1547,1547
19,60,0.0543503,1,0.0543503,0.0543503,0.0543503,797,1,797,797,797
19,60,0.0888096,1,0.0888096,0.0888096,0.0888096,1307,1,1307,1307,1307
19,60,0.0863693,1,0.0863693,0.0863693,0.0863693,1396,1,1396,1396,1396
19,60,0.065004,1,0.065004,0.065004,0.065004,837,1,837,837,837
19,60,0.0735896,1,0.0735896,0.0735896,0.0735896,914,1,914,914,914
19,60,0.0739796,1,0.0739796,0.0739796,0.0739796,983,1,983,983,983
19,60,0.0853197,1,0.0853197,0.0853197,0.0853197,1012,1,1012,1012,1012
19,60,0.0616189,1,0.0616189,0.0616189,0.0616189,961,1,961,961,961
19,60,0.0333395,1,0.0333395,0.0333395,0.0333395,450,1,450,450,450
19,60,0.0579858,1,0.0579858,0.0579858,0.0579858,742,1,742,742,742
19,60,0.0437208,1,0.0437208,0.0437208,0.0437208,596,1,596,596,596
19,60,0.0657945,1,0.0657945,0.0657945,0.0657945,1047,1,1047,1047,1047
19,60,0.0146161,1,0.0146161,0.0146161,0.0146161,191,1,191,191,191
19,60,0.0266505,1,0.0266505,0.0266505,0.0266505,353,1,353,353,353
19,60,0.0409965,1,0.0409965,0.0409965,0.0409965,608,1,608,608,608
19,60,0.0919838,1,0.0919838,0.0919838,0.0919838,1422,1,1422,1422,1422
19,60,0.0734322,1,0.0734322,0.0734322,0.0734322,884,1,884,884,884
19,60,0.0269891,1,0.0269891,0.0269891,0.0269891,354,1,354,354,354
19,60,0.10716,1,0.10716,0.10716,0.10716,1235,1,1235,1235,1235
19,60,0.0574259,1,0.0574259,0.0574259,0.0574259,806,1,806,806,806
19,60,0.121284,1,0.121284,0.121284,0.121284,1434,1,1434,1434,1434
19,60,0.182203,1,0.182203,0.182203,0.182203,2456,1,2456,2456,2456
19,60,0.0450073,1,0.0450073,0.0450073,0.0450073,562,1,562,562,562
19,60,0.00600503,1,0.00600503,0.00600503,0.00600503,94,1,94,94,94
19,60,0.0796318,1,0.0796318,0.0796318,0.0796318,1203,1,1203,1203,1203
19,60,0.0403044,1,0.0403044,0.0403044,0.0403044,590,1,590,590,590
19,60,0.0477838,1,0.0477838,0.0477838,0.0477838,639,1,639,639,639
19,60,0.0581981,1,0.0581981,0.0581981,0.0581981,755,1,755,755,755
19,60,0.0696927,1,0.0696927,0.0696927,0.0696927,1031,1,1031,1031,1031
19,60,0.0479099,1,0.0479099,0.0479099,0.0479099,593,1,593,593,593
19,60,0.0188262,1,0.0188262,0.0188262,0.0188262,266,1,266,266,266
19,60,0.064042,1,0.064042,0.064042,0.064042,968,1,968,968,968
19,60,0.092889,1,0.092889,0.092889,0.092889,1198,1,1198,1198,1198
19,60,0.164041,1,0.164041,0.164041,0.164041,2260,1,2260,2260,2260
19,60,0.121171,1,0.121171,0.121171,0.121171,1855,1,1855,1855,1855
19,60,0.0489732,1,0.0489732,0.0489732,0.0489732,581,1,581,581,581
19,60,0.0659748,1,0.0659748,0.0659748,0.0659748,1021,1,1021,1021,1021
19,60,0.0937536,1,0.0937536,0.0937536,0.0937536,1325,1,1325,1325,1325
19,60,0.117281,1,0.117281,0.117281,0.117281,1627,1,1627,1627,1627
19,60,0.0221347,1,0.0221347,0.0221347,0.0221347,359,1,359,359,359
19,60,0.016358,1,0.016358,0.016358,0.016358,281,1,281,281,281
19,60,0.158236,1,0.158236,0.158236,0.158236,2183,1,2183,2183,2183
19,60,0.0290852,1,0.0290852,0.0290852,0.0290852,414,1,414,414,414
19,60,0.097192,1,0.097192,0.097192,0.097192,1363,1,1363,1363,1363
19,60,0.0362257,1,0.0362257,0.0362257,0.0362257,452,1,452,452,452
19,60,0.103376,1,0.103376,0.103376,0.103376,1599,1,1599,1599,1599
19,60,0.182863,1,0.182863,0.182863,0.182863,2921,1,2921,2921,2921
19,60,0.0576974,1,0.0576974,0.0576974,0.0576974,704,1,704,704,704
19,60,0.0517797,1,0.0517797,0.0517797,0.0517797,697,1,697,697,697
19,60,0.0444556,1,0.0444556,0.0444556,0.0444556,500,1,500,500,500
19,60,0.181198,1,0.181198,0.181198,0.181198,3062,1,3062,3062,3062
19,60,0.029118,1,0.029118,0.029118,0.029118,421,1,421,421,421
19,60,0.185299,1,0.185299,0.185299,0.185299,3040,1,3040,3040,3040
19,60,0.157282,1,0.157282,0.157282,0.157282,2248,1,2248,2248,2248
19,60,0.0355218,1,0.0355218,0.0355218,0.0355218,456,1,456,456,456
19,60,0.0207335,1,0.0207335,0.0207335,0.0207335,244,1,244,244,244
19,60,0.089978,1,0.089978,0.089978,0.089978,1082,1,1082,1082,1082
19,60,0.041348,1,0.041348,0.041348,0.041348,634,1,634,634,634
19,60,0.0324515,1,0.0324515,0.0324515,0.0324515,429,1,429,429,429
19,60,0.0782111,1,0.0782111,0.0782111,0.0782111,1057,1,1057,1057,1057
19,60,0.164446,1,0.164446,0.164446,0.164446,2382,1,2382,2382,2382
19,60,0.0471988,1,0.0471988,0.0471988,0.0471988,640,1,640,640,640
19,60,0.0642557,1,0.0642557,0.0642557,0.0642557,741,1,741,741,741
19,60,0.0277254,1,0.0277254,0.0277254,0.0277254,422,1,422,422,422
19,60,0.0472318,1,0.0472318,0.0472318,0.0472318,622,1,622,622,622
19,60,0.0739399,1,0.0739399,0.0739399,0.0739399,1170,1,1170,1170,1170
19,60,0.0933722,1,0.0933722,0.0933722,0.0933722,1447,1,1447,1447,1447
19,60,0.144125,1,0.144125,0.144125,0.144125,2031,1,2031,2031,2031
19,60,0.0126317,1,0.0126317,0.0126317,0.0126317,178,1,178,178,178
19,60,0.0412149,1,0.0412149,0.0412149,0.0412149,684,1,684,684,684
19,60,0.0376984,1,0.0376984,0.0376984,0.0376984,607,1,607,607,607
19,60,0.126549,1,0.126549,0.126549,0.126549,2055,1,2055,2055,2055
19,60,0.0895088,1,0.0895088,0.0895088,0.0895088,1299,1,1299,1299,1299
19,60,0.0127975,1,0.0127975,0.0127975,0.0127975,156,1,156,156,156
19,60,0.0793702,1,0.0793702,0.0793702,0.0793702,809,1,809,809,809
19,60,0.0620972,1,0.0620972,0.0620972,0.0620972,812,1,812,812,812
19,60,0.161404,1,0.161404,0.161404,0.161404,1891,1,1891,1891,1891
19,60,0.198898,1,0.198898,0.198898,0.198898,3177,1,3177,3177,3177
19,60,0.0670403,1,0.0670403,0.0670403,0.0670403,849,1,849,849,849
19,60,0.054234,1,0.054234,0.054234,0.054234,611,1,611,611,611
19,60,0.0358792,1,0.0358792,0.0358792,0.0358792,549,1,549,549,549
19,60,0.158081,1,0.158081,0.158081,0.158081,2059,1,2059,2059,2059
19,60,0.0665619,1,0.0665619,0.0665619,0.0665619,772,1,772,772,772
19,60,0.0363429,1,0.0363429,0.0363429,0.0363429,469,1,469,469,469
19,60,0.0707246,1,0.0707246,0.0707246,0.0707246,892,1,892,892,892
19,60,0.202197,1,0.202197,0.202197,0.202197,3181,1,3181,3181,3181
19,60,0.363858,1,0.363858,0.363858,0.363858,5225,1,5225,5225,5225
19,60,0.0605396,1,0.0605396,0.0605396,0.0605396,888,1,888,888,888
19,60,0.0720224,1,0.0720224,0.0720224,0.0720224,1083,1,1083,1083,1083
19,60,0.109679,1,0.109679,0.109679,0.109679,1481,1,1481,1481,1481
19,60,0.00501928,1,0.00501928,0.00501928,0.00501928,50,1,50,50,50
19,60,0.0925856,1,0.0925856,0.0925856,0.0925856,1205,1,1205,1205,1205
19,60,0.0760516,1,0.0760516,0.0760516,0.0760516,1010,1,1010,1010,1010
19,60,0.32167,1,0.32167,0.32167,0.32167,4017,1,4017,4017,4017
19,60,0.0183019,1,0.0183019,0.0183019,0.0183019,238,1,238,238,238
19,60,0.270442,1,0.270442,0.270442,0.270442,3473,1,3473,3473,3473
19,60,0.0906276,1,0.0906276,0.0906276,0.0906276,1191,1,1191,1191,1191
19,60,0.0607823,1,0.0607823,0.0607823,0.0607823,728,1,728,728,728
19,60,0.0171608,1,0.0171608,0.0171608,0.0171608,280,1,280,280,280
19,60,0.0677476,1,0.0677476,0.0677476,0.0677476,917,1,917,917,917
19,60,0.0331366,1,0.0331366,0.0331366,0.0331366,364,1,364,364,364
19,60,0.0580001,1,0.0580001,0.0580001,0.0580001,757,1,757,757,757
19,60,0.260401,1,0.260401,0.260401,0.260401,3366,1,3366,3366,3366
19,60,0.0185111,1,0.0185111,0.0185111,0.0185111,304,1,304,304,304
19,60,0.128681,1,0.128681,0.128681,0.128681,1566,1,1566,1566,1566
19,60,0.14162,1,0.14162,0.14162,0.14162,1573,1,1573,1573,1573
19,60,0.265621,1,0.265621,0.265621,0.265621,3682,1,3682,3682,3682
19,60,0.0267059,1,0.0267059,0.0267059,0.0267059,353,1,353,353,353
19,60,0.0936494,1,0.0936494,0.0936494,0.0936494,1396,1,1396,1396,1396
19,60,0.104632,1,0.104632,0.104632,0.104632,1654,1,1654,1654,1654
19,60,0.0746901,1,0.0746901,0.0746901,0.0746901,968,1,968,968,968
19,60,0.0677314,1,0.0677314,0.0677314,0.0677314,872,1,872,872,872
19,60,0.152601,1,0.152601,0.152601,0.152601,1951,1,1951,1951,1951
19,60,0.0518537,1,0.0518537,0.0518537,0.0518537,763,1,763,763,763
19,60,0.0824086,1,0.0824086,0.0824086,0.0824086,1148,1,1148,1148,1148
19,60,0.0392295,1,0.0392295,0.0392295,0.0392295,644,1,644,644,644
19,60,0.124904,1,0.124904,0.124904,0.124904,1772,1,1772,1772,1772
19,60,0.0835201,1,0.0835201,0.0835201,0.0835201,1300,1,1300,1300,1300
19,60,0.0733396,1,0.0733396,0.0733396,0.0733396,1071,1,1071,1071,1071
19,60,0.052405,1,0.052405,0.052405,0.052405,700,1,700,700,700
19,60,0.122852,1,0.122852,0.122852,0.122852,2201,1,2201,2201,2201
19,60,0.0532493,1,0.0532493,0.0532493,0.0532493,688,1,688,688,688
19,60,0.063789,1,0.063789,0.063789,0.063789,1016,1,1016,1016,1016
19,60,0.0623531,1,0.0623531,0.0623531,0.0623531,886,1,886,886,886
19,60,0.0989193,1,0.0989193,0.0989193,0.0989193,1735,1,1735,1735,1735
19,60,0.0104314,1,0.0104314,0.0104314,0.0104314,161,1,161,161,161
19,60,0.0718237,1,0.0718237,0.0718237,0.0718237,924,1,924,924,924
19,60,0.116255,1,0.116255,0.116255,0.116255,1612,1,1612,1612,1612
19,60,0.0535888,1,0.0535888,0.0535888,0.0535888,819,1,819,819,819
19,60,0.143374,1,0.143374,0.143374,0.143374,2424,1,2424,2424,2424
19,60,0.161748,1,0.161748,0.161748,0.161748,2113,1,2113,2113,2113
19,60,0.113318,1,0.113318,0.113318,0.113318,1443,1,1443,1443,1443
19,60,0.0961942,1,0.0961942,0.0961942,0.0961942,1430,1,1430,1430,1430
19,60,0.0798042,1,0.0798042,0.0798042,0.0798042,1267,1,1267,1267,1267
19,60,0.0628495,1,0.0628495,0.0628495,0.0628495,1006,1,1006,1006,1006
19,60,0.0347658,1,0.0347658,0.0347658,0.0347658,501,1,501,501,501
19,60,0.0867558,1,0.0867558,0.0867558,0.0867558,1187,1,1187,1187,1187
19,60,0.13303,1,0.13303,0.13303,0.13303,2043,1,2043,2043,2043
19,60,0.0380262,1,0.0380262,0.0380262,0.0380262,437,1,437,437,437
19,60,0.0459593,1,0.0459593,0.0459593,0.0459593,550,1,550,550,550
19,60,0.107183,1,0.107183,0.107183,0.107183,1685,1,1685,1685,1685
19,60,0.0627484,1,0.0627484,0.0627484,0.0627484,855,1,855,855,855
19,60,0.0618744,1,0.0618744,0.0618744,0.0618744,673,1,673,673,673
19,60,0.0492902,1,0.0492902,0.0492902,0.0492902,688,1,688,688,688
19,60,0.0693455,1,0.0693455,0.0693455,0.0693455,880,1,880,880,880
19,60,0.067832,1,0.067832,0.067832,0.067832,1129,1,1129,1129,1129
19,60,0.024553,1,0.024553,0.024553,0.024553,336,1,336,336,336
19,60,0.0546446,1,0.0546446,0.0546446,0.0546446,715,1,715,715,715
19,60,0.132716,1,0.132716,0.132716,0.132716,2030,1,2030,2030,2030
19,60,0.0323482,1,0.0323482,0.0323482,0.0323482,442,1,442,442,442
19,60,0.223283,1,0.223283,0.223283,0.223283,3877,1,3877,3877,3877
19,60,0.0688826,1,0.0688826,0.0688826,0.0688826,990,1,990,990,990
19,60,0.197294,1,0.197294,0.197294,0.197294,2833,1,2833,2833,2833
19,60,0.0274336,1,0.0274336,0.0274336,0.0274336,316,1,316,316,316
19,60,0.119019,1,0.119019,0.119019,0.119019,1510,1,1510,1510,1510
19,60,0.147342,1,0.147342,0.147342,0.147342,2002,1,2002,2002,2002
19,60,0.172998,1,0.172998,0.172998,0.172998,2488,1,2488,2488,2488
19,60,0.105092,1,0.105092,0.105092,0.105092,1595,1,1595,1595,1595
19,60,0.0382408,1,0.0382408,0.0382408,0.0382408,541,1,541,541,541
19,60,0.0314442,1,0.0314442,0.0314442,0.0314442,468,1,468,468,468
19,60,0.0819021,1,0.0819021,0.0819021,0.0819021,988,1,988,988,988
19,60,0.0418877,1,0.0418877,0.0418877,0.0418877,581,1,581,581,581
19,60,0.0855447,1,0.0855447,0.0855447,0.0855447,1286,1,1286,1286,1286
19,60,0.0405107,1,0.0405107,0.0405107,0.0405107,613,1,613,613,613
19,60,0.0414303,1,0.0414303,0.0414303,0.0414303,586,1,586,586,586
19,60,0.100961,1,0.100961,0.100961,0.100961,1458,1,1458,1458,1458
19,60,0.0673751,1,0.0673751,0.0673751,0.0673751,863,1,863,863,863
19,60,0.0257311,1,0.0257311,0.0257311,0.0257311,362,1,362,362,362
19,60,0.0933608,1,0.0933608,0.0933608,0.0933608,1486,1,1486,1486,1486
19,60,0.0938335,1,0.0938335,0.0938335,0.0938335,1374,1,1374,1374,1374
19,60,0.165354,1,0.165354,0.165354,0.165354,2541,1,2541,2541,2541
19,60,0.0642211,1,0.0642211,0.0642211,0.0642211,839,1,839,839,839
19,60,0.212536,1,0.212536,0.212536,0.212536,3367,1,3367,3367,3367
19,60,0.0546697,1,0.0546697,0.0546697,0.0546697,747,1,747,747,747
19,60,0.0760472,1,0.0760472,0.0760472,0.0760472,1132,1,1132,1132,1132
19,60,0.0476529,1,0.0476529,0.0476529,0.0476529,726,1,726,726,726
19,60,0.0575786,1,0.0575786,0.0575786,0.0575786,765,1,765,765,765
19,60,0.066135,1,0.066135,0.066135,0.066135,930,1,930,930,930
19,60,0.0150267,1,0.0150267,0.0150267,0.0150267,218,1,218,218,218
19,60,0.0625333,1,0.0625333,0.0625333,0.0625333,827,1,827,827,827
19,60,0.108915,1,0.108915,0.108915,0.108915,1477,1,1477,1477,1477
19,60,0.0654168,1,0.0654168,0.0654168,0.0654168,1064,1,1064,1064,1064
19,60,0.0683235,1,0.0683235,0.0683235,0.0683235,959,1,959,959,959
19,60,0.092063,1,0.092063,0.092063,0.092063,1213,1,1213,1213,1213
19,60,0.0587352,1,0.0587352,0.0587352,0.0587352,742,1,742,742,742
19,60,0.0341053,1,0.0341053,0.0341053,0.0341053,469,1,469,469,469
19,60,0.0458607,1,0.0458607,0.0458607,0.0458607,730,1,730,730,730
19,60,0.0333964,1,0.0333964,0.0333964,0.0333964,421,1,421,421,421
19,60,0.0978522,1,0.0978522,0.0978522,0.0978522,1372,1,1372,1372,1372
19,60,0.116349,1,0.116349,0.116349,0.116349,1904,1,1904,1904,1904
19,60,0.0827492,1,0.0827492,0.0827492,0.0827492,1082,1,1082,1082,1082
19,60,0.16394,1,0.16394,0.16394,0.16394,2187,1,2187,2187,2187
19,60,0.157287,1,0.157287,0.157287,0.157287,2332,1,2332,2332,2332
19,60,0.101698,1,0.101698,0.101698,0.101698,1466,1,1466,1466,1466
19,60,0.103657,1,0.103657,0.103657,0.103657,1187,1,1187,1187,1187
19,60,0.0878422,1,0.0878422,0.0878422,0.0878422,1041,1,1041,1041,1041
19,60,0.0982109,1,0.0982109,0.0982109,0.0982109,1388,1,1388,1388,1388
19,60,0.0899126,1,0.0899126,0.0899126,0.0899126,1399,1,1399,1399,1399
19,60,0.0672286,1,0.0672286,0.0672286,0.0672286,654,1,654,654,654
19,60,0.165389,1,0.165389,0.165389,0.165389,2569,1,2569,2569,2569
19,60,0.0859059,1,0.0859059,0.0859059,0.0859059,1090,1,1090,1090,1090
19,60,0.0739306,1,0.0739306,0.0739306,0.0739306,1250,1,1250,1250,1250
19,60,0.0491852,1,0.0491852,0.0491852,0.0491852,626,1,626,626,626
19,60,0.0182528,1,0.0182528,0.0182528,0.0182528,265,1,265,265,265
19,60,0.0330907,1,0.0330907,0.0330907,0.0330907,438,1,438,438,438
19,60,0.0697261,1,0.0697261,0.0697261,0.0697261,874,1,874,874,874
19,60,0.0338014,1,0.0338014,0.0338014,0.0338014,529,1,529,529,529
19,60,0.347441,1,0.347441,0.347441,0.347441,5845,1,5845,5845,5845
19,60,0.284441,1,0.284441,0.284441,0.284441,3873,1,3873,3873,3873
19,60,0.0826745,1,0.0826745,0.0826745,0.0826745,970,1,970,970,970
19,60,0.0353311,1,0.0353311,0.0353311,0.0353311,488,1,488,488,488
19,60,0.0544245,1,0.0544245,0.0544245,0.0544245,738,1,738,738,738
19,60,0.0795083,1,0.0795083,0.0795083,0.0795083,1237,1,1237,1237,1237
19,60,0.169028,1,0.169028,0.169028,0.169028,2439,1,2439,2439,2439
19,60,0.0678764,1,0.0678764,0.0678764,0.0678764,881,1,881,881,881
19,60,0.0398,1,0.0398,0.0398,0.0398,523,1,523,523,523
19,60,0.0576203,1,0.0576203,0.0576203,0.0576203,753,1,753,753,753
19,60,0.0695036,1,0.0695036,0.0695036,0.0695036,1065,1,1065,1065,1065
19,60,0.107254,1,0.107254,0.107254,0.107254,1423,1,1423,1423,1423
19,60,0.234342,1,0.234342,0.234342,0.234342,3349,1,3349,3349,3349
19,60,0.0422993,1,0.0422993,0.0422993,0.0422993,524,1,524,524,524
19,60,0.110756,1,0.110756,0.110756,0.110756,1628,1,1628,1628,1628
19,60,0.0862753,1,0.0862753,0.0862753,0.0862753,1223,1,1223,1223,1223
19,60,0.0429289,1,0.0429289,0.0429289,0.0429289,564,1,564,564,564
19,60,0.0993882,1,0.0993882,0.0993882,0.0993882,1448,1,1448,1448,1448
19,60,0.072449,1,0.072449,0.072449,0.072449,1170,1,1170,1170,1170
19,60,0.0393033,1,0.0393033,0.0393033,0.0393033,595,1,595,595,595
19,60,0.0583119,1,0.0583119,0.0583119,0.0583119,730,1,730,730,730
19,60,0.00682166,1,0.00682166,0.00682166,0.00682166,102,1,102,102,102
19,60,0.0837699,1,0.0837699,0.0837699,0.0837699,1205,1,1205,1205,1205
19,60,0.0232493,1,0.0232493,0.0232493,0.0232493,403,1,403,403,403
19,60,0.0388173,1,0.0388173,0.0388173,0.0388173,532,1,532,532,532
19,60,0.0870245,1,0.0870245,0.0870245,0.0870245,1353,1,1353,1353,1353
19,60,0.0569504,1,0.0569504,0.0569504,0.0569504,874,1,874,874,874
19,60,0.161632,1,0.161632,0.161632,0.161632,2119,1,2119,2119,2119
19,60,0.0394726,1,0.0394726,0.0394726,0.0394726,633,1,633,633,633
19,60,0.0580063,1,0.0580063,0.0580063,0.0580063,728,1,728,728,728
19,60,0.02805,1,0.02805,0.02805,0.02805,427,1,427,427,427
19,60,0.0393081,1,0.0393081,0.0393081,0.0393081,560,1,560,560,560
19,60,0.0705304,1,0.0705304,0.0705304,0.0705304,824,1,824,824,824
19,60,0.114079,1,0.114079,0.114079,0.114079,1706,1,1706,1706,1706
19,60,0.0325601,1,0.0325601,0.0325601,0.0325601,411,1,411,411,411
19,60,0.107304,1,0.107304,0.107304,0.107304,1735,1,1735,1735,1735
19,60,0.039827,1,0.039827,0.039827,0.039827,481,1,481,481,481
19,60,0.178783,1,0.178783,0.178783,0.178783,2835,1,2835,2835,2835
19,60,0.0649267,1,0.0649267,0.0649267,0.0649267,962,1,962,962,962
19,60,0.124867,1,0.124867,0.124867,0.124867,1793,1,1793,1793,1793
19,60,0.0755842,1,0.0755842,0.0755842,0.0755842,1052,1,1052,1052,1052
19,60,0.117775,1,0.117775,0.117775,0.117775,1529,1,1529,1529,1529
19,60,0.0201636,1,0.0201636,0.0201636,0.0201636,287,1,287,287,287
19,60,0.0486448,1,0.0486448,0.0486448,0.0486448,697,1,697,697,697
19,60,0.12881,1,0.12881,0.12881,0.12881,1703,1,1703,1703,1703
19,60,0.153183,1,0.153183,0.153183,0.153183,1818,1,1818,1818,1818
19,60,0.0884678,1,0.0884678,0.0884678,0.0884678,1237,1,1237,1237,1237
19,60,0.0431594,1,0.0431594,0.0431594,0.0431594,644,1,644,644,644
19,60,0.270669,1,0.270669,0.270669,0.270669,4257,1,4257,4257,4257
19,60,0.0252921,1,0.0252921,0.0252921,0.0252921,277,1,277,277,277
19,60,0.0391355,1,0.0391355,0.0391355,0.0391355,530,1,530,530,530
19,60,0.0381525,1,0.0381525,0.0381525,0.0381525,515,1,515,515,515
19,60,0.0824594,1,0.0824594,0.0824594,0.0824594,1092,1,1092,1092,1092
19,60,0.0550998,1,0.0550998,0.0550998,0.0550998,680,1,680,680,680
19,60,0.104037,1,0.104037,0.104037,0.104037,1737,1,1737,1737,1737
19,60,0.0408224,1,0.0408224,0.0408224,0.0408224,604,1,604,604,604
19,60,0.101257,1,0.101257,0.101257,0.101257,1590,1,1590,1590,1590
19,60,0.0898239,1,0.0898239,0.0898239,0.0898239,1377,1,1377,1377,1377
19,60,0.114247,1,0.114247,0.114247,0.114247,1419,1,1419,1419,1419
19,60,0.0288008,1,0.0288008,0.0288008,0.0288008,405,1,405,405,405
19,60,0.0391297,1,0.0391297,0.0391297,0.0391297,535,1,535,535,535
19,60,0.0775989,1,0.0775989,0.0775989,0.0775989,976,1,976,976,976
19,60,0.0740301,1,0.0740301,0.0740301,0.0740301,932,1,932,932,932
19,60,0.0667657,1,0.0667657,0.0667657,0.0667657,968,1,968,968,968
19,60,0.0489724,1,0.0489724,0.0489724,0.0489724,554,1,554,554,554
19,60,0.0564138,1,0.0564138,0.0564138,0.0564138,701,1,701,701,701
19,60,0.0658974,1,0.0658974,0.0658974,0.0658974,774,1,774,774,774
19,60,0.0830082,1,0.0830082,0.0830082,0.0830082,982,1,982,982,982
19,60,0.0311182,1,0.0311182,0.0311182,0.0311182,448,1,448,448,448
19,60,0.0509525,1,0.0509525,0.0509525,0.0509525,611,1,611,611,611
19,60,0.0696961,1,0.0696961,0.0696961,0.0696961,804,1,804,804,804
19,60,0.102789,1,0.102789,0.102789,0.102789,1667,1,1667,1667,1667
19,60,0.0237068,1,0.0237068,0.0237068,0.0237068,339,1,339,339,339
19,60,0.207211,1,0.207211,0.207211,0.207211,3235,1,3235,3235,3235
19,60,0.0550858,1,0.0550858,0.0550858,0.0550858,759,1,759,759,759
19,60,0.141835,1,0.141835,0.141835,0.141835,1772,1,1772,1772,1772
19,60,0.17162,1,0.17162,0.17162,0.17162,2665,1,2665,2665,2665
19,60,0.0369059,1,0.0369059,0.0369059,0.0369059,532,1,532,532,532
19,60,0.0761301,1,0.0761301,0.0761301,0.0761301,1058,1,1058,1058,1058
19,60,0.131114,1,0.131114,0.131114,0.131114,2065,1,2065,2065,2065
19,60,0.0314383,1,0.0314383,0.0314383,0.0314383,514,1,514,514,514
19,60,0.242918,1,0.242918,0.242918,0.242918,3357,1,3357,3357,3357
19,60,0.0891574,1,0.0891574,0.0891574,0.0891574,1295,1,1295,1295,1295
19,60,0.116315,1,0.116315,0.116315,0.116315,1628,1,1628,1628,1628
19,60,0.032921,1,0.032921,0.032921,0.032921,480,1,480,480,480
19,60,0.0571889,1,0.0571889,0.0571889,0.0571889,830,1,830,830,830
19,60,0.110692,1,0.110692,0.110692,0.110692,1562,1,1562,1562,1562
19,60,0.0497343,1,0.0497343,0.0497343,0.0497343,700,1,700,700,700
19,60,0.0936348,1,0.0936348,0.0936348,0.0936348,1375,1,1375,1375,1375
19,60,0.124498,1,0.124498,0.124498,0.124498,2023,1,2023,2023,2023
19,60,0.0408056,1,0.0408056,0.0408056,0.0408056,580,1,580,580,580
19,60,0.0422131,1,0.0422131,0.0422131,0.0422131,521,1,521,521,521
19,60,0.114935,1,0.114935,0.114935,0.114935,1461,1,1461,1461,1461
19,60,0.0631795,1,0.0631795,0.0631795,0.0631795,791,1,791,791,791
19,60,0.0265066,1,0.0265066,0.0265066,0.0265066,353,1,353,353,353
19,60,0.122283,1,0.122283,0.122283,0.122283,1481,1,1481,1481,1481
19,60,0.012818,1,0.012818,0.012818,0.012818,196,1,196,196,196
19,60,0.106175,1,0.106175,0.106175,0.106175,1736,1,1736,1736,1736
19,60,0.0595017,1,0.0595017,0.0595017,0.0595017,783,1,783,783,783
19,60,0.0589896,1,0.0589896,0.0589896,0.0589896,893,1,893,893,893
19,60,0.0490351,1,0.0490351,0.0490351,0.0490351,763,1,763,763,763
19,60,0.239305,1,0.239305,0.239305,0.239305,3349,1,3349,3349,3349
19,60,0.0257841,1,0.0257841,0.0257841,0.0257841,325,1,325,325,325
19,60,0.0595609,1,0.0595609,0.0595609,0.0595609,925,1,925,925,925
19,60,0.11826,1,0.11826,0.11826,0.11826,1944,1,1944,1944,1944
19,60,0.0827158,1,0.0827158,0.0827158,0.0827158,1332,1,1332,1332,1332
19,60,0.0546109,1,0.0546109,0.0546109,0.0546109,799,1,799,799,799
19,60,0.105494,1,0.105494,0.105494,0.105494,1271,1,1271,1271,1271
19,60,0.0106872,1,0.0106872,0.0106872,0.0106872,132,1,132,132,132
19,60,0.0487811,1,0.0487811,0.0487811,0.0487811,552,1,552,552,552
19,60,0.059284,1,0.059284,0.059284,0.059284,775,1,775,775,775
19,60,0.046926,1,0.046926,0.046926,0.046926,666,1,666,666,666
19,60,0.183858,1,0.183858,0.183858,0.183858,2583,1,2583,2583,2583
19,60,0.0818643,1,0.0818643,0.0818643,0.0818643,1239,1,1239,1239,1239
19,60,0.0642317,1,0.0642317,0.0642317,0.0642317,796,1,796,796,796
19,60,0.141287,1,0.141287,0.141287,0.141287,2129,1,2129,2129,2129
19,60,0.271818,1,0.271818,0.271818,0.271818,4360,1,4360,4360,4360
19,60,0.0546591,1,0.0546591,0.0546591,0.0546591,851,1,851,851,851
19,60,0.116271,1,0.116271,0.116271,0.116271,1602,1,1602,1602,1602
19,60,0.105264,1,0.105264,0.105264,0.105264,1498,1,1498,1498,1498
19,60,0.0532349,1,0.0532349,0.0532349,0.0532349,759,1,759,759,759
19,60,0.277662,1,0.277662,0.277662,0.277662,3420,1,3420,3420,3420
19,60,0.0707166,1,0.0707166,0.0707166,0.0707166,859,1,859,859,859
19,60,0.053507,1,0.053507,0.053507,0.053507,659,1,659,659,659
19,60,0.0799069,1,0.0799069,0.0799069,0.0799069,1067,1,1067,1067,1067
19,60,0.108052,1,0.108052,0.108052,0.108052,1758,1,1758,1758,1758
19,60,0.089564,1,0.089564,0.089564,0.089564,1158,1,1158,1158,1158
19,60,0.0323671,1,0.0323671,0.0323671,0.0323671,465,1,465,465,465
19,60,0.0414737,1,0.0414737,0.0414737,0.0414737,547,1,547,547,547
19,60,0.147054,1,0.147054,0.147054,0.147054,2029,1,2029,2029,2029
19,60,0.100681,1,0.100681,0.100681,0.100681,1134,1,1134,1134,1134
19,60,0.0727945,1,0.0727945,0.0727945,0.0727945,1006,1,1006,1006,1006
19,60,0.0795643,1,0.0795643,0.0795643,0.0795643,1107,1,1107,1107,1107
19,60,0.0316095,1,0.0316095,0.0316095,0.0316095,449,1,449,449,449
19,60,0.133944,1,0.133944,0.133944,0.133944,1657,1,1657,1657,1657
19,60,0.0540683,1,0.0540683,0.0540683,0.0540683,680,1,680,680,680
19,60,0.0299545,1,0.0299545,0.0299545,0.0299545,417,1,417,417,417
19,60,0.0602837,1,0.0602837,0.0602837,0.0602837,789,1,789,789,789
19,60,0.0405662,1,0.0405662,0.0405662,0.0405662,495,1,495,495,495
19,60,0.0816072,1,0.0816072,0.0816072,0.0816072,1086,1,1086,1086,1086
19,60,0.0600478,1,0.0600478,0.0600478,0.0600478,718,1,718,718,718
19,60,0.0628569,1,0.0628569,0.0628569,0.0628569,841,1,841,841,841
19,60,0.0989888,1,0.0989888,0.0989888,0.0989888,1409,1,1409,1409,1409
19,60,0.0661938,1,0.0661938,0.0661938,0.0661938,992,1,992,992,992
19,60,0.133748,1,0.133748,0.133748,0.133748,1629,1,1629,1629,1629
19,60,0.147634,1,0.147634,0.147634,0.147634,2575,1,2575,2575,2575
19,60,0.0436784,1,0.0436784,0.0436784,0.0436784,651,1,651,651,651
19,60,0.0487783,1,0.0487783,0.0487783,0.0487783,729,1,729,729,729
19,60,0.0385713,1,0.0385713,0.0385713,0.0385713,575,1,575,575,575
19,60,0.00855768,1,0.00855768,0.00855768,0.00855768,94,1,94,94,94
19,60,0.0585648,1,0.0585648,0.0585648,0.0585648,1007,1,1007,1007,1007
19,60,0.0798733,1,0.0798733,0.0798733,0.0798733,958,1,958,958,958
19,60,0.145901,1,0.145901,0.145901,0.145901,1907,1,1907,1907,1907
19,60,0.0960624,1,0.0960624,0.0960624,0.0960624,1431,1,1431,1431,1431
19,60,0.0308918,1,0.0308918,0.0308918,0.0308918,430,1,430,430,430
19,60,0.254402,1,0.254402,0.254402,0.254402,2877,1,2877,2877,2877
19,60,0.0783473,1,0.0783473,0.0783473,0.0783473,1072,1,1072,1072,1072
19,60,0.0561544,1,0.0561544,0.0561544,0.0561544,772,1,772,772,772
19,60,0.116142,1,0.116142,0.116142,0.116142,1889,1,1889,1889,1889
19,60,0.0793733,1,0.0793733,0.0793733,0.0793733,1293,1,1293,1293,1293
19,60,0.0337136,1,0.0337136,0.0337136,0.0337136,436,1,436,436,436
19,60,0.0698315,1,0.0698315,0.0698315,0.0698315,821,1,821,821,821
19,60,0.0583438,1,0.0583438,0.0583438,0.0583438,739,1,739,739,739
19,60,0.0180749,1,0.0180749,0.0180749,0.0180749,251,1,251,251,251
19,60,0.0201303,1,0.0201303,0.0201303,0.0201303,258,1,258,258,258
19,60,0.120434,1,0.120434,0.120434,0.120434,1310,1,1310,1310,1310
19,60,0.265141,1,0.265141,0.265141,0.265141,3637,1,3637,3637,3637
19,60,0.119474,1,0.119474,0.119474,0.119474,1818,1,1818,1818,1818
19,60,0.103977,1,0.103977,0.103977,0.103977,1403,1,1403,1403,1403
19,60,0.366892,1,0.366892,0.366892,0.366892,5675,1,5675,5675,5675
19,60,0.0308073,1,0.0308073,0.0308073,0.0308073,412,1,412,412,412
19,60,0.034269,1,0.034269,0.034269,0.034269,498,1,498,498,498
19,60,0.0436706,1,0.0436706,0.0436706,0.0436706,514,1,514,514,514
19,60,0.143225,1,0.143225,0.143225,0.143225,1747,1,1747,1747,1747
19,60,0.0506053,1,0.0506053,0.0506053,0.0506053,700,1,700,700,700
19,60,0.0464991,1,0.0464991,0.0464991,0.0464991,621,1,621,621,621
19,60,0.034056,1,0.034056,0.034056,0.034056,430,1,430,430,430
19,60,0.011455,1,0.011455,0.011455,0.011455,152,1,152,152,152
19,60,0.0581771,1,0.0581771,0.0581771,0.0581771,758,1,758,758,758
19,60,0.130832,1,0.130832,0.130832,0.130832,1904,1,1904,1904,1904
19,60,0.0684472,1,0.0684472,0.0684472,0.0684472,1073,1,1073,1073,1073
19,60,0.0148712,1,0.0148712,0.0148712,0.0148712,226,1,226,226,226
19,60,0.0576336,1,0.0576336,0.0576336,0.0576336,720,1,720,720,720
19,60,0.0890136,1,0.0890136,0.0890136,0.0890136,1239,1,1239,1239,1239
19,60,0.0916489,1,0.0916489,0.0916489,0.0916489,1300,1,1300,1300,1300
19,60,0.0345282,1,0.0345282,0.0345282,0.0345282,554,1,554,554,554
19,60,0.038936,1,0.038936,0.038936,0.038936,594,1,594,594,594
19,60,0.0757985,1,0.0757985,0.0757985,0.0757985,980,1,980,980,980
19,60,0.181254,1,0.181254,0.181254,0.181254,2950,1,2950,2950,2950
19,60,0.232321,1,0.232321,0.232321,0.232321,3352,1,3352,3352,3352
19,60,0.0397837,1,0.0397837,0.0397837,0.0397837,475,1,475,475,475
19,60,0.1722,1,0.1722,0.1722,0.1722,2391,1,2391,2391,2391
19,60,0.105514,1,0.105514,0.105514,0.105514,1350,1,1350,1350,1350
19,60,0.144615,1,0.144615,0.144615,0.144615,1892,1,1892,1892,1892
19,60,0.035377,1,0.035377,0.035377,0.035377,566,1,566,566,566
19,60,0.0525473,1,0.0525473,0.0525473,0.0525473,725,1,725,725,725
19,60,0.0330237,1,0.0330237,0.0330237,0.0330237,442,1,442,442,442
19,60,0.0356148,1,0.0356148,0.0356148,0.0356148,557,1,557,557,557
19,60,0.150214,1,0.150214,0.150214,0.150214,2026,1,2026,2026,2026
19,60,0.0317718,1,0.0317718,0.0317718,0.0317718,533,1,533,533,533
19,60,0.0481396,1,0.0481396,0.0481396,0.0481396,780,1,780,780,780
19,60,0.108686,1,0.108686,0.108686,0.108686,1369,1,1369,1369,1369
19,60,0.0944562,1,0.0944562,0.0944562,0.0944562,1439,1,1439,1439,1439
19,60,0.0780671,1,0.0780671,0.0780671,0.0780671,1185,1,1185,1185,1185
19,60,0.0505536,1,0.0505536,0.0505536,0.0505536,693,1,693,693,693
19,60,0.0671908,1,0.0671908,0.0671908,0.0671908,847,1,847,847,847
19,60,0.0650981,1,0.0650981,0.0650981,0.0650981,814,1,814,814,814
19,60,0.0845341,1,0.0845341,0.0845341,0.0845341,1348,1,1348,1348,1348
19,60,0.0875522,1,0.0875522,0.0875522,0.0875522,1304,1,1304,1304,1304
19,60,0.0250328,1,0.0250328,0.0250328,0.0250328,280,1,280,280,280
19,60,0.0143353,1,0.0143353,0.0143353,0.0143353,215,1,215,215,215
19,60,0.0451471,1,0.0451471,0.0451471,0.0451471,635,1,635,635,635
19,60,0.0176647,1,0.0176647,0.0176647,0.0176647,240,1,240,240,240
19,60,0.153373,1,0.153373,0.153373,0.153373,2092,1,2092,2092,2092
19,60,0.0687676,1,0.0687676,0.0687676,0.0687676,945,1,945,945,945
19,60,0.181871,1,0.181871,0.181871,0.181871,3247,1,3247,3247,3247
19,60,0.0502278,1,0.0502278,0.0502278,0.0502278,587,1,587,587,587
19,60,0.0609923,1,0.0609923,0.0609923,0.0609923,864,1,864,864,864
19,60,0.0545505,1,0.0545505,0.0545505,0.0545505,603,1,603,603,603
19,60,0.129291,1,0.129291,0.129291,0.129291,1906,1,1906,1906,1906
19,60,0.132615,1,0.132615,0.132615,0.132615,1978,1,1978,1978,1978
19,60,0.0204526,1,0.0204526,0.0204526,0.0204526,316,1,316,316,316
19,60,0.0649235,1,0.0649235,0.0649235,0.0649235,869,1,869,869,869
19,60,0.161641,1,0.161641,0.161641,0.161641,2255,1,2255,2255,2255
19,60,0.188226,1,0.188226,0.188226,0.188226,3065,1,3065,3065,3065
19,60,0.173236,1,0.173236,0.173236,0.173236,2305,1,2305,2305,2305
19,60,0.0770397,1,0.0770397,0.0770397,0.0770397,1125,1,1125,1125,1125
19,60,0.0947555,1,0.0947555,0.0947555,0.0947555,1190,1,1190,1190,1190
19,60,0.0654673,1,0.0654673,0.0654673,0.0654673,1058,1,1058,1058,1058
19,60,0.0795062,1,0.0795062,0.0795062,0.0795062,1265,1,1265,1265,1265
19,60,0.0270603,1,0.0270603,0.0270603,0.0270603,433,1,433,433,433
19,60,0.069888,1,0.069888,0.069888,0.069888,1050,1,1050,1050,1050
19,60,0.047044,1,0.047044,0.047044,0.047044,781,1,781,781,781
19,60,0.109992,1,0.109992,0.109992,0.109992,1531,1,1531,1531,1531
19,60,0.0312643,1,0.0312643,0.0312643,0.0312643,482,1,482,482,482
19,60,0.139904,1,0.139904,0.139904,0.139904,2487,1,2487,2487,2487
19,60,0.0340072,1,0.0340072,0.0340072,0.0340072,351,1,351,351,351
19,60,0.0530824,1,0.0530824,0.0530824,0.0530824,694,1,694,694,694
19,60,0.0191451,1,0.0191451,0.0191451,0.0191451,170,1,170,170,170
19,60,0.027892,1,0.027892,0.027892,0.027892,399,1,399,399,399
19,60,0.143698,1,0.143698,0.143698,0.143698,2121,1,2121,2121,2121
19,60,0.0560523,1,0.0560523,0.0560523,0.0560523,701,1,701,701,701
19,60,0.207905,1,0.207905,0.207905,0.207905,2572,1,2572,2572,2572
19,60,0.123384,1,0.123384,0.123384,0.123384,2096,1,2096,2096,2096
19,60,0.0258721,1,0.0258721,0.0258721,0.0258721,333,1,333,333,333
19,60,0.122255,1,0.122255,0.122255,0.122255,1462,1,1462,1462,1462
19,60,0.0270329,1,0.0270329,0.0270329,0.0270329,371,1,371,371,371
19,60,0.0815322,1,0.0815322,0.0815322,0.0815322,1158,1,1158,1158,1158
19,60,0.0559071,1,0.0559071,0.0559071,0.0559071,892,1,892,892,892
19,60,0.165694,1,0.165694,0.165694,0.165694,2521,1,2521,2521,2521
19,60,0.501009,1,0.501009,0.501009,0.501009,7282,1,7282,7282,7282
19,60,0.0379587,1,0.0379587,0.0379587,0.0379587,546,1,546,546,546
19,60,0.108025,1,0.108025,0.108025,0.108025,1460,1,1460,1460,1460
19,60,0.302008,1,0.302008,0.302008,0.302008,3964,1,3964,3964,3964
19,60,0.0352634,1,0.0352634,0.0352634,0.0352634,394,1,394,394,394
19,60,0.0867715,1,0.0867715,0.0867715,0.0867715,1211,1,1211,1211,1211
19,60,0.0215672,1,0.0215672,0.0215672,0.0215672,258,1,258,258,258
19,60,0.0876757,1,0.0876757,0.0876757,0.0876757,1359,1,1359,1359,1359
19,60,0.0692454,1,0.0692454,0.0692454,0.0692454,961,1,961,961,961
19,60,0.0432686,1,0.0432686,0.0432686,0.0432686,550,1,550,550,550
19,60,0.0644132,1,0.0644132,0.0644132,0.0644132,972,1,972,972,972
19,60,0.0228479,1,0.0228479,0.0228479,0.0228479,299,1,299,299,299
19,60,0.183758,1,0.183758,0.183758,0.183758,2677,1,2677,2677,2677
19,60,0.229658,1,0.229658,0.229658,0.229658,2981,1,2981,2981,2981
19,60,0.102052,1,0.102052,0.102052,0.102052,1757,1,1757,1757,1757
19,60,0.0156943,1,0.0156943,0.0156943,0.0156943,194,1,194,194,194
19,60,0.0383155,1,0.0383155,0.0383155,0.0383155,466,1,466,466,466
19,60,0.0328101,1,0.0328101,0.0328101,0.0328101,357,1,357,357,357
19,60,0.102614,1,0.102614,0.102614,0.102614,1719,1,1719,1719,1719
19,60,0.0118338,1,0.0118338,0.0118338,0.0118338,123,1,123,123,123
19,60,0.131164,1,0.131164,0.131164,0.131164,1880,1,1880,1880,1880
19,60,0.027806,1,0.027806,0.027806,0.027806,344,1,344,344,344
19,60,0.0532764,1,0.0532764,0.0532764,0.0532764,662,1,662,662,662
19,60,0.0434127,1,0.0434127,0.0434127,0.0434127,697,1,697,697,697
19,60,0.0475165,1,0.0475165,0.0475165,0.0475165,717,1,717,717,717
19,60,0.0314999,1,0.0314999,0.0314999,0.0314999,543,1,543,543,543
19,60,0.0469631,1,0.0469631,0.0469631,0.0469631,739,1,739,739,739
19,60,0.0609281,1,0.0609281,0.0609281,0.0609281,875,1,875,875,875
19,60,0.129863,1,0.129863,0.129863,0.129863,1969,1,1969,1969,1969
19,60,0.0528688,1,0.0528688,0.0528688,0.0528688,868,1,868,868,868
19,60,0.155758,1,0.155758,0.155758,0.155758,2815,1,2815,2815,2815
19,60,0.0187404,1,0.0187404,0.0187404,0.0187404,331,1,331,331,331
19,60,0.111787,1,0.111787,0.111787,0.111787,1881,1,1881,1881,1881
19,60,0.0951746,1,0.0951746,0.0951746,0.0951746,1402,1,1402,1402,1402
19,60,0.0486423,1,0.0486423,0.0486423,0.0486423,565,1,565,565,565
19,60,0.0961943,1,0.0961943,0.0961943,0.0961943,1485,1,1485,1485,1485
19,60,0.100937,1,0.100937,0.100937,0.100937,1608,1,1608,1608,1608
19,60,0.0420257,1,0.0420257,0.0420257,0.0420257,734,1,734,734,734
19,60,0.0647321,1,0.0647321,0.0647321,0.0647321,826,1,826,826,826
19,60,0.137496,1,0.137496,0.137496,0.137496,1791,1,1791,1791,1791
19,60,0.0481281,1,0.0481281,0.0481281,0.0481281,640,1,640,640,640
19,60,0.0747047,1,0.0747047,0.0747047,0.0747047,1154,1,1154,1154,1154
19,60,0.084683,1,0.084683,0.084683,0.084683,1158,1,1158,1158,1158
19,60,0.0225622,1,0.0225622,0.0225622,0.0225622,360,1,360,360,360
19,60,0.0960457,1,0.0960457,0.0960457,0.0960457,1165,1,1165,1165,1165
19,60,0.145854,1,0.145854,0.145854,0.145854,2069,1,2069,2069,2069
19,60,0.0491387,1,0.0491387,0.0491387,0.0491387,666,1,666,666,666
19,60,0.00783918,1,0.00783918,0.00783918,0.00783918,110,1,110,110,110
19,60,0.122528,1,0.122528,0.122528,0.122528,1648,1,1648,1648,1648
19,60,0.0442194,1,0.0442194,0.0442194,0.0442194,646,1,646,646,646
19,60,0.0863516,1,0.0863516,0.0863516,0.0863516,1208,1,1208,1208,1208
19,60,0.0633039,1,0.0633039,0.0633039,0.0633039,777,1,777,777,777
19,60,0.0472581,1,0.0472581,0.0472581,0.0472581,610,1,610,610,610
19,60,0.0244167,1,0.0244167,0.0244167,0.0244167,328,1,328,328,328
19,60,0.101216,1,0.101216,0.101216,0.101216,1479,1,1479,1479,1479
19,60,0.0251852,1,0.0251852,0.0251852,0.0251852,338,1,338,338,338
19,60,0.0362109,1,0.0362109,0.0362109,0.0362109,538,1,538,538,538
19,60,0.0844599,1,0.0844599,0.0844599,0.0844599,1205,1,1205,1205,1205
19,60,0.0449265,1,0.0449265,0.0449265,0.0449265,525,1,525,525,525
19,60,0.1639,1,0.1639,0.1639,0.1639,2266,1,2266,2266,2266
19,60,0.252924,1,0.252924,0.252924,0.252924,3742,1,3742,3742,3742
19,60,0.102854,1,0.102854,0.102854,0.102854,1661,1,1661,1661,1661
19,60,0.0952163,1,0.0952163,0.0952163,0.0952163,1239,1,1239,1239,1239
19,60,0.134501,1,0.134501,0.134501,0.134501,1747,1,1747,1747,1747
19,60,0.033873,1,0.033873,0.033873,0.033873,525,1,525,525,525
19,60,0.0352686,1,0.0352686,0.0352686,0.0352686,486,1,486,486,486
19,60,0.0399466,1,0.0399466,0.0399466,0.0399466,458,1,458,458,458
19,60,0.239874,1,0.239874,0.239874,0.239874,3002,1,3002,3002,3002
19,60,0.0211716,1,0.0211716,0.0211716,0.0211716,310,1,310,310,310
19,60,0.110221,1,0.110221,0.110221,0.110221,1647,1,1647,1647,1647
19,60,0.020069,1,0.020069,0.020069,0.020069,313,1,313,313,313
19,60,0.0221428,1,0.0221428,0.0221428,0.0221428,327,1,327,327,327
19,60,0.0624093,1,0.0624093,0.0624093,0.0624093,795,1,795,795,795
19,60,0.0718428,1,0.0718428,0.0718428,0.0718428,904,1,904,904,904
19,60,0.0540504,1,0.0540504,0.0540504,0.0540504,720,1,720,720,720
19,60,0.271376,1,0.271376,0.271376,0.271376,3594,1,3594,3594,3594
19,60,0.261189,1,0.261189,0.261189,0.261189,4019,1,4019,4019,4019
19,60,0.0945187,1,0.0945187,0.0945187,0.0945187,1356,1,1356,1356,1356
19,60,0.122351,1,0.122351,0.122351,0.122351,1424,1,1424,1424,1424
19,60,0.0332681,1,0.0332681,0.0332681,0.0332681,403,1,403,403,403
19,60,0.0424024,1,0.0424024,0.0424024,0.0424024,528,1,528,528,528
19,60,0.0584655,1,0.0584655,0.0584655,0.0584655,779,1,779,779,779
19,60,0.0118244,1,0.0118244,0.0118244,0.0118244,167,1,167,167,167
19,60,0.0833929,1,0.0833929,0.0833929,0.0833929,1023,1,1023,1023,1023
19,60,0.140791,1,0.140791,0.140791,0.140791,2300,1,2300,2300,2300
19,60,0.0852086,1,0.0852086,0.0852086,0.0852086,1014,1,1014,1014,1014
19,60,0.136075,1,0.136075,0.136075,0.136075,1985,1,1985,1985,1985
19,60,0.105192,1,0.105192,0.105192,0.105192,1305,1,1305,1305,1305
19,60,0.0657894,1,0.0657894,0.0657894,0.0657894,991,1,991,991,991
19,60,0.0658148,1,0.0658148,0.0658148,0.0658148,778,1,778,778,778
19,60,0.0183178,1,0.0183178,0.0183178,0.0183178,212,1,212,212,212
19,60,0.0289529,1,0.0289529,0.0289529,0.0289529,338,1,338,338,338
19,60,0.0553659,1,0.0553659,0.0553659,0.0553659,684,1,684,684,684
19,60,0.0773664,1,0.0773664,0.0773664,0.0773664,1149,1,1149,1149,1149
19,60,0.0570259,1,0.0570259,0.0570259,0.0570259,609,1,609,609,609
19,60,0.194062,1,0.194062,0.194062,0.194062,2900,1,2900,2900,2900
19,60,0.135967,1,0.135967,0.135967,0.135967,2005,1,2005,2005,2005
19,60,0.0505222,1,0.0505222,0.0505222,0.0505222,704,1,704,704,704
19,60,0.0723793,1,0.0723793,0.0723793,0.0723793,1014,1,1014,1014,1014
19,60,0.0616233,1,0.0616233,0.0616233,0.0616233,1038,1,1038,1038,1038
19,60,0.0669277,1,0.0669277,0.0669277,0.0669277,847,1,847,847,847
19,60,0.161264,1,0.161264,0.161264,0.161264,2345,1,2345,2345,2345
19,60,0.0330758,1,0.0330758,0.0330758,0.0330758,438,1,438,438,438
19,60,0.0446661,1,0.0446661,0.0446661,0.0446661,583,1,583,583,583
19,60,0.080314,1,0.080314,0.080314,0.080314,1223,1,1223,1223,1223
19,60,0.0511058,1,0.0511058,0.0511058,0.0511058,624,1,624,624,624
19,60,0.0614633,1,0.0614633,0.0614633,0.0614633,866,1,866,866,866
19,60,0.0297137,1,0.0297137,0.0297137,0.0297137,433,1,433,433,433
19,60,0.0753527,1,0.0753527,0.0753527,0.0753527,1166,1,1166,1166,1166
19,60,0.109576,1,0.109576,0.109576,0.109576,1657,1,1657,1657,1657
19,60,0.0394442,1,0.0394442,0.0394442,0.0394442,474,1,474,474,474
19,60,0.0584193,1,0.0584193,0.0584193,0.0584193,645,1,645,645,645
19,60,0.0807403,1,0.0807403,0.0807403,0.0807403,1066,1,1066,1066,1066
19,60,0.108085,1,0.108085,0.108085,0.108085,1501,1,1501,1501,1501
19,60,0.0539938,1,0.0539938,0.0539938,0.0539938,711,1,711,711,711
19,60,0.0727397,1,0.0727397,0.0727397,0.0727397,909,1,909,909,909
19,60,0.0156974,1,0.0156974,0.0156974,0.0156974,217,1,217,217,217
19,60,0.0566754,1,0.0566754,0.0566754,0.0566754,789,1,789,789,789
19,60,0.0495317,1,0.0495317,0.0495317,0.0495317,512,1,512,512,512
19,60,0.0916815,1,0.0916815,0.0916815,0.0916815,1431,1,1431,1431,1431
19,60,0.0907719,1,0.0907719,0.0907719,0.0907719,992,1,992,992,992
19,60,0.139316,1,0.139316,0.139316,0.139316,1808,1,1808,1808,1808
19,60,0.026273,1,0.026273,0.026273,0.026273,401,1,401,401,401
19,60,0.079251,1,0.079251,0.079251,0.079251,1140,1,1140,1140,1140
19,60,0.0522716,1,0.0522716,0.0522716,0.0522716,560,1,560,560,560
19,60,0.112646,1,0.112646,0.112646,0.112646,1439,1,1439,1439,1439
19,60,0.399102,1,0.399102,0.399102,0.399102,6997,1,6997,6997,6997
19,60,0.0741862,1,0.0741862,0.0741862,0.0741862,872,1,872,872,872
19,60,0.0523477,1,0.0523477,0.0523477,0.0523477,750,1,750,750,750
19,60,0.1212,1,0.1212,0.1212,0.1212,1715,1,1715,1715,1715
19,60,0.140843,1,0.140843,0.140843,0.140843,1632,1,1632,1632,1632
19,60,0.01778,1,0.01778,0.01778,0.01778,203,1,203,203,203
19,60,0.0666162,1,0.0666162,0.0666162,0.0666162,864,1,864,864,864
19,60,0.0549248,1,0.0549248,0.0549248,0.0549248,784,1,784,784,784
19,60,0.0461719,1,0.0461719,0.0461719,0.0461719,677,1,677,677,677
19,60,0.0677925,1,0.0677925,0.0677925,0.0677925,882,1,882,882,882
19,60,0.098552,1,0.098552,0.098552,0.098552,1513,1,1513,1513,1513
19,60,0.10555,1,0.10555,0.10555,0.10555,1544,1,1544,1544,1544
19,60,0.0304285,1,0.0304285,0.0304285,0.0304285,329,1,329,329,329
19,60,0.238225,1,0.238225,0.238225,0.238225,3591,1,3591,3591,3591
19,60,0.0226597,1,0.0226597,0.0226597,0.0226597,378,1,378,378,378
19,60,0.112304,1,0.112304,0.112304,0.112304,1528,1,1528,1528,1528
19,60,0.0491865,1,0.0491865,0.0491865,0.0491865,629,1,629,629,629
19,60,0.063666,1,0.063666,0.063666,0.063666,895,1,895,895,895
19,60,0.0988799,1,0.0988799,0.0988799,0.0988799,1460,1,1460,1460,1460
19,60,0.0245112,1,0.0245112,0.0245112,0.0245112,377,1,377,377,377
19,60,0.0384251,1,0.0384251,0.0384251,0.0384251,624,1,624,624,624
19,60,0.110275,1,0.110275,0.110275,0.110275,1633,1,1633,1633,1633
19,60,0.104956,1,0.104956,0.104956,0.104956,1490,1,1490,1490,1490
19,60,0.0876854,1,0.0876854,0.0876854,0.0876854,1478,1,1478,1478,1478
19,60,0.143377,1,0.143377,0.143377,0.143377,2142,1,2142,2142,2142
19,60,0.112514,1,0.112514,0.112514,0.112514,1758,1,1758,1758,1758
19,60,0.201896,1,0.201896,0.201896,0.201896,2957,1,2957,2957,2957
19,60,0.108887,1,0.108887,0.108887,0.108887,1325,1,1325,1325,1325
19,60,0.0476279,1,0.0476279,0.0476279,0.0476279,605,1,605,605,605
19,60,0.0390291,1,0.0390291,0.0390291,0.0390291,598,1,598,598,598
19,60,0.0883978,1,0.0883978,0.0883978,0.0883978,1314,1,1314,1314,1314
19,60,0.088334,1,0.088334,0.088334,0.088334,1188,1,1188,1188,1188
19,60,0.102559,1,0.102559,0.102559,0.102559,1306,1,1306,1306,1306
19,60,0.0362868,1,0.0362868,0.0362868,0.0362868,473,1,473,473,473
19,60,0.0645889,1,0.0645889,0.0645889,0.0645889,925,1,925,925,925
19,60,0.0813522,1,0.0813522,0.0813522,0.0813522,1355,1,1355,1355,1355
19,60,0.0968158,1,0.0968158,0.0968158,0.0968158,1370,1,1370,1370,1370
19,60,0.0390872,1,0.0390872,0.0390872,0.0390872,460,1,460,460,460
19,60,0.187696,1,0.187696,0.187696,0.187696,2972,1,2972,2972,2972
19,60,0.029481,1,0.029481,0.029481,0.029481,363,1,363,363,363
19,60,0.0971696,1,0.0971696,0.0971696,0.0971696,1242,1,1242,1242,1242
19,60,0.0233983,1,0.0233983,0.0233983,0.0233983,317,1,317,317,317
19,60,0.0965592,1,0.0965592,0.0965592,0.0965592,1413,1,1413,1413,1413
19,60,0.0461002,1,0.0461002,0.0461002,0.0461002,655,1,655,655,655
19,60,0.0405063,1,0.0405063,0.0405063,0.0405063,513,1,513,513,513
19,60,0.0348591,1,0.0348591,0.0348591,0.0348591,388,1,388,388,388
19,60,0.0387606,1,0.0387606,0.0387606,0.0387606,679,1,679,679,679
19,60,0.177418,1,0.177418,0.177418,0.177418,2790,1,2790,2790,2790
19,60,0.0545954,1,0.0545954,0.0545954,0.0545954,722,1,722,722,722
19,60,0.0995405,1,0.0995405,0.0995405,0.0995405,1186,1,1186,1186,1186
19,60,0.323106,1,0.323106,0.323106,0.323106,5044,1,5044,5044,5044
19,60,0.111509,1,0.111509,0.111509,0.111509,1419,1,1419,1419,1419
19,60,0.1229,1,0.1229,0.1229,0.1229,1788,1,1788,1788,1788
19,60,0.129902,1,0.129902,0.129902,0.129902,1892,1,1892,1892,1892
19,60,0.0236647,1,0.0236647,0.0236647,0.0236647,305,1,305,305,305
19,60,0.136466,1,0.136466,0.136466,0.136466,1606,1,1606,1606,1606
19,60,0.0530519,1,0.0530519,0.0530519,0.0530519,799,1,799,799,799
19,60,0.116481,1,0.116481,0.116481,0.116481,1298,1,1298,1298,1298
19,60,0.0883161,1,0.0883161,0.0883161,0.0883161,1299,1,1299,1299,1299
19,60,0.0581621,1,0.0581621,0.0581621,0.0581621,780,1,780,780,780
19,60,0.0799798,1,0.0799798,0.0799798,0.0799798,1129,1,1129,1129,1129
19,60,0.0925852,1,0.0925852,0.0925852,0.0925852,1199,1,1199,1199,1199
19,60,0.0494077,1,0.0494077,0.0494077,0.0494077,691,1,691,691,691
19,60,0.138911,1,0.138911,0.138911,0.138911,1752,1,1752,1752,1752
19,60,0.181122,1,0.181122,0.181122,0.181122,2701,1,2701,2701,2701
19,60,0.026352,1,0.026352,0.026352,0.026352,368,1,368,368,368
19,60,0.0662744,1,0.0662744,0.0662744,0.0662744,897,1,897,897,897
19,60,0.0579468,1,0.0579468,0.0579468,0.0579468,708,1,708,708,708
19,60,0.0891101,1,0.0891101,0.0891101,0.0891101,1304,1,1304,1304,1304
19,60,0.0903304,1,0.0903304,0.0903304,0.0903304,1219,1,1219,1219,1219
19,60,0.112436,1,0.112436,0.112436,0.112436,1724,1,1724,1724,1724
19,60,0.0179135,1,0.0179135,0.0179135,0.0179135,301,1,301,301,301
19,60,0.0519638,1,0.0519638,0.0519638,0.0519638,809,1,809,809,809
19,60,0.145419,1,0.145419,0.145419,0.145419,2027,1,2027,2027,2027
19,60,0.133261,1,0.133261,0.133261,0.133261,1991,1,1991,1991,1991
19,60,0.0358919,1,0.0358919,0.0358919,0.0358919,434,1,434,434,434
19,60,0.105826,1,0.105826,0.105826,0.105826,1526,1,1526,1526,1526
19,60,0.176202,1,0.176202,0.176202,0.176202,2708,1,2708,2708,2708
19,60,0.0828665,1,0.0828665,0.0828665,0.0828665,1149,1,1149,1149,1149
19,60,0.24423,1,0.24423,0.24423,0.24423,3379,1,3379,3379,3379
19,60,0.119925,1,0.119925,0.119925,0.119925,1631,1,1631,1631,1631
19,60,0.09527,1,0.09527,0.09527,0.09527,1126,1,1126,1126,1126
19,60,0.0454995,1,0.0454995,0.0454995,0.0454995,599,1,599,599,599
19,60,0.170943,1,0.170943,0.170943,0.170943,2795,1,2795,2795,2795
19,60,0.0859818,1,0.0859818,0.0859818,0.0859818,1308,1,1308,1308,1308
19,60,0.0359181,1,0.0359181,0.0359181,0.0359181,503,1,503,503,503
19,60,0.0816714,1,0.0816714,0.0816714,0.0816714,1305,1,1305,1305,1305
19,60,0.168063,1,0.168063,0.168063,0.168063,2426,1,2426,2426,2426
19,60,0.012667,1,0.012667,0.012667,0.012667,161,1,161,161,161
19,60,0.0415922,1,0.0415922,0.0415922,0.0415922,602,1,602,602,602
19,60,0.28346,1,0.28346,0.28346,0.28346,3992,1,3992,3992,3992
19,60,0.0589576,1,0.0589576,0.0589576,0.0589576,820,1,820,820,820
19,60,0.020361,1,0.020361,0.020361,0.020361,199,1,199,199,199
19,60,0.107886,1,0.107886,0.107886,0.107886,1385,1,1385,1385,1385
19,60,0.0885001,1,0.0885001,0.0885001,0.0885001,1260,1,1260,1260,1260
19,60,0.150541,1,0.150541,0.150541,0.150541,1955,1,1955,1955,1955
19,60,0.0586366,1,0.0586366,0.0586366,0.0586366,740,1,740,740,740
19,60,0.0805328,1,0.0805328,0.0805328,0.0805328,1021,1,1021,1021,1021
19,60,0.075722,1,0.075722,0.075722,0.075722,958,1,958,958,958
19,60,0.0361445,1,0.0361445,0.0361445,0.0361445,440,1,440,440,440
19,60,0.066914,1,0.066914,0.066914,0.066914,1037,1,1037,1037,1037
19,60,0.0335217,1,0.0335217,0.0335217,0.0335217,466,1,466,466,466
19,60,0.0165935,1,0.0165935,0.0165935,0.0165935,193,1,193,193,193
19,60,0.112839,1,0.112839,0.112839,0.112839,1461,1,1461,1461,1461
19,60,0.176744,1,0.176744,0.176744,0.176744,2565,1,2565,2565,2565
19,60,0.0590095,1,0.0590095,0.0590095,0.0590095,770,1,770,770,770
19,60,0.06057,1,0.06057,0.06057,0.06057,745,1,745,745,745
19,60,0.0809502,1,0.0809502,0.0809502,0.0809502,958,1,958,958,958
19,60,0.0190074,1,0.0190074,0.0190074,0.0190074,255,1,255,255,255
19,60,0.0564533,1,0.0564533,0.0564533,0.0564533,801,1,801,801,801
19,60,0.0315941,1,0.0315941,0.0315941,0.0315941,361,1,361,361,361
19,60,0.0357926,1,0.0357926,0.0357926,0.0357926,420,1,420,420,420
19,60,0.148005,1,0.148005,0.148005,0.148005,2245,1,2245,2245,2245
19,60,0.0839324,1,0.0839324,0.0839324,0.0839324,1091,1,1091,1091,1091
19,60,0.107562,1,0.107562,0.107562,0.107562,1265,1,1265,1265,1265
19,60,0.0740833,1,0.0740833,0.0740833,0.0740833,985,1,985,985,985
19,60,0.0790456,1,0.0790456,0.0790456,0.0790456,868,1,868,868,868
19,60,0.160253,1,0.160253,0.160253,0.160253,2291,1,2291,2291,2291
19,60,0.0603129,1,0.0603129,0.0603129,0.0603129,874,1,874,874,874
19,60,0.0547275,1,0.0547275,0.0547275,0.0547275,743,1,743,743,743
19,60,0.0286131,1,0.0286131,0.0286131,0.0286131,376,1,376,376,376
19,60,0.10635,1,0.10635,0.10635,0.10635,1335,1,1335,1335,1335
19,60,0.0585245,1,0.0585245,0.0585245,0.0585245,753,1,753,753,753
19,60,0.075752,1,0.075752,0.075752,0.075752,1155,1,1155,1155,1155
19,60,0.0305063,1,0.0305063,0.0305063,0.0305063,408,1,408,408,408
19,60,0.0209694,1,0.0209694,0.0209694,0.0209694,301,1,301,301,301
19,60,0.0727206,1,0.0727206,0.0727206,0.0727206,1228,1,1228,1228,1228
19,60,0.269848,1,0.269848,0.269848,0.269848,3820,1,3820,3820,3820
19,60,0.0887878,1,0.0887878,0.0887878,0.0887878,1109,1,1109,1109,1109
19,60,0.0870472,1,0.0870472,0.0870472,0.0870472,1280,1,1280,1280,1280
19,60,0.074153,1,0.074153,0.074153,0.074153,1064,1,1064,1064,1064
19,60,0.0199366,1,0.0199366,0.0199366,0.0199366,308,1,308,308,308
19,60,0.151815,1,0.151815,0.151815,0.151815,2111,1,2111,2111,2111
19,60,0.0256367,1,0.0256367,0.0256367,0.0256367,448,1,448,448,448
19,60,0.0152096,1,0.0152096,0.0152096,0.0152096,172,1,172,172,172
19,60,0.0551678,1,0.0551678,0.0551678,0.0551678,691,1,691,691,691
19,60,0.0321992,1,0.0321992,0.0321992,0.0321992,390,1,390,390,390
19,60,0.0516136,1,0.0516136,0.0516136,0.0516136,676,1,676,676,676
19,60,0.0543827,1,0.0543827,0.0543827,0.0543827,733,1,733,733,733
19,60,0.0431918,1,0.0431918,0.0431918,0.0431918,553,1,553,553,553
19,60,0.0449346,1,0.0449346,0.0449346,0.0449346,600,1,600,600,600
19,60,0.0237418,1,0.0237418,0.0237418,0.0237418,293,1,293,293,293
19,60,0.156689,1,0.156689,0.156689,0.156689,2114,1,2114,2114,2114
19,60,0.054886,1,0.054886,0.054886,0.054886,899,1,899,899,899
19,60,0.069803,1,0.069803,0.069803,0.069803,1061,1,1061,1061,1061
19,60,0.157781,1,0.157781,0.157781,0.157781,2019,1,2019,2019,2019
19,60,0.0446753,1,0.0446753,0.0446753,0.0446753,816,1,816,816,816
19,60,0.0268596,1,0.0268596,0.0268596,0.0268596,316,1,316,316,316
19,60,0.127578,1,0.127578,0.127578,0.127578,1836,1,1836,1836,1836
19,60,0.181312,1,0.181312,0.181312,0.181312,3426,1,3426,3426,3426
