n,p,time_total,time_count,time_mean,time_min,time_max,calls_total,calls_count,calls_mean,calls_min,calls_max
7,70,0.000279593,1,0.000279593,0.000279593,0.000279593,11,1,11,11,11
7,70,0.000138378,1,0.000138378,0.000138378,0.000138378,4,1,4,4,4
7,70,0.000225137,1,0.000225137,0.000225137,0.000225137,8,1,8,8,8
7,70,0.000161708,1,0.000161708,0.000161708,0.000161708,5,1,5,5,5
7,70,0.000262012,1,0.000262012,0.000262012,0.000262012,11,1,11,11,11
7,70,0.000220114,1,0.000220114,0.000220114,0.000220114,7,1,7,7,7
7,70,0.000135402,1,0.000135402,0.000135402,0.000135402,4,1,4,4,4
7,70,0.000358391,1,0.000358391,0.000358391,0.000358391,15,1,15,15,15
7,70,0.000149088,1,0.000149088,0.000149088,0.000149088,4,1,4,4,4
7,70,0.000126396,1,0.000126396,0.000126396,0.000126396,4,1,4,4,4
7,70,0.000227921,1,0.000227921,0.000227921,0.000227921,8,1,8,8,8
7,70,0.000143708,1,0.000143708,0.000143708,0.000143708,5,1,5,5,5
7,70,0.000254914,1,0.000254914,0.000254914,0.000254914,11,1,11,11,11
7,70,0.000304109,1,0.000304109,0.000304109,0.000304109,13,1,13,13,13
7,70,0.00014394,1,0.00014394,0.00014394,0.00014394,5,1,5,5,5
7,70,0.000260916,1,0.000260916,0.000260916,0.000260916,7,1,7,7,7
7,70,0.000143622,1,0.000143622,0.000143622,0.000143622,4,1,4,4,4
7,70,0.000142217,1,0.000142217,0.000142217,0.000142217,5,1,5,5,5
7,70,0.000116817,1,0.000116817,0.000116817,0.000116817,4,1,4,4,4
7,70,0.000278266,1,0.000278266,0.000278266,0.000278266,12,1,12,12,12
7,70,0.000159627,1,0.000159627,0.000159627,0.000159627,5,1,5,5,5
7,70,0.000311703,1,0.000311703,0.000311703,0.000311703,13,1,13,13,13
7,70,0.000131892,1,0.000131892,0.000131892,0.000131892,5,1,5,5,5
7,70,0.00018902,1,0.00018902,0.00018902,0.00018902,5,1,5,5,5
7,70,0.000252767,1,0.000252767,0.000252767,0.000252767,9,1,9,9,9
7,70,0.00014646,1,0.00014646,0.00014646,0.00014646,4,1,4,4,4
7,70,0.000373494,1,0.000373494,0.000373494,0.000373494,17,1,17,17,17
7,70,0.000226809,1,0.000226809,0.000226809,0.000226809,7,1,7,7,7
7,70,0.000222235,1,0.000222235,0.000222235,0.000222235,9,1,9,9,9
7,70,0.000232183,1,0.000232183,0.000232183,0.000232183,9,1,9,9,9
7,70,0.000232324,1,0.000232324,0.000232324,0.000232324,9,1,9,9,9
7,70,0.000140245,1,0.000140245,0.000140245,0.000140245,4,1,4,4,4
7,70,0.000224986,1,0.000224986,0.000224986,0.000224986,9,1,9,9,9
7,70,0.000175134,1,0.000175134,0.000175134,0.000175134,6,1,6,6,6
7,70,0.000118097,1,0.000118097,0.000118097,0.000118097,4,1,4,4,4
7,70,0.000211976,1,0.000211976,0.000211976,0.000211976,8,1,8,8,8
7,70,0.000125704,1,0.000125704,0.000125704,0.000125704,4,1,4,4,4
7,70,0.000143784,1,0.000143784,0.000143784,0.000143784,4,1,4,4,4
7,70,0.000257662,1,0.000257662,0.000257662,0.000257662,12,1,12,12,12
7,70,0.000141061,1,0.000141061,0.000141061,0.000141061,4,1,4,4,4
7,70,0.000171881,1,0.000171881,0.000171881,0.000171881,5,1,5,5,5
7,70,0.00013347,1,0.00013347,0.00013347,0.00013347,4,1,4,4,4
7,70,0.000194472,1,0.000194472,0.000194472,0.000194472,7,1,7,7,7
7,70,0.000250986,1,0.000250986,0.000250986,0.000250986,10,1,10,10,10
7,70,0.000135116,1,0.000135116,0.000135116,0.000135116,4,1,4,4,4
7,70,0.000131553,1,0.000131553,0.000131553,0.000131553,5,1,5,5,5
7,70,0.000130402,1,0.000130402,0.000130402,0.000130402,4,1,4,4,4
7,70,0.000199465,1,0.000199465,0.000199465,0.000199465,7,1,7,7,7
7,70,0.000183481,1,0.000183481,0.000183481,0.000183481,6,1,6,6,6
7,70,0.000328273,1,0.000328273,0.000328273,0.000328273,14,1,14,14,14
7,70,0.000164867,1,0.000164867,0.000164867,0.000164867,5,1,5,5,5
7,70,0.000210946,1,0.000210946,0.000210946,0.000210946,7,1,7,7,7
7,70,0.000219033,1,0.000219033,0.000219033,0.000219033,9,1,9,9,9
7,70,0.00019603,1,0.00019603,0.00019603,0.00019603,6,1,6,6,6
7,70,0.000181719,1,0.000181719,0.000181719,0.000181719,6,1,6,6,6
7,70,0.000194934,1,0.000194934,0.000194934,0.000194934,6,1,6,6,6
7,70,0.000173257,1,0.000173257,0.000173257,0.000173257,6,1,6,6,6
7,70,0.000184574,1,0.000184574,0.000184574,0.000184574,5,1,5,5,5
7,70,0.000184201,1,0.000184201,0.000184201,0.000184201,7,1,7,7,7
7,70,0.000256315,1,0.000256315,0.000256315,0.000256315,11,1,11,11,11
7,70,0.000111431,1,0.000111431,0.000111431,0.000111431,4,1,4,4,4
7,70,0.000208737,1,0.000208737,0.000208737,0.000208737,6,1,6,6,6
7,70,0.000134179,1,0.000134179,0.000134179,0.000134179,4,1,4,4,4
7,70,0.000205257,1,0.000205257,0.000205257,0.000205257,7,1,7,7,7
7,70,0.000185527,1,0.000185527,0.000185527,0.000185527,6,1,6,6,6
7,70,0.000206583,1,0.000206583,0.000206583,0.000206583,8,1,8,8,8
7,70,0.000202769,1,0.000202769,0.000202769,0.000202769,9,1,9,9,9
7,70,0.000133629,1,0.000133629,0.000133629,0.000133629,4,1,4,4,4
7,70,0.000191774,1,0.000191774,0.000191774,0.000191774,7,1,7,7,7
7,70,0.000255176,1,0.000255176,0.000255176,0.000255176,8,1,8,8,8
7,70,0.000198209,1,0.000198209,0.000198209,0.000198209,7,1,7,7,7
7,70,0.00016956,1,0.00016956,0.00016956,0.00016956,6,1,6,6,6
7,70,0.000137133,1,0.000137133,0.000137133,0.000137133,4,1,4,4,4
7,70,0.000141776,1,0.000141776,0.000141776,0.000141776,5,1,5,5,5
7,70,0.00020283,1,0.00020283,0.00020283,0.00020283,6,1,6,6,6
7,70,0.000318296,1,0.000318296,0.000318296,0.000318296,10,1,10,10,10
7,70,0.000216487,1,0.000216487,0.000216487,0.000216487,7,1,7,7,7
7,70,0.000128002,1,0.000128002,0.000128002,0.000128002,4,1,4,4,4
7,70,0.000347441,1,0.000347441,0.000347441,0.000347441,14,1,14,14,14
7,70,0.000192379,1,0.000192379,0.000192379,0.000192379,5,1,5,5,5
7,70,0.000193393,1,0.000193393,0.000193393,0.000193393,7,1,7,7,7
7,70,0.000258097,1,0.000258097,0.000258097,0.000258097,11,1,11,11,11
7,70,0.000129426,1,0.000129426,0.000129426,0.000129426,5,1,5,5,5
7,70,0.000122307,1,0.000122307,0.000122307,0.000122307,4,1,4,4,4
7,70,0.00023626,1,0.00023626,0.00023626,0.00023626,9,1,9,9,9
7,70,0.000328259,1,0.000328259,0.000328259,0.000328259,10,1,10,10,10
7,70,0.000176148,1,0.000176148,0.000176148,0.000176148,7,1,7,7,7
7,70,0.000224056,1,0.000224056,0.000224056,0.000224056,9,1,9,9,9
7,70,0.000148939,1,0.000148939,0.000148939,0.000148939,6,1,6,6,6
7,70,0.000181581,1,0.000181581,0.000181581,0.000181581,6,1,6,6,6
7,70,0.000297269,1,0.000297269,0.000297269,0.000297269,9,1,9,9,9
7,70,0.000379565,1,0.000379565,0.000379565,0.000379565,15,1,15,15,15
7,70,0.000161879,1,0.000161879,0.000161879,0.000161879,5,1,5,5,5
7,70,0.000122003,1,0.000122003,0.000122003,0.000122003,4,1,4,4,4
7,70,0.000293366,1,0.000293366,0.000293366,0.000293366,13,1,13,13,13
7,70,0.000141607,1,0.000141607,0.000141607,0.000141607,5,1,5,5,5
7,70,0.000240465,1,0.000240465,0.000240465,0.000240465,8,1,8,8,8
7,70,0.000158082,1,0.000158082,0.000158082,0.000158082,6,1,6,6,6
7,70,0.000220577,1,0.000220577,0.000220577,0.000220577,8,1,8,8,8
7,70,0.000172652,1,0.000172652,0.000172652,0.000172652,5,1,5,5,5
7,70,0.000156779,1,0.000156779,0.000156779,0.000156779,5,1,5,5,5
7,70,0.000216108,1,0.000216108,0.000216108,0.000216108,8,1,8,8,8
7,70,0.00033655,1,0.00033655,0.00033655,0.00033655,16,1,16,16,16
7,70,0.000146311,1,0.000146311,0.000146311,0.000146311,5,1,5,5,5
7,70,0.000197387,1,0.000197387,0.000197387,0.000197387,6,1,6,6,6
7,70,0.000131134,1,0.000131134,0.000131134,0.000131134,4,1,4,4,4
7,70,0.000259829,1,0.000259829,0.000259829,0.000259829,11,1,11,11,11
7,70,0.000125874,1,0.000125874,0.000125874,0.000125874,4,1,4,4,4
7,70,0.000212866,1,0.000212866,0.000212866,0.000212866,8,1,8,8,8
7,70,0.000118466,1,0.000118466,0.000118466,0.000118466,3,1,3,3,3
7,70,0.000133751,1,0.000133751,0.000133751,0.000133751,5,1,5,5,5
7,70,0.000298715,1,0.000298715,0.000298715,0.000298715,11,1,11,11,11
7,70,0.000231471,1,0.000231471,0.000231471,0.000231471,8,1,8,8,8
7,70,0.000137324,1,0.000137324,0.000137324,0.000137324,5,1,5,5,5
7,70,0.000156689,1,0.000156689,0.000156689,0.000156689,6,1,6,6,6
7,70,0.000192013,1,0.000192013,0.000192013,0.000192013,5,1,5,5,5
7,70,0.000144394,1,0.000144394,0.000144394,0.000144394,4,1,4,4,4
7,70,0.000114445,1,0.000114445,0.000114445,0.000114445,3,1,3,3,3
7,70,0.000121486,1,0.000121486,0.000121486,0.000121486,3,1,3,3,3
7,70,0.000141752,1,0.000141752,0.000141752,0.000141752,5,1,5,5,5
7,70,0.000280026,1,0.000280026,0.000280026,0.000280026,11,1,11,11,11
7,70,0.000329014,1,0.000329014,0.000329014,0.000329014,11,1,11,11,11
7,70,0.000198597,1,0.000198597,0.000198597,0.000198597,7,1,7,7,7
7,70,0.000226515,1,0.000226515,0.000226515,0.000226515,8,1,8,8,8
7,70,0.000146011,1,0.000146011,0.000146011,0.000146011,5,1,5,5,5
7,70,0.000141618,1,0.000141618,0.000141618,0.000141618,4,1,4,4,4
7,70,0.000390356,1,0.000390356,0.000390356,0.000390356,16,1,16,16,16
7,70,0.000209724,1,0.000209724,0.000209724,0.000209724,8,1,8,8,8
7,70,0.000219989,1,0.000219989,0.000219989,0.000219989,7,1,7,7,7
7,70,0.000117681,1,0.000117681,0.000117681,0.000117681,4,1,4,4,4
7,70,0.000142551,1,0.000142551,0.000142551,0.000142551,5,1,5,5,5
7,70,0.00018516,1,0.00018516,0.00018516,0.00018516,7,1,7,7,7
7,70,0.000139928,1,0.000139928,0.000139928,0.000139928,4,1,4,4,4
7,70,0.000215083,1,0.000215083,0.000215083,0.000215083,9,1,9,9,9
7,70,0.000265988,1,0.000265988,0.000265988,0.000265988,10,1,10,10,10
7,70,0.000146206,1,0.000146206,0.000146206,0.000146206,5,1,5,5,5
7,70,0.000157798,1,0.000157798,0.000157798,0.000157798,5,1,5,5,5
7,70,0.000241409,1,0.000241409,0.000241409,0.000241409,7,1,7,7,7
7,70,0.000273584,1,0.000273584,0.000273584,0.000273584,11,1,11,11,11
7,70,0.000112323,1,0.000112323,0.000112323,0.000112323,3,1,3,3,3
7,70,0.000261987,1,0.000261987,0.000261987,0.000261987,10,1,10,10,10
7,70,0.00013468,1,0.00013468,0.00013468,0.00013468,5,1,5,5,5
7,70,0.000173452,1,0.000173452,0.000173452,0.000173452,5,1,5,5,5
7,70,0.000130181,1,0.000130181,0.000130181,0.000130181,4,1,4,4,4
7,70,0.000181928,1,0.000181928,0.000181928,0.000181928,6,1,6,6,6
7,70,0.000316461,1,0.000316461,0.000316461,0.000316461,13,1,13,13,13
7,70,0.000138299,1,0.000138299,0.000138299,0.000138299,4,1,4,4,4
7,70,0.000275648,1,0.000275648,0.000275648,0.000275648,10,1,10,10,10
7,70,0.000151281,1,0.000151281,0.000151281,0.000151281,5,1,5,5,5
7,70,0.00019812,1,0.00019812,0.00019812,0.00019812,7,1,7,7,7
7,70,0.000147412,1,0.000147412,0.000147412,0.000147412,6,1,6,6,6
7,70,0.000289248,1,0.000289248,0.000289248,0.000289248,11,1,11,11,11
7,70,0.000193585,1,0.000193585,0.000193585,0.000193585,6,1,6,6,6
7,70,0.000288363,1,0.000288363,0.000288363,0.000288363,11,1,11,11,11
7,70,0.000190553,1,0.000190553,0.000190553,0.000190553,7,1,7,7,7
7,70,0.000212323,1,0.000212323,0.000212323,0.000212323,8,1,8,8,8
7,70,0.000217595,1,0.000217595,0.000217595,0.000217595,9,1,9,9,9
7,70,0.000137174,1,0.000137174,0.000137174,0.000137174,5,1,5,5,5
7,70,0.00018021,1,0.00018021,0.00018021,0.00018021,7,1,7,7,7
7,70,0.0001311,1,0.0001311,0.0001311,0.0001311,5,1,5,5,5
7,70,0.000259633,1,0.000259633,0.000259633,0.000259633,11,1,11,11,11
7,70,0.000186211,1,0.000186211,0.000186211,0.000186211,7,1,7,7,7
7,70,0.000189459,1,0.000189459,0.000189459,0.000189459,8,1,8,8,8
7,70,0.000204207,1,0.000204207,0.000204207,0.000204207,6,1,6,6,6
7,70,0.000252442,1,0.000252442,0.000252442,0.000252442,9,1,9,9,9
7,70,0.00014553,1,0.00014553,0.00014553,0.00014553,5,1,5,5,5
7,70,0.000205548,1,0.000205548,0.000205548,0.000205548,7,1,7,7,7
7,70,0.000310578,1,0.000310578,0.000310578,0.000310578,11,1,11,11,11
7,70,0.000152914,1,0.000152914,0.000152914,0.000152914,5,1,5,5,5
7,70,0.000235967,1,0.000235967,0.000235967,0.000235967,8,1,8,8,8
7,70,0.000157536,1,0.000157536,0.000157536,0.000157536,6,1,6,6,6
7,70,0.000150403,1,0.000150403,0.000150403,0.000150403,5,1,5,5,5
7,70,0.00027517,1,0.00027517,0.00027517,0.00027517,10,1,10,10,10
7,70,0.000139396,1,0.000139396,0.000139396,0.000139396,4,1,4,4,4
7,70,0.000135003,1,0.000135003,0.000135003,0.000135003,4,1,4,4,4
7,70,0.000200821,1,0.000200821,0.000200821,0.000200821,7,1,7,7,7
7,70,0.000285414,1,0.000285414,0.000285414,0.000285414,13,1,13,13,13
7,70,0.000230659,1,0.000230659,0.000230659,0.000230659,8,1,8,8,8
7,70,0.000142136,1,0.000142136,0.000142136,0.000142136,4,1,4,4,4
7,70,0.000258062,1,0.000258062,0.000258062,0.000258062,10,1,10,10,10
7,70,0.00017667,1,0.00017667,0.00017667,0.00017667,6,1,6,6,6
7,70,0.00023936,1,0.00023936,0.00023936,0.00023936,9,1,9,9,9
7,70,0.000201039,1,0.000201039,0.000201039,0.000201039,6,1,6,6,6
7,70,0.000141305,1,0.000141305,0.000141305,0.000141305,5,1,5,5,5
7,70,0.000209134,1,0.000209134,0.000209134,0.000209134,8,1,8,8,8
7,70,0.000351451,1,0.000351451,0.000351451,0.000351451,14,1,14,14,14
7,70,0.000134585,1,0.000134585,0.000134585,0.000134585,4,1,4,4,4
7,70,0.000133742,1,0.000133742,0.000133742,0.000133742,4,1,4,4,4
7,70,0.00017655,1,0.00017655,0.00017655,0.00017655,6,1,6,6,6
7,70,0.000276697,1,0.000276697,0.000276697,0.000276697,8,1,8,8,8
7,70,0.000156494,1,0.000156494,0.000156494,0.000156494,5,1,5,5,5
7,70,0.000118477,1,0.000118477,0.000118477,0.000118477,4,1,4,4,4
7,70,0.000308361,1,0.000308361,0.000308361,0.000308361,10,1,10,10,10
7,70,0.000152428,1,0.000152428,0.000152428,0.000152428,6,1,6,6,6
7,70,0.000137398,1,0.000137398,0.000137398,0.000137398,4,1,4,4,4
7,70,0.000174149,1,0.000174149,0.000174149,0.000174149,7,1,7,7,7
7,70,0.000214434,1,0.000214434,0.000214434,0.000214434,8,1,8,8,8
7,70,0.000194512,1,0.000194512,0.000194512,0.000194512,7,1,7,7,7
7,70,0.000168042,1,0.000168042,0.000168042,0.000168042,5,1,5,5,5
7,70,0.000269309,1,0.000269309,0.000269309,0.000269309,11,1,11,11,11
7,70,0.000174139,1,0.000174139,0.000174139,0.000174139,6,1,6,6,6
7,70,0.000194487,1,0.000194487,0.000194487,0.000194487,7,1,7,7,7
7,70,0.00026899,1,0.00026899,0.00026899,0.00026899,10,1,10,10,10
7,70,0.000347616,1,0.000347616,0.000347616,0.000347616,13,1,13,13,13
7,70,0.000260728,1,0.000260728,0.000260728,0.000260728,10,1,10,10,10
7,70,0.000137855,1,0.000137855,0.000137855,0.000137855,5,1,5,5,5
7,70,0.000151243,1,0.000151243,0.000151243,0.000151243,4,1,4,4,4
7,70,0.000201211,1,0.000201211,0.000201211,0.000201211,8,1,8,8,8
7,70,0.000190822,1,0.000190822,0.000190822,0.000190822,8,1,8,8,8
7,70,0.000129578,1,0.000129578,0.000129578,0.000129578,5,1,5,5,5
7,70,0.000179206,1,0.000179206,0.000179206,0.000179206,7,1,7,7,7
7,70,0.000135381,1,0.000135381,0.000135381,0.000135381,4,1,4,4,4
7,70,0.000195666,1,0.000195666,0.000195666,0.000195666,6,1,6,6,6
7,70,0.000137417,1,0.000137417,0.000137417,0.000137417,4,1,4,4,4
7,70,0.000222889,1,0.000222889,0.000222889,0.000222889,8,1,8,8,8
7,70,0.000119778,1,0.000119778,0.000119778,0.000119778,3,1,3,3,3
7,70,0.000273776,1,0.000273776,0.000273776,0.000273776,10,1,10,10,10
7,70,0.00012668,1,0.00012668,0.00012668,0.00012668,4,1,4,4,4
7,70,0.000130701,1,0.000130701,0.000130701,0.000130701,4,1,4,4,4
7,70,0.000145109,1,0.000145109,0.000145109,0.000145109,4,1,4,4,4
7,70,0.000142454,1,0.000142454,0.000142454,0.000142454,5,1,5,5,5
7,70,0.000152747,1,0.000152747,0.000152747,0.000152747,5,1,5,5,5
7,70,0.000164778,1,0.000164778,0.000164778,0.000164778,5,1,5,5,5
7,70,0.000136072,1,0.000136072,0.000136072,0.000136072,4,1,4,4,4
7,70,0.000125666,1,0.000125666,0.000125666,0.000125666,4,1,4,4,4
7,70,0.000234533,1,0.000234533,0.000234533,0.000234533,8,1,8,8,8
7,70,0.000263826,1,0.000263826,0.000263826,0.000263826,12,1,12,12,12
7,70,0.00011707,1,0.00011707,0.00011707,0.00011707,4,1,4,4,4
7,70,0.000134049,1,0.000134049,0.000134049,0.000134049,5,1,5,5,5
7,70,0.000207016,1,0.000207016,0.000207016,0.000207016,7,1,7,7,7
7,70,0.000128914,1,0.000128914,0.000128914,0.000128914,5,1,5,5,5
7,70,0.000156657,1,0.000156657,0.000156657,0.000156657,5,1,5,5,5
7,70,0.000149144,1,0.000149144,0.000149144,0.000149144,5,1,5,5,5
7,70,0.000261026,1,0.000261026,0.000261026,0.000261026,9,1,9,9,9
7,70,0.000140966,1,0.000140966,0.000140966,0.000140966,4,1,4,4,4
7,70,0.000112051,1,0.000112051,0.000112051,0.000112051,3,1,3,3,3
7,70,0.000204205,1,0.000204205,0.000204205,0.000204205,7,1,7,7,7
7,70,0.000225974,1,0.000225974,0.000225974,0.000225974,10,1,10,10,10
7,70,0.000205129,1,0.000205129,0.000205129,0.000205129,8,1,8,8,8
7,70,0.000214388,1,0.000214388,0.000214388,0.000214388,8,1,8,8,8
7,70,0.000181331,1,0.000181331,0.000181331,0.000181331,6,1,6,6,6
7,70,0.000358588,1,0.000358588,0.000358588,0.000358588,14,1,14,14,14
7,70,0.00013602,1,0.00013602,0.00013602,0.00013602,5,1,5,5,5
7,70,0.000275652,1,0.000275652,0.000275652,0.000275652,10,1,10,10,10
7,70,0.000191402,1,0.000191402,0.000191402,0.000191402,6,1,6,6,6
7,70,0.000248036,1,0.000248036,0.000248036,0.000248036,11,1,11,11,11
7,70,0.000203321,1,0.000203321,0.000203321,0.000203321,7,1,7,7,7
7,70,0.000258691,1,0.000258691,0.000258691,0.000258691,12,1,12,12,12
7,70,0.000294866,1,0.000294866,0.000294866,0.000294866,9,1,9,9,9
7,70,0.000319547,1,0.000319547,0.000319547,0.000319547,12,1,12,12,12
7,70,0.000214827,1,0.000214827,0.000214827,0.000214827,8,1,8,8,8
7,70,0.000312962,1,0.000312962,0.000312962,0.000312962,15,1,15,15,15
7,70,0.000188315,1,0.000188315,0.000188315,0.000188315,6,1,6,6,6
7,70,0.000260316,1,0.000260316,0.000260316,0.000260316,11,1,11,11,11
7,70,0.00013207,1,0.00013207,0.00013207,0.00013207,4,1,4,4,4
7,70,0.000319,1,0.000319,0.000319,0.000319,14,1,14,14,14
7,70,0.000241543,1,0.000241543,0.000241543,0.000241543,9,1,9,9,9
7,70,0.000282254,1,0.000282254,0.000282254,0.000282254,11,1,11,11,11
7,70,0.0001933,1,0.0001933,0.0001933,0.0001933,7,1,7,7,7
7,70,0.000238521,1,0.000238521,0.000238521,0.000238521,7,1,7,7,7
7,70,0.000129923,1,0.000129923,0.000129923,0.000129923,4,1,4,4,4
7,70,0.000249918,1,0.000249918,0.000249918,0.000249918,9,1,9,9,9
7,70,0.000236282,1,0.000236282,0.000236282,0.000236282,9,1,9,9,9
7,70,0.000232515,1,0.000232515,0.000232515,0.000232515,8,1,8,8,8
7,70,0.000155493,1,0.000155493,0.000155493,0.000155493,5,1,5,5,5
7,70,0.000138774,1,0.000138774,0.000138774,0.000138774,5,1,5,5,5
7,70,0.000267823,1,0.000267823,0.000267823,0.000267823,11,1,11,11,11
7,70,0.000232738,1,0.000232738,0.000232738,0.000232738,8,1,8,8,8
7,70,0.000230959,1,0.000230959,0.000230959,0.000230959,8,1,8,8,8
7,70,0.000137981,1,0.000137981,0.000137981,0.000137981,5,1,5,5,5
7,70,0.000188303,1,0.000188303,0.000188303,0.000188303,7,1,7,7,7
7,70,0.000148931,1,0.000148931,0.000148931,0.000148931,5,1,5,5,5
7,70,0.000195807,1,0.000195807,0.000195807,0.000195807,7,1,7,7,7
7,70,0.000266665,1,0.000266665,0.000266665,0.000266665,9,1,9,9,9
7,70,0.00022375,1,0.00022375,0.00022375,0.00022375,9,1,9,9,9
7,70,0.000141748,1,0.000141748,0.000141748,0.000141748,5,1,5,5,5
7,70,0.000129899,1,0.000129899,0.000129899,0.000129899,4,1,4,4,4
7,70,0.000144093,1,0.000144093,0.000144093,0.000144093,6,1,6,6,6
7,70,0.000246971,1,0.000246971,0.000246971,0.000246971,10,1,10,10,10
7,70,0.000198193,1,0.000198193,0.000198193,0.000198193,7,1,7,7,7
7,70,0.000269605,1,0.000269605,0.000269605,0.000269605,11,1,11,11,11
7,70,0.000207417,1,0.000207417,0.000207417,0.000207417,7,1,7,7,7
7,70,0.000375126,1,0.000375126,0.000375126,0.000375126,14,1,14,14,14
7,70,0.000209972,1,0.000209972,0.000209972,0.000209972,8,1,8,8,8
7,70,0.000214169,1,0.000214169,0.000214169,0.000214169,7,1,7,7,7
7,70,0.000181738,1,0.000181738,0.000181738,0.000181738,6,1,6,6,6
7,70,0.000200089,1,0.000200089,0.000200089,0.000200089,6,1,6,6,6
7,70,0.000128601,1,0.000128601,0.000128601,0.000128601,4,1,4,4,4
7,70,0.000187084,1,0.000187084,0.000187084,0.000187084,7,1,7,7,7
7,70,0.00037874,1,0.00037874,0.00037874,0.00037874,14,1,14,14,14
7,70,0.000151863,1,0.000151863,0.000151863,0.000151863,5,1,5,5,5
7,70,0.000275756,1,0.000275756,0.000275756,0.000275756,10,1,10,10,10
7,70,0.000257755,1,0.000257755,0.000257755,0.000257755,10,1,10,10,10
7,70,0.000317377,1,0.000317377,0.000317377,0.000317377,13,1,13,13,13
7,70,0.000161888,1,0.000161888,0.000161888,0.000161888,5,1,5,5,5
7,70,0.000149244,1,0.000149244,0.000149244,0.000149244,5,1,5,5,5
7,70,0.000229152,1,0.000229152,0.000229152,0.000229152,9,1,9,9,9
7,70,0.000258975,1,0.000258975,0.000258975,0.000258975,10,1,10,10,10
7,70,0.000141033,1,0.000141033,0.000141033,0.000141033,5,1,5,5,5
7,70,0.000201928,1,0.000201928,0.000201928,0.000201928,8,1,8,8,8
7,70,0.000167938,1,0.000167938,0.000167938,0.000167938,6,1,6,6,6
7,70,0.000137244,1,0.000137244,0.000137244,0.000137244,5,1,5,5,5
7,70,0.000121303,1,0.000121303,0.000121303,0.000121303,4,1,4,4,4
7,70,0.00015453,1,0.00015453,0.00015453,0.00015453,5,1,5,5,5
7,70,0.000264478,1,0.000264478,0.000264478,0.000264478,11,1,11,11,11
7,70,0.000293831,1,0.000293831,0.000293831,0.000293831,13,1,13,13,13
7,70,0.000131414,1,0.000131414,0.000131414,0.000131414,4,1,4,4,4
7,70,0.000149968,1,0.000149968,0.000149968,0.000149968,5,1,5,5,5
7,70,0.000181761,1,0.000181761,0.000181761,0.000181761,6,1,6,6,6
7,70,0.000139954,1,0.000139954,0.000139954,0.000139954,5,1,5,5,5
7,70,0.000200183,1,0.000200183,0.000200183,0.000200183,8,1,8,8,8
7,70,0.000193218,1,0.000193218,0.000193218,0.000193218,7,1,7,7,7
7,70,0.000200944,1,0.000200944,0.000200944,0.000200944,7,1,7,7,7
7,70,0.00025783,1,0.00025783,0.00025783,0.00025783,10,1,10,10,10
7,70,0.000124345,1,0.000124345,0.000124345,0.000124345,3,1,3,3,3
7,70,0.000140298,1,0.000140298,0.000140298,0.000140298,5,1,5,5,5
7,70,0.000192076,1,0.000192076,0.000192076,0.000192076,6,1,6,6,6
7,70,0.000372272,1,0.000372272,0.000372272,0.000372272,17,1,17,17,17
7,70,0.000528489,1,0.000528489,0.000528489,0.000528489,26,1,26,26,26
7,70,0.000320625,1,0.000320625,0.000320625,0.000320625,12,1,12,12,12
7,70,0.000147554,1,0.000147554,0.000147554,0.000147554,4,1,4,4,4
7,70,0.000144007,1,0.000144007,0.000144007,0.000144007,4,1,4,4,4
7,70,0.000158356,1,0.000158356,0.000158356,0.000158356,6,1,6,6,6
7,70,0.000230152,1,0.000230152,0.000230152,0.000230152,9,1,9,9,9
7,70,0.000293847,1,0.000293847,0.000293847,0.000293847,11,1,11,11,11
7,70,0.000234185,1,0.000234185,0.000234185,0.000234185,9,1,9,9,9
7,70,0.000165379,1,0.000165379,0.000165379,0.000165379,6,1,6,6,6
7,70,0.000129891,1,0.000129891,0.000129891,0.000129891,5,1,5,5,5
7,70,0.00018407,1,0.00018407,0.00018407,0.00018407,6,1,6,6,6
7,70,0.000202697,1,0.000202697,0.000202697,0.000202697,6,1,6,6,6
7,70,0.000259182,1,0.000259182,0.000259182,0.000259182,10,1,10,10,10
7,70,0.000264414,1,0.000264414,0.000264414,0.000264414,10,1,10,10,10
7,70,0.000136656,1,0.000136656,0.000136656,0.000136656,4,1,4,4,4
7,70,0.000349791,1,0.000349791,0.000349791,0.000349791,12,1,12,12,12
7,70,0.000129143,1,0.000129143,0.000129143,0.000129143,4,1,4,4,4
7,70,0.00014223,1,0.00014223,0.00014223,0.00014223,5,1,5,5,5
7,70,0.000186756,1,0.000186756,0.000186756,0.000186756,8,1,8,8,8
7,70,0.000308018,1,0.000308018,0.000308018,0.000308018,13,1,13,13,13
7,70,0.000208778,1,0.000208778,0.000208778,0.000208778,9,1,9,9,9
7,70,0.000133539,1,0.000133539,0.000133539,0.000133539,5,1,5,5,5
7,70,0.000155713,1,0.000155713,0.000155713,0.000155713,5,1,5,5,5
7,70,0.000135082,1,0.000135082,0.000135082,0.000135082,5,1,5,5,5
7,70,0.000201081,1,0.000201081,0.000201081,0.000201081,7,1,7,7,7
7,70,0.000209582,1,0.000209582,0.000209582,0.000209582,8,1,8,8,8
7,70,0.000299024,1,0.000299024,0.000299024,0.000299024,12,1,12,12,12
7,70,0.000247932,1,0.000247932,0.000247932,0.000247932,8,1,8,8,8
7,70,0.000188881,1,0.000188881,0.000188881,0.000188881,6,1,6,6,6
7,70,0.000259361,1,0.000259361,0.000259361,0.000259361,11,1,11,11,11
7,70,0.000217176,1,0.000217176,0.000217176,0.000217176,7,1,7,7,7
7,70,0.000213001,1,0.000213001,0.000213001,0.000213001,7,1,7,7,7
7,70,0.000214421,1,0.000214421,0.000214421,0.000214421,9,1,9,9,9
7,70,0.000133868,1,0.000133868,0.000133868,0.000133868,5,1,5,5,5
7,70,0.000136014,1,0.000136014,0.000136014,0.000136014,4,1,4,4,4
7,70,0.000207131,1,0.000207131,0.000207131,0.000207131,7,1,7,7,7
7,70,0.000139534,1,0.000139534,0.000139534,0.000139534,5,1,5,5,5
7,70,0.000134761,1,0.000134761,0.000134761,0.000134761,4,1,4,4,4
7,70,0.000155874,1,0.000155874,0.000155874,0.000155874,5,1,5,5,5
7,70,0.000122935,1,0.000122935,0.000122935,0.000122935,4,1,4,4,4
7,70,0.000309846,1,0.000309846,0.000309846,0.000309846,10,1,10,10,10
7,70,0.000148339,1,0.000148339,0.000148339,0.000148339,5,1,5,5,5
7,70,0.00027482,1,0.00027482,0.00027482,0.00027482,10,1,10,10,10
7,70,0.000290093,1,0.000290093,0.000290093,0.000290093,12,1,12,12,12
7,70,0.000202507,1,0.000202507,0.000202507,0.000202507,9,1,9,9,9
7,70,0.000181088,1,0.000181088,0.000181088,0.000181088,7,1,7,7,7
7,70,0.000273441,1,0.000273441,0.000273441,0.000273441,10,1,10,10,10
7,70,0.000282597,1,0.000282597,0.000282597,0.000282597,9,1,9,9,9
7,70,0.000139991,1,0.000139991,0.000139991,0.000139991,4,1,4,4,4
7,70,0.000117994,1,0.000117994,0.000117994,0.000117994,3,1,3,3,3
7,70,0.000137234,1,0.000137234,0.000137234,0.000137234,5,1,5,5,5
7,70,0.000138369,1,0.000138369,0.000138369,0.000138369,4,1,4,4,4
7,70,0.00019842,1,0.00019842,0.00019842,0.00019842,7,1,7,7,7
7,70,0.000216971,1,0.000216971,0.000216971,0.000216971,8,1,8,8,8
7,70,0.000160188,1,0.000160188,0.000160188,0.000160188,5,1,5,5,5
7,70,0.000192554,1,0.000192554,0.000192554,0.000192554,7,1,7,7,7
7,70,0.000265636,1,0.000265636,0.000265636,0.000265636,11,1,11,11,11
7,70,0.000251267,1,0.000251267,0.000251267,0.000251267,9,1,9,9,9
7,70,0.000178055,1,0.000178055,0.000178055,0.000178055,4,1,4,4,4
7,70,0.000216195,1,0.000216195,0.000216195,0.000216195,8,1,8,8,8
7,70,0.000132719,1,0.000132719,0.000132719,0.000132719,4,1,4,4,4
7,70,0.000135384,1,0.000135384,0.000135384,0.000135384,4,1,4,4,4
7,70,0.000139598,1,0.000139598,0.000139598,0.000139598,4,1,4,4,4
7,70,0.000169262,1,0.000169262,0.000169262,0.000169262,6,1,6,6,6
7,70,0.000144026,1,0.000144026,0.000144026,0.000144026,4,1,4,4,4
7,70,0.000423575,1,0.000423575,0.000423575,0.000423575,19,1,19,19,19
7,70,0.000229551,1,0.000229551,0.000229551,0.000229551,7,1,7,7,7
7,70,0.000224346,1,0.000224346,0.000224346,0.000224346,8,1,8,8,8
7,70,0.000117842,1,0.000117842,0.000117842,0.000117842,3,1,3,3,3
7,70,0.000214054,1,0.000214054,0.000214054,0.000214054,8,1,8,8,8
7,70,0.000130661,1,0.000130661,0.000130661,0.000130661,4,1,4,4,4
7,70,0.000322535,1,0.000322535,0.000322535,0.000322535,13,1,13,13,13
7,70,0.000147015,1,0.000147015,0.000147015,0.000147015,5,1,5,5,5
7,70,0.000296472,1,0.000296472,0.000296472,0.000296472,10,1,10,10,10
7,70,0.000167779,1,0.000167779,0.000167779,0.000167779,6,1,6,6,6
7,70,0.00013264,1,0.00013264,0.00013264,0.00013264,4,1,4,4,4
7,70,0.000225803,1,0.000225803,0.000225803,0.000225803,6,1,6,6,6
7,70,0.000179985,1,0.000179985,0.000179985,0.000179985,5,1,5,5,5
7,70,0.000255906,1,0.000255906,0.000255906,0.000255906,11,1,11,11,11
7,70,0.000192673,1,0.000192673,0.000192673,0.000192673,6,1,6,6,6
7,70,0.000285386,1,0.000285386,0.000285386,0.000285386,12,1,12,12,12
7,70,0.000176155,1,0.000176155,0.000176155,0.000176155,6,1,6,6,6
7,70,0.000259654,1,0.000259654,0.000259654,0.000259654,9,1,9,9,9
7,70,0.000123825,1,0.000123825,0.000123825,0.000123825,3,1,3,3,3
7,70,0.00016202,1,0.00016202,0.00016202,0.00016202,3,1,3,3,3
7,70,0.000187757,1,0.000187757,0.000187757,0.000187757,7,1,7,7,7
7,70,0.000217184,1,0.000217184,0.000217184,0.000217184,9,1,9,9,9
7,70,0.000151794,1,0.000151794,0.000151794,0.000151794,5,1,5,5,5
7,70,0.000141445,1,0.000141445,0.000141445,0.000141445,5,1,5,5,5
7,70,0.000328783,1,0.000328783,0.000328783,0.000328783,13,1,13,13,13
7,70,0.000166382,1,0.000166382,0.000166382,0.000166382,4,1,4,4,4
7,70,0.00021507,1,0.00021507,0.00021507,0.00021507,9,1,9,9,9
7,70,0.000138707,1,0.000138707,0.000138707,0.000138707,4,1,4,4,4
7,70,0.000135109,1,0.000135109,0.000135109,0.000135109,4,1,4,4,4
7,70,0.000144945,1,0.000144945,0.000144945,0.000144945,5,1,5,5,5
7,70,0.000142107,1,0.000142107,0.000142107,0.000142107,4,1,4,4,4
7,70,0.000266977,1,0.000266977,0.000266977,0.000266977,11,1,11,11,11
7,70,0.000142531,1,0.000142531,0.000142531,0.000142531,5,1,5,5,5
7,70,0.000151616,1,0.000151616,0.000151616,0.000151616,5,1,5,5,5
7,70,0.0001208,1,0.0001208,0.0001208,0.0001208,3,1,3,3,3
7,70,0.00020581,1,0.00020581,0.00020581,0.00020581,6,1,6,6,6
7,70,0.000166422,1,0.000166422,0.000166422,0.000166422,4,1,4,4,4
7,70,0.000137114,1,0.000137114,0.000137114,0.000137114,5,1,5,5,5
7,70,0.000203552,1,0.000203552,0.000203552,0.000203552,8,1,8,8,8
7,70,0.000207463,1,0.000207463,0.000207463,0.000207463,7,1,7,7,7
7,70,0.000206434,1,0.000206434,0.000206434,0.000206434,6,1,6,6,6
7,70,0.00028576,1,0.00028576,0.00028576,0.00028576,8,1,8,8,8
7,70,0.000171648,1,0.000171648,0.000171648,0.000171648,5,1,5,5,5
7,70,0.000343911,1,0.000343911,0.000343911,0.000343911,15,1,15,15,15
7,70,0.000243369,1,0.000243369,0.000243369,0.000243369,8,1,8,8,8
7,70,0.000193137,1,0.000193137,0.000193137,0.000193137,6,1,6,6,6
7,70,0.000377249,1,0.000377249,0.000377249,0.000377249,17,1,17,17,17
7,70,0.000186248,1,0.000186248,0.000186248,0.000186248,7,1,7,7,7
7,70,0.000283514,1,0.000283514,0.000283514,0.000283514,11,1,11,11,11
7,70,0.000244397,1,0.000244397,0.000244397,0.000244397,10,1,10,10,10
7,70,0.000194344,1,0.000194344,0.000194344,0.000194344,7,1,7,7,7
7,70,0.00020905,1,0.00020905,0.00020905,0.00020905,7,1,7,7,7
7,70,0.000136623,1,0.000136623,0.000136623,0.000136623,4,1,4,4,4
7,70,0.000161923,1,0.000161923,0.000161923,0.000161923,7,1,7,7,7
7,70,0.000130448,1,0.000130448,0.000130448,0.000130448,4,1,4,4,4
7,70,0.000138426,1,0.000138426,0.000138426,0.000138426,4,1,4,4,4
7,70,0.000125505,1,0.000125505,0.000125505,0.000125505,4,1,4,4,4
7,70,0.000304644,1,0.000304644,0.000304644,0.000304644,12,1,12,12,12
7,70,0.000193348,1,0.000193348,0.000193348,0.000193348,7,1,7,7,7
7,70,0.00020406,1,0.00020406,0.00020406,0.00020406,7,1,7,7,7
7,70,0.000177633,1,0.000177633,0.000177633,0.000177633,6,1,6,6,6
7,70,0.000238273,1,0.000238273,0.000238273,0.000238273,10,1,10,10,10
7,70,0.000335054,1,0.000335054,0.000335054,0.000335054,12,1,12,12,12
7,70,0.000134687,1,0.000134687,0.000134687,0.000134687,5,1,5,5,5
7,70,0.000138969,1,0.000138969,0.000138969,0.000138969,6,1,6,6,6
7,70,0.000341398,1,0.000341398,0.000341398,0.000341398,14,1,14,14,14
7,70,0.000152158,1,0.000152158,0.000152158,0.000152158,6,1,6,6,6
7,70,0.000219334,1,0.000219334,0.000219334,0.000219334,7,1,7,7,7
7,70,0.000263277,1,0.000263277,0.000263277,0.000263277,10,1,10,10,10
7,70,0.000134,1,0.000134,0.000134,0.000134,4,1,4,4,4
7,70,0.000119761,1,0.000119761,0.000119761,0.000119761,3,1,3,3,3
7,70,0.00030494,1,0.00030494,0.00030494,0.00030494,14,1,14,14,14
7,70,0.000162961,1,0.000162961,0.000162961,0.000162961,6,1,6,6,6
7,70,0.000148342,1,0.000148342,0.000148342,0.000148342,4,1,4,4,4
7,70,0.000315737,1,0.000315737,0.000315737,0.000315737,14,1,14,14,14
7,70,0.000147305,1,0.000147305,0.000147305,0.000147305,4,1,4,4,4
7,70,0.000141163,1,0.000141163,0.000141163,0.000141163,5,1,5,5,5
7,70,0.00027457,1,0.00027457,0.00027457,0.00027457,9,1,9,9,9
7,70,0.00014296,1,0.00014296,0.00014296,0.00014296,3,1,3,3,3
7,70,0.000190478,1,0.000190478,0.000190478,0.000190478,7,1,7,7,7
7,70,0.000132285,1,0.000132285,0.000132285,0.000132285,4,1,4,4,4
7,70,0.000246835,1,0.000246835,0.000246835,0.000246835,9,1,9,9,9
7,70,0.000280627,1,0.000280627,0.000280627,0.000280627,10,1,10,10,10
7,70,0.000143123,1,0.000143123,0.000143123,0.000143123,5,1,5,5,5
7,70,0.000139321,1,0.000139321,0.000139321,0.000139321,4,1,4,4,4
7,70,0.000139784,1,0.000139784,0.000139784,0.000139784,4,1,4,4,4
7,70,0.000233495,1,0.000233495,0.000233495,0.000233495,7,1,7,7,7
7,70,0.000225898,1,0.000225898,0.000225898,0.000225898,8,1,8,8,8
7,70,0.000299074,1,0.000299074,0.000299074,0.000299074,8,1,8,8,8
7,70,0.000206999,1,0.000206999,0.000206999,0.000206999,7,1,7,7,7
7,70,0.000135344,1,0.000135344,0.000135344,0.000135344,4,1,4,4,4
7,70,0.000196441,1,0.000196441,0.000196441,0.000196441,7,1,7,7,7
7,70,0.000216472,1,0.000216472,0.000216472,0.000216472,7,1,7,7,7
7,70,0.0001338,1,0.0001338,0.0001338,0.0001338,5,1,5,5,5
7,70,0.000173331,1,0.000173331,0.000173331,0.000173331,5,1,5,5,5
7,70,0.000118398,1,0.000118398,0.000118398,0.000118398,4,1,4,4,4
7,70,0.00020147,1,0.00020147,0.00020147,0.00020147,7,1,7,7,7
7,70,0.000144841,1,0.000144841,0.000144841,0.000144841,5,1,5,5,5
7,70,0.000144039,1,0.000144039,0.000144039,0.000144039,5,1,5,5,5
7,70,0.000129276,1,0.000129276,0.000129276,0.000129276,5,1,5,5,5
7,70,0.000302676,1,0.000302676,0.000302676,0.000302676,11,1,11,11,11
7,70,0.000141479,1,0.000141479,0.000141479,0.000141479,5,1,5,5,5
7,70,0.000222785,1,0.000222785,0.000222785,0.000222785,9,1,9,9,9
7,70,0.000148284,1,0.000148284,0.000148284,0.000148284,5,1,5,5,5
7,70,0.000218789,1,0.000218789,0.000218789,0.000218789,9,1,9,9,9
7,70,0.000136641,1,0.000136641,0.000136641,0.000136641,5,1,5,5,5
7,70,0.000283036,1,0.000283036,0.000283036,0.000283036,10,1,10,10,10
7,70,0.00030843,1,0.00030843,0.00030843,0.00030843,12,1,12,12,12
7,70,0.000130014,1,0.000130014,0.000130014,0.000130014,3,1,3,3,3
7,70,0.000363595,1,0.000363595,0.000363595,0.000363595,13,1,13,13,13
7,70,0.000262346,1,0.000262346,0.000262346,0.000262346,9,1,9,9,9
7,70,0.000163184,1,0.000163184,0.000163184,0.000163184,5,1,5,5,5
7,70,0.000137829,1,0.000137829,0.000137829,0.000137829,5,1,5,5,5
7,70,0.000274134,1,0.000274134,0.000274134,0.000274134,9,1,9,9,9
7,70,0.000263451,1,0.000263451,0.000263451,0.000263451,9,1,9,9,9
7,70,0.000218723,1,0.000218723,0.000218723,0.000218723,8,1,8,8,8
7,70,0.000169395,1,0.000169395,0.000169395,0.000169395,5,1,5,5,5
7,70,0.000181596,1,0.000181596,0.000181596,0.000181596,5,1,5,5,5
7,70,0.000141315,1,0.000141315,0.000141315,0.000141315,4,1,4,4,4
7,70,0.000194593,1,0.000194593,0.000194593,0.000194593,7,1,7,7,7
7,70,0.00024723,1,0.00024723,0.00024723,0.00024723,8,1,8,8,8
7,70,0.000131466,1,0.000131466,0.000131466,0.000131466,4,1,4,4,4
7,70,0.000149614,1,0.000149614,0.000149614,0.000149614,4,1,4,4,4
7,70,0.000123177,1,0.000123177,0.000123177,0.000123177,4,1,4,4,4
7,70,0.000127895,1,0.000127895,0.000127895,0.000127895,5,1,5,5,5
7,70,0.000240616,1,0.000240616,0.000240616,0.000240616,7,1,7,7,7
7,70,0.000213825,1,0.000213825,0.000213825,0.000213825,8,1,8,8,8
7,70,0.000279915,1,0.000279915,0.000279915,0.000279915,11,1,11,11,11
7,70,0.000316727,1,0.000316727,0.000316727,0.000316727,12,1,12,12,12
7,70,0.000141891,1,0.000141891,0.000141891,0.000141891,5,1,5,5,5
7,70,0.000140518,1,0.000140518,0.000140518,0.000140518,5,1,5,5,5
7,70,0.000310364,1,0.000310364,0.000310364,0.000310364,11,1,11,11,11
7,70,0.000180737,1,0.000180737,0.000180737,0.000180737,6,1,6,6,6
7,70,0.000273064,1,0.000273064,0.000273064,0.000273064,10,1,10,10,10
7,70,0.00022723,1,0.00022723,0.00022723,0.00022723,9,1,9,9,9
7,70,0.000291477,1,0.000291477,0.000291477,0.000291477,10,1,10,10,10
7,70,0.000123499,1,0.000123499,0.000123499,0.000123499,4,1,4,4,4
7,70,0.000116749,1,0.000116749,0.000116749,0.000116749,4,1,4,4,4
7,70,0.000185677,1,0.000185677,0.000185677,0.000185677,7,1,7,7,7
7,70,0.000290836,1,0.000290836,0.000290836,0.000290836,13,1,13,13,13
7,70,0.000136233,1,0.000136233,0.000136233,0.000136233,5,1,5,5,5
7,70,0.000127689,1,0.000127689,0.000127689,0.000127689,4,1,4,4,4
7,70,0.000200849,1,0.000200849,0.000200849,0.000200849,8,1,8,8,8
7,70,0.000384837,1,0.000384837,0.000384837,0.000384837,16,1,16,16,16
7,70,0.000143078,1,0.000143078,0.000143078,0.000143078,5,1,5,5,5
7,70,0.000111969,1,0.000111969,0.000111969,0.000111969,3,1,3,3,3
7,70,0.000266459,1,0.000266459,0.000266459,0.000266459,8,1,8,8,8
7,70,0.000195846,1,0.000195846,0.000195846,0.000195846,6,1,6,6,6
7,70,0.000125154,1,0.000125154,0.000125154,0.000125154,4,1,4,4,4
7,70,0.000291463,1,0.000291463,0.000291463,0.000291463,12,1,12,12,12
7,70,0.000358814,1,0.000358814,0.000358814,0.000358814,14,1,14,14,14
7,70,0.000211702,1,0.000211702,0.000211702,0.000211702,6,1,6,6,6
7,70,0.00019053,1,0.00019053,0.00019053,0.00019053,7,1,7,7,7
7,70,0.000192016,1,0.000192016,0.000192016,0.000192016,8,1,8,8,8
7,70,0.000247831,1,0.000247831,0.000247831,0.000247831,9,1,9,9,9
7,70,0.000204821,1,0.000204821,0.000204821,0.000204821,7,1,7,7,7
7,70,0.000210661,1,0.000210661,0.000210661,0.000210661,7,1,7,7,7
7,70,0.00024667,1,0.00024667,0.00024667,0.00024667,9,1,9,9,9
7,70,0.000171755,1,0.000171755,0.000171755,0.000171755,6,1,6,6,6
7,70,0.000203638,1,0.000203638,0.000203638,0.000203638,8,1,8,8,8
7,70,0.000245649,1,0.000245649,0.000245649,0.000245649,10,1,10,10,10
7,70,0.000125339,1,0.000125339,0.000125339,0.000125339,4,1,4,4,4
7,70,0.000124188,1,0.000124188,0.000124188,0.000124188,4,1,4,4,4
7,70,0.000162487,1,0.000162487,0.000162487,0.000162487,5,1,5,5,5
7,70,0.000221802,1,0.000221802,0.000221802,0.000221802,9,1,9,9,9
7,70,0.00022426,1,0.00022426,0.00022426,0.00022426,9,1,9,9,9
7,70,0.000141345,1,0.000141345,0.000141345,0.000141345,5,1,5,5,5
7,70,0.000139591,1,0.000139591,0.000139591,0.000139591,5,1,5,5,5
7,70,0.000217299,1,0.000217299,0.000217299,0.000217299,8,1,8,8,8
7,70,0.000162588,1,0.000162588,0.000162588,0.000162588,6,1,6,6,6
7,70,0.000200404,1,0.000200404,0.000200404,0.000200404,8,1,8,8,8
7,70,0.000147932,1,0.000147932,0.000147932,0.000147932,6,1,6,6,6
7,70,0.000137975,1,0.000137975,0.000137975,0.000137975,4,1,4,4,4
7,70,0.000261484,1,0.000261484,0.000261484,0.000261484,10,1,10,10,10
7,70,0.000154697,1,0.000154697,0.000154697,0.000154697,5,1,5,5,5
7,70,0.000145696,1,0.000145696,0.000145696,0.000145696,4,1,4,4,4
7,70,0.00013707,1,0.00013707,0.00013707,0.00013707,4,1,4,4,4
7,70,0.000258021,1,0.000258021,0.000258021,0.000258021,9,1,9,9,9
7,70,0.000272508,1,0.000272508,0.000272508,0.000272508,10,1,10,10,10
7,70,0.000268871,1,0.000268871,0.000268871,0.000268871,12,1,12,12,12
7,70,0.000121817,1,0.000121817,0.000121817,0.000121817,4,1,4,4,4
7,70,0.000141374,1,0.000141374,0.000141374,0.000141374,4,1,4,4,4
7,70,0.000152626,1,0.000152626,0.000152626,0.000152626,5,1,5,5,5
7,70,0.000213081,1,0.000213081,0.000213081,0.000213081,8,1,8,8,8
7,70,0.000369105,1,0.000369105,0.000369105,0.000369105,15,1,15,15,15
7,70,0.000347526,1,0.000347526,0.000347526,0.000347526,13,1,13,13,13
7,70,0.000153626,1,0.000153626,0.000153626,0.000153626,6,1,6,6,6
7,70,0.000225531,1,0.000225531,0.000225531,0.000225531,10,1,10,10,10
7,70,0.000159713,1,0.000159713,0.000159713,0.000159713,6,1,6,6,6
7,70,0.000136509,1,0.000136509,0.000136509,0.000136509,5,1,5,5,5
7,70,0.000290673,1,0.000290673,0.000290673,0.000290673,11,1,11,11,11
7,70,0.000212111,1,0.000212111,0.000212111,0.000212111,8,1,8,8,8
7,70,0.000142953,1,0.000142953,0.000142953,0.000142953,5,1,5,5,5
7,70,0.000144244,1,0.000144244,0.000144244,0.000144244,6,1,6,6,6
7,70,0.00012605,1,0.00012605,0.00012605,0.00012605,5,1,5,5,5
7,70,0.000151681,1,0.000151681,0.000151681,0.000151681,5,1,5,5,5
7,70,0.000149349,1,0.000149349,0.000149349,0.000149349,4,1,4,4,4
7,70,0.000248291,1,0.000248291,0.000248291,0.000248291,8,1,8,8,8
7,70,0.000120391,1,0.000120391,0.000120391,0.000120391,3,1,3,3,3
7,70,0.000192357,1,0.000192357,0.000192357,0.000192357,6,1,6,6,6
7,70,0.000152634,1,0.000152634,0.000152634,0.000152634,5,1,5,5,5
7,70,0.000291004,1,0.000291004,0.000291004,0.000291004,10,1,10,10,10
7,70,0.000371455,1,0.000371455,0.000371455,0.000371455,18,1,18,18,18
7,70,0.000251003,1,0.000251003,0.000251003,0.000251003,9,1,9,9,9
7,70,0.000296916,1,0.000296916,0.000296916,0.000296916,11,1,11,11,11
7,70,0.000214312,1,0.000214312,0.000214312,0.000214312,7,1,7,7,7
7,70,0.000129865,1,0.000129865,0.000129865,0.000129865,4,1,4,4,4
7,70,0.000228439,1,0.000228439,0.000228439,0.000228439,8,1,8,8,8
7,70,0.000187201,1,0.000187201,0.000187201,0.000187201,6,1,6,6,6
7,70,0.00024913,1,0.00024913,0.00024913,0.00024913,11,1,11,11,11
7,70,0.000210597,1,0.000210597,0.000210597,0.000210597,8,1,8,8,8
7,70,0.000148281,1,0.000148281,0.000148281,0.000148281,4,1,4,4,4
7,70,0.000133871,1,0.000133871,0.000133871,0.000133871,4,1,4,4,4
7,70,0.000199621,1,0.000199621,0.000199621,0.000199621,6,1,6,6,6
7,70,0.000246461,1,0.000246461,0.000246461,0.000246461,10,1,10,10,10
7,70,0.000194255,1,0.000194255,0.000194255,0.000194255,6,1,6,6,6
7,70,0.000235488,1,0.000235488,0.000235488,0.000235488,11,1,11,11,11
7,70,0.000169692,1,0.000169692,0.000169692,0.000169692,6,1,6,6,6
7,70,0.000300755,1,0.000300755,0.000300755,0.000300755,11,1,11,11,11
7,70,0.000233932,1,0.000233932,0.000233932,0.000233932,10,1,10,10,10
7,70,0.000124033,1,0.000124033,0.000124033,0.000124033,3,1,3,3,3
7,70,0.000131553,1,0.000131553,0.000131553,0.000131553,5,1,5,5,5
7,70,0.000334905,1,0.000334905,0.000334905,0.000334905,14,1,14,14,14
7,70,0.000208024,1,0.000208024,0.000208024,0.000208024,6,1,6,6,6
7,70,0.000284006,1,0.000284006,0.000284006,0.000284006,10,1,10,10,10
7,70,0.000174932,1,0.000174932,0.000174932,0.000174932,7,1,7,7,7
7,70,0.000279118,1,0.000279118,0.000279118,0.000279118,9,1,9,9,9
7,70,0.000166523,1,0.000166523,0.000166523,0.000166523,6,1,6,6,6
7,70,0.000307482,1,0.000307482,0.000307482,0.000307482,13,1,13,13,13
7,70,0.000216951,1,0.000216951,0.000216951,0.000216951,8,1,8,8,8
7,70,0.000214756,1,0.000214756,0.000214756,0.000214756,8,1,8,8,8
7,70,0.000216811,1,0.000216811,0.000216811,0.000216811,7,1,7,7,7
7,70,0.000280357,1,0.000280357,0.000280357,0.000280357,8,1,8,8,8
7,70,0.00012267,1,0.00012267,0.00012267,0.00012267,4,1,4,4,4
7,70,0.000207277,1,0.000207277,0.000207277,0.000207277,7,1,7,7,7
7,70,0.000190656,1,0.000190656,0.000190656,0.000190656,7,1,7,7,7
7,70,0.000217696,1,0.000217696,0.000217696,0.000217696,9,1,9,9,9
7,70,0.000246245,1,0.000246245,0.000246245,0.000246245,9,1,9,9,9
7,70,0.000124007,1,0.000124007,0.000124007,0.000124007,4,1,4,4,4
7,70,0.000215442,1,0.000215442,0.000215442,0.000215442,8,1,8,8,8
7,70,0.000264874,1,0.000264874,0.000264874,0.000264874,11,1,11,11,11
7,70,0.000455434,1,0.000455434,0.000455434,0.000455434,17,1,17,17,17
7,70,0.00011732,1,0.00011732,0.00011732,0.00011732,4,1,4,4,4
7,70,0.000201566,1,0.000201566,0.000201566,0.000201566,7,1,7,7,7
7,70,0.000144444,1,0.000144444,0.000144444,0.000144444,4,1,4,4,4
7,70,0.0001558,1,0.0001558,0.0001558,0.0001558,5,1,5,5,5
7,70,0.000251722,1,0.000251722,0.000251722,0.000251722,11,1,11,11,11
7,70,0.00017438,1,0.00017438,0.00017438,0.00017438,6,1,6,6,6
7,70,0.000362698,1,0.000362698,0.000362698,0.000362698,16,1,16,16,16
7,70,0.000183292,1,0.000183292,0.000183292,0.000183292,6,1,6,6,6
7,70,0.000199796,1,0.000199796,0.000199796,0.000199796,7,1,7,7,7
7,70,0.000226527,1,0.000226527,0.000226527,0.000226527,9,1,9,9,9
7,70,0.000265386,1,0.000265386,0.000265386,0.000265386,12,1,12,12,12
7,70,0.000125478,1,0.000125478,0.000125478,0.000125478,4,1,4,4,4
7,70,0.000147467,1,0.000147467,0.000147467,0.000147467,5,1,5,5,5
7,70,0.000261627,1,0.000261627,0.000261627,0.000261627,10,1,10,10,10
7,70,0.000128012,1,0.000128012,0.000128012,0.000128012,4,1,4,4,4
7,70,0.000278616,1,0.000278616,0.000278616,0.000278616,11,1,11,11,11
7,70,0.000236233,1,0.000236233,0.000236233,0.000236233,9,1,9,9,9
7,70,0.000132579,1,0.000132579,0.000132579,0.000132579,4,1,4,4,4
7,70,0.000272991,1,0.000272991,0.000272991,0.000272991,8,1,8,8,8
7,70,0.000250014,1,0.000250014,0.000250014,0.000250014,8,1,8,8,8
7,70,0.000149432,1,0.000149432,0.000149432,0.000149432,5,1,5,5,5
7,70,0.000227121,1,0.000227121,0.000227121,0.000227121,9,1,9,9,9
7,70,0.000189664,1,0.000189664,0.000189664,0.000189664,7,1,7,7,7
7,70,0.000188189,1,0.000188189,0.000188189,0.000188189,7,1,7,7,7
7,70,0.000137953,1,0.000137953,0.000137953,0.000137953,5,1,5,5,5
7,70,0.000138776,1,0.000138776,0.000138776,0.000138776,4,1,4,4,4
7,70,0.000184195,1,0.000184195,0.000184195,0.000184195,6,1,6,6,6
7,70,0.000195756,1,0.000195756,0.000195756,0.000195756,6,1,6,6,6
7,70,0.000376732,1,0.000376732,0.000376732,0.000376732,16,1,16,16,16
7,70,0.000153128,1,0.000153128,0.000153128,0.000153128,6,1,6,6,6
7,70,0.000224155,1,0.000224155,0.000224155,0.000224155,9,1,9,9,9
7,70,0.000231906,1,0.000231906,0.000231906,0.000231906,9,1,9,9,9
7,70,0.000136867,1,0.000136867,0.000136867,0.000136867,5,1,5,5,5
7,70,0.000132518,1,0.000132518,0.000132518,0.000132518,4,1,4,4,4
7,70,0.00016567,1,0.00016567,0.00016567,0.00016567,4,1,4,4,4
7,70,0.000199402,1,0.000199402,0.000199402,0.000199402,7,1,7,7,7
7,70,0.000209141,1,0.000209141,0.000209141,0.000209141,8,1,8,8,8
7,70,0.000299409,1,0.000299409,0.000299409,0.000299409,13,1,13,13,13
7,70,0.000471145,1,0.000471145,0.000471145,0.000471145,20,1,20,20,20
7,70,0.000226838,1,0.000226838,0.000226838,0.000226838,10,1,10,10,10
7,70,0.00025339,1,0.00025339,0.00025339,0.00025339,11,1,11,11,11
7,70,0.000220276,1,0.000220276,0.000220276,0.000220276,9,1,9,9,9
7,70,0.000238259,1,0.000238259,0.000238259,0.000238259,10,1,10,10,10
7,70,0.000204823,1,0.000204823,0.000204823,0.000204823,9,1,9,9,9
7,70,0.000240643,1,0.000240643,0.000240643,0.000240643,9,1,9,9,9
7,70,0.000258901,1,0.000258901,0.000258901,0.000258901,8,1,8,8,8
7,70,0.000154742,1,0.000154742,0.000154742,0.000154742,4,1,4,4,4
7,70,0.000453408,1,0.000453408,0.000453408,0.000453408,19,1,19,19,19
7,70,0.000235786,1,0.000235786,0.000235786,0.000235786,8,1,8,8,8
7,70,0.000245691,1,0.000245691,0.000245691,0.000245691,8,1,8,8,8
7,70,0.000355936,1,0.000355936,0.000355936,0.000355936,13,1,13,13,13
7,70,0.000138533,1,0.000138533,0.000138533,0.000138533,4,1,4,4,4
7,70,0.000214898,1,0.000214898,0.000214898,0.000214898,7,1,7,7,7
7,70,0.000275549,1,0.000275549,0.000275549,0.000275549,11,1,11,11,11
7,70,0.000198878,1,0.000198878,0.000198878,0.000198878,6,1,6,6,6
7,70,0.000230459,1,0.000230459,0.000230459,0.000230459,8,1,8,8,8
7,70,0.0002462,1,0.0002462,0.0002462,0.0002462,8,1,8,8,8
7,70,0.000303488,1,0.000303488,0.000303488,0.000303488,13,1,13,13,13
7,70,0.000199562,1,0.000199562,0.000199562,0.000199562,7,1,7,7,7
7,70,0.000227653,1,0.000227653,0.000227653,0.000227653,8,1,8,8,8
7,70,0.000143623,1,0.000143623,0.000143623,0.000143623,5,1,5,5,5
7,70,0.000204759,1,0.000204759,0.000204759,0.000204759,8,1,8,8,8
7,70,0.000234403,1,0.000234403,0.000234403,0.000234403,9,1,9,9,9
7,70,0.000269958,1,0.000269958,0.000269958,0.000269958,10,1,10,10,10
7,70,0.000230684,1,0.000230684,0.000230684,0.000230684,7,1,7,7,7
7,70,0.000284852,1,0.000284852,0.000284852,0.000284852,11,1,11,11,11
7,70,0.000123771,1,0.000123771,0.000123771,0.000123771,3,1,3,3,3
7,70,0.000185337,1,0.000185337,0.000185337,0.000185337,7,1,7,7,7
7,70,0.000187749,1,0.000187749,0.000187749,0.000187749,6,1,6,6,6
7,70,0.000143253,1,0.000143253,0.000143253,0.000143253,5,1,5,5,5
7,70,0.000110741,1,0.000110741,0.000110741,0.000110741,3,1,3,3,3
7,70,0.000241607,1,0.000241607,0.000241607,0.000241607,8,1,8,8,8
7,70,0.000208436,1,0.000208436,0.000208436,0.000208436,6,1,6,6,6
7,70,0.000253227,1,0.000253227,0.000253227,0.000253227,11,1,11,11,11
7,70,0.000119673,1,0.000119673,0.000119673,0.000119673,4,1,4,4,4
7,70,0.000211385,1,0.000211385,0.000211385,0.000211385,8,1,8,8,8
7,70,0.000129938,1,0.000129938,0.000129938,0.000129938,5,1,5,5,5
7,70,0.00033244,1,0.00033244,0.00033244,0.00033244,14,1,14,14,14
7,70,0.000148048,1,0.000148048,0.000148048,0.000148048,5,1,5,5,5
7,70,0.000218906,1,0.000218906,0.000218906,0.000218906,6,1,6,6,6
7,70,0.000173262,1,0.000173262,0.000173262,0.000173262,5,1,5,5,5
7,70,0.000306307,1,0.000306307,0.000306307,0.000306307,12,1,12,12,12
7,70,0.000327384,1,0.000327384,0.000327384,0.000327384,12,1,12,12,12
7,70,0.000397008,1,0.000397008,0.000397008,0.000397008,16,1,16,16,16
7,70,0.000216423,1,0.000216423,0.000216423,0.000216423,7,1,7,7,7
7,70,0.00020858,1,0.00020858,0.00020858,0.00020858,8,1,8,8,8
7,70,0.000198638,1,0.000198638,0.000198638,0.000198638,7,1,7,7,7
7,70,0.000188561,1,0.000188561,0.000188561,0.000188561,7,1,7,7,7
7,70,0.000238071,1,0.000238071,0.000238071,0.000238071,9,1,9,9,9
7,70,0.000141916,1,0.000141916,0.000141916,0.000141916,5,1,5,5,5
7,70,0.000350284,1,0.000350284,0.000350284,0.000350284,15,1,15,15,15
7,70,0.000189314,1,0.000189314,0.000189314,0.000189314,7,1,7,7,7
7,70,0.000256018,1,0.000256018,0.000256018,0.000256018,10,1,10,10,10
7,70,0.000282094,1,0.000282094,0.000282094,0.000282094,11,1,11,11,11
7,70,0.000166529,1,0.000166529,0.000166529,0.000166529,5,1,5,5,5
7,70,0.000228355,1,0.000228355,0.000228355,0.000228355,8,1,8,8,8
7,70,0.000176852,1,0.000176852,0.000176852,0.000176852,6,1,6,6,6
7,70,0.000149271,1,0.000149271,0.000149271,0.000149271,4,1,4,4,4
7,70,0.000131156,1,0.000131156,0.000131156,0.000131156,4,1,4,4,4
7,70,0.000231677,1,0.000231677,0.000231677,0.000231677,8,1,8,8,8
7,70,0.000150501,1,0.000150501,0.000150501,0.000150501,5,1,5,5,5
7,70,0.000283409,1,0.000283409,0.000283409,0.000283409,11,1,11,11,11
7,70,0.000172252,1,0.000172252,0.000172252,0.000172252,6,1,6,6,6
7,70,0.000137893,1,0.000137893,0.000137893,0.000137893,5,1,5,5,5
7,70,0.000274786,1,0.000274786,0.000274786,0.000274786,10,1,10,10,10
7,70,0.000253758,1,0.000253758,0.000253758,0.000253758,9,1,9,9,9
7,70,0.000213593,1,0.000213593,0.000213593,0.000213593,6,1,6,6,6
7,70,0.000222603,1,0.000222603,0.000222603,0.000222603,8,1,8,8,8
7,70,0.000192796,1,0.000192796,0.000192796,0.000192796,7,1,7,7,7
7,70,0.000115147,1,0.000115147,0.000115147,0.000115147,4,1,4,4,4
7,70,0.000198011,1,0.000198011,0.000198011,0.000198011,8,1,8,8,8
7,70,0.000231567,1,0.000231567,0.000231567,0.000231567,8,1,8,8,8
7,70,0.000121251,1,0.000121251,0.000121251,0.000121251,3,1,3,3,3
7,70,0.000155302,1,0.000155302,0.000155302,0.000155302,5,1,5,5,5
7,70,0.000132914,1,0.000132914,0.000132914,0.000132914,4,1,4,4,4
7,70,0.000182094,1,0.000182094,0.000182094,0.000182094,6,1,6,6,6
7,70,0.000213426,1,0.000213426,0.000213426,0.000213426,8,1,8,8,8
7,70,0.000149151,1,0.000149151,0.000149151,0.000149151,5,1,5,5,5
7,70,0.00015247,1,0.00015247,0.00015247,0.00015247,6,1,6,6,6
7,70,0.000131355,1,0.000131355,0.000131355,0.000131355,3,1,3,3,3
7,70,0.000170565,1,0.000170565,0.000170565,0.000170565,5,1,5,5,5
7,70,0.000137858,1,0.000137858,0.000137858,0.000137858,5,1,5,5,5
7,70,0.000133864,1,0.000133864,0.000133864,0.000133864,5,1,5,5,5
7,70,0.000387441,1,0.000387441,0.000387441,0.000387441,16,1,16,16,16
7,70,0.000169094,1,0.000169094,0.000169094,0.000169094,4,1,4,4,4
7,70,0.000371383,1,0.000371383,0.000371383,0.000371383,14,1,14,14,14
7,70,0.000230017,1,0.000230017,0.000230017,0.000230017,8,1,8,8,8
7,70,0.000154667,1,0.000154667,0.000154667,0.000154667,5,1,5,5,5
7,70,0.000216636,1,0.000216636,0.000216636,0.000216636,8,1,8,8,8
7,70,0.000133702,1,0.000133702,0.000133702,0.000133702,4,1,4,4,4
7,70,0.000164309,1,0.000164309,0.000164309,0.000164309,6,1,6,6,6
7,70,0.0001365,1,0.0001365,0.0001365,0.0001365,4,1,4,4,4
7,70,0.000129305,1,0.000129305,0.000129305,0.000129305,4,1,4,4,4
7,70,0.000286465,1,0.000286465,0.000286465,0.000286465,11,1,11,11,11
7,70,0.000239834,1,0.000239834,0.000239834,0.000239834,10,1,10,10,10
7,70,0.0002971,1,0.0002971,0.0002971,0.0002971,12,1,12,12,12
7,70,0.000196202,1,0.000196202,0.000196202,0.000196202,7,1,7,7,7
7,70,0.00025143,1,0.00025143,0.00025143,0.00025143,7,1,7,7,7
7,70,0.000133009,1,0.000133009,0.000133009,0.000133009,5,1,5,5,5
7,70,0.000237797,1,0.000237797,0.000237797,0.000237797,9,1,9,9,9
7,70,0.000231586,1,0.000231586,0.000231586,0.000231586,9,1,9,9,9
7,70,0.000186255,1,0.000186255,0.000186255,0.000186255,7,1,7,7,7
7,70,0.00018279,1,0.00018279,0.00018279,0.00018279,6,1,6,6,6
7,70,0.000140437,1,0.000140437,0.000140437,0.000140437,5,1,5,5,5
7,70,0.000301715,1,0.000301715,0.000301715,0.000301715,10,1,10,10,10
7,70,0.00020193,1,0.00020193,0.00020193,0.00020193,8,1,8,8,8
7,70,0.000151892,1,0.000151892,0.000151892,0.000151892,5,1,5,5,5
7,70,0.000336385,1,0.000336385,0.000336385,0.000336385,11,1,11,11,11
7,70,0.000129219,1,0.000129219,0.000129219,0.000129219,4,1,4,4,4
7,70,0.000128065,1,0.000128065,0.000128065,0.000128065,3,1,3,3,3
7,70,0.000134341,1,0.000134341,0.000134341,0.000134341,4,1,4,4,4
7,70,0.000235231,1,0.000235231,0.000235231,0.000235231,11,1,11,11,11
7,70,0.000127198,1,0.000127198,0.000127198,0.000127198,4,1,4,4,4
7,70,0.0002031,1,0.0002031,0.0002031,0.0002031,8,1,8,8,8
7,70,0.000298726,1,0.000298726,0.000298726,0.000298726,13,1,13,13,13
7,70,0.000128369,1,0.000128369,0.000128369,0.000128369,4,1,4,4,4
7,70,0.000200614,1,0.000200614,0.000200614,0.000200614,7,1,7,7,7
7,70,0.000108845,1,0.000108845,0.000108845,0.000108845,3,1,3,3,3
7,70,0.000188374,1,0.000188374,0.000188374,0.000188374,6,1,6,6,6
7,70,0.000146656,1,0.000146656,0.000146656,0.000146656,4,1,4,4,4
7,70,0.000263047,1,0.000263047,0.000263047,0.000263047,10,1,10,10,10
7,70,0.00013674,1,0.00013674,0.00013674,0.00013674,3,1,3,3,3
7,70,0.000291934,1,0.000291934,0.000291934,0.000291934,11,1,11,11,11
7,70,0.000142088,1,0.000142088,0.000142088,0.000142088,5,1,5,5,5
7,70,0.000304235,1,0.000304235,0.000304235,0.000304235,13,1,13,13,13
7,70,0.000156988,1,0.000156988,0.000156988,0.000156988,5,1,5,5,5
7,70,0.000244852,1,0.000244852,0.000244852,0.000244852,8,1,8,8,8
7,70,0.000144376,1,0.000144376,0.000144376,0.000144376,5,1,5,5,5
7,70,0.000121013,1,0.000121013,0.000121013,0.000121013,4,1,4,4,4
7,70,0.000146701,1,0.000146701,0.000146701,0.000146701,5,1,5,5,5
7,70,0.000298668,1,0.000298668,0.000298668,0.000298668,12,1,12,12,12
7,70,0.000302948,1,0.000302948,0.000302948,0.000302948,13,1,13,13,13
7,70,0.000119053,1,0.000119053,0.000119053,0.000119053,3,1,3,3,3
7,70,0.000172525,1,0.000172525,0.000172525,0.000172525,6,1,6,6,6
7,70,0.000309406,1,0.000309406,0.000309406,0.000309406,14,1,14,14,14
7,70,0.00014696,1,0.00014696,0.00014696,0.00014696,4,1,4,4,4
7,70,0.00012661,1,0.00012661,0.00012661,0.00012661,4,1,4,4,4
7,70,0.000263047,1,0.000263047,0.000263047,0.000263047,9,1,9,9,9
7,70,0.000378782,1,0.000378782,0.000378782,0.000378782,13,1,13,13,13
7,70,0.000172931,1,0.000172931,0.000172931,0.000172931,6,1,6,6,6
7,70,0.000257624,1,0.000257624,0.000257624,0.000257624,12,1,12,12,12
7,70,0.000165655,1,0.000165655,0.000165655,0.000165655,4,1,4,4,4
7,70,0.000143787,1,0.000143787,0.000143787,0.000143787,5,1,5,5,5
7,70,0.000275605,1,0.000275605,0.000275605,0.000275605,10,1,10,10,10
7,70,0.000266122,1,0.000266122,0.000266122,0.000266122,10,1,10,10,10
7,70,0.000224868,1,0.000224868,0.000224868,0.000224868,7,1,7,7,7
7,70,0.000142684,1,0.000142684,0.000142684,0.000142684,5,1,5,5,5
7,70,0.000259977,1,0.000259977,0.000259977,0.000259977,10,1,10,10,10
7,70,0.000261536,1,0.000261536,0.000261536,0.000261536,10,1,10,10,10
7,70,0.000146379,1,0.000146379,0.000146379,0.000146379,4,1,4,4,4
7,70,0.000139206,1,0.000139206,0.000139206,0.000139206,4,1,4,4,4
7,70,0.000215584,1,0.000215584,0.000215584,0.000215584,8,1,8,8,8
7,70,0.000121379,1,0.000121379,0.000121379,0.000121379,3,1,3,3,3
7,70,0.000179293,1,0.000179293,0.000179293,0.000179293,7,1,7,7,7
7,70,0.000192539,1,0.000192539,0.000192539,0.000192539,7,1,7,7,7
7,70,0.000169989,1,0.000169989,0.000169989,0.000169989,6,1,6,6,6
7,70,0.000244739,1,0.000244739,0.000244739,0.000244739,9,1,9,9,9
7,70,0.000186894,1,0.000186894,0.000186894,0.000186894,6,1,6,6,6
7,70,0.000131249,1,0.000131249,0.000131249,0.000131249,4,1,4,4,4
7,70,0.0004277,1,0.0004277,0.0004277,0.0004277,17,1,17,17,17
7,70,0.000185983,1,0.000185983,0.000185983,0.000185983,7,1,7,7,7
7,70,0.0002154,1,0.0002154,0.0002154,0.0002154,8,1,8,8,8
7,70,0.00014476,1,0.00014476,0.00014476,0.00014476,5,1,5,5,5
7,70,0.000122039,1,0.000122039,0.000122039,0.000122039,4,1,4,4,4
7,70,0.000315097,1,0.000315097,0.000315097,0.000315097,9,1,9,9,9
7,70,0.000152413,1,0.000152413,0.000152413,0.000152413,5,1,5,5,5
7,70,0.000267977,1,0.000267977,0.000267977,0.000267977,12,1,12,12,12
7,70,0.000187341,1,0.000187341,0.000187341,0.000187341,7,1,7,7,7
7,70,0.00028247,1,0.00028247,0.00028247,0.00028247,12,1,12,12,12
7,70,0.000340569,1,0.000340569,0.000340569,0.000340569,15,1,15,15,15
7,70,0.000146874,1,0.000146874,0.000146874,0.000146874,4,1,4,4,4
7,70,0.000190231,1,0.000190231,0.000190231,0.000190231,7,1,7,7,7
7,70,0.000127732,1,0.000127732,0.000127732,0.000127732,5,1,5,5,5
7,70,0.000206913,1,0.000206913,0.000206913,0.000206913,7,1,7,7,7
7,70,0.000183376,1,0.000183376,0.000183376,0.000183376,7,1,7,7,7
7,70,0.000142181,1,0.000142181,0.000142181,0.000142181,5,1,5,5,5
7,70,0.000175222,1,0.000175222,0.000175222,0.000175222,7,1,7,7,7
7,70,0.000197871,1,0.000197871,0.000197871,0.000197871,7,1,7,7,7
7,70,0.000202368,1,0.000202368,0.000202368,0.000202368,7,1,7,7,7
7,70,0.000203705,1,0.000203705,0.000203705,0.000203705,8,1,8,8,8
7,70,0.000242378,1,0.000242378,0.000242378,0.000242378,9,1,9,9,9
7,70,0.000142274,1,0.000142274,0.000142274,0.000142274,5,1,5,5,5
7,70,0.000152832,1,0.000152832,0.000152832,0.000152832,5,1,5,5,5
7,70,0.000222853,1,0.000222853,0.000222853,0.000222853,6,1,6,6,6
7,70,0.000215029,1,0.000215029,0.000215029,0.000215029,6,1,6,6,6
7,70,0.000240582,1,0.000240582,0.000240582,0.000240582,10,1,10,10,10
7,70,0.000244128,1,0.000244128,0.000244128,0.000244128,6,1,6,6,6
7,70,0.000363759,1,0.000363759,0.000363759,0.000363759,17,1,17,17,17
7,70,0.000216502,1,0.000216502,0.000216502,0.000216502,7,1,7,7,7
7,70,0.000131638,1,0.000131638,0.000131638,0.000131638,4,1,4,4,4
7,70,0.000135927,1,0.000135927,0.000135927,0.000135927,4,1,4,4,4
7,70,0.000132223,1,0.000132223,0.000132223,0.000132223,5,1,5,5,5
7,70,0.000246021,1,0.000246021,0.000246021,0.000246021,8,1,8,8,8
7,70,0.000263499,1,0.000263499,0.000263499,0.000263499,10,1,10,10,10
7,70,0.000153059,1,0.000153059,0.000153059,0.000153059,5,1,5,5,5
7,70,0.000186821,1,0.000186821,0.000186821,0.000186821,7,1,7,7,7
7,70,0.000294799,1,0.000294799,0.000294799,0.000294799,13,1,13,13,13
7,70,0.000173804,1,0.000173804,0.000173804,0.000173804,5,1,5,5,5
7,70,0.000240293,1,0.000240293,0.000240293,0.000240293,8,1,8,8,8
7,70,0.000200321,1,0.000200321,0.000200321,0.000200321,7,1,7,7,7
7,70,0.000242593,1,0.000242593,0.000242593,0.000242593,7,1,7,7,7
7,70,0.000305458,1,0.000305458,0.000305458,0.000305458,10,1,10,10,10
7,70,0.000135637,1,0.000135637,0.000135637,0.000135637,5,1,5,5,5
7,70,0.000286007,1,0.000286007,0.000286007,0.000286007,10,1,10,10,10
7,70,0.000126807,1,0.000126807,0.000126807,0.000126807,4,1,4,4,4
7,70,0.000129231,1,0.000129231,0.000129231,0.000129231,3,1,3,3,3
7,70,0.000264766,1,0.000264766,0.000264766,0.000264766,11,1,11,11,11
7,70,0.000218013,1,0.000218013,0.000218013,0.000218013,10,1,10,10,10
7,70,0.000194818,1,0.000194818,0.000194818,0.000194818,5,1,5,5,5
7,70,0.000390671,1,0.000390671,0.000390671,0.000390671,15,1,15,15,15
7,70,0.000305409,1,0.000305409,0.000305409,0.000305409,13,1,13,13,13
7,70,0.000244976,1,0.000244976,0.000244976,0.000244976,9,1,9,9,9
7,70,0.000154596,1,0.000154596,0.000154596,0.000154596,4,1,4,4,4
7,70,0.000168866,1,0.000168866,0.000168866,0.000168866,5,1,5,5,5
7,70,0.000148899,1,0.000148899,0.000148899,0.000148899,5,1,5,5,5
7,70,0.000193448,1,0.000193448,0.000193448,0.000193448,7,1,7,7,7
7,70,0.000459501,1,0.000459501,0.000459501,0.000459501,19,1,19,19,19
7,70,0.000146379,1,0.000146379,0.000146379,0.000146379,5,1,5,5,5
7,70,0.000168149,1,0.000168149,0.000168149,0.000168149,5,1,5,5,5
7,70,0.000180194,1,0.000180194,0.000180194,0.000180194,5,1,5,5,5
7,70,0.000131999,1,0.000131999,0.000131999,0.000131999,4,1,4,4,4
7,70,0.000163573,1,0.000163573,0.000163573,0.000163573,5,1,5,5,5
7,70,0.00027759,1,0.00027759,0.00027759,0.00027759,9,1,9,9,9
7,70,0.000399358,1,0.000399358,0.000399358,0.000399358,17,1,17,17,17
7,70,0.000269756,1,0.000269756,0.000269756,0.000269756,9,1,9,9,9
7,70,0.000231839,1,0.000231839,0.000231839,0.000231839,7,1,7,7,7
7,70,0.000171654,1,0.000171654,0.000171654,0.000171654,5,1,5,5,5
7,70,0.000195457,1,0.000195457,0.000195457,0.000195457,6,1,6,6,6
7,70,0.000324617,1,0.000324617,0.000324617,0.000324617,10,1,10,10,10
7,70,0.000307915,1,0.000307915,0.000307915,0.000307915,11,1,11,11,11
7,70,0.000243905,1,0.000243905,0.000243905,0.000243905,10,1,10,10,10
7,70,0.00020282,1,0.00020282,0.00020282,0.00020282,7,1,7,7,7
7,70,0.000240545,1,0.000240545,0.000240545,0.000240545,8,1,8,8,8
7,70,0.000220672,1,0.000220672,0.000220672,0.000220672,7,1,7,7,7
7,70,0.000140794,1,0.000140794,0.000140794,0.000140794,4,1,4,4,4
7,70,0.00018347,1,0.00018347,0.00018347,0.00018347,7,1,7,7,7
7,70,0.000216767,1,0.000216767,0.000216767,0.000216767,7,1,7,7,7
7,70,0.000157479,1,0.000157479,0.000157479,0.000157479,4,1,4,4,4
7,70,0.000142334,1,0.000142334,0.000142334,0.000142334,4,1,4,4,4
7,70,0.000288504,1,0.000288504,0.000288504,0.000288504,11,1,11,11,11
7,70,0.000213371,1,0.000213371,0.000213371,0.000213371,6,1,6,6,6
7,70,0.000135194,1,0.000135194,0.000135194,0.000135194,4,1,4,4,4
7,70,0.000154507,1,0.000154507,0.000154507,0.000154507,5,1,5,5,5
7,70,0.000250941,1,0.000250941,0.000250941,0.000250941,9,1,9,9,9
7,70,0.00015413,1,0.00015413,0.00015413,0.00015413,4,1,4,4,4
7,70,0.000294364,1,0.000294364,0.000294364,0.000294364,11,1,11,11,11
7,70,0.000262999,1,0.000262999,0.000262999,0.000262999,8,1,8,8,8
7,70,0.000158768,1,0.000158768,0.000158768,0.000158768,5,1,5,5,5
7,70,0.00025613,1,0.00025613,0.00025613,0.00025613,10,1,10,10,10
7,70,0.000389199,1,0.000389199,0.000389199,0.000389199,18,1,18,18,18
7,70,0.000207884,1,0.000207884,0.000207884,0.000207884,7,1,7,7,7
7,70,0.000188511,1,0.000188511,0.000188511,0.000188511,5,1,5,5,5
7,70,0.000229282,1,0.000229282,0.000229282,0.000229282,8,1,8,8,8
7,70,0.00018737,1,0.00018737,0.00018737,0.00018737,7,1,7,7,7
7,70,0.000177814,1,0.000177814,0.000177814,0.000177814,5,1,5,5,5
7,70,0.000128748,1,0.000128748,0.000128748,0.000128748,4,1,4,4,4
7,70,0.000311653,1,0.000311653,0.000311653,0.000311653,12,1,12,12,12
7,70,0.000214123,1,0.000214123,0.000214123,0.000214123,7,1,7,7,7
7,70,0.000280024,1,0.000280024,0.000280024,0.000280024,11,1,11,11,11
7,70,0.000311636,1,0.000311636,0.000311636,0.000311636,11,1,11,11,11
7,70,0.000123633,1,0.000123633,0.000123633,0.000123633,4,1,4,4,4
7,70,0.000314577,1,0.000314577,0.000314577,0.000314577,12,1,12,12,12
7,70,0.000261984,1,0.000261984,0.000261984,0.000261984,10,1,10,10,10
7,70,0.00031872,1,0.00031872,0.00031872,0.00031872,12,1,12,12,12
7,70,0.000140546,1,0.000140546,0.000140546,0.000140546,5,1,5,5,5
7,70,0.000417322,1,0.000417322,0.000417322,0.000417322,17,1,17,17,17
7,70,0.000196435,1,0.000196435,0.000196435,0.000196435,8,1,8,8,8
7,70,0.000262007,1,0.000262007,0.000262007,0.000262007,10,1,10,10,10
7,70,0.000228735,1,0.000228735,0.000228735,0.000228735,8,1,8,8,8
7,70,0.000253249,1,0.000253249,0.000253249,0.000253249,10,1,10,10,10
7,70,0.000131338,1,0.000131338,0.000131338,0.000131338,4,1,4,4,4
7,70,0.000175675,1,0.000175675,0.000175675,0.000175675,6,1,6,6,6
7,70,0.000245482,1,0.000245482,0.000245482,0.000245482,10,1,10,10,10
7,70,0.000174957,1,0.000174957,0.000174957,0.000174957,4,1,4,4,4
7,70,0.000141277,1,0.000141277,0.000141277,0.000141277,5,1,5,5,5
7,70,0.000194417,1,0.000194417,0.000194417,0.000194417,7,1,7,7,7
7,70,0.00017685,1,0.00017685,0.00017685,0.00017685,6,1,6,6,6
7,70,0.00012934,1,0.00012934,0.00012934,0.00012934,3,1,3,3,3
7,70,0.000174282,1,0.000174282,0.000174282,0.000174282,6,1,6,6,6
7,70,0.000134013,1,0.000134013,0.000134013,0.000134013,4,1,4,4,4
7,70,0.000119315,1,0.000119315,0.000119315,0.000119315,4,1,4,4,4
7,70,0.000183238,1,0.000183238,0.000183238,0.000183238,6,1,6,6,6
7,70,0.000258609,1,0.000258609,0.000258609,0.000258609,12,1,12,12,12
7,70,0.000192257,1,0.000192257,0.000192257,0.000192257,7,1,7,7,7
7,70,0.000134911,1,0.000134911,0.000134911,0.000134911,4,1,4,4,4
7,70,0.000185695,1,0.000185695,0.000185695,0.000185695,7,1,7,7,7
7,70,0.00012526,1,0.00012526,0.00012526,0.00012526,4,1,4,4,4
7,70,0.000128515,1,0.000128515,0.000128515,0.000128515,5,1,5,5,5
7,70,0.00012407,1,0.00012407,0.00012407,0.00012407,4,1,4,4,4
7,70,0.000190038,1,0.000190038,0.000190038,0.000190038,7,1,7,7,7
7,70,0.000140917,1,0.000140917,0.000140917,0.000140917,4,1,4,4,4
7,70,0.000307396,1,0.000307396,0.000307396,0.000307396,10,1,10,10,10
7,70,0.000309217,1,0.000309217,0.000309217,0.000309217,11,1,11,11,11
7,70,0.000371805,1,0.000371805,0.000371805,0.000371805,15,1,15,15,15
7,70,0.000147521,1,0.000147521,0.000147521,0.000147521,4,1,4,4,4
7,70,0.000205923,1,0.000205923,0.000205923,0.000205923,8,1,8,8,8
7,70,0.000308765,1,0.000308765,0.000308765,0.000308765,12,1,12,12,12
7,70,0.000192383,1,0.000192383,0.000192383,0.000192383,8,1,8,8,8
7,70,0.000292151,1,0.000292151,0.000292151,0.000292151,11,1,11,11,11
7,70,0.00012364,1,0.00012364,0.00012364,0.00012364,4,1,4,4,4
7,70,0.00019844,1,0.00019844,0.00019844,0.00019844,6,1,6,6,6
7,70,0.000291048,1,0.000291048,0.000291048,0.000291048,8,1,8,8,8
7,70,0.000377215,1,0.000377215,0.000377215,0.000377215,15,1,15,15,15
7,70,0.000387076,1,0.000387076,0.000387076,0.000387076,16,1,16,16,16
7,70,0.000187212,1,0.000187212,0.000187212,0.000187212,6,1,6,6,6
7,70,0.000224362,1,0.000224362,0.000224362,0.000224362,8,1,8,8,8
7,70,0.000198549,1,0.000198549,0.000198549,0.000198549,6,1,6,6,6
7,70,0.000203609,1,0.000203609,0.000203609,0.000203609,7,1,7,7,7
7,70,0.000196979,1,0.000196979,0.000196979,0.000196979,7,1,7,7,7
7,70,0.000127695,1,0.000127695,0.000127695,0.000127695,4,1,4,4,4
7,70,0.00022583,1,0.00022583,0.00022583,0.00022583,9,1,9,9,9
7,70,0.000219443,1,0.000219443,0.000219443,0.000219443,7,1,7,7,7
7,70,0.000252819,1,0.000252819,0.000252819,0.000252819,9,1,9,9,9
7,70,0.000249858,1,0.000249858,0.000249858,0.000249858,10,1,10,10,10
7,70,0.000122092,1,0.000122092,0.000122092,0.000122092,4,1,4,4,4
7,70,0.000225575,1,0.000225575,0.000225575,0.000225575,9,1,9,9,9
7,70,0.00013438,1,0.00013438,0.00013438,0.00013438,4,1,4,4,4
7,70,0.000272159,1,0.000272159,0.000272159,0.000272159,12,1,12,12,12
7,70,0.000134921,1,0.000134921,0.000134921,0.000134921,5,1,5,5,5
7,70,0.000123966,1,0.000123966,0.000123966,0.000123966,4,1,4,4,4
7,70,0.000133371,1,0.000133371,0.000133371,0.000133371,5,1,5,5,5
7,70,0.000119432,1,0.000119432,0.000119432,0.000119432,4,1,4,4,4
7,70,0.000143869,1,0.000143869,0.000143869,0.000143869,6,1,6,6,6
7,70,0.000265814,1,0.000265814,0.000265814,0.000265814,10,1,10,10,10
7,70,0.000216039,1,0.000216039,0.000216039,0.000216039,7,1,7,7,7
7,70,0.000144098,1,0.000144098,0.000144098,0.000144098,5,1,5,5,5
7,70,0.000216785,1,0.000216785,0.000216785,0.000216785,7,1,7,7,7
7,70,0.000264773,1,0.000264773,0.000264773,0.000264773,8,1,8,8,8
7,70,0.000211976,1,0.000211976,0.000211976,0.000211976,8,1,8,8,8
7,70,0.000283583,1,0.000283583,0.000283583,0.000283583,9,1,9,9,9
7,70,0.000200773,1,0.000200773,0.000200773,0.000200773,6,1,6,6,6
7,70,0.000134897,1,0.000134897,0.000134897,0.000134897,5,1,5,5,5
7,70,0.000211452,1,0.000211452,0.000211452,0.000211452,8,1,8,8,8
7,70,0.00029653,1,0.00029653,0.00029653,0.00029653,10,1,10,10,10
7,70,0.000135148,1,0.000135148,0.000135148,0.000135148,4,1,4,4,4
