n,p,time_total,time_count,time_mean,time_min,time_max,calls_total,calls_count,calls_mean,calls_min,calls_max
18,80,0.00920023,1,0.00920023,0.00920023,0.00920023,176,1,176,176,176
18,80,0.00591507,1,0.00591507,0.00591507,0.00591507,87,1,87,87,87
18,80,0.00504345,1,0.00504345,0.00504345,0.00504345,80,1,80,80,80
18,80,0.0122559,1,0.0122559,0.0122559,0.0122559,232,1,232,232,232
18,80,0.00590694,1,0.00590694,0.00590694,0.00590694,104,1,104,104,104
18,80,0.0111679,1,0.0111679,0.0111679,0.0111679,200,1,200,200,200
18,80,0.0145045,1,0.0145045,0.0145045,0.0145045,240,1,240,240,240
18,80,0.00390129,1,0.00390129,0.00390129,0.00390129,57,1,57,57,57
18,80,0.0122072,1,0.0122072,0.0122072,0.0122072,207,1,207,207,207
18,80,0.003222,1,0.003222,0.003222,0.003222,52,1,52,52,52
18,80,0.0157024,1,0.0157024,0.0157024,0.0157024,297,1,297,297,297
18,80,0.00424123,1,0.00424123,0.00424123,0.00424123,67,1,67,67,67
18,80,0.0162754,1,0.0162754,0.0162754,0.0162754,276,1,276,276,276
18,80,0.00861378,1,0.00861378,0.00861378,0.00861378,130,1,130,130,130
18,80,0.00867074,1,0.00867074,0.00867074,0.00867074,124,1,124,124,124
18,80,0.0139065,1,0.0139065,0.0139065,0.0139065,235,1,235,235,235
18,80,0.0177168,1,0.0177168,0.0177168,0.0177168,297,1,297,297,297
18,80,0.0366958,1,0.0366958,0.0366958,0.0366958,716,1,716,716,716
18,80,0.0338027,1,0.0338027,0.0338027,0.0338027,610,1,610,610,610
18,80,0.0202453,1,0.0202453,0.0202453,0.0202453,368,1,368,368,368
18,80,0.0212347,1,0.0212347,0.0212347,0.0212347,357,1,357,357,357
18,80,0.0226957,1,0.0226957,0.0226957,0.0226957,392,1,392,392,392
18,80,0.0167773,1,0.0167773,0.0167773,0.0167773,302,1,302,302,302
18,80,0.0172557,1,0.0172557,0.0172557,0.0172557,324,1,324,324,324
18,80,0.00249966,1,0.00249966,0.00249966,0.00249966,36,1,36,36,36
18,80,0.00715054,1,0.00715054,0.00715054,0.00715054,109,1,109,109,109
18,80,0.0297855,1,0.0297855,0.0297855,0.0297855,470,1,470,470,470
18,80,0.0131378,1,0.0131378,0.0131378,0.0131378,222,1,222,222,222
18,80,0.0205342,1,0.0205342,0.0205342,0.0205342,396,1,396,396,396
18,80,0.0187282,1,0.0187282,0.0187282,0.0187282,332,1,332,332,332
18,80,0.0194641,1,0.0194641,0.0194641,0.0194641,325,1,325,325,325
18,80,0.0135908,1,0.0135908,0.0135908,0.0135908,213,1,213,213,213
18,80,0.0261929,1,0.0261929,0.0261929,0.0261929,519,1,519,519,519
18,80,0.00619044,1,0.00619044,0.00619044,0.00619044,95,1,95,95,95
18,80,0.0167413,1,0.0167413,0.0167413,0.0167413,273,1,273,273,273
18,80,0.0130248,1,0.0130248,0.0130248,0.0130248,219,1,219,219,219
18,80,0.0146272,1,0.0146272,0.0146272,0.0146272,247,1,247,247,247
18,80,0.028561,1,0.028561,0.028561,0.028561,532,1,532,532,532
18,80,0.0194618,1,0.0194618,0.0194618,0.0194618,296,1,296,296,296
18,80,0.0012552,1,0.0012552,0.0012552,0.0012552,18,1,18,18,18
18,80,0.0156672,1,0.0156672,0.0156672,0.0156672,274,1,274,274,274
18,80,0.0256276,1,0.0256276,0.0256276,0.0256276,496,1,496,496,496
18,80,0.00304038,1,0.00304038,0.00304038,0.00304038,41,1,41,41,41
18,80,0.0326307,1,0.0326307,0.0326307,0.0326307,571,1,571,571,571
18,80,0.0125434,1,0.0125434,0.0125434,0.0125434,234,1,234,234,234
18,80,0.0201273,1,0.0201273,0.0201273,0.0201273,351,1,351,351,351
18,80,0.020248,1,0.020248,0.020248,0.020248,351,1,351,351,351
18,80,0.0264961,1,0.0264961,0.0264961,0.0264961,485,1,485,485,485
18,80,0.0131063,1,0.0131063,0.0131063,0.0131063,224,1,224,224,224
18,80,0.0110419,1,0.0110419,0.0110419,0.0110419,178,1,178,178,178
18,80,0.00958162,1,0.00958162,0.00958162,0.00958162,176,1,176,176,176
18,80,0.00791414,1,0.00791414,0.00791414,0.00791414,120,1,120,120,120
18,80,0.0204556,1,0.0204556,0.0204556,0.0204556,370,1,370,370,370
18,80,0.0116549,1,0.0116549,0.0116549,0.0116549,196,1,196,196,196
18,80,0.0423454,1,0.0423454,0.0423454,0.0423454,695,1,695,695,695
18,80,0.0223928,1,0.0223928,0.0223928,0.0223928,404,1,404,404,404
18,80,0.0109078,1,0.0109078,0.0109078,0.0109078,195,1,195,195,195
18,80,0.0055065,1,0.0055065,0.0055065,0.0055065,107,1,107,107,107
18,80,0.0169905,1,0.0169905,0.0169905,0.0169905,308,1,308,308,308
18,80,0.0122573,1,0.0122573,0.0122573,0.0122573,245,1,245,245,245
18,80,0.00246393,1,0.00246393,0.00246393,0.00246393,41,1,41,41,41
18,80,0.00622545,1,0.00622545,0.00622545,0.00622545,117,1,117,117,117
18,80,0.0244101,1,0.0244101,0.0244101,0.0244101,482,1,482,482,482
18,80,0.0253727,1,0.0253727,0.0253727,0.0253727,523,1,523,523,523
18,80,0.00545306,1,0.00545306,0.00545306,0.00545306,102,1,102,102,102
18,80,0.0281969,1,0.0281969,0.0281969,0.0281969,555,1,555,555,555
18,80,0.0212232,1,0.0212232,0.0212232,0.0212232,399,1,399,399,399
18,80,0.0131367,1,0.0131367,0.0131367,0.0131367,253,1,253,253,253
18,80,0.0183005,1,0.0183005,0.0183005,0.0183005,341,1,341,341,341
18,80,0.0402331,1,0.0402331,0.0402331,0.0402331,840,1,840,840,840
18,80,0.019731,1,0.019731,0.019731,0.019731,372,1,372,372,372
18,80,0.0149132,1,0.0149132,0.0149132,0.0149132,273,1,273,273,273
18,80,0.0245218,1,0.0245218,0.0245218,0.0245218,447,1,447,447,447
18,80,0.00623096,1,0.00623096,0.00623096,0.00623096,114,1,114,114,114
18,80,0.0145043,1,0.0145043,0.0145043,0.0145043,265,1,265,265,265
18,80,0.0107482,1,0.0107482,0.0107482,0.0107482,210,1,210,210,210
18,80,0.0261512,1,0.0261512,0.0261512,0.0261512,475,1,475,475,475
18,80,0.00956283,1,0.00956283,0.00956283,0.00956283,160,1,160,160,160
18,80,0.00486198,1,0.00486198,0.00486198,0.00486198,85,1,85,85,85
18,80,0.0174851,1,0.0174851,0.0174851,0.0174851,343,1,343,343,343
18,80,0.0494822,1,0.0494822,0.0494822,0.0494822,874,1,874,874,874
18,80,0.00569093,1,0.00569093,0.00569093,0.00569093,88,1,88,88,88
18,80,0.0141607,1,0.0141607,0.0141607,0.0141607,276,1,276,276,276
18,80,0.0129393,1,0.0129393,0.0129393,0.0129393,236,1,236,236,236
18,80,0.0311072,1,0.0311072,0.0311072,0.0311072,592,1,592,592,592
18,80,0.0178218,1,0.0178218,0.0178218,0.0178218,314,1,314,314,314
18,80,0.00444514,1,0.00444514,0.00444514,0.00444514,80,1,80,80,80
18,80,0.0357976,1,0.0357976,0.0357976,0.0357976,740,1,740,740,740
18,80,0.00699307,1,0.00699307,0.00699307,0.00699307,128,1,128,128,128
18,80,0.010475,1,0.010475,0.010475,0.010475,190,1,190,190,190
18,80,0.0272892,1,0.0272892,0.0272892,0.0272892,582,1,582,582,582
18,80,0.0931551,1,0.0931551,0.0931551,0.0931551,1700,1,1700,1700,1700
18,80,0.00455783,1,0.00455783,0.00455783,0.00455783,80,1,80,80,80
18,80,0.0368,1,0.0368,0.0368,0.0368,707,1,707,707,707
18,80,0.00936504,1,0.00936504,0.00936504,0.00936504,163,1,163,163,163
18,80,0.0194284,1,0.0194284,0.0194284,0.0194284,406,1,406,406,406
18,80,0.0202489,1,0.0202489,0.0202489,0.0202489,438,1,438,438,438
18,80,0.00500297,1,0.00500297,0.00500297,0.00500297,80,1,80,80,80
18,80,0.011982,1,0.011982,0.011982,0.011982,250,1,250,250,250
18,80,0.0108173,1,0.0108173,0.0108173,0.0108173,206,1,206,206,206
18,80,0.00852836,1,0.00852836,0.00852836,0.00852836,153,1,153,153,153
18,80,0.00684164,1,0.00684164,0.00684164,0.00684164,109,1,109,109,109
18,80,0.00980615,1,0.00980615,0.00980615,0.00980615,151,1,151,151,151
18,80,0.00837831,1,0.00837831,0.00837831,0.00837831,182,1,182,182,182
18,80,0.0460928,1,0.0460928,0.0460928,0.0460928,821,1,821,821,821
18,80,0.00633935,1,0.00633935,0.00633935,0.00633935,131,1,131,131,131
18,80,0.0138122,1,0.0138122,0.0138122,0.0138122,210,1,210,210,210
18,80,0.0182693,1,0.0182693,0.0182693,0.0182693,311,1,311,311,311
18,80,0.00411912,1,0.00411912,0.00411912,0.00411912,87,1,87,87,87
18,80,0.0107928,1,0.0107928,0.0107928,0.0107928,197,1,197,197,197
18,80,0.0531513,1,0.0531513,0.0531513,0.0531513,1005,1,1005,1005,1005
18,80,0.014504,1,0.014504,0.014504,0.014504,245,1,245,245,245
18,80,0.00546253,1,0.00546253,0.00546253,0.00546253,109,1,109,109,109
18,80,0.0287349,1,0.0287349,0.0287349,0.0287349,567,1,567,567,567
18,80,0.00905736,1,0.00905736,0.00905736,0.00905736,164,1,164,164,164
18,80,0.0236296,1,0.0236296,0.0236296,0.0236296,451,1,451,451,451
18,80,0.0259899,1,0.0259899,0.0259899,0.0259899,523,1,523,523,523
18,80,0.0177157,1,0.0177157,0.0177157,0.0177157,330,1,330,330,330
18,80,0.0118459,1,0.0118459,0.0118459,0.0118459,231,1,231,231,231
18,80,0.00455402,1,0.00455402,0.00455402,0.00455402,70,1,70,70,70
18,80,0.00541309,1,0.00541309,0.00541309,0.00541309,97,1,97,97,97
18,80,0.0145845,1,0.0145845,0.0145845,0.0145845,232,1,232,232,232
18,80,0.00554017,1,0.00554017,0.00554017,0.00554017,95,1,95,95,95
18,80,0.00799758,1,0.00799758,0.00799758,0.00799758,160,1,160,160,160
18,80,0.0271611,1,0.0271611,0.0271611,0.0271611,489,1,489,489,489
18,80,0.0051614,1,0.0051614,0.0051614,0.0051614,110,1,110,110,110
18,80,0.0335197,1,0.0335197,0.0335197,0.0335197,548,1,548,548,548
18,80,0.00710511,1,0.00710511,0.00710511,0.00710511,121,1,121,121,121
18,80,0.00138776,1,0.00138776,0.00138776,0.00138776,22,1,22,22,22
18,80,0.011989,1,0.011989,0.011989,0.011989,209,1,209,209,209
18,80,0.0158831,1,0.0158831,0.0158831,0.0158831,310,1,310,310,310
18,80,0.000938784,1,0.000938784,0.000938784,0.000938784,11,1,11,11,11
18,80,0.0243148,1,0.0243148,0.0243148,0.0243148,492,1,492,492,492
18,80,0.0334657,1,0.0334657,0.0334657,0.0334657,623,1,623,623,623
18,80,0.0371997,1,0.0371997,0.0371997,0.0371997,721,1,721,721,721
18,80,0.0103766,1,0.0103766,0.0103766,0.0103766,193,1,193,193,193
18,80,0.000835581,1,0.000835581,0.000835581,0.000835581,10,1,10,10,10
18,80,0.00398293,1,0.00398293,0.00398293,0.00398293,60,1,60,60,60
18,80,0.00956632,1,0.00956632,0.00956632,0.00956632,168,1,168,168,168
18,80,0.00514315,1,0.00514315,0.00514315,0.00514315,75,1,75,75,75
18,80,0.0647593,1,0.0647593,0.0647593,0.0647593,1377,1,1377,1377,1377
18,80,0.00364993,1,0.00364993,0.00364993,0.00364993,56,1,56,56,56
18,80,0.011723,1,0.011723,0.011723,0.011723,229,1,229,229,229
18,80,0.00847846,1,0.00847846,0.00847846,0.00847846,177,1,177,177,177
18,80,0.0208589,1,0.0208589,0.0208589,0.0208589,390,1,390,390,390
18,80,0.0130261,1,0.0130261,0.0130261,0.0130261,244,1,244,244,244
18,80,0.00108245,1,0.00108245,0.00108245,0.00108245,15,1,15,15,15
18,80,0.019536,1,0.019536,0.019536,0.019536,375,1,375,375,375
18,80,0.00689374,1,0.00689374,0.00689374,0.00689374,113,1,113,113,113
18,80,0.00766063,1,0.00766063,0.00766063,0.00766063,147,1,147,147,147
18,80,0.0256761,1,0.0256761,0.0256761,0.0256761,424,1,424,424,424
18,80,0.0271557,1,0.0271557,0.0271557,0.0271557,583,1,583,583,583
18,80,0.00325103,1,0.00325103,0.00325103,0.00325103,54,1,54,54,54
18,80,0.0238189,1,0.0238189,0.0238189,0.0238189,487,1,487,487,487
18,80,0.00834645,1,0.00834645,0.00834645,0.00834645,124,1,124,124,124
18,80,0.0159413,1,0.0159413,0.0159413,0.0159413,301,1,301,301,301
18,80,0.00546039,1,0.00546039,0.00546039,0.00546039,99,1,99,99,99
18,80,0.0209951,1,0.0209951,0.0209951,0.0209951,385,1,385,385,385
18,80,0.0173432,1,0.0173432,0.0173432,0.0173432,308,1,308,308,308
18,80,0.0202406,1,0.0202406,0.0202406,0.0202406,421,1,421,421,421
18,80,0.00905855,1,0.00905855,0.00905855,0.00905855,169,1,169,169,169
18,80,0.0427656,1,0.0427656,0.0427656,0.0427656,861,1,861,861,861
18,80,0.0047007,1,0.0047007,0.0047007,0.0047007,77,1,77,77,77
18,80,0.0160349,1,0.0160349,0.0160349,0.0160349,283,1,283,283,283
18,80,0.00833013,1,0.00833013,0.00833013,0.00833013,147,1,147,147,147
18,80,0.00350144,1,0.00350144,0.00350144,0.00350144,57,1,57,57,57
18,80,0.0181037,1,0.0181037,0.0181037,0.0181037,310,1,310,310,310
18,80,0.00488129,1,0.00488129,0.00488129,0.00488129,97,1,97,97,97
18,80,0.00881968,1,0.00881968,0.00881968,0.00881968,135,1,135,135,135
18,80,0.0157206,1,0.0157206,0.0157206,0.0157206,292,1,292,292,292
18,80,0.0309431,1,0.0309431,0.0309431,0.0309431,569,1,569,569,569
18,80,0.00623535,1,0.00623535,0.00623535,0.00623535,107,1,107,107,107
18,80,0.0025991,1,0.0025991,0.0025991,0.0025991,40,1,40,40,40
18,80,0.010589,1,0.010589,0.010589,0.010589,172,1,172,172,172
18,80,0.0190785,1,0.0190785,0.0190785,0.0190785,339,1,339,339,339
18,80,0.0102685,1,0.0102685,0.0102685,0.0102685,190,1,190,190,190
18,80,0.00856894,1,0.00856894,0.00856894,0.00856894,153,1,153,153,153
18,80,0.0221364,1,0.0221364,0.0221364,0.0221364,440,1,440,440,440
18,80,0.0125663,1,0.0125663,0.0125663,0.0125663,249,1,249,249,249
18,80,0.0288393,1,0.0288393,0.0288393,0.0288393,580,1,580,580,580
18,80,0.0068776,1,0.0068776,0.0068776,0.0068776,138,1,138,138,138
18,80,0.0288807,1,0.0288807,0.0288807,0.0288807,544,1,544,544,544
18,80,0.00585634,1,0.00585634,0.00585634,0.00585634,95,1,95,95,95
18,80,0.0225027,1,0.0225027,0.0225027,0.0225027,443,1,443,443,443
18,80,0.0051702,1,0.0051702,0.0051702,0.0051702,101,1,101,101,101
18,80,0.0176299,1,0.0176299,0.0176299,0.0176299,340,1,340,340,340
18,80,0.0124949,1,0.0124949,0.0124949,0.0124949,226,1,226,226,226
18,80,0.00607833,1,0.00607833,0.00607833,0.00607833,95,1,95,95,95
18,80,0.0200048,1,0.0200048,0.0200048,0.0200048,355,1,355,355,355
18,80,0.0235407,1,0.0235407,0.0235407,0.0235407,405,1,405,405,405
18,80,0.0271914,1,0.0271914,0.0271914,0.0271914,430,1,430,430,430
18,80,0.0058108,1,0.0058108,0.0058108,0.0058108,110,1,110,110,110
18,80,0.00815751,1,0.00815751,0.00815751,0.00815751,133,1,133,133,133
18,80,0.0206558,1,0.0206558,0.0206558,0.0206558,359,1,359,359,359
18,80,0.00230059,1,0.00230059,0.00230059,0.00230059,33,1,33,33,33
18,80,0.00610652,1,0.00610652,0.00610652,0.00610652,114,1,114,114,114
18,80,0.0171717,1,0.0171717,0.0171717,0.0171717,280,1,280,280,280
18,80,0.0161559,1,0.0161559,0.0161559,0.0161559,303,1,303,303,303
18,80,0.00895186,1,0.00895186,0.00895186,0.00895186,135,1,135,135,135
18,80,0.029161,1,0.029161,0.029161,0.029161,582,1,582,582,582
18,80,0.00364,1,0.00364,0.00364,0.00364,56,1,56,56,56
18,80,0.0185233,1,0.0185233,0.0185233,0.0185233,350,1,350,350,350
18,80,0.0295175,1,0.0295175,0.0295175,0.0295175,634,1,634,634,634
18,80,0.0113331,1,0.0113331,0.0113331,0.0113331,207,1,207,207,207
18,80,0.0278202,1,0.0278202,0.0278202,0.0278202,586,1,586,586,586
18,80,0.0108526,1,0.0108526,0.0108526,0.0108526,197,1,197,197,197
18,80,0.0184196,1,0.0184196,0.0184196,0.0184196,356,1,356,356,356
18,80,0.043036,1,0.043036,0.043036,0.043036,772,1,772,772,772
18,80,0.0284008,1,0.0284008,0.0284008,0.0284008,572,1,572,572,572
18,80,0.0128565,1,0.0128565,0.0128565,0.0128565,266,1,266,266,266
18,80,0.0113271,1,0.0113271,0.0113271,0.0113271,204,1,204,204,204
18,80,0.0428182,1,0.0428182,0.0428182,0.0428182,911,1,911,911,911
18,80,0.00472224,1,0.00472224,0.00472224,0.00472224,94,1,94,94,94
18,80,0.00314876,1,0.00314876,0.00314876,0.00314876,53,1,53,53,53
18,80,0.0123237,1,0.0123237,0.0123237,0.0123237,245,1,245,245,245
18,80,0.0474874,1,0.0474874,0.0474874,0.0474874,1036,1,1036,1036,1036
18,80,0.0520622,1,0.0520622,0.0520622,0.0520622,876,1,876,876,876
18,80,0.00586338,1,0.00586338,0.00586338,0.00586338,107,1,107,107,107
18,80,0.00760763,1,0.00760763,0.00760763,0.00760763,153,1,153,153,153
18,80,0.00753264,1,0.00753264,0.00753264,0.00753264,137,1,137,137,137
18,80,0.0339988,1,0.0339988,0.0339988,0.0339988,708,1,708,708,708
18,80,0.0046426,1,0.0046426,0.0046426,0.0046426,81,1,81,81,81
18,80,0.022452,1,0.022452,0.022452,0.022452,456,1,456,456,456
18,80,0.0261759,1,0.0261759,0.0261759,0.0261759,534,1,534,534,534
18,80,0.0351399,1,0.0351399,0.0351399,0.0351399,795,1,795,795,795
18,80,0.0168663,1,0.0168663,0.0168663,0.0168663,295,1,295,295,295
18,80,0.00515725,1,0.00515725,0.00515725,0.00515725,89,1,89,89,89
18,80,0.00795453,1,0.00795453,0.00795453,0.00795453,128,1,128,128,128
18,80,0.00697156,1,0.00697156,0.00697156,0.00697156,124,1,124,124,124
18,80,0.0353601,1,0.0353601,0.0353601,0.0353601,687,1,687,687,687
18,80,0.0137825,1,0.0137825,0.0137825,0.0137825,250,1,250,250,250
18,80,0.00736541,1,0.00736541,0.00736541,0.00736541,124,1,124,124,124
18,80,0.00525284,1,0.00525284,0.00525284,0.00525284,88,1,88,88,88
18,80,0.0303456,1,0.0303456,0.0303456,0.0303456,550,1,550,550,550
18,80,0.0130098,1,0.0130098,0.0130098,0.0130098,207,1,207,207,207
18,80,0.0212906,1,0.0212906,0.0212906,0.0212906,406,1,406,406,406
18,80,0.00828919,1,0.00828919,0.00828919,0.00828919,147,1,147,147,147
18,80,0.00603641,1,0.00603641,0.00603641,0.00603641,117,1,117,117,117
18,80,0.031179,1,0.031179,0.031179,0.031179,670,1,670,670,670
18,80,0.00774076,1,0.00774076,0.00774076,0.00774076,127,1,127,127,127
18,80,0.00310748,1,0.00310748,0.00310748,0.00310748,53,1,53,53,53
18,80,0.0356555,1,0.0356555,0.0356555,0.0356555,672,1,672,672,672
18,80,0.032743,1,0.032743,0.032743,0.032743,562,1,562,562,562
18,80,0.030207,1,0.030207,0.030207,0.030207,594,1,594,594,594
18,80,0.00624806,1,0.00624806,0.00624806,0.00624806,103,1,103,103,103
18,80,0.00322668,1,0.00322668,0.00322668,0.00322668,56,1,56,56,56
18,80,0.00502813,1,0.00502813,0.00502813,0.00502813,91,1,91,91,91
18,80,0.0146696,1,0.0146696,0.0146696,0.0146696,278,1,278,278,278
18,80,0.0181232,1,0.0181232,0.0181232,0.0181232,359,1,359,359,359
18,80,0.0251557,1,0.0251557,0.0251557,0.0251557,462,1,462,462,462
18,80,0.0148064,1,0.0148064,0.0148064,0.0148064,307,1,307,307,307
18,80,0.00720336,1,0.00720336,0.00720336,0.00720336,137,1,137,137,137
18,80,0.00673773,1,0.00673773,0.00673773,0.00673773,129,1,129,129,129
18,80,0.012207,1,0.012207,0.012207,0.012207,226,1,226,226,226
18,80,0.00670183,1,0.00670183,0.00670183,0.00670183,127,1,127,127,127
18,80,0.00788412,1,0.00788412,0.00788412,0.00788412,155,1,155,155,155
18,80,0.00910708,1,0.00910708,0.00910708,0.00910708,151,1,151,151,151
18,80,0.0078902,1,0.0078902,0.0078902,0.0078902,147,1,147,147,147
18,80,0.00870775,1,0.00870775,0.00870775,0.00870775,169,1,169,169,169
18,80,0.0233799,1,0.0233799,0.0233799,0.0233799,441,1,441,441,441
18,80,0.018132,1,0.018132,0.018132,0.018132,313,1,313,313,313
18,80,0.0060004,1,0.0060004,0.0060004,0.0060004,118,1,118,118,118
18,80,0.00499419,1,0.00499419,0.00499419,0.00499419,92,1,92,92,92
18,80,0.00661474,1,0.00661474,0.00661474,0.00661474,93,1,93,93,93
18,80,0.00883598,1,0.00883598,0.00883598,0.00883598,152,1,152,152,152
18,80,0.00677222,1,0.00677222,0.00677222,0.00677222,122,1,122,122,122
18,80,0.00952369,1,0.00952369,0.00952369,0.00952369,155,1,155,155,155
18,80,0.0023228,1,0.0023228,0.0023228,0.0023228,40,1,40,40,40
18,80,0.00273362,1,0.00273362,0.00273362,0.00273362,42,1,42,42,42
18,80,0.0164903,1,0.0164903,0.0164903,0.0164903,279,1,279,279,279
18,80,0.0280592,1,0.0280592,0.0280592,0.0280592,527,1,527,527,527
18,80,0.0217192,1,0.0217192,0.0217192,0.0217192,477,1,477,477,477
18,80,0.010823,1,0.010823,0.010823,0.010823,181,1,181,181,181
18,80,0.032579,1,0.032579,0.032579,0.032579,616,1,616,616,616
18,80,0.00474398,1,0.00474398,0.00474398,0.00474398,84,1,84,84,84
18,80,0.00680323,1,0.00680323,0.00680323,0.00680323,115,1,115,115,115
18,80,0.0437173,1,0.0437173,0.0437173,0.0437173,831,1,831,831,831
18,80,0.00251448,1,0.00251448,0.00251448,0.00251448,38,1,38,38,38
18,80,0.0249892,1,0.0249892,0.0249892,0.0249892,449,1,449,449,449
18,80,0.0115373,1,0.0115373,0.0115373,0.0115373,216,1,216,216,216
18,80,0.0125644,1,0.0125644,0.0125644,0.0125644,228,1,228,228,228
18,80,0.0116956,1,0.0116956,0.0116956,0.0116956,199,1,199,199,199
18,80,0.0320615,1,0.0320615,0.0320615,0.0320615,569,1,569,569,569
18,80,0.0156074,1,0.0156074,0.0156074,0.0156074,293,1,293,293,293
18,80,0.00498294,1,0.00498294,0.00498294,0.00498294,82,1,82,82,82
18,80,0.0296522,1,0.0296522,0.0296522,0.0296522,563,1,563,563,563
18,80,0.0150752,1,0.0150752,0.0150752,0.0150752,276,1,276,276,276
18,80,0.00685491,1,0.00685491,0.00685491,0.00685491,131,1,131,131,131
18,80,0.00987083,1,0.00987083,0.00987083,0.00987083,157,1,157,157,157
18,80,0.00502046,1,0.00502046,0.00502046,0.00502046,78,1,78,78,78
18,80,0.00901085,1,0.00901085,0.00901085,0.00901085,171,1,171,171,171
18,80,0.0214467,1,0.0214467,0.0214467,0.0214467,442,1,442,442,442
18,80,0.0165521,1,0.0165521,0.0165521,0.0165521,313,1,313,313,313
18,80,0.0163979,1,0.0163979,0.0163979,0.0163979,313,1,313,313,313
18,80,0.0284774,1,0.0284774,0.0284774,0.0284774,507,1,507,507,507
18,80,0.019688,1,0.019688,0.019688,0.019688,346,1,346,346,346
18,80,0.00320725,1,0.00320725,0.00320725,0.00320725,58,1,58,58,58
18,80,0.0203411,1,0.0203411,0.0203411,0.0203411,351,1,351,351,351
18,80,0.0293493,1,0.0293493,0.0293493,0.0293493,593,1,593,593,593
18,80,0.0115772,1,0.0115772,0.0115772,0.0115772,187,1,187,187,187
18,80,0.00621421,1,0.00621421,0.00621421,0.00621421,127,1,127,127,127
18,80,0.0244642,1,0.0244642,0.0244642,0.0244642,460,1,460,460,460
18,80,0.0174214,1,0.0174214,0.0174214,0.0174214,317,1,317,317,317
18,80,0.00179629,1,0.00179629,0.00179629,0.00179629,30,1,30,30,30
18,80,0.0139084,1,0.0139084,0.0139084,0.0139084,266,1,266,266,266
18,80,0.0110488,1,0.0110488,0.0110488,0.0110488,202,1,202,202,202
18,80,0.0128285,1,0.0128285,0.0128285,0.0128285,187,1,187,187,187
18,80,0.0181635,1,0.0181635,0.0181635,0.0181635,285,1,285,285,285
18,80,0.00526231,1,0.00526231,0.00526231,0.00526231,92,1,92,92,92
18,80,0.0258157,1,0.0258157,0.0258157,0.0258157,542,1,542,542,542
18,80,0.0236843,1,0.0236843,0.0236843,0.0236843,464,1,464,464,464
18,80,0.0145525,1,0.0145525,0.0145525,0.0145525,284,1,284,284,284
18,80,0.00386867,1,0.00386867,0.00386867,0.00386867,68,1,68,68,68
18,80,0.0184305,1,0.0184305,0.0184305,0.0184305,315,1,315,315,315
18,80,0.0516365,1,0.0516365,0.0516365,0.0516365,1046,1,1046,1046,1046
18,80,0.0108836,1,0.0108836,0.0108836,0.0108836,186,1,186,186,186
18,80,0.00462798,1,0.00462798,0.00462798,0.00462798,67,1,67,67,67
18,80,0.0218431,1,0.0218431,0.0218431,0.0218431,379,1,379,379,379
18,80,0.00391992,1,0.00391992,0.00391992,0.00391992,63,1,63,63,63
18,80,0.0219515,1,0.0219515,0.0219515,0.0219515,367,1,367,367,367
18,80,0.0239508,1,0.0239508,0.0239508,0.0239508,425,1,425,425,425
18,80,0.0163449,1,0.0163449,0.0163449,0.0163449,336,1,336,336,336
18,80,0.00527377,1,0.00527377,0.00527377,0.00527377,82,1,82,82,82
18,80,0.00426778,1,0.00426778,0.00426778,0.00426778,64,1,64,64,64
18,80,0.0543994,1,0.0543994,0.0543994,0.0543994,1047,1,1047,1047,1047
18,80,0.0215874,1,0.0215874,0.0215874,0.0215874,389,1,389,389,389
18,80,0.0157718,1,0.0157718,0.0157718,0.0157718,261,1,261,261,261
18,80,0.00921315,1,0.00921315,0.00921315,0.00921315,175,1,175,175,175
18,80,0.0583509,1,0.0583509,0.0583509,0.0583509,1085,1,1085,1085,1085
18,80,0.0344921,1,0.0344921,0.0344921,0.0344921,713,1,713,713,713
18,80,0.00763221,1,0.00763221,0.00763221,0.00763221,149,1,149,149,149
18,80,0.00693409,1,0.00693409,0.00693409,0.00693409,139,1,139,139,139
18,80,0.0361658,1,0.0361658,0.0361658,0.0361658,626,1,626,626,626
18,80,0.0289207,1,0.0289207,0.0289207,0.0289207,449,1,449,449,449
18,80,0.0171895,1,0.0171895,0.0171895,0.0171895,317,1,317,317,317
18,80,0.0281912,1,0.0281912,0.0281912,0.0281912,575,1,575,575,575
18,80,0.0393652,1,0.0393652,0.0393652,0.0393652,814,1,814,814,814
18,80,0.0106764,1,0.0106764,0.0106764,0.0106764,195,1,195,195,195
18,80,0.0142006,1,0.0142006,0.0142006,0.0142006,275,1,275,275,275
18,80,0.0141609,1,0.0141609,0.0141609,0.0141609,242,1,242,242,242
18,80,0.00704498,1,0.00704498,0.00704498,0.00704498,106,1,106,106,106
18,80,0.0133007,1,0.0133007,0.0133007,0.0133007,228,1,228,228,228
18,80,0.00590149,1,0.00590149,0.00590149,0.00590149,100,1,100,100,100
18,80,0.00402413,1,0.00402413,0.00402413,0.00402413,71,1,71,71,71
18,80,0.00667619,1,0.00667619,0.00667619,0.00667619,136,1,136,136,136
18,80,0.010286,1,0.010286,0.010286,0.010286,201,1,201,201,201
18,80,0.00362354,1,0.00362354,0.00362354,0.00362354,61,1,61,61,61
18,80,0.0063824,1,0.0063824,0.0063824,0.0063824,95,1,95,95,95
18,80,0.00631269,1,0.00631269,0.00631269,0.00631269,93,1,93,93,93
18,80,0.00525875,1,0.00525875,0.00525875,0.00525875,90,1,90,90,90
18,80,0.00651829,1,0.00651829,0.00651829,0.00651829,94,1,94,94,94
18,80,0.00323464,1,0.00323464,0.00323464,0.00323464,44,1,44,44,44
18,80,0.00265157,1,0.00265157,0.00265157,0.00265157,43,1,43,43,43
18,80,0.014429,1,0.014429,0.014429,0.014429,238,1,238,238,238
18,80,0.0279449,1,0.0279449,0.0279449,0.0279449,566,1,566,566,566
18,80,0.0265816,1,0.0265816,0.0265816,0.0265816,528,1,528,528,528
18,80,0.00206752,1,0.00206752,0.00206752,0.00206752,32,1,32,32,32
18,80,0.0166435,1,0.0166435,0.0166435,0.0166435,261,1,261,261,261
18,80,0.00572594,1,0.00572594,0.00572594,0.00572594,94,1,94,94,94
18,80,0.0149971,1,0.0149971,0.0149971,0.0149971,338,1,338,338,338
18,80,0.0428265,1,0.0428265,0.0428265,0.0428265,730,1,730,730,730
18,80,0.00392404,1,0.00392404,0.00392404,0.00392404,65,1,65,65,65
18,80,0.0250925,1,0.0250925,0.0250925,0.0250925,441,1,441,441,441
18,80,0.0249172,1,0.0249172,0.0249172,0.0249172,490,1,490,490,490
18,80,0.00739845,1,0.00739845,0.00739845,0.00739845,126,1,126,126,126
18,80,0.0388269,1,0.0388269,0.0388269,0.0388269,723,1,723,723,723
18,80,0.0260903,1,0.0260903,0.0260903,0.0260903,538,1,538,538,538
18,80,0.0419181,1,0.0419181,0.0419181,0.0419181,804,1,804,804,804
18,80,0.00487547,1,0.00487547,0.00487547,0.00487547,97,1,97,97,97
18,80,0.0166227,1,0.0166227,0.0166227,0.0166227,290,1,290,290,290
18,80,0.0110952,1,0.0110952,0.0110952,0.0110952,191,1,191,191,191
18,80,0.00342219,1,0.00342219,0.00342219,0.00342219,66,1,66,66,66
18,80,0.0053504,1,0.0053504,0.0053504,0.0053504,111,1,111,111,111
18,80,0.00718907,1,0.00718907,0.00718907,0.00718907,125,1,125,125,125
18,80,0.0027634,1,0.0027634,0.0027634,0.0027634,45,1,45,45,45
18,80,0.00554261,1,0.00554261,0.00554261,0.00554261,97,1,97,97,97
18,80,0.00931764,1,0.00931764,0.00931764,0.00931764,137,1,137,137,137
18,80,0.00302992,1,0.00302992,0.00302992,0.00302992,50,1,50,50,50
18,80,0.0064436,1,0.0064436,0.0064436,0.0064436,128,1,128,128,128
18,80,0.0256904,1,0.0256904,0.0256904,0.0256904,449,1,449,449,449
18,80,0.01413,1,0.01413,0.01413,0.01413,246,1,246,246,246
18,80,0.031657,1,0.031657,0.031657,0.031657,602,1,602,602,602
18,80,0.00838199,1,0.00838199,0.00838199,0.00838199,159,1,159,159,159
18,80,0.00198197,1,0.00198197,0.00198197,0.00198197,34,1,34,34,34
18,80,0.0135917,1,0.0135917,0.0135917,0.0135917,246,1,246,246,246
18,80,0.01355,1,0.01355,0.01355,0.01355,214,1,214,214,214
18,80,0.0162972,1,0.0162972,0.0162972,0.0162972,308,1,308,308,308
18,80,0.0189506,1,0.0189506,0.0189506,0.0189506,347,1,347,347,347
18,80,0.0166214,1,0.0166214,0.0166214,0.0166214,308,1,308,308,308
18,80,0.00720824,1,0.00720824,0.00720824,0.00720824,133,1,133,133,133
18,80,0.0109264,1,0.0109264,0.0109264,0.0109264,249,1,249,249,249
18,80,0.013657,1,0.013657,0.013657,0.013657,258,1,258,258,258
18,80,0.00856996,1,0.00856996,0.00856996,0.00856996,162,1,162,162,162
18,80,0.0326497,1,0.0326497,0.0326497,0.0326497,746,1,746,746,746
18,80,0.00158092,1,0.00158092,0.00158092,0.00158092,22,1,22,22,22
18,80,0.0141254,1,0.0141254,0.0141254,0.0141254,280,1,280,280,280
18,80,0.0480641,1,0.0480641,0.0480641,0.0480641,1111,1,1111,1111,1111
18,80,0.107321,1,0.107321,0.107321,0.107321,2321,1,2321,2321,2321
18,80,0.0119377,1,0.0119377,0.0119377,0.0119377,228,1,228,228,228
18,80,0.0119017,1,0.0119017,0.0119017,0.0119017,254,1,254,254,254
18,80,0.0110775,1,0.0110775,0.0110775,0.0110775,190,1,190,190,190
18,80,0.0175033,1,0.0175033,0.0175033,0.0175033,350,1,350,350,350
18,80,0.00288687,1,0.00288687,0.00288687,0.00288687,40,1,40,40,40
18,80,0.0038508,1,0.0038508,0.0038508,0.0038508,67,1,67,67,67
18,80,0.0127918,1,0.0127918,0.0127918,0.0127918,191,1,191,191,191
18,80,0.00255522,1,0.00255522,0.00255522,0.00255522,44,1,44,44,44
18,80,0.0171733,1,0.0171733,0.0171733,0.0171733,347,1,347,347,347
18,80,0.0199665,1,0.0199665,0.0199665,0.0199665,359,1,359,359,359
18,80,0.0260228,1,0.0260228,0.0260228,0.0260228,455,1,455,455,455
18,80,0.00358544,1,0.00358544,0.00358544,0.00358544,61,1,61,61,61
18,80,0.00876758,1,0.00876758,0.00876758,0.00876758,199,1,199,199,199
18,80,0.0187848,1,0.0187848,0.0187848,0.0187848,399,1,399,399,399
18,80,0.0205068,1,0.0205068,0.0205068,0.0205068,445,1,445,445,445
18,80,0.0109808,1,0.0109808,0.0109808,0.0109808,185,1,185,185,185
18,80,0.0170309,1,0.0170309,0.0170309,0.0170309,305,1,305,305,305
18,80,0.00214283,1,0.00214283,0.00214283,0.00214283,31,1,31,31,31
18,80,0.0225758,1,0.0225758,0.0225758,0.0225758,320,1,320,320,320
18,80,0.00888274,1,0.00888274,0.00888274,0.00888274,134,1,134,134,134
18,80,0.00630856,1,0.00630856,0.00630856,0.00630856,108,1,108,108,108
18,80,0.0187982,1,0.0187982,0.0187982,0.0187982,345,1,345,345,345
18,80,0.00377403,1,0.00377403,0.00377403,0.00377403,68,1,68,68,68
18,80,0.0206496,1,0.0206496,0.0206496,0.0206496,379,1,379,379,379
18,80,0.0354066,1,0.0354066,0.0354066,0.0354066,672,1,672,672,672
18,80,0.00371123,1,0.00371123,0.00371123,0.00371123,62,1,62,62,62
18,80,0.00755225,1,0.00755225,0.00755225,0.00755225,133,1,133,133,133
18,80,0.0134632,1,0.0134632,0.0134632,0.0134632,260,1,260,260,260
18,80,0.0110942,1,0.0110942,0.0110942,0.0110942,207,1,207,207,207
18,80,0.0151063,1,0.0151063,0.0151063,0.0151063,279,1,279,279,279
18,80,0.0251116,1,0.0251116,0.0251116,0.0251116,487,1,487,487,487
18,80,0.0143493,1,0.0143493,0.0143493,0.0143493,288,1,288,288,288
18,80,0.00463836,1,0.00463836,0.00463836,0.00463836,79,1,79,79,79
18,80,0.0291296,1,0.0291296,0.0291296,0.0291296,520,1,520,520,520
18,80,0.0135894,1,0.0135894,0.0135894,0.0135894,229,1,229,229,229
18,80,0.0191574,1,0.0191574,0.0191574,0.0191574,326,1,326,326,326
18,80,0.010516,1,0.010516,0.010516,0.010516,203,1,203,203,203
18,80,0.0147581,1,0.0147581,0.0147581,0.0147581,282,1,282,282,282
18,80,0.011835,1,0.011835,0.011835,0.011835,232,1,232,232,232
18,80,0.00382896,1,0.00382896,0.00382896,0.00382896,61,1,61,61,61
18,80,0.0093198,1,0.0093198,0.0093198,0.0093198,182,1,182,182,182
18,80,0.0118081,1,0.0118081,0.0118081,0.0118081,227,1,227,227,227
18,80,0.0122539,1,0.0122539,0.0122539,0.0122539,215,1,215,215,215
18,80,0.00603886,1,0.00603886,0.00603886,0.00603886,125,1,125,125,125
18,80,0.0101026,1,0.0101026,0.0101026,0.0101026,210,1,210,210,210
18,80,0.0389938,1,0.0389938,0.0389938,0.0389938,809,1,809,809,809
18,80,0.0104966,1,0.0104966,0.0104966,0.0104966,185,1,185,185,185
18,80,0.0297007,1,0.0297007,0.0297007,0.0297007,590,1,590,590,590
18,80,0.0115214,1,0.0115214,0.0115214,0.0115214,243,1,243,243,243
18,80,0.0240568,1,0.0240568,0.0240568,0.0240568,444,1,444,444,444
18,80,0.0287534,1,0.0287534,0.0287534,0.0287534,526,1,526,526,526
18,80,0.00952062,1,0.00952062,0.00952062,0.00952062,143,1,143,143,143
18,80,0.00769256,1,0.00769256,0.00769256,0.00769256,116,1,116,116,116
18,80,0.00444708,1,0.00444708,0.00444708,0.00444708,79,1,79,79,79
18,80,0.0163385,1,0.0163385,0.0163385,0.0163385,293,1,293,293,293
18,80,0.00219962,1,0.00219962,0.00219962,0.00219962,29,1,29,29,29
18,80,0.0263601,1,0.0263601,0.0263601,0.0263601,463,1,463,463,463
18,80,0.0123367,1,0.0123367,0.0123367,0.0123367,240,1,240,240,240
18,80,0.00933978,1,0.00933978,0.00933978,0.00933978,192,1,192,192,192
18,80,0.00870916,1,0.00870916,0.00870916,0.00870916,139,1,139,139,139
18,80,0.0131694,1,0.0131694,0.0131694,0.0131694,266,1,266,266,266
18,80,0.0475354,1,0.0475354,0.0475354,0.0475354,1048,1,1048,1048,1048
18,80,0.0408628,1,0.0408628,0.0408628,0.0408628,736,1,736,736,736
18,80,0.00124163,1,0.00124163,0.00124163,0.00124163,18,1,18,18,18
18,80,0.0206209,1,0.0206209,0.0206209,0.0206209,379,1,379,379,379
18,80,0.0244729,1,0.0244729,0.0244729,0.0244729,449,1,449,449,449
18,80,0.014948,1,0.014948,0.014948,0.014948,290,1,290,290,290
18,80,0.00106516,1,0.00106516,0.00106516,0.00106516,14,1,14,14,14
18,80,0.004964,1,0.004964,0.004964,0.004964,82,1,82,82,82
18,80,0.00672112,1,0.00672112,0.00672112,0.00672112,129,1,129,129,129
18,80,0.00168355,1,0.00168355,0.00168355,0.00168355,27,1,27,27,27
18,80,0.0157607,1,0.0157607,0.0157607,0.0157607,257,1,257,257,257
18,80,0.00226705,1,0.00226705,0.00226705,0.00226705,33,1,33,33,33
18,80,0.00319796,1,0.00319796,0.00319796,0.00319796,64,1,64,64,64
18,80,0.017628,1,0.017628,0.017628,0.017628,279,1,279,279,279
18,80,0.00412325,1,0.00412325,0.00412325,0.00412325,93,1,93,93,93
18,80,0.0248798,1,0.0248798,0.0248798,0.0248798,557,1,557,557,557
18,80,0.0124706,1,0.0124706,0.0124706,0.0124706,204,1,204,204,204
18,80,0.00633115,1,0.00633115,0.00633115,0.00633115,92,1,92,92,92
18,80,0.016853,1,0.016853,0.016853,0.016853,333,1,333,333,333
18,80,0.0072053,1,0.0072053,0.0072053,0.0072053,129,1,129,129,129
18,80,0.0104296,1,0.0104296,0.0104296,0.0104296,161,1,161,161,161
18,80,0.0052307,1,0.0052307,0.0052307,0.0052307,95,1,95,95,95
18,80,0.0299845,1,0.0299845,0.0299845,0.0299845,509,1,509,509,509
18,80,0.0109529,1,0.0109529,0.0109529,0.0109529,163,1,163,163,163
18,80,0.0422582,1,0.0422582,0.0422582,0.0422582,818,1,818,818,818
18,80,0.00993697,1,0.00993697,0.00993697,0.00993697,171,1,171,171,171
18,80,0.000830196,1,0.000830196,0.000830196,0.000830196,11,1,11,11,11
18,80,0.0101119,1,0.0101119,0.0101119,0.0101119,194,1,194,194,194
18,80,0.000986557,1,0.000986557,0.000986557,0.000986557,13,1,13,13,13
18,80,0.0050716,1,0.0050716,0.0050716,0.0050716,89,1,89,89,89
18,80,0.00614294,1,0.00614294,0.00614294,0.00614294,77,1,77,77,77
18,80,0.0230773,1,0.0230773,0.0230773,0.0230773,469,1,469,469,469
18,80,0.00516589,1,0.00516589,0.00516589,0.00516589,81,1,81,81,81
18,80,0.0481717,1,0.0481717,0.0481717,0.0481717,941,1,941,941,941
18,80,0.00370377,1,0.00370377,0.00370377,0.00370377,70,1,70,70,70
18,80,0.0126229,1,0.0126229,0.0126229,0.0126229,227,1,227,227,227
18,80,0.0214834,1,0.0214834,0.0214834,0.0214834,368,1,368,368,368
18,80,0.00868754,1,0.00868754,0.00868754,0.00868754,154,1,154,154,154
18,80,0.0123083,1,0.0123083,0.0123083,0.0123083,228,1,228,228,228
18,80,0.0367875,1,0.0367875,0.0367875,0.0367875,744,1,744,744,744
18,80,0.00623719,1,0.00623719,0.00623719,0.00623719,102,1,102,102,102
18,80,0.0149382,1,0.0149382,0.0149382,0.0149382,260,1,260,260,260
18,80,0.00306135,1,0.00306135,0.00306135,0.00306135,52,1,52,52,52
18,80,0.0408056,1,0.0408056,0.0408056,0.0408056,663,1,663,663,663
18,80,0.032624,1,0.032624,0.032624,0.032624,580,1,580,580,580
18,80,0.0245717,1,0.0245717,0.0245717,0.0245717,478,1,478,478,478
18,80,0.00720176,1,0.00720176,0.00720176,0.00720176,121,1,121,121,121
18,80,0.0418926,1,0.0418926,0.0418926,0.0418926,739,1,739,739,739
18,80,0.00608404,1,0.00608404,0.00608404,0.00608404,113,1,113,113,113
18,80,0.0210661,1,0.0210661,0.0210661,0.0210661,383,1,383,383,383
18,80,0.0112877,1,0.0112877,0.0112877,0.0112877,198,1,198,198,198
18,80,0.00512222,1,0.00512222,0.00512222,0.00512222,99,1,99,99,99
18,80,0.00618439,1,0.00618439,0.00618439,0.00618439,125,1,125,125,125
18,80,0.0212076,1,0.0212076,0.0212076,0.0212076,414,1,414,414,414
18,80,0.022625,1,0.022625,0.022625,0.022625,467,1,467,467,467
18,80,0.0168423,1,0.0168423,0.0168423,0.0168423,348,1,348,348,348
18,80,0.00958064,1,0.00958064,0.00958064,0.00958064,181,1,181,181,181
18,80,0.0209938,1,0.0209938,0.0209938,0.0209938,406,1,406,406,406
18,80,0.0187527,1,0.0187527,0.0187527,0.0187527,390,1,390,390,390
18,80,0.0144616,1,0.0144616,0.0144616,0.0144616,219,1,219,219,219
18,80,0.0840117,1,0.0840117,0.0840117,0.0840117,1661,1,1661,1661,1661
18,80,0.00348737,1,0.00348737,0.00348737,0.00348737,61,1,61,61,61
18,80,0.0156282,1,0.0156282,0.0156282,0.0156282,317,1,317,317,317
18,80,0.00522602,1,0.00522602,0.00522602,0.00522602,102,1,102,102,102
18,80,0.00212482,1,0.00212482,0.00212482,0.00212482,32,1,32,32,32
18,80,0.0354724,1,0.0354724,0.0354724,0.0354724,602,1,602,602,602
18,80,0.0354555,1,0.0354555,0.0354555,0.0354555,657,1,657,657,657
18,80,0.00324297,1,0.00324297,0.00324297,0.00324297,55,1,55,55,55
18,80,0.0230827,1,0.0230827,0.0230827,0.0230827,406,1,406,406,406
18,80,0.00591258,1,0.00591258,0.00591258,0.00591258,94,1,94,94,94
18,80,0.0860552,1,0.0860552,0.0860552,0.0860552,1700,1,1700,1700,1700
18,80,0.0203458,1,0.0203458,0.0203458,0.0203458,441,1,441,441,441
18,80,0.00889541,1,0.00889541,0.00889541,0.00889541,157,1,157,157,157
18,80,0.00865989,1,0.00865989,0.00865989,0.00865989,187,1,187,187,187
18,80,0.0425584,1,0.0425584,0.0425584,0.0425584,792,1,792,792,792
18,80,0.0135065,1,0.0135065,0.0135065,0.0135065,245,1,245,245,245
18,80,0.0244934,1,0.0244934,0.0244934,0.0244934,489,1,489,489,489
18,80,0.00920396,1,0.00920396,0.00920396,0.00920396,186,1,186,186,186
18,80,0.0363861,1,0.0363861,0.0363861,0.0363861,648,1,648,648,648
18,80,0.00499853,1,0.00499853,0.00499853,0.00499853,78,1,78,78,78
18,80,0.0120253,1,0.0120253,0.0120253,0.0120253,236,1,236,236,236
18,80,0.0130913,1,0.0130913,0.0130913,0.0130913,256,1,256,256,256
18,80,0.00937957,1,0.00937957,0.00937957,0.00937957,195,1,195,195,195
18,80,0.0261538,1,0.0261538,0.0261538,0.0261538,453,1,453,453,453
18,80,0.00334892,1,0.00334892,0.00334892,0.00334892,49,1,49,49,49
18,80,0.00533458,1,0.00533458,0.00533458,0.00533458,91,1,91,91,91
18,80,0.0208854,1,0.0208854,0.0208854,0.0208854,383,1,383,383,383
18,80,0.0085462,1,0.0085462,0.0085462,0.0085462,150,1,150,150,150
18,80,0.0117815,1,0.0117815,0.0117815,0.0117815,204,1,204,204,204
18,80,0.0137899,1,0.0137899,0.0137899,0.0137899,263,1,263,263,263
18,80,0.00540126,1,0.00540126,0.00540126,0.00540126,119,1,119,119,119
18,80,0.00219287,1,0.00219287,0.00219287,0.00219287,45,1,45,45,45
18,80,0.0130393,1,0.0130393,0.0130393,0.0130393,286,1,286,286,286
18,80,0.00359846,1,0.00359846,0.00359846,0.00359846,60,1,60,60,60
18,80,0.0396185,1,0.0396185,0.0396185,0.0396185,707,1,707,707,707
18,80,0.0137496,1,0.0137496,0.0137496,0.0137496,253,1,253,253,253
18,80,0.00388624,1,0.00388624,0.00388624,0.00388624,76,1,76,76,76
18,80,0.0316111,1,0.0316111,0.0316111,0.0316111,571,1,571,571,571
18,80,0.0220117,1,0.0220117,0.0220117,0.0220117,430,1,430,430,430
18,80,0.00901525,1,0.00901525,0.00901525,0.00901525,156,1,156,156,156
18,80,0.0140558,1,0.0140558,0.0140558,0.0140558,288,1,288,288,288
18,80,0.00366571,1,0.00366571,0.00366571,0.00366571,63,1,63,63,63
18,80,0.00432699,1,0.00432699,0.00432699,0.00432699,70,1,70,70,70
18,80,0.00443106,1,0.00443106,0.00443106,0.00443106,66,1,66,66,66
18,80,0.0072255,1,0.0072255,0.0072255,0.0072255,110,1,110,110,110
18,80,0.0122977,1,0.0122977,0.0122977,0.0122977,206,1,206,206,206
18,80,0.0109093,1,0.0109093,0.0109093,0.0109093,182,1,182,182,182
18,80,0.0197703,1,0.0197703,0.0197703,0.0197703,377,1,377,377,377
18,80,0.0116757,1,0.0116757,0.0116757,0.0116757,188,1,188,188,188
18,80,0.0110649,1,0.0110649,0.0110649,0.0110649,232,1,232,232,232
18,80,0.0252019,1,0.0252019,0.0252019,0.0252019,466,1,466,466,466
18,80,0.037665,1,0.037665,0.037665,0.037665,778,1,778,778,778
18,80,0.00235115,1,0.00235115,0.00235115,0.00235115,42,1,42,42,42
18,80,0.0275914,1,0.0275914,0.0275914,0.0275914,566,1,566,566,566
18,80,0.0324892,1,0.0324892,0.0324892,0.0324892,561,1,561,561,561
18,80,0.00571345,1,0.00571345,0.00571345,0.00571345,108,1,108,108,108
18,80,0.0247613,1,0.0247613,0.0247613,0.0247613,526,1,526,526,526
18,80,0.0149707,1,0.0149707,0.0149707,0.0149707,290,1,290,290,290
18,80,0.0418145,1,0.0418145,0.0418145,0.0418145,834,1,834,834,834
18,80,0.018667,1,0.018667,0.018667,0.018667,392,1,392,392,392
18,80,0.03292,1,0.03292,0.03292,0.03292,566,1,566,566,566
18,80,0.016927,1,0.016927,0.016927,0.016927,312,1,312,312,312
18,80,0.00220301,1,0.00220301,0.00220301,0.00220301,37,1,37,37,37
18,80,0.0252934,1,0.0252934,0.0252934,0.0252934,517,1,517,517,517
18,80,0.0116107,1,0.0116107,0.0116107,0.0116107,231,1,231,231,231
18,80,0.0142575,1,0.0142575,0.0142575,0.0142575,305,1,305,305,305
18,80,0.0257798,1,0.0257798,0.0257798,0.0257798,512,1,512,512,512
18,80,0.00534352,1,0.00534352,0.00534352,0.00534352,79,1,79,79,79
18,80,0.0132341,1,0.0132341,0.0132341,0.0132341,252,1,252,252,252
18,80,0.0273277,1,0.0273277,0.0273277,0.0273277,570,1,570,570,570
18,80,0.0227127,1,0.0227127,0.0227127,0.0227127,384,1,384,384,384
18,80,0.026439,1,0.026439,0.026439,0.026439,504,1,504,504,504
18,80,0.0162969,1,0.0162969,0.0162969,0.0162969,265,1,265,265,265
18,80,0.0191357,1,0.0191357,0.0191357,0.0191357,371,1,371,371,371
18,80,0.0161669,1,0.0161669,0.0161669,0.0161669,294,1,294,294,294
18,80,0.00802368,1,0.00802368,0.00802368,0.00802368,170,1,170,170,170
18,80,0.0250424,1,0.0250424,0.0250424,0.0250424,483,1,483,483,483
18,80,0.0161981,1,0.0161981,0.0161981,0.0161981,262,1,262,262,262
18,80,0.017193,1,0.017193,0.017193,0.017193,318,1,318,318,318
18,80,0.012804,1,0.012804,0.012804,0.012804,240,1,240,240,240
18,80,0.0368846,1,0.0368846,0.0368846,0.0368846,696,1,696,696,696
18,80,0.00434398,1,0.00434398,0.00434398,0.00434398,73,1,73,73,73
18,80,0.0110953,1,0.0110953,0.0110953,0.0110953,199,1,199,199,199
18,80,0.0115564,1,0.0115564,0.0115564,0.0115564,222,1,222,222,222
18,80,0.0324632,1,0.0324632,0.0324632,0.0324632,598,1,598,598,598
18,80,0.022513,1,0.022513,0.022513,0.022513,496,1,496,496,496
18,80,0.0299518,1,0.0299518,0.0299518,0.0299518,529,1,529,529,529
18,80,0.0387293,1,0.0387293,0.0387293,0.0387293,779,1,779,779,779
18,80,0.0134582,1,0.0134582,0.0134582,0.0134582,272,1,272,272,272
18,80,0.0103233,1,0.0103233,0.0103233,0.0103233,180,1,180,180,180
18,80,0.00388657,1,0.00388657,0.00388657,0.00388657,73,1,73,73,73
18,80,0.0211582,1,0.0211582,0.0211582,0.0211582,389,1,389,389,389
18,80,0.016532,1,0.016532,0.016532,0.016532,315,1,315,315,315
18,80,0.00934373,1,0.00934373,0.00934373,0.00934373,173,1,173,173,173
18,80,0.0124185,1,0.0124185,0.0124185,0.0124185,225,1,225,225,225
18,80,0.00468269,1,0.00468269,0.00468269,0.00468269,84,1,84,84,84
18,80,0.0138409,1,0.0138409,0.0138409,0.0138409,289,1,289,289,289
18,80,0.0146586,1,0.0146586,0.0146586,0.0146586,306,1,306,306,306
18,80,0.0125225,1,0.0125225,0.0125225,0.0125225,216,1,216,216,216
18,80,0.00897162,1,0.00897162,0.00897162,0.00897162,146,1,146,146,146
18,80,0.00538462,1,0.00538462,0.00538462,0.00538462,94,1,94,94,94
18,80,0.0128503,1,0.0128503,0.0128503,0.0128503,220,1,220,220,220
18,80,0.0070789,1,0.0070789,0.0070789,0.0070789,135,1,135,135,135
18,80,0.00989456,1,0.00989456,0.00989456,0.00989456,162,1,162,162,162
18,80,0.0191039,1,0.0191039,0.0191039,0.0191039,335,1,335,335,335
18,80,0.0126653,1,0.0126653,0.0126653,0.0126653,215,1,215,215,215
18,80,0.0417066,1,0.0417066,0.0417066,0.0417066,911,1,911,911,911
18,80,0.0626501,1,0.0626501,0.0626501,0.0626501,1247,1,1247,1247,1247
18,80,0.035083,1,0.035083,0.035083,0.035083,726,1,726,726,726
18,80,0.0108105,1,0.0108105,0.0108105,0.0108105,179,1,179,179,179
18,80,0.0223222,1,0.0223222,0.0223222,0.0223222,417,1,417,417,417
18,80,0.00758999,1,0.00758999,0.00758999,0.00758999,109,1,109,109,109
18,80,0.0365563,1,0.0365563,0.0365563,0.0365563,663,1,663,663,663
18,80,0.0280758,1,0.0280758,0.0280758,0.0280758,590,1,590,590,590
18,80,0.00801495,1,0.00801495,0.00801495,0.00801495,153,1,153,153,153
18,80,0.0113621,1,0.0113621,0.0113621,0.0113621,209,1,209,209,209
18,80,0.0204182,1,0.0204182,0.0204182,0.0204182,297,1,297,297,297
18,80,0.0402034,1,0.0402034,0.0402034,0.0402034,791,1,791,791,791
18,80,0.0165678,1,0.0165678,0.0165678,0.0165678,338,1,338,338,338
18,80,0.0175076,1,0.0175076,0.0175076,0.0175076,331,1,331,331,331
18,80,0.0147991,1,0.0147991,0.0147991,0.0147991,293,1,293,293,293
18,80,0.0145749,1,0.0145749,0.0145749,0.0145749,247,1,247,247,247
18,80,0.0318047,1,0.0318047,0.0318047,0.0318047,657,1,657,657,657
18,80,0.0194341,1,0.0194341,0.0194341,0.0194341,340,1,340,340,340
18,80,0.0255639,1,0.0255639,0.0255639,0.0255639,470,1,470,470,470
18,80,0.00825203,1,0.00825203,0.00825203,0.00825203,135,1,135,135,135
18,80,0.00675514,1,0.00675514,0.00675514,0.00675514,135,1,135,135,135
18,80,0.0128167,1,0.0128167,0.0128167,0.0128167,193,1,193,193,193
18,80,0.018292,1,0.018292,0.018292,0.018292,336,1,336,336,336
18,80,0.00803554,1,0.00803554,0.00803554,0.00803554,148,1,148,148,148
18,80,0.00981025,1,0.00981025,0.00981025,0.00981025,169,1,169,169,169
18,80,0.00583674,1,0.00583674,0.00583674,0.00583674,115,1,115,115,115
18,80,0.00322187,1,0.00322187,0.00322187,0.00322187,56,1,56,56,56
18,80,0.00970467,1,0.00970467,0.00970467,0.00970467,173,1,173,173,173
18,80,0.0296195,1,0.0296195,0.0296195,0.0296195,554,1,554,554,554
18,80,0.0064002,1,0.0064002,0.0064002,0.0064002,124,1,124,124,124
18,80,0.0347345,1,0.0347345,0.0347345,0.0347345,549,1,549,549,549
18,80,0.00691032,1,0.00691032,0.00691032,0.00691032,129,1,129,129,129
18,80,0.00400127,1,0.00400127,0.00400127,0.00400127,73,1,73,73,73
18,80,0.0168622,1,0.0168622,0.0168622,0.0168622,315,1,315,315,315
18,80,0.00140765,1,0.00140765,0.00140765,0.00140765,16,1,16,16,16
18,80,0.00119585,1,0.00119585,0.00119585,0.00119585,17,1,17,17,17
18,80,0.00889312,1,0.00889312,0.00889312,0.00889312,150,1,150,150,150
18,80,0.0127857,1,0.0127857,0.0127857,0.0127857,271,1,271,271,271
18,80,0.014133,1,0.014133,0.014133,0.014133,243,1,243,243,243
18,80,0.0430969,1,0.0430969,0.0430969,0.0430969,860,1,860,860,860
18,80,0.00206491,1,0.00206491,0.00206491,0.00206491,32,1,32,32,32
18,80,0.0206805,1,0.0206805,0.0206805,0.0206805,382,1,382,382,382
18,80,0.00950392,1,0.00950392,0.00950392,0.00950392,143,1,143,143,143
18,80,0.00659251,1,0.00659251,0.00659251,0.00659251,118,1,118,118,118
18,80,0.0194314,1,0.0194314,0.0194314,0.0194314,366,1,366,366,366
18,80,0.00516966,1,0.00516966,0.00516966,0.00516966,90,1,90,90,90
18,80,0.00398294,1,0.00398294,0.00398294,0.00398294,69,1,69,69,69
18,80,0.00625179,1,0.00625179,0.00625179,0.00625179,125,1,125,125,125
18,80,0.0199964,1,0.0199964,0.0199964,0.0199964,404,1,404,404,404
18,80,0.0057018,1,0.0057018,0.0057018,0.0057018,110,1,110,110,110
18,80,0.0186409,1,0.0186409,0.0186409,0.0186409,321,1,321,321,321
18,80,0.00512332,1,0.00512332,0.00512332,0.00512332,96,1,96,96,96
18,80,0.00905074,1,0.00905074,0.00905074,0.00905074,138,1,138,138,138
18,80,0.00548498,1,0.00548498,0.00548498,0.00548498,105,1,105,105,105
18,80,0.0126566,1,0.0126566,0.0126566,0.0126566,277,1,277,277,277
18,80,0.0121038,1,0.0121038,0.0121038,0.0121038,216,1,216,216,216
18,80,0.0359154,1,0.0359154,0.0359154,0.0359154,623,1,623,623,623
18,80,0.0311805,1,0.0311805,0.0311805,0.0311805,543,1,543,543,543
18,80,0.00709138,1,0.00709138,0.00709138,0.00709138,111,1,111,111,111
18,80,0.00617199,1,0.00617199,0.00617199,0.00617199,108,1,108,108,108
18,80,0.0133828,1,0.0133828,0.0133828,0.0133828,276,1,276,276,276
18,80,0.0209169,1,0.0209169,0.0209169,0.0209169,349,1,349,349,349
18,80,0.0070619,1,0.0070619,0.0070619,0.0070619,127,1,127,127,127
18,80,0.0181198,1,0.0181198,0.0181198,0.0181198,337,1,337,337,337
18,80,0.0291903,1,0.0291903,0.0291903,0.0291903,542,1,542,542,542
18,80,0.0274266,1,0.0274266,0.0274266,0.0274266,487,1,487,487,487
18,80,0.013411,1,0.013411,0.013411,0.013411,231,1,231,231,231
18,80,0.0946176,1,0.0946176,0.0946176,0.0946176,2064,1,2064,2064,2064
18,80,0.00370341,1,0.00370341,0.00370341,0.00370341,56,1,56,56,56
18,80,0.0153742,1,0.0153742,0.0153742,0.0153742,275,1,275,275,275
18,80,0.00949946,1,0.00949946,0.00949946,0.00949946,153,1,153,153,153
18,80,0.0743674,1,0.0743674,0.0743674,0.0743674,1607,1,1607,1607,1607
18,80,0.0193004,1,0.0193004,0.0193004,0.0193004,387,1,387,387,387
18,80,0.0526499,1,0.0526499,0.0526499,0.0526499,1083,1,1083,1083,1083
18,80,0.0183592,1,0.0183592,0.0183592,0.0183592,278,1,278,278,278
18,80,0.00172828,1,0.00172828,0.00172828,0.00172828,26,1,26,26,26
18,80,0.0119386,1,0.0119386,0.0119386,0.0119386,214,1,214,214,214
18,80,0.0112717,1,0.0112717,0.0112717,0.0112717,214,1,214,214,214
18,80,0.0227997,1,0.0227997,0.0227997,0.0227997,410,1,410,410,410
18,80,0.00499242,1,0.00499242,0.00499242,0.00499242,103,1,103,103,103
18,80,0.00234678,1,0.00234678,0.00234678,0.00234678,35,1,35,35,35
18,80,0.00802821,1,0.00802821,0.00802821,0.00802821,136,1,136,136,136
18,80,0.00429129,1,0.00429129,0.00429129,0.00429129,72,1,72,72,72
18,80,0.00487189,1,0.00487189,0.00487189,0.00487189,89,1,89,89,89
18,80,0.0577272,1,0.0577272,0.0577272,0.0577272,956,1,956,956,956
18,80,0.0109566,1,0.0109566,0.0109566,0.0109566,203,1,203,203,203
18,80,0.0486646,1,0.0486646,0.0486646,0.0486646,946,1,946,946,946
18,80,0.0167002,1,0.0167002,0.0167002,0.0167002,316,1,316,316,316
18,80,0.00668467,1,0.00668467,0.00668467,0.00668467,110,1,110,110,110
18,80,0.00740736,1,0.00740736,0.00740736,0.00740736,137,1,137,137,137
18,80,0.00917756,1,0.00917756,0.00917756,0.00917756,173,1,173,173,173
18,80,0.00346005,1,0.00346005,0.00346005,0.00346005,56,1,56,56,56
18,80,0.00359719,1,0.00359719,0.00359719,0.00359719,66,1,66,66,66
18,80,0.00713751,1,0.00713751,0.00713751,0.00713751,136,1,136,136,136
18,80,0.0101872,1,0.0101872,0.0101872,0.0101872,177,1,177,177,177
18,80,0.0512287,1,0.0512287,0.0512287,0.0512287,988,1,988,988,988
18,80,0.0136442,1,0.0136442,0.0136442,0.0136442,223,1,223,223,223
18,80,0.026066,1,0.026066,0.026066,0.026066,434,1,434,434,434
18,80,0.0094929,1,0.0094929,0.0094929,0.0094929,160,1,160,160,160
18,80,0.0107171,1,0.0107171,0.0107171,0.0107171,218,1,218,218,218
18,80,0.00377753,1,0.00377753,0.00377753,0.00377753,68,1,68,68,68
18,80,0.00597133,1,0.00597133,0.00597133,0.00597133,100,1,100,100,100
18,80,0.0274291,1,0.0274291,0.0274291,0.0274291,551,1,551,551,551
18,80,0.00720944,1,0.00720944,0.00720944,0.00720944,145,1,145,145,145
18,80,0.0147469,1,0.0147469,0.0147469,0.0147469,297,1,297,297,297
18,80,0.00546076,1,0.00546076,0.00546076,0.00546076,115,1,115,115,115
18,80,0.0139622,1,0.0139622,0.0139622,0.0139622,261,1,261,261,261
18,80,0.0093256,1,0.0093256,0.0093256,0.0093256,206,1,206,206,206
18,80,0.0216682,1,0.0216682,0.0216682,0.0216682,420,1,420,420,420
18,80,0.0107983,1,0.0107983,0.0107983,0.0107983,171,1,171,171,171
18,80,0.0132358,1,0.0132358,0.0132358,0.0132358,249,1,249,249,249
18,80,0.0267225,1,0.0267225,0.0267225,0.0267225,564,1,564,564,564
18,80,0.00207419,1,0.00207419,0.00207419,0.00207419,37,1,37,37,37
18,80,0.0142368,1,0.0142368,0.0142368,0.0142368,286,1,286,286,286
18,80,0.00428752,1,0.00428752,0.00428752,0.00428752,90,1,90,90,90
18,80,0.00350484,1,0.00350484,0.00350484,0.00350484,64,1,64,64,64
18,80,0.00237804,1,0.00237804,0.00237804,0.00237804,40,1,40,40,40
18,80,0.0340706,1,0.0340706,0.0340706,0.0340706,713,1,713,713,713
18,80,0.0317444,1,0.0317444,0.0317444,0.0317444,552,1,552,552,552
18,80,0.0314627,1,0.0314627,0.0314627,0.0314627,693,1,693,693,693
18,80,0.0325623,1,0.0325623,0.0325623,0.0325623,660,1,660,660,660
18,80,0.0151259,1,0.0151259,0.0151259,0.0151259,302,1,302,302,302
18,80,0.00416806,1,0.00416806,0.00416806,0.00416806,77,1,77,77,77
18,80,0.00863222,1,0.00863222,0.00863222,0.00863222,151,1,151,151,151
18,80,0.00605828,1,0.00605828,0.00605828,0.00605828,114,1,114,114,114
18,80,0.00573153,1,0.00573153,0.00573153,0.00573153,118,1,118,118,118
18,80,0.00820294,1,0.00820294,0.00820294,0.00820294,134,1,134,134,134
18,80,0.00807237,1,0.00807237,0.00807237,0.00807237,146,1,146,146,146
18,80,0.0170562,1,0.0170562,0.0170562,0.0170562,350,1,350,350,350
18,80,0.0039819,1,0.0039819,0.0039819,0.0039819,64,1,64,64,64
18,80,0.0398325,1,0.0398325,0.0398325,0.0398325,768,1,768,768,768
18,80,0.0142606,1,0.0142606,0.0142606,0.0142606,242,1,242,242,242
18,80,0.0241067,1,0.0241067,0.0241067,0.0241067,456,1,456,456,456
18,80,0.00555993,1,0.00555993,0.00555993,0.00555993,106,1,106,106,106
18,80,0.00496879,1,0.00496879,0.00496879,0.00496879,94,1,94,94,94
18,80,0.0220617,1,0.0220617,0.0220617,0.0220617,410,1,410,410,410
18,80,0.0116639,1,0.0116639,0.0116639,0.0116639,207,1,207,207,207
18,80,0.0219806,1,0.0219806,0.0219806,0.0219806,436,1,436,436,436
18,80,0.00277144,1,0.00277144,0.00277144,0.00277144,55,1,55,55,55
18,80,0.0175093,1,0.0175093,0.0175093,0.0175093,346,1,346,346,346
18,80,0.0277528,1,0.0277528,0.0277528,0.0277528,552,1,552,552,552
18,80,0.012615,1,0.012615,0.012615,0.012615,253,1,253,253,253
18,80,0.0104077,1,0.0104077,0.0104077,0.0104077,216,1,216,216,216
18,80,0.089385,1,0.089385,0.089385,0.089385,1795,1,1795,1795,1795
18,80,0.0141744,1,0.0141744,0.0141744,0.0141744,240,1,240,240,240
18,80,0.0111024,1,0.0111024,0.0111024,0.0111024,177,1,177,177,177
18,80,0.00981484,1,0.00981484,0.00981484,0.00981484,184,1,184,184,184
18,80,0.0300331,1,0.0300331,0.0300331,0.0300331,592,1,592,592,592
18,80,0.0157635,1,0.0157635,0.0157635,0.0157635,284,1,284,284,284
18,80,0.0159938,1,0.0159938,0.0159938,0.0159938,342,1,342,342,342
18,80,0.0124193,1,0.0124193,0.0124193,0.0124193,239,1,239,239,239
18,80,0.0067506,1,0.0067506,0.0067506,0.0067506,117,1,117,117,117
18,80,0.060422,1,0.060422,0.060422,0.060422,1224,1,1224,1224,1224
18,80,0.00577186,1,0.00577186,0.00577186,0.00577186,108,1,108,108,108
18,80,0.0196384,1,0.0196384,0.0196384,0.0196384,330,1,330,330,330
18,80,0.0453602,1,0.0453602,0.0453602,0.0453602,987,1,987,987,987
18,80,0.0643401,1,0.0643401,0.0643401,0.0643401,1234,1,1234,1234,1234
18,80,0.0213631,1,0.0213631,0.0213631,0.0213631,450,1,450,450,450
18,80,0.00905773,1,0.00905773,0.00905773,0.00905773,146,1,146,146,146
18,80,0.0297063,1,0.0297063,0.0297063,0.0297063,546,1,546,546,546
18,80,0.0153539,1,0.0153539,0.0153539,0.0153539,302,1,302,302,302
18,80,0.0678702,1,0.0678702,0.0678702,0.0678702,1482,1,1482,1482,1482
18,80,0.00382557,1,0.00382557,0.00382557,0.00382557,62,1,62,62,62
18,80,0.0143332,1,0.0143332,0.0143332,0.0143332,252,1,252,252,252
18,80,0.00726689,1,0.00726689,0.00726689,0.00726689,137,1,137,137,137
18,80,0.00691371,1,0.00691371,0.00691371,0.00691371,124,1,124,124,124
18,80,0.00848613,1,0.00848613,0.00848613,0.00848613,165,1,165,165,165
18,80,0.0112857,1,0.0112857,0.0112857,0.0112857,223,1,223,223,223
18,80,0.0192307,1,0.0192307,0.0192307,0.0192307,353,1,353,353,353
18,80,0.022222,1,0.022222,0.022222,0.022222,474,1,474,474,474
18,80,0.00823923,1,0.00823923,0.00823923,0.00823923,169,1,169,169,169
18,80,0.00725387,1,0.00725387,0.00725387,0.00725387,133,1,133,133,133
18,80,0.020435,1,0.020435,0.020435,0.020435,382,1,382,382,382
18,80,0.0483802,1,0.0483802,0.0483802,0.0483802,904,1,904,904,904
18,80,0.00283099,1,0.00283099,0.00283099,0.00283099,50,1,50,50,50
18,80,0.0144057,1,0.0144057,0.0144057,0.0144057,239,1,239,239,239
18,80,0.00968586,1,0.00968586,0.00968586,0.00968586,192,1,192,192,192
18,80,0.0162689,1,0.0162689,0.0162689,0.0162689,288,1,288,288,288
18,80,0.0261446,1,0.0261446,0.0261446,0.0261446,492,1,492,492,492
18,80,0.00878488,1,0.00878488,0.00878488,0.00878488,146,1,146,146,146
18,80,0.0197182,1,0.0197182,0.0197182,0.0197182,364,1,364,364,364
18,80,0.0209741,1,0.0209741,0.0209741,0.0209741,344,1,344,344,344
18,80,0.00182529,1,0.00182529,0.00182529,0.00182529,30,1,30,30,30
18,80,0.00581567,1,0.00581567,0.00581567,0.00581567,117,1,117,117,117
18,80,0.00739413,1,0.00739413,0.00739413,0.00739413,132,1,132,132,132
18,80,0.00480091,1,0.00480091,0.00480091,0.00480091,79,1,79,79,79
18,80,0.044068,1,0.044068,0.044068,0.044068,913,1,913,913,913
18,80,0.0157762,1,0.0157762,0.0157762,0.0157762,299,1,299,299,299
18,80,0.00508708,1,0.00508708,0.00508708,0.00508708,86,1,86,86,86
18,80,0.00437378,1,0.00437378,0.00437378,0.00437378,77,1,77,77,77
18,80,0.0211843,1,0.0211843,0.0211843,0.0211843,364,1,364,364,364
18,80,0.0181848,1,0.0181848,0.0181848,0.0181848,377,1,377,377,377
18,80,0.0135214,1,0.0135214,0.0135214,0.0135214,266,1,266,266,266
18,80,0.00498422,1,0.00498422,0.00498422,0.00498422,82,1,82,82,82
18,80,0.0202848,1,0.0202848,0.0202848,0.0202848,416,1,416,416,416
18,80,0.016265,1,0.016265,0.016265,0.016265,293,1,293,293,293
18,80,0.0302771,1,0.0302771,0.0302771,0.0302771,542,1,542,542,542
18,80,0.0301706,1,0.0301706,0.0301706,0.0301706,537,1,537,537,537
18,80,0.014523,1,0.014523,0.014523,0.014523,277,1,277,277,277
18,80,0.0277745,1,0.0277745,0.0277745,0.0277745,527,1,527,527,527
18,80,0.0190503,1,0.0190503,0.0190503,0.0190503,295,1,295,295,295
18,80,0.00648238,1,0.00648238,0.00648238,0.00648238,112,1,112,112,112
18,80,0.0151386,1,0.0151386,0.0151386,0.0151386,257,1,257,257,257
18,80,0.00510078,1,0.00510078,0.00510078,0.00510078,90,1,90,90,90
18,80,0.00211921,1,0.00211921,0.00211921,0.00211921,36,1,36,36,36
18,80,0.0167902,1,0.0167902,0.0167902,0.0167902,327,1,327,327,327
18,80,0.00807321,1,0.00807321,0.00807321,0.00807321,132,1,132,132,132
18,80,0.00631286,1,0.00631286,0.00631286,0.00631286,130,1,130,130,130
18,80,0.0386031,1,0.0386031,0.0386031,0.0386031,915,1,915,915,915
18,80,0.0301168,1,0.0301168,0.0301168,0.0301168,541,1,541,541,541
18,80,0.0166946,1,0.0166946,0.0166946,0.0166946,369,1,369,369,369
18,80,0.0018341,1,0.0018341,0.0018341,0.0018341,29,1,29,29,29
18,80,0.0168371,1,0.0168371,0.0168371,0.0168371,325,1,325,325,325
18,80,0.0148004,1,0.0148004,0.0148004,0.0148004,281,1,281,281,281
18,80,0.0098737,1,0.0098737,0.0098737,0.0098737,158,1,158,158,158
18,80,0.038279,1,0.038279,0.038279,0.038279,683,1,683,683,683
18,80,0.0289227,1,0.0289227,0.0289227,0.0289227,573,1,573,573,573
18,80,0.0563725,1,0.0563725,0.0563725,0.0563725,981,1,981,981,981
18,80,0.0123556,1,0.0123556,0.0123556,0.0123556,211,1,211,211,211
18,80,0.00724516,1,0.00724516,0.00724516,0.00724516,123,1,123,123,123
18,80,0.00576285,1,0.00576285,0.00576285,0.00576285,113,1,113,113,113
18,80,0.0108502,1,0.0108502,0.0108502,0.0108502,180,1,180,180,180
18,80,0.00629533,1,0.00629533,0.00629533,0.00629533,94,1,94,94,94
18,80,0.00993645,1,0.00993645,0.00993645,0.00993645,191,1,191,191,191
18,80,0.0199936,1,0.0199936,0.0199936,0.0199936,357,1,357,357,357
18,80,0.0128004,1,0.0128004,0.0128004,0.0128004,266,1,266,266,266
18,80,0.0022781,1,0.0022781,0.0022781,0.0022781,39,1,39,39,39
18,80,0.0115866,1,0.0115866,0.0115866,0.0115866,191,1,191,191,191
18,80,0.00630918,1,0.00630918,0.00630918,0.00630918,113,1,113,113,113
18,80,0.0126078,1,0.0126078,0.0126078,0.0126078,255,1,255,255,255
18,80,0.0699597,1,0.0699597,0.0699597,0.0699597,1397,1,1397,1397,1397
18,80,0.0360714,1,0.0360714,0.0360714,0.0360714,788,1,788,788,788
18,80,0.00235228,1,0.00235228,0.00235228,0.00235228,43,1,43,43,43
18,80,0.00878997,1,0.00878997,0.00878997,0.00878997,166,1,166,166,166
18,80,0.0217604,1,0.0217604,0.0217604,0.0217604,379,1,379,379,379
18,80,0.00373709,1,0.00373709,0.00373709,0.00373709,67,1,67,67,67
18,80,0.00332548,1,0.00332548,0.00332548,0.00332548,67,1,67,67,67
18,80,0.0178214,1,0.0178214,0.0178214,0.0178214,345,1,345,345,345
18,80,0.0210413,1,0.0210413,0.0210413,0.0210413,401,1,401,401,401
18,80,0.00511437,1,0.00511437,0.00511437,0.00511437,90,1,90,90,90
18,80,0.00625271,1,0.00625271,0.00625271,0.00625271,90,1,90,90,90
18,80,0.031898,1,0.031898,0.031898,0.031898,622,1,622,622,622
18,80,0.00878884,1,0.00878884,0.00878884,0.00878884,153,1,153,153,153
18,80,0.0138034,1,0.0138034,0.0138034,0.0138034,249,1,249,249,249
18,80,0.0272607,1,0.0272607,0.0272607,0.0272607,493,1,493,493,493
18,80,0.0157709,1,0.0157709,0.0157709,0.0157709,305,1,305,305,305
18,80,0.00158467,1,0.00158467,0.00158467,0.00158467,25,1,25,25,25
18,80,0.0053078,1,0.0053078,0.0053078,0.0053078,97,1,97,97,97
18,80,0.00662689,1,0.00662689,0.00662689,0.00662689,139,1,139,139,139
18,80,0.00384301,1,0.00384301,0.00384301,0.00384301,68,1,68,68,68
18,80,0.00976523,1,0.00976523,0.00976523,0.00976523,192,1,192,192,192
18,80,0.0345019,1,0.0345019,0.0345019,0.0345019,645,1,645,645,645
18,80,0.0202212,1,0.0202212,0.0202212,0.0202212,411,1,411,411,411
18,80,0.00771843,1,0.00771843,0.00771843,0.00771843,113,1,113,113,113
18,80,0.0242638,1,0.0242638,0.0242638,0.0242638,484,1,484,484,484
18,80,0.00423639,1,0.00423639,0.00423639,0.00423639,70,1,70,70,70
18,80,0.00256018,1,0.00256018,0.00256018,0.00256018,43,1,43,43,43
18,80,0.0103375,1,0.0103375,0.0103375,0.0103375,187,1,187,187,187
18,80,0.00901932,1,0.00901932,0.00901932,0.00901932,165,1,165,165,165
18,80,0.00811328,1,0.00811328,0.00811328,0.00811328,127,1,127,127,127
18,80,0.037199,1,0.037199,0.037199,0.037199,699,1,699,699,699
18,80,0.0265779,1,0.0265779,0.0265779,0.0265779,572,1,572,572,572
18,80,0.0227562,1,0.0227562,0.0227562,0.0227562,448,1,448,448,448
18,80,0.00387775,1,0.00387775,0.00387775,0.00387775,63,1,63,63,63
18,80,0.0184243,1,0.0184243,0.0184243,0.0184243,295,1,295,295,295
18,80,0.00718795,1,0.00718795,0.00718795,0.00718795,137,1,137,137,137
18,80,0.00416009,1,0.00416009,0.00416009,0.00416009,71,1,71,71,71
18,80,0.00356549,1,0.00356549,0.00356549,0.00356549,58,1,58,58,58
18,80,0.0142468,1,0.0142468,0.0142468,0.0142468,257,1,257,257,257
18,80,0.0168347,1,0.0168347,0.0168347,0.0168347,341,1,341,341,341
18,80,0.0197009,1,0.0197009,0.0197009,0.0197009,399,1,399,399,399
18,80,0.0307809,1,0.0307809,0.0307809,0.0307809,663,1,663,663,663
18,80,0.0202532,1,0.0202532,0.0202532,0.0202532,405,1,405,405,405
18,80,0.00289223,1,0.00289223,0.00289223,0.00289223,43,1,43,43,43
18,80,0.0150081,1,0.0150081,0.0150081,0.0150081,251,1,251,251,251
18,80,0.054454,1,0.054454,0.054454,0.054454,1099,1,1099,1099,1099
18,80,0.0103772,1,0.0103772,0.0103772,0.0103772,191,1,191,191,191
18,80,0.0100302,1,0.0100302,0.0100302,0.0100302,158,1,158,158,158
18,80,0.0395069,1,0.0395069,0.0395069,0.0395069,785,1,785,785,785
18,80,0.0200422,1,0.0200422,0.0200422,0.0200422,425,1,425,425,425
18,80,0.0332695,1,0.0332695,0.0332695,0.0332695,587,1,587,587,587
18,80,0.00905412,1,0.00905412,0.00905412,0.00905412,167,1,167,167,167
18,80,0.013137,1,0.013137,0.013137,0.013137,244,1,244,244,244
18,80,0.0370001,1,0.0370001,0.0370001,0.0370001,873,1,873,873,873
18,80,0.007786,1,0.007786,0.007786,0.007786,148,1,148,148,148
18,80,0.0455904,1,0.0455904,0.0455904,0.0455904,853,1,853,853,853
18,80,0.0404086,1,0.0404086,0.0404086,0.0404086,836,1,836,836,836
18,80,0.0494317,1,0.0494317,0.0494317,0.0494317,989,1,989,989,989
18,80,0.0100868,1,0.0100868,0.0100868,0.0100868,200,1,200,200,200
18,80,0.00567182,1,0.00567182,0.00567182,0.00567182,97,1,97,97,97
18,80,0.0155822,1,0.0155822,0.0155822,0.0155822,276,1,276,276,276
18,80,0.0106914,1,0.0106914,0.0106914,0.0106914,191,1,191,191,191
18,80,0.00694005,1,0.00694005,0.00694005,0.00694005,117,1,117,117,117
18,80,0.0126688,1,0.0126688,0.0126688,0.0126688,215,1,215,215,215
18,80,0.0586472,1,0.0586472,0.0586472,0.0586472,1077,1,1077,1077,1077
18,80,0.0173952,1,0.0173952,0.0173952,0.0173952,263,1,263,263,263
18,80,0.0472933,1,0.0472933,0.0472933,0.0472933,830,1,830,830,830
18,80,0.0084592,1,0.0084592,0.0084592,0.0084592,144,1,144,144,144
18,80,0.00997838,1,0.00997838,0.00997838,0.00997838,160,1,160,160,160
18,80,0.0308845,1,0.0308845,0.0308845,0.0308845,646,1,646,646,646
18,80,0.0268279,1,0.0268279,0.0268279,0.0268279,497,1,497,497,497
18,80,0.0204449,1,0.0204449,0.0204449,0.0204449,414,1,414,414,414
18,80,0.0265087,1,0.0265087,0.0265087,0.0265087,470,1,470,470,470
18,80,0.00300671,1,0.00300671,0.00300671,0.00300671,37,1,37,37,37
18,80,0.0139775,1,0.0139775,0.0139775,0.0139775,270,1,270,270,270
18,80,0.0162566,1,0.0162566,0.0162566,0.0162566,293,1,293,293,293
18,80,0.0160685,1,0.0160685,0.0160685,0.0160685,318,1,318,318,318
18,80,0.0118866,1,0.0118866,0.0118866,0.0118866,229,1,229,229,229
18,80,0.0181278,1,0.0181278,0.0181278,0.0181278,317,1,317,317,317
18,80,0.0172634,1,0.0172634,0.0172634,0.0172634,309,1,309,309,309
18,80,0.0150839,1,0.0150839,0.0150839,0.0150839,279,1,279,279,279
18,80,0.00251287,1,0.00251287,0.00251287,0.00251287,39,1,39,39,39
18,80,0.00149484,1,0.00149484,0.00149484,0.00149484,21,1,21,21,21
18,80,0.00930847,1,0.00930847,0.00930847,0.00930847,163,1,163,163,163
18,80,0.0138551,1,0.0138551,0.0138551,0.0138551,230,1,230,230,230
18,80,0.00673352,1,0.00673352,0.00673352,0.00673352,120,1,120,120,120
18,80,0.00249122,1,0.00249122,0.00249122,0.00249122,36,1,36,36,36
18,80,0.0264831,1,0.0264831,0.0264831,0.0264831,506,1,506,506,506
18,80,0.012094,1,0.012094,0.012094,0.012094,208,1,208,208,208
18,80,0.00701715,1,0.00701715,0.00701715,0.00701715,109,1,109,109,109
18,80,0.0548687,1,0.0548687,0.0548687,0.0548687,1087,1,1087,1087,1087
18,80,0.0428768,1,0.0428768,0.0428768,0.0428768,845,1,845,845,845
18,80,0.00663029,1,0.00663029,0.00663029,0.00663029,117,1,117,117,117
18,80,0.00719383,1,0.00719383,0.00719383,0.00719383,109,1,109,109,109
18,80,0.0193429,1,0.0193429,0.0193429,0.0193429,274,1,274,274,274
18,80,0.0041787,1,0.0041787,0.0041787,0.0041787,61,1,61,61,61
18,80,0.00836465,1,0.00836465,0.00836465,0.00836465,169,1,169,169,169
18,80,0.0012492,1,0.0012492,0.0012492,0.0012492,17,1,17,17,17
18,80,0.0455781,1,0.0455781,0.0455781,0.0455781,863,1,863,863,863
18,80,0.00717216,1,0.00717216,0.00717216,0.00717216,126,1,126,126,126
18,80,0.0218931,1,0.0218931,0.0218931,0.0218931,458,1,458,458,458
18,80,0.0125876,1,0.0125876,0.0125876,0.0125876,204,1,204,204,204
18,80,0.0189168,1,0.0189168,0.0189168,0.0189168,364,1,364,364,364
18,80,0.0222108,1,0.0222108,0.0222108,0.0222108,373,1,373,373,373
18,80,0.015061,1,0.015061,0.015061,0.015061,271,1,271,271,271
18,80,0.0048115,1,0.0048115,0.0048115,0.0048115,74,1,74,74,74
18,80,0.0231123,1,0.0231123,0.0231123,0.0231123,487,1,487,487,487
18,80,0.0114564,1,0.0114564,0.0114564,0.0114564,212,1,212,212,212
18,80,0.0113284,1,0.0113284,0.0113284,0.0113284,234,1,234,234,234
18,80,0.0198936,1,0.0198936,0.0198936,0.0198936,356,1,356,356,356
18,80,0.00448661,1,0.00448661,0.00448661,0.00448661,88,1,88,88,88
18,80,0.00985995,1,0.00985995,0.00985995,0.00985995,177,1,177,177,177
18,80,0.00544289,1,0.00544289,0.00544289,0.00544289,84,1,84,84,84
18,80,0.0117487,1,0.0117487,0.0117487,0.0117487,215,1,215,215,215
18,80,0.0155842,1,0.0155842,0.0155842,0.0155842,247,1,247,247,247
18,80,0.0207099,1,0.0207099,0.0207099,0.0207099,415,1,415,415,415
18,80,0.0171124,1,0.0171124,0.0171124,0.0171124,294,1,294,294,294
18,80,0.0342473,1,0.0342473,0.0342473,0.0342473,592,1,592,592,592
18,80,0.00770878,1,0.00770878,0.00770878,0.00770878,126,1,126,126,126
18,80,0.0116159,1,0.0116159,0.0116159,0.0116159,199,1,199,199,199
18,80,0.0167707,1,0.0167707,0.0167707,0.0167707,318,1,318,318,318
18,80,0.0116277,1,0.0116277,0.0116277,0.0116277,203,1,203,203,203
18,80,0.0236111,1,0.0236111,0.0236111,0.0236111,496,1,496,496,496
18,80,0.0109427,1,0.0109427,0.0109427,0.0109427,162,1,162,162,162
18,80,0.00476371,1,0.00476371,0.00476371,0.00476371,70,1,70,70,70
18,80,0.0110081,1,0.0110081,0.0110081,0.0110081,197,1,197,197,197
18,80,0.00171306,1,0.00171306,0.00171306,0.00171306,26,1,26,26,26
18,80,0.0219227,1,0.0219227,0.0219227,0.0219227,364,1,364,364,364
18,80,0.00228515,1,0.00228515,0.00228515,0.00228515,42,1,42,42,42
18,80,0.0146363,1,0.0146363,0.0146363,0.0146363,276,1,276,276,276
18,80,0.00247555,1,0.00247555,0.00247555,0.00247555,40,1,40,40,40
18,80,0.0247781,1,0.0247781,0.0247781,0.0247781,484,1,484,484,484
18,80,0.0218643,1,0.0218643,0.0218643,0.0218643,416,1,416,416,416
18,80,0.00466477,1,0.00466477,0.00466477,0.00466477,89,1,89,89,89
18,80,0.011052,1,0.011052,0.011052,0.011052,220,1,220,220,220
18,80,0.0182601,1,0.0182601,0.0182601,0.0182601,349,1,349,349,349
18,80,0.00729691,1,0.00729691,0.00729691,0.00729691,139,1,139,139,139
18,80,0.00989245,1,0.00989245,0.00989245,0.00989245,166,1,166,166,166
18,80,0.00832387,1,0.00832387,0.00832387,0.00832387,133,1,133,133,133
18,80,0.00803216,1,0.00803216,0.00803216,0.00803216,132,1,132,132,132
18,80,0.0120264,1,0.0120264,0.0120264,0.0120264,191,1,191,191,191
18,80,0.0239734,1,0.0239734,0.0239734,0.0239734,515,1,515,515,515
18,80,0.00240841,1,0.00240841,0.00240841,0.00240841,35,1,35,35,35
18,80,0.00152594,1,0.00152594,0.00152594,0.00152594,17,1,17,17,17
18,80,0.0172071,1,0.0172071,0.0172071,0.0172071,320,1,320,320,320
