n,p,time_total,time_count,time_mean,time_min,time_max,calls_total,calls_count,calls_mean,calls_min,calls_max
23,90,0.00888948,1,0.00888948,0.00888948,0.00888948,117,1,117,117,117
23,90,0.0244312,1,0.0244312,0.0244312,0.0244312,409,1,409,409,409
23,90,0.0440823,1,0.0440823,0.0440823,0.0440823,740,1,740,740,740
23,90,0.00172015,1,0.00172015,0.00172015,0.00172015,23,1,23,23,23
23,90,0.0107567,1,0.0107567,0.0107567,0.0107567,148,1,148,148,148
23,90,0.0292119,1,0.0292119,0.0292119,0.0292119,437,1,437,437,437
23,90,0.05888,1,0.05888,0.05888,0.05888,997,1,997,997,997
23,90,0.0162157,1,0.0162157,0.0162157,0.0162157,270,1,270,270,270
23,90,0.0158357,1,0.0158357,0.0158357,0.0158357,262,1,262,262,262
23,90,0.0244336,1,0.0244336,0.0244336,0.0244336,379,1,379,379,379
23,90,0.033206,1,0.033206,0.033206,0.033206,551,1,551,551,551
23,90,0.0224371,1,0.0224371,0.0224371,0.0224371,309,1,309,309,309
23,90,0.0130042,1,0.0130042,0.0130042,0.0130042,175,1,175,175,175
23,90,0.00835284,1,0.00835284,0.00835284,0.00835284,128,1,128,128,128
23,90,0.0717007,1,0.0717007,0.0717007,0.0717007,1244,1,1244,1244,1244
23,90,0.00951281,1,0.00951281,0.00951281,0.00951281,145,1,145,145,145
23,90,0.0448472,1,0.0448472,0.0448472,0.0448472,748,1,748,748,748
23,90,0.0121849,1,0.0121849,0.0121849,0.0121849,183,1,183,183,183
23,90,0.0424079,1,0.0424079,0.0424079,0.0424079,654,1,654,654,654
23,90,0.0258407,1,0.0258407,0.0258407,0.0258407,365,1,365,365,365
23,90,0.0408887,1,0.0408887,0.0408887,0.0408887,640,1,640,640,640
23,90,0.00465929,1,0.00465929,0.00465929,0.00465929,64,1,64,64,64
23,90,0.00573993,1,0.00573993,0.00573993,0.00573993,89,1,89,89,89
23,90,0.050215,1,0.050215,0.050215,0.050215,932,1,932,932,932
23,90,0.00232937,1,0.00232937,0.00232937,0.00232937,29,1,29,29,29
23,90,0.00343617,1,0.00343617,0.00343617,0.00343617,45,1,45,45,45
23,90,0.0483158,1,0.0483158,0.0483158,0.0483158,715,1,715,715,715
23,90,0.0125687,1,0.0125687,0.0125687,0.0125687,199,1,199,199,199
23,90,0.00515668,1,0.00515668,0.00515668,0.00515668,69,1,69,69,69
23,90,0.00963949,1,0.00963949,0.00963949,0.00963949,163,1,163,163,163
23,90,0.0337393,1,0.0337393,0.0337393,0.0337393,544,1,544,544,544
23,90,0.0594602,1,0.0594602,0.0594602,0.0594602,929,1,929,929,929
23,90,0.0134359,1,0.0134359,0.0134359,0.0134359,224,1,224,224,224
23,90,0.00866067,1,0.00866067,0.00866067,0.00866067,138,1,138,138,138
23,90,0.0183435,1,0.0183435,0.0183435,0.0183435,301,1,301,301,301
23,90,0.00614716,1,0.00614716,0.00614716,0.00614716,77,1,77,77,77
23,90,0.0134652,1,0.0134652,0.0134652,0.0134652,239,1,239,239,239
23,90,0.0273768,1,0.0273768,0.0273768,0.0273768,390,1,390,390,390
23,90,0.014601,1,0.014601,0.014601,0.014601,194,1,194,194,194
23,90,0.0397136,1,0.0397136,0.0397136,0.0397136,614,1,614,614,614
23,90,0.00967128,1,0.00967128,0.00967128,0.00967128,134,1,134,134,134
23,90,0.0358132,1,0.0358132,0.0358132,0.0358132,546,1,546,546,546
23,90,0.00497441,1,0.00497441,0.00497441,0.00497441,68,1,68,68,68
23,90,0.00830171,1,0.00830171,0.00830171,0.00830171,121,1,121,121,121
23,90,0.048318,1,0.048318,0.048318,0.048318,779,1,779,779,779
23,90,0.00595607,1,0.00595607,0.00595607,0.00595607,81,1,81,81,81
23,90,0.0242182,1,0.0242182,0.0242182,0.0242182,431,1,431,431,431
23,90,0.0165629,1,0.0165629,0.0165629,0.0165629,214,1,214,214,214
23,90,0.0571535,1,0.0571535,0.0571535,0.0571535,850,1,850,850,850
23,90,0.0194759,1,0.0194759,0.0194759,0.0194759,266,1,266,266,266
23,90,0.0485153,1,0.0485153,0.0485153,0.0485153,818,1,818,818,818
23,90,0.0123157,1,0.0123157,0.0123157,0.0123157,185,1,185,185,185
23,90,0.00445805,1,0.00445805,0.00445805,0.00445805,69,1,69,69,69
23,90,0.0087239,1,0.0087239,0.0087239,0.0087239,107,1,107,107,107
23,90,0.0302982,1,0.0302982,0.0302982,0.0302982,468,1,468,468,468
23,90,0.0130973,1,0.0130973,0.0130973,0.0130973,196,1,196,196,196
23,90,0.0408807,1,0.0408807,0.0408807,0.0408807,651,1,651,651,651
23,90,0.0615788,1,0.0615788,0.0615788,0.0615788,982,1,982,982,982
23,90,0.0254563,1,0.0254563,0.0254563,0.0254563,445,1,445,445,445
23,90,0.0122039,1,0.0122039,0.0122039,0.0122039,192,1,192,192,192
23,90,0.0169658,1,0.0169658,0.0169658,0.0169658,287,1,287,287,287
23,90,0.00524215,1,0.00524215,0.00524215,0.00524215,79,1,79,79,79
23,90,0.00981745,1,0.00981745,0.00981745,0.00981745,184,1,184,184,184
23,90,0.0124587,1,0.0124587,0.0124587,0.0124587,198,1,198,198,198
23,90,0.0329864,1,0.0329864,0.0329864,0.0329864,552,1,552,552,552
23,90,0.0105008,1,0.0105008,0.0105008,0.0105008,162,1,162,162,162
23,90,0.104481,1,0.104481,0.104481,0.104481,1932,1,1932,1932,1932
23,90,0.063637,1,0.063637,0.063637,0.063637,1088,1,1088,1088,1088
23,90,0.00970971,1,0.00970971,0.00970971,0.00970971,189,1,189,189,189
23,90,0.0201771,1,0.0201771,0.0201771,0.0201771,334,1,334,334,334
23,90,0.00347548,1,0.00347548,0.00347548,0.00347548,36,1,36,36,36
23,90,0.00517032,1,0.00517032,0.00517032,0.00517032,72,1,72,72,72
23,90,0.0020088,1,0.0020088,0.0020088,0.0020088,24,1,24,24,24
23,90,0.0117634,1,0.0117634,0.0117634,0.0117634,172,1,172,172,172
23,90,0.240102,1,0.240102,0.240102,0.240102,3786,1,3786,3786,3786
23,90,0.0210046,1,0.0210046,0.0210046,0.0210046,308,1,308,308,308
23,90,0.00138602,1,0.00138602,0.00138602,0.00138602,15,1,15,15,15
23,90,0.00635693,1,0.00635693,0.00635693,0.00635693,89,1,89,89,89
23,90,0.00364401,1,0.00364401,0.00364401,0.00364401,58,1,58,58,58
23,90,0.00281486,1,0.00281486,0.00281486,0.00281486,39,1,39,39,39
23,90,0.0253649,1,0.0253649,0.0253649,0.0253649,392,1,392,392,392
23,90,0.0405417,1,0.0405417,0.0405417,0.0405417,683,1,683,683,683
23,90,0.0442203,1,0.0442203,0.0442203,0.0442203,735,1,735,735,735
23,90,0.00825557,1,0.00825557,0.00825557,0.00825557,103,1,103,103,103
23,90,0.0140663,1,0.0140663,0.0140663,0.0140663,209,1,209,209,209
23,90,0.0187659,1,0.0187659,0.0187659,0.0187659,323,1,323,323,323
23,90,0.0497482,1,0.0497482,0.0497482,0.0497482,797,1,797,797,797
23,90,0.00333318,1,0.00333318,0.00333318,0.00333318,46,1,46,46,46
23,90,0.0436768,1,0.0436768,0.0436768,0.0436768,660,1,660,660,660
23,90,0.0116299,1,0.0116299,0.0116299,0.0116299,157,1,157,157,157
23,90,0.0268615,1,0.0268615,0.0268615,0.0268615,423,1,423,423,423
23,90,0.144624,1,0.144624,0.144624,0.144624,2297,1,2297,2297,2297
23,90,0.012107,1,0.012107,0.012107,0.012107,179,1,179,179,179
23,90,0.0879003,1,0.0879003,0.0879003,0.0879003,1428,1,1428,1428,1428
23,90,0.0170917,1,0.0170917,0.0170917,0.0170917,266,1,266,266,266
23,90,0.012503,1,0.012503,0.012503,0.012503,186,1,186,186,186
23,90,0.00777623,1,0.00777623,0.00777623,0.00777623,106,1,106,106,106
23,90,0.0546746,1,0.0546746,0.0546746,0.0546746,815,1,815,815,815
23,90,0.0332788,1,0.0332788,0.0332788,0.0332788,519,1,519,519,519
23,90,0.0107228,1,0.0107228,0.0107228,0.0107228,177,1,177,177,177
