n,p,time_total,time_count,time_mean,time_min,time_max,calls_total,calls_count,calls_mean,calls_min,calls_max
9,20,0.000276656,1,0.000276656,0.000276656,0.000276656,4,1,4,4,4
9,20,0.000429985,1,0.000429985,0.000429985,0.000429985,7,1,7,7,7
9,20,0.000218578,1,0.000218578,0.000218578,0.000218578,3,1,3,3,3
9,20,0.000286247,1,0.000286247,0.000286247,0.000286247,6,1,6,6,6
9,20,0.000533424,1,0.000533424,0.000533424,0.000533424,12,1,12,12,12
9,20,0.000543372,1,0.000543372,0.000543372,0.000543372,13,1,13,13,13
9,20,0.000348961,1,0.000348961,0.000348961,0.000348961,7,1,7,7,7
9,20,0.000324293,1,0.000324293,0.000324293,0.000324293,7,1,7,7,7
9,20,0.000392305,1,0.000392305,0.000392305,0.000392305,7,1,7,7,7
9,20,0.000225109,1,0.000225109,0.000225109,0.000225109,3,1,3,3,3
9,20,0.000572897,1,0.000572897,0.000572897,0.000572897,13,1,13,13,13
9,20,0.000426716,1,0.000426716,0.000426716,0.000426716,8,1,8,8,8
9,20,0.00026002,1,0.00026002,0.00026002,0.00026002,4,1,4,4,4
9,20,0.000378577,1,0.000378577,0.000378577,0.000378577,7,1,7,7,7
9,20,0.000269034,1,0.000269034,0.000269034,0.000269034,4,1,4,4,4
9,20,0.000375497,1,0.000375497,0.000375497,0.000375497,6,1,6,6,6
9,20,0.000315158,1,0.000315158,0.000315158,0.000315158,6,1,6,6,6
9,20,0.000262732,1,0.000262732,0.000262732,0.000262732,5,1,5,5,5
9,20,0.000302042,1,0.000302042,0.000302042,0.000302042,5,1,5,5,5
9,20,0.00034038,1,0.00034038,0.00034038,0.00034038,6,1,6,6,6
9,20,0.000284154,1,0.000284154,0.000284154,0.000284154,5,1,5,5,5
9,20,0.000358093,1,0.000358093,0.000358093,0.000358093,7,1,7,7,7
9,20,0.000422076,1,0.000422076,0.000422076,0.000422076,9,1,9,9,9
9,20,0.000494083,1,0.000494083,0.000494083,0.000494083,11,1,11,11,11
9,20,0.00023956,1,0.00023956,0.00023956,0.00023956,3,1,3,3,3
9,20,0.000410434,1,0.000410434,0.000410434,0.000410434,11,1,11,11,11
9,20,0.000611093,1,0.000611093,0.000611093,0.000611093,15,1,15,15,15
9,20,0.000405704,1,0.000405704,0.000405704,0.000405704,7,1,7,7,7
9,20,0.000332924,1,0.000332924,0.000332924,0.000332924,5,1,5,5,5
9,20,0.00021602,1,0.00021602,0.00021602,0.00021602,3,1,3,3,3
9,20,0.000324007,1,0.000324007,0.000324007,0.000324007,5,1,5,5,5
9,20,0.000313272,1,0.000313272,0.000313272,0.000313272,5,1,5,5,5
9,20,0.00029002,1,0.00029002,0.00029002,0.00029002,5,1,5,5,5
9,20,0.000318543,1,0.000318543,0.000318543,0.000318543,5,1,5,5,5
9,20,0.000363654,1,0.000363654,0.000363654,0.000363654,7,1,7,7,7
9,20,0.000357708,1,0.000357708,0.000357708,0.000357708,7,1,7,7,7
9,20,0.000563739,1,0.000563739,0.000563739,0.000563739,13,1,13,13,13
9,20,0.000711925,1,0.000711925,0.000711925,0.000711925,15,1,15,15,15
9,20,0.000404135,1,0.000404135,0.000404135,0.000404135,10,1,10,10,10
9,20,0.000229569,1,0.000229569,0.000229569,0.000229569,3,1,3,3,3
9,20,0.00026755,1,0.00026755,0.00026755,0.00026755,4,1,4,4,4
9,20,0.000293261,1,0.000293261,0.000293261,0.000293261,5,1,5,5,5
9,20,0.000430669,1,0.000430669,0.000430669,0.000430669,8,1,8,8,8
9,20,0.000260908,1,0.000260908,0.000260908,0.000260908,4,1,4,4,4
9,20,0.000292583,1,0.000292583,0.000292583,0.000292583,6,1,6,6,6
9,20,0.000233402,1,0.000233402,0.000233402,0.000233402,3,1,3,3,3
9,20,0.000540587,1,0.000540587,0.000540587,0.000540587,12,1,12,12,12
9,20,0.000353712,1,0.000353712,0.000353712,0.000353712,7,1,7,7,7
9,20,0.000226236,1,0.000226236,0.000226236,0.000226236,3,1,3,3,3
9,20,0.000428877,1,0.000428877,0.000428877,0.000428877,10,1,10,10,10
9,20,0.000241486,1,0.000241486,0.000241486,0.000241486,3,1,3,3,3
9,20,0.000385366,1,0.000385366,0.000385366,0.000385366,7,1,7,7,7
9,20,0.000373291,1,0.000373291,0.000373291,0.000373291,9,1,9,9,9
9,20,0.00039851,1,0.00039851,0.00039851,0.00039851,9,1,9,9,9
9,20,0.000473856,1,0.000473856,0.000473856,0.000473856,11,1,11,11,11
9,20,0.000604268,1,0.000604268,0.000604268,0.000604268,16,1,16,16,16
9,20,0.000244202,1,0.000244202,0.000244202,0.000244202,4,1,4,4,4
9,20,0.000383047,1,0.000383047,0.000383047,0.000383047,5,1,5,5,5
9,20,0.000376458,1,0.000376458,0.000376458,0.000376458,7,1,7,7,7
9,20,0.000371184,1,0.000371184,0.000371184,0.000371184,7,1,7,7,7
9,20,0.000281562,1,0.000281562,0.000281562,0.000281562,5,1,5,5,5
9,20,0.000447037,1,0.000447037,0.000447037,0.000447037,10,1,10,10,10
9,20,0.000498203,1,0.000498203,0.000498203,0.000498203,12,1,12,12,12
9,20,0.00037315,1,0.00037315,0.00037315,0.00037315,8,1,8,8,8
9,20,0.000238231,1,0.000238231,0.000238231,0.000238231,3,1,3,3,3
9,20,0.000313442,1,0.000313442,0.000313442,0.000313442,5,1,5,5,5
9,20,0.000313952,1,0.000313952,0.000313952,0.000313952,6,1,6,6,6
9,20,0.000250735,1,0.000250735,0.000250735,0.000250735,4,1,4,4,4
9,20,0.000310491,1,0.000310491,0.000310491,0.000310491,4,1,4,4,4
9,20,0.000267126,1,0.000267126,0.000267126,0.000267126,4,1,4,4,4
9,20,0.000451252,1,0.000451252,0.000451252,0.000451252,7,1,7,7,7
9,20,0.00030431,1,0.00030431,0.00030431,0.00030431,5,1,5,5,5
9,20,0.000329943,1,0.000329943,0.000329943,0.000329943,5,1,5,5,5
9,20,0.000490523,1,0.000490523,0.000490523,0.000490523,12,1,12,12,12
9,20,0.000385812,1,0.000385812,0.000385812,0.000385812,5,1,5,5,5
9,20,0.000316748,1,0.000316748,0.000316748,0.000316748,6,1,6,6,6
9,20,0.00108933,1,0.00108933,0.00108933,0.00108933,29,1,29,29,29
9,20,0.000609204,1,0.000609204,0.000609204,0.000609204,13,1,13,13,13
9,20,0.000410901,1,0.000410901,0.000410901,0.000410901,9,1,9,9,9
9,20,0.000312924,1,0.000312924,0.000312924,0.000312924,6,1,6,6,6
9,20,0.000390166,1,0.000390166,0.000390166,0.000390166,7,1,7,7,7
9,20,0.000345333,1,0.000345333,0.000345333,0.000345333,7,1,7,7,7
9,20,0.000628967,1,0.000628967,0.000628967,0.000628967,9,1,9,9,9
9,20,0.000392846,1,0.000392846,0.000392846,0.000392846,7,1,7,7,7
9,20,0.000305741,1,0.000305741,0.000305741,0.000305741,4,1,4,4,4
9,20,0.000976722,1,0.000976722,0.000976722,0.000976722,28,1,28,28,28
9,20,0.000326066,1,0.000326066,0.000326066,0.000326066,5,1,5,5,5
9,20,0.000399512,1,0.000399512,0.000399512,0.000399512,8,1,8,8,8
9,20,0.000253677,1,0.000253677,0.000253677,0.000253677,5,1,5,5,5
9,20,0.000335371,1,0.000335371,0.000335371,0.000335371,5,1,5,5,5
9,20,0.000273614,1,0.000273614,0.000273614,0.000273614,4,1,4,4,4
9,20,0.000536661,1,0.000536661,0.000536661,0.000536661,13,1,13,13,13
9,20,0.000341418,1,0.000341418,0.000341418,0.000341418,7,1,7,7,7
9,20,0.000361882,1,0.000361882,0.000361882,0.000361882,7,1,7,7,7
9,20,0.00024138,1,0.00024138,0.00024138,0.00024138,3,1,3,3,3
9,20,0.000534242,1,0.000534242,0.000534242,0.000534242,11,1,11,11,11
9,20,0.000310746,1,0.000310746,0.000310746,0.000310746,6,1,6,6,6
9,20,0.000412938,1,0.000412938,0.000412938,0.000412938,9,1,9,9,9
9,20,0.000504642,1,0.000504642,0.000504642,0.000504642,13,1,13,13,13
9,20,0.000339662,1,0.000339662,0.000339662,0.000339662,7,1,7,7,7
9,20,0.00035296,1,0.00035296,0.00035296,0.00035296,8,1,8,8,8
9,20,0.000256055,1,0.000256055,0.000256055,0.000256055,3,1,3,3,3
9,20,0.000244417,1,0.000244417,0.000244417,0.000244417,3,1,3,3,3
9,20,0.000350285,1,0.000350285,0.000350285,0.000350285,6,1,6,6,6
9,20,0.000332588,1,0.000332588,0.000332588,0.000332588,7,1,7,7,7
9,20,0.000556635,1,0.000556635,0.000556635,0.000556635,14,1,14,14,14
9,20,0.00036825,1,0.00036825,0.00036825,0.00036825,9,1,9,9,9
9,20,0.000296574,1,0.000296574,0.000296574,0.000296574,5,1,5,5,5
9,20,0.000523221,1,0.000523221,0.000523221,0.000523221,9,1,9,9,9
9,20,0.000418594,1,0.000418594,0.000418594,0.000418594,11,1,11,11,11
9,20,0.000535747,1,0.000535747,0.000535747,0.000535747,14,1,14,14,14
9,20,0.000545885,1,0.000545885,0.000545885,0.000545885,13,1,13,13,13
9,20,0.0002405,1,0.0002405,0.0002405,0.0002405,4,1,4,4,4
9,20,0.000342013,1,0.000342013,0.000342013,0.000342013,7,1,7,7,7
9,20,0.000366263,1,0.000366263,0.000366263,0.000366263,8,1,8,8,8
9,20,0.000729944,1,0.000729944,0.000729944,0.000729944,19,1,19,19,19
9,20,0.000606683,1,0.000606683,0.000606683,0.000606683,15,1,15,15,15
9,20,0.000269042,1,0.000269042,0.000269042,0.000269042,3,1,3,3,3
9,20,0.000227436,1,0.000227436,0.000227436,0.000227436,3,1,3,3,3
9,20,0.000256067,1,0.000256067,0.000256067,0.000256067,4,1,4,4,4
9,20,0.000256572,1,0.000256572,0.000256572,0.000256572,5,1,5,5,5
9,20,0.000495823,1,0.000495823,0.000495823,0.000495823,6,1,6,6,6
9,20,0.00046083,1,0.00046083,0.00046083,0.00046083,7,1,7,7,7
9,20,0.000448185,1,0.000448185,0.000448185,0.000448185,7,1,7,7,7
9,20,0.000312922,1,0.000312922,0.000312922,0.000312922,5,1,5,5,5
9,20,0.000315964,1,0.000315964,0.000315964,0.000315964,5,1,5,5,5
9,20,0.000332239,1,0.000332239,0.000332239,0.000332239,5,1,5,5,5
9,20,0.000570362,1,0.000570362,0.000570362,0.000570362,13,1,13,13,13
9,20,0.000391729,1,0.000391729,0.000391729,0.000391729,9,1,9,9,9
9,20,0.000460128,1,0.000460128,0.000460128,0.000460128,10,1,10,10,10
9,20,0.000343851,1,0.000343851,0.000343851,0.000343851,6,1,6,6,6
9,20,0.000581131,1,0.000581131,0.000581131,0.000581131,12,1,12,12,12
9,20,0.000447014,1,0.000447014,0.000447014,0.000447014,9,1,9,9,9
9,20,0.000339008,1,0.000339008,0.000339008,0.000339008,5,1,5,5,5
9,20,0.000734605,1,0.000734605,0.000734605,0.000734605,16,1,16,16,16
9,20,0.000325288,1,0.000325288,0.000325288,0.000325288,5,1,5,5,5
9,20,0.000335671,1,0.000335671,0.000335671,0.000335671,6,1,6,6,6
9,20,0.000477696,1,0.000477696,0.000477696,0.000477696,10,1,10,10,10
9,20,0.000676507,1,0.000676507,0.000676507,0.000676507,16,1,16,16,16
9,20,0.0005618,1,0.0005618,0.0005618,0.0005618,9,1,9,9,9
9,20,0.000363221,1,0.000363221,0.000363221,0.000363221,7,1,7,7,7
9,20,0.000936206,1,0.000936206,0.000936206,0.000936206,23,1,23,23,23
9,20,0.000269827,1,0.000269827,0.000269827,0.000269827,3,1,3,3,3
9,20,0.000308302,1,0.000308302,0.000308302,0.000308302,5,1,5,5,5
9,20,0.000692685,1,0.000692685,0.000692685,0.000692685,19,1,19,19,19
9,20,0.000229851,1,0.000229851,0.000229851,0.000229851,3,1,3,3,3
9,20,0.000187831,1,0.000187831,0.000187831,0.000187831,2,1,2,2,2
9,20,0.000450166,1,0.000450166,0.000450166,0.000450166,9,1,9,9,9
9,20,0.000458396,1,0.000458396,0.000458396,0.000458396,10,1,10,10,10
9,20,0.000335384,1,0.000335384,0.000335384,0.000335384,5,1,5,5,5
9,20,0.000516701,1,0.000516701,0.000516701,0.000516701,13,1,13,13,13
9,20,0.000374009,1,0.000374009,0.000374009,0.000374009,8,1,8,8,8
9,20,0.000414592,1,0.000414592,0.000414592,0.000414592,7,1,7,7,7
9,20,0.000391247,1,0.000391247,0.000391247,0.000391247,9,1,9,9,9
9,20,0.000399614,1,0.000399614,0.000399614,0.000399614,6,1,6,6,6
9,20,0.000642812,1,0.000642812,0.000642812,0.000642812,14,1,14,14,14
9,20,0.000307492,1,0.000307492,0.000307492,0.000307492,7,1,7,7,7
9,20,0.000361379,1,0.000361379,0.000361379,0.000361379,7,1,7,7,7
9,20,0.000364517,1,0.000364517,0.000364517,0.000364517,7,1,7,7,7
9,20,0.000354546,1,0.000354546,0.000354546,0.000354546,8,1,8,8,8
9,20,0.000460933,1,0.000460933,0.000460933,0.000460933,9,1,9,9,9
9,20,0.00035018,1,0.00035018,0.00035018,0.00035018,6,1,6,6,6
9,20,0.000382475,1,0.000382475,0.000382475,0.000382475,5,1,5,5,5
9,20,0.000292865,1,0.000292865,0.000292865,0.000292865,5,1,5,5,5
9,20,0.000344608,1,0.000344608,0.000344608,0.000344608,5,1,5,5,5
9,20,0.000297547,1,0.000297547,0.000297547,0.000297547,5,1,5,5,5
9,20,0.000307881,1,0.000307881,0.000307881,0.000307881,5,1,5,5,5
9,20,0.000389808,1,0.000389808,0.000389808,0.000389808,8,1,8,8,8
9,20,0.000425743,1,0.000425743,0.000425743,0.000425743,10,1,10,10,10
9,20,0.000210341,1,0.000210341,0.000210341,0.000210341,3,1,3,3,3
9,20,0.00072931,1,0.00072931,0.00072931,0.00072931,18,1,18,18,18
9,20,0.000455243,1,0.000455243,0.000455243,0.000455243,10,1,10,10,10
9,20,0.000174858,1,0.000174858,0.000174858,0.000174858,1,1,1,1,1
9,20,0.000393029,1,0.000393029,0.000393029,0.000393029,5,1,5,5,5
9,20,0.000625356,1,0.000625356,0.000625356,0.000625356,15,1,15,15,15
9,20,0.000270053,1,0.000270053,0.000270053,0.000270053,4,1,4,4,4
9,20,0.000282734,1,0.000282734,0.000282734,0.000282734,5,1,5,5,5
9,20,0.000225749,1,0.000225749,0.000225749,0.000225749,3,1,3,3,3
9,20,0.000263975,1,0.000263975,0.000263975,0.000263975,3,1,3,3,3
9,20,0.000342167,1,0.000342167,0.000342167,0.000342167,7,1,7,7,7
9,20,0.000254358,1,0.000254358,0.000254358,0.000254358,4,1,4,4,4
9,20,0.00105895,1,0.00105895,0.00105895,0.00105895,34,1,34,34,34
9,20,0.000562611,1,0.000562611,0.000562611,0.000562611,11,1,11,11,11
9,20,0.000329141,1,0.000329141,0.000329141,0.000329141,5,1,5,5,5
9,20,0.000339839,1,0.000339839,0.000339839,0.000339839,6,1,6,6,6
9,20,0.000852908,1,0.000852908,0.000852908,0.000852908,23,1,23,23,23
9,20,0.000259112,1,0.000259112,0.000259112,0.000259112,4,1,4,4,4
9,20,0.000725033,1,0.000725033,0.000725033,0.000725033,17,1,17,17,17
9,20,0.000411832,1,0.000411832,0.000411832,0.000411832,7,1,7,7,7
9,20,0.000349932,1,0.000349932,0.000349932,0.000349932,6,1,6,6,6
9,20,0.000255272,1,0.000255272,0.000255272,0.000255272,4,1,4,4,4
9,20,0.000392079,1,0.000392079,0.000392079,0.000392079,9,1,9,9,9
9,20,0.000594997,1,0.000594997,0.000594997,0.000594997,14,1,14,14,14
9,20,0.000224432,1,0.000224432,0.000224432,0.000224432,3,1,3,3,3
9,20,0.000492129,1,0.000492129,0.000492129,0.000492129,9,1,9,9,9
9,20,0.00050412,1,0.00050412,0.00050412,0.00050412,12,1,12,12,12
9,20,0.000241528,1,0.000241528,0.000241528,0.000241528,3,1,3,3,3
9,20,0.000418682,1,0.000418682,0.000418682,0.000418682,9,1,9,9,9
9,20,0.000390032,1,0.000390032,0.000390032,0.000390032,6,1,6,6,6
9,20,0.000470326,1,0.000470326,0.000470326,0.000470326,11,1,11,11,11
9,20,0.000674614,1,0.000674614,0.000674614,0.000674614,15,1,15,15,15
9,20,0.000234813,1,0.000234813,0.000234813,0.000234813,3,1,3,3,3
9,20,0.000228056,1,0.000228056,0.000228056,0.000228056,3,1,3,3,3
9,20,0.000478284,1,0.000478284,0.000478284,0.000478284,11,1,11,11,11
9,20,0.000643145,1,0.000643145,0.000643145,0.000643145,16,1,16,16,16
9,20,0.000427245,1,0.000427245,0.000427245,0.000427245,8,1,8,8,8
9,20,0.000414897,1,0.000414897,0.000414897,0.000414897,8,1,8,8,8
9,20,0.000454076,1,0.000454076,0.000454076,0.000454076,11,1,11,11,11
9,20,0.000743141,1,0.000743141,0.000743141,0.000743141,21,1,21,21,21
9,20,0.000195172,1,0.000195172,0.000195172,0.000195172,2,1,2,2,2
9,20,0.000695279,1,0.000695279,0.000695279,0.000695279,17,1,17,17,17
9,20,0.000254778,1,0.000254778,0.000254778,0.000254778,3,1,3,3,3
9,20,0.000368405,1,0.000368405,0.000368405,0.000368405,7,1,7,7,7
9,20,0.00044264,1,0.00044264,0.00044264,0.00044264,7,1,7,7,7
9,20,0.00043336,1,0.00043336,0.00043336,0.00043336,10,1,10,10,10
9,20,0.000480472,1,0.000480472,0.000480472,0.000480472,9,1,9,9,9
9,20,0.000238745,1,0.000238745,0.000238745,0.000238745,4,1,4,4,4
9,20,0.000887044,1,0.000887044,0.000887044,0.000887044,25,1,25,25,25
9,20,0.000416294,1,0.000416294,0.000416294,0.000416294,10,1,10,10,10
9,20,0.000316397,1,0.000316397,0.000316397,0.000316397,5,1,5,5,5
9,20,0.000412461,1,0.000412461,0.000412461,0.000412461,9,1,9,9,9
9,20,0.000228804,1,0.000228804,0.000228804,0.000228804,3,1,3,3,3
9,20,0.000764049,1,0.000764049,0.000764049,0.000764049,21,1,21,21,21
9,20,0.000507222,1,0.000507222,0.000507222,0.000507222,7,1,7,7,7
9,20,0.000248993,1,0.000248993,0.000248993,0.000248993,3,1,3,3,3
9,20,0.000345327,1,0.000345327,0.000345327,0.000345327,7,1,7,7,7
9,20,0.000298438,1,0.000298438,0.000298438,0.000298438,6,1,6,6,6
9,20,0.00029245,1,0.00029245,0.00029245,0.00029245,4,1,4,4,4
9,20,0.000286069,1,0.000286069,0.000286069,0.000286069,6,1,6,6,6
9,20,0.000441657,1,0.000441657,0.000441657,0.000441657,11,1,11,11,11
9,20,0.000247331,1,0.000247331,0.000247331,0.000247331,3,1,3,3,3
9,20,0.000225136,1,0.000225136,0.000225136,0.000225136,3,1,3,3,3
9,20,0.000387361,1,0.000387361,0.000387361,0.000387361,9,1,9,9,9
9,20,0.000247382,1,0.000247382,0.000247382,0.000247382,3,1,3,3,3
9,20,0.000653646,1,0.000653646,0.000653646,0.000653646,16,1,16,16,16
9,20,0.000310224,1,0.000310224,0.000310224,0.000310224,4,1,4,4,4
9,20,0.000664051,1,0.000664051,0.000664051,0.000664051,15,1,15,15,15
9,20,0.000262454,1,0.000262454,0.000262454,0.000262454,3,1,3,3,3
9,20,0.000301545,1,0.000301545,0.000301545,0.000301545,5,1,5,5,5
9,20,0.000774225,1,0.000774225,0.000774225,0.000774225,17,1,17,17,17
9,20,0.000334864,1,0.000334864,0.000334864,0.000334864,8,1,8,8,8
9,20,0.000489472,1,0.000489472,0.000489472,0.000489472,13,1,13,13,13
9,20,0.000320113,1,0.000320113,0.000320113,0.000320113,5,1,5,5,5
9,20,0.000262464,1,0.000262464,0.000262464,0.000262464,5,1,5,5,5
9,20,0.000304823,1,0.000304823,0.000304823,0.000304823,5,1,5,5,5
9,20,0.000389667,1,0.000389667,0.000389667,0.000389667,7,1,7,7,7
9,20,0.00027623,1,0.00027623,0.00027623,0.00027623,5,1,5,5,5
9,20,0.000306687,1,0.000306687,0.000306687,0.000306687,5,1,5,5,5
9,20,0.00031488,1,0.00031488,0.00031488,0.00031488,4,1,4,4,4
9,20,0.000439899,1,0.000439899,0.000439899,0.000439899,9,1,9,9,9
9,20,0.000468105,1,0.000468105,0.000468105,0.000468105,9,1,9,9,9
9,20,0.000352062,1,0.000352062,0.000352062,0.000352062,5,1,5,5,5
9,20,0.000342558,1,0.000342558,0.000342558,0.000342558,5,1,5,5,5
9,20,0.000259476,1,0.000259476,0.000259476,0.000259476,3,1,3,3,3
9,20,0.000443925,1,0.000443925,0.000443925,0.000443925,10,1,10,10,10
9,20,0.000246206,1,0.000246206,0.000246206,0.000246206,3,1,3,3,3
9,20,0.000404696,1,0.000404696,0.000404696,0.000404696,8,1,8,8,8
9,20,0.000377428,1,0.000377428,0.000377428,0.000377428,7,1,7,7,7
9,20,0.00023786,1,0.00023786,0.00023786,0.00023786,3,1,3,3,3
9,20,0.000244137,1,0.000244137,0.000244137,0.000244137,3,1,3,3,3
9,20,0.000417779,1,0.000417779,0.000417779,0.000417779,5,1,5,5,5
9,20,0.00043956,1,0.00043956,0.00043956,0.00043956,9,1,9,9,9
9,20,0.000223912,1,0.000223912,0.000223912,0.000223912,3,1,3,3,3
9,20,0.000530671,1,0.000530671,0.000530671,0.000530671,9,1,9,9,9
9,20,0.00047749,1,0.00047749,0.00047749,0.00047749,10,1,10,10,10
9,20,0.000267215,1,0.000267215,0.000267215,0.000267215,4,1,4,4,4
9,20,0.000476057,1,0.000476057,0.000476057,0.000476057,11,1,11,11,11
9,20,0.000245979,1,0.000245979,0.000245979,0.000245979,3,1,3,3,3
9,20,0.000361253,1,0.000361253,0.000361253,0.000361253,6,1,6,6,6
9,20,0.000512899,1,0.000512899,0.000512899,0.000512899,14,1,14,14,14
9,20,0.0002553,1,0.0002553,0.0002553,0.0002553,3,1,3,3,3
9,20,0.000408209,1,0.000408209,0.000408209,0.000408209,9,1,9,9,9
9,20,0.00026003,1,0.00026003,0.00026003,0.00026003,3,1,3,3,3
9,20,0.000240938,1,0.000240938,0.000240938,0.000240938,3,1,3,3,3
9,20,0.000368293,1,0.000368293,0.000368293,0.000368293,8,1,8,8,8
9,20,0.000237607,1,0.000237607,0.000237607,0.000237607,3,1,3,3,3
9,20,0.000324604,1,0.000324604,0.000324604,0.000324604,5,1,5,5,5
9,20,0.000379325,1,0.000379325,0.000379325,0.000379325,7,1,7,7,7
9,20,0.000315131,1,0.000315131,0.000315131,0.000315131,7,1,7,7,7
9,20,0.0002985,1,0.0002985,0.0002985,0.0002985,4,1,4,4,4
9,20,0.000266558,1,0.000266558,0.000266558,0.000266558,3,1,3,3,3
9,20,0.000234002,1,0.000234002,0.000234002,0.000234002,3,1,3,3,3
9,20,0.000338557,1,0.000338557,0.000338557,0.000338557,7,1,7,7,7
9,20,0.000242095,1,0.000242095,0.000242095,0.000242095,4,1,4,4,4
9,20,0.000323281,1,0.000323281,0.000323281,0.000323281,5,1,5,5,5
9,20,0.000643951,1,0.000643951,0.000643951,0.000643951,15,1,15,15,15
9,20,0.000442389,1,0.000442389,0.000442389,0.000442389,7,1,7,7,7
9,20,0.000331911,1,0.000331911,0.000331911,0.000331911,5,1,5,5,5
9,20,0.000280262,1,0.000280262,0.000280262,0.000280262,4,1,4,4,4
9,20,0.000246157,1,0.000246157,0.000246157,0.000246157,3,1,3,3,3
9,20,0.000459085,1,0.000459085,0.000459085,0.000459085,11,1,11,11,11
9,20,0.00102199,1,0.00102199,0.00102199,0.00102199,27,1,27,27,27
9,20,0.000603903,1,0.000603903,0.000603903,0.000603903,15,1,15,15,15
9,20,0.000432143,1,0.000432143,0.000432143,0.000432143,9,1,9,9,9
9,20,0.000463785,1,0.000463785,0.000463785,0.000463785,13,1,13,13,13
9,20,0.000321992,1,0.000321992,0.000321992,0.000321992,5,1,5,5,5
9,20,0.000353325,1,0.000353325,0.000353325,0.000353325,7,1,7,7,7
9,20,0.000337841,1,0.000337841,0.000337841,0.000337841,5,1,5,5,5
9,20,0.000313423,1,0.000313423,0.000313423,0.000313423,6,1,6,6,6
9,20,0.000279737,1,0.000279737,0.000279737,0.000279737,4,1,4,4,4
9,20,0.0005917,1,0.0005917,0.0005917,0.0005917,15,1,15,15,15
9,20,0.000575191,1,0.000575191,0.000575191,0.000575191,16,1,16,16,16
9,20,0.000501814,1,0.000501814,0.000501814,0.000501814,7,1,7,7,7
9,20,0.00039003,1,0.00039003,0.00039003,0.00039003,7,1,7,7,7
9,20,0.00031789,1,0.00031789,0.00031789,0.00031789,4,1,4,4,4
9,20,0.00106331,1,0.00106331,0.00106331,0.00106331,31,1,31,31,31
9,20,0.00036723,1,0.00036723,0.00036723,0.00036723,8,1,8,8,8
9,20,0.000252605,1,0.000252605,0.000252605,0.000252605,4,1,4,4,4
9,20,0.000401335,1,0.000401335,0.000401335,0.000401335,9,1,9,9,9
9,20,0.000511975,1,0.000511975,0.000511975,0.000511975,13,1,13,13,13
9,20,0.000387214,1,0.000387214,0.000387214,0.000387214,5,1,5,5,5
9,20,0.000344934,1,0.000344934,0.000344934,0.000344934,5,1,5,5,5
9,20,0.000246443,1,0.000246443,0.000246443,0.000246443,4,1,4,4,4
9,20,0.000312221,1,0.000312221,0.000312221,0.000312221,5,1,5,5,5
9,20,0.000243833,1,0.000243833,0.000243833,0.000243833,3,1,3,3,3
9,20,0.000370744,1,0.000370744,0.000370744,0.000370744,8,1,8,8,8
9,20,0.000454911,1,0.000454911,0.000454911,0.000454911,9,1,9,9,9
9,20,0.000284156,1,0.000284156,0.000284156,0.000284156,3,1,3,3,3
9,20,0.000494195,1,0.000494195,0.000494195,0.000494195,9,1,9,9,9
9,20,0.000683965,1,0.000683965,0.000683965,0.000683965,19,1,19,19,19
9,20,0.00034631,1,0.00034631,0.00034631,0.00034631,7,1,7,7,7
9,20,0.0003133,1,0.0003133,0.0003133,0.0003133,5,1,5,5,5
9,20,0.000535132,1,0.000535132,0.000535132,0.000535132,13,1,13,13,13
9,20,0.000293281,1,0.000293281,0.000293281,0.000293281,5,1,5,5,5
9,20,0.000594607,1,0.000594607,0.000594607,0.000594607,14,1,14,14,14
9,20,0.000256298,1,0.000256298,0.000256298,0.000256298,3,1,3,3,3
9,20,0.000366741,1,0.000366741,0.000366741,0.000366741,5,1,5,5,5
9,20,0.000350898,1,0.000350898,0.000350898,0.000350898,8,1,8,8,8
9,20,0.000386305,1,0.000386305,0.000386305,0.000386305,6,1,6,6,6
9,20,0.00076203,1,0.00076203,0.00076203,0.00076203,19,1,19,19,19
9,20,0.000339739,1,0.000339739,0.000339739,0.000339739,7,1,7,7,7
9,20,0.000320744,1,0.000320744,0.000320744,0.000320744,5,1,5,5,5
9,20,0.000241309,1,0.000241309,0.000241309,0.000241309,3,1,3,3,3
9,20,0.000442923,1,0.000442923,0.000442923,0.000442923,6,1,6,6,6
9,20,0.000581704,1,0.000581704,0.000581704,0.000581704,15,1,15,15,15
9,20,0.00024443,1,0.00024443,0.00024443,0.00024443,3,1,3,3,3
9,20,0.000582272,1,0.000582272,0.000582272,0.000582272,16,1,16,16,16
9,20,0.000314954,1,0.000314954,0.000314954,0.000314954,6,1,6,6,6
9,20,0.000512798,1,0.000512798,0.000512798,0.000512798,12,1,12,12,12
9,20,0.000322767,1,0.000322767,0.000322767,0.000322767,6,1,6,6,6
9,20,0.000270392,1,0.000270392,0.000270392,0.000270392,5,1,5,5,5
9,20,0.000593966,1,0.000593966,0.000593966,0.000593966,15,1,15,15,15
9,20,0.000225459,1,0.000225459,0.000225459,0.000225459,4,1,4,4,4
9,20,0.000297621,1,0.000297621,0.000297621,0.000297621,3,1,3,3,3
9,20,0.000328529,1,0.000328529,0.000328529,0.000328529,7,1,7,7,7
9,20,0.000525551,1,0.000525551,0.000525551,0.000525551,9,1,9,9,9
9,20,0.000435065,1,0.000435065,0.000435065,0.000435065,8,1,8,8,8
9,20,0.000402731,1,0.000402731,0.000402731,0.000402731,5,1,5,5,5
9,20,0.000495573,1,0.000495573,0.000495573,0.000495573,12,1,12,12,12
9,20,0.000343538,1,0.000343538,0.000343538,0.000343538,5,1,5,5,5
9,20,0.000394321,1,0.000394321,0.000394321,0.000394321,7,1,7,7,7
9,20,0.000338375,1,0.000338375,0.000338375,0.000338375,5,1,5,5,5
9,20,0.000226121,1,0.000226121,0.000226121,0.000226121,3,1,3,3,3
9,20,0.000813759,1,0.000813759,0.000813759,0.000813759,21,1,21,21,21
9,20,0.000472187,1,0.000472187,0.000472187,0.000472187,11,1,11,11,11
9,20,0.00020631,1,0.00020631,0.00020631,0.00020631,2,1,2,2,2
9,20,0.000235523,1,0.000235523,0.000235523,0.000235523,3,1,3,3,3
9,20,0.00034162,1,0.00034162,0.00034162,0.00034162,5,1,5,5,5
9,20,0.000247122,1,0.000247122,0.000247122,0.000247122,3,1,3,3,3
9,20,0.000297799,1,0.000297799,0.000297799,0.000297799,5,1,5,5,5
9,20,0.000684663,1,0.000684663,0.000684663,0.000684663,13,1,13,13,13
9,20,0.000185842,1,0.000185842,0.000185842,0.000185842,2,1,2,2,2
9,20,0.000388028,1,0.000388028,0.000388028,0.000388028,5,1,5,5,5
9,20,0.000360455,1,0.000360455,0.000360455,0.000360455,7,1,7,7,7
9,20,0.000256674,1,0.000256674,0.000256674,0.000256674,4,1,4,4,4
9,20,0.000227282,1,0.000227282,0.000227282,0.000227282,3,1,3,3,3
9,20,0.000301717,1,0.000301717,0.000301717,0.000301717,6,1,6,6,6
9,20,0.000324343,1,0.000324343,0.000324343,0.000324343,7,1,7,7,7
9,20,0.000205296,1,0.000205296,0.000205296,0.000205296,2,1,2,2,2
9,20,0.000406883,1,0.000406883,0.000406883,0.000406883,8,1,8,8,8
9,20,0.000264396,1,0.000264396,0.000264396,0.000264396,3,1,3,3,3
9,20,0.000359729,1,0.000359729,0.000359729,0.000359729,8,1,8,8,8
9,20,0.000516646,1,0.000516646,0.000516646,0.000516646,12,1,12,12,12
9,20,0.000373658,1,0.000373658,0.000373658,0.000373658,8,1,8,8,8
9,20,0.000564304,1,0.000564304,0.000564304,0.000564304,14,1,14,14,14
9,20,0.00055074,1,0.00055074,0.00055074,0.00055074,12,1,12,12,12
9,20,0.00111712,1,0.00111712,0.00111712,0.00111712,25,1,25,25,25
9,20,0.000509013,1,0.000509013,0.000509013,0.000509013,11,1,11,11,11
9,20,0.000501556,1,0.000501556,0.000501556,0.000501556,9,1,9,9,9
9,20,0.000620727,1,0.000620727,0.000620727,0.000620727,12,1,12,12,12
9,20,0.000232381,1,0.000232381,0.000232381,0.000232381,3,1,3,3,3
9,20,0.000615385,1,0.000615385,0.000615385,0.000615385,17,1,17,17,17
9,20,0.000245496,1,0.000245496,0.000245496,0.000245496,3,1,3,3,3
9,20,0.000243477,1,0.000243477,0.000243477,0.000243477,4,1,4,4,4
9,20,0.000450945,1,0.000450945,0.000450945,0.000450945,9,1,9,9,9
9,20,0.000525815,1,0.000525815,0.000525815,0.000525815,12,1,12,12,12
9,20,0.00018868,1,0.00018868,0.00018868,0.00018868,2,1,2,2,2
9,20,0.000493299,1,0.000493299,0.000493299,0.000493299,9,1,9,9,9
9,20,0.000291477,1,0.000291477,0.000291477,0.000291477,4,1,4,4,4
9,20,0.000363419,1,0.000363419,0.000363419,0.000363419,7,1,7,7,7
9,20,0.0002519,1,0.0002519,0.0002519,0.0002519,4,1,4,4,4
9,20,0.000296741,1,0.000296741,0.000296741,0.000296741,5,1,5,5,5
9,20,0.000411255,1,0.000411255,0.000411255,0.000411255,8,1,8,8,8
9,20,0.000563351,1,0.000563351,0.000563351,0.000563351,13,1,13,13,13
9,20,0.000401849,1,0.000401849,0.000401849,0.000401849,8,1,8,8,8
9,20,0.000360709,1,0.000360709,0.000360709,0.000360709,7,1,7,7,7
9,20,0.000518289,1,0.000518289,0.000518289,0.000518289,13,1,13,13,13
9,20,0.000372663,1,0.000372663,0.000372663,0.000372663,7,1,7,7,7
9,20,0.000484044,1,0.000484044,0.000484044,0.000484044,10,1,10,10,10
9,20,0.000519221,1,0.000519221,0.000519221,0.000519221,7,1,7,7,7
9,20,0.000466736,1,0.000466736,0.000466736,0.000466736,10,1,10,10,10
9,20,0.000597897,1,0.000597897,0.000597897,0.000597897,16,1,16,16,16
9,20,0.000334228,1,0.000334228,0.000334228,0.000334228,5,1,5,5,5
9,20,0.000531848,1,0.000531848,0.000531848,0.000531848,11,1,11,11,11
9,20,0.000332362,1,0.000332362,0.000332362,0.000332362,6,1,6,6,6
9,20,0.000383105,1,0.000383105,0.000383105,0.000383105,7,1,7,7,7
9,20,0.000354724,1,0.000354724,0.000354724,0.000354724,5,1,5,5,5
9,20,0.000333391,1,0.000333391,0.000333391,0.000333391,5,1,5,5,5
9,20,0.000431831,1,0.000431831,0.000431831,0.000431831,11,1,11,11,11
9,20,0.000200654,1,0.000200654,0.000200654,0.000200654,2,1,2,2,2
9,20,0.000639547,1,0.000639547,0.000639547,0.000639547,14,1,14,14,14
9,20,0.000332949,1,0.000332949,0.000332949,0.000332949,6,1,6,6,6
9,20,0.000281267,1,0.000281267,0.000281267,0.000281267,5,1,5,5,5
9,20,0.000369056,1,0.000369056,0.000369056,0.000369056,5,1,5,5,5
9,20,0.000391346,1,0.000391346,0.000391346,0.000391346,7,1,7,7,7
9,20,0.000336487,1,0.000336487,0.000336487,0.000336487,7,1,7,7,7
9,20,0.000743863,1,0.000743863,0.000743863,0.000743863,17,1,17,17,17
9,20,0.00036948,1,0.00036948,0.00036948,0.00036948,8,1,8,8,8
9,20,0.00042866,1,0.00042866,0.00042866,0.00042866,7,1,7,7,7
9,20,0.000319851,1,0.000319851,0.000319851,0.000319851,5,1,5,5,5
9,20,0.000313569,1,0.000313569,0.000313569,0.000313569,6,1,6,6,6
9,20,0.000274154,1,0.000274154,0.000274154,0.000274154,4,1,4,4,4
9,20,0.000414191,1,0.000414191,0.000414191,0.000414191,9,1,9,9,9
9,20,0.000280743,1,0.000280743,0.000280743,0.000280743,5,1,5,5,5
9,20,0.000362092,1,0.000362092,0.000362092,0.000362092,8,1,8,8,8
9,20,0.000396751,1,0.000396751,0.000396751,0.000396751,7,1,7,7,7
9,20,0.000718271,1,0.000718271,0.000718271,0.000718271,18,1,18,18,18
9,20,0.000245193,1,0.000245193,0.000245193,0.000245193,3,1,3,3,3
9,20,0.000312636,1,0.000312636,0.000312636,0.000312636,6,1,6,6,6
9,20,0.000633326,1,0.000633326,0.000633326,0.000633326,11,1,11,11,11
9,20,0.000254945,1,0.000254945,0.000254945,0.000254945,4,1,4,4,4
9,20,0.000922346,1,0.000922346,0.000922346,0.000922346,24,1,24,24,24
9,20,0.000404065,1,0.000404065,0.000404065,0.000404065,9,1,9,9,9
9,20,0.000310513,1,0.000310513,0.000310513,0.000310513,5,1,5,5,5
9,20,0.000368423,1,0.000368423,0.000368423,0.000368423,7,1,7,7,7
9,20,0.000356966,1,0.000356966,0.000356966,0.000356966,7,1,7,7,7
9,20,0.000195998,1,0.000195998,0.000195998,0.000195998,2,1,2,2,2
9,20,0.000399642,1,0.000399642,0.000399642,0.000399642,5,1,5,5,5
9,20,0.000398467,1,0.000398467,0.000398467,0.000398467,10,1,10,10,10
9,20,0.000284025,1,0.000284025,0.000284025,0.000284025,5,1,5,5,5
9,20,0.000445472,1,0.000445472,0.000445472,0.000445472,9,1,9,9,9
9,20,0.000363582,1,0.000363582,0.000363582,0.000363582,7,1,7,7,7
9,20,0.000415736,1,0.000415736,0.000415736,0.000415736,9,1,9,9,9
9,20,0.000388838,1,0.000388838,0.000388838,0.000388838,8,1,8,8,8
9,20,0.000263857,1,0.000263857,0.000263857,0.000263857,4,1,4,4,4
9,20,0.000498721,1,0.000498721,0.000498721,0.000498721,11,1,11,11,11
9,20,0.000515726,1,0.000515726,0.000515726,0.000515726,12,1,12,12,12
9,20,0.000402881,1,0.000402881,0.000402881,0.000402881,7,1,7,7,7
9,20,0.000568452,1,0.000568452,0.000568452,0.000568452,14,1,14,14,14
9,20,0.000345891,1,0.000345891,0.000345891,0.000345891,5,1,5,5,5
9,20,0.000190189,1,0.000190189,0.000190189,0.000190189,2,1,2,2,2
9,20,0.000262573,1,0.000262573,0.000262573,0.000262573,4,1,4,4,4
9,20,0.00024664,1,0.00024664,0.00024664,0.00024664,3,1,3,3,3
9,20,0.000407958,1,0.000407958,0.000407958,0.000407958,9,1,9,9,9
9,20,0.000238824,1,0.000238824,0.000238824,0.000238824,3,1,3,3,3
9,20,0.000378632,1,0.000378632,0.000378632,0.000378632,5,1,5,5,5
9,20,0.000291486,1,0.000291486,0.000291486,0.000291486,5,1,5,5,5
9,20,0.000243593,1,0.000243593,0.000243593,0.000243593,3,1,3,3,3
9,20,0.000504511,1,0.000504511,0.000504511,0.000504511,11,1,11,11,11
9,20,0.000546956,1,0.000546956,0.000546956,0.000546956,14,1,14,14,14
9,20,0.000301278,1,0.000301278,0.000301278,0.000301278,5,1,5,5,5
9,20,0.000334338,1,0.000334338,0.000334338,0.000334338,5,1,5,5,5
9,20,0.00051987,1,0.00051987,0.00051987,0.00051987,13,1,13,13,13
9,20,0.000324426,1,0.000324426,0.000324426,0.000324426,5,1,5,5,5
9,20,0.000505057,1,0.000505057,0.000505057,0.000505057,12,1,12,12,12
9,20,0.000553743,1,0.000553743,0.000553743,0.000553743,13,1,13,13,13
9,20,0.000385904,1,0.000385904,0.000385904,0.000385904,5,1,5,5,5
9,20,0.0010454,1,0.0010454,0.0010454,0.0010454,26,1,26,26,26
9,20,0.000300226,1,0.000300226,0.000300226,0.000300226,5,1,5,5,5
9,20,0.000783954,1,0.000783954,0.000783954,0.000783954,19,1,19,19,19
9,20,0.00139265,1,0.00139265,0.00139265,0.00139265,36,1,36,36,36
9,20,0.000379122,1,0.000379122,0.000379122,0.000379122,7,1,7,7,7
9,20,0.000467662,1,0.000467662,0.000467662,0.000467662,11,1,11,11,11
9,20,0.000360179,1,0.000360179,0.000360179,0.000360179,7,1,7,7,7
9,20,0.000385866,1,0.000385866,0.000385866,0.000385866,7,1,7,7,7
9,20,0.000599188,1,0.000599188,0.000599188,0.000599188,13,1,13,13,13
9,20,0.000547075,1,0.000547075,0.000547075,0.000547075,15,1,15,15,15
9,20,0.000307439,1,0.000307439,0.000307439,0.000307439,5,1,5,5,5
9,20,0.00024848,1,0.00024848,0.00024848,0.00024848,3,1,3,3,3
9,20,0.000407016,1,0.000407016,0.000407016,0.000407016,10,1,10,10,10
9,20,0.000607369,1,0.000607369,0.000607369,0.000607369,16,1,16,16,16
9,20,0.000294406,1,0.000294406,0.000294406,0.000294406,5,1,5,5,5
9,20,0.000614177,1,0.000614177,0.000614177,0.000614177,15,1,15,15,15
9,20,0.000254198,1,0.000254198,0.000254198,0.000254198,3,1,3,3,3
9,20,0.000326012,1,0.000326012,0.000326012,0.000326012,8,1,8,8,8
9,20,0.000541863,1,0.000541863,0.000541863,0.000541863,9,1,9,9,9
9,20,0.000333491,1,0.000333491,0.000333491,0.000333491,5,1,5,5,5
9,20,0.000222541,1,0.000222541,0.000222541,0.000222541,3,1,3,3,3
9,20,0.000385036,1,0.000385036,0.000385036,0.000385036,7,1,7,7,7
9,20,0.000235784,1,0.000235784,0.000235784,0.000235784,3,1,3,3,3
9,20,0.0003434,1,0.0003434,0.0003434,0.0003434,5,1,5,5,5
9,20,0.000332079,1,0.000332079,0.000332079,0.000332079,5,1,5,5,5
9,20,0.000601579,1,0.000601579,0.000601579,0.000601579,14,1,14,14,14
9,20,0.000455278,1,0.000455278,0.000455278,0.000455278,7,1,7,7,7
9,20,0.000261455,1,0.000261455,0.000261455,0.000261455,4,1,4,4,4
9,20,0.000334069,1,0.000334069,0.000334069,0.000334069,5,1,5,5,5
9,20,0.000481102,1,0.000481102,0.000481102,0.000481102,12,1,12,12,12
9,20,0.000243846,1,0.000243846,0.000243846,0.000243846,3,1,3,3,3
9,20,0.000298273,1,0.000298273,0.000298273,0.000298273,5,1,5,5,5
9,20,0.000395557,1,0.000395557,0.000395557,0.000395557,8,1,8,8,8
9,20,0.000357882,1,0.000357882,0.000357882,0.000357882,7,1,7,7,7
9,20,0.000394187,1,0.000394187,0.000394187,0.000394187,9,1,9,9,9
9,20,0.000271438,1,0.000271438,0.000271438,0.000271438,5,1,5,5,5
9,20,0.000189473,1,0.000189473,0.000189473,0.000189473,2,1,2,2,2
9,20,0.000368459,1,0.000368459,0.000368459,0.000368459,9,1,9,9,9
9,20,0.000316062,1,0.000316062,0.000316062,0.000316062,5,1,5,5,5
9,20,0.000452401,1,0.000452401,0.000452401,0.000452401,9,1,9,9,9
9,20,0.000466899,1,0.000466899,0.000466899,0.000466899,6,1,6,6,6
9,20,0.000414478,1,0.000414478,0.000414478,0.000414478,8,1,8,8,8
9,20,0.000642812,1,0.000642812,0.000642812,0.000642812,16,1,16,16,16
9,20,0.000270042,1,0.000270042,0.000270042,0.000270042,3,1,3,3,3
9,20,0.000624429,1,0.000624429,0.000624429,0.000624429,17,1,17,17,17
9,20,0.000329687,1,0.000329687,0.000329687,0.000329687,6,1,6,6,6
9,20,0.000352684,1,0.000352684,0.000352684,0.000352684,6,1,6,6,6
9,20,0.000346381,1,0.000346381,0.000346381,0.000346381,7,1,7,7,7
9,20,0.000352872,1,0.000352872,0.000352872,0.000352872,6,1,6,6,6
9,20,0.00047539,1,0.00047539,0.00047539,0.00047539,11,1,11,11,11
9,20,0.000365165,1,0.000365165,0.000365165,0.000365165,9,1,9,9,9
9,20,0.000560788,1,0.000560788,0.000560788,0.000560788,9,1,9,9,9
9,20,0.000242749,1,0.000242749,0.000242749,0.000242749,4,1,4,4,4
9,20,0.000898841,1,0.000898841,0.000898841,0.000898841,22,1,22,22,22
9,20,0.000310081,1,0.000310081,0.000310081,0.000310081,5,1,5,5,5
9,20,0.000576206,1,0.000576206,0.000576206,0.000576206,14,1,14,14,14
9,20,0.000424719,1,0.000424719,0.000424719,0.000424719,10,1,10,10,10
9,20,0.000346585,1,0.000346585,0.000346585,0.000346585,5,1,5,5,5
9,20,0.000498611,1,0.000498611,0.000498611,0.000498611,11,1,11,11,11
9,20,0.000189576,1,0.000189576,0.000189576,0.000189576,2,1,2,2,2
9,20,0.000311007,1,0.000311007,0.000311007,0.000311007,7,1,7,7,7
9,20,0.000234242,1,0.000234242,0.000234242,0.000234242,3,1,3,3,3
9,20,0.000554072,1,0.000554072,0.000554072,0.000554072,9,1,9,9,9
9,20,0.000366607,1,0.000366607,0.000366607,0.000366607,5,1,5,5,5
9,20,0.000554265,1,0.000554265,0.000554265,0.000554265,14,1,14,14,14
9,20,0.00044223,1,0.00044223,0.00044223,0.00044223,8,1,8,8,8
9,20,0.000259486,1,0.000259486,0.000259486,0.000259486,3,1,3,3,3
9,20,0.00039108,1,0.00039108,0.00039108,0.00039108,8,1,8,8,8
9,20,0.000241033,1,0.000241033,0.000241033,0.000241033,3,1,3,3,3
9,20,0.000350104,1,0.000350104,0.000350104,0.000350104,8,1,8,8,8
9,20,0.000372245,1,0.000372245,0.000372245,0.000372245,5,1,5,5,5
9,20,0.000358773,1,0.000358773,0.000358773,0.000358773,7,1,7,7,7
9,20,0.000366947,1,0.000366947,0.000366947,0.000366947,6,1,6,6,6
9,20,0.000418061,1,0.000418061,0.000418061,0.000418061,8,1,8,8,8
9,20,0.000299431,1,0.000299431,0.000299431,0.000299431,5,1,5,5,5
9,20,0.000233785,1,0.000233785,0.000233785,0.000233785,4,1,4,4,4
9,20,0.000475427,1,0.000475427,0.000475427,0.000475427,13,1,13,13,13
9,20,0.000504068,1,0.000504068,0.000504068,0.000504068,9,1,9,9,9
9,20,0.000265399,1,0.000265399,0.000265399,0.000265399,3,1,3,3,3
9,20,0.000806592,1,0.000806592,0.000806592,0.000806592,21,1,21,21,21
9,20,0.000341657,1,0.000341657,0.000341657,0.000341657,7,1,7,7,7
9,20,0.000502188,1,0.000502188,0.000502188,0.000502188,10,1,10,10,10
9,20,0.000410394,1,0.000410394,0.000410394,0.000410394,9,1,9,9,9
9,20,0.000449745,1,0.000449745,0.000449745,0.000449745,9,1,9,9,9
9,20,0.000345897,1,0.000345897,0.000345897,0.000345897,5,1,5,5,5
9,20,0.000381194,1,0.000381194,0.000381194,0.000381194,7,1,7,7,7
9,20,0.000259655,1,0.000259655,0.000259655,0.000259655,3,1,3,3,3
9,20,0.000471926,1,0.000471926,0.000471926,0.000471926,9,1,9,9,9
9,20,0.000617494,1,0.000617494,0.000617494,0.000617494,13,1,13,13,13
9,20,0.000300731,1,0.000300731,0.000300731,0.000300731,5,1,5,5,5
9,20,0.000745474,1,0.000745474,0.000745474,0.000745474,19,1,19,19,19
9,20,0.000399373,1,0.000399373,0.000399373,0.000399373,6,1,6,6,6
9,20,0.000239725,1,0.000239725,0.000239725,0.000239725,3,1,3,3,3
9,20,0.000313977,1,0.000313977,0.000313977,0.000313977,5,1,5,5,5
9,20,0.000384997,1,0.000384997,0.000384997,0.000384997,8,1,8,8,8
9,20,0.000587396,1,0.000587396,0.000587396,0.000587396,9,1,9,9,9
9,20,0.000486544,1,0.000486544,0.000486544,0.000486544,11,1,11,11,11
9,20,0.000512585,1,0.000512585,0.000512585,0.000512585,12,1,12,12,12
9,20,0.000407512,1,0.000407512,0.000407512,0.000407512,7,1,7,7,7
9,20,0.000239905,1,0.000239905,0.000239905,0.000239905,4,1,4,4,4
9,20,0.000203136,1,0.000203136,0.000203136,0.000203136,2,1,2,2,2
9,20,0.000257721,1,0.000257721,0.000257721,0.000257721,4,1,4,4,4
9,20,0.000362773,1,0.000362773,0.000362773,0.000362773,6,1,6,6,6
9,20,0.000567057,1,0.000567057,0.000567057,0.000567057,13,1,13,13,13
9,20,0.000351501,1,0.000351501,0.000351501,0.000351501,8,1,8,8,8
9,20,0.000236292,1,0.000236292,0.000236292,0.000236292,3,1,3,3,3
9,20,0.000453037,1,0.000453037,0.000453037,0.000453037,10,1,10,10,10
9,20,0.000348356,1,0.000348356,0.000348356,0.000348356,5,1,5,5,5
9,20,0.000302046,1,0.000302046,0.000302046,0.000302046,6,1,6,6,6
9,20,0.000418977,1,0.000418977,0.000418977,0.000418977,8,1,8,8,8
9,20,0.000331965,1,0.000331965,0.000331965,0.000331965,7,1,7,7,7
9,20,0.000240699,1,0.000240699,0.000240699,0.000240699,4,1,4,4,4
9,20,0.000383521,1,0.000383521,0.000383521,0.000383521,8,1,8,8,8
9,20,0.000280797,1,0.000280797,0.000280797,0.000280797,5,1,5,5,5
9,20,0.00043315,1,0.00043315,0.00043315,0.00043315,7,1,7,7,7
9,20,0.000251146,1,0.000251146,0.000251146,0.000251146,5,1,5,5,5
9,20,0.000491767,1,0.000491767,0.000491767,0.000491767,11,1,11,11,11
9,20,0.000311677,1,0.000311677,0.000311677,0.000311677,6,1,6,6,6
9,20,0.000356963,1,0.000356963,0.000356963,0.000356963,8,1,8,8,8
9,20,0.0002754,1,0.0002754,0.0002754,0.0002754,4,1,4,4,4
9,20,0.000522532,1,0.000522532,0.000522532,0.000522532,12,1,12,12,12
9,20,0.000254926,1,0.000254926,0.000254926,0.000254926,3,1,3,3,3
9,20,0.000528609,1,0.000528609,0.000528609,0.000528609,11,1,11,11,11
9,20,0.000391896,1,0.000391896,0.000391896,0.000391896,8,1,8,8,8
9,20,0.000307151,1,0.000307151,0.000307151,0.000307151,6,1,6,6,6
9,20,0.000709426,1,0.000709426,0.000709426,0.000709426,15,1,15,15,15
9,20,0.00030453,1,0.00030453,0.00030453,0.00030453,6,1,6,6,6
9,20,0.000320295,1,0.000320295,0.000320295,0.000320295,6,1,6,6,6
9,20,0.000297555,1,0.000297555,0.000297555,0.000297555,6,1,6,6,6
9,20,0.000437568,1,0.000437568,0.000437568,0.000437568,9,1,9,9,9
9,20,0.000223877,1,0.000223877,0.000223877,0.000223877,3,1,3,3,3
9,20,0.000489531,1,0.000489531,0.000489531,0.000489531,10,1,10,10,10
9,20,0.000365811,1,0.000365811,0.000365811,0.000365811,8,1,8,8,8
9,20,0.000247657,1,0.000247657,0.000247657,0.000247657,4,1,4,4,4
9,20,0.00029926,1,0.00029926,0.00029926,0.00029926,3,1,3,3,3
9,20,0.000244834,1,0.000244834,0.000244834,0.000244834,4,1,4,4,4
9,20,0.000530074,1,0.000530074,0.000530074,0.000530074,12,1,12,12,12
9,20,0.000282433,1,0.000282433,0.000282433,0.000282433,5,1,5,5,5
9,20,0.00019993,1,0.00019993,0.00019993,0.00019993,2,1,2,2,2
9,20,0.000394014,1,0.000394014,0.000394014,0.000394014,8,1,8,8,8
9,20,0.000546997,1,0.000546997,0.000546997,0.000546997,13,1,13,13,13
9,20,0.00020004,1,0.00020004,0.00020004,0.00020004,3,1,3,3,3
9,20,0.000228442,1,0.000228442,0.000228442,0.000228442,3,1,3,3,3
9,20,0.000253792,1,0.000253792,0.000253792,0.000253792,3,1,3,3,3
9,20,0.000402637,1,0.000402637,0.000402637,0.000402637,9,1,9,9,9
9,20,0.000292389,1,0.000292389,0.000292389,0.000292389,5,1,5,5,5
9,20,0.000460585,1,0.000460585,0.000460585,0.000460585,12,1,12,12,12
9,20,0.000481064,1,0.000481064,0.000481064,0.000481064,10,1,10,10,10
9,20,0.000546714,1,0.000546714,0.000546714,0.000546714,11,1,11,11,11
9,20,0.000243936,1,0.000243936,0.000243936,0.000243936,3,1,3,3,3
9,20,0.000295421,1,0.000295421,0.000295421,0.000295421,6,1,6,6,6
9,20,0.000524518,1,0.000524518,0.000524518,0.000524518,13,1,13,13,13
9,20,0.000520812,1,0.000520812,0.000520812,0.000520812,12,1,12,12,12
9,20,0.000429188,1,0.000429188,0.000429188,0.000429188,8,1,8,8,8
9,20,0.000415902,1,0.000415902,0.000415902,0.000415902,5,1,5,5,5
9,20,0.000345672,1,0.000345672,0.000345672,0.000345672,6,1,6,6,6
9,20,0.000242161,1,0.000242161,0.000242161,0.000242161,3,1,3,3,3
9,20,0.000472251,1,0.000472251,0.000472251,0.000472251,11,1,11,11,11
9,20,0.000397043,1,0.000397043,0.000397043,0.000397043,7,1,7,7,7
9,20,0.000429991,1,0.000429991,0.000429991,0.000429991,10,1,10,10,10
9,20,0.000260091,1,0.000260091,0.000260091,0.000260091,4,1,4,4,4
9,20,0.000568267,1,0.000568267,0.000568267,0.000568267,11,1,11,11,11
9,20,0.000553162,1,0.000553162,0.000553162,0.000553162,17,1,17,17,17
9,20,0.000881403,1,0.000881403,0.000881403,0.000881403,17,1,17,17,17
9,20,0.00054298,1,0.00054298,0.00054298,0.00054298,13,1,13,13,13
9,20,0.000549888,1,0.000549888,0.000549888,0.000549888,13,1,13,13,13
9,20,0.000612132,1,0.000612132,0.000612132,0.000612132,13,1,13,13,13
9,20,0.000402626,1,0.000402626,0.000402626,0.000402626,7,1,7,7,7
9,20,0.000427195,1,0.000427195,0.000427195,0.000427195,9,1,9,9,9
9,20,0.000494591,1,0.000494591,0.000494591,0.000494591,11,1,11,11,11
9,20,0.000227583,1,0.000227583,0.000227583,0.000227583,3,1,3,3,3
9,20,0.000492563,1,0.000492563,0.000492563,0.000492563,10,1,10,10,10
9,20,0.000366096,1,0.000366096,0.000366096,0.000366096,5,1,5,5,5
9,20,0.000585771,1,0.000585771,0.000585771,0.000585771,17,1,17,17,17
9,20,0.000255856,1,0.000255856,0.000255856,0.000255856,3,1,3,3,3
9,20,0.000559019,1,0.000559019,0.000559019,0.000559019,13,1,13,13,13
9,20,0.000343022,1,0.000343022,0.000343022,0.000343022,5,1,5,5,5
9,20,0.000195322,1,0.000195322,0.000195322,0.000195322,3,1,3,3,3
9,20,0.000271701,1,0.000271701,0.000271701,0.000271701,3,1,3,3,3
9,20,0.000244545,1,0.000244545,0.000244545,0.000244545,3,1,3,3,3
9,20,0.00033249,1,0.00033249,0.00033249,0.00033249,5,1,5,5,5
9,20,0.000569327,1,0.000569327,0.000569327,0.000569327,11,1,11,11,11
9,20,0.000294959,1,0.000294959,0.000294959,0.000294959,3,1,3,3,3
9,20,0.000272711,1,0.000272711,0.000272711,0.000272711,3,1,3,3,3
9,20,0.000384361,1,0.000384361,0.000384361,0.000384361,9,1,9,9,9
9,20,0.000892,1,0.000892,0.000892,0.000892,20,1,20,20,20
9,20,0.000249012,1,0.000249012,0.000249012,0.000249012,4,1,4,4,4
9,20,0.000275099,1,0.000275099,0.000275099,0.000275099,5,1,5,5,5
9,20,0.000240024,1,0.000240024,0.000240024,0.000240024,3,1,3,3,3
9,20,0.000308122,1,0.000308122,0.000308122,0.000308122,5,1,5,5,5
9,20,0.000771585,1,0.000771585,0.000771585,0.000771585,21,1,21,21,21
9,20,0.000685679,1,0.000685679,0.000685679,0.000685679,17,1,17,17,17
9,20,0.000423186,1,0.000423186,0.000423186,0.000423186,10,1,10,10,10
9,20,0.000403661,1,0.000403661,0.000403661,0.000403661,5,1,5,5,5
9,20,0.000206047,1,0.000206047,0.000206047,0.000206047,3,1,3,3,3
9,20,0.00028676,1,0.00028676,0.00028676,0.00028676,5,1,5,5,5
9,20,0.000492835,1,0.000492835,0.000492835,0.000492835,9,1,9,9,9
9,20,0.000506208,1,0.000506208,0.000506208,0.000506208,9,1,9,9,9
9,20,0.000607968,1,0.000607968,0.000607968,0.000607968,14,1,14,14,14
9,20,0.000719493,1,0.000719493,0.000719493,0.000719493,16,1,16,16,16
9,20,0.000734546,1,0.000734546,0.000734546,0.000734546,17,1,17,17,17
9,20,0.000397012,1,0.000397012,0.000397012,0.000397012,9,1,9,9,9
9,20,0.000397748,1,0.000397748,0.000397748,0.000397748,7,1,7,7,7
9,20,0.00033651,1,0.00033651,0.00033651,0.00033651,5,1,5,5,5
9,20,0.000292904,1,0.000292904,0.000292904,0.000292904,5,1,5,5,5
9,20,0.00048225,1,0.00048225,0.00048225,0.00048225,11,1,11,11,11
9,20,0.000583698,1,0.000583698,0.000583698,0.000583698,15,1,15,15,15
9,20,0.000283131,1,0.000283131,0.000283131,0.000283131,4,1,4,4,4
9,20,0.000332688,1,0.000332688,0.000332688,0.000332688,7,1,7,7,7
9,20,0.000433099,1,0.000433099,0.000433099,0.000433099,11,1,11,11,11
9,20,0.000468334,1,0.000468334,0.000468334,0.000468334,8,1,8,8,8
9,20,0.000740158,1,0.000740158,0.000740158,0.000740158,22,1,22,22,22
9,20,0.000493357,1,0.000493357,0.000493357,0.000493357,8,1,8,8,8
9,20,0.000375509,1,0.000375509,0.000375509,0.000375509,5,1,5,5,5
9,20,0.000310389,1,0.000310389,0.000310389,0.000310389,5,1,5,5,5
9,20,0.000635532,1,0.000635532,0.000635532,0.000635532,15,1,15,15,15
9,20,0.00026589,1,0.00026589,0.00026589,0.00026589,5,1,5,5,5
9,20,0.000221041,1,0.000221041,0.000221041,0.000221041,3,1,3,3,3
9,20,0.000734275,1,0.000734275,0.000734275,0.000734275,17,1,17,17,17
9,20,0.000475496,1,0.000475496,0.000475496,0.000475496,9,1,9,9,9
9,20,0.000224765,1,0.000224765,0.000224765,0.000224765,3,1,3,3,3
9,20,0.000395619,1,0.000395619,0.000395619,0.000395619,9,1,9,9,9
9,20,0.000911759,1,0.000911759,0.000911759,0.000911759,21,1,21,21,21
9,20,0.00028525,1,0.00028525,0.00028525,0.00028525,4,1,4,4,4
9,20,0.000470609,1,0.000470609,0.000470609,0.000470609,8,1,8,8,8
9,20,0.000348737,1,0.000348737,0.000348737,0.000348737,6,1,6,6,6
9,20,0.000618764,1,0.000618764,0.000618764,0.000618764,17,1,17,17,17
9,20,0.000453575,1,0.000453575,0.000453575,0.000453575,11,1,11,11,11
9,20,0.000287395,1,0.000287395,0.000287395,0.000287395,6,1,6,6,6
9,20,0.0010077,1,0.0010077,0.0010077,0.0010077,26,1,26,26,26
9,20,0.000262945,1,0.000262945,0.000262945,0.000262945,3,1,3,3,3
9,20,0.000763366,1,0.000763366,0.000763366,0.000763366,17,1,17,17,17
9,20,0.000269348,1,0.000269348,0.000269348,0.000269348,4,1,4,4,4
9,20,0.000201312,1,0.000201312,0.000201312,0.000201312,3,1,3,3,3
9,20,0.000290694,1,0.000290694,0.000290694,0.000290694,5,1,5,5,5
9,20,0.000378811,1,0.000378811,0.000378811,0.000378811,9,1,9,9,9
9,20,0.000595645,1,0.000595645,0.000595645,0.000595645,9,1,9,9,9
9,20,0.000398067,1,0.000398067,0.000398067,0.000398067,8,1,8,8,8
9,20,0.00037118,1,0.00037118,0.00037118,0.00037118,6,1,6,6,6
9,20,0.000257066,1,0.000257066,0.000257066,0.000257066,3,1,3,3,3
9,20,0.000478253,1,0.000478253,0.000478253,0.000478253,11,1,11,11,11
9,20,0.000251707,1,0.000251707,0.000251707,0.000251707,3,1,3,3,3
9,20,0.000457901,1,0.000457901,0.000457901,0.000457901,10,1,10,10,10
9,20,0.000355555,1,0.000355555,0.000355555,0.000355555,7,1,7,7,7
9,20,0.000247845,1,0.000247845,0.000247845,0.000247845,3,1,3,3,3
9,20,0.000389824,1,0.000389824,0.000389824,0.000389824,7,1,7,7,7
9,20,0.000393938,1,0.000393938,0.000393938,0.000393938,7,1,7,7,7
9,20,0.000265512,1,0.000265512,0.000265512,0.000265512,3,1,3,3,3
9,20,0.000413256,1,0.000413256,0.000413256,0.000413256,9,1,9,9,9
9,20,0.00138403,1,0.00138403,0.00138403,0.00138403,37,1,37,37,37
9,20,0.000227295,1,0.000227295,0.000227295,0.000227295,3,1,3,3,3
9,20,0.000340279,1,0.000340279,0.000340279,0.000340279,5,1,5,5,5
9,20,0.000381253,1,0.000381253,0.000381253,0.000381253,5,1,5,5,5
9,20,0.000225972,1,0.000225972,0.000225972,0.000225972,3,1,3,3,3
9,20,0.000612854,1,0.000612854,0.000612854,0.000612854,9,1,9,9,9
9,20,0.000270307,1,0.000270307,0.000270307,0.000270307,4,1,4,4,4
9,20,0.000373624,1,0.000373624,0.000373624,0.000373624,8,1,8,8,8
9,20,0.000504815,1,0.000504815,0.000504815,0.000504815,10,1,10,10,10
9,20,0.000466699,1,0.000466699,0.000466699,0.000466699,9,1,9,9,9
9,20,0.000277475,1,0.000277475,0.000277475,0.000277475,5,1,5,5,5
9,20,0.000317207,1,0.000317207,0.000317207,0.000317207,7,1,7,7,7
9,20,0.000660882,1,0.000660882,0.000660882,0.000660882,16,1,16,16,16
9,20,0.000224873,1,0.000224873,0.000224873,0.000224873,3,1,3,3,3
9,20,0.000385647,1,0.000385647,0.000385647,0.000385647,8,1,8,8,8
9,20,0.000260201,1,0.000260201,0.000260201,0.000260201,4,1,4,4,4
9,20,0.00064171,1,0.00064171,0.00064171,0.00064171,14,1,14,14,14
9,20,0.000243354,1,0.000243354,0.000243354,0.000243354,3,1,3,3,3
9,20,0.000350762,1,0.000350762,0.000350762,0.000350762,7,1,7,7,7
9,20,0.000241163,1,0.000241163,0.000241163,0.000241163,3,1,3,3,3
9,20,0.000654876,1,0.000654876,0.000654876,0.000654876,16,1,16,16,16
9,20,0.000400869,1,0.000400869,0.000400869,0.000400869,8,1,8,8,8
9,20,0.000606978,1,0.000606978,0.000606978,0.000606978,11,1,11,11,11
9,20,0.000386469,1,0.000386469,0.000386469,0.000386469,7,1,7,7,7
9,20,0.000219631,1,0.000219631,0.000219631,0.000219631,3,1,3,3,3
9,20,0.00029578,1,0.00029578,0.00029578,0.00029578,5,1,5,5,5
9,20,0.000432564,1,0.000432564,0.000432564,0.000432564,10,1,10,10,10
9,20,0.000189768,1,0.000189768,0.000189768,0.000189768,2,1,2,2,2
9,20,0.000832758,1,0.000832758,0.000832758,0.000832758,20,1,20,20,20
9,20,0.000522622,1,0.000522622,0.000522622,0.000522622,9,1,9,9,9
9,20,0.000363311,1,0.000363311,0.000363311,0.000363311,8,1,8,8,8
9,20,0.000431409,1,0.000431409,0.000431409,0.000431409,10,1,10,10,10
9,20,0.000216312,1,0.000216312,0.000216312,0.000216312,3,1,3,3,3
9,20,0.000435662,1,0.000435662,0.000435662,0.000435662,9,1,9,9,9
9,20,0.000324206,1,0.000324206,0.000324206,0.000324206,5,1,5,5,5
9,20,0.000322309,1,0.000322309,0.000322309,0.000322309,6,1,6,6,6
9,20,0.00053497,1,0.00053497,0.00053497,0.00053497,9,1,9,9,9
9,20,0.000459811,1,0.000459811,0.000459811,0.000459811,9,1,9,9,9
9,20,0.00122416,1,0.00122416,0.00122416,0.00122416,35,1,35,35,35
9,20,0.000449216,1,0.000449216,0.000449216,0.000449216,10,1,10,10,10
9,20,0.000336397,1,0.000336397,0.000336397,0.000336397,5,1,5,5,5
9,20,0.000280384,1,0.000280384,0.000280384,0.000280384,4,1,4,4,4
9,20,0.00018549,1,0.00018549,0.00018549,0.00018549,2,1,2,2,2
9,20,0.000337753,1,0.000337753,0.000337753,0.000337753,5,1,5,5,5
9,20,0.000434133,1,0.000434133,0.000434133,0.000434133,9,1,9,9,9
9,20,0.000276409,1,0.000276409,0.000276409,0.000276409,5,1,5,5,5
9,20,0.000263189,1,0.000263189,0.000263189,0.000263189,3,1,3,3,3
9,20,0.000684327,1,0.000684327,0.000684327,0.000684327,16,1,16,16,16
9,20,0.000554503,1,0.000554503,0.000554503,0.000554503,9,1,9,9,9
9,20,0.000365422,1,0.000365422,0.000365422,0.000365422,9,1,9,9,9
9,20,0.000372574,1,0.000372574,0.000372574,0.000372574,7,1,7,7,7
9,20,0.000616901,1,0.000616901,0.000616901,0.000616901,15,1,15,15,15
9,20,0.00032117,1,0.00032117,0.00032117,0.00032117,6,1,6,6,6
9,20,0.000435553,1,0.000435553,0.000435553,0.000435553,9,1,9,9,9
9,20,0.000243572,1,0.000243572,0.000243572,0.000243572,3,1,3,3,3
9,20,0.000487236,1,0.000487236,0.000487236,0.000487236,7,1,7,7,7
9,20,0.000667963,1,0.000667963,0.000667963,0.000667963,13,1,13,13,13
9,20,0.000715132,1,0.000715132,0.000715132,0.000715132,17,1,17,17,17
9,20,0.000272976,1,0.000272976,0.000272976,0.000272976,5,1,5,5,5
9,20,0.000581595,1,0.000581595,0.000581595,0.000581595,17,1,17,17,17
9,20,0.000411249,1,0.000411249,0.000411249,0.000411249,10,1,10,10,10
9,20,0.000310921,1,0.000310921,0.000310921,0.000310921,7,1,7,7,7
9,20,0.000498099,1,0.000498099,0.000498099,0.000498099,7,1,7,7,7
9,20,0.000524807,1,0.000524807,0.000524807,0.000524807,11,1,11,11,11
9,20,0.000285749,1,0.000285749,0.000285749,0.000285749,4,1,4,4,4
9,20,0.000344491,1,0.000344491,0.000344491,0.000344491,7,1,7,7,7
9,20,0.000260069,1,0.000260069,0.000260069,0.000260069,4,1,4,4,4
9,20,0.000379455,1,0.000379455,0.000379455,0.000379455,5,1,5,5,5
9,20,0.000197496,1,0.000197496,0.000197496,0.000197496,2,1,2,2,2
9,20,0.00052983,1,0.00052983,0.00052983,0.00052983,12,1,12,12,12
9,20,0.000246824,1,0.000246824,0.000246824,0.000246824,3,1,3,3,3
9,20,0.000234336,1,0.000234336,0.000234336,0.000234336,3,1,3,3,3
9,20,0.000325406,1,0.000325406,0.000325406,0.000325406,6,1,6,6,6
9,20,0.000510656,1,0.000510656,0.000510656,0.000510656,10,1,10,10,10
9,20,0.00047426,1,0.00047426,0.00047426,0.00047426,11,1,11,11,11
9,20,0.000349883,1,0.000349883,0.000349883,0.000349883,7,1,7,7,7
9,20,0.000383774,1,0.000383774,0.000383774,0.000383774,8,1,8,8,8
9,20,0.000237371,1,0.000237371,0.000237371,0.000237371,3,1,3,3,3
9,20,0.000794468,1,0.000794468,0.000794468,0.000794468,21,1,21,21,21
9,20,0.00036355,1,0.00036355,0.00036355,0.00036355,6,1,6,6,6
9,20,0.000250042,1,0.000250042,0.000250042,0.000250042,4,1,4,4,4
9,20,0.00033208,1,0.00033208,0.00033208,0.00033208,5,1,5,5,5
9,20,0.000281027,1,0.000281027,0.000281027,0.000281027,5,1,5,5,5
9,20,0.000720633,1,0.000720633,0.000720633,0.000720633,15,1,15,15,15
9,20,0.000616851,1,0.000616851,0.000616851,0.000616851,13,1,13,13,13
9,20,0.00070572,1,0.00070572,0.00070572,0.00070572,18,1,18,18,18
9,20,0.000249652,1,0.000249652,0.000249652,0.000249652,3,1,3,3,3
9,20,0.000435516,1,0.000435516,0.000435516,0.000435516,10,1,10,10,10
9,20,0.000652847,1,0.000652847,0.000652847,0.000652847,11,1,11,11,11
9,20,0.000501711,1,0.000501711,0.000501711,0.000501711,12,1,12,12,12
9,20,0.00024386,1,0.00024386,0.00024386,0.00024386,4,1,4,4,4
9,20,0.000500358,1,0.000500358,0.000500358,0.000500358,13,1,13,13,13
9,20,0.000235108,1,0.000235108,0.000235108,0.000235108,3,1,3,3,3
9,20,0.000633033,1,0.000633033,0.000633033,0.000633033,16,1,16,16,16
9,20,0.000287774,1,0.000287774,0.000287774,0.000287774,5,1,5,5,5
9,20,0.000639534,1,0.000639534,0.000639534,0.000639534,19,1,19,19,19
9,20,0.000536766,1,0.000536766,0.000536766,0.000536766,14,1,14,14,14
9,20,0.000244718,1,0.000244718,0.000244718,0.000244718,3,1,3,3,3
9,20,0.000930339,1,0.000930339,0.000930339,0.000930339,25,1,25,25,25
9,20,0.000196541,1,0.000196541,0.000196541,0.000196541,2,1,2,2,2
9,20,0.000370111,1,0.000370111,0.000370111,0.000370111,5,1,5,5,5
9,20,0.000364756,1,0.000364756,0.000364756,0.000364756,7,1,7,7,7
9,20,0.000398483,1,0.000398483,0.000398483,0.000398483,5,1,5,5,5
9,20,0.000306436,1,0.000306436,0.000306436,0.000306436,5,1,5,5,5
9,20,0.00047283,1,0.00047283,0.00047283,0.00047283,9,1,9,9,9
9,20,0.000390652,1,0.000390652,0.000390652,0.000390652,8,1,8,8,8
9,20,0.000299776,1,0.000299776,0.000299776,0.000299776,5,1,5,5,5
9,20,0.000746044,1,0.000746044,0.000746044,0.000746044,16,1,16,16,16
9,20,0.000347704,1,0.000347704,0.000347704,0.000347704,8,1,8,8,8
9,20,0.000507847,1,0.000507847,0.000507847,0.000507847,10,1,10,10,10
9,20,0.000388097,1,0.000388097,0.000388097,0.000388097,8,1,8,8,8
9,20,0.000334189,1,0.000334189,0.000334189,0.000334189,6,1,6,6,6
9,20,0.000506461,1,0.000506461,0.000506461,0.000506461,9,1,9,9,9
9,20,0.000322248,1,0.000322248,0.000322248,0.000322248,6,1,6,6,6
9,20,0.000818388,1,0.000818388,0.000818388,0.000818388,22,1,22,22,22
9,20,0.000846609,1,0.000846609,0.000846609,0.000846609,20,1,20,20,20
9,20,0.000317466,1,0.000317466,0.000317466,0.000317466,7,1,7,7,7
9,20,0.000363835,1,0.000363835,0.000363835,0.000363835,7,1,7,7,7
9,20,0.000464347,1,0.000464347,0.000464347,0.000464347,9,1,9,9,9
9,20,0.000312881,1,0.000312881,0.000312881,0.000312881,7,1,7,7,7
9,20,0.000218926,1,0.000218926,0.000218926,0.000218926,3,1,3,3,3
9,20,0.000325623,1,0.000325623,0.000325623,0.000325623,5,1,5,5,5
9,20,0.000280085,1,0.000280085,0.000280085,0.000280085,5,1,5,5,5
9,20,0.000351942,1,0.000351942,0.000351942,0.000351942,7,1,7,7,7
9,20,0.00034552,1,0.00034552,0.00034552,0.00034552,6,1,6,6,6
9,20,0.000510656,1,0.000510656,0.000510656,0.000510656,12,1,12,12,12
9,20,0.000255352,1,0.000255352,0.000255352,0.000255352,4,1,4,4,4
9,20,0.000258898,1,0.000258898,0.000258898,0.000258898,5,1,5,5,5
9,20,0.000371716,1,0.000371716,0.000371716,0.000371716,7,1,7,7,7
9,20,0.00032488,1,0.00032488,0.00032488,0.00032488,5,1,5,5,5
9,20,0.000267116,1,0.000267116,0.000267116,0.000267116,3,1,3,3,3
9,20,0.000256518,1,0.000256518,0.000256518,0.000256518,3,1,3,3,3
9,20,0.000245618,1,0.000245618,0.000245618,0.000245618,3,1,3,3,3
9,20,0.000419259,1,0.000419259,0.000419259,0.000419259,9,1,9,9,9
9,20,0.000246185,1,0.000246185,0.000246185,0.000246185,3,1,3,3,3
9,20,0.000678951,1,0.000678951,0.000678951,0.000678951,13,1,13,13,13
9,20,0.00026837,1,0.00026837,0.00026837,0.00026837,3,1,3,3,3
9,20,0.000385542,1,0.000385542,0.000385542,0.000385542,10,1,10,10,10
9,20,0.000400347,1,0.000400347,0.000400347,0.000400347,7,1,7,7,7
9,20,0.000490567,1,0.000490567,0.000490567,0.000490567,13,1,13,13,13
9,20,0.000452527,1,0.000452527,0.000452527,0.000452527,10,1,10,10,10
9,20,0.000267656,1,0.000267656,0.000267656,0.000267656,3,1,3,3,3
9,20,0.000875933,1,0.000875933,0.000875933,0.000875933,25,1,25,25,25
9,20,0.000195186,1,0.000195186,0.000195186,0.000195186,2,1,2,2,2
9,20,0.000379775,1,0.000379775,0.000379775,0.000379775,9,1,9,9,9
9,20,0.000353491,1,0.000353491,0.000353491,0.000353491,7,1,7,7,7
9,20,0.000264615,1,0.000264615,0.000264615,0.000264615,5,1,5,5,5
9,20,0.000496892,1,0.000496892,0.000496892,0.000496892,7,1,7,7,7
9,20,0.000362889,1,0.000362889,0.000362889,0.000362889,7,1,7,7,7
9,20,0.000495595,1,0.000495595,0.000495595,0.000495595,11,1,11,11,11
9,20,0.000554869,1,0.000554869,0.000554869,0.000554869,13,1,13,13,13
9,20,0.000460837,1,0.000460837,0.000460837,0.000460837,11,1,11,11,11
9,20,0.000584561,1,0.000584561,0.000584561,0.000584561,13,1,13,13,13
9,20,0.000410689,1,0.000410689,0.000410689,0.000410689,8,1,8,8,8
9,20,0.000671617,1,0.000671617,0.000671617,0.000671617,16,1,16,16,16
9,20,0.000284473,1,0.000284473,0.000284473,0.000284473,5,1,5,5,5
9,20,0.000521949,1,0.000521949,0.000521949,0.000521949,10,1,10,10,10
9,20,0.000384057,1,0.000384057,0.000384057,0.000384057,6,1,6,6,6
9,20,0.000306876,1,0.000306876,0.000306876,0.000306876,5,1,5,5,5
9,20,0.000356425,1,0.000356425,0.000356425,0.000356425,7,1,7,7,7
9,20,0.000221157,1,0.000221157,0.000221157,0.000221157,3,1,3,3,3
9,20,0.000673102,1,0.000673102,0.000673102,0.000673102,11,1,11,11,11
9,20,0.000189957,1,0.000189957,0.000189957,0.000189957,2,1,2,2,2
9,20,0.000768771,1,0.000768771,0.000768771,0.000768771,15,1,15,15,15
9,20,0.000363733,1,0.000363733,0.000363733,0.000363733,6,1,6,6,6
9,20,0.000373119,1,0.000373119,0.000373119,0.000373119,7,1,7,7,7
9,20,0.000244008,1,0.000244008,0.000244008,0.000244008,4,1,4,4,4
9,20,0.000339175,1,0.000339175,0.000339175,0.000339175,5,1,5,5,5
9,20,0.00029469,1,0.00029469,0.00029469,0.00029469,4,1,4,4,4
9,20,0.00063114,1,0.00063114,0.00063114,0.00063114,18,1,18,18,18
9,20,0.000389868,1,0.000389868,0.000389868,0.000389868,5,1,5,5,5
9,20,0.00024626,1,0.00024626,0.00024626,0.00024626,4,1,4,4,4
9,20,0.000402553,1,0.000402553,0.000402553,0.000402553,7,1,7,7,7
9,20,0.000276397,1,0.000276397,0.000276397,0.000276397,5,1,5,5,5
9,20,0.000462141,1,0.000462141,0.000462141,0.000462141,12,1,12,12,12
9,20,0.000291785,1,0.000291785,0.000291785,0.000291785,5,1,5,5,5
9,20,0.000482972,1,0.000482972,0.000482972,0.000482972,9,1,9,9,9
9,20,0.000429358,1,0.000429358,0.000429358,0.000429358,9,1,9,9,9
9,20,0.000423092,1,0.000423092,0.000423092,0.000423092,9,1,9,9,9
9,20,0.000207813,1,0.000207813,0.000207813,0.000207813,3,1,3,3,3
9,20,0.000450406,1,0.000450406,0.000450406,0.000450406,9,1,9,9,9
9,20,0.000377771,1,0.000377771,0.000377771,0.000377771,8,1,8,8,8
9,20,0.000470731,1,0.000470731,0.000470731,0.000470731,9,1,9,9,9
9,20,0.000293076,1,0.000293076,0.000293076,0.000293076,6,1,6,6,6
9,20,0.000475851,1,0.000475851,0.000475851,0.000475851,11,1,11,11,11
9,20,0.000403455,1,0.000403455,0.000403455,0.000403455,9,1,9,9,9
9,20,0.000620031,1,0.000620031,0.000620031,0.000620031,15,1,15,15,15
9,20,0.000442103,1,0.000442103,0.000442103,0.000442103,10,1,10,10,10
9,20,0.000196085,1,0.000196085,0.000196085,0.000196085,3,1,3,3,3
9,20,0.000295626,1,0.000295626,0.000295626,0.000295626,5,1,5,5,5
9,20,0.000476052,1,0.000476052,0.000476052,0.000476052,10,1,10,10,10
9,20,0.000399666,1,0.000399666,0.000399666,0.000399666,7,1,7,7,7
9,20,0.000240785,1,0.000240785,0.000240785,0.000240785,3,1,3,3,3
9,20,0.000684363,1,0.000684363,0.000684363,0.000684363,18,1,18,18,18
9,20,0.000182924,1,0.000182924,0.000182924,0.000182924,2,1,2,2,2
9,20,0.000453679,1,0.000453679,0.000453679,0.000453679,10,1,10,10,10
9,20,0.000378814,1,0.000378814,0.000378814,0.000378814,5,1,5,5,5
9,20,0.000225392,1,0.000225392,0.000225392,0.000225392,3,1,3,3,3
9,20,0.000452907,1,0.000452907,0.000452907,0.000452907,9,1,9,9,9
9,20,0.000420148,1,0.000420148,0.000420148,0.000420148,5,1,5,5,5
9,20,0.000555792,1,0.000555792,0.000555792,0.000555792,14,1,14,14,14
9,20,0.00041496,1,0.00041496,0.00041496,0.00041496,9,1,9,9,9
9,20,0.000401688,1,0.000401688,0.000401688,0.000401688,9,1,9,9,9
9,20,0.000215999,1,0.000215999,0.000215999,0.000215999,3,1,3,3,3
9,20,0.000312479,1,0.000312479,0.000312479,0.000312479,5,1,5,5,5
9,20,0.000305997,1,0.000305997,0.000305997,0.000305997,5,1,5,5,5
9,20,0.000289908,1,0.000289908,0.000289908,0.000289908,6,1,6,6,6
9,20,0.000237121,1,0.000237121,0.000237121,0.000237121,3,1,3,3,3
9,20,0.00040055,1,0.00040055,0.00040055,0.00040055,7,1,7,7,7
9,20,0.000727106,1,0.000727106,0.000727106,0.000727106,19,1,19,19,19
9,20,0.000387866,1,0.000387866,0.000387866,0.000387866,7,1,7,7,7
9,20,0.000509472,1,0.000509472,0.000509472,0.000509472,13,1,13,13,13
9,20,0.000195283,1,0.000195283,0.000195283,0.000195283,3,1,3,3,3
9,20,0.000221496,1,0.000221496,0.000221496,0.000221496,3,1,3,3,3
9,20,0.000522031,1,0.000522031,0.000522031,0.000522031,12,1,12,12,12
9,20,0.000319789,1,0.000319789,0.000319789,0.000319789,5,1,5,5,5
9,20,0.000458866,1,0.000458866,0.000458866,0.000458866,7,1,7,7,7
9,20,0.000494076,1,0.000494076,0.000494076,0.000494076,11,1,11,11,11
9,20,0.000587253,1,0.000587253,0.000587253,0.000587253,17,1,17,17,17
9,20,0.000578618,1,0.000578618,0.000578618,0.000578618,13,1,13,13,13
9,20,0.000322849,1,0.000322849,0.000322849,0.000322849,5,1,5,5,5
9,20,0.000492446,1,0.000492446,0.000492446,0.000492446,9,1,9,9,9
9,20,0.000249569,1,0.000249569,0.000249569,0.000249569,4,1,4,4,4
9,20,0.000465241,1,0.000465241,0.000465241,0.000465241,13,1,13,13,13
9,20,0.00046832,1,0.00046832,0.00046832,0.00046832,11,1,11,11,11
9,20,0.000242995,1,0.000242995,0.000242995,0.000242995,3,1,3,3,3
9,20,0.000278902,1,0.000278902,0.000278902,0.000278902,4,1,4,4,4
9,20,0.000415865,1,0.000415865,0.000415865,0.000415865,8,1,8,8,8
9,20,0.000452734,1,0.000452734,0.000452734,0.000452734,11,1,11,11,11
9,20,0.000948941,1,0.000948941,0.000948941,0.000948941,27,1,27,27,27
9,20,0.000497092,1,0.000497092,0.000497092,0.000497092,11,1,11,11,11
9,20,0.000481483,1,0.000481483,0.000481483,0.000481483,12,1,12,12,12
9,20,0.000431956,1,0.000431956,0.000431956,0.000431956,9,1,9,9,9
9,20,0.000186215,1,0.000186215,0.000186215,0.000186215,2,1,2,2,2
9,20,0.000224555,1,0.000224555,0.000224555,0.000224555,3,1,3,3,3
9,20,0.000508065,1,0.000508065,0.000508065,0.000508065,9,1,9,9,9
9,20,0.000436559,1,0.000436559,0.000436559,0.000436559,9,1,9,9,9
9,20,0.000250781,1,0.000250781,0.000250781,0.000250781,5,1,5,5,5
9,20,0.000261243,1,0.000261243,0.000261243,0.000261243,4,1,4,4,4
9,20,0.000257128,1,0.000257128,0.000257128,0.000257128,4,1,4,4,4
9,20,0.000616923,1,0.000616923,0.000616923,0.000616923,11,1,11,11,11
9,20,0.000324082,1,0.000324082,0.000324082,0.000324082,5,1,5,5,5
9,20,0.000386411,1,0.000386411,0.000386411,0.000386411,8,1,8,8,8
9,20,0.000313123,1,0.000313123,0.000313123,0.000313123,6,1,6,6,6
9,20,0.000504945,1,0.000504945,0.000504945,0.000504945,12,1,12,12,12
9,20,0.000388292,1,0.000388292,0.000388292,0.000388292,5,1,5,5,5
9,20,0.000535969,1,0.000535969,0.000535969,0.000535969,13,1,13,13,13
9,20,0.00036406,1,0.00036406,0.00036406,0.00036406,7,1,7,7,7
9,20,0.000601951,1,0.000601951,0.000601951,0.000601951,12,1,12,12,12
9,20,0.0002424,1,0.0002424,0.0002424,0.0002424,3,1,3,3,3
9,20,0.000894023,1,0.000894023,0.000894023,0.000894023,25,1,25,25,25
9,20,0.000375177,1,0.000375177,0.000375177,0.000375177,5,1,5,5,5
9,20,0.00137852,1,0.00137852,0.00137852,0.00137852,35,1,35,35,35
9,20,0.000548627,1,0.000548627,0.000548627,0.000548627,13,1,13,13,13
9,20,0.000245901,1,0.000245901,0.000245901,0.000245901,3,1,3,3,3
9,20,0.000336101,1,0.000336101,0.000336101,0.000336101,5,1,5,5,5
9,20,0.000330133,1,0.000330133,0.000330133,0.000330133,6,1,6,6,6
9,20,0.000298737,1,0.000298737,0.000298737,0.000298737,5,1,5,5,5
9,20,0.000458932,1,0.000458932,0.000458932,0.000458932,11,1,11,11,11
9,20,0.000296474,1,0.000296474,0.000296474,0.000296474,5,1,5,5,5
9,20,0.000851888,1,0.000851888,0.000851888,0.000851888,22,1,22,22,22
9,20,0.00101735,1,0.00101735,0.00101735,0.00101735,26,1,26,26,26
9,20,0.000741685,1,0.000741685,0.000741685,0.000741685,18,1,18,18,18
9,20,0.000560087,1,0.000560087,0.000560087,0.000560087,15,1,15,15,15
9,20,0.000842803,1,0.000842803,0.000842803,0.000842803,24,1,24,24,24
9,20,0.000262263,1,0.000262263,0.000262263,0.000262263,3,1,3,3,3
9,20,0.000659228,1,0.000659228,0.000659228,0.000659228,15,1,15,15,15
9,20,0.000310287,1,0.000310287,0.000310287,0.000310287,5,1,5,5,5
9,20,0.000483323,1,0.000483323,0.000483323,0.000483323,7,1,7,7,7
9,20,0.000344527,1,0.000344527,0.000344527,0.000344527,5,1,5,5,5
9,20,0.000474674,1,0.000474674,0.000474674,0.000474674,12,1,12,12,12
9,20,0.00029994,1,0.00029994,0.00029994,0.00029994,5,1,5,5,5
9,20,0.000566122,1,0.000566122,0.000566122,0.000566122,14,1,14,14,14
9,20,0.000476386,1,0.000476386,0.000476386,0.000476386,8,1,8,8,8
9,20,0.000419325,1,0.000419325,0.000419325,0.000419325,10,1,10,10,10
9,20,0.000371651,1,0.000371651,0.000371651,0.000371651,7,1,7,7,7
9,20,0.000334822,1,0.000334822,0.000334822,0.000334822,7,1,7,7,7
9,20,0.000358981,1,0.000358981,0.000358981,0.000358981,7,1,7,7,7
9,20,0.000335227,1,0.000335227,0.000335227,0.000335227,5,1,5,5,5
9,20,0.000368966,1,0.000368966,0.000368966,0.000368966,8,1,8,8,8
9,20,0.000370777,1,0.000370777,0.000370777,0.000370777,7,1,7,7,7
9,20,0.000396577,1,0.000396577,0.000396577,0.000396577,7,1,7,7,7
9,20,0.000689476,1,0.000689476,0.000689476,0.000689476,19,1,19,19,19
9,20,0.00031332,1,0.00031332,0.00031332,0.00031332,6,1,6,6,6
