n,p,m_total,m_count,m_mean,m_min,m_max,time_total,time_count,time_mean,time_min,time_max,calls_total,calls_count,calls_mean,calls_min,calls_max,depth_total,depth_count,depth_mean,depth_min,depth_max,cliques_total,cliques_count,cliques_mean,cliques_min,cliques_max
5,10,1,1,1,1,1,4.4709e-05,1,4.4709e-05,4.4709e-05,4.4709e-05,7,1,7,7,7,3,1,3,3,3,4,1,4,4,4
5,10,0,1,0,0,0,3.6224e-05,1,3.6224e-05,3.6224e-05,3.6224e-05,6,1,6,6,6,2,1,2,2,2,5,1,5,5,5
5,10,0,1,0,0,0,6.518e-06,1,6.518e-06,6.518e-06,6.518e-06,6,1,6,6,6,2,1,2,2,2,5,1,5,5,5
5,10,0,1,0,0,0,6.357e-06,1,6.357e-06,6.357e-06,6.357e-06,6,1,6,6,6,2,1,2,2,2,5,1,5,5,5
5,10,1,1,1,1,1,6.954e-06,1,6.954e-06,6.954e-06,6.954e-06,7,1,7,7,7,3,1,3,3,3,4,1,4,4,4
5,10,3,1,3,3,3,8.912e-06,1,8.912e-06,8.912e-06,8.912e-06,9,1,9,9,9,3,1,3,3,3,4,1,4,4,4
5,10,0,1,0,0,0,6.516e-06,1,6.516e-06,6.516e-06,6.516e-06,6,1,6,6,6,2,1,2,2,2,5,1,5,5,5
5,10,0,1,0,0,0,6.378e-06,1,6.378e-06,6.378e-06,6.378e-06,6,1,6,6,6,2,1,2,2,2,5,1,5,5,5
5,10,1,1,1,1,1,5.896e-06,1,5.896e-06,5.896e-06,5.896e-06,6,1,6,6,6,3,1,3,3,3,4,1,4,4,4
5,10,2,1,2,2,2,7.861e-06,1,7.861e-06,7.861e-06,7.861e-06,8,1,8,8,8,3,1,3,3,3,4,1,4,4,4
5,10,2,1,2,2,2,6.672e-06,1,6.672e-06,6.672e-06,6.672e-06,7,1,7,7,7,3,1,3,3,3,3,1,3,3,3
5,10,0,1,0,0,0,6.36e-06,1,6.36e-06,6.36e-06,6.36e-06,6,1,6,6,6,2,1,2,2,2,5,1,5,5,5
5,10,0,1,0,0,0,6.317e-06,1,6.317e-06,6.317e-06,6.317e-06,6,1,6,6,6,2,1,2,2,2,5,1,5,5,5
5,10,1,1,1,1,1,5.896e-06,1,5.896e-06,5.896e-06,5.896e-06,6,1,6,6,6,3,1,3,3,3,4,1,4,4,4
5,10,0,1,0,0,0,6.346e-06,1,6.346e-06,6.346e-06,6.346e-06,6,1,6,6,6,2,1,2,2,2,5,1,5,5,5
5,10,0,1,0,0,0,6.278e-06,1,6.278e-06,6.278e-06,6.278e-06,6,1,6,6,6,2,1,2,2,2,5,1,5,5,5
5,10,1,1,1,1,1,5.855e-06,1,5.855e-06,5.855e-06,5.855e-06,6,1,6,6,6,3,1,3,3,3,4,1,4,4,4
5,10,2,1,2,2,2,6.7e-06,1,6.7e-06,6.7e-06,6.7e-06,7,1,7,7,7,3,1,3,3,3,3,1,3,3,3
5,10,0,1,0,0,0,6.345e-06,1,6.345e-06,6.345e-06,6.345e-06,6,1,6,6,6,2,1,2,2,2,5,1,5,5,5
5,10,0,1,0,0,0,6.302e-06,1,6.302e-06,6.302e-06,6.302e-06,6,1,6,6,6,2,1,2,2,2,5,1,5,5,5
5,10,2,1,2,2,2,6.744e-06,1,6.744e-06,6.744e-06,6.744e-06,7,1,7,7,7,3,1,3,3,3,4,1,4,4,4
5,10,0,1,0,0,0,6.316e-06,1,6.316e-06,6.316e-06,6.316e-06,6,1,6,6,6,2,1,2,2,2,5,1,5,5,5
5,10,0,1,0,0,0,6.268e-06,1,6.268e-06,6.268e-06,6.268e-06,6,1,6,6,6,2,1,2,2,2,5,1,5,5,5
5,10,3,1,3,3,3,8.296e-06,1,8.296e-06,8.296e-06,8.296e-06,8,1,8,8,8,3,1,3,3,3,4,1,4,4,4
5,10,0,1,0,0,0,6.348e-06,1,6.348e-06,6.348e-06,6.348e-06,6,1,6,6,6,2,1,2,2,2,5,1,5,5,5
5,10,2,1,2,2,2,7.863e-06,1,7.863e-06,7.863e-06,7.863e-06,8,1,8,8,8,3,1,3,3,3,4,1,4,4,4
5,10,0,1,0,0,0,6.329e-06,1,6.329e-06,6.329e-06,6.329e-06,6,1,6,6,6,2,1,2,2,2,5,1,5,5,5
5,10,1,1,1,1,1,6.787e-06,1,6.787e-06,6.787e-06,6.787e-06,7,1,7,7,7,3,1,3,3,3,4,1,4,4,4
5,10,2,1,2,2,2,7.963e-06,1,7.963e-06,7.963e-06,7.963e-06,8,1,8,8,8,3,1,3,3,3,4,1,4,4,4
5,10,0,1,0,0,0,6.338e-06,1,6.338e-06,6.338e-06,6.338e-06,6,1,6,6,6,2,1,2,2,2,5,1,5,5,5
5,10,0,1,0,0,0,6.307e-06,1,6.307e-06,6.307e-06,6.307e-06,6,1,6,6,6,2,1,2,2,2,5,1,5,5,5
5,10,2,1,2,2,2,6.761e-06,1,6.761e-06,6.761e-06,6.761e-06,7,1,7,7,7,3,1,3,3,3,3,1,3,3,3
5,10,0,1,0,0,0,6.35e-06,1,6.35e-06,6.35e-06,6.35e-06,6,1,6,6,6,2,1,2,2,2,5,1,5,5,5
5,10,2,1,2,2,2,6.887e-06,1,6.887e-06,6.887e-06,6.887e-06,7,1,7,7,7,3,1,3,3,3,4,1,4,4,4
5,10,0,1,0,0,0,6.285e-06,1,6.285e-06,6.285e-06,6.285e-06,6,1,6,6,6,2,1,2,2,2,5,1,5,5,5
5,10,2,1,2,2,2,6.585e-06,1,6.585e-06,6.585e-06,6.585e-06,7,1,7,7,7,3,1,3,3,3,3,1,3,3,3
5,10,1,1,1,1,1,6.793e-06,1,6.793e-06,6.793e-06,6.793e-06,7,1,7,7,7,3,1,3,3,3,4,1,4,4,4
5,10,1,1,1,1,1,6.739e-06,1,6.739e-06,6.739e-06,6.739e-06,7,1,7,7,7,3,1,3,3,3,4,1,4,4,4
5,10,1,1,1,1,1,5.86e-06,1,5.86e-06,5.86e-06,5.86e-06,6,1,6,6,6,3,1,3,3,3,4,1,4,4,4
5,10,1,1,1,1,1,6.726e-06,1,6.726e-06,6.726e-06,6.726e-06,7,1,7,7,7,3,1,3,3,3,4,1,4,4,4
5,10,0,1,0,0,0,6.307e-06,1,6.307e-06,6.307e-06,6.307e-06,6,1,6,6,6,2,1,2,2,2,5,1,5,5,5
5,10,0,1,0,0,0,6.322e-06,1,6.322e-06,6.322e-06,6.322e-06,6,1,6,6,6,2,1,2,2,2,5,1,5,5,5
5,10,0,1,0,0,0,6.311e-06,1,6.311e-06,6.311e-06,6.311e-06,6,1,6,6,6,2,1,2,2,2,5,1,5,5,5
5,10,3,1,3,3,3,7.688e-06,1,7.688e-06,7.688e-06,7.688e-06,8,1,8,8,8,3,1,3,3,3,4,1,4,4,4
5,10,0,1,0,0,0,6.317e-06,1,6.317e-06,6.317e-06,6.317e-06,6,1,6,6,6,2,1,2,2,2,5,1,5,5,5
5,10,1,1,1,1,1,6.826e-06,1,6.826e-06,6.826e-06,6.826e-06,7,1,7,7,7,3,1,3,3,3,4,1,4,4,4
5,10,3,1,3,3,3,7.006e-06,1,7.006e-06,7.006e-06,7.006e-06,7,1,7,7,7,3,1,3,3,3,3,1,3,3,3
5,10,1,1,1,1,1,6.9e-06,1,6.9e-06,6.9e-06,6.9e-06,7,1,7,7,7,3,1,3,3,3,4,1,4,4,4
5,10,3,1,3,3,3,8.645e-06,1,8.645e-06,8.645e-06,8.645e-06,9,1,9,9,9,3,1,3,3,3,4,1,4,4,4
5,10,1,1,1,1,1,5.912e-06,1,5.912e-06,5.912e-06,5.912e-06,6,1,6,6,6,3,1,3,3,3,4,1,4,4,4
5,10,0,1,0,0,0,6.318e-06,1,6.318e-06,6.318e-06,6.318e-06,6,1,6,6,6,2,1,2,2,2,5,1,5,5,5
5,10,1,1,1,1,1,5.79e-06,1,5.79e-06,5.79e-06,5.79e-06,6,1,6,6,6,3,1,3,3,3,4,1,4,4,4
5,10,1,1,1,1,1,5.852e-06,1,5.852e-06,5.852e-06,5.852e-06,6,1,6,6,6,3,1,3,3,3,4,1,4,4,4
5,10,2,1,2,2,2,6.625e-06,1,6.625e-06,6.625e-06,6.625e-06,7,1,7,7,7,3,1,3,3,3,3,1,3,3,3
5,10,1,1,1,1,1,5.859e-06,1,5.859e-06,5.859e-06,5.859e-06,6,1,6,6,6,3,1,3,3,3,4,1,4,4,4
5,10,0,1,0,0,0,6.283e-06,1,6.283e-06,6.283e-06,6.283e-06,6,1,6,6,6,2,1,2,2,2,5,1,5,5,5
5,10,2,1,2,2,2,7.823e-06,1,7.823e-06,7.823e-06,7.823e-06,8,1,8,8,8,3,1,3,3,3,4,1,4,4,4
5,10,0,1,0,0,0,6.315e-06,1,6.315e-06,6.315e-06,6.315e-06,6,1,6,6,6,2,1,2,2,2,5,1,5,5,5
5,10,1,1,1,1,1,5.829e-06,1,5.829e-06,5.829e-06,5.829e-06,6,1,6,6,6,3,1,3,3,3,4,1,4,4,4
5,10,0,1,0,0,0,6.298e-06,1,6.298e-06,6.298e-06,6.298e-06,6,1,6,6,6,2,1,2,2,2,5,1,5,5,5
5,10,0,1,0,0,0,6.276e-06,1,6.276e-06,6.276e-06,6.276e-06,6,1,6,6,6,2,1,2,2,2,5,1,5,5,5
5,10,2,1,2,2,2,7.797e-06,1,7.797e-06,7.797e-06,7.797e-06,8,1,8,8,8,3,1,3,3,3,4,1,4,4,4
5,10,2,1,2,2,2,6.651e-06,1,6.651e-06,6.651e-06,6.651e-06,7,1,7,7,7,3,1,3,3,3,4,1,4,4,4
5,10,1,1,1,1,1,6.795e-06,1,6.795e-06,6.795e-06,6.795e-06,7,1,7,7,7,3,1,3,3,3,4,1,4,4,4
5,10,0,1,0,0,0,6.284e-06,1,6.284e-06,6.284e-06,6.284e-06,6,1,6,6,6,2,1,2,2,2,5,1,5,5,5
5,10,0,1,0,0,0,6.291e-06,1,6.291e-06,6.291e-06,6.291e-06,6,1,6,6,6,2,1,2,2,2,5,1,5,5,5
5,10,0,1,0,0,0,6.27e-06,1,6.27e-06,6.27e-06,6.27e-06,6,1,6,6,6,2,1,2,2,2,5,1,5,5,5
5,10,2,1,2,2,2,6.816e-06,1,6.816e-06,6.816e-06,6.816e-06,7,1,7,7,7,3,1,3,3,3,3,1,3,3,3
5,10,1,1,1,1,1,5.832e-06,1,5.832e-06,5.832e-06,5.832e-06,6,1,6,6,6,3,1,3,3,3,4,1,4,4,4
5,10,1,1,1,1,1,5.761e-06,1,5.761e-06,5.761e-06,5.761e-06,6,1,6,6,6,3,1,3,3,3,4,1,4,4,4
5,10,2,1,2,2,2,6.581e-06,1,6.581e-06,6.581e-06,6.581e-06,7,1,7,7,7,3,1,3,3,3,3,1,3,3,3
5,10,0,1,0,0,0,6.281e-06,1,6.281e-06,6.281e-06,6.281e-06,6,1,6,6,6,2,1,2,2,2,5,1,5,5,5
5,10,0,1,0,0,0,6.311e-06,1,6.311e-06,6.311e-06,6.311e-06,6,1,6,6,6,2,1,2,2,2,5,1,5,5,5
5,10,0,1,0,0,0,6.271e-06,1,6.271e-06,6.271e-06,6.271e-06,6,1,6,6,6,2,1,2,2,2,5,1,5,5,5
5,10,0,1,0,0,0,6.339e-06,1,6.339e-06,6.339e-06,6.339e-06,6,1,6,6,6,2,1,2,2,2,5,1,5,5,5
5,10,0,1,0,0,0,6.314e-06,1,6.314e-06,6.314e-06,6.314e-06,6,1,6,6,6,2,1,2,2,2,5,1,5,5,5
5,10,1,1,1,1,1,5.843e-06,1,5.843e-06,5.843e-06,5.843e-06,6,1,6,6,6,3,1,3,3,3,4,1,4,4,4
5,10,1,1,1,1,1,6.748e-06,1,6.748e-06,6.748e-06,6.748e-06,7,1,7,7,7,3,1,3,3,3,4,1,4,4,4
5,10,3,1,3,3,3,7.681e-06,1,7.681e-06,7.681e-06,7.681e-06,8,1,8,8,8,3,1,3,3,3,4,1,4,4,4
5,10,1,1,1,1,1,5.903e-06,1,5.903e-06,5.903e-06,5.903e-06,6,1,6,6,6,3,1,3,3,3,4,1,4,4,4
5,10,1,1,1,1,1,6.875e-06,1,6.875e-06,6.875e-06,6.875e-06,7,1,7,7,7,3,1,3,3,3,4,1,4,4,4
5,10,0,1,0,0,0,6.292e-06,1,6.292e-06,6.292e-06,6.292e-06,6,1,6,6,6,2,1,2,2,2,5,1,5,5,5
5,10,2,1,2,2,2,7.545e-06,1,7.545e-06,7.545e-06,7.545e-06,8,1,8,8,8,3,1,3,3,3,3,1,3,3,3
5,10,2,1,2,2,2,6.511e-06,1,6.511e-06,6.511e-06,6.511e-06,7,1,7,7,7,3,1,3,3,3,3,1,3,3,3
5,10,1,1,1,1,1,5.815e-06,1,5.815e-06,5.815e-06,5.815e-06,6,1,6,6,6,3,1,3,3,3,4,1,4,4,4
5,10,0,1,0,0,0,6.267e-06,1,6.267e-06,6.267e-06,6.267e-06,6,1,6,6,6,2,1,2,2,2,5,1,5,5,5
5,10,2,1,2,2,2,7.629e-06,1,7.629e-06,7.629e-06,7.629e-06,8,1,8,8,8,3,1,3,3,3,3,1,3,3,3
5,10,2,1,2,2,2,6.511e-06,1,6.511e-06,6.511e-06,6.511e-06,7,1,7,7,7,3,1,3,3,3,3,1,3,3,3
5,10,1,1,1,1,1,6.826e-06,1,6.826e-06,6.826e-06,6.826e-06,7,1,7,7,7,3,1,3,3,3,4,1,4,4,4
5,10,2,1,2,2,2,6.538e-06,1,6.538e-06,6.538e-06,6.538e-06,7,1,7,7,7,3,1,3,3,3,4,1,4,4,4
5,10,0,1,0,0,0,6.295e-06,1,6.295e-06,6.295e-06,6.295e-06,6,1,6,6,6,2,1,2,2,2,5,1,5,5,5
5,10,2,1,2,2,2,6.566e-06,1,6.566e-06,6.566e-06,6.566e-06,7,1,7,7,7,3,1,3,3,3,4,1,4,4,4
5,10,2,1,2,2,2,7.917e-06,1,7.917e-06,7.917e-06,7.917e-06,8,1,8,8,8,3,1,3,3,3,4,1,4,4,4
5,10,1,1,1,1,1,6.782e-06,1,6.782e-06,6.782e-06,6.782e-06,7,1,7,7,7,3,1,3,3,3,4,1,4,4,4
5,10,2,1,2,2,2,7.528e-06,1,7.528e-06,7.528e-06,7.528e-06,8,1,8,8,8,3,1,3,3,3,3,1,3,3,3
5,10,2,1,2,2,2,6.592e-06,1,6.592e-06,6.592e-06,6.592e-06,7,1,7,7,7,3,1,3,3,3,3,1,3,3,3
5,10,2,1,2,2,2,6.807e-06,1,6.807e-06,6.807e-06,6.807e-06,7,1,7,7,7,3,1,3,3,3,4,1,4,4,4
5,10,0,1,0,0,0,6.29e-06,1,6.29e-06,6.29e-06,6.29e-06,6,1,6,6,6,2,1,2,2,2,5,1,5,5,5
5,10,1,1,1,1,1,5.837e-06,1,5.837e-06,5.837e-06,5.837e-06,6,1,6,6,6,3,1,3,3,3,4,1,4,4,4
5,10,1,1,1,1,1,6.798e-06,1,6.798e-06,6.798e-06,6.798e-06,7,1,7,7,7,3,1,3,3,3,4,1,4,4,4
5,10,0,1,0,0,0,6.311e-06,1,6.311e-06,6.311e-06,6.311e-06,6,1,6,6,6,2,1,2,2,2,5,1,5,5,5
5,10,2,1,2,2,2,6.915e-06,1,6.915e-06,6.915e-06,6.915e-06,7,1,7,7,7,3,1,3,3,3,4,1,4,4,4
5,10,0,1,0,0,0,6.328e-06,1,6.328e-06,6.328e-06,6.328e-06,6,1,6,6,6,2,1,2,2,2,5,1,5,5,5
5,10,1,1,1,1,1,5.812e-06,1,5.812e-06,5.812e-06,5.812e-06,6,1,6,6,6,3,1,3,3,3,4,1,4,4,4
5,10,1,1,1,1,1,6.717e-06,1,6.717e-06,6.717e-06,6.717e-06,7,1,7,7,7,3,1,3,3,3,4,1,4,4,4
5,10,1,1,1,1,1,6.796e-06,1,6.796e-06,6.796e-06,6.796e-06,7,1,7,7,7,3,1,3,3,3,4,1,4,4,4
5,10,0,1,0,0,0,6.306e-06,1,6.306e-06,6.306e-06,6.306e-06,6,1,6,6,6,2,1,2,2,2,5,1,5,5,5
5,10,0,1,0,0,0,6.274e-06,1,6.274e-06,6.274e-06,6.274e-06,6,1,6,6,6,2,1,2,2,2,5,1,5,5,5
5,10,1,1,1,1,1,6.844e-06,1,6.844e-06,6.844e-06,6.844e-06,7,1,7,7,7,3,1,3,3,3,4,1,4,4,4
5,10,2,1,2,2,2,6.603e-06,1,6.603e-06,6.603e-06,6.603e-06,7,1,7,7,7,3,1,3,3,3,4,1,4,4,4
5,10,2,1,2,2,2,7.672e-06,1,7.672e-06,7.672e-06,7.672e-06,8,1,8,8,8,3,1,3,3,3,4,1,4,4,4
5,10,1,1,1,1,1,6.749e-06,1,6.749e-06,6.749e-06,6.749e-06,7,1,7,7,7,3,1,3,3,3,4,1,4,4,4
5,10,2,1,2,2,2,6.468e-06,1,6.468e-06,6.468e-06,6.468e-06,7,1,7,7,7,3,1,3,3,3,3,1,3,3,3
5,10,0,1,0,0,0,6.299e-06,1,6.299e-06,6.299e-06,6.299e-06,6,1,6,6,6,2,1,2,2,2,5,1,5,5,5
5,10,2,1,2,2,2,6.375e-06,1,6.375e-06,6.375e-06,6.375e-06,7,1,7,7,7,3,1,3,3,3,4,1,4,4,4
5,10,2,1,2,2,2,6.526e-06,1,6.526e-06,6.526e-06,6.526e-06,7,1,7,7,7,3,1,3,3,3,3,1,3,3,3
5,10,2,1,2,2,2,7.588e-06,1,7.588e-06,7.588e-06,7.588e-06,8,1,8,8,8,3,1,3,3,3,4,1,4,4,4
5,10,2,1,2,2,2,6.473e-06,1,6.473e-06,6.473e-06,6.473e-06,7,1,7,7,7,3,1,3,3,3,3,1,3,3,3
5,10,2,1,2,2,2,7.876e-06,1,7.876e-06,7.876e-06,7.876e-06,8,1,8,8,8,3,1,3,3,3,4,1,4,4,4
5,10,2,1,2,2,2,6.807e-06,1,6.807e-06,6.807e-06,6.807e-06,7,1,7,7,7,3,1,3,3,3,4,1,4,4,4
5,10,2,1,2,2,2,6.554e-06,1,6.554e-06,6.554e-06,6.554e-06,7,1,7,7,7,3,1,3,3,3,3,1,3,3,3
5,10,0,1,0,0,0,6.367e-06,1,6.367e-06,6.367e-06,6.367e-06,6,1,6,6,6,2,1,2,2,2,5,1,5,5,5
5,10,1,1,1,1,1,6.135e-06,1,6.135e-06,6.135e-06,6.135e-06,6,1,6,6,6,3,1,3,3,3,4,1,4,4,4
5,10,0,1,0,0,0,6.4e-06,1,6.4e-06,6.4e-06,6.4e-06,6,1,6,6,6,2,1,2,2,2,5,1,5,5,5
5,10,1,1,1,1,1,5.82e-06,1,5.82e-06,5.82e-06,5.82e-06,6,1,6,6,6,3,1,3,3,3,4,1,4,4,4
5,10,1,1,1,1,1,5.777e-06,1,5.777e-06,5.777e-06,5.777e-06,6,1,6,6,6,3,1,3,3,3,4,1,4,4,4
5,10,0,1,0,0,0,6.316e-06,1,6.316e-06,6.316e-06,6.316e-06,6,1,6,6,6,2,1,2,2,2,5,1,5,5,5
5,10,0,1,0,0,0,6.31e-06,1,6.31e-06,6.31e-06,6.31e-06,6,1,6,6,6,2,1,2,2,2,5,1,5,5,5
5,10,4,1,4,4,4,9.428e-06,1,9.428e-06,9.428e-06,9.428e-06,9,1,9,9,9,4,1,4,4,4,3,1,3,3,3
5,10,2,1,2,2,2,6.603e-06,1,6.603e-06,6.603e-06,6.603e-06,7,1,7,7,7,3,1,3,3,3,3,1,3,3,3
5,10,1,1,1,1,1,6.771e-06,1,6.771e-06,6.771e-06,6.771e-06,7,1,7,7,7,3,1,3,3,3,4,1,4,4,4
5,10,0,1,0,0,0,6.31e-06,1,6.31e-06,6.31e-06,6.31e-06,6,1,6,6,6,2,1,2,2,2,5,1,5,5,5
5,10,1,1,1,1,1,6.811e-06,1,6.811e-06,6.811e-06,6.811e-06,7,1,7,7,7,3,1,3,3,3,4,1,4,4,4
5,10,0,1,0,0,0,6.311e-06,1,6.311e-06,6.311e-06,6.311e-06,6,1,6,6,6,2,1,2,2,2,5,1,5,5,5
5,10,0,1,0,0,0,6.312e-06,1,6.312e-06,6.312e-06,6.312e-06,6,1,6,6,6,2,1,2,2,2,5,1,5,5,5
5,10,0,1,0,0,0,6.258e-06,1,6.258e-06,6.258e-06,6.258e-06,6,1,6,6,6,2,1,2,2,2,5,1,5,5,5
5,10,1,1,1,1,1,5.996e-06,1,5.996e-06,5.996e-06,5.996e-06,6,1,6,6,6,3,1,3,3,3,4,1,4,4,4
5,10,0,1,0,0,0,6.325e-06,1,6.325e-06,6.325e-06,6.325e-06,6,1,6,6,6,2,1,2,2,2,5,1,5,5,5
5,10,2,1,2,2,2,6.637e-06,1,6.637e-06,6.637e-06,6.637e-06,7,1,7,7,7,3,1,3,3,3,4,1,4,4,4
5,10,1,1,1,1,1,6.889e-06,1,6.889e-06,6.889e-06,6.889e-06,7,1,7,7,7,3,1,3,3,3,4,1,4,4,4
5,10,2,1,2,2,2,6.767e-06,1,6.767e-06,6.767e-06,6.767e-06,7,1,7,7,7,3,1,3,3,3,4,1,4,4,4
5,10,3,1,3,3,3,7.467e-06,1,7.467e-06,7.467e-06,7.467e-06,8,1,8,8,8,3,1,3,3,3,3,1,3,3,3
5,10,0,1,0,0,0,6.32e-06,1,6.32e-06,6.32e-06,6.32e-06,6,1,6,6,6,2,1,2,2,2,5,1,5,5,5
5,10,0,1,0,0,0,6.29e-06,1,6.29e-06,6.29e-06,6.29e-06,6,1,6,6,6,2,1,2,2,2,5,1,5,5,5
5,10,1,1,1,1,1,6.867e-06,1,6.867e-06,6.867e-06,6.867e-06,7,1,7,7,7,3,1,3,3,3,4,1,4,4,4
5,10,2,1,2,2,2,6.913e-06,1,6.913e-06,6.913e-06,6.913e-06,7,1,7,7,7,3,1,3,3,3,4,1,4,4,4
5,10,1,1,1,1,1,6.802e-06,1,6.802e-06,6.802e-06,6.802e-06,7,1,7,7,7,3,1,3,3,3,4,1,4,4,4
5,10,1,1,1,1,1,6.797e-06,1,6.797e-06,6.797e-06,6.797e-06,7,1,7,7,7,3,1,3,3,3,4,1,4,4,4
5,10,1,1,1,1,1,5.793e-06,1,5.793e-06,5.793e-06,5.793e-06,6,1,6,6,6,3,1,3,3,3,4,1,4,4,4
5,10,2,1,2,2,2,7.412e-06,1,7.412e-06,7.412e-06,7.412e-06,8,1,8,8,8,3,1,3,3,3,3,1,3,3,3
5,10,2,1,2,2,2,7.539e-06,1,7.539e-06,7.539e-06,7.539e-06,8,1,8,8,8,3,1,3,3,3,4,1,4,4,4
5,10,1,1,1,1,1,6.742e-06,1,6.742e-06,6.742e-06,6.742e-06,7,1,7,7,7,3,1,3,3,3,4,1,4,4,4
5,10,1,1,1,1,1,5.85e-06,1,5.85e-06,5.85e-06,5.85e-06,6,1,6,6,6,3,1,3,3,3,4,1,4,4,4
5,10,1,1,1,1,1,5.797e-06,1,5.797e-06,5.797e-06,5.797e-06,6,1,6,6,6,3,1,3,3,3,4,1,4,4,4
5,10,1,1,1,1,1,6.737e-06,1,6.737e-06,6.737e-06,6.737e-06,7,1,7,7,7,3,1,3,3,3,4,1,4,4,4
5,10,3,1,3,3,3,8.608e-06,1,8.608e-06,8.608e-06,8.608e-06,9,1,9,9,9,3,1,3,3,3,4,1,4,4,4
5,10,2,1,2,2,2,6.797e-06,1,6.797e-06,6.797e-06,6.797e-06,7,1,7,7,7,3,1,3,3,3,4,1,4,4,4
5,10,0,1,0,0,0,6.306e-06,1,6.306e-06,6.306e-06,6.306e-06,6,1,6,6,6,2,1,2,2,2,5,1,5,5,5
5,10,0,1,0,0,0,6.289e-06,1,6.289e-06,6.289e-06,6.289e-06,6,1,6,6,6,2,1,2,2,2,5,1,5,5,5
5,10,0,1,0,0,0,6.316e-06,1,6.316e-06,6.316e-06,6.316e-06,6,1,6,6,6,2,1,2,2,2,5,1,5,5,5
5,10,1,1,1,1,1,6.76e-06,1,6.76e-06,6.76e-06,6.76e-06,7,1,7,7,7,3,1,3,3,3,4,1,4,4,4
5,10,3,1,3,3,3,7.559e-06,1,7.559e-06,7.559e-06,7.559e-06,8,1,8,8,8,3,1,3,3,3,3,1,3,3,3
5,10,1,1,1,1,1,6.897e-06,1,6.897e-06,6.897e-06,6.897e-06,7,1,7,7,7,3,1,3,3,3,4,1,4,4,4
5,10,1,1,1,1,1,5.863e-06,1,5.863e-06,5.863e-06,5.863e-06,6,1,6,6,6,3,1,3,3,3,4,1,4,4,4
5,10,1,1,1,1,1,6.686e-06,1,6.686e-06,6.686e-06,6.686e-06,7,1,7,7,7,3,1,3,3,3,4,1,4,4,4
5,10,1,1,1,1,1,6.663e-06,1,6.663e-06,6.663e-06,6.663e-06,7,1,7,7,7,3,1,3,3,3,4,1,4,4,4
5,10,1,1,1,1,1,6.769e-06,1,6.769e-06,6.769e-06,6.769e-06,7,1,7,7,7,3,1,3,3,3,4,1,4,4,4
5,10,0,1,0,0,0,6.357e-06,1,6.357e-06,6.357e-06,6.357e-06,6,1,6,6,6,2,1,2,2,2,5,1,5,5,5
5,10,1,1,1,1,1,6.693e-06,1,6.693e-06,6.693e-06,6.693e-06,7,1,7,7,7,3,1,3,3,3,4,1,4,4,4
5,10,0,1,0,0,0,6.344e-06,1,6.344e-06,6.344e-06,6.344e-06,6,1,6,6,6,2,1,2,2,2,5,1,5,5,5
5,10,1,1,1,1,1,5.929e-06,1,5.929e-06,5.929e-06,5.929e-06,6,1,6,6,6,3,1,3,3,3,4,1,4,4,4
5,10,1,1,1,1,1,6.734e-06,1,6.734e-06,6.734e-06,6.734e-06,7,1,7,7,7,3,1,3,3,3,4,1,4,4,4
5,10,2,1,2,2,2,6.995e-06,1,6.995e-06,6.995e-06,6.995e-06,7,1,7,7,7,3,1,3,3,3,4,1,4,4,4
5,10,0,1,0,0,0,6.358e-06,1,6.358e-06,6.358e-06,6.358e-06,6,1,6,6,6,2,1,2,2,2,5,1,5,5,5
5,10,1,1,1,1,1,6.829e-06,1,6.829e-06,6.829e-06,6.829e-06,7,1,7,7,7,3,1,3,3,3,4,1,4,4,4
5,10,1,1,1,1,1,5.819e-06,1,5.819e-06,5.819e-06,5.819e-06,6,1,6,6,6,3,1,3,3,3,4,1,4,4,4
5,10,1,1,1,1,1,6.726e-06,1,6.726e-06,6.726e-06,6.726e-06,7,1,7,7,7,3,1,3,3,3,4,1,4,4,4
5,10,1,1,1,1,1,6.698e-06,1,6.698e-06,6.698e-06,6.698e-06,7,1,7,7,7,3,1,3,3,3,4,1,4,4,4
5,10,1,1,1,1,1,6.777e-06,1,6.777e-06,6.777e-06,6.777e-06,7,1,7,7,7,3,1,3,3,3,4,1,4,4,4
5,10,4,1,4,4,4,7.85e-06,1,7.85e-06,7.85e-06,7.85e-06,8,1,8,8,8,3,1,3,3,3,4,1,4,4,4
5,10,0,1,0,0,0,6.315e-06,1,6.315e-06,6.315e-06,6.315e-06,6,1,6,6,6,2,1,2,2,2,5,1,5,5,5
5,10,2,1,2,2,2,6.566e-06,1,6.566e-06,6.566e-06,6.566e-06,7,1,7,7,7,3,1,3,3,3,3,1,3,3,3
5,10,0,1,0,0,0,6.34e-06,1,6.34e-06,6.34e-06,6.34e-06,6,1,6,6,6,2,1,2,2,2,5,1,5,5,5
5,10,0,1,0,0,0,6.376e-06,1,6.376e-06,6.376e-06,6.376e-06,6,1,6,6,6,2,1,2,2,2,5,1,5,5,5
5,10,1,1,1,1,1,6.782e-06,1,6.782e-06,6.782e-06,6.782e-06,7,1,7,7,7,3,1,3,3,3,4,1,4,4,4
5,10,1,1,1,1,1,5.854e-06,1,5.854e-06,5.854e-06,5.854e-06,6,1,6,6,6,3,1,3,3,3,4,1,4,4,4
5,10,0,1,0,0,0,6.33e-06,1,6.33e-06,6.33e-06,6.33e-06,6,1,6,6,6,2,1,2,2,2,5,1,5,5,5
5,10,1,1,1,1,1,5.895e-06,1,5.895e-06,5.895e-06,5.895e-06,6,1,6,6,6,3,1,3,3,3,4,1,4,4,4
5,10,0,1,0,0,0,6.29e-06,1,6.29e-06,6.29e-06,6.29e-06,6,1,6,6,6,2,1,2,2,2,5,1,5,5,5
5,10,1,1,1,1,1,5.9e-06,1,5.9e-06,5.9e-06,5.9e-06,6,1,6,6,6,3,1,3,3,3,4,1,4,4,4
5,10,1,1,1,1,1,5.829e-06,1,5.829e-06,5.829e-06,5.829e-06,6,1,6,6,6,3,1,3,3,3,4,1,4,4,4
5,10,1,1,1,1,1,6.804e-06,1,6.804e-06,6.804e-06,6.804e-06,7,1,7,7,7,3,1,3,3,3,4,1,4,4,4
5,10,1,1,1,1,1,5.79e-06,1,5.79e-06,5.79e-06,5.79e-06,6,1,6,6,6,3,1,3,3,3,4,1,4,4,4
5,10,1,1,1,1,1,6.763e-06,1,6.763e-06,6.763e-06,6.763e-06,7,1,7,7,7,3,1,3,3,3,4,1,4,4,4
5,10,5,1,5,5,5,1.0399e-05,1,1.0399e-05,1.0399e-05,1.0399e-05,10,1,10,10,10,3,1,3,3,3,5,1,5,5,5
5,10,0,1,0,0,0,6.402e-06,1,6.402e-06,6.402e-06,6.402e-06,6,1,6,6,6,2,1,2,2,2,5,1,5,5,5
5,10,0,1,0,0,0,6.289e-06,1,6.289e-06,6.289e-06,6.289e-06,6,1,6,6,6,2,1,2,2,2,5,1,5,5,5
5,10,1,1,1,1,1,5.834e-06,1,5.834e-06,5.834e-06,5.834e-06,6,1,6,6,6,3,1,3,3,3,4,1,4,4,4
5,10,2,1,2,2,2,6.868e-06,1,6.868e-06,6.868e-06,6.868e-06,7,1,7,7,7,3,1,3,3,3,4,1,4,4,4
5,10,2,1,2,2,2,6.824e-06,1,6.824e-06,6.824e-06,6.824e-06,7,1,7,7,7,3,1,3,3,3,4,1,4,4,4
5,10,1,1,1,1,1,5.809e-06,1,5.809e-06,5.809e-06,5.809e-06,6,1,6,6,6,3,1,3,3,3,4,1,4,4,4
5,10,1,1,1,1,1,5.848e-06,1,5.848e-06,5.848e-06,5.848e-06,6,1,6,6,6,3,1,3,3,3,4,1,4,4,4
5,10,2,1,2,2,2,7.466e-06,1,7.466e-06,7.466e-06,7.466e-06,8,1,8,8,8,3,1,3,3,3,3,1,3,3,3
5,10,4,1,4,4,4,8.439e-06,1,8.439e-06,8.439e-06,8.439e-06,9,1,9,9,9,3,1,3,3,3,4,1,4,4,4
5,10,2,1,2,2,2,6.497e-06,1,6.497e-06,6.497e-06,6.497e-06,7,1,7,7,7,3,1,3,3,3,3,1,3,3,3
5,10,0,1,0,0,0,6.371e-06,1,6.371e-06,6.371e-06,6.371e-06,6,1,6,6,6,2,1,2,2,2,5,1,5,5,5
5,10,2,1,2,2,2,7.475e-06,1,7.475e-06,7.475e-06,7.475e-06,8,1,8,8,8,3,1,3,3,3,3,1,3,3,3
5,10,0,1,0,0,0,6.343e-06,1,6.343e-06,6.343e-06,6.343e-06,6,1,6,6,6,2,1,2,2,2,5,1,5,5,5
5,10,1,1,1,1,1,6.869e-06,1,6.869e-06,6.869e-06,6.869e-06,7,1,7,7,7,3,1,3,3,3,4,1,4,4,4
5,10,0,1,0,0,0,6.33e-06,1,6.33e-06,6.33e-06,6.33e-06,6,1,6,6,6,2,1,2,2,2,5,1,5,5,5
5,10,0,1,0,0,0,2.1034e-05,1,2.1034e-05,2.1034e-05,2.1034e-05,6,1,6,6,6,2,1,2,2,2,5,1,5,5,5
5,10,1,1,1,1,1,6.016e-06,1,6.016e-06,6.016e-06,6.016e-06,6,1,6,6,6,3,1,3,3,3,4,1,4,4,4
5,10,0,1,0,0,0,6.513e-06,1,6.513e-06,6.513e-06,6.513e-06,6,1,6,6,6,2,1,2,2,2,5,1,5,5,5
5,10,2,1,2,2,2,8.071e-06,1,8.071e-06,8.071e-06,8.071e-06,8,1,8,8,8,3,1,3,3,3,4,1,4,4,4
5,10,2,1,2,2,2,6.704e-06,1,6.704e-06,6.704e-06,6.704e-06,7,1,7,7,7,3,1,3,3,3,3,1,3,3,3
5,10,0,1,0,0,0,6.516e-06,1,6.516e-06,6.516e-06,6.516e-06,6,1,6,6,6,2,1,2,2,2,5,1,5,5,5
5,10,2,1,2,2,2,7.109e-06,1,7.109e-06,7.109e-06,7.109e-06,7,1,7,7,7,3,1,3,3,3,4,1,4,4,4
5,10,1,1,1,1,1,6.931e-06,1,6.931e-06,6.931e-06,6.931e-06,7,1,7,7,7,3,1,3,3,3,4,1,4,4,4
5,10,0,1,0,0,0,6.527e-06,1,6.527e-06,6.527e-06,6.527e-06,6,1,6,6,6,2,1,2,2,2,5,1,5,5,5
5,10,4,1,4,4,4,7.572e-06,1,7.572e-06,7.572e-06,7.572e-06,7,1,7,7,7,4,1,4,4,4,3,1,3,3,3
5,10,1,1,1,1,1,5.962e-06,1,5.962e-06,5.962e-06,5.962e-06,6,1,6,6,6,3,1,3,3,3,4,1,4,4,4
5,10,1,1,1,1,1,6.998e-06,1,6.998e-06,6.998e-06,6.998e-06,7,1,7,7,7,3,1,3,3,3,4,1,4,4,4
5,10,0,1,0,0,0,6.496e-06,1,6.496e-06,6.496e-06,6.496e-06,6,1,6,6,6,2,1,2,2,2,5,1,5,5,5
5,10,2,1,2,2,2,7.109e-06,1,7.109e-06,7.109e-06,7.109e-06,7,1,7,7,7,3,1,3,3,3,4,1,4,4,4
5,10,1,1,1,1,1,6.86e-06,1,6.86e-06,6.86e-06,6.86e-06,7,1,7,7,7,3,1,3,3,3,4,1,4,4,4
5,10,2,1,2,2,2,6.364e-06,1,6.364e-06,6.364e-06,6.364e-06,6,1,6,6,6,3,1,3,3,3,4,1,4,4,4
5,10,1,1,1,1,1,5.984e-06,1,5.984e-06,5.984e-06,5.984e-06,6,1,6,6,6,3,1,3,3,3,4,1,4,4,4
5,10,1,1,1,1,1,5.927e-06,1,5.927e-06,5.927e-06,5.927e-06,6,1,6,6,6,3,1,3,3,3,4,1,4,4,4
5,10,0,1,0,0,0,6.45e-06,1,6.45e-06,6.45e-06,6.45e-06,6,1,6,6,6,2,1,2,2,2,5,1,5,5,5
5,10,0,1,0,0,0,6.421e-06,1,6.421e-06,6.421e-06,6.421e-06,6,1,6,6,6,2,1,2,2,2,5,1,5,5,5
5,10,1,1,1,1,1,6.901e-06,1,6.901e-06,6.901e-06,6.901e-06,7,1,7,7,7,3,1,3,3,3,4,1,4,4,4
5,10,0,1,0,0,0,6.424e-06,1,6.424e-06,6.424e-06,6.424e-06,6,1,6,6,6,2,1,2,2,2,5,1,5,5,5
5,10,0,1,0,0,0,6.583e-06,1,6.583e-06,6.583e-06,6.583e-06,6,1,6,6,6,2,1,2,2,2,5,1,5,5,5
5,10,1,1,1,1,1,2.1102e-05,1,2.1102e-05,2.1102e-05,2.1102e-05,6,1,6,6,6,3,1,3,3,3,4,1,4,4,4
5,10,1,1,1,1,1,6.701e-06,1,6.701e-06,6.701e-06,6.701e-06,6,1,6,6,6,3,1,3,3,3,4,1,4,4,4
5,10,1,1,1,1,1,7.06e-06,1,7.06e-06,7.06e-06,7.06e-06,6,1,6,6,6,3,1,3,3,3,4,1,4,4,4
5,10,2,1,2,2,2,8.172e-06,1,8.172e-06,8.172e-06,8.172e-06,7,1,7,7,7,3,1,3,3,3,4,1,4,4,4
5,10,2,1,2,2,2,8.333e-06,1,8.333e-06,8.333e-06,8.333e-06,7,1,7,7,7,3,1,3,3,3,4,1,4,4,4
5,10,0,1,0,0,0,7.853e-06,1,7.853e-06,7.853e-06,7.853e-06,6,1,6,6,6,2,1,2,2,2,5,1,5,5,5
5,10,1,1,1,1,1,8.017e-06,1,8.017e-06,8.017e-06,8.017e-06,7,1,7,7,7,3,1,3,3,3,4,1,4,4,4
5,10,1,1,1,1,1,8.022e-06,1,8.022e-06,8.022e-06,8.022e-06,7,1,7,7,7,3,1,3,3,3,4,1,4,4,4
5,10,0,1,0,0,0,8.196e-06,1,8.196e-06,8.196e-06,8.196e-06,6,1,6,6,6,2,1,2,2,2,5,1,5,5,5
5,10,0,1,0,0,0,7.722e-06,1,7.722e-06,7.722e-06,7.722e-06,6,1,6,6,6,2,1,2,2,2,5,1,5,5,5
5,10,1,1,1,1,1,7.673e-06,1,7.673e-06,7.673e-06,7.673e-06,6,1,6,6,6,3,1,3,3,3,4,1,4,4,4
5,10,1,1,1,1,1,7.01e-06,1,7.01e-06,7.01e-06,7.01e-06,7,1,7,7,7,3,1,3,3,3,4,1,4,4,4
5,10,2,1,2,2,2,6.585e-06,1,6.585e-06,6.585e-06,6.585e-06,7,1,7,7,7,3,1,3,3,3,3,1,3,3,3
5,10,2,1,2,2,2,6.828e-06,1,6.828e-06,6.828e-06,6.828e-06,7,1,7,7,7,3,1,3,3,3,4,1,4,4,4
5,10,1,1,1,1,1,6.815e-06,1,6.815e-06,6.815e-06,6.815e-06,7,1,7,7,7,3,1,3,3,3,4,1,4,4,4
5,10,3,1,3,3,3,8.495e-06,1,8.495e-06,8.495e-06,8.495e-06,8,1,8,8,8,4,1,4,4,4,3,1,3,3,3
5,10,2,1,2,2,2,6.614e-06,1,6.614e-06,6.614e-06,6.614e-06,7,1,7,7,7,3,1,3,3,3,3,1,3,3,3
5,10,1,1,1,1,1,5.841e-06,1,5.841e-06,5.841e-06,5.841e-06,6,1,6,6,6,3,1,3,3,3,4,1,4,4,4
5,10,3,1,3,3,3,6.923e-06,1,6.923e-06,6.923e-06,6.923e-06,7,1,7,7,7,3,1,3,3,3,4,1,4,4,4
5,10,2,1,2,2,2,6.52e-06,1,6.52e-06,6.52e-06,6.52e-06,7,1,7,7,7,3,1,3,3,3,4,1,4,4,4
5,10,0,1,0,0,0,6.429e-06,1,6.429e-06,6.429e-06,6.429e-06,6,1,6,6,6,2,1,2,2,2,5,1,5,5,5
5,10,1,1,1,1,1,6.759e-06,1,6.759e-06,6.759e-06,6.759e-06,7,1,7,7,7,3,1,3,3,3,4,1,4,4,4
5,10,2,1,2,2,2,6.112e-06,1,6.112e-06,6.112e-06,6.112e-06,6,1,6,6,6,3,1,3,3,3,4,1,4,4,4
5,10,2,1,2,2,2,7.702e-06,1,7.702e-06,7.702e-06,7.702e-06,8,1,8,8,8,3,1,3,3,3,4,1,4,4,4
5,10,2,1,2,2,2,7.598e-06,1,7.598e-06,7.598e-06,7.598e-06,8,1,8,8,8,3,1,3,3,3,4,1,4,4,4
5,10,3,1,3,3,3,8.414e-06,1,8.414e-06,8.414e-06,8.414e-06,8,1,8,8,8,4,1,4,4,4,3,1,3,3,3
5,10,2,1,2,2,2,6.414e-06,1,6.414e-06,6.414e-06,6.414e-06,7,1,7,7,7,3,1,3,3,3,3,1,3,3,3
5,10,3,1,3,3,3,7.802e-06,1,7.802e-06,7.802e-06,7.802e-06,8,1,8,8,8,3,1,3,3,3,4,1,4,4,4
5,10,1,1,1,1,1,6.788e-06,1,6.788e-06,6.788e-06,6.788e-06,7,1,7,7,7,3,1,3,3,3,4,1,4,4,4
5,10,0,1,0,0,0,6.358e-06,1,6.358e-06,6.358e-06,6.358e-06,6,1,6,6,6,2,1,2,2,2,5,1,5,5,5
5,10,0,1,0,0,0,6.31e-06,1,6.31e-06,6.31e-06,6.31e-06,6,1,6,6,6,2,1,2,2,2,5,1,5,5,5
5,10,2,1,2,2,2,7.71e-06,1,7.71e-06,7.71e-06,7.71e-06,8,1,8,8,8,3,1,3,3,3,4,1,4,4,4
5,10,0,1,0,0,0,6.35e-06,1,6.35e-06,6.35e-06,6.35e-06,6,1,6,6,6,2,1,2,2,2,5,1,5,5,5
5,10,0,1,0,0,0,6.304e-06,1,6.304e-06,6.304e-06,6.304e-06,6,1,6,6,6,2,1,2,2,2,5,1,5,5,5
5,10,2,1,2,2,2,6.779e-06,1,6.779e-06,6.779e-06,6.779e-06,7,1,7,7,7,3,1,3,3,3,4,1,4,4,4
5,10,0,1,0,0,0,6.31e-06,1,6.31e-06,6.31e-06,6.31e-06,6,1,6,6,6,2,1,2,2,2,5,1,5,5,5
5,10,0,1,0,0,0,6.315e-06,1,6.315e-06,6.315e-06,6.315e-06,6,1,6,6,6,2,1,2,2,2,5,1,5,5,5
5,10,1,1,1,1,1,5.82e-06,1,5.82e-06,5.82e-06,5.82e-06,6,1,6,6,6,3,1,3,3,3,4,1,4,4,4
5,10,1,1,1,1,1,6.814e-06,1,6.814e-06,6.814e-06,6.814e-06,7,1,7,7,7,3,1,3,3,3,4,1,4,4,4
5,10,0,1,0,0,0,6.361e-06,1,6.361e-06,6.361e-06,6.361e-06,6,1,6,6,6,2,1,2,2,2,5,1,5,5,5
5,10,2,1,2,2,2,6.559e-06,1,6.559e-06,6.559e-06,6.559e-06,7,1,7,7,7,3,1,3,3,3,4,1,4,4,4
5,10,2,1,2,2,2,6.474e-06,1,6.474e-06,6.474e-06,6.474e-06,7,1,7,7,7,3,1,3,3,3,3,1,3,3,3
5,10,4,1,4,4,4,8.225e-06,1,8.225e-06,8.225e-06,8.225e-06,9,1,9,9,9,3,1,3,3,3,4,1,4,4,4
5,10,1,1,1,1,1,6.764e-06,1,6.764e-06,6.764e-06,6.764e-06,7,1,7,7,7,3,1,3,3,3,4,1,4,4,4
5,10,0,1,0,0,0,6.299e-06,1,6.299e-06,6.299e-06,6.299e-06,6,1,6,6,6,2,1,2,2,2,5,1,5,5,5
5,10,2,1,2,2,2,7.775e-06,1,7.775e-06,7.775e-06,7.775e-06,8,1,8,8,8,3,1,3,3,3,4,1,4,4,4
5,10,2,1,2,2,2,7.561e-06,1,7.561e-06,7.561e-06,7.561e-06,8,1,8,8,8,3,1,3,3,3,4,1,4,4,4
5,10,1,1,1,1,1,5.794e-06,1,5.794e-06,5.794e-06,5.794e-06,6,1,6,6,6,3,1,3,3,3,4,1,4,4,4
5,10,1,1,1,1,1,6.799e-06,1,6.799e-06,6.799e-06,6.799e-06,7,1,7,7,7,3,1,3,3,3,4,1,4,4,4
5,10,0,1,0,0,0,6.366e-06,1,6.366e-06,6.366e-06,6.366e-06,6,1,6,6,6,2,1,2,2,2,5,1,5,5,5
5,10,3,1,3,3,3,8.191e-06,1,8.191e-06,8.191e-06,8.191e-06,8,1,8,8,8,3,1,3,3,3,4,1,4,4,4
5,10,0,1,0,0,0,6.318e-06,1,6.318e-06,6.318e-06,6.318e-06,6,1,6,6,6,2,1,2,2,2,5,1,5,5,5
5,10,1,1,1,1,1,6.089e-06,1,6.089e-06,6.089e-06,6.089e-06,6,1,6,6,6,3,1,3,3,3,4,1,4,4,4
5,10,0,1,0,0,0,6.358e-06,1,6.358e-06,6.358e-06,6.358e-06,6,1,6,6,6,2,1,2,2,2,5,1,5,5,5
5,10,3,1,3,3,3,6.46e-06,1,6.46e-06,6.46e-06,6.46e-06,6,1,6,6,6,3,1,3,3,3,4,1,4,4,4
5,10,4,1,4,4,4,7.335e-06,1,7.335e-06,7.335e-06,7.335e-06,7,1,7,7,7,4,1,4,4,4,3,1,3,3,3
5,10,0,1,0,0,0,6.364e-06,1,6.364e-06,6.364e-06,6.364e-06,6,1,6,6,6,2,1,2,2,2,5,1,5,5,5
5,10,1,1,1,1,1,5.872e-06,1,5.872e-06,5.872e-06,5.872e-06,6,1,6,6,6,3,1,3,3,3,4,1,4,4,4
5,10,0,1,0,0,0,6.328e-06,1,6.328e-06,6.328e-06,6.328e-06,6,1,6,6,6,2,1,2,2,2,5,1,5,5,5
5,10,0,1,0,0,0,6.325e-06,1,6.325e-06,6.325e-06,6.325e-06,6,1,6,6,6,2,1,2,2,2,5,1,5,5,5
5,10,2,1,2,2,2,6.696e-06,1,6.696e-06,6.696e-06,6.696e-06,7,1,7,7,7,3,1,3,3,3,3,1,3,3,3
5,10,0,1,0,0,0,6.376e-06,1,6.376e-06,6.376e-06,6.376e-06,6,1,6,6,6,2,1,2,2,2,5,1,5,5,5
5,10,1,1,1,1,1,6.901e-06,1,6.901e-06,6.901e-06,6.901e-06,7,1,7,7,7,3,1,3,3,3,4,1,4,4,4
5,10,0,1,0,0,0,6.339e-06,1,6.339e-06,6.339e-06,6.339e-06,6,1,6,6,6,2,1,2,2,2,5,1,5,5,5
5,10,3,1,3,3,3,7.418e-06,1,7.418e-06,7.418e-06,7.418e-06,8,1,8,8,8,3,1,3,3,3,3,1,3,3,3
5,10,0,1,0,0,0,6.335e-06,1,6.335e-06,6.335e-06,6.335e-06,6,1,6,6,6,2,1,2,2,2,5,1,5,5,5
5,10,1,1,1,1,1,6.792e-06,1,6.792e-06,6.792e-06,6.792e-06,7,1,7,7,7,3,1,3,3,3,4,1,4,4,4
5,10,1,1,1,1,1,5.817e-06,1,5.817e-06,5.817e-06,5.817e-06,6,1,6,6,6,3,1,3,3,3,4,1,4,4,4
5,10,1,1,1,1,1,6.818e-06,1,6.818e-06,6.818e-06,6.818e-06,7,1,7,7,7,3,1,3,3,3,4,1,4,4,4
5,10,1,1,1,1,1,5.779e-06,1,5.779e-06,5.779e-06,5.779e-06,6,1,6,6,6,3,1,3,3,3,4,1,4,4,4
5,10,1,1,1,1,1,5.776e-06,1,5.776e-06,5.776e-06,5.776e-06,6,1,6,6,6,3,1,3,3,3,4,1,4,4,4
5,10,1,1,1,1,1,5.814e-06,1,5.814e-06,5.814e-06,5.814e-06,6,1,6,6,6,3,1,3,3,3,4,1,4,4,4
5,10,0,1,0,0,0,6.299e-06,1,6.299e-06,6.299e-06,6.299e-06,6,1,6,6,6,2,1,2,2,2,5,1,5,5,5
5,10,1,1,1,1,1,6.788e-06,1,6.788e-06,6.788e-06,6.788e-06,7,1,7,7,7,3,1,3,3,3,4,1,4,4,4
5,10,2,1,2,2,2,6.443e-06,1,6.443e-06,6.443e-06,6.443e-06,7,1,7,7,7,3,1,3,3,3,4,1,4,4,4
5,10,1,1,1,1,1,6.783e-06,1,6.783e-06,6.783e-06,6.783e-06,7,1,7,7,7,3,1,3,3,3,4,1,4,4,4
5,10,2,1,2,2,2,7.44e-06,1,7.44e-06,7.44e-06,7.44e-06,8,1,8,8,8,3,1,3,3,3,4,1,4,4,4
5,10,0,1,0,0,0,6.354e-06,1,6.354e-06,6.354e-06,6.354e-06,6,1,6,6,6,2,1,2,2,2,5,1,5,5,5
5,10,0,1,0,0,0,6.335e-06,1,6.335e-06,6.335e-06,6.335e-06,6,1,6,6,6,2,1,2,2,2,5,1,5,5,5
5,10,0,1,0,0,0,6.311e-06,1,6.311e-06,6.311e-06,6.311e-06,6,1,6,6,6,2,1,2,2,2,5,1,5,5,5
5,10,1,1,1,1,1,6.771e-06,1,6.771e-06,6.771e-06,6.771e-06,7,1,7,7,7,3,1,3,3,3,4,1,4,4,4
5,10,0,1,0,0,0,6.343e-06,1,6.343e-06,6.343e-06,6.343e-06,6,1,6,6,6,2,1,2,2,2,5,1,5,5,5
5,10,0,1,0,0,0,6.319e-06,1,6.319e-06,6.319e-06,6.319e-06,6,1,6,6,6,2,1,2,2,2,5,1,5,5,5
5,10,0,1,0,0,0,6.357e-06,1,6.357e-06,6.357e-06,6.357e-06,6,1,6,6,6,2,1,2,2,2,5,1,5,5,5
5,10,1,1,1,1,1,5.855e-06,1,5.855e-06,5.855e-06,5.855e-06,6,1,6,6,6,3,1,3,3,3,4,1,4,4,4
5,10,0,1,0,0,0,6.344e-06,1,6.344e-06,6.344e-06,6.344e-06,6,1,6,6,6,2,1,2,2,2,5,1,5,5,5
5,10,3,1,3,3,3,8.057e-06,1,8.057e-06,8.057e-06,8.057e-06,8,1,8,8,8,3,1,3,3,3,4,1,4,4,4
5,10,1,1,1,1,1,6.827e-06,1,6.827e-06,6.827e-06,6.827e-06,7,1,7,7,7,3,1,3,3,3,4,1,4,4,4
5,10,1,1,1,1,1,6.755e-06,1,6.755e-06,6.755e-06,6.755e-06,7,1,7,7,7,3,1,3,3,3,4,1,4,4,4
5,10,2,1,2,2,2,6.597e-06,1,6.597e-06,6.597e-06,6.597e-06,7,1,7,7,7,3,1,3,3,3,3,1,3,3,3
5,10,4,1,4,4,4,8.66e-06,1,8.66e-06,8.66e-06,8.66e-06,9,1,9,9,9,3,1,3,3,3,4,1,4,4,4
5,10,0,1,0,0,0,6.351e-06,1,6.351e-06,6.351e-06,6.351e-06,6,1,6,6,6,2,1,2,2,2,5,1,5,5,5
5,10,3,1,3,3,3,7.914e-06,1,7.914e-06,7.914e-06,7.914e-06,8,1,8,8,8,3,1,3,3,3,4,1,4,4,4
5,10,1,1,1,1,1,5.86e-06,1,5.86e-06,5.86e-06,5.86e-06,6,1,6,6,6,3,1,3,3,3,4,1,4,4,4
5,10,2,1,2,2,2,6.507e-06,1,6.507e-06,6.507e-06,6.507e-06,7,1,7,7,7,3,1,3,3,3,3,1,3,3,3
5,10,1,1,1,1,1,6.85e-06,1,6.85e-06,6.85e-06,6.85e-06,7,1,7,7,7,3,1,3,3,3,4,1,4,4,4
5,10,0,1,0,0,0,6.501e-06,1,6.501e-06,6.501e-06,6.501e-06,6,1,6,6,6,2,1,2,2,2,5,1,5,5,5
5,10,0,1,0,0,0,6.354e-06,1,6.354e-06,6.354e-06,6.354e-06,6,1,6,6,6,2,1,2,2,2,5,1,5,5,5
5,10,0,1,0,0,0,6.333e-06,1,6.333e-06,6.333e-06,6.333e-06,6,1,6,6,6,2,1,2,2,2,5,1,5,5,5
5,10,0,1,0,0,0,6.36e-06,1,6.36e-06,6.36e-06,6.36e-06,6,1,6,6,6,2,1,2,2,2,5,1,5,5,5
5,10,2,1,2,2,2,6.567e-06,1,6.567e-06,6.567e-06,6.567e-06,7,1,7,7,7,3,1,3,3,3,3,1,3,3,3
5,10,0,1,0,0,0,6.341e-06,1,6.341e-06,6.341e-06,6.341e-06,6,1,6,6,6,2,1,2,2,2,5,1,5,5,5
5,10,2,1,2,2,2,6.927e-06,1,6.927e-06,6.927e-06,6.927e-06,7,1,7,7,7,3,1,3,3,3,4,1,4,4,4
5,10,1,1,1,1,1,5.86e-06,1,5.86e-06,5.86e-06,5.86e-06,6,1,6,6,6,3,1,3,3,3,4,1,4,4,4
5,10,1,1,1,1,1,5.822e-06,1,5.822e-06,5.822e-06,5.822e-06,6,1,6,6,6,3,1,3,3,3,4,1,4,4,4
5,10,3,1,3,3,3,7.524e-06,1,7.524e-06,7.524e-06,7.524e-06,8,1,8,8,8,3,1,3,3,3,4,1,4,4,4
5,10,0,1,0,0,0,6.332e-06,1,6.332e-06,6.332e-06,6.332e-06,6,1,6,6,6,2,1,2,2,2,5,1,5,5,5
5,10,1,1,1,1,1,6.798e-06,1,6.798e-06,6.798e-06,6.798e-06,7,1,7,7,7,3,1,3,3,3,4,1,4,4,4
5,10,2,1,2,2,2,6.496e-06,1,6.496e-06,6.496e-06,6.496e-06,7,1,7,7,7,3,1,3,3,3,3,1,3,3,3
5,10,1,1,1,1,1,5.812e-06,1,5.812e-06,5.812e-06,5.812e-06,6,1,6,6,6,3,1,3,3,3,4,1,4,4,4
5,10,0,1,0,0,0,6.338e-06,1,6.338e-06,6.338e-06,6.338e-06,6,1,6,6,6,2,1,2,2,2,5,1,5,5,5
5,10,0,1,0,0,0,6.339e-06,1,6.339e-06,6.339e-06,6.339e-06,6,1,6,6,6,2,1,2,2,2,5,1,5,5,5
5,10,1,1,1,1,1,6.774e-06,1,6.774e-06,6.774e-06,6.774e-06,7,1,7,7,7,3,1,3,3,3,4,1,4,4,4
5,10,2,1,2,2,2,6.483e-06,1,6.483e-06,6.483e-06,6.483e-06,7,1,7,7,7,3,1,3,3,3,3,1,3,3,3
5,10,1,1,1,1,1,5.845e-06,1,5.845e-06,5.845e-06,5.845e-06,6,1,6,6,6,3,1,3,3,3,4,1,4,4,4
5,10,0,1,0,0,0,6.346e-06,1,6.346e-06,6.346e-06,6.346e-06,6,1,6,6,6,2,1,2,2,2,5,1,5,5,5
5,10,2,1,2,2,2,6.592e-06,1,6.592e-06,6.592e-06,6.592e-06,7,1,7,7,7,3,1,3,3,3,4,1,4,4,4
5,10,0,1,0,0,0,6.339e-06,1,6.339e-06,6.339e-06,6.339e-06,6,1,6,6,6,2,1,2,2,2,5,1,5,5,5
5,10,0,1,0,0,0,6.284e-06,1,6.284e-06,6.284e-06,6.284e-06,6,1,6,6,6,2,1,2,2,2,5,1,5,5,5
5,10,1,1,1,1,1,6.716e-06,1,6.716e-06,6.716e-06,6.716e-06,7,1,7,7,7,3,1,3,3,3,4,1,4,4,4
5,10,0,1,0,0,0,6.331e-06,1,6.331e-06,6.331e-06,6.331e-06,6,1,6,6,6,2,1,2,2,2,5,1,5,5,5
5,10,3,1,3,3,3,7.715e-06,1,7.715e-06,7.715e-06,7.715e-06,8,1,8,8,8,3,1,3,3,3,3,1,3,3,3
5,10,0,1,0,0,0,6.321e-06,1,6.321e-06,6.321e-06,6.321e-06,6,1,6,6,6,2,1,2,2,2,5,1,5,5,5
5,10,1,1,1,1,1,6.836e-06,1,6.836e-06,6.836e-06,6.836e-06,7,1,7,7,7,3,1,3,3,3,4,1,4,4,4
5,10,0,1,0,0,0,6.303e-06,1,6.303e-06,6.303e-06,6.303e-06,6,1,6,6,6,2,1,2,2,2,5,1,5,5,5
5,10,1,1,1,1,1,6.779e-06,1,6.779e-06,6.779e-06,6.779e-06,7,1,7,7,7,3,1,3,3,3,4,1,4,4,4
5,10,1,1,1,1,1,6.771e-06,1,6.771e-06,6.771e-06,6.771e-06,7,1,7,7,7,3,1,3,3,3,4,1,4,4,4
5,10,1,1,1,1,1,6.832e-06,1,6.832e-06,6.832e-06,6.832e-06,7,1,7,7,7,3,1,3,3,3,4,1,4,4,4
5,10,2,1,2,2,2,7.672e-06,1,7.672e-06,7.672e-06,7.672e-06,8,1,8,8,8,3,1,3,3,3,4,1,4,4,4
5,10,1,1,1,1,1,5.846e-06,1,5.846e-06,5.846e-06,5.846e-06,6,1,6,6,6,3,1,3,3,3,4,1,4,4,4
5,10,1,1,1,1,1,6.82e-06,1,6.82e-06,6.82e-06,6.82e-06,7,1,7,7,7,3,1,3,3,3,4,1,4,4,4
5,10,1,1,1,1,1,6.745e-06,1,6.745e-06,6.745e-06,6.745e-06,7,1,7,7,7,3,1,3,3,3,4,1,4,4,4
5,10,1,1,1,1,1,6.75e-06,1,6.75e-06,6.75e-06,6.75e-06,7,1,7,7,7,3,1,3,3,3,4,1,4,4,4
5,10,0,1,0,0,0,6.351e-06,1,6.351e-06,6.351e-06,6.351e-06,6,1,6,6,6,2,1,2,2,2,5,1,5,5,5
5,10,0,1,0,0,0,6.311e-06,1,6.311e-06,6.311e-06,6.311e-06,6,1,6,6,6,2,1,2,2,2,5,1,5,5,5
5,10,1,1,1,1,1,5.809e-06,1,5.809e-06,5.809e-06,5.809e-06,6,1,6,6,6,3,1,3,3,3,4,1,4,4,4
5,10,0,1,0,0,0,6.37e-06,1,6.37e-06,6.37e-06,6.37e-06,6,1,6,6,6,2,1,2,2,2,5,1,5,5,5
5,10,1,1,1,1,1,5.837e-06,1,5.837e-06,5.837e-06,5.837e-06,6,1,6,6,6,3,1,3,3,3,4,1,4,4,4
5,10,0,1,0,0,0,6.308e-06,1,6.308e-06,6.308e-06,6.308e-06,6,1,6,6,6,2,1,2,2,2,5,1,5,5,5
5,10,0,1,0,0,0,6.314e-06,1,6.314e-06,6.314e-06,6.314e-06,6,1,6,6,6,2,1,2,2,2,5,1,5,5,5
5,10,2,1,2,2,2,6.993e-06,1,6.993e-06,6.993e-06,6.993e-06,7,1,7,7,7,3,1,3,3,3,4,1,4,4,4
5,10,3,1,3,3,3,7.68e-06,1,7.68e-06,7.68e-06,7.68e-06,8,1,8,8,8,3,1,3,3,3,3,1,3,3,3
5,10,1,1,1,1,1,5.85e-06,1,5.85e-06,5.85e-06,5.85e-06,6,1,6,6,6,3,1,3,3,3,4,1,4,4,4
5,10,0,1,0,0,0,6.426e-06,1,6.426e-06,6.426e-06,6.426e-06,6,1,6,6,6,2,1,2,2,2,5,1,5,5,5
5,10,1,1,1,1,1,6.807e-06,1,6.807e-06,6.807e-06,6.807e-06,7,1,7,7,7,3,1,3,3,3,4,1,4,4,4
5,10,0,1,0,0,0,6.337e-06,1,6.337e-06,6.337e-06,6.337e-06,6,1,6,6,6,2,1,2,2,2,5,1,5,5,5
5,10,4,1,4,4,4,7.848e-06,1,7.848e-06,7.848e-06,7.848e-06,8,1,8,8,8,3,1,3,3,3,4,1,4,4,4
5,10,1,1,1,1,1,6.825e-06,1,6.825e-06,6.825e-06,6.825e-06,7,1,7,7,7,3,1,3,3,3,4,1,4,4,4
5,10,0,1,0,0,0,6.501e-06,1,6.501e-06,6.501e-06,6.501e-06,6,1,6,6,6,2,1,2,2,2,5,1,5,5,5
5,10,2,1,2,2,2,2.4033e-05,1,2.4033e-05,2.4033e-05,2.4033e-05,7,1,7,7,7,3,1,3,3,3,4,1,4,4,4
5,10,1,1,1,1,1,7.539e-06,1,7.539e-06,7.539e-06,7.539e-06,6,1,6,6,6,3,1,3,3,3,4,1,4,4,4
5,10,0,1,0,0,0,8.193e-06,1,8.193e-06,8.193e-06,8.193e-06,6,1,6,6,6,2,1,2,2,2,5,1,5,5,5
5,10,1,1,1,1,1,6.389e-06,1,6.389e-06,6.389e-06,6.389e-06,6,1,6,6,6,3,1,3,3,3,4,1,4,4,4
5,10,1,1,1,1,1,6.965e-06,1,6.965e-06,6.965e-06,6.965e-06,7,1,7,7,7,3,1,3,3,3,4,1,4,4,4
5,10,2,1,2,2,2,7.16e-06,1,7.16e-06,7.16e-06,7.16e-06,7,1,7,7,7,3,1,3,3,3,4,1,4,4,4
5,10,2,1,2,2,2,6.515e-06,1,6.515e-06,6.515e-06,6.515e-06,7,1,7,7,7,3,1,3,3,3,4,1,4,4,4
5,10,2,1,2,2,2,7.539e-06,1,7.539e-06,7.539e-06,7.539e-06,8,1,8,8,8,3,1,3,3,3,4,1,4,4,4
5,10,1,1,1,1,1,6.772e-06,1,6.772e-06,6.772e-06,6.772e-06,7,1,7,7,7,3,1,3,3,3,4,1,4,4,4
5,10,1,1,1,1,1,5.863e-06,1,5.863e-06,5.863e-06,5.863e-06,6,1,6,6,6,3,1,3,3,3,4,1,4,4,4
5,10,0,1,0,0,0,6.306e-06,1,6.306e-06,6.306e-06,6.306e-06,6,1,6,6,6,2,1,2,2,2,5,1,5,5,5
5,10,1,1,1,1,1,6.724e-06,1,6.724e-06,6.724e-06,6.724e-06,7,1,7,7,7,3,1,3,3,3,4,1,4,4,4
5,10,2,1,2,2,2,7.911e-06,1,7.911e-06,7.911e-06,7.911e-06,8,1,8,8,8,3,1,3,3,3,4,1,4,4,4
5,10,2,1,2,2,2,6.52e-06,1,6.52e-06,6.52e-06,6.52e-06,7,1,7,7,7,3,1,3,3,3,3,1,3,3,3
5,10,1,1,1,1,1,5.814e-06,1,5.814e-06,5.814e-06,5.814e-06,6,1,6,6,6,3,1,3,3,3,4,1,4,4,4
5,10,1,1,1,1,1,5.854e-06,1,5.854e-06,5.854e-06,5.854e-06,6,1,6,6,6,3,1,3,3,3,4,1,4,4,4
5,10,0,1,0,0,0,6.359e-06,1,6.359e-06,6.359e-06,6.359e-06,6,1,6,6,6,2,1,2,2,2,5,1,5,5,5
5,10,1,1,1,1,1,5.873e-06,1,5.873e-06,5.873e-06,5.873e-06,6,1,6,6,6,3,1,3,3,3,4,1,4,4,4
5,10,0,1,0,0,0,6.365e-06,1,6.365e-06,6.365e-06,6.365e-06,6,1,6,6,6,2,1,2,2,2,5,1,5,5,5
5,10,2,1,2,2,2,7.011e-06,1,7.011e-06,7.011e-06,7.011e-06,7,1,7,7,7,3,1,3,3,3,4,1,4,4,4
5,10,1,1,1,1,1,5.82e-06,1,5.82e-06,5.82e-06,5.82e-06,6,1,6,6,6,3,1,3,3,3,4,1,4,4,4
5,10,0,1,0,0,0,6.396e-06,1,6.396e-06,6.396e-06,6.396e-06,6,1,6,6,6,2,1,2,2,2,5,1,5,5,5
5,10,1,1,1,1,1,5.849e-06,1,5.849e-06,5.849e-06,5.849e-06,6,1,6,6,6,3,1,3,3,3,4,1,4,4,4
5,10,0,1,0,0,0,6.323e-06,1,6.323e-06,6.323e-06,6.323e-06,6,1,6,6,6,2,1,2,2,2,5,1,5,5,5
5,10,1,1,1,1,1,5.83e-06,1,5.83e-06,5.83e-06,5.83e-06,6,1,6,6,6,3,1,3,3,3,4,1,4,4,4
5,10,0,1,0,0,0,6.342e-06,1,6.342e-06,6.342e-06,6.342e-06,6,1,6,6,6,2,1,2,2,2,5,1,5,5,5
5,10,1,1,1,1,1,6.808e-06,1,6.808e-06,6.808e-06,6.808e-06,7,1,7,7,7,3,1,3,3,3,4,1,4,4,4
5,10,3,1,3,3,3,7.193e-06,1,7.193e-06,7.193e-06,7.193e-06,7,1,7,7,7,3,1,3,3,3,4,1,4,4,4
5,10,1,1,1,1,1,5.874e-06,1,5.874e-06,5.874e-06,5.874e-06,6,1,6,6,6,3,1,3,3,3,4,1,4,4,4
5,10,0,1,0,0,0,6.296e-06,1,6.296e-06,6.296e-06,6.296e-06,6,1,6,6,6,2,1,2,2,2,5,1,5,5,5
5,10,1,1,1,1,1,6.716e-06,1,6.716e-06,6.716e-06,6.716e-06,7,1,7,7,7,3,1,3,3,3,4,1,4,4,4
5,10,1,1,1,1,1,6.857e-06,1,6.857e-06,6.857e-06,6.857e-06,7,1,7,7,7,3,1,3,3,3,4,1,4,4,4
5,10,2,1,2,2,2,7.721e-06,1,7.721e-06,7.721e-06,7.721e-06,8,1,8,8,8,3,1,3,3,3,4,1,4,4,4
5,10,1,1,1,1,1,5.791e-06,1,5.791e-06,5.791e-06,5.791e-06,6,1,6,6,6,3,1,3,3,3,4,1,4,4,4
5,10,2,1,2,2,2,6.094e-06,1,6.094e-06,6.094e-06,6.094e-06,6,1,6,6,6,3,1,3,3,3,4,1,4,4,4
5,10,0,1,0,0,0,6.317e-06,1,6.317e-06,6.317e-06,6.317e-06,6,1,6,6,6,2,1,2,2,2,5,1,5,5,5
5,10,0,1,0,0,0,6.295e-06,1,6.295e-06,6.295e-06,6.295e-06,6,1,6,6,6,2,1,2,2,2,5,1,5,5,5
5,10,1,1,1,1,1,6.754e-06,1,6.754e-06,6.754e-06,6.754e-06,7,1,7,7,7,3,1,3,3,3,4,1,4,4,4
5,10,2,1,2,2,2,7.655e-06,1,7.655e-06,7.655e-06,7.655e-06,8,1,8,8,8,3,1,3,3,3,4,1,4,4,4
5,10,1,1,1,1,1,5.79e-06,1,5.79e-06,5.79e-06,5.79e-06,6,1,6,6,6,3,1,3,3,3,4,1,4,4,4
5,10,1,1,1,1,1,6.722e-06,1,6.722e-06,6.722e-06,6.722e-06,7,1,7,7,7,3,1,3,3,3,4,1,4,4,4
5,10,1,1,1,1,1,6.816e-06,1,6.816e-06,6.816e-06,6.816e-06,7,1,7,7,7,3,1,3,3,3,4,1,4,4,4
5,10,2,1,2,2,2,6.86e-06,1,6.86e-06,6.86e-06,6.86e-06,7,1,7,7,7,3,1,3,3,3,4,1,4,4,4
5,10,0,1,0,0,0,6.359e-06,1,6.359e-06,6.359e-06,6.359e-06,6,1,6,6,6,2,1,2,2,2,5,1,5,5,5
5,10,2,1,2,2,2,6.11e-06,1,6.11e-06,6.11e-06,6.11e-06,6,1,6,6,6,3,1,3,3,3,4,1,4,4,4
5,10,1,1,1,1,1,6.825e-06,1,6.825e-06,6.825e-06,6.825e-06,7,1,7,7,7,3,1,3,3,3,4,1,4,4,4
5,10,2,1,2,2,2,6.785e-06,1,6.785e-06,6.785e-06,6.785e-06,7,1,7,7,7,3,1,3,3,3,4,1,4,4,4
5,10,3,1,3,3,3,8.582e-06,1,8.582e-06,8.582e-06,8.582e-06,9,1,9,9,9,3,1,3,3,3,4,1,4,4,4
5,10,2,1,2,2,2,7.873e-06,1,7.873e-06,7.873e-06,7.873e-06,8,1,8,8,8,3,1,3,3,3,4,1,4,4,4
5,10,1,1,1,1,1,5.869e-06,1,5.869e-06,5.869e-06,5.869e-06,6,1,6,6,6,3,1,3,3,3,4,1,4,4,4
5,10,0,1,0,0,0,6.407e-06,1,6.407e-06,6.407e-06,6.407e-06,6,1,6,6,6,2,1,2,2,2,5,1,5,5,5
5,10,2,1,2,2,2,6.51e-06,1,6.51e-06,6.51e-06,6.51e-06,7,1,7,7,7,3,1,3,3,3,3,1,3,3,3
5,10,0,1,0,0,0,6.348e-06,1,6.348e-06,6.348e-06,6.348e-06,6,1,6,6,6,2,1,2,2,2,5,1,5,5,5
5,10,2,1,2,2,2,7.957e-06,1,7.957e-06,7.957e-06,7.957e-06,8,1,8,8,8,3,1,3,3,3,4,1,4,4,4
5,10,0,1,0,0,0,6.364e-06,1,6.364e-06,6.364e-06,6.364e-06,6,1,6,6,6,2,1,2,2,2,5,1,5,5,5
5,10,0,1,0,0,0,6.358e-06,1,6.358e-06,6.358e-06,6.358e-06,6,1,6,6,6,2,1,2,2,2,5,1,5,5,5
5,10,1,1,1,1,1,5.867e-06,1,5.867e-06,5.867e-06,5.867e-06,6,1,6,6,6,3,1,3,3,3,4,1,4,4,4
5,10,0,1,0,0,0,6.35e-06,1,6.35e-06,6.35e-06,6.35e-06,6,1,6,6,6,2,1,2,2,2,5,1,5,5,5
5,10,2,1,2,2,2,6.65e-06,1,6.65e-06,6.65e-06,6.65e-06,7,1,7,7,7,3,1,3,3,3,3,1,3,3,3
5,10,0,1,0,0,0,6.388e-06,1,6.388e-06,6.388e-06,6.388e-06,6,1,6,6,6,2,1,2,2,2,5,1,5,5,5
5,10,1,1,1,1,1,6.856e-06,1,6.856e-06,6.856e-06,6.856e-06,7,1,7,7,7,3,1,3,3,3,4,1,4,4,4
5,10,0,1,0,0,0,6.356e-06,1,6.356e-06,6.356e-06,6.356e-06,6,1,6,6,6,2,1,2,2,2,5,1,5,5,5
5,10,1,1,1,1,1,5.91e-06,1,5.91e-06,5.91e-06,5.91e-06,6,1,6,6,6,3,1,3,3,3,4,1,4,4,4
5,10,2,1,2,2,2,6.681e-06,1,6.681e-06,6.681e-06,6.681e-06,7,1,7,7,7,3,1,3,3,3,3,1,3,3,3
5,10,2,1,2,2,2,6.92e-06,1,6.92e-06,6.92e-06,6.92e-06,7,1,7,7,7,3,1,3,3,3,4,1,4,4,4
5,10,2,1,2,2,2,6.536e-06,1,6.536e-06,6.536e-06,6.536e-06,7,1,7,7,7,3,1,3,3,3,3,1,3,3,3
5,10,1,1,1,1,1,6.75e-06,1,6.75e-06,6.75e-06,6.75e-06,7,1,7,7,7,3,1,3,3,3,4,1,4,4,4
5,10,1,1,1,1,1,6.817e-06,1,6.817e-06,6.817e-06,6.817e-06,7,1,7,7,7,3,1,3,3,3,4,1,4,4,4
5,10,1,1,1,1,1,6.794e-06,1,6.794e-06,6.794e-06,6.794e-06,7,1,7,7,7,3,1,3,3,3,4,1,4,4,4
5,10,1,1,1,1,1,5.809e-06,1,5.809e-06,5.809e-06,5.809e-06,6,1,6,6,6,3,1,3,3,3,4,1,4,4,4
5,10,3,1,3,3,3,7.319e-06,1,7.319e-06,7.319e-06,7.319e-06,8,1,8,8,8,3,1,3,3,3,3,1,3,3,3
5,10,1,1,1,1,1,8.156e-06,1,8.156e-06,8.156e-06,8.156e-06,7,1,7,7,7,3,1,3,3,3,4,1,4,4,4
5,10,2,1,2,2,2,6.792e-06,1,6.792e-06,6.792e-06,6.792e-06,7,1,7,7,7,3,1,3,3,3,3,1,3,3,3
5,10,1,1,1,1,1,6.785e-06,1,6.785e-06,6.785e-06,6.785e-06,7,1,7,7,7,3,1,3,3,3,4,1,4,4,4
5,10,1,1,1,1,1,5.788e-06,1,5.788e-06,5.788e-06,5.788e-06,6,1,6,6,6,3,1,3,3,3,4,1,4,4,4
5,10,4,1,4,4,4,7.549e-06,1,7.549e-06,7.549e-06,7.549e-06,8,1,8,8,8,3,1,3,3,3,4,1,4,4,4
5,10,1,1,1,1,1,6.828e-06,1,6.828e-06,6.828e-06,6.828e-06,7,1,7,7,7,3,1,3,3,3,4,1,4,4,4
5,10,2,1,2,2,2,6.93e-06,1,6.93e-06,6.93e-06,6.93e-06,7,1,7,7,7,3,1,3,3,3,4,1,4,4,4
5,10,1,1,1,1,1,6.698e-06,1,6.698e-06,6.698e-06,6.698e-06,7,1,7,7,7,3,1,3,3,3,4,1,4,4,4
5,10,0,1,0,0,0,6.327e-06,1,6.327e-06,6.327e-06,6.327e-06,6,1,6,6,6,2,1,2,2,2,5,1,5,5,5
5,10,0,1,0,0,0,6.338e-06,1,6.338e-06,6.338e-06,6.338e-06,6,1,6,6,6,2,1,2,2,2,5,1,5,5,5
5,10,0,1,0,0,0,6.277e-06,1,6.277e-06,6.277e-06,6.277e-06,6,1,6,6,6,2,1,2,2,2,5,1,5,5,5
5,10,2,1,2,2,2,6.585e-06,1,6.585e-06,6.585e-06,6.585e-06,7,1,7,7,7,3,1,3,3,3,4,1,4,4,4
5,10,0,1,0,0,0,6.315e-06,1,6.315e-06,6.315e-06,6.315e-06,6,1,6,6,6,2,1,2,2,2,5,1,5,5,5
5,10,1,1,1,1,1,5.82e-06,1,5.82e-06,5.82e-06,5.82e-06,6,1,6,6,6,3,1,3,3,3,4,1,4,4,4
5,10,3,1,3,3,3,6.366e-06,1,6.366e-06,6.366e-06,6.366e-06,6,1,6,6,6,4,1,4,4,4,3,1,3,3,3
5,10,1,1,1,1,1,5.894e-06,1,5.894e-06,5.894e-06,5.894e-06,6,1,6,6,6,3,1,3,3,3,4,1,4,4,4
5,10,0,1,0,0,0,6.305e-06,1,6.305e-06,6.305e-06,6.305e-06,6,1,6,6,6,2,1,2,2,2,5,1,5,5,5
5,10,1,1,1,1,1,6.722e-06,1,6.722e-06,6.722e-06,6.722e-06,7,1,7,7,7,3,1,3,3,3,4,1,4,4,4
5,10,1,1,1,1,1,6.832e-06,1,6.832e-06,6.832e-06,6.832e-06,7,1,7,7,7,3,1,3,3,3,4,1,4,4,4
5,10,0,1,0,0,0,6.376e-06,1,6.376e-06,6.376e-06,6.376e-06,6,1,6,6,6,2,1,2,2,2,5,1,5,5,5
5,10,0,1,0,0,0,6.334e-06,1,6.334e-06,6.334e-06,6.334e-06,6,1,6,6,6,2,1,2,2,2,5,1,5,5,5
5,10,0,1,0,0,0,6.376e-06,1,6.376e-06,6.376e-06,6.376e-06,6,1,6,6,6,2,1,2,2,2,5,1,5,5,5
5,10,3,1,3,3,3,8.84e-06,1,8.84e-06,8.84e-06,8.84e-06,9,1,9,9,9,3,1,3,3,3,4,1,4,4,4
5,10,0,1,0,0,0,6.324e-06,1,6.324e-06,6.324e-06,6.324e-06,6,1,6,6,6,2,1,2,2,2,5,1,5,5,5
5,10,0,1,0,0,0,6.323e-06,1,6.323e-06,6.323e-06,6.323e-06,6,1,6,6,6,2,1,2,2,2,5,1,5,5,5
5,10,1,1,1,1,1,6.921e-06,1,6.921e-06,6.921e-06,6.921e-06,7,1,7,7,7,3,1,3,3,3,4,1,4,4,4
5,10,2,1,2,2,2,6.961e-06,1,6.961e-06,6.961e-06,6.961e-06,7,1,7,7,7,3,1,3,3,3,4,1,4,4,4
5,10,0,1,0,0,0,6.315e-06,1,6.315e-06,6.315e-06,6.315e-06,6,1,6,6,6,2,1,2,2,2,5,1,5,5,5
5,10,2,1,2,2,2,7.791e-06,1,7.791e-06,7.791e-06,7.791e-06,8,1,8,8,8,3,1,3,3,3,4,1,4,4,4
5,10,0,1,0,0,0,6.318e-06,1,6.318e-06,6.318e-06,6.318e-06,6,1,6,6,6,2,1,2,2,2,5,1,5,5,5
5,10,5,1,5,5,5,1.0397e-05,1,1.0397e-05,1.0397e-05,1.0397e-05,10,1,10,10,10,3,1,3,3,3,5,1,5,5,5
5,10,2,1,2,2,2,6.879e-06,1,6.879e-06,6.879e-06,6.879e-06,7,1,7,7,7,3,1,3,3,3,4,1,4,4,4
5,10,1,1,1,1,1,6.799e-06,1,6.799e-06,6.799e-06,6.799e-06,7,1,7,7,7,3,1,3,3,3,4,1,4,4,4
5,10,0,1,0,0,0,6.426e-06,1,6.426e-06,6.426e-06,6.426e-06,6,1,6,6,6,2,1,2,2,2,5,1,5,5,5
5,10,1,1,1,1,1,5.878e-06,1,5.878e-06,5.878e-06,5.878e-06,6,1,6,6,6,3,1,3,3,3,4,1,4,4,4
5,10,2,1,2,2,2,6.44e-06,1,6.44e-06,6.44e-06,6.44e-06,7,1,7,7,7,3,1,3,3,3,4,1,4,4,4
5,10,0,1,0,0,0,6.315e-06,1,6.315e-06,6.315e-06,6.315e-06,6,1,6,6,6,2,1,2,2,2,5,1,5,5,5
5,10,0,1,0,0,0,6.319e-06,1,6.319e-06,6.319e-06,6.319e-06,6,1,6,6,6,2,1,2,2,2,5,1,5,5,5
5,10,2,1,2,2,2,6.699e-06,1,6.699e-06,6.699e-06,6.699e-06,7,1,7,7,7,3,1,3,3,3,3,1,3,3,3
5,10,0,1,0,0,0,6.323e-06,1,6.323e-06,6.323e-06,6.323e-06,6,1,6,6,6,2,1,2,2,2,5,1,5,5,5
5,10,1,1,1,1,1,6.82e-06,1,6.82e-06,6.82e-06,6.82e-06,7,1,7,7,7,3,1,3,3,3,4,1,4,4,4
5,10,1,1,1,1,1,6.807e-06,1,6.807e-06,6.807e-06,6.807e-06,7,1,7,7,7,3,1,3,3,3,4,1,4,4,4
5,10,2,1,2,2,2,7.872e-06,1,7.872e-06,7.872e-06,7.872e-06,8,1,8,8,8,3,1,3,3,3,4,1,4,4,4
5,10,1,1,1,1,1,6.772e-06,1,6.772e-06,6.772e-06,6.772e-06,7,1,7,7,7,3,1,3,3,3,4,1,4,4,4
5,10,1,1,1,1,1,6.796e-06,1,6.796e-06,6.796e-06,6.796e-06,7,1,7,7,7,3,1,3,3,3,4,1,4,4,4
5,10,0,1,0,0,0,6.359e-06,1,6.359e-06,6.359e-06,6.359e-06,6,1,6,6,6,2,1,2,2,2,5,1,5,5,5
5,10,1,1,1,1,1,6.74e-06,1,6.74e-06,6.74e-06,6.74e-06,7,1,7,7,7,3,1,3,3,3,4,1,4,4,4
5,10,1,1,1,1,1,6.76e-06,1,6.76e-06,6.76e-06,6.76e-06,7,1,7,7,7,3,1,3,3,3,4,1,4,4,4
5,10,0,1,0,0,0,6.356e-06,1,6.356e-06,6.356e-06,6.356e-06,6,1,6,6,6,2,1,2,2,2,5,1,5,5,5
5,10,1,1,1,1,1,5.812e-06,1,5.812e-06,5.812e-06,5.812e-06,6,1,6,6,6,3,1,3,3,3,4,1,4,4,4
5,10,0,1,0,0,0,6.308e-06,1,6.308e-06,6.308e-06,6.308e-06,6,1,6,6,6,2,1,2,2,2,5,1,5,5,5
5,10,0,1,0,0,0,6.326e-06,1,6.326e-06,6.326e-06,6.326e-06,6,1,6,6,6,2,1,2,2,2,5,1,5,5,5
5,10,1,1,1,1,1,6.776e-06,1,6.776e-06,6.776e-06,6.776e-06,7,1,7,7,7,3,1,3,3,3,4,1,4,4,4
5,10,3,1,3,3,3,7.917e-06,1,7.917e-06,7.917e-06,7.917e-06,8,1,8,8,8,3,1,3,3,3,4,1,4,4,4
5,10,2,1,2,2,2,7.802e-06,1,7.802e-06,7.802e-06,7.802e-06,8,1,8,8,8,3,1,3,3,3,4,1,4,4,4
5,10,1,1,1,1,1,6.8e-06,1,6.8e-06,6.8e-06,6.8e-06,7,1,7,7,7,3,1,3,3,3,4,1,4,4,4
5,10,0,1,0,0,0,6.329e-06,1,6.329e-06,6.329e-06,6.329e-06,6,1,6,6,6,2,1,2,2,2,5,1,5,5,5
5,10,1,1,1,1,1,6.728e-06,1,6.728e-06,6.728e-06,6.728e-06,7,1,7,7,7,3,1,3,3,3,4,1,4,4,4
5,10,0,1,0,0,0,6.351e-06,1,6.351e-06,6.351e-06,6.351e-06,6,1,6,6,6,2,1,2,2,2,5,1,5,5,5
5,10,1,1,1,1,1,5.854e-06,1,5.854e-06,5.854e-06,5.854e-06,6,1,6,6,6,3,1,3,3,3,4,1,4,4,4
5,10,1,1,1,1,1,5.81e-06,1,5.81e-06,5.81e-06,5.81e-06,6,1,6,6,6,3,1,3,3,3,4,1,4,4,4
5,10,1,1,1,1,1,6.747e-06,1,6.747e-06,6.747e-06,6.747e-06,6,1,6,6,6,3,1,3,3,3,4,1,4,4,4
5,10,1,1,1,1,1,7.075e-06,1,7.075e-06,7.075e-06,7.075e-06,6,1,6,6,6,3,1,3,3,3,4,1,4,4,4
5,10,3,1,3,3,3,9.743e-06,1,9.743e-06,9.743e-06,9.743e-06,7,1,7,7,7,3,1,3,3,3,4,1,4,4,4
5,10,1,1,1,1,1,7.424e-06,1,7.424e-06,7.424e-06,7.424e-06,6,1,6,6,6,3,1,3,3,3,4,1,4,4,4
5,10,3,1,3,3,3,8.14e-06,1,8.14e-06,8.14e-06,8.14e-06,6,1,6,6,6,3,1,3,3,3,4,1,4,4,4
5,10,1,1,1,1,1,7.205e-06,1,7.205e-06,7.205e-06,7.205e-06,6,1,6,6,6,3,1,3,3,3,4,1,4,4,4
5,10,0,1,0,0,0,7.634e-06,1,7.634e-06,7.634e-06,7.634e-06,6,1,6,6,6,2,1,2,2,2,5,1,5,5,5
5,10,2,1,2,2,2,8.329e-06,1,8.329e-06,8.329e-06,8.329e-06,7,1,7,7,7,3,1,3,3,3,4,1,4,4,4
5,10,1,1,1,1,1,8.066e-06,1,8.066e-06,8.066e-06,8.066e-06,7,1,7,7,7,3,1,3,3,3,4,1,4,4,4
5,10,0,1,0,0,0,7.668e-06,1,7.668e-06,7.668e-06,7.668e-06,6,1,6,6,6,2,1,2,2,2,5,1,5,5,5
5,10,0,1,0,0,0,7.783e-06,1,7.783e-06,7.783e-06,7.783e-06,6,1,6,6,6,2,1,2,2,2,5,1,5,5,5
5,10,1,1,1,1,1,8.949e-06,1,8.949e-06,8.949e-06,8.949e-06,7,1,7,7,7,3,1,3,3,3,4,1,4,4,4
5,10,3,1,3,3,3,6.99e-06,1,6.99e-06,6.99e-06,6.99e-06,7,1,7,7,7,3,1,3,3,3,4,1,4,4,4
5,10,1,1,1,1,1,6.932e-06,1,6.932e-06,6.932e-06,6.932e-06,7,1,7,7,7,3,1,3,3,3,4,1,4,4,4
5,10,0,1,0,0,0,6.371e-06,1,6.371e-06,6.371e-06,6.371e-06,6,1,6,6,6,2,1,2,2,2,5,1,5,5,5
5,10,1,1,1,1,1,6.806e-06,1,6.806e-06,6.806e-06,6.806e-06,7,1,7,7,7,3,1,3,3,3,4,1,4,4,4
5,10,1,1,1,1,1,6.833e-06,1,6.833e-06,6.833e-06,6.833e-06,7,1,7,7,7,3,1,3,3,3,4,1,4,4,4
5,10,1,1,1,1,1,5.824e-06,1,5.824e-06,5.824e-06,5.824e-06,6,1,6,6,6,3,1,3,3,3,4,1,4,4,4
5,10,2,1,2,2,2,7.89e-06,1,7.89e-06,7.89e-06,7.89e-06,8,1,8,8,8,3,1,3,3,3,4,1,4,4,4
5,10,0,1,0,0,0,6.351e-06,1,6.351e-06,6.351e-06,6.351e-06,6,1,6,6,6,2,1,2,2,2,5,1,5,5,5
5,10,1,1,1,1,1,6.803e-06,1,6.803e-06,6.803e-06,6.803e-06,7,1,7,7,7,3,1,3,3,3,4,1,4,4,4
5,10,3,1,3,3,3,7.891e-06,1,7.891e-06,7.891e-06,7.891e-06,8,1,8,8,8,3,1,3,3,3,4,1,4,4,4
5,10,3,1,3,3,3,6.785e-06,1,6.785e-06,6.785e-06,6.785e-06,7,1,7,7,7,3,1,3,3,3,3,1,3,3,3
5,10,1,1,1,1,1,5.953e-06,1,5.953e-06,5.953e-06,5.953e-06,6,1,6,6,6,3,1,3,3,3,4,1,4,4,4
5,10,2,1,2,2,2,7.833e-06,1,7.833e-06,7.833e-06,7.833e-06,8,1,8,8,8,3,1,3,3,3,4,1,4,4,4
5,10,1,1,1,1,1,5.862e-06,1,5.862e-06,5.862e-06,5.862e-06,6,1,6,6,6,3,1,3,3,3,4,1,4,4,4
5,10,0,1,0,0,0,6.384e-06,1,6.384e-06,6.384e-06,6.384e-06,6,1,6,6,6,2,1,2,2,2,5,1,5,5,5
5,10,1,1,1,1,1,6.851e-06,1,6.851e-06,6.851e-06,6.851e-06,7,1,7,7,7,3,1,3,3,3,4,1,4,4,4
5,10,0,1,0,0,0,6.39e-06,1,6.39e-06,6.39e-06,6.39e-06,6,1,6,6,6,2,1,2,2,2,5,1,5,5,5
5,10,0,1,0,0,0,6.301e-06,1,6.301e-06,6.301e-06,6.301e-06,6,1,6,6,6,2,1,2,2,2,5,1,5,5,5
5,10,0,1,0,0,0,6.343e-06,1,6.343e-06,6.343e-06,6.343e-06,6,1,6,6,6,2,1,2,2,2,5,1,5,5,5
5,10,1,1,1,1,1,5.808e-06,1,5.808e-06,5.808e-06,5.808e-06,6,1,6,6,6,3,1,3,3,3,4,1,4,4,4
5,10,2,1,2,2,2,6.609e-06,1,6.609e-06,6.609e-06,6.609e-06,7,1,7,7,7,3,1,3,3,3,4,1,4,4,4
5,10,0,1,0,0,0,6.328e-06,1,6.328e-06,6.328e-06,6.328e-06,6,1,6,6,6,2,1,2,2,2,5,1,5,5,5
5,10,0,1,0,0,0,6.316e-06,1,6.316e-06,6.316e-06,6.316e-06,6,1,6,6,6,2,1,2,2,2,5,1,5,5,5
5,10,2,1,2,2,2,6.458e-06,1,6.458e-06,6.458e-06,6.458e-06,7,1,7,7,7,3,1,3,3,3,3,1,3,3,3
5,10,0,1,0,0,0,6.325e-06,1,6.325e-06,6.325e-06,6.325e-06,6,1,6,6,6,2,1,2,2,2,5,1,5,5,5
5,10,1,1,1,1,1,6.817e-06,1,6.817e-06,6.817e-06,6.817e-06,7,1,7,7,7,3,1,3,3,3,4,1,4,4,4
5,10,0,1,0,0,0,6.339e-06,1,6.339e-06,6.339e-06,6.339e-06,6,1,6,6,6,2,1,2,2,2,5,1,5,5,5
5,10,1,1,1,1,1,5.786e-06,1,5.786e-06,5.786e-06,5.786e-06,6,1,6,6,6,3,1,3,3,3,4,1,4,4,4
5,10,1,1,1,1,1,6.785e-06,1,6.785e-06,6.785e-06,6.785e-06,7,1,7,7,7,3,1,3,3,3,4,1,4,4,4
5,10,0,1,0,0,0,6.336e-06,1,6.336e-06,6.336e-06,6.336e-06,6,1,6,6,6,2,1,2,2,2,5,1,5,5,5
5,10,1,1,1,1,1,5.827e-06,1,5.827e-06,5.827e-06,5.827e-06,6,1,6,6,6,3,1,3,3,3,4,1,4,4,4
5,10,1,1,1,1,1,5.807e-06,1,5.807e-06,5.807e-06,5.807e-06,6,1,6,6,6,3,1,3,3,3,4,1,4,4,4
5,10,4,1,4,4,4,9.497e-06,1,9.497e-06,9.497e-06,9.497e-06,9,1,9,9,9,3,1,3,3,3,5,1,5,5,5
5,10,2,1,2,2,2,7.645e-06,1,7.645e-06,7.645e-06,7.645e-06,8,1,8,8,8,3,1,3,3,3,4,1,4,4,4
5,10,0,1,0,0,0,6.33e-06,1,6.33e-06,6.33e-06,6.33e-06,6,1,6,6,6,2,1,2,2,2,5,1,5,5,5
5,10,0,1,0,0,0,6.324e-06,1,6.324e-06,6.324e-06,6.324e-06,6,1,6,6,6,2,1,2,2,2,5,1,5,5,5
5,10,1,1,1,1,1,5.834e-06,1,5.834e-06,5.834e-06,5.834e-06,6,1,6,6,6,3,1,3,3,3,4,1,4,4,4
5,10,0,1,0,0,0,6.283e-06,1,6.283e-06,6.283e-06,6.283e-06,6,1,6,6,6,2,1,2,2,2,5,1,5,5,5
5,10,0,1,0,0,0,6.322e-06,1,6.322e-06,6.322e-06,6.322e-06,6,1,6,6,6,2,1,2,2,2,5,1,5,5,5
5,10,1,1,1,1,1,6.822e-06,1,6.822e-06,6.822e-06,6.822e-06,7,1,7,7,7,3,1,3,3,3,4,1,4,4,4
5,10,2,1,2,2,2,6.744e-06,1,6.744e-06,6.744e-06,6.744e-06,7,1,7,7,7,3,1,3,3,3,4,1,4,4,4
5,10,2,1,2,2,2,6.085e-06,1,6.085e-06,6.085e-06,6.085e-06,6,1,6,6,6,3,1,3,3,3,4,1,4,4,4
5,10,2,1,2,2,2,7.832e-06,1,7.832e-06,7.832e-06,7.832e-06,8,1,8,8,8,3,1,3,3,3,4,1,4,4,4
5,10,1,1,1,1,1,5.849e-06,1,5.849e-06,5.849e-06,5.849e-06,6,1,6,6,6,3,1,3,3,3,4,1,4,4,4
5,10,1,1,1,1,1,5.79e-06,1,5.79e-06,5.79e-06,5.79e-06,6,1,6,6,6,3,1,3,3,3,4,1,4,4,4
5,10,1,1,1,1,1,6.845e-06,1,6.845e-06,6.845e-06,6.845e-06,7,1,7,7,7,3,1,3,3,3,4,1,4,4,4
5,10,0,1,0,0,0,6.364e-06,1,6.364e-06,6.364e-06,6.364e-06,6,1,6,6,6,2,1,2,2,2,5,1,5,5,5
5,10,4,1,4,4,4,7.837e-06,1,7.837e-06,7.837e-06,7.837e-06,8,1,8,8,8,3,1,3,3,3,4,1,4,4,4
5,10,1,1,1,1,1,6.824e-06,1,6.824e-06,6.824e-06,6.824e-06,7,1,7,7,7,3,1,3,3,3,4,1,4,4,4
5,10,1,1,1,1,1,5.847e-06,1,5.847e-06,5.847e-06,5.847e-06,6,1,6,6,6,3,1,3,3,3,4,1,4,4,4
5,10,2,1,2,2,2,7.648e-06,1,7.648e-06,7.648e-06,7.648e-06,8,1,8,8,8,3,1,3,3,3,4,1,4,4,4
5,10,1,1,1,1,1,5.819e-06,1,5.819e-06,5.819e-06,5.819e-06,6,1,6,6,6,3,1,3,3,3,4,1,4,4,4
5,10,2,1,2,2,2,6.533e-06,1,6.533e-06,6.533e-06,6.533e-06,7,1,7,7,7,3,1,3,3,3,3,1,3,3,3
5,10,0,1,0,0,0,6.387e-06,1,6.387e-06,6.387e-06,6.387e-06,6,1,6,6,6,2,1,2,2,2,5,1,5,5,5
5,10,2,1,2,2,2,6.456e-06,1,6.456e-06,6.456e-06,6.456e-06,7,1,7,7,7,3,1,3,3,3,4,1,4,4,4
5,10,1,1,1,1,1,5.808e-06,1,5.808e-06,5.808e-06,5.808e-06,6,1,6,6,6,3,1,3,3,3,4,1,4,4,4
5,10,1,1,1,1,1,6.791e-06,1,6.791e-06,6.791e-06,6.791e-06,7,1,7,7,7,3,1,3,3,3,4,1,4,4,4
5,10,0,1,0,0,0,6.326e-06,1,6.326e-06,6.326e-06,6.326e-06,6,1,6,6,6,2,1,2,2,2,5,1,5,5,5
5,10,0,1,0,0,0,6.308e-06,1,6.308e-06,6.308e-06,6.308e-06,6,1,6,6,6,2,1,2,2,2,5,1,5,5,5
5,10,1,1,1,1,1,5.753e-06,1,5.753e-06,5.753e-06,5.753e-06,6,1,6,6,6,3,1,3,3,3,4,1,4,4,4
5,10,1,1,1,1,1,6.822e-06,1,6.822e-06,6.822e-06,6.822e-06,7,1,7,7,7,3,1,3,3,3,4,1,4,4,4
5,10,2,1,2,2,2,7.827e-06,1,7.827e-06,7.827e-06,7.827e-06,8,1,8,8,8,3,1,3,3,3,4,1,4,4,4
5,10,2,1,2,2,2,7.056e-06,1,7.056e-06,7.056e-06,7.056e-06,7,1,7,7,7,3,1,3,3,3,4,1,4,4,4
5,10,0,1,0,0,0,6.349e-06,1,6.349e-06,6.349e-06,6.349e-06,6,1,6,6,6,2,1,2,2,2,5,1,5,5,5
5,10,2,1,2,2,2,6.943e-06,1,6.943e-06,6.943e-06,6.943e-06,7,1,7,7,7,3,1,3,3,3,4,1,4,4,4
5,10,3,1,3,3,3,7.583e-06,1,7.583e-06,7.583e-06,7.583e-06,8,1,8,8,8,3,1,3,3,3,3,1,3,3,3
5,10,2,1,2,2,2,6.851e-06,1,6.851e-06,6.851e-06,6.851e-06,7,1,7,7,7,3,1,3,3,3,4,1,4,4,4
5,10,2,1,2,2,2,6.834e-06,1,6.834e-06,6.834e-06,6.834e-06,7,1,7,7,7,3,1,3,3,3,4,1,4,4,4
5,10,1,1,1,1,1,6.885e-06,1,6.885e-06,6.885e-06,6.885e-06,7,1,7,7,7,3,1,3,3,3,4,1,4,4,4
5,10,1,1,1,1,1,6.791e-06,1,6.791e-06,6.791e-06,6.791e-06,7,1,7,7,7,3,1,3,3,3,4,1,4,4,4
5,10,1,1,1,1,1,5.835e-06,1,5.835e-06,5.835e-06,5.835e-06,6,1,6,6,6,3,1,3,3,3,4,1,4,4,4
5,10,0,1,0,0,0,6.324e-06,1,6.324e-06,6.324e-06,6.324e-06,6,1,6,6,6,2,1,2,2,2,5,1,5,5,5
5,10,0,1,0,0,0,6.342e-06,1,6.342e-06,6.342e-06,6.342e-06,6,1,6,6,6,2,1,2,2,2,5,1,5,5,5
5,10,1,1,1,1,1,6.81e-06,1,6.81e-06,6.81e-06,6.81e-06,7,1,7,7,7,3,1,3,3,3,4,1,4,4,4
5,10,1,1,1,1,1,5.835e-06,1,5.835e-06,5.835e-06,5.835e-06,6,1,6,6,6,3,1,3,3,3,4,1,4,4,4
5,10,1,1,1,1,1,6.834e-06,1,6.834e-06,6.834e-06,6.834e-06,7,1,7,7,7,3,1,3,3,3,4,1,4,4,4
5,10,0,1,0,0,0,6.329e-06,1,6.329e-06,6.329e-06,6.329e-06,6,1,6,6,6,2,1,2,2,2,5,1,5,5,5
5,10,1,1,1,1,1,5.868e-06,1,5.868e-06,5.868e-06,5.868e-06,6,1,6,6,6,3,1,3,3,3,4,1,4,4,4
5,10,2,1,2,2,2,7.831e-06,1,7.831e-06,7.831e-06,7.831e-06,8,1,8,8,8,3,1,3,3,3,4,1,4,4,4
5,10,0,1,0,0,0,6.331e-06,1,6.331e-06,6.331e-06,6.331e-06,6,1,6,6,6,2,1,2,2,2,5,1,5,5,5
5,10,2,1,2,2,2,6.53e-06,1,6.53e-06,6.53e-06,6.53e-06,7,1,7,7,7,3,1,3,3,3,4,1,4,4,4
5,10,2,1,2,2,2,7.727e-06,1,7.727e-06,7.727e-06,7.727e-06,8,1,8,8,8,3,1,3,3,3,4,1,4,4,4
5,10,0,1,0,0,0,6.346e-06,1,6.346e-06,6.346e-06,6.346e-06,6,1,6,6,6,2,1,2,2,2,5,1,5,5,5
5,10,1,1,1,1,1,6.79e-06,1,6.79e-06,6.79e-06,6.79e-06,7,1,7,7,7,3,1,3,3,3,4,1,4,4,4
5,10,1,1,1,1,1,6.744e-06,1,6.744e-06,6.744e-06,6.744e-06,7,1,7,7,7,3,1,3,3,3,4,1,4,4,4
5,10,0,1,0,0,0,6.351e-06,1,6.351e-06,6.351e-06,6.351e-06,6,1,6,6,6,2,1,2,2,2,5,1,5,5,5
5,10,2,1,2,2,2,6.708e-06,1,6.708e-06,6.708e-06,6.708e-06,7,1,7,7,7,3,1,3,3,3,3,1,3,3,3
5,10,1,1,1,1,1,6.843e-06,1,6.843e-06,6.843e-06,6.843e-06,7,1,7,7,7,3,1,3,3,3,4,1,4,4,4
5,10,1,1,1,1,1,5.811e-06,1,5.811e-06,5.811e-06,5.811e-06,6,1,6,6,6,3,1,3,3,3,4,1,4,4,4
5,10,0,1,0,0,0,6.397e-06,1,6.397e-06,6.397e-06,6.397e-06,6,1,6,6,6,2,1,2,2,2,5,1,5,5,5
5,10,2,1,2,2,2,6.506e-06,1,6.506e-06,6.506e-06,6.506e-06,7,1,7,7,7,3,1,3,3,3,3,1,3,3,3
5,10,0,1,0,0,0,6.334e-06,1,6.334e-06,6.334e-06,6.334e-06,6,1,6,6,6,2,1,2,2,2,5,1,5,5,5
5,10,0,1,0,0,0,6.347e-06,1,6.347e-06,6.347e-06,6.347e-06,6,1,6,6,6,2,1,2,2,2,5,1,5,5,5
5,10,0,1,0,0,0,6.286e-06,1,6.286e-06,6.286e-06,6.286e-06,6,1,6,6,6,2,1,2,2,2,5,1,5,5,5
5,10,2,1,2,2,2,6.971e-06,1,6.971e-06,6.971e-06,6.971e-06,7,1,7,7,7,3,1,3,3,3,4,1,4,4,4
5,10,0,1,0,0,0,6.507e-06,1,6.507e-06,6.507e-06,6.507e-06,6,1,6,6,6,2,1,2,2,2,5,1,5,5,5
5,10,1,1,1,1,1,5.896e-06,1,5.896e-06,5.896e-06,5.896e-06,6,1,6,6,6,3,1,3,3,3,4,1,4,4,4
5,10,1,1,1,1,1,5.799e-06,1,5.799e-06,5.799e-06,5.799e-06,6,1,6,6,6,3,1,3,3,3,4,1,4,4,4
5,10,1,1,1,1,1,5.817e-06,1,5.817e-06,5.817e-06,5.817e-06,6,1,6,6,6,3,1,3,3,3,4,1,4,4,4
5,10,0,1,0,0,0,6.371e-06,1,6.371e-06,6.371e-06,6.371e-06,6,1,6,6,6,2,1,2,2,2,5,1,5,5,5
5,10,2,1,2,2,2,7.827e-06,1,7.827e-06,7.827e-06,7.827e-06,8,1,8,8,8,3,1,3,3,3,4,1,4,4,4
5,10,1,1,1,1,1,5.804e-06,1,5.804e-06,5.804e-06,5.804e-06,6,1,6,6,6,3,1,3,3,3,4,1,4,4,4
5,10,0,1,0,0,0,6.351e-06,1,6.351e-06,6.351e-06,6.351e-06,6,1,6,6,6,2,1,2,2,2,5,1,5,5,5
5,10,0,1,0,0,0,6.321e-06,1,6.321e-06,6.321e-06,6.321e-06,6,1,6,6,6,2,1,2,2,2,5,1,5,5,5
5,10,1,1,1,1,1,5.794e-06,1,5.794e-06,5.794e-06,5.794e-06,6,1,6,6,6,3,1,3,3,3,4,1,4,4,4
5,10,0,1,0,0,0,6.333e-06,1,6.333e-06,6.333e-06,6.333e-06,6,1,6,6,6,2,1,2,2,2,5,1,5,5,5
5,10,0,1,0,0,0,6.296e-06,1,6.296e-06,6.296e-06,6.296e-06,6,1,6,6,6,2,1,2,2,2,5,1,5,5,5
5,10,1,1,1,1,1,5.844e-06,1,5.844e-06,5.844e-06,5.844e-06,6,1,6,6,6,3,1,3,3,3,4,1,4,4,4
5,10,0,1,0,0,0,6.353e-06,1,6.353e-06,6.353e-06,6.353e-06,6,1,6,6,6,2,1,2,2,2,5,1,5,5,5
5,10,0,1,0,0,0,6.333e-06,1,6.333e-06,6.333e-06,6.333e-06,6,1,6,6,6,2,1,2,2,2,5,1,5,5,5
5,10,0,1,0,0,0,6.315e-06,1,6.315e-06,6.315e-06,6.315e-06,6,1,6,6,6,2,1,2,2,2,5,1,5,5,5
5,10,0,1,0,0,0,6.368e-06,1,6.368e-06,6.368e-06,6.368e-06,6,1,6,6,6,2,1,2,2,2,5,1,5,5,5
5,10,2,1,2,2,2,6.69e-06,1,6.69e-06,6.69e-06,6.69e-06,7,1,7,7,7,3,1,3,3,3,4,1,4,4,4
5,10,1,1,1,1,1,6.773e-06,1,6.773e-06,6.773e-06,6.773e-06,7,1,7,7,7,3,1,3,3,3,4,1,4,4,4
5,10,0,1,0,0,0,6.354e-06,1,6.354e-06,6.354e-06,6.354e-06,6,1,6,6,6,2,1,2,2,2,5,1,5,5,5
5,10,0,1,0,0,0,6.334e-06,1,6.334e-06,6.334e-06,6.334e-06,6,1,6,6,6,2,1,2,2,2,5,1,5,5,5
5,10,1,1,1,1,1,5.858e-06,1,5.858e-06,5.858e-06,5.858e-06,6,1,6,6,6,3,1,3,3,3,4,1,4,4,4
5,10,0,1,0,0,0,6.324e-06,1,6.324e-06,6.324e-06,6.324e-06,6,1,6,6,6,2,1,2,2,2,5,1,5,5,5
5,10,2,1,2,2,2,6.663e-06,1,6.663e-06,6.663e-06,6.663e-06,7,1,7,7,7,3,1,3,3,3,4,1,4,4,4
5,10,0,1,0,0,0,6.308e-06,1,6.308e-06,6.308e-06,6.308e-06,6,1,6,6,6,2,1,2,2,2,5,1,5,5,5
5,10,1,1,1,1,1,6.8e-06,1,6.8e-06,6.8e-06,6.8e-06,7,1,7,7,7,3,1,3,3,3,4,1,4,4,4
5,10,1,1,1,1,1,5.864e-06,1,5.864e-06,5.864e-06,5.864e-06,6,1,6,6,6,3,1,3,3,3,4,1,4,4,4
5,10,0,1,0,0,0,6.39e-06,1,6.39e-06,6.39e-06,6.39e-06,6,1,6,6,6,2,1,2,2,2,5,1,5,5,5
5,10,2,1,2,2,2,6.508e-06,1,6.508e-06,6.508e-06,6.508e-06,7,1,7,7,7,3,1,3,3,3,3,1,3,3,3
5,10,0,1,0,0,0,6.322e-06,1,6.322e-06,6.322e-06,6.322e-06,6,1,6,6,6,2,1,2,2,2,5,1,5,5,5
5,10,1,1,1,1,1,6.77e-06,1,6.77e-06,6.77e-06,6.77e-06,7,1,7,7,7,3,1,3,3,3,4,1,4,4,4
5,10,1,1,1,1,1,6.771e-06,1,6.771e-06,6.771e-06,6.771e-06,7,1,7,7,7,3,1,3,3,3,4,1,4,4,4
5,10,0,1,0,0,0,6.346e-06,1,6.346e-06,6.346e-06,6.346e-06,6,1,6,6,6,2,1,2,2,2,5,1,5,5,5
5,10,2,1,2,2,2,6.925e-06,1,6.925e-06,6.925e-06,6.925e-06,7,1,7,7,7,3,1,3,3,3,4,1,4,4,4
5,10,0,1,0,0,0,6.317e-06,1,6.317e-06,6.317e-06,6.317e-06,6,1,6,6,6,2,1,2,2,2,5,1,5,5,5
5,10,1,1,1,1,1,6.775e-06,1,6.775e-06,6.775e-06,6.775e-06,7,1,7,7,7,3,1,3,3,3,4,1,4,4,4
5,10,4,1,4,4,4,8.862e-06,1,8.862e-06,8.862e-06,8.862e-06,9,1,9,9,9,3,1,3,3,3,4,1,4,4,4
5,10,1,1,1,1,1,5.879e-06,1,5.879e-06,5.879e-06,5.879e-06,6,1,6,6,6,3,1,3,3,3,4,1,4,4,4
5,10,1,1,1,1,1,5.808e-06,1,5.808e-06,5.808e-06,5.808e-06,6,1,6,6,6,3,1,3,3,3,4,1,4,4,4
5,10,2,1,2,2,2,7.642e-06,1,7.642e-06,7.642e-06,7.642e-06,8,1,8,8,8,3,1,3,3,3,4,1,4,4,4
5,10,2,1,2,2,2,7.494e-06,1,7.494e-06,7.494e-06,7.494e-06,8,1,8,8,8,3,1,3,3,3,4,1,4,4,4
5,10,0,1,0,0,0,6.391e-06,1,6.391e-06,6.391e-06,6.391e-06,6,1,6,6,6,2,1,2,2,2,5,1,5,5,5
5,10,2,1,2,2,2,6.208e-06,1,6.208e-06,6.208e-06,6.208e-06,6,1,6,6,6,3,1,3,3,3,4,1,4,4,4
5,10,1,1,1,1,1,6.781e-06,1,6.781e-06,6.781e-06,6.781e-06,7,1,7,7,7,3,1,3,3,3,4,1,4,4,4
5,10,1,1,1,1,1,6.844e-06,1,6.844e-06,6.844e-06,6.844e-06,7,1,7,7,7,3,1,3,3,3,4,1,4,4,4
5,10,1,1,1,1,1,5.858e-06,1,5.858e-06,5.858e-06,5.858e-06,6,1,6,6,6,3,1,3,3,3,4,1,4,4,4
5,10,1,1,1,1,1,6.79e-06,1,6.79e-06,6.79e-06,6.79e-06,7,1,7,7,7,3,1,3,3,3,4,1,4,4,4
5,10,0,1,0,0,0,6.402e-06,1,6.402e-06,6.402e-06,6.402e-06,6,1,6,6,6,2,1,2,2,2,5,1,5,5,5
5,10,0,1,0,0,0,6.36e-06,1,6.36e-06,6.36e-06,6.36e-06,6,1,6,6,6,2,1,2,2,2,5,1,5,5,5
5,10,3,1,3,3,3,8.082e-06,1,8.082e-06,8.082e-06,8.082e-06,8,1,8,8,8,3,1,3,3,3,4,1,4,4,4
5,10,0,1,0,0,0,6.345e-06,1,6.345e-06,6.345e-06,6.345e-06,6,1,6,6,6,2,1,2,2,2,5,1,5,5,5
5,10,2,1,2,2,2,6.847e-06,1,6.847e-06,6.847e-06,6.847e-06,7,1,7,7,7,3,1,3,3,3,4,1,4,4,4
5,10,0,1,0,0,0,6.367e-06,1,6.367e-06,6.367e-06,6.367e-06,6,1,6,6,6,2,1,2,2,2,5,1,5,5,5
5,10,1,1,1,1,1,6.9e-06,1,6.9e-06,6.9e-06,6.9e-06,7,1,7,7,7,3,1,3,3,3,4,1,4,4,4
5,10,1,1,1,1,1,6.807e-06,1,6.807e-06,6.807e-06,6.807e-06,7,1,7,7,7,3,1,3,3,3,4,1,4,4,4
5,10,0,1,0,0,0,6.403e-06,1,6.403e-06,6.403e-06,6.403e-06,6,1,6,6,6,2,1,2,2,2,5,1,5,5,5
5,10,0,1,0,0,0,6.333e-06,1,6.333e-06,6.333e-06,6.333e-06,6,1,6,6,6,2,1,2,2,2,5,1,5,5,5
5,10,1,1,1,1,1,6.882e-06,1,6.882e-06,6.882e-06,6.882e-06,7,1,7,7,7,3,1,3,3,3,4,1,4,4,4
5,10,1,1,1,1,1,6.813e-06,1,6.813e-06,6.813e-06,6.813e-06,7,1,7,7,7,3,1,3,3,3,4,1,4,4,4
5,10,1,1,1,1,1,6.78e-06,1,6.78e-06,6.78e-06,6.78e-06,7,1,7,7,7,3,1,3,3,3,4,1,4,4,4
5,10,0,1,0,0,0,6.362e-06,1,6.362e-06,6.362e-06,6.362e-06,6,1,6,6,6,2,1,2,2,2,5,1,5,5,5
5,10,3,1,3,3,3,8.087e-06,1,8.087e-06,8.087e-06,8.087e-06,8,1,8,8,8,3,1,3,3,3,4,1,4,4,4
5,10,0,1,0,0,0,6.375e-06,1,6.375e-06,6.375e-06,6.375e-06,6,1,6,6,6,2,1,2,2,2,5,1,5,5,5
5,10,1,1,1,1,1,5.834e-06,1,5.834e-06,5.834e-06,5.834e-06,6,1,6,6,6,3,1,3,3,3,4,1,4,4,4
5,10,0,1,0,0,0,6.359e-06,1,6.359e-06,6.359e-06,6.359e-06,6,1,6,6,6,2,1,2,2,2,5,1,5,5,5
5,10,2,1,2,2,2,7.775e-06,1,7.775e-06,7.775e-06,7.775e-06,8,1,8,8,8,3,1,3,3,3,4,1,4,4,4
5,10,0,1,0,0,0,6.36e-06,1,6.36e-06,6.36e-06,6.36e-06,6,1,6,6,6,2,1,2,2,2,5,1,5,5,5
5,10,0,1,0,0,0,6.33e-06,1,6.33e-06,6.33e-06,6.33e-06,6,1,6,6,6,2,1,2,2,2,5,1,5,5,5
5,10,2,1,2,2,2,6.531e-06,1,6.531e-06,6.531e-06,6.531e-06,7,1,7,7,7,3,1,3,3,3,3,1,3,3,3
5,10,1,1,1,1,1,6.791e-06,1,6.791e-06,6.791e-06,6.791e-06,7,1,7,7,7,3,1,3,3,3,4,1,4,4,4
5,10,2,1,2,2,2,7.512e-06,1,7.512e-06,7.512e-06,7.512e-06,8,1,8,8,8,3,1,3,3,3,3,1,3,3,3
5,10,2,1,2,2,2,7.811e-06,1,7.811e-06,7.811e-06,7.811e-06,8,1,8,8,8,3,1,3,3,3,4,1,4,4,4
5,10,0,1,0,0,0,6.346e-06,1,6.346e-06,6.346e-06,6.346e-06,6,1,6,6,6,2,1,2,2,2,5,1,5,5,5
5,10,1,1,1,1,1,5.862e-06,1,5.862e-06,5.862e-06,5.862e-06,6,1,6,6,6,3,1,3,3,3,4,1,4,4,4
5,10,1,1,1,1,1,6.829e-06,1,6.829e-06,6.829e-06,6.829e-06,7,1,7,7,7,3,1,3,3,3,4,1,4,4,4
5,10,2,1,2,2,2,6.667e-06,1,6.667e-06,6.667e-06,6.667e-06,7,1,7,7,7,3,1,3,3,3,4,1,4,4,4
5,10,0,1,0,0,0,6.363e-06,1,6.363e-06,6.363e-06,6.363e-06,6,1,6,6,6,2,1,2,2,2,5,1,5,5,5
5,10,1,1,1,1,1,5.856e-06,1,5.856e-06,5.856e-06,5.856e-06,6,1,6,6,6,3,1,3,3,3,4,1,4,4,4
5,10,1,1,1,1,1,6.778e-06,1,6.778e-06,6.778e-06,6.778e-06,7,1,7,7,7,3,1,3,3,3,4,1,4,4,4
5,10,3,1,3,3,3,8.033e-06,1,8.033e-06,8.033e-06,8.033e-06,8,1,8,8,8,3,1,3,3,3,4,1,4,4,4
5,10,1,1,1,1,1,5.86e-06,1,5.86e-06,5.86e-06,5.86e-06,6,1,6,6,6,3,1,3,3,3,4,1,4,4,4
5,10,0,1,0,0,0,6.332e-06,1,6.332e-06,6.332e-06,6.332e-06,6,1,6,6,6,2,1,2,2,2,5,1,5,5,5
5,10,1,1,1,1,1,6.795e-06,1,6.795e-06,6.795e-06,6.795e-06,7,1,7,7,7,3,1,3,3,3,4,1,4,4,4
5,10,3,1,3,3,3,7.922e-06,1,7.922e-06,7.922e-06,7.922e-06,8,1,8,8,8,3,1,3,3,3,4,1,4,4,4
5,10,0,1,0,0,0,6.357e-06,1,6.357e-06,6.357e-06,6.357e-06,6,1,6,6,6,2,1,2,2,2,5,1,5,5,5
5,10,0,1,0,0,0,6.352e-06,1,6.352e-06,6.352e-06,6.352e-06,6,1,6,6,6,2,1,2,2,2,5,1,5,5,5
5,10,1,1,1,1,1,5.83e-06,1,5.83e-06,5.83e-06,5.83e-06,6,1,6,6,6,3,1,3,3,3,4,1,4,4,4
5,10,1,1,1,1,1,6.88e-06,1,6.88e-06,6.88e-06,6.88e-06,7,1,7,7,7,3,1,3,3,3,4,1,4,4,4
5,10,2,1,2,2,2,6.969e-06,1,6.969e-06,6.969e-06,6.969e-06,7,1,7,7,7,3,1,3,3,3,4,1,4,4,4
5,10,1,1,1,1,1,6.747e-06,1,6.747e-06,6.747e-06,6.747e-06,7,1,7,7,7,3,1,3,3,3,4,1,4,4,4
5,10,1,1,1,1,1,6.835e-06,1,6.835e-06,6.835e-06,6.835e-06,7,1,7,7,7,3,1,3,3,3,4,1,4,4,4
5,10,0,1,0,0,0,6.424e-06,1,6.424e-06,6.424e-06,6.424e-06,6,1,6,6,6,2,1,2,2,2,5,1,5,5,5
5,10,4,1,4,4,4,8.514e-06,1,8.514e-06,8.514e-06,8.514e-06,9,1,9,9,9,3,1,3,3,3,4,1,4,4,4
5,10,0,1,0,0,0,6.364e-06,1,6.364e-06,6.364e-06,6.364e-06,6,1,6,6,6,2,1,2,2,2,5,1,5,5,5
5,10,4,1,4,4,4,7.864e-06,1,7.864e-06,7.864e-06,7.864e-06,8,1,8,8,8,4,1,4,4,4,2,1,2,2,2
5,10,1,1,1,1,1,6.838e-06,1,6.838e-06,6.838e-06,6.838e-06,7,1,7,7,7,3,1,3,3,3,4,1,4,4,4
5,10,4,1,4,4,4,1.0227e-05,1,1.0227e-05,1.0227e-05,1.0227e-05,10,1,10,10,10,4,1,4,4,4,3,1,3,3,3
5,10,1,1,1,1,1,5.857e-06,1,5.857e-06,5.857e-06,5.857e-06,6,1,6,6,6,3,1,3,3,3,4,1,4,4,4
5,10,0,1,0,0,0,6.348e-06,1,6.348e-06,6.348e-06,6.348e-06,6,1,6,6,6,2,1,2,2,2,5,1,5,5,5
5,10,3,1,3,3,3,9.245e-06,1,9.245e-06,9.245e-06,9.245e-06,9,1,9,9,9,3,1,3,3,3,4,1,4,4,4
5,10,2,1,2,2,2,7.564e-06,1,7.564e-06,7.564e-06,7.564e-06,8,1,8,8,8,3,1,3,3,3,4,1,4,4,4
5,10,1,1,1,1,1,6.886e-06,1,6.886e-06,6.886e-06,6.886e-06,7,1,7,7,7,3,1,3,3,3,4,1,4,4,4
5,10,0,1,0,0,0,6.418e-06,1,6.418e-06,6.418e-06,6.418e-06,6,1,6,6,6,2,1,2,2,2,5,1,5,5,5
5,10,0,1,0,0,0,6.35e-06,1,6.35e-06,6.35e-06,6.35e-06,6,1,6,6,6,2,1,2,2,2,5,1,5,5,5
5,10,0,1,0,0,0,6.326e-06,1,6.326e-06,6.326e-06,6.326e-06,6,1,6,6,6,2,1,2,2,2,5,1,5,5,5
5,10,1,1,1,1,1,6.776e-06,1,6.776e-06,6.776e-06,6.776e-06,7,1,7,7,7,3,1,3,3,3,4,1,4,4,4
5,10,1,1,1,1,1,6.746e-06,1,6.746e-06,6.746e-06,6.746e-06,7,1,7,7,7,3,1,3,3,3,4,1,4,4,4
5,10,0,1,0,0,0,6.358e-06,1,6.358e-06,6.358e-06,6.358e-06,6,1,6,6,6,2,1,2,2,2,5,1,5,5,5
5,10,1,1,1,1,1,6.772e-06,1,6.772e-06,6.772e-06,6.772e-06,7,1,7,7,7,3,1,3,3,3,4,1,4,4,4
5,10,1,1,1,1,1,6.792e-06,1,6.792e-06,6.792e-06,6.792e-06,7,1,7,7,7,3,1,3,3,3,4,1,4,4,4
5,10,0,1,0,0,0,6.386e-06,1,6.386e-06,6.386e-06,6.386e-06,6,1,6,6,6,2,1,2,2,2,5,1,5,5,5
5,10,3,1,3,3,3,8.643e-06,1,8.643e-06,8.643e-06,8.643e-06,9,1,9,9,9,3,1,3,3,3,4,1,4,4,4
5,10,1,1,1,1,1,6.775e-06,1,6.775e-06,6.775e-06,6.775e-06,7,1,7,7,7,3,1,3,3,3,4,1,4,4,4
5,10,1,1,1,1,1,5.806e-06,1,5.806e-06,5.806e-06,5.806e-06,6,1,6,6,6,3,1,3,3,3,4,1,4,4,4
5,10,0,1,0,0,0,6.358e-06,1,6.358e-06,6.358e-06,6.358e-06,6,1,6,6,6,2,1,2,2,2,5,1,5,5,5
5,10,3,1,3,3,3,8.128e-06,1,8.128e-06,8.128e-06,8.128e-06,8,1,8,8,8,3,1,3,3,3,4,1,4,4,4
5,10,2,1,2,2,2,6.563e-06,1,6.563e-06,6.563e-06,6.563e-06,7,1,7,7,7,3,1,3,3,3,3,1,3,3,3
5,10,1,1,1,1,1,6.863e-06,1,6.863e-06,6.863e-06,6.863e-06,7,1,7,7,7,3,1,3,3,3,4,1,4,4,4
5,10,1,1,1,1,1,6.764e-06,1,6.764e-06,6.764e-06,6.764e-06,7,1,7,7,7,3,1,3,3,3,4,1,4,4,4
5,10,1,1,1,1,1,5.804e-06,1,5.804e-06,5.804e-06,5.804e-06,6,1,6,6,6,3,1,3,3,3,4,1,4,4,4
5,10,1,1,1,1,1,5.866e-06,1,5.866e-06,5.866e-06,5.866e-06,6,1,6,6,6,3,1,3,3,3,4,1,4,4,4
5,10,0,1,0,0,0,6.402e-06,1,6.402e-06,6.402e-06,6.402e-06,6,1,6,6,6,2,1,2,2,2,5,1,5,5,5
5,10,1,1,1,1,1,5.839e-06,1,5.839e-06,5.839e-06,5.839e-06,6,1,6,6,6,3,1,3,3,3,4,1,4,4,4
5,10,1,1,1,1,1,5.832e-06,1,5.832e-06,5.832e-06,5.832e-06,6,1,6,6,6,3,1,3,3,3,4,1,4,4,4
5,10,1,1,1,1,1,5.825e-06,1,5.825e-06,5.825e-06,5.825e-06,6,1,6,6,6,3,1,3,3,3,4,1,4,4,4
5,10,0,1,0,0,0,6.315e-06,1,6.315e-06,6.315e-06,6.315e-06,6,1,6,6,6,2,1,2,2,2,5,1,5,5,5
5,10,4,1,4,4,4,8.306e-06,1,8.306e-06,8.306e-06,8.306e-06,9,1,9,9,9,3,1,3,3,3,4,1,4,4,4
5,10,1,1,1,1,1,6.886e-06,1,6.886e-06,6.886e-06,6.886e-06,7,1,7,7,7,3,1,3,3,3,4,1,4,4,4
5,10,2,1,2,2,2,6.547e-06,1,6.547e-06,6.547e-06,6.547e-06,7,1,7,7,7,3,1,3,3,3,4,1,4,4,4
5,10,0,1,0,0,0,6.338e-06,1,6.338e-06,6.338e-06,6.338e-06,6,1,6,6,6,2,1,2,2,2,5,1,5,5,5
5,10,2,1,2,2,2,6.514e-06,1,6.514e-06,6.514e-06,6.514e-06,7,1,7,7,7,3,1,3,3,3,3,1,3,3,3
5,10,0,1,0,0,0,6.356e-06,1,6.356e-06,6.356e-06,6.356e-06,6,1,6,6,6,2,1,2,2,2,5,1,5,5,5
5,10,0,1,0,0,0,6.3e-06,1,6.3e-06,6.3e-06,6.3e-06,6,1,6,6,6,2,1,2,2,2,5,1,5,5,5
5,10,0,1,0,0,0,6.308e-06,1,6.308e-06,6.308e-06,6.308e-06,6,1,6,6,6,2,1,2,2,2,5,1,5,5,5
5,10,2,1,2,2,2,7.81e-06,1,7.81e-06,7.81e-06,7.81e-06,8,1,8,8,8,3,1,3,3,3,4,1,4,4,4
5,10,1,1,1,1,1,5.81e-06,1,5.81e-06,5.81e-06,5.81e-06,6,1,6,6,6,3,1,3,3,3,4,1,4,4,4
5,10,1,1,1,1,1,5.796e-06,1,5.796e-06,5.796e-06,5.796e-06,6,1,6,6,6,3,1,3,3,3,4,1,4,4,4
5,10,1,1,1,1,1,5.799e-06,1,5.799e-06,5.799e-06,5.799e-06,6,1,6,6,6,3,1,3,3,3,4,1,4,4,4
5,10,0,1,0,0,0,6.396e-06,1,6.396e-06,6.396e-06,6.396e-06,6,1,6,6,6,2,1,2,2,2,5,1,5,5,5
5,10,0,1,0,0,0,6.281e-06,1,6.281e-06,6.281e-06,6.281e-06,6,1,6,6,6,2,1,2,2,2,5,1,5,5,5
5,10,1,1,1,1,1,6.841e-06,1,6.841e-06,6.841e-06,6.841e-06,7,1,7,7,7,3,1,3,3,3,4,1,4,4,4
5,10,2,1,2,2,2,7.086e-06,1,7.086e-06,7.086e-06,7.086e-06,7,1,7,7,7,3,1,3,3,3,4,1,4,4,4
5,10,0,1,0,0,0,6.383e-06,1,6.383e-06,6.383e-06,6.383e-06,6,1,6,6,6,2,1,2,2,2,5,1,5,5,5
5,10,3,1,3,3,3,7.963e-06,1,7.963e-06,7.963e-06,7.963e-06,8,1,8,8,8,3,1,3,3,3,4,1,4,4,4
5,10,2,1,2,2,2,7.526e-06,1,7.526e-06,7.526e-06,7.526e-06,8,1,8,8,8,3,1,3,3,3,3,1,3,3,3
5,10,4,1,4,4,4,8.801e-06,1,8.801e-06,8.801e-06,8.801e-06,9,1,9,9,9,3,1,3,3,3,4,1,4,4,4
5,10,0,1,0,0,0,6.45e-06,1,6.45e-06,6.45e-06,6.45e-06,6,1,6,6,6,2,1,2,2,2,5,1,5,5,5
5,10,0,1,0,0,0,6.381e-06,1,6.381e-06,6.381e-06,6.381e-06,6,1,6,6,6,2,1,2,2,2,5,1,5,5,5
5,10,0,1,0,0,0,6.367e-06,1,6.367e-06,6.367e-06,6.367e-06,6,1,6,6,6,2,1,2,2,2,5,1,5,5,5
5,10,2,1,2,2,2,6.549e-06,1,6.549e-06,6.549e-06,6.549e-06,7,1,7,7,7,3,1,3,3,3,3,1,3,3,3
5,10,0,1,0,0,0,6.301e-06,1,6.301e-06,6.301e-06,6.301e-06,6,1,6,6,6,2,1,2,2,2,5,1,5,5,5
5,10,1,1,1,1,1,5.816e-06,1,5.816e-06,5.816e-06,5.816e-06,6,1,6,6,6,3,1,3,3,3,4,1,4,4,4
5,10,1,1,1,1,1,5.899e-06,1,5.899e-06,5.899e-06,5.899e-06,6,1,6,6,6,3,1,3,3,3,4,1,4,4,4
5,10,2,1,2,2,2,7.838e-06,1,7.838e-06,7.838e-06,7.838e-06,8,1,8,8,8,3,1,3,3,3,4,1,4,4,4
5,10,2,1,2,2,2,6.425e-06,1,6.425e-06,6.425e-06,6.425e-06,7,1,7,7,7,3,1,3,3,3,4,1,4,4,4
5,10,0,1,0,0,0,6.388e-06,1,6.388e-06,6.388e-06,6.388e-06,6,1,6,6,6,2,1,2,2,2,5,1,5,5,5
5,10,1,1,1,1,1,5.849e-06,1,5.849e-06,5.849e-06,5.849e-06,6,1,6,6,6,3,1,3,3,3,4,1,4,4,4
5,10,1,1,1,1,1,6.747e-06,1,6.747e-06,6.747e-06,6.747e-06,7,1,7,7,7,3,1,3,3,3,4,1,4,4,4
5,10,2,1,2,2,2,6.951e-06,1,6.951e-06,6.951e-06,6.951e-06,7,1,7,7,7,3,1,3,3,3,4,1,4,4,4
5,10,2,1,2,2,2,6.479e-06,1,6.479e-06,6.479e-06,6.479e-06,7,1,7,7,7,3,1,3,3,3,4,1,4,4,4
5,10,1,1,1,1,1,6.818e-06,1,6.818e-06,6.818e-06,6.818e-06,7,1,7,7,7,3,1,3,3,3,4,1,4,4,4
5,10,0,1,0,0,0,6.403e-06,1,6.403e-06,6.403e-06,6.403e-06,6,1,6,6,6,2,1,2,2,2,5,1,5,5,5
5,10,1,1,1,1,1,5.84e-06,1,5.84e-06,5.84e-06,5.84e-06,6,1,6,6,6,3,1,3,3,3,4,1,4,4,4
5,10,0,1,0,0,0,6.389e-06,1,6.389e-06,6.389e-06,6.389e-06,6,1,6,6,6,2,1,2,2,2,5,1,5,5,5
5,10,1,1,1,1,1,6.811e-06,1,6.811e-06,6.811e-06,6.811e-06,7,1,7,7,7,3,1,3,3,3,4,1,4,4,4
5,10,0,1,0,0,0,6.396e-06,1,6.396e-06,6.396e-06,6.396e-06,6,1,6,6,6,2,1,2,2,2,5,1,5,5,5
5,10,2,1,2,2,2,6.672e-06,1,6.672e-06,6.672e-06,6.672e-06,7,1,7,7,7,3,1,3,3,3,3,1,3,3,3
5,10,2,1,2,2,2,7.483e-06,1,7.483e-06,7.483e-06,7.483e-06,8,1,8,8,8,3,1,3,3,3,3,1,3,3,3
5,10,1,1,1,1,1,6.791e-06,1,6.791e-06,6.791e-06,6.791e-06,7,1,7,7,7,3,1,3,3,3,4,1,4,4,4
5,10,0,1,0,0,0,6.38e-06,1,6.38e-06,6.38e-06,6.38e-06,6,1,6,6,6,2,1,2,2,2,5,1,5,5,5
5,10,3,1,3,3,3,7.677e-06,1,7.677e-06,7.677e-06,7.677e-06,8,1,8,8,8,3,1,3,3,3,3,1,3,3,3
5,10,1,1,1,1,1,5.85e-06,1,5.85e-06,5.85e-06,5.85e-06,6,1,6,6,6,3,1,3,3,3,4,1,4,4,4
5,10,0,1,0,0,0,6.347e-06,1,6.347e-06,6.347e-06,6.347e-06,6,1,6,6,6,2,1,2,2,2,5,1,5,5,5
5,10,1,1,1,1,1,6.825e-06,1,6.825e-06,6.825e-06,6.825e-06,7,1,7,7,7,3,1,3,3,3,4,1,4,4,4
5,10,1,1,1,1,1,9.399e-06,1,9.399e-06,9.399e-06,9.399e-06,7,1,7,7,7,3,1,3,3,3,4,1,4,4,4
5,10,1,1,1,1,1,6.091e-06,1,6.091e-06,6.091e-06,6.091e-06,6,1,6,6,6,3,1,3,3,3,4,1,4,4,4
5,10,2,1,2,2,2,6.521e-06,1,6.521e-06,6.521e-06,6.521e-06,7,1,7,7,7,3,1,3,3,3,3,1,3,3,3
5,10,3,1,3,3,3,8.1e-06,1,8.1e-06,8.1e-06,8.1e-06,8,1,8,8,8,3,1,3,3,3,4,1,4,4,4
5,10,3,1,3,3,3,7.131e-06,1,7.131e-06,7.131e-06,7.131e-06,8,1,8,8,8,3,1,3,3,3,3,1,3,3,3
5,10,0,1,0,0,0,6.362e-06,1,6.362e-06,6.362e-06,6.362e-06,6,1,6,6,6,2,1,2,2,2,5,1,5,5,5
5,10,0,1,0,0,0,6.356e-06,1,6.356e-06,6.356e-06,6.356e-06,6,1,6,6,6,2,1,2,2,2,5,1,5,5,5
5,10,1,1,1,1,1,6.867e-06,1,6.867e-06,6.867e-06,6.867e-06,7,1,7,7,7,3,1,3,3,3,4,1,4,4,4
5,10,2,1,2,2,2,6.963e-06,1,6.963e-06,6.963e-06,6.963e-06,7,1,7,7,7,3,1,3,3,3,4,1,4,4,4
5,10,4,1,4,4,4,8.623e-06,1,8.623e-06,8.623e-06,8.623e-06,8,1,8,8,8,4,1,4,4,4,3,1,3,3,3
5,10,1,1,1,1,1,6.796e-06,1,6.796e-06,6.796e-06,6.796e-06,7,1,7,7,7,3,1,3,3,3,4,1,4,4,4
5,10,2,1,2,2,2,7.614e-06,1,7.614e-06,7.614e-06,7.614e-06,8,1,8,8,8,3,1,3,3,3,4,1,4,4,4
5,10,3,1,3,3,3,6.725e-06,1,6.725e-06,6.725e-06,6.725e-06,7,1,7,7,7,3,1,3,3,3,3,1,3,3,3
5,10,1,1,1,1,1,6.882e-06,1,6.882e-06,6.882e-06,6.882e-06,7,1,7,7,7,3,1,3,3,3,4,1,4,4,4
5,10,2,1,2,2,2,6.844e-06,1,6.844e-06,6.844e-06,6.844e-06,7,1,7,7,7,3,1,3,3,3,4,1,4,4,4
5,10,1,1,1,1,1,6.783e-06,1,6.783e-06,6.783e-06,6.783e-06,7,1,7,7,7,3,1,3,3,3,4,1,4,4,4
5,10,0,1,0,0,0,6.392e-06,1,6.392e-06,6.392e-06,6.392e-06,6,1,6,6,6,2,1,2,2,2,5,1,5,5,5
5,10,0,1,0,0,0,6.35e-06,1,6.35e-06,6.35e-06,6.35e-06,6,1,6,6,6,2,1,2,2,2,5,1,5,5,5
5,10,0,1,0,0,0,6.349e-06,1,6.349e-06,6.349e-06,6.349e-06,6,1,6,6,6,2,1,2,2,2,5,1,5,5,5
5,10,1,1,1,1,1,6.738e-06,1,6.738e-06,6.738e-06,6.738e-06,7,1,7,7,7,3,1,3,3,3,4,1,4,4,4
5,10,1,1,1,1,1,6.755e-06,1,6.755e-06,6.755e-06,6.755e-06,7,1,7,7,7,3,1,3,3,3,4,1,4,4,4
5,10,1,1,1,1,1,6.734e-06,1,6.734e-06,6.734e-06,6.734e-06,7,1,7,7,7,3,1,3,3,3,4,1,4,4,4
5,10,0,1,0,0,0,6.39e-06,1,6.39e-06,6.39e-06,6.39e-06,6,1,6,6,6,2,1,2,2,2,5,1,5,5,5
5,10,2,1,2,2,2,6.679e-06,1,6.679e-06,6.679e-06,6.679e-06,7,1,7,7,7,3,1,3,3,3,4,1,4,4,4
5,10,1,1,1,1,1,5.844e-06,1,5.844e-06,5.844e-06,5.844e-06,6,1,6,6,6,3,1,3,3,3,4,1,4,4,4
5,10,2,1,2,2,2,7.842e-06,1,7.842e-06,7.842e-06,7.842e-06,8,1,8,8,8,3,1,3,3,3,4,1,4,4,4
5,10,1,1,1,1,1,6.764e-06,1,6.764e-06,6.764e-06,6.764e-06,7,1,7,7,7,3,1,3,3,3,4,1,4,4,4
5,10,1,1,1,1,1,5.855e-06,1,5.855e-06,5.855e-06,5.855e-06,6,1,6,6,6,3,1,3,3,3,4,1,4,4,4
5,10,2,1,2,2,2,6.511e-06,1,6.511e-06,6.511e-06,6.511e-06,7,1,7,7,7,3,1,3,3,3,3,1,3,3,3
5,10,0,1,0,0,0,6.351e-06,1,6.351e-06,6.351e-06,6.351e-06,6,1,6,6,6,2,1,2,2,2,5,1,5,5,5
5,10,2,1,2,2,2,6.931e-06,1,6.931e-06,6.931e-06,6.931e-06,7,1,7,7,7,3,1,3,3,3,4,1,4,4,4
5,10,1,1,1,1,1,5.796e-06,1,5.796e-06,5.796e-06,5.796e-06,6,1,6,6,6,3,1,3,3,3,4,1,4,4,4
5,10,1,1,1,1,1,6.793e-06,1,6.793e-06,6.793e-06,6.793e-06,7,1,7,7,7,3,1,3,3,3,4,1,4,4,4
5,10,2,1,2,2,2,7.427e-06,1,7.427e-06,7.427e-06,7.427e-06,8,1,8,8,8,3,1,3,3,3,3,1,3,3,3
5,10,2,1,2,2,2,6.914e-06,1,6.914e-06,6.914e-06,6.914e-06,7,1,7,7,7,3,1,3,3,3,4,1,4,4,4
5,10,1,1,1,1,1,6.799e-06,1,6.799e-06,6.799e-06,6.799e-06,7,1,7,7,7,3,1,3,3,3,4,1,4,4,4
5,10,3,1,3,3,3,7.919e-06,1,7.919e-06,7.919e-06,7.919e-06,8,1,8,8,8,3,1,3,3,3,4,1,4,4,4
5,10,1,1,1,1,1,5.904e-06,1,5.904e-06,5.904e-06,5.904e-06,6,1,6,6,6,3,1,3,3,3,4,1,4,4,4
5,10,2,1,2,2,2,7.785e-06,1,7.785e-06,7.785e-06,7.785e-06,8,1,8,8,8,3,1,3,3,3,4,1,4,4,4
5,10,3,1,3,3,3,7.824e-06,1,7.824e-06,7.824e-06,7.824e-06,8,1,8,8,8,3,1,3,3,3,4,1,4,4,4
5,10,0,1,0,0,0,6.408e-06,1,6.408e-06,6.408e-06,6.408e-06,6,1,6,6,6,2,1,2,2,2,5,1,5,5,5
5,10,0,1,0,0,0,6.384e-06,1,6.384e-06,6.384e-06,6.384e-06,6,1,6,6,6,2,1,2,2,2,5,1,5,5,5
5,10,0,1,0,0,0,6.329e-06,1,6.329e-06,6.329e-06,6.329e-06,6,1,6,6,6,2,1,2,2,2,5,1,5,5,5
5,10,0,1,0,0,0,6.387e-06,1,6.387e-06,6.387e-06,6.387e-06,6,1,6,6,6,2,1,2,2,2,5,1,5,5,5
5,10,1,1,1,1,1,5.833e-06,1,5.833e-06,5.833e-06,5.833e-06,6,1,6,6,6,3,1,3,3,3,4,1,4,4,4
5,10,2,1,2,2,2,7.93e-06,1,7.93e-06,7.93e-06,7.93e-06,8,1,8,8,8,3,1,3,3,3,4,1,4,4,4
5,10,1,1,1,1,1,6.825e-06,1,6.825e-06,6.825e-06,6.825e-06,7,1,7,7,7,3,1,3,3,3,4,1,4,4,4
5,10,1,1,1,1,1,6.807e-06,1,6.807e-06,6.807e-06,6.807e-06,7,1,7,7,7,3,1,3,3,3,4,1,4,4,4
5,10,2,1,2,2,2,6.017e-06,1,6.017e-06,6.017e-06,6.017e-06,6,1,6,6,6,3,1,3,3,3,4,1,4,4,4
5,10,0,1,0,0,0,6.385e-06,1,6.385e-06,6.385e-06,6.385e-06,6,1,6,6,6,2,1,2,2,2,5,1,5,5,5
5,10,1,1,1,1,1,6.842e-06,1,6.842e-06,6.842e-06,6.842e-06,7,1,7,7,7,3,1,3,3,3,4,1,4,4,4
5,10,0,1,0,0,0,6.357e-06,1,6.357e-06,6.357e-06,6.357e-06,6,1,6,6,6,2,1,2,2,2,5,1,5,5,5
5,10,1,1,1,1,1,6.794e-06,1,6.794e-06,6.794e-06,6.794e-06,7,1,7,7,7,3,1,3,3,3,4,1,4,4,4
5,10,0,1,0,0,0,6.396e-06,1,6.396e-06,6.396e-06,6.396e-06,6,1,6,6,6,2,1,2,2,2,5,1,5,5,5
5,10,3,1,3,3,3,9.026e-06,1,9.026e-06,9.026e-06,9.026e-06,9,1,9,9,9,3,1,3,3,3,4,1,4,4,4
5,10,1,1,1,1,1,5.934e-06,1,5.934e-06,5.934e-06,5.934e-06,6,1,6,6,6,3,1,3,3,3,4,1,4,4,4
5,10,3,1,3,3,3,7.708e-06,1,7.708e-06,7.708e-06,7.708e-06,8,1,8,8,8,3,1,3,3,3,4,1,4,4,4
5,10,1,1,1,1,1,5.85e-06,1,5.85e-06,5.85e-06,5.85e-06,6,1,6,6,6,3,1,3,3,3,4,1,4,4,4
5,10,1,1,1,1,1,5.879e-06,1,5.879e-06,5.879e-06,5.879e-06,6,1,6,6,6,3,1,3,3,3,4,1,4,4,4
5,10,0,1,0,0,0,6.393e-06,1,6.393e-06,6.393e-06,6.393e-06,6,1,6,6,6,2,1,2,2,2,5,1,5,5,5
5,10,2,1,2,2,2,7.884e-06,1,7.884e-06,7.884e-06,7.884e-06,8,1,8,8,8,3,1,3,3,3,4,1,4,4,4
5,10,0,1,0,0,0,6.365e-06,1,6.365e-06,6.365e-06,6.365e-06,6,1,6,6,6,2,1,2,2,2,5,1,5,5,5
5,10,0,1,0,0,0,6.37e-06,1,6.37e-06,6.37e-06,6.37e-06,6,1,6,6,6,2,1,2,2,2,5,1,5,5,5
5,10,1,1,1,1,1,6.79e-06,1,6.79e-06,6.79e-06,6.79e-06,7,1,7,7,7,3,1,3,3,3,4,1,4,4,4
5,10,0,1,0,0,0,6.339e-06,1,6.339e-06,6.339e-06,6.339e-06,6,1,6,6,6,2,1,2,2,2,5,1,5,5,5
5,10,1,1,1,1,1,5.869e-06,1,5.869e-06,5.869e-06,5.869e-06,6,1,6,6,6,3,1,3,3,3,4,1,4,4,4
5,10,1,1,1,1,1,6.976e-06,1,6.976e-06,6.976e-06,6.976e-06,7,1,7,7,7,3,1,3,3,3,4,1,4,4,4
5,10,0,1,0,0,0,6.518e-06,1,6.518e-06,6.518e-06,6.518e-06,6,1,6,6,6,2,1,2,2,2,5,1,5,5,5
5,10,2,1,2,2,2,7.1e-06,1,7.1e-06,7.1e-06,7.1e-06,7,1,7,7,7,3,1,3,3,3,4,1,4,4,4
5,10,2,1,2,2,2,7.844e-06,1,7.844e-06,7.844e-06,7.844e-06,8,1,8,8,8,3,1,3,3,3,4,1,4,4,4
5,10,0,1,0,0,0,6.522e-06,1,6.522e-06,6.522e-06,6.522e-06,6,1,6,6,6,2,1,2,2,2,5,1,5,5,5
5,10,0,1,0,0,0,6.493e-06,1,6.493e-06,6.493e-06,6.493e-06,6,1,6,6,6,2,1,2,2,2,5,1,5,5,5
5,10,1,1,1,1,1,6.903e-06,1,6.903e-06,6.903e-06,6.903e-06,7,1,7,7,7,3,1,3,3,3,4,1,4,4,4
5,10,1,1,1,1,1,7.002e-06,1,7.002e-06,7.002e-06,7.002e-06,7,1,7,7,7,3,1,3,3,3,4,1,4,4,4
5,10,1,1,1,1,1,5.996e-06,1,5.996e-06,5.996e-06,5.996e-06,6,1,6,6,6,3,1,3,3,3,4,1,4,4,4
5,10,0,1,0,0,0,6.497e-06,1,6.497e-06,6.497e-06,6.497e-06,6,1,6,6,6,2,1,2,2,2,5,1,5,5,5
5,10,0,1,0,0,0,6.493e-06,1,6.493e-06,6.493e-06,6.493e-06,6,1,6,6,6,2,1,2,2,2,5,1,5,5,5
5,10,0,1,0,0,0,6.515e-06,1,6.515e-06,6.515e-06,6.515e-06,6,1,6,6,6,2,1,2,2,2,5,1,5,5,5
5,10,1,1,1,1,1,6.049e-06,1,6.049e-06,6.049e-06,6.049e-06,6,1,6,6,6,3,1,3,3,3,4,1,4,4,4
5,10,0,1,0,0,0,6.488e-06,1,6.488e-06,6.488e-06,6.488e-06,6,1,6,6,6,2,1,2,2,2,5,1,5,5,5
5,10,2,1,2,2,2,8.055e-06,1,8.055e-06,8.055e-06,8.055e-06,8,1,8,8,8,3,1,3,3,3,4,1,4,4,4
5,10,2,1,2,2,2,6.696e-06,1,6.696e-06,6.696e-06,6.696e-06,7,1,7,7,7,3,1,3,3,3,3,1,3,3,3
5,10,1,1,1,1,1,6.987e-06,1,6.987e-06,6.987e-06,6.987e-06,7,1,7,7,7,3,1,3,3,3,4,1,4,4,4
5,10,0,1,0,0,0,6.47e-06,1,6.47e-06,6.47e-06,6.47e-06,6,1,6,6,6,2,1,2,2,2,5,1,5,5,5
5,10,1,1,1,1,1,6.913e-06,1,6.913e-06,6.913e-06,6.913e-06,7,1,7,7,7,3,1,3,3,3,4,1,4,4,4
5,10,2,1,2,2,2,7.971e-06,1,7.971e-06,7.971e-06,7.971e-06,8,1,8,8,8,3,1,3,3,3,4,1,4,4,4
5,10,0,1,0,0,0,6.486e-06,1,6.486e-06,6.486e-06,6.486e-06,6,1,6,6,6,2,1,2,2,2,5,1,5,5,5
5,10,1,1,1,1,1,7.009e-06,1,7.009e-06,7.009e-06,7.009e-06,7,1,7,7,7,3,1,3,3,3,4,1,4,4,4
5,10,0,1,0,0,0,6.518e-06,1,6.518e-06,6.518e-06,6.518e-06,6,1,6,6,6,2,1,2,2,2,5,1,5,5,5
5,10,0,1,0,0,0,6.487e-06,1,6.487e-06,6.487e-06,6.487e-06,6,1,6,6,6,2,1,2,2,2,5,1,5,5,5
5,10,1,1,1,1,1,7.222e-06,1,7.222e-06,7.222e-06,7.222e-06,6,1,6,6,6,3,1,3,3,3,4,1,4,4,4
5,10,1,1,1,1,1,8.505e-06,1,8.505e-06,8.505e-06,8.505e-06,6,1,6,6,6,3,1,3,3,3,4,1,4,4,4
5,10,1,1,1,1,1,7.013e-06,1,7.013e-06,7.013e-06,7.013e-06,7,1,7,7,7,3,1,3,3,3,4,1,4,4,4
5,10,1,1,1,1,1,5.822e-06,1,5.822e-06,5.822e-06,5.822e-06,6,1,6,6,6,3,1,3,3,3,4,1,4,4,4
5,10,1,1,1,1,1,5.815e-06,1,5.815e-06,5.815e-06,5.815e-06,6,1,6,6,6,3,1,3,3,3,4,1,4,4,4
5,10,0,1,0,0,0,6.36e-06,1,6.36e-06,6.36e-06,6.36e-06,6,1,6,6,6,2,1,2,2,2,5,1,5,5,5
5,10,1,1,1,1,1,6.788e-06,1,6.788e-06,6.788e-06,6.788e-06,7,1,7,7,7,3,1,3,3,3,4,1,4,4,4
5,10,1,1,1,1,1,5.789e-06,1,5.789e-06,5.789e-06,5.789e-06,6,1,6,6,6,3,1,3,3,3,4,1,4,4,4
5,10,1,1,1,1,1,6.749e-06,1,6.749e-06,6.749e-06,6.749e-06,7,1,7,7,7,3,1,3,3,3,4,1,4,4,4
5,10,4,1,4,4,4,8.679e-06,1,8.679e-06,8.679e-06,8.679e-06,9,1,9,9,9,3,1,3,3,3,4,1,4,4,4
5,10,0,1,0,0,0,6.378e-06,1,6.378e-06,6.378e-06,6.378e-06,6,1,6,6,6,2,1,2,2,2,5,1,5,5,5
5,10,1,1,1,1,1,6.791e-06,1,6.791e-06,6.791e-06,6.791e-06,7,1,7,7,7,3,1,3,3,3,4,1,4,4,4
5,10,0,1,0,0,0,6.634e-06,1,6.634e-06,6.634e-06,6.634e-06,6,1,6,6,6,2,1,2,2,2,5,1,5,5,5
5,10,1,1,1,1,1,5.836e-06,1,5.836e-06,5.836e-06,5.836e-06,6,1,6,6,6,3,1,3,3,3,4,1,4,4,4
5,10,0,1,0,0,0,6.376e-06,1,6.376e-06,6.376e-06,6.376e-06,6,1,6,6,6,2,1,2,2,2,5,1,5,5,5
5,10,2,1,2,2,2,6.942e-06,1,6.942e-06,6.942e-06,6.942e-06,7,1,7,7,7,3,1,3,3,3,4,1,4,4,4
5,10,2,1,2,2,2,6.758e-06,1,6.758e-06,6.758e-06,6.758e-06,7,1,7,7,7,3,1,3,3,3,4,1,4,4,4
5,10,0,1,0,0,0,6.316e-06,1,6.316e-06,6.316e-06,6.316e-06,6,1,6,6,6,2,1,2,2,2,5,1,5,5,5
5,10,2,1,2,2,2,8.005e-06,1,8.005e-06,8.005e-06,8.005e-06,8,1,8,8,8,3,1,3,3,3,4,1,4,4,4
5,10,0,1,0,0,0,6.301e-06,1,6.301e-06,6.301e-06,6.301e-06,6,1,6,6,6,2,1,2,2,2,5,1,5,5,5
5,10,1,1,1,1,1,5.826e-06,1,5.826e-06,5.826e-06,5.826e-06,6,1,6,6,6,3,1,3,3,3,4,1,4,4,4
5,10,0,1,0,0,0,6.335e-06,1,6.335e-06,6.335e-06,6.335e-06,6,1,6,6,6,2,1,2,2,2,5,1,5,5,5
5,10,1,1,1,1,1,6.757e-06,1,6.757e-06,6.757e-06,6.757e-06,7,1,7,7,7,3,1,3,3,3,4,1,4,4,4
5,10,2,1,2,2,2,6.908e-06,1,6.908e-06,6.908e-06,6.908e-06,7,1,7,7,7,3,1,3,3,3,4,1,4,4,4
5,10,1,1,1,1,1,2.201e-05,1,2.201e-05,2.201e-05,2.201e-05,6,1,6,6,6,3,1,3,3,3,4,1,4,4,4
5,10,1,1,1,1,1,6.748e-06,1,6.748e-06,6.748e-06,6.748e-06,7,1,7,7,7,3,1,3,3,3,4,1,4,4,4
5,10,1,1,1,1,1,6.731e-06,1,6.731e-06,6.731e-06,6.731e-06,7,1,7,7,7,3,1,3,3,3,4,1,4,4,4
5,10,1,1,1,1,1,6.8e-06,1,6.8e-06,6.8e-06,6.8e-06,7,1,7,7,7,3,1,3,3,3,4,1,4,4,4
5,10,1,1,1,1,1,6.75e-06,1,6.75e-06,6.75e-06,6.75e-06,7,1,7,7,7,3,1,3,3,3,4,1,4,4,4
5,10,3,1,3,3,3,7.344e-06,1,7.344e-06,7.344e-06,7.344e-06,8,1,8,8,8,3,1,3,3,3,3,1,3,3,3
5,10,1,1,1,1,1,6.73e-06,1,6.73e-06,6.73e-06,6.73e-06,7,1,7,7,7,3,1,3,3,3,4,1,4,4,4
5,10,2,1,2,2,2,6.435e-06,1,6.435e-06,6.435e-06,6.435e-06,7,1,7,7,7,3,1,3,3,3,4,1,4,4,4
5,10,2,1,2,2,2,6.406e-06,1,6.406e-06,6.406e-06,6.406e-06,7,1,7,7,7,3,1,3,3,3,4,1,4,4,4
5,10,0,1,0,0,0,6.322e-06,1,6.322e-06,6.322e-06,6.322e-06,6,1,6,6,6,2,1,2,2,2,5,1,5,5,5
5,10,1,1,1,1,1,6.719e-06,1,6.719e-06,6.719e-06,6.719e-06,7,1,7,7,7,3,1,3,3,3,4,1,4,4,4
5,10,0,1,0,0,0,6.366e-06,1,6.366e-06,6.366e-06,6.366e-06,6,1,6,6,6,2,1,2,2,2,5,1,5,5,5
5,10,0,1,0,0,0,6.344e-06,1,6.344e-06,6.344e-06,6.344e-06,6,1,6,6,6,2,1,2,2,2,5,1,5,5,5
5,10,2,1,2,2,2,6.786e-06,1,6.786e-06,6.786e-06,6.786e-06,7,1,7,7,7,3,1,3,3,3,4,1,4,4,4
5,10,3,1,3,3,3,6.305e-06,1,6.305e-06,6.305e-06,6.305e-06,6,1,6,6,6,3,1,3,3,3,4,1,4,4,4
5,10,2,1,2,2,2,6.097e-06,1,6.097e-06,6.097e-06,6.097e-06,6,1,6,6,6,3,1,3,3,3,4,1,4,4,4
5,10,2,1,2,2,2,7.774e-06,1,7.774e-06,7.774e-06,7.774e-06,8,1,8,8,8,3,1,3,3,3,4,1,4,4,4
5,10,1,1,1,1,1,6.787e-06,1,6.787e-06,6.787e-06,6.787e-06,7,1,7,7,7,3,1,3,3,3,4,1,4,4,4
5,10,1,1,1,1,1,6.667e-06,1,6.667e-06,6.667e-06,6.667e-06,7,1,7,7,7,3,1,3,3,3,4,1,4,4,4
5,10,2,1,2,2,2,7.772e-06,1,7.772e-06,7.772e-06,7.772e-06,8,1,8,8,8,3,1,3,3,3,4,1,4,4,4
5,10,1,1,1,1,1,5.824e-06,1,5.824e-06,5.824e-06,5.824e-06,6,1,6,6,6,3,1,3,3,3,4,1,4,4,4
5,10,1,1,1,1,1,6.801e-06,1,6.801e-06,6.801e-06,6.801e-06,7,1,7,7,7,3,1,3,3,3,4,1,4,4,4
5,10,0,1,0,0,0,6.361e-06,1,6.361e-06,6.361e-06,6.361e-06,6,1,6,6,6,2,1,2,2,2,5,1,5,5,5
5,10,1,1,1,1,1,6.793e-06,1,6.793e-06,6.793e-06,6.793e-06,7,1,7,7,7,3,1,3,3,3,4,1,4,4,4
5,10,1,1,1,1,1,6.795e-06,1,6.795e-06,6.795e-06,6.795e-06,7,1,7,7,7,3,1,3,3,3,4,1,4,4,4
5,10,3,1,3,3,3,6.987e-06,1,6.987e-06,6.987e-06,6.987e-06,7,1,7,7,7,3,1,3,3,3,4,1,4,4,4
5,10,0,1,0,0,0,6.364e-06,1,6.364e-06,6.364e-06,6.364e-06,6,1,6,6,6,2,1,2,2,2,5,1,5,5,5
5,10,2,1,2,2,2,6.519e-06,1,6.519e-06,6.519e-06,6.519e-06,7,1,7,7,7,3,1,3,3,3,3,1,3,3,3
5,10,1,1,1,1,1,6.81e-06,1,6.81e-06,6.81e-06,6.81e-06,7,1,7,7,7,3,1,3,3,3,4,1,4,4,4
5,10,1,1,1,1,1,5.796e-06,1,5.796e-06,5.796e-06,5.796e-06,6,1,6,6,6,3,1,3,3,3,4,1,4,4,4
5,10,3,1,3,3,3,7.92e-06,1,7.92e-06,7.92e-06,7.92e-06,8,1,8,8,8,3,1,3,3,3,4,1,4,4,4
5,10,2,1,2,2,2,7.585e-06,1,7.585e-06,7.585e-06,7.585e-06,8,1,8,8,8,3,1,3,3,3,4,1,4,4,4
5,10,2,1,2,2,2,5.915e-06,1,5.915e-06,5.915e-06,5.915e-06,6,1,6,6,6,3,1,3,3,3,4,1,4,4,4
5,10,0,1,0,0,0,6.39e-06,1,6.39e-06,6.39e-06,6.39e-06,6,1,6,6,6,2,1,2,2,2,5,1,5,5,5
5,10,1,1,1,1,1,6.785e-06,1,6.785e-06,6.785e-06,6.785e-06,7,1,7,7,7,3,1,3,3,3,4,1,4,4,4
5,10,1,1,1,1,1,5.867e-06,1,5.867e-06,5.867e-06,5.867e-06,6,1,6,6,6,3,1,3,3,3,4,1,4,4,4
5,10,1,1,1,1,1,6.708e-06,1,6.708e-06,6.708e-06,6.708e-06,7,1,7,7,7,3,1,3,3,3,4,1,4,4,4
5,10,1,1,1,1,1,6.797e-06,1,6.797e-06,6.797e-06,6.797e-06,7,1,7,7,7,3,1,3,3,3,4,1,4,4,4
5,10,3,1,3,3,3,7.777e-06,1,7.777e-06,7.777e-06,7.777e-06,8,1,8,8,8,3,1,3,3,3,4,1,4,4,4
5,10,0,1,0,0,0,6.382e-06,1,6.382e-06,6.382e-06,6.382e-06,6,1,6,6,6,2,1,2,2,2,5,1,5,5,5
5,10,1,1,1,1,1,5.846e-06,1,5.846e-06,5.846e-06,5.846e-06,6,1,6,6,6,3,1,3,3,3,4,1,4,4,4
5,10,0,1,0,0,0,6.335e-06,1,6.335e-06,6.335e-06,6.335e-06,6,1,6,6,6,2,1,2,2,2,5,1,5,5,5
5,10,1,1,1,1,1,6.767e-06,1,6.767e-06,6.767e-06,6.767e-06,7,1,7,7,7,3,1,3,3,3,4,1,4,4,4
5,10,1,1,1,1,1,6.714e-06,1,6.714e-06,6.714e-06,6.714e-06,7,1,7,7,7,3,1,3,3,3,4,1,4,4,4
5,10,2,1,2,2,2,6.545e-06,1,6.545e-06,6.545e-06,6.545e-06,7,1,7,7,7,3,1,3,3,3,3,1,3,3,3
5,10,0,1,0,0,0,6.341e-06,1,6.341e-06,6.341e-06,6.341e-06,6,1,6,6,6,2,1,2,2,2,5,1,5,5,5
5,10,0,1,0,0,0,6.339e-06,1,6.339e-06,6.339e-06,6.339e-06,6,1,6,6,6,2,1,2,2,2,5,1,5,5,5
5,10,2,1,2,2,2,6.568e-06,1,6.568e-06,6.568e-06,6.568e-06,7,1,7,7,7,3,1,3,3,3,4,1,4,4,4
5,10,0,1,0,0,0,6.309e-06,1,6.309e-06,6.309e-06,6.309e-06,6,1,6,6,6,2,1,2,2,2,5,1,5,5,5
5,10,0,1,0,0,0,6.306e-06,1,6.306e-06,6.306e-06,6.306e-06,6,1,6,6,6,2,1,2,2,2,5,1,5,5,5
5,10,0,1,0,0,0,6.356e-06,1,6.356e-06,6.356e-06,6.356e-06,6,1,6,6,6,2,1,2,2,2,5,1,5,5,5
5,10,0,1,0,0,0,6.305e-06,1,6.305e-06,6.305e-06,6.305e-06,6,1,6,6,6,2,1,2,2,2,5,1,5,5,5
5,10,1,1,1,1,1,5.78e-06,1,5.78e-06,5.78e-06,5.78e-06,6,1,6,6,6,3,1,3,3,3,4,1,4,4,4
5,10,2,1,2,2,2,7.075e-06,1,7.075e-06,7.075e-06,7.075e-06,7,1,7,7,7,3,1,3,3,3,4,1,4,4,4
5,10,1,1,1,1,1,5.831e-06,1,5.831e-06,5.831e-06,5.831e-06,6,1,6,6,6,3,1,3,3,3,4,1,4,4,4
5,10,0,1,0,0,0,6.409e-06,1,6.409e-06,6.409e-06,6.409e-06,6,1,6,6,6,2,1,2,2,2,5,1,5,5,5
5,10,0,1,0,0,0,6.351e-06,1,6.351e-06,6.351e-06,6.351e-06,6,1,6,6,6,2,1,2,2,2,5,1,5,5,5
5,10,1,1,1,1,1,6.755e-06,1,6.755e-06,6.755e-06,6.755e-06,7,1,7,7,7,3,1,3,3,3,4,1,4,4,4
5,10,0,1,0,0,0,6.339e-06,1,6.339e-06,6.339e-06,6.339e-06,6,1,6,6,6,2,1,2,2,2,5,1,5,5,5
5,10,2,1,2,2,2,6.934e-06,1,6.934e-06,6.934e-06,6.934e-06,7,1,7,7,7,3,1,3,3,3,4,1,4,4,4
5,10,1,1,1,1,1,6.739e-06,1,6.739e-06,6.739e-06,6.739e-06,7,1,7,7,7,3,1,3,3,3,4,1,4,4,4
5,10,2,1,2,2,2,6.82e-06,1,6.82e-06,6.82e-06,6.82e-06,7,1,7,7,7,3,1,3,3,3,4,1,4,4,4
5,10,1,1,1,1,1,6.827e-06,1,6.827e-06,6.827e-06,6.827e-06,7,1,7,7,7,3,1,3,3,3,4,1,4,4,4
5,10,0,1,0,0,0,6.357e-06,1,6.357e-06,6.357e-06,6.357e-06,6,1,6,6,6,2,1,2,2,2,5,1,5,5,5
5,10,0,1,0,0,0,6.344e-06,1,6.344e-06,6.344e-06,6.344e-06,6,1,6,6,6,2,1,2,2,2,5,1,5,5,5
5,10,0,1,0,0,0,6.363e-06,1,6.363e-06,6.363e-06,6.363e-06,6,1,6,6,6,2,1,2,2,2,5,1,5,5,5
5,10,3,1,3,3,3,7.399e-06,1,7.399e-06,7.399e-06,7.399e-06,8,1,8,8,8,3,1,3,3,3,3,1,3,3,3
5,10,3,1,3,3,3,8.816e-06,1,8.816e-06,8.816e-06,8.816e-06,9,1,9,9,9,3,1,3,3,3,4,1,4,4,4
5,10,1,1,1,1,1,6.792e-06,1,6.792e-06,6.792e-06,6.792e-06,7,1,7,7,7,3,1,3,3,3,4,1,4,4,4
5,10,2,1,2,2,2,6.731e-06,1,6.731e-06,6.731e-06,6.731e-06,7,1,7,7,7,3,1,3,3,3,4,1,4,4,4
5,10,1,1,1,1,1,6.822e-06,1,6.822e-06,6.822e-06,6.822e-06,7,1,7,7,7,3,1,3,3,3,4,1,4,4,4
5,10,1,1,1,1,1,5.818e-06,1,5.818e-06,5.818e-06,5.818e-06,6,1,6,6,6,3,1,3,3,3,4,1,4,4,4
5,10,0,1,0,0,0,6.352e-06,1,6.352e-06,6.352e-06,6.352e-06,6,1,6,6,6,2,1,2,2,2,5,1,5,5,5
5,10,2,1,2,2,2,6.635e-06,1,6.635e-06,6.635e-06,6.635e-06,7,1,7,7,7,3,1,3,3,3,3,1,3,3,3
5,10,1,1,1,1,1,5.834e-06,1,5.834e-06,5.834e-06,5.834e-06,6,1,6,6,6,3,1,3,3,3,4,1,4,4,4
5,10,1,1,1,1,1,6.738e-06,1,6.738e-06,6.738e-06,6.738e-06,7,1,7,7,7,3,1,3,3,3,4,1,4,4,4
5,10,1,1,1,1,1,6.77e-06,1,6.77e-06,6.77e-06,6.77e-06,7,1,7,7,7,3,1,3,3,3,4,1,4,4,4
5,10,2,1,2,2,2,7.801e-06,1,7.801e-06,7.801e-06,7.801e-06,8,1,8,8,8,3,1,3,3,3,4,1,4,4,4
5,10,1,1,1,1,1,6.743e-06,1,6.743e-06,6.743e-06,6.743e-06,7,1,7,7,7,3,1,3,3,3,4,1,4,4,4
5,10,0,1,0,0,0,6.381e-06,1,6.381e-06,6.381e-06,6.381e-06,6,1,6,6,6,2,1,2,2,2,5,1,5,5,5
5,10,0,1,0,0,0,6.379e-06,1,6.379e-06,6.379e-06,6.379e-06,6,1,6,6,6,2,1,2,2,2,5,1,5,5,5
5,10,1,1,1,1,1,5.788e-06,1,5.788e-06,5.788e-06,5.788e-06,6,1,6,6,6,3,1,3,3,3,4,1,4,4,4
5,10,0,1,0,0,0,6.486e-06,1,6.486e-06,6.486e-06,6.486e-06,6,1,6,6,6,2,1,2,2,2,5,1,5,5,5
5,10,0,1,0,0,0,6.367e-06,1,6.367e-06,6.367e-06,6.367e-06,6,1,6,6,6,2,1,2,2,2,5,1,5,5,5
5,10,2,1,2,2,2,7.834e-06,1,7.834e-06,7.834e-06,7.834e-06,8,1,8,8,8,3,1,3,3,3,4,1,4,4,4
5,10,1,1,1,1,1,5.802e-06,1,5.802e-06,5.802e-06,5.802e-06,6,1,6,6,6,3,1,3,3,3,4,1,4,4,4
5,10,2,1,2,2,2,6.487e-06,1,6.487e-06,6.487e-06,6.487e-06,7,1,7,7,7,3,1,3,3,3,3,1,3,3,3
5,10,1,1,1,1,1,6.786e-06,1,6.786e-06,6.786e-06,6.786e-06,7,1,7,7,7,3,1,3,3,3,4,1,4,4,4
5,10,1,1,1,1,1,5.822e-06,1,5.822e-06,5.822e-06,5.822e-06,6,1,6,6,6,3,1,3,3,3,4,1,4,4,4
5,10,0,1,0,0,0,6.385e-06,1,6.385e-06,6.385e-06,6.385e-06,6,1,6,6,6,2,1,2,2,2,5,1,5,5,5
5,10,0,1,0,0,0,6.355e-06,1,6.355e-06,6.355e-06,6.355e-06,6,1,6,6,6,2,1,2,2,2,5,1,5,5,5
