n,p,m_total,m_count,m_mean,m_min,m_max,time_total,time_count,time_mean,time_min,time_max,calls_total,calls_count,calls_mean,calls_min,calls_max,depth_total,depth_count,depth_mean,depth_min,depth_max,cliques_total,cliques_count,cliques_mean,cliques_min,cliques_max
45,10,99007,1000,99.007,71,131,0.358011,1000,0.000358011,0.000310267,0.00046566,146129,1000,146.129,116,187,4142,1000,4.142,4,5,78352,1000,78.352,63,102
45,20,198517,1000,198.517,159,235,0.634404,1000,0.000634404,0.000497132,0.000854626,303822,1000,303.822,223,400,5102,1000,5.102,4,6,124542,1000,124.542,100,164
45,30,297091,1000,297.091,249,336,1.2305,1000,0.0012305,0.000894267,0.00173214,598429,1000,598.429,438,819,6071,1000,6.071,5,7,211041,1000,211.041,148,272
45,40,396908,1000,396.908,350,446,2.60379,1000,0.00260379,0.00172728,0.00416018,1217120,1000,1217.12,832,1829,7070,1000,7.07,6,9,361691,1000,361.691,269,494
45,50,495911,1000,495.911,447,550,6.02746,1000,0.00602746,0.00364567,0.0105453,2624950,1000,2624.95,1650,4252,8241,1000,8.241,7,10,661311,1000,661.311,471,998
45,60,593302,1000,593.302,547,644,15.8349,1000,0.0158349,0.00869025,0.0278139,6261230,1000,6261.23,3797,9777,9785,1000,9.785,8,12,1320640,1000,1320.64,937,2005
45,70,692891,1000,692.891,643,736,50.1283,1000,0.0501283,0.0245352,0.102701,17533664,1000,17533.7,9496,32762,11921,1000,11.921,10,15,3051315,1000,3051.32,1884,4855
45,80,792543,1000,792.543,751,834,200.411,1000,0.200411,0.0905307,0.42647,60180004,1000,60180,29374,120326,15192,1000,15.192,13,18,8488375,1000,8488.38,4391,15773
45,90,891111,1000,891.111,856,917,844.15,1000,0.84415,0.187393,2.10239,216007474,1000,216007,62801,517488,21144,1000,21.144,18,25,24526397,1000,24526.4,4256,66965
