n,p,m_total,m_count,m_mean,m_min,m_max,time_total,time_count,time_mean,time_min,time_max,calls_total,calls_count,calls_mean,calls_min,calls_max,depth_total,depth_count,depth_mean,depth_min,depth_max,cliques_total,cliques_count,cliques_mean,cliques_min,cliques_max
22,10,23181,1000,23.181,7,40,0.0832367,1000,8.32367e-05,6.419e-05,0.000137005,44567,1000,44.567,29,59,3736,1000,3.736,3,5,22760,1000,22.76,15,33
22,20,46171,1000,46.171,29,64,0.11895,1000,0.00011895,8.798e-05,0.000169133,69003,1000,69.003,49,97,4302,1000,4.302,4,6,31615,1000,31.615,22,43
22,30,69419,1000,69.419,45,94,0.176677,1000,0.000176677,0.00011758,0.000279781,104017,1000,104.017,66,163,5043,1000,5.043,4,6,39894,1000,39.894,27,58
22,40,92747,1000,92.747,67,118,0.270537,1000,0.000270537,0.0001582,0.000439888,155963,1000,155.963,94,237,5747,1000,5.747,5,7,52133,1000,52.133,32,77
22,50,115554,1000,115.554,92,141,0.426061,1000,0.000426061,0.000229846,0.00080176,233721,1000,233.721,147,377,6558,1000,6.558,5,9,68369,1000,68.369,43,110
22,60,138799,1000,138.799,107,164,0.692035,1000,0.000692035,0.000371362,0.00141837,357022,1000,357.022,210,662,7591,1000,7.591,6,11,90147,1000,90.147,57,161
22,70,161481,1000,161.481,137,184,1.14153,1000,0.00114153,0.000607607,0.0027158,548761,1000,548.761,320,1239,8882,1000,8.882,7,12,120265,1000,120.265,67,218
22,80,184774,1000,184.774,165,207,1.82448,1000,0.00182448,0.000701712,0.00462117,805536,1000,805.536,390,1944,10762,1000,10.762,8,14,149921,1000,149.921,50,331
22,90,208011,1000,208.011,190,222,2.09578,1000,0.00209578,0.000352336,0.0107638,863845,1000,863.845,167,3548,13936,1000,13.936,11,18,131682,1000,131.682,19,440
