n,p,m_total,m_count,m_mean,m_min,m_max,time_total,time_count,time_mean,time_min,time_max,steps_total,steps_count,steps_mean,steps_min,steps_max,found_total,found_count,found_mean,found_min,found_max,actual_total,actual_count,actual_mean,actual_min,actual_max,differ_total,differ_count,differ_mean,differ_min,differ_max
14,10,9115,1000,9.115,2,19,0.00581151,1000,5.81151e-06,4.893e-06,2.2556e-05,40232,1000,40.232,30,64,2197,1000,2.197,2,3,2275,1000,2.275,2,3,78,1000,0.078,0,1
14,20,18213,1000,18.213,5,31,0.00729959,1000,7.29959e-06,5.029e-06,2.5491e-05,51782,1000,51.782,31,113,2658,1000,2.658,2,5,2906,1000,2.906,2,5,248,1000,0.248,0,2
14,30,27107,1000,27.107,14,43,0.00908205,1000,9.08205e-06,5.296e-06,2.5065e-05,66289,1000,66.289,33,135,3160,1000,3.16,2,5,3378,1000,3.378,2,5,218,1000,0.218,0,2
14,40,36474,1000,36.474,22,53,0.0111546,1000,1.11546e-05,5.523e-06,3.0658e-05,83728,1000,83.728,35,177,3658,1000,3.658,2,6,3933,1000,3.933,3,6,275,1000,0.275,0,2
14,50,45511,1000,45.511,27,63,0.0139884,1000,1.39884e-05,8.276e-06,3.3936e-05,109072,1000,109.072,58,255,4292,1000,4.292,3,7,4579,1000,4.579,3,7,287,1000,0.287,0,2
14,60,54603,1000,54.603,39,69,0.0177856,1000,1.77856e-05,8.738e-06,4.3986e-05,144244,1000,144.244,61,327,5018,1000,5.018,3,8,5315,1000,5.315,4,8,297,1000,0.297,0,2
14,70,63917,1000,63.917,48,75,0.0235973,1000,2.35973e-05,1.2531e-05,5.3537e-05,199315,1000,199.315,99,419,5969,1000,5.969,4,9,6262,1000,6.262,4,9,293,1000,0.293,0,2
14,80,72925,1000,72.925,61,84,0.0332047,1000,3.32047e-05,1.6518e-05,7.934e-05,293494,1000,293.494,130,663,7289,1000,7.289,5,11,7501,1000,7.501,5,11,212,1000,0.212,0,2
14,90,81844,1000,81.844,69,90,0.0513064,1000,5.13064e-05,2.473e-05,9.5959e-05,476983,1000,476.983,217,902,9341,1000,9.341,6,13,9390,1000,9.39,6,13,49,1000,0.049,0,1
