n,p,m_total,m_count,m_mean,m_min,m_max,time_total,time_count,time_mean,time_min,time_max,steps_total,steps_count,steps_mean,steps_min,steps_max,found_total,found_count,found_mean,found_min,found_max,actual_total,actual_count,actual_mean,actual_min,actual_max,differ_total,differ_count,differ_mean,differ_min,differ_max
36,10,62442,1000,62.442,41,83,0.0151364,1000,1.51364e-05,1.0992e-05,3.1963e-05,122664,1000,122.664,78,201,2650,1000,2.65,2,4,3044,1000,3.044,2,4,394,1000,0.394,0,2
36,20,126195,1000,126.195,93,161,0.0202743,1000,2.02743e-05,1.1544e-05,3.9895e-05,166250,1000,166.25,85,274,3325,1000,3.325,2,5,3953,1000,3.953,3,5,628,1000,0.628,0,2
36,30,189631,1000,189.631,158,222,0.0262667,1000,2.62667e-05,1.7907e-05,5.9597e-05,219234,1000,219.234,139,362,4013,1000,4.013,3,6,4705,1000,4.705,4,6,692,1000,0.692,0,3
36,40,251787,1000,251.787,209,291,0.0344355,1000,3.44355e-05,1.9441e-05,5.8729e-05,293956,1000,293.956,150,518,4817,1000,4.817,3,7,5599,1000,5.599,5,7,782,1000,0.782,0,3
36,50,315208,1000,315.208,263,359,0.046254,1000,4.6254e-05,2.8347e-05,8.3711e-05,409194,1000,409.194,235,675,5820,1000,5.82,4,8,6711,1000,6.711,6,8,891,1000,0.891,0,3
36,60,378369,1000,378.369,343,413,0.0636907,1000,6.36907e-05,3.0218e-05,0.000107886,584754,1000,584.754,256,1029,7047,1000,7.047,4,10,8089,1000,8.089,6,10,1042,1000,1.042,0,3
36,70,440257,1000,440.257,401,478,0.0940106,1000,9.40106e-05,5.2291e-05,0.000169097,895415,1000,895.415,484,1495,8761,1000,8.761,6,12,9872,1000,9.872,8,13,1111,1000,1.111,0,3
36,80,504352,1000,504.352,471,534,0.159376,1000,0.000159376,9.9528e-05,0.000249197,1583481,1000,1583.48,962,2522,11592,1000,11.592,9,15,12702,1000,12.702,10,15,1110,1000,1.11,0,4
36,90,566943,1000,566.943,543,589,0.337225,1000,0.000337225,0.000193119,0.000572612,3498653,1000,3498.65,1928,6061,16898,1000,16.898,12,22,17704,1000,17.704,14,23,806,1000,0.806,0,4
