n,p,m_total,m_count,m_mean,m_min,m_max,steps_total,steps_count,steps_mean,steps_min,steps_max,number_total,number_count,number_mean,number_min,number_max,isteps_total,isteps_count,isteps_mean,isteps_min,isteps_max,inumber_total,inumber_count,inumber_mean,inumber_min,inumber_max
50,60,726,1,726,726,726,1524,1,1524,1524,1524,14,1,14,14,14,2061,1,2061,2061,2061,14,1,14,14,14
50,60,724,1,724,724,724,1494,1,1494,1494,1494,13,1,13,13,13,1968,1,1968,1968,1968,13,1,13,13,13
50,60,723,1,723,723,723,1515,1,1515,1515,1515,14,1,14,14,14,2082,1,2082,2082,2082,14,1,14,14,14
50,60,761,1,761,761,761,1553,1,1553,1553,1553,16,1,16,16,16,2289,1,2289,2289,2289,16,1,16,16,16
50,60,772,1,772,772,772,1554,1,1554,1554,1554,15,1,15,15,15,2223,1,2223,2223,2223,15,1,15,15,15
50,60,751,1,751,751,751,1546,1,1546,1546,1546,14,1,14,14,14,2075,1,2075,2075,2075,14,1,14,14,14
50,60,758,1,758,758,758,1527,1,1527,1527,1527,14,1,14,14,14,2100,1,2100,2100,2100,14,1,14,14,14
50,60,724,1,724,724,724,1508,1,1508,1508,1508,14,1,14,14,14,2090,1,2090,2090,2090,14,1,14,14,14
50,60,721,1,721,721,721,1515,1,1515,1515,1515,14,1,14,14,14,2060,1,2060,2060,2060,13,1,13,13,13
50,60,734,1,734,734,734,1511,1,1511,1511,1511,14,1,14,14,14,2127,1,2127,2127,2127,14,1,14,14,14
50,60,741,1,741,741,741,1525,1,1525,1525,1525,14,1,14,14,14,2064,1,2064,2064,2064,14,1,14,14,14
50,60,735,1,735,735,735,1524,1,1524,1524,1524,15,1,15,15,15,2187,1,2187,2187,2187,15,1,15,15,15
50,60,708,1,708,708,708,1489,1,1489,1489,1489,12,1,12,12,12,2039,1,2039,2039,2039,13,1,13,13,13
50,60,720,1,720,720,720,1514,1,1514,1514,1514,14,1,14,14,14,2145,1,2145,2145,2145,14,1,14,14,14
50,60,731,1,731,731,731,1522,1,1522,1522,1522,14,1,14,14,14,2140,1,2140,2140,2140,14,1,14,14,14
50,60,712,1,712,712,712,1502,1,1502,1502,1502,13,1,13,13,13,2182,1,2182,2182,2182,14,1,14,14,14
50,60,733,1,733,733,733,1497,1,1497,1497,1497,13,1,13,13,13,2027,1,2027,2027,2027,13,1,13,13,13
50,60,748,1,748,748,748,1530,1,1530,1530,1530,15,1,15,15,15,2187,1,2187,2187,2187,15,1,15,15,15
50,60,739,1,739,739,739,1533,1,1533,1533,1533,14,1,14,14,14,2317,1,2317,2317,2317,15,1,15,15,15
50,60,706,1,706,706,706,1495,1,1495,1495,1495,12,1,12,12,12,1907,1,1907,1907,1907,12,1,12,12,12
50,60,754,1,754,754,754,1549,1,1549,1549,1549,15,1,15,15,15,2172,1,2172,2172,2172,15,1,15,15,15
50,60,724,1,724,724,724,1527,1,1527,1527,1527,15,1,15,15,15,2168,1,2168,2168,2168,15,1,15,15,15
50,60,737,1,737,737,737,1517,1,1517,1517,1517,14,1,14,14,14,2088,1,2088,2088,2088,14,1,14,14,14
50,60,683,1,683,683,683,1487,1,1487,1487,1487,13,1,13,13,13,2005,1,2005,2005,2005,13,1,13,13,13
50,60,735,1,735,735,735,1537,1,1537,1537,1537,14,1,14,14,14,2114,1,2114,2114,2114,14,1,14,14,14
50,60,736,1,736,736,736,1518,1,1518,1518,1518,13,1,13,13,13,2234,1,2234,2234,2234,14,1,14,14,14
50,60,772,1,772,772,772,1575,1,1575,1575,1575,16,1,16,16,16,2301,1,2301,2301,2301,16,1,16,16,16
50,60,743,1,743,743,743,1516,1,1516,1516,1516,14,1,14,14,14,2081,1,2081,2081,2081,14,1,14,14,14
50,60,758,1,758,758,758,1541,1,1541,1541,1541,15,1,15,15,15,2179,1,2179,2179,2179,15,1,15,15,15
50,60,723,1,723,723,723,1515,1,1515,1515,1515,14,1,14,14,14,2057,1,2057,2057,2057,13,1,13,13,13
50,60,735,1,735,735,735,1515,1,1515,1515,1515,14,1,14,14,14,2180,1,2180,2180,2180,14,1,14,14,14
50,60,741,1,741,741,741,1550,1,1550,1550,1550,15,1,15,15,15,2198,1,2198,2198,2198,15,1,15,15,15
50,60,746,1,746,746,746,1534,1,1534,1534,1534,15,1,15,15,15,2156,1,2156,2156,2156,15,1,15,15,15
50,60,742,1,742,742,742,1523,1,1523,1523,1523,13,1,13,13,13,1982,1,1982,1982,1982,13,1,13,13,13
50,60,702,1,702,702,702,1507,1,1507,1507,1507,13,1,13,13,13,1973,1,1973,1973,1973,12,1,12,12,12
50,60,721,1,721,721,721,1498,1,1498,1498,1498,13,1,13,13,13,2103,1,2103,2103,2103,13,1,13,13,13
50,60,747,1,747,747,747,1510,1,1510,1510,1510,13,1,13,13,13,1957,1,1957,1957,1957,13,1,13,13,13
50,60,765,1,765,765,765,1546,1,1546,1546,1546,15,1,15,15,15,2182,1,2182,2182,2182,15,1,15,15,15
50,60,725,1,725,725,725,1507,1,1507,1507,1507,14,1,14,14,14,2076,1,2076,2076,2076,14,1,14,14,14
50,60,729,1,729,729,729,1531,1,1531,1531,1531,14,1,14,14,14,2131,1,2131,2131,2131,14,1,14,14,14
50,60,740,1,740,740,740,1514,1,1514,1514,1514,14,1,14,14,14,2073,1,2073,2073,2073,14,1,14,14,14
50,60,749,1,749,749,749,1532,1,1532,1532,1532,15,1,15,15,15,2199,1,2199,2199,2199,15,1,15,15,15
50,60,720,1,720,720,720,1521,1,1521,1521,1521,14,1,14,14,14,2093,1,2093,2093,2093,14,1,14,14,14
50,60,726,1,726,726,726,1520,1,1520,1520,1520,14,1,14,14,14,2131,1,2131,2131,2131,14,1,14,14,14
50,60,714,1,714,714,714,1513,1,1513,1513,1513,15,1,15,15,15,2216,1,2216,2216,2216,15,1,15,15,15
50,60,711,1,711,711,711,1505,1,1505,1505,1505,14,1,14,14,14,2123,1,2123,2123,2123,14,1,14,14,14
50,60,756,1,756,756,756,1511,1,1511,1511,1511,14,1,14,14,14,2106,1,2106,2106,2106,14,1,14,14,14
50,60,738,1,738,738,738,1527,1,1527,1527,1527,14,1,14,14,14,2129,1,2129,2129,2129,14,1,14,14,14
50,60,705,1,705,705,705,1498,1,1498,1498,1498,13,1,13,13,13,1972,1,1972,1972,1972,13,1,13,13,13
50,60,747,1,747,747,747,1544,1,1544,1544,1544,15,1,15,15,15,2192,1,2192,2192,2192,15,1,15,15,15
50,60,709,1,709,709,709,1510,1,1510,1510,1510,13,1,13,13,13,2013,1,2013,2013,2013,13,1,13,13,13
50,60,711,1,711,711,711,1559,1,1559,1559,1559,15,1,15,15,15,2233,1,2233,2233,2233,15,1,15,15,15
50,60,722,1,722,722,722,1523,1,1523,1523,1523,13,1,13,13,13,2067,1,2067,2067,2067,13,1,13,13,13
50,60,720,1,720,720,720,1543,1,1543,1543,1543,15,1,15,15,15,2193,1,2193,2193,2193,15,1,15,15,15
50,60,753,1,753,753,753,1486,1,1486,1486,1486,14,1,14,14,14,2058,1,2058,2058,2058,14,1,14,14,14
50,60,720,1,720,720,720,1504,1,1504,1504,1504,14,1,14,14,14,2115,1,2115,2115,2115,14,1,14,14,14
50,60,759,1,759,759,759,1543,1,1543,1543,1543,15,1,15,15,15,2141,1,2141,2141,2141,15,1,15,15,15
50,60,756,1,756,756,756,1535,1,1535,1535,1535,14,1,14,14,14,2079,1,2079,2079,2079,14,1,14,14,14
50,60,746,1,746,746,746,1534,1,1534,1534,1534,14,1,14,14,14,2089,1,2089,2089,2089,14,1,14,14,14
50,60,732,1,732,732,732,1530,1,1530,1530,1530,14,1,14,14,14,2093,1,2093,2093,2093,14,1,14,14,14
50,60,738,1,738,738,738,1502,1,1502,1502,1502,14,1,14,14,14,2097,1,2097,2097,2097,14,1,14,14,14
50,60,713,1,713,713,713,1514,1,1514,1514,1514,14,1,14,14,14,2107,1,2107,2107,2107,14,1,14,14,14
50,60,758,1,758,758,758,1514,1,1514,1514,1514,15,1,15,15,15,2221,1,2221,2221,2221,15,1,15,15,15
50,60,736,1,736,736,736,1527,1,1527,1527,1527,14,1,14,14,14,2134,1,2134,2134,2134,14,1,14,14,14
50,60,719,1,719,719,719,1545,1,1545,1545,1545,16,1,16,16,16,2275,1,2275,2275,2275,16,1,16,16,16
50,60,689,1,689,689,689,1518,1,1518,1518,1518,15,1,15,15,15,2230,1,2230,2230,2230,15,1,15,15,15
50,60,732,1,732,732,732,1518,1,1518,1518,1518,15,1,15,15,15,2207,1,2207,2207,2207,15,1,15,15,15
50,60,737,1,737,737,737,1521,1,1521,1521,1521,15,1,15,15,15,2196,1,2196,2196,2196,15,1,15,15,15
50,60,777,1,777,777,777,1557,1,1557,1557,1557,16,1,16,16,16,2260,1,2260,2260,2260,16,1,16,16,16
50,60,737,1,737,737,737,1522,1,1522,1522,1522,14,1,14,14,14,2100,1,2100,2100,2100,14,1,14,14,14
50,60,735,1,735,735,735,1523,1,1523,1523,1523,14,1,14,14,14,2079,1,2079,2079,2079,14,1,14,14,14
50,60,722,1,722,722,722,1526,1,1526,1526,1526,14,1,14,14,14,2107,1,2107,2107,2107,14,1,14,14,14
50,60,711,1,711,711,711,1516,1,1516,1516,1516,14,1,14,14,14,2337,1,2337,2337,2337,15,1,15,15,15
50,60,749,1,749,749,749,1503,1,1503,1503,1503,14,1,14,14,14,2016,1,2016,2016,2016,14,1,14,14,14
50,60,717,1,717,717,717,1538,1,1538,1538,1538,15,1,15,15,15,2249,1,2249,2249,2249,15,1,15,15,15
50,60,744,1,744,744,744,1510,1,1510,1510,1510,14,1,14,14,14,2116,1,2116,2116,2116,14,1,14,14,14
50,60,750,1,750,750,750,1520,1,1520,1520,1520,14,1,14,14,14,2044,1,2044,2044,2044,14,1,14,14,14
50,60,747,1,747,747,747,1547,1,1547,1547,1547,15,1,15,15,15,2293,1,2293,2293,2293,15,1,15,15,15
50,60,742,1,742,742,742,1548,1,1548,1548,1548,15,1,15,15,15,2226,1,2226,2226,2226,15,1,15,15,15
50,60,743,1,743,743,743,1497,1,1497,1497,1497,13,1,13,13,13,1954,1,1954,1954,1954,13,1,13,13,13
50,60,769,1,769,769,769,1549,1,1549,1549,1549,15,1,15,15,15,2179,1,2179,2179,2179,15,1,15,15,15
50,60,731,1,731,731,731,1526,1,1526,1526,1526,14,1,14,14,14,2050,1,2050,2050,2050,13,1,13,13,13
50,60,724,1,724,724,724,1553,1,1553,1553,1553,14,1,14,14,14,2101,1,2101,2101,2101,14,1,14,14,14
50,60,749,1,749,749,749,1499,1,1499,1499,1499,14,1,14,14,14,2081,1,2081,2081,2081,14,1,14,14,14
50,60,725,1,725,725,725,1500,1,1500,1500,1500,13,1,13,13,13,1976,1,1976,1976,1976,13,1,13,13,13
50,60,725,1,725,725,725,1529,1,1529,1529,1529,15,1,15,15,15,2210,1,2210,2210,2210,15,1,15,15,15
50,60,747,1,747,747,747,1541,1,1541,1541,1541,14,1,14,14,14,2118,1,2118,2118,2118,14,1,14,14,14
50,60,721,1,721,721,721,1524,1,1524,1524,1524,14,1,14,14,14,2138,1,2138,2138,2138,14,1,14,14,14
50,60,751,1,751,751,751,1551,1,1551,1551,1551,15,1,15,15,15,2188,1,2188,2188,2188,15,1,15,15,15
50,60,764,1,764,764,764,1540,1,1540,1540,1540,15,1,15,15,15,2212,1,2212,2212,2212,15,1,15,15,15
50,60,717,1,717,717,717,1525,1,1525,1525,1525,14,1,14,14,14,2049,1,2049,2049,2049,14,1,14,14,14
50,60,730,1,730,730,730,1531,1,1531,1531,1531,15,1,15,15,15,2157,1,2157,2157,2157,15,1,15,15,15
50,60,732,1,732,732,732,1552,1,1552,1552,1552,14,1,14,14,14,2302,1,2302,2302,2302,15,1,15,15,15
50,60,726,1,726,726,726,1531,1,1531,1531,1531,14,1,14,14,14,2039,1,2039,2039,2039,14,1,14,14,14
50,60,727,1,727,727,727,1516,1,1516,1516,1516,14,1,14,14,14,2093,1,2093,2093,2093,14,1,14,14,14
50,60,762,1,762,762,762,1499,1,1499,1499,1499,13,1,13,13,13,1967,1,1967,1967,1967,13,1,13,13,13
50,60,742,1,742,742,742,1523,1,1523,1523,1523,15,1,15,15,15,2059,1,2059,2059,2059,13,1,13,13,13
50,60,738,1,738,738,738,1538,1,1538,1538,1538,14,1,14,14,14,2060,1,2060,2060,2060,14,1,14,14,14
50,60,723,1,723,723,723,1504,1,1504,1504,1504,13,1,13,13,13,1956,1,1956,1956,1956,13,1,13,13,13
50,60,728,1,728,728,728,1528,1,1528,1528,1528,15,1,15,15,15,2179,1,2179,2179,2179,15,1,15,15,15
50,60,755,1,755,755,755,1498,1,1498,1498,1498,12,1,12,12,12,1866,1,1866,1866,1866,12,1,12,12,12
50,60,730,1,730,730,730,1510,1,1510,1510,1510,14,1,14,14,14,2077,1,2077,2077,2077,14,1,14,14,14
50,60,736,1,736,736,736,1518,1,1518,1518,1518,14,1,14,14,14,2035,1,2035,2035,2035,14,1,14,14,14
50,60,757,1,757,757,757,1532,1,1532,1532,1532,15,1,15,15,15,2221,1,2221,2221,2221,15,1,15,15,15
50,60,747,1,747,747,747,1540,1,1540,1540,1540,15,1,15,15,15,2158,1,2158,2158,2158,15,1,15,15,15
50,60,744,1,744,744,744,1537,1,1537,1537,1537,15,1,15,15,15,2275,1,2275,2275,2275,15,1,15,15,15
50,60,727,1,727,727,727,1482,1,1482,1482,1482,13,1,13,13,13,1966,1,1966,1966,1966,13,1,13,13,13
50,60,704,1,704,704,704,1529,1,1529,1529,1529,14,1,14,14,14,2111,1,2111,2111,2111,14,1,14,14,14
50,60,736,1,736,736,736,1527,1,1527,1527,1527,15,1,15,15,15,2158,1,2158,2158,2158,15,1,15,15,15
50,60,740,1,740,740,740,1512,1,1512,1512,1512,14,1,14,14,14,2163,1,2163,2163,2163,14,1,14,14,14
50,60,736,1,736,736,736,1516,1,1516,1516,1516,14,1,14,14,14,2033,1,2033,2033,2033,13,1,13,13,13
50,60,743,1,743,743,743,1546,1,1546,1546,1546,15,1,15,15,15,2213,1,2213,2213,2213,15,1,15,15,15
50,60,765,1,765,765,765,1527,1,1527,1527,1527,15,1,15,15,15,2154,1,2154,2154,2154,15,1,15,15,15
50,60,739,1,739,739,739,1524,1,1524,1524,1524,14,1,14,14,14,2083,1,2083,2083,2083,14,1,14,14,14
50,60,717,1,717,717,717,1511,1,1511,1511,1511,14,1,14,14,14,1991,1,1991,1991,1991,14,1,14,14,14
50,60,730,1,730,730,730,1510,1,1510,1510,1510,14,1,14,14,14,2068,1,2068,2068,2068,14,1,14,14,14
50,60,772,1,772,772,772,1540,1,1540,1540,1540,15,1,15,15,15,2158,1,2158,2158,2158,15,1,15,15,15
50,60,716,1,716,716,716,1498,1,1498,1498,1498,13,1,13,13,13,2015,1,2015,2015,2015,13,1,13,13,13
50,60,696,1,696,696,696,1517,1,1517,1517,1517,14,1,14,14,14,2100,1,2100,2100,2100,14,1,14,14,14
50,60,722,1,722,722,722,1483,1,1483,1483,1483,13,1,13,13,13,2133,1,2133,2133,2133,14,1,14,14,14
50,60,766,1,766,766,766,1569,1,1569,1569,1569,15,1,15,15,15,2204,1,2204,2204,2204,15,1,15,15,15
50,60,724,1,724,724,724,1506,1,1506,1506,1506,14,1,14,14,14,2090,1,2090,2090,2090,14,1,14,14,14
50,60,737,1,737,737,737,1540,1,1540,1540,1540,15,1,15,15,15,2222,1,2222,2222,2222,15,1,15,15,15
50,60,743,1,743,743,743,1523,1,1523,1523,1523,14,1,14,14,14,2042,1,2042,2042,2042,14,1,14,14,14
50,60,724,1,724,724,724,1509,1,1509,1509,1509,13,1,13,13,13,1960,1,1960,1960,1960,13,1,13,13,13
50,60,725,1,725,725,725,1504,1,1504,1504,1504,14,1,14,14,14,2050,1,2050,2050,2050,14,1,14,14,14
50,60,730,1,730,730,730,1527,1,1527,1527,1527,14,1,14,14,14,2134,1,2134,2134,2134,14,1,14,14,14
50,60,792,1,792,792,792,1599,1,1599,1599,1599,16,1,16,16,16,2289,1,2289,2289,2289,16,1,16,16,16
50,60,737,1,737,737,737,1520,1,1520,1520,1520,14,1,14,14,14,2088,1,2088,2088,2088,14,1,14,14,14
50,60,762,1,762,762,762,1558,1,1558,1558,1558,15,1,15,15,15,2258,1,2258,2258,2258,15,1,15,15,15
50,60,751,1,751,751,751,1519,1,1519,1519,1519,13,1,13,13,13,1959,1,1959,1959,1959,13,1,13,13,13
50,60,726,1,726,726,726,1494,1,1494,1494,1494,13,1,13,13,13,1958,1,1958,1958,1958,13,1,13,13,13
50,60,721,1,721,721,721,1555,1,1555,1555,1555,16,1,16,16,16,2372,1,2372,2372,2372,16,1,16,16,16
50,60,749,1,749,749,749,1547,1,1547,1547,1547,15,1,15,15,15,2148,1,2148,2148,2148,15,1,15,15,15
50,60,724,1,724,724,724,1511,1,1511,1511,1511,14,1,14,14,14,2126,1,2126,2126,2126,14,1,14,14,14
50,60,731,1,731,731,731,1522,1,1522,1522,1522,14,1,14,14,14,2119,1,2119,2119,2119,14,1,14,14,14
50,60,731,1,731,731,731,1523,1,1523,1523,1523,14,1,14,14,14,2091,1,2091,2091,2091,14,1,14,14,14
50,60,737,1,737,737,737,1518,1,1518,1518,1518,14,1,14,14,14,2047,1,2047,2047,2047,14,1,14,14,14
50,60,759,1,759,759,759,1556,1,1556,1556,1556,15,1,15,15,15,2227,1,2227,2227,2227,15,1,15,15,15
50,60,715,1,715,715,715,1520,1,1520,1520,1520,14,1,14,14,14,2098,1,2098,2098,2098,14,1,14,14,14
50,60,719,1,719,719,719,1542,1,1542,1542,1542,15,1,15,15,15,2224,1,2224,2224,2224,15,1,15,15,15
50,60,740,1,740,740,740,1533,1,1533,1533,1533,14,1,14,14,14,2021,1,2021,2021,2021,14,1,14,14,14
50,60,745,1,745,745,745,1510,1,1510,1510,1510,14,1,14,14,14,2051,1,2051,2051,2051,14,1,14,14,14
50,60,691,1,691,691,691,1503,1,1503,1503,1503,13,1,13,13,13,2039,1,2039,2039,2039,13,1,13,13,13
50,60,731,1,731,731,731,1498,1,1498,1498,1498,13,1,13,13,13,2197,1,2197,2197,2197,14,1,14,14,14
50,60,741,1,741,741,741,1546,1,1546,1546,1546,14,1,14,14,14,2071,1,2071,2071,2071,14,1,14,14,14
50,60,742,1,742,742,742,1530,1,1530,1530,1530,14,1,14,14,14,2062,1,2062,2062,2062,14,1,14,14,14
50,60,738,1,738,738,738,1543,1,1543,1543,1543,15,1,15,15,15,2200,1,2200,2200,2200,15,1,15,15,15
50,60,755,1,755,755,755,1528,1,1528,1528,1528,14,1,14,14,14,2085,1,2085,2085,2085,14,1,14,14,14
50,60,738,1,738,738,738,1504,1,1504,1504,1504,14,1,14,14,14,2056,1,2056,2056,2056,14,1,14,14,14
50,60,739,1,739,739,739,1518,1,1518,1518,1518,13,1,13,13,13,2127,1,2127,2127,2127,13,1,13,13,13
50,60,757,1,757,757,757,1535,1,1535,1535,1535,14,1,14,14,14,2067,1,2067,2067,2067,14,1,14,14,14
50,60,746,1,746,746,746,1552,1,1552,1552,1552,15,1,15,15,15,2188,1,2188,2188,2188,15,1,15,15,15
50,60,742,1,742,742,742,1528,1,1528,1528,1528,15,1,15,15,15,2216,1,2216,2216,2216,15,1,15,15,15
50,60,744,1,744,744,744,1543,1,1543,1543,1543,15,1,15,15,15,2140,1,2140,2140,2140,15,1,15,15,15
50,60,743,1,743,743,743,1520,1,1520,1520,1520,15,1,15,15,15,2154,1,2154,2154,2154,15,1,15,15,15
50,60,747,1,747,747,747,1526,1,1526,1526,1526,13,1,13,13,13,1983,1,1983,1983,1983,13,1,13,13,13
50,60,718,1,718,718,718,1548,1,1548,1548,1548,14,1,14,14,14,2140,1,2140,2140,2140,14,1,14,14,14
50,60,727,1,727,727,727,1524,1,1524,1524,1524,15,1,15,15,15,2253,1,2253,2253,2253,15,1,15,15,15
50,60,757,1,757,757,757,1520,1,1520,1520,1520,16,1,16,16,16,2314,1,2314,2314,2314,16,1,16,16,16
50,60,733,1,733,733,733,1488,1,1488,1488,1488,13,1,13,13,13,1991,1,1991,1991,1991,13,1,13,13,13
50,60,728,1,728,728,728,1495,1,1495,1495,1495,13,1,13,13,13,2162,1,2162,2162,2162,14,1,14,14,14
50,60,763,1,763,763,763,1555,1,1555,1555,1555,14,1,14,14,14,2081,1,2081,2081,2081,14,1,14,14,14
50,60,730,1,730,730,730,1500,1,1500,1500,1500,13,1,13,13,13,1990,1,1990,1990,1990,13,1,13,13,13
50,60,742,1,742,742,742,1564,1,1564,1564,1564,16,1,16,16,16,2290,1,2290,2290,2290,16,1,16,16,16
50,60,734,1,734,734,734,1513,1,1513,1513,1513,14,1,14,14,14,2042,1,2042,2042,2042,14,1,14,14,14
50,60,749,1,749,749,749,1521,1,1521,1521,1521,14,1,14,14,14,2093,1,2093,2093,2093,14,1,14,14,14
50,60,726,1,726,726,726,1519,1,1519,1519,1519,14,1,14,14,14,2084,1,2084,2084,2084,14,1,14,14,14
50,60,731,1,731,731,731,1558,1,1558,1558,1558,15,1,15,15,15,2195,1,2195,2195,2195,15,1,15,15,15
50,60,711,1,711,711,711,1531,1,1531,1531,1531,14,1,14,14,14,2041,1,2041,2041,2041,14,1,14,14,14
50,60,750,1,750,750,750,1548,1,1548,1548,1548,15,1,15,15,15,2212,1,2212,2212,2212,14,1,14,14,14
50,60,748,1,748,748,748,1512,1,1512,1512,1512,14,1,14,14,14,2082,1,2082,2082,2082,14,1,14,14,14
50,60,755,1,755,755,755,1541,1,1541,1541,1541,14,1,14,14,14,2017,1,2017,2017,2017,13,1,13,13,13
50,60,721,1,721,721,721,1541,1,1541,1541,1541,15,1,15,15,15,2119,1,2119,2119,2119,14,1,14,14,14
50,60,730,1,730,730,730,1522,1,1522,1522,1522,15,1,15,15,15,2184,1,2184,2184,2184,15,1,15,15,15
50,60,749,1,749,749,749,1552,1,1552,1552,1552,15,1,15,15,15,2247,1,2247,2247,2247,15,1,15,15,15
50,60,748,1,748,748,748,1531,1,1531,1531,1531,14,1,14,14,14,2103,1,2103,2103,2103,14,1,14,14,14
50,60,763,1,763,763,763,1528,1,1528,1528,1528,15,1,15,15,15,2150,1,2150,2150,2150,15,1,15,15,15
50,60,758,1,758,758,758,1526,1,1526,1526,1526,14,1,14,14,14,2124,1,2124,2124,2124,14,1,14,14,14
50,60,749,1,749,749,749,1551,1,1551,1551,1551,15,1,15,15,15,2189,1,2189,2189,2189,15,1,15,15,15
50,60,723,1,723,723,723,1506,1,1506,1506,1506,13,1,13,13,13,1960,1,1960,1960,1960,13,1,13,13,13
50,60,713,1,713,713,713,1495,1,1495,1495,1495,13,1,13,13,13,1888,1,1888,1888,1888,12,1,12,12,12
50,60,740,1,740,740,740,1511,1,1511,1511,1511,14,1,14,14,14,2049,1,2049,2049,2049,14,1,14,14,14
50,60,695,1,695,695,695,1495,1,1495,1495,1495,13,1,13,13,13,2098,1,2098,2098,2098,13,1,13,13,13
50,60,705,1,705,705,705,1502,1,1502,1502,1502,14,1,14,14,14,2060,1,2060,2060,2060,14,1,14,14,14
50,60,734,1,734,734,734,1530,1,1530,1530,1530,15,1,15,15,15,2183,1,2183,2183,2183,15,1,15,15,15
50,60,747,1,747,747,747,1518,1,1518,1518,1518,14,1,14,14,14,2092,1,2092,2092,2092,14,1,14,14,14
50,60,733,1,733,733,733,1512,1,1512,1512,1512,14,1,14,14,14,2070,1,2070,2070,2070,14,1,14,14,14
50,60,741,1,741,741,741,1533,1,1533,1533,1533,14,1,14,14,14,2105,1,2105,2105,2105,14,1,14,14,14
50,60,743,1,743,743,743,1504,1,1504,1504,1504,13,1,13,13,13,1954,1,1954,1954,1954,13,1,13,13,13
50,60,767,1,767,767,767,1542,1,1542,1542,1542,15,1,15,15,15,2149,1,2149,2149,2149,15,1,15,15,15
50,60,735,1,735,735,735,1519,1,1519,1519,1519,14,1,14,14,14,2349,1,2349,2349,2349,15,1,15,15,15
50,60,745,1,745,745,745,1522,1,1522,1522,1522,14,1,14,14,14,2075,1,2075,2075,2075,14,1,14,14,14
50,60,715,1,715,715,715,1513,1,1513,1513,1513,14,1,14,14,14,2145,1,2145,2145,2145,14,1,14,14,14
50,60,773,1,773,773,773,1548,1,1548,1548,1548,14,1,14,14,14,2347,1,2347,2347,2347,16,1,16,16,16
50,60,752,1,752,752,752,1556,1,1556,1556,1556,16,1,16,16,16,2329,1,2329,2329,2329,16,1,16,16,16
50,60,739,1,739,739,739,1539,1,1539,1539,1539,15,1,15,15,15,2186,1,2186,2186,2186,15,1,15,15,15
50,60,745,1,745,745,745,1546,1,1546,1546,1546,14,1,14,14,14,2094,1,2094,2094,2094,14,1,14,14,14
50,60,745,1,745,745,745,1520,1,1520,1520,1520,15,1,15,15,15,2145,1,2145,2145,2145,15,1,15,15,15
50,60,738,1,738,738,738,1516,1,1516,1516,1516,14,1,14,14,14,2212,1,2212,2212,2212,14,1,14,14,14
50,60,720,1,720,720,720,1532,1,1532,1532,1532,16,1,16,16,16,2391,1,2391,2391,2391,16,1,16,16,16
50,60,713,1,713,713,713,1514,1,1514,1514,1514,14,1,14,14,14,2047,1,2047,2047,2047,14,1,14,14,14
50,60,720,1,720,720,720,1494,1,1494,1494,1494,13,1,13,13,13,2102,1,2102,2102,2102,12,1,12,12,12
50,60,715,1,715,715,715,1530,1,1530,1530,1530,15,1,15,15,15,2236,1,2236,2236,2236,15,1,15,15,15
50,60,703,1,703,703,703,1529,1,1529,1529,1529,15,1,15,15,15,2243,1,2243,2243,2243,15,1,15,15,15
50,60,730,1,730,730,730,1524,1,1524,1524,1524,14,1,14,14,14,2063,1,2063,2063,2063,13,1,13,13,13
50,60,761,1,761,761,761,1537,1,1537,1537,1537,14,1,14,14,14,2102,1,2102,2102,2102,14,1,14,14,14
50,60,720,1,720,720,720,1496,1,1496,1496,1496,13,1,13,13,13,2011,1,2011,2011,2011,13,1,13,13,13
50,60,748,1,748,748,748,1562,1,1562,1562,1562,16,1,16,16,16,2353,1,2353,2353,2353,16,1,16,16,16
50,60,732,1,732,732,732,1531,1,1531,1531,1531,14,1,14,14,14,2026,1,2026,2026,2026,14,1,14,14,14
50,60,750,1,750,750,750,1537,1,1537,1537,1537,15,1,15,15,15,2198,1,2198,2198,2198,15,1,15,15,15
50,60,736,1,736,736,736,1525,1,1525,1525,1525,13,1,13,13,13,2022,1,2022,2022,2022,13,1,13,13,13
50,60,741,1,741,741,741,1521,1,1521,1521,1521,15,1,15,15,15,2203,1,2203,2203,2203,15,1,15,15,15
50,60,727,1,727,727,727,1541,1,1541,1541,1541,14,1,14,14,14,2158,1,2158,2158,2158,14,1,14,14,14
50,60,721,1,721,721,721,1511,1,1511,1511,1511,14,1,14,14,14,2084,1,2084,2084,2084,14,1,14,14,14
50,60,744,1,744,744,744,1531,1,1531,1531,1531,14,1,14,14,14,2130,1,2130,2130,2130,14,1,14,14,14
50,60,737,1,737,737,737,1560,1,1560,1560,1560,15,1,15,15,15,2157,1,2157,2157,2157,14,1,14,14,14
50,60,745,1,745,745,745,1512,1,1512,1512,1512,14,1,14,14,14,2025,1,2025,2025,2025,14,1,14,14,14
50,60,750,1,750,750,750,1518,1,1518,1518,1518,14,1,14,14,14,2101,1,2101,2101,2101,14,1,14,14,14
50,60,748,1,748,748,748,1545,1,1545,1545,1545,15,1,15,15,15,2180,1,2180,2180,2180,15,1,15,15,15
50,60,737,1,737,737,737,1538,1,1538,1538,1538,14,1,14,14,14,2067,1,2067,2067,2067,14,1,14,14,14
50,60,735,1,735,735,735,1524,1,1524,1524,1524,13,1,13,13,13,1950,1,1950,1950,1950,13,1,13,13,13
50,60,695,1,695,695,695,1515,1,1515,1515,1515,13,1,13,13,13,1978,1,1978,1978,1978,13,1,13,13,13
50,60,771,1,771,771,771,1568,1,1568,1568,1568,16,1,16,16,16,2278,1,2278,2278,2278,16,1,16,16,16
50,60,744,1,744,744,744,1551,1,1551,1551,1551,15,1,15,15,15,2201,1,2201,2201,2201,15,1,15,15,15
50,60,745,1,745,745,745,1497,1,1497,1497,1497,12,1,12,12,12,1891,1,1891,1891,1891,12,1,12,12,12
50,60,744,1,744,744,744,1533,1,1533,1533,1533,14,1,14,14,14,2199,1,2199,2199,2199,14,1,14,14,14
50,60,739,1,739,739,739,1523,1,1523,1523,1523,14,1,14,14,14,2066,1,2066,2066,2066,14,1,14,14,14
50,60,778,1,778,778,778,1548,1,1548,1548,1548,16,1,16,16,16,2284,1,2284,2284,2284,16,1,16,16,16
50,60,728,1,728,728,728,1486,1,1486,1486,1486,13,1,13,13,13,1918,1,1918,1918,1918,13,1,13,13,13
50,60,735,1,735,735,735,1571,1,1571,1571,1571,16,1,16,16,16,2303,1,2303,2303,2303,16,1,16,16,16
50,60,746,1,746,746,746,1519,1,1519,1519,1519,14,1,14,14,14,2081,1,2081,2081,2081,14,1,14,14,14
50,60,724,1,724,724,724,1516,1,1516,1516,1516,14,1,14,14,14,2045,1,2045,2045,2045,14,1,14,14,14
50,60,732,1,732,732,732,1561,1,1561,1561,1561,15,1,15,15,15,2208,1,2208,2208,2208,15,1,15,15,15
50,60,793,1,793,793,793,1569,1,1569,1569,1569,15,1,15,15,15,2239,1,2239,2239,2239,15,1,15,15,15
50,60,718,1,718,718,718,1516,1,1516,1516,1516,14,1,14,14,14,2077,1,2077,2077,2077,14,1,14,14,14
50,60,724,1,724,724,724,1513,1,1513,1513,1513,14,1,14,14,14,2091,1,2091,2091,2091,14,1,14,14,14
50,60,707,1,707,707,707,1511,1,1511,1511,1511,13,1,13,13,13,2011,1,2011,2011,2011,13,1,13,13,13
50,60,749,1,749,749,749,1506,1,1506,1506,1506,13,1,13,13,13,1996,1,1996,1996,1996,13,1,13,13,13
50,60,737,1,737,737,737,1510,1,1510,1510,1510,14,1,14,14,14,2074,1,2074,2074,2074,14,1,14,14,14
50,60,735,1,735,735,735,1542,1,1542,1542,1542,15,1,15,15,15,2296,1,2296,2296,2296,15,1,15,15,15
50,60,708,1,708,708,708,1463,1,1463,1463,1463,12,1,12,12,12,1929,1,1929,1929,1929,12,1,12,12,12
50,60,736,1,736,736,736,1522,1,1522,1522,1522,13,1,13,13,13,1935,1,1935,1935,1935,13,1,13,13,13
50,60,701,1,701,701,701,1483,1,1483,1483,1483,13,1,13,13,13,1975,1,1975,1975,1975,13,1,13,13,13
50,60,743,1,743,743,743,1530,1,1530,1530,1530,14,1,14,14,14,2047,1,2047,2047,2047,14,1,14,14,14
50,60,714,1,714,714,714,1507,1,1507,1507,1507,14,1,14,14,14,2096,1,2096,2096,2096,14,1,14,14,14
50,60,714,1,714,714,714,1512,1,1512,1512,1512,13,1,13,13,13,1969,1,1969,1969,1969,13,1,13,13,13
50,60,728,1,728,728,728,1540,1,1540,1540,1540,14,1,14,14,14,2103,1,2103,2103,2103,14,1,14,14,14
50,60,728,1,728,728,728,1517,1,1517,1517,1517,14,1,14,14,14,2094,1,2094,2094,2094,14,1,14,14,14
50,60,740,1,740,740,740,1511,1,1511,1511,1511,15,1,15,15,15,2152,1,2152,2152,2152,15,1,15,15,15
50,60,760,1,760,760,760,1545,1,1545,1545,1545,14,1,14,14,14,2106,1,2106,2106,2106,14,1,14,14,14
50,60,728,1,728,728,728,1505,1,1505,1505,1505,14,1,14,14,14,2057,1,2057,2057,2057,14,1,14,14,14
50,60,742,1,742,742,742,1531,1,1531,1531,1531,15,1,15,15,15,2197,1,2197,2197,2197,15,1,15,15,15
50,60,751,1,751,751,751,1537,1,1537,1537,1537,15,1,15,15,15,2206,1,2206,2206,2206,15,1,15,15,15
50,60,745,1,745,745,745,1543,1,1543,1543,1543,16,1,16,16,16,2281,1,2281,2281,2281,16,1,16,16,16
50,60,738,1,738,738,738,1540,1,1540,1540,1540,15,1,15,15,15,2152,1,2152,2152,2152,15,1,15,15,15
50,60,751,1,751,751,751,1521,1,1521,1521,1521,15,1,15,15,15,2298,1,2298,2298,2298,15,1,15,15,15
50,60,728,1,728,728,728,1531,1,1531,1531,1531,14,1,14,14,14,2027,1,2027,2027,2027,14,1,14,14,14
50,60,736,1,736,736,736,1558,1,1558,1558,1558,15,1,15,15,15,2222,1,2222,2222,2222,15,1,15,15,15
50,60,727,1,727,727,727,1538,1,1538,1538,1538,15,1,15,15,15,2178,1,2178,2178,2178,15,1,15,15,15
50,60,730,1,730,730,730,1550,1,1550,1550,1550,15,1,15,15,15,2175,1,2175,2175,2175,15,1,15,15,15
50,60,741,1,741,741,741,1517,1,1517,1517,1517,14,1,14,14,14,2110,1,2110,2110,2110,14,1,14,14,14
50,60,717,1,717,717,717,1479,1,1479,1479,1479,13,1,13,13,13,1931,1,1931,1931,1931,13,1,13,13,13
50,60,699,1,699,699,699,1493,1,1493,1493,1493,13,1,13,13,13,2031,1,2031,2031,2031,13,1,13,13,13
50,60,705,1,705,705,705,1518,1,1518,1518,1518,14,1,14,14,14,2079,1,2079,2079,2079,14,1,14,14,14
50,60,727,1,727,727,727,1510,1,1510,1510,1510,12,1,12,12,12,1954,1,1954,1954,1954,12,1,12,12,12
50,60,712,1,712,712,712,1507,1,1507,1507,1507,14,1,14,14,14,2105,1,2105,2105,2105,14,1,14,14,14
50,60,723,1,723,723,723,1535,1,1535,1535,1535,15,1,15,15,15,2205,1,2205,2205,2205,15,1,15,15,15
50,60,722,1,722,722,722,1506,1,1506,1506,1506,14,1,14,14,14,2007,1,2007,2007,2007,14,1,14,14,14
50,60,718,1,718,718,718,1533,1,1533,1533,1533,14,1,14,14,14,2090,1,2090,2090,2090,14,1,14,14,14
50,60,741,1,741,741,741,1532,1,1532,1532,1532,14,1,14,14,14,2096,1,2096,2096,2096,14,1,14,14,14
50,60,724,1,724,724,724,1516,1,1516,1516,1516,14,1,14,14,14,2126,1,2126,2126,2126,14,1,14,14,14
50,60,713,1,713,713,713,1532,1,1532,1532,1532,14,1,14,14,14,2164,1,2164,2164,2164,14,1,14,14,14
50,60,730,1,730,730,730,1509,1,1509,1509,1509,14,1,14,14,14,2079,1,2079,2079,2079,14,1,14,14,14
50,60,710,1,710,710,710,1496,1,1496,1496,1496,13,1,13,13,13,2028,1,2028,2028,2028,13,1,13,13,13
50,60,718,1,718,718,718,1509,1,1509,1509,1509,14,1,14,14,14,2154,1,2154,2154,2154,14,1,14,14,14
50,60,758,1,758,758,758,1543,1,1543,1543,1543,15,1,15,15,15,2144,1,2144,2144,2144,15,1,15,15,15
50,60,749,1,749,749,749,1511,1,1511,1511,1511,14,1,14,14,14,2093,1,2093,2093,2093,14,1,14,14,14
50,60,726,1,726,726,726,1531,1,1531,1531,1531,14,1,14,14,14,2246,1,2246,2246,2246,15,1,15,15,15
50,60,749,1,749,749,749,1540,1,1540,1540,1540,15,1,15,15,15,2224,1,2224,2224,2224,15,1,15,15,15
50,60,764,1,764,764,764,1530,1,1530,1530,1530,14,1,14,14,14,2070,1,2070,2070,2070,14,1,14,14,14
50,60,733,1,733,733,733,1517,1,1517,1517,1517,13,1,13,13,13,2012,1,2012,2012,2012,13,1,13,13,13
50,60,715,1,715,715,715,1515,1,1515,1515,1515,13,1,13,13,13,1992,1,1992,1992,1992,13,1,13,13,13
50,60,722,1,722,722,722,1504,1,1504,1504,1504,14,1,14,14,14,2048,1,2048,2048,2048,13,1,13,13,13
50,60,725,1,725,725,725,1527,1,1527,1527,1527,14,1,14,14,14,2081,1,2081,2081,2081,14,1,14,14,14
50,60,750,1,750,750,750,1532,1,1532,1532,1532,15,1,15,15,15,2206,1,2206,2206,2206,15,1,15,15,15
50,60,719,1,719,719,719,1517,1,1517,1517,1517,14,1,14,14,14,2074,1,2074,2074,2074,14,1,14,14,14
50,60,734,1,734,734,734,1536,1,1536,1536,1536,14,1,14,14,14,2114,1,2114,2114,2114,14,1,14,14,14
50,60,734,1,734,734,734,1518,1,1518,1518,1518,14,1,14,14,14,2108,1,2108,2108,2108,14,1,14,14,14
50,60,708,1,708,708,708,1524,1,1524,1524,1524,15,1,15,15,15,2214,1,2214,2214,2214,15,1,15,15,15
50,60,729,1,729,729,729,1555,1,1555,1555,1555,16,1,16,16,16,2335,1,2335,2335,2335,16,1,16,16,16
50,60,761,1,761,761,761,1542,1,1542,1542,1542,14,1,14,14,14,2096,1,2096,2096,2096,14,1,14,14,14
50,60,740,1,740,740,740,1526,1,1526,1526,1526,15,1,15,15,15,2139,1,2139,2139,2139,15,1,15,15,15
50,60,742,1,742,742,742,1544,1,1544,1544,1544,16,1,16,16,16,2322,1,2322,2322,2322,16,1,16,16,16
50,60,752,1,752,752,752,1538,1,1538,1538,1538,14,1,14,14,14,2052,1,2052,2052,2052,14,1,14,14,14
50,60,687,1,687,687,687,1496,1,1496,1496,1496,14,1,14,14,14,2043,1,2043,2043,2043,14,1,14,14,14
50,60,744,1,744,744,744,1537,1,1537,1537,1537,15,1,15,15,15,2355,1,2355,2355,2355,16,1,16,16,16
50,60,686,1,686,686,686,1509,1,1509,1509,1509,14,1,14,14,14,2138,1,2138,2138,2138,13,1,13,13,13
50,60,732,1,732,732,732,1564,1,1564,1564,1564,15,1,15,15,15,2231,1,2231,2231,2231,15,1,15,15,15
50,60,714,1,714,714,714,1530,1,1530,1530,1530,15,1,15,15,15,2233,1,2233,2233,2233,15,1,15,15,15
50,60,778,1,778,778,778,1521,1,1521,1521,1521,14,1,14,14,14,2016,1,2016,2016,2016,14,1,14,14,14
50,60,741,1,741,741,741,1518,1,1518,1518,1518,14,1,14,14,14,2052,1,2052,2052,2052,14,1,14,14,14
50,60,724,1,724,724,724,1523,1,1523,1523,1523,13,1,13,13,13,1999,1,1999,1999,1999,13,1,13,13,13
50,60,743,1,743,743,743,1509,1,1509,1509,1509,14,1,14,14,14,2080,1,2080,2080,2080,14,1,14,14,14
50,60,734,1,734,734,734,1515,1,1515,1515,1515,13,1,13,13,13,1934,1,1934,1934,1934,13,1,13,13,13
50,60,734,1,734,734,734,1515,1,1515,1515,1515,14,1,14,14,14,2130,1,2130,2130,2130,14,1,14,14,14
50,60,750,1,750,750,750,1554,1,1554,1554,1554,15,1,15,15,15,2217,1,2217,2217,2217,15,1,15,15,15
50,60,738,1,738,738,738,1528,1,1528,1528,1528,15,1,15,15,15,2209,1,2209,2209,2209,15,1,15,15,15
50,60,765,1,765,765,765,1570,1,1570,1570,1570,16,1,16,16,16,2371,1,2371,2371,2371,16,1,16,16,16
50,60,746,1,746,746,746,1517,1,1517,1517,1517,14,1,14,14,14,1997,1,1997,1997,1997,14,1,14,14,14
50,60,735,1,735,735,735,1531,1,1531,1531,1531,14,1,14,14,14,2122,1,2122,2122,2122,14,1,14,14,14
50,60,739,1,739,739,739,1529,1,1529,1529,1529,14,1,14,14,14,2144,1,2144,2144,2144,14,1,14,14,14
50,60,743,1,743,743,743,1557,1,1557,1557,1557,15,1,15,15,15,2217,1,2217,2217,2217,15,1,15,15,15
50,60,772,1,772,772,772,1561,1,1561,1561,1561,15,1,15,15,15,2131,1,2131,2131,2131,15,1,15,15,15
50,60,728,1,728,728,728,1514,1,1514,1514,1514,14,1,14,14,14,2157,1,2157,2157,2157,13,1,13,13,13
50,60,739,1,739,739,739,1552,1,1552,1552,1552,16,1,16,16,16,2263,1,2263,2263,2263,15,1,15,15,15
50,60,741,1,741,741,741,1522,1,1522,1522,1522,15,1,15,15,15,2223,1,2223,2223,2223,15,1,15,15,15
50,60,737,1,737,737,737,1526,1,1526,1526,1526,14,1,14,14,14,2101,1,2101,2101,2101,14,1,14,14,14
50,60,759,1,759,759,759,1535,1,1535,1535,1535,15,1,15,15,15,2184,1,2184,2184,2184,15,1,15,15,15
50,60,730,1,730,730,730,1526,1,1526,1526,1526,14,1,14,14,14,2120,1,2120,2120,2120,14,1,14,14,14
50,60,734,1,734,734,734,1530,1,1530,1530,1530,13,1,13,13,13,1949,1,1949,1949,1949,13,1,13,13,13
50,60,738,1,738,738,738,1508,1,1508,1508,1508,13,1,13,13,13,2052,1,2052,2052,2052,13,1,13,13,13
50,60,743,1,743,743,743,1558,1,1558,1558,1558,15,1,15,15,15,2199,1,2199,2199,2199,15,1,15,15,15
50,60,741,1,741,741,741,1557,1,1557,1557,1557,15,1,15,15,15,2203,1,2203,2203,2203,15,1,15,15,15
50,60,716,1,716,716,716,1505,1,1505,1505,1505,13,1,13,13,13,2335,1,2335,2335,2335,15,1,15,15,15
50,60,751,1,751,751,751,1547,1,1547,1547,1547,15,1,15,15,15,2169,1,2169,2169,2169,15,1,15,15,15
50,60,730,1,730,730,730,1516,1,1516,1516,1516,14,1,14,14,14,2120,1,2120,2120,2120,14,1,14,14,14
50,60,748,1,748,748,748,1518,1,1518,1518,1518,14,1,14,14,14,2110,1,2110,2110,2110,14,1,14,14,14
50,60,713,1,713,713,713,1552,1,1552,1552,1552,15,1,15,15,15,2342,1,2342,2342,2342,15,1,15,15,15
50,60,737,1,737,737,737,1518,1,1518,1518,1518,14,1,14,14,14,2064,1,2064,2064,2064,14,1,14,14,14
50,60,742,1,742,742,742,1505,1,1505,1505,1505,13,1,13,13,13,2009,1,2009,2009,2009,13,1,13,13,13
50,60,730,1,730,730,730,1537,1,1537,1537,1537,14,1,14,14,14,2077,1,2077,2077,2077,14,1,14,14,14
50,60,760,1,760,760,760,1587,1,1587,1587,1587,16,1,16,16,16,2324,1,2324,2324,2324,16,1,16,16,16
50,60,763,1,763,763,763,1525,1,1525,1525,1525,14,1,14,14,14,2090,1,2090,2090,2090,14,1,14,14,14
50,60,729,1,729,729,729,1508,1,1508,1508,1508,14,1,14,14,14,2071,1,2071,2071,2071,14,1,14,14,14
50,60,754,1,754,754,754,1517,1,1517,1517,1517,14,1,14,14,14,2089,1,2089,2089,2089,14,1,14,14,14
50,60,717,1,717,717,717,1511,1,1511,1511,1511,13,1,13,13,13,2009,1,2009,2009,2009,13,1,13,13,13
50,60,726,1,726,726,726,1525,1,1525,1525,1525,15,1,15,15,15,2198,1,2198,2198,2198,15,1,15,15,15
50,60,746,1,746,746,746,1518,1,1518,1518,1518,14,1,14,14,14,2003,1,2003,2003,2003,14,1,14,14,14
50,60,763,1,763,763,763,1542,1,1542,1542,1542,15,1,15,15,15,2184,1,2184,2184,2184,15,1,15,15,15
50,60,726,1,726,726,726,1514,1,1514,1514,1514,14,1,14,14,14,2036,1,2036,2036,2036,14,1,14,14,14
50,60,705,1,705,705,705,1502,1,1502,1502,1502,14,1,14,14,14,2140,1,2140,2140,2140,14,1,14,14,14
50,60,692,1,692,692,692,1512,1,1512,1512,1512,14,1,14,14,14,2110,1,2110,2110,2110,14,1,14,14,14
50,60,732,1,732,732,732,1489,1,1489,1489,1489,13,1,13,13,13,2028,1,2028,2028,2028,13,1,13,13,13
50,60,755,1,755,755,755,1563,1,1563,1563,1563,16,1,16,16,16,2278,1,2278,2278,2278,16,1,16,16,16
50,60,726,1,726,726,726,1538,1,1538,1538,1538,14,1,14,14,14,2162,1,2162,2162,2162,14,1,14,14,14
50,60,738,1,738,738,738,1508,1,1508,1508,1508,13,1,13,13,13,1962,1,1962,1962,1962,13,1,13,13,13
50,60,723,1,723,723,723,1537,1,1537,1537,1537,15,1,15,15,15,2173,1,2173,2173,2173,15,1,15,15,15
50,60,739,1,739,739,739,1511,1,1511,1511,1511,13,1,13,13,13,2013,1,2013,2013,2013,13,1,13,13,13
50,60,753,1,753,753,753,1544,1,1544,1544,1544,15,1,15,15,15,2163,1,2163,2163,2163,15,1,15,15,15
50,60,739,1,739,739,739,1520,1,1520,1520,1520,14,1,14,14,14,2144,1,2144,2144,2144,14,1,14,14,14
50,60,729,1,729,729,729,1495,1,1495,1495,1495,13,1,13,13,13,2004,1,2004,2004,2004,13,1,13,13,13
50,60,718,1,718,718,718,1528,1,1528,1528,1528,14,1,14,14,14,2093,1,2093,2093,2093,14,1,14,14,14
50,60,758,1,758,758,758,1526,1,1526,1526,1526,14,1,14,14,14,2048,1,2048,2048,2048,14,1,14,14,14
50,60,714,1,714,714,714,1525,1,1525,1525,1525,14,1,14,14,14,2118,1,2118,2118,2118,14,1,14,14,14
50,60,759,1,759,759,759,1507,1,1507,1507,1507,13,1,13,13,13,1977,1,1977,1977,1977,13,1,13,13,13
50,60,724,1,724,724,724,1482,1,1482,1482,1482,13,1,13,13,13,1997,1,1997,1997,1997,13,1,13,13,13
50,60,748,1,748,748,748,1520,1,1520,1520,1520,14,1,14,14,14,2094,1,2094,2094,2094,14,1,14,14,14
50,60,755,1,755,755,755,1529,1,1529,1529,1529,15,1,15,15,15,2178,1,2178,2178,2178,15,1,15,15,15
50,60,748,1,748,748,748,1543,1,1543,1543,1543,14,1,14,14,14,2104,1,2104,2104,2104,14,1,14,14,14
50,60,749,1,749,749,749,1532,1,1532,1532,1532,14,1,14,14,14,2102,1,2102,2102,2102,14,1,14,14,14
50,60,732,1,732,732,732,1538,1,1538,1538,1538,15,1,15,15,15,2197,1,2197,2197,2197,15,1,15,15,15
50,60,735,1,735,735,735,1517,1,1517,1517,1517,15,1,15,15,15,2135,1,2135,2135,2135,15,1,15,15,15
50,60,712,1,712,712,712,1503,1,1503,1503,1503,14,1,14,14,14,2069,1,2069,2069,2069,14,1,14,14,14
50,60,735,1,735,735,735,1522,1,1522,1522,1522,14,1,14,14,14,2092,1,2092,2092,2092,14,1,14,14,14
50,60,762,1,762,762,762,1516,1,1516,1516,1516,14,1,14,14,14,2226,1,2226,2226,2226,14,1,14,14,14
50,60,719,1,719,719,719,1520,1,1520,1520,1520,13,1,13,13,13,2050,1,2050,2050,2050,13,1,13,13,13
50,60,712,1,712,712,712,1504,1,1504,1504,1504,13,1,13,13,13,2086,1,2086,2086,2086,13,1,13,13,13
50,60,743,1,743,743,743,1537,1,1537,1537,1537,14,1,14,14,14,2062,1,2062,2062,2062,14,1,14,14,14
50,60,707,1,707,707,707,1518,1,1518,1518,1518,13,1,13,13,13,1971,1,1971,1971,1971,13,1,13,13,13
50,60,733,1,733,733,733,1529,1,1529,1529,1529,15,1,15,15,15,2184,1,2184,2184,2184,15,1,15,15,15
50,60,713,1,713,713,713,1499,1,1499,1499,1499,14,1,14,14,14,2044,1,2044,2044,2044,14,1,14,14,14
50,60,748,1,748,748,748,1530,1,1530,1530,1530,14,1,14,14,14,2105,1,2105,2105,2105,14,1,14,14,14
50,60,698,1,698,698,698,1501,1,1501,1501,1501,14,1,14,14,14,2009,1,2009,2009,2009,13,1,13,13,13
50,60,775,1,775,775,775,1535,1,1535,1535,1535,15,1,15,15,15,2175,1,2175,2175,2175,15,1,15,15,15
50,60,736,1,736,736,736,1497,1,1497,1497,1497,13,1,13,13,13,2049,1,2049,2049,2049,13,1,13,13,13
50,60,733,1,733,733,733,1518,1,1518,1518,1518,13,1,13,13,13,1994,1,1994,1994,1994,13,1,13,13,13
50,60,755,1,755,755,755,1531,1,1531,1531,1531,14,1,14,14,14,2134,1,2134,2134,2134,14,1,14,14,14
50,60,693,1,693,693,693,1536,1,1536,1536,1536,15,1,15,15,15,2257,1,2257,2257,2257,15,1,15,15,15
50,60,743,1,743,743,743,1530,1,1530,1530,1530,15,1,15,15,15,2131,1,2131,2131,2131,14,1,14,14,14
50,60,746,1,746,746,746,1546,1,1546,1546,1546,14,1,14,14,14,2063,1,2063,2063,2063,14,1,14,14,14
50,60,733,1,733,733,733,1482,1,1482,1482,1482,13,1,13,13,13,2028,1,2028,2028,2028,13,1,13,13,13
50,60,750,1,750,750,750,1506,1,1506,1506,1506,14,1,14,14,14,2051,1,2051,2051,2051,14,1,14,14,14
50,60,745,1,745,745,745,1559,1,1559,1559,1559,15,1,15,15,15,2138,1,2138,2138,2138,15,1,15,15,15
50,60,736,1,736,736,736,1518,1,1518,1518,1518,14,1,14,14,14,2080,1,2080,2080,2080,14,1,14,14,14
50,60,762,1,762,762,762,1550,1,1550,1550,1550,15,1,15,15,15,2171,1,2171,2171,2171,14,1,14,14,14
50,60,759,1,759,759,759,1541,1,1541,1541,1541,15,1,15,15,15,2101,1,2101,2101,2101,15,1,15,15,15
50,60,750,1,750,750,750,1540,1,1540,1540,1540,15,1,15,15,15,2229,1,2229,2229,2229,15,1,15,15,15
50,60,740,1,740,740,740,1568,1,1568,1568,1568,16,1,16,16,16,2270,1,2270,2270,2270,16,1,16,16,16
50,60,743,1,743,743,743,1517,1,1517,1517,1517,14,1,14,14,14,2073,1,2073,2073,2073,14,1,14,14,14
50,60,684,1,684,684,684,1496,1,1496,1496,1496,13,1,13,13,13,1984,1,1984,1984,1984,13,1,13,13,13
50,60,699,1,699,699,699,1511,1,1511,1511,1511,13,1,13,13,13,2037,1,2037,2037,2037,13,1,13,13,13
50,60,748,1,748,748,748,1540,1,1540,1540,1540,14,1,14,14,14,2103,1,2103,2103,2103,14,1,14,14,14
50,60,768,1,768,768,768,1526,1,1526,1526,1526,14,1,14,14,14,2175,1,2175,2175,2175,14,1,14,14,14
50,60,752,1,752,752,752,1554,1,1554,1554,1554,15,1,15,15,15,2148,1,2148,2148,2148,14,1,14,14,14
50,60,762,1,762,762,762,1540,1,1540,1540,1540,14,1,14,14,14,2104,1,2104,2104,2104,14,1,14,14,14
50,60,710,1,710,710,710,1501,1,1501,1501,1501,12,1,12,12,12,2125,1,2125,2125,2125,13,1,13,13,13
50,60,750,1,750,750,750,1531,1,1531,1531,1531,15,1,15,15,15,2162,1,2162,2162,2162,15,1,15,15,15
50,60,750,1,750,750,750,1561,1,1561,1561,1561,15,1,15,15,15,2227,1,2227,2227,2227,15,1,15,15,15
50,60,720,1,720,720,720,1495,1,1495,1495,1495,13,1,13,13,13,1954,1,1954,1954,1954,13,1,13,13,13
50,60,740,1,740,740,740,1519,1,1519,1519,1519,14,1,14,14,14,2009,1,2009,2009,2009,14,1,14,14,14
50,60,732,1,732,732,732,1522,1,1522,1522,1522,15,1,15,15,15,2218,1,2218,2218,2218,15,1,15,15,15
50,60,721,1,721,721,721,1517,1,1517,1517,1517,14,1,14,14,14,2177,1,2177,2177,2177,14,1,14,14,14
50,60,731,1,731,731,731,1514,1,1514,1514,1514,14,1,14,14,14,2112,1,2112,2112,2112,14,1,14,14,14
50,60,713,1,713,713,713,1506,1,1506,1506,1506,13,1,13,13,13,1990,1,1990,1990,1990,13,1,13,13,13
50,60,738,1,738,738,738,1532,1,1532,1532,1532,14,1,14,14,14,2079,1,2079,2079,2079,14,1,14,14,14
50,60,744,1,744,744,744,1538,1,1538,1538,1538,14,1,14,14,14,2125,1,2125,2125,2125,14,1,14,14,14
50,60,720,1,720,720,720,1489,1,1489,1489,1489,14,1,14,14,14,2098,1,2098,2098,2098,14,1,14,14,14
50,60,754,1,754,754,754,1536,1,1536,1536,1536,15,1,15,15,15,2169,1,2169,2169,2169,15,1,15,15,15
50,60,728,1,728,728,728,1519,1,1519,1519,1519,14,1,14,14,14,2137,1,2137,2137,2137,14,1,14,14,14
50,60,721,1,721,721,721,1485,1,1485,1485,1485,14,1,14,14,14,2076,1,2076,2076,2076,14,1,14,14,14
50,60,754,1,754,754,754,1541,1,1541,1541,1541,15,1,15,15,15,2215,1,2215,2215,2215,15,1,15,15,15
50,60,735,1,735,735,735,1548,1,1548,1548,1548,15,1,15,15,15,2164,1,2164,2164,2164,15,1,15,15,15
50,60,740,1,740,740,740,1527,1,1527,1527,1527,15,1,15,15,15,2157,1,2157,2157,2157,15,1,15,15,15
50,60,744,1,744,744,744,1513,1,1513,1513,1513,15,1,15,15,15,2161,1,2161,2161,2161,15,1,15,15,15
50,60,756,1,756,756,756,1561,1,1561,1561,1561,15,1,15,15,15,2114,1,2114,2114,2114,14,1,14,14,14
50,60,741,1,741,741,741,1546,1,1546,1546,1546,15,1,15,15,15,2202,1,2202,2202,2202,15,1,15,15,15
50,60,738,1,738,738,738,1510,1,1510,1510,1510,14,1,14,14,14,2082,1,2082,2082,2082,14,1,14,14,14
50,60,738,1,738,738,738,1561,1,1561,1561,1561,16,1,16,16,16,2222,1,2222,2222,2222,15,1,15,15,15
50,60,741,1,741,741,741,1536,1,1536,1536,1536,14,1,14,14,14,2154,1,2154,2154,2154,14,1,14,14,14
50,60,741,1,741,741,741,1517,1,1517,1517,1517,14,1,14,14,14,2036,1,2036,2036,2036,14,1,14,14,14
50,60,710,1,710,710,710,1521,1,1521,1521,1521,13,1,13,13,13,1969,1,1969,1969,1969,13,1,13,13,13
50,60,733,1,733,733,733,1533,1,1533,1533,1533,14,1,14,14,14,2071,1,2071,2071,2071,14,1,14,14,14
50,60,718,1,718,718,718,1498,1,1498,1498,1498,14,1,14,14,14,2092,1,2092,2092,2092,14,1,14,14,14
50,60,731,1,731,731,731,1515,1,1515,1515,1515,15,1,15,15,15,2220,1,2220,2220,2220,15,1,15,15,15
50,60,718,1,718,718,718,1523,1,1523,1523,1523,14,1,14,14,14,2115,1,2115,2115,2115,14,1,14,14,14
50,60,750,1,750,750,750,1554,1,1554,1554,1554,14,1,14,14,14,2104,1,2104,2104,2104,14,1,14,14,14
50,60,744,1,744,744,744,1542,1,1542,1542,1542,15,1,15,15,15,2211,1,2211,2211,2211,15,1,15,15,15
50,60,731,1,731,731,731,1494,1,1494,1494,1494,14,1,14,14,14,2043,1,2043,2043,2043,14,1,14,14,14
50,60,740,1,740,740,740,1524,1,1524,1524,1524,14,1,14,14,14,2055,1,2055,2055,2055,14,1,14,14,14
50,60,729,1,729,729,729,1511,1,1511,1511,1511,14,1,14,14,14,2115,1,2115,2115,2115,14,1,14,14,14
50,60,737,1,737,737,737,1528,1,1528,1528,1528,15,1,15,15,15,2197,1,2197,2197,2197,15,1,15,15,15
50,60,751,1,751,751,751,1546,1,1546,1546,1546,15,1,15,15,15,2221,1,2221,2221,2221,15,1,15,15,15
50,60,723,1,723,723,723,1547,1,1547,1547,1547,14,1,14,14,14,2084,1,2084,2084,2084,14,1,14,14,14
50,60,736,1,736,736,736,1534,1,1534,1534,1534,14,1,14,14,14,2172,1,2172,2172,2172,14,1,14,14,14
50,60,734,1,734,734,734,1552,1,1552,1552,1552,16,1,16,16,16,2333,1,2333,2333,2333,16,1,16,16,16
50,60,741,1,741,741,741,1507,1,1507,1507,1507,14,1,14,14,14,2084,1,2084,2084,2084,14,1,14,14,14
50,60,733,1,733,733,733,1550,1,1550,1550,1550,14,1,14,14,14,2184,1,2184,2184,2184,14,1,14,14,14
50,60,726,1,726,726,726,1521,1,1521,1521,1521,14,1,14,14,14,2268,1,2268,2268,2268,15,1,15,15,15
50,60,755,1,755,755,755,1536,1,1536,1536,1536,15,1,15,15,15,2184,1,2184,2184,2184,15,1,15,15,15
50,60,759,1,759,759,759,1527,1,1527,1527,1527,14,1,14,14,14,2109,1,2109,2109,2109,14,1,14,14,14
50,60,730,1,730,730,730,1536,1,1536,1536,1536,14,1,14,14,14,2050,1,2050,2050,2050,14,1,14,14,14
50,60,720,1,720,720,720,1499,1,1499,1499,1499,14,1,14,14,14,2102,1,2102,2102,2102,14,1,14,14,14
50,60,743,1,743,743,743,1520,1,1520,1520,1520,15,1,15,15,15,2154,1,2154,2154,2154,15,1,15,15,15
50,60,740,1,740,740,740,1516,1,1516,1516,1516,13,1,13,13,13,1959,1,1959,1959,1959,13,1,13,13,13
50,60,749,1,749,749,749,1528,1,1528,1528,1528,14,1,14,14,14,2045,1,2045,2045,2045,14,1,14,14,14
50,60,743,1,743,743,743,1519,1,1519,1519,1519,14,1,14,14,14,2142,1,2142,2142,2142,14,1,14,14,14
50,60,708,1,708,708,708,1513,1,1513,1513,1513,13,1,13,13,13,1996,1,1996,1996,1996,13,1,13,13,13
50,60,724,1,724,724,724,1525,1,1525,1525,1525,14,1,14,14,14,2108,1,2108,2108,2108,14,1,14,14,14
50,60,762,1,762,762,762,1534,1,1534,1534,1534,14,1,14,14,14,2089,1,2089,2089,2089,14,1,14,14,14
50,60,730,1,730,730,730,1522,1,1522,1522,1522,15,1,15,15,15,2183,1,2183,2183,2183,15,1,15,15,15
50,60,763,1,763,763,763,1518,1,1518,1518,1518,14,1,14,14,14,2071,1,2071,2071,2071,14,1,14,14,14
50,60,739,1,739,739,739,1525,1,1525,1525,1525,13,1,13,13,13,2058,1,2058,2058,2058,13,1,13,13,13
50,60,743,1,743,743,743,1553,1,1553,1553,1553,15,1,15,15,15,2197,1,2197,2197,2197,15,1,15,15,15
50,60,748,1,748,748,748,1542,1,1542,1542,1542,15,1,15,15,15,2131,1,2131,2131,2131,15,1,15,15,15
50,60,727,1,727,727,727,1526,1,1526,1526,1526,14,1,14,14,14,2107,1,2107,2107,2107,14,1,14,14,14
50,60,714,1,714,714,714,1547,1,1547,1547,1547,15,1,15,15,15,2236,1,2236,2236,2236,15,1,15,15,15
50,60,735,1,735,735,735,1519,1,1519,1519,1519,14,1,14,14,14,2064,1,2064,2064,2064,14,1,14,14,14
50,60,755,1,755,755,755,1547,1,1547,1547,1547,15,1,15,15,15,2198,1,2198,2198,2198,15,1,15,15,15
50,60,725,1,725,725,725,1531,1,1531,1531,1531,13,1,13,13,13,2183,1,2183,2183,2183,14,1,14,14,14
50,60,739,1,739,739,739,1566,1,1566,1566,1566,15,1,15,15,15,2174,1,2174,2174,2174,15,1,15,15,15
50,60,752,1,752,752,752,1531,1,1531,1531,1531,15,1,15,15,15,2232,1,2232,2232,2232,15,1,15,15,15
50,60,727,1,727,727,727,1493,1,1493,1493,1493,14,1,14,14,14,2070,1,2070,2070,2070,14,1,14,14,14
50,60,721,1,721,721,721,1533,1,1533,1533,1533,15,1,15,15,15,2233,1,2233,2233,2233,15,1,15,15,15
50,60,729,1,729,729,729,1510,1,1510,1510,1510,14,1,14,14,14,2075,1,2075,2075,2075,14,1,14,14,14
50,60,738,1,738,738,738,1523,1,1523,1523,1523,14,1,14,14,14,2064,1,2064,2064,2064,14,1,14,14,14
50,60,703,1,703,703,703,1473,1,1473,1473,1473,12,1,12,12,12,1891,1,1891,1891,1891,12,1,12,12,12
50,60,727,1,727,727,727,1479,1,1479,1479,1479,12,1,12,12,12,2136,1,2136,2136,2136,14,1,14,14,14
50,60,721,1,721,721,721,1492,1,1492,1492,1492,13,1,13,13,13,1997,1,1997,1997,1997,13,1,13,13,13
50,60,723,1,723,723,723,1510,1,1510,1510,1510,13,1,13,13,13,1990,1,1990,1990,1990,13,1,13,13,13
50,60,724,1,724,724,724,1559,1,1559,1559,1559,15,1,15,15,15,2209,1,2209,2209,2209,15,1,15,15,15
50,60,761,1,761,761,761,1562,1,1562,1562,1562,15,1,15,15,15,2155,1,2155,2155,2155,15,1,15,15,15
50,60,711,1,711,711,711,1524,1,1524,1524,1524,14,1,14,14,14,2081,1,2081,2081,2081,14,1,14,14,14
50,60,726,1,726,726,726,1502,1,1502,1502,1502,13,1,13,13,13,1998,1,1998,1998,1998,13,1,13,13,13
50,60,735,1,735,735,735,1553,1,1553,1553,1553,16,1,16,16,16,2218,1,2218,2218,2218,15,1,15,15,15
50,60,737,1,737,737,737,1529,1,1529,1529,1529,14,1,14,14,14,2068,1,2068,2068,2068,14,1,14,14,14
50,60,745,1,745,745,745,1505,1,1505,1505,1505,14,1,14,14,14,2044,1,2044,2044,2044,14,1,14,14,14
50,60,742,1,742,742,742,1539,1,1539,1539,1539,14,1,14,14,14,2094,1,2094,2094,2094,14,1,14,14,14
50,60,727,1,727,727,727,1544,1,1544,1544,1544,16,1,16,16,16,2178,1,2178,2178,2178,16,1,16,16,16
50,60,737,1,737,737,737,1534,1,1534,1534,1534,15,1,15,15,15,2268,1,2268,2268,2268,15,1,15,15,15
50,60,714,1,714,714,714,1524,1,1524,1524,1524,14,1,14,14,14,2043,1,2043,2043,2043,14,1,14,14,14
50,60,757,1,757,757,757,1564,1,1564,1564,1564,16,1,16,16,16,2284,1,2284,2284,2284,16,1,16,16,16
50,60,737,1,737,737,737,1528,1,1528,1528,1528,13,1,13,13,13,2019,1,2019,2019,2019,13,1,13,13,13
50,60,758,1,758,758,758,1547,1,1547,1547,1547,16,1,16,16,16,2243,1,2243,2243,2243,16,1,16,16,16
50,60,716,1,716,716,716,1495,1,1495,1495,1495,13,1,13,13,13,1939,1,1939,1939,1939,13,1,13,13,13
50,60,734,1,734,734,734,1524,1,1524,1524,1524,14,1,14,14,14,2038,1,2038,2038,2038,14,1,14,14,14
50,60,738,1,738,738,738,1570,1,1570,1570,1570,15,1,15,15,15,2217,1,2217,2217,2217,15,1,15,15,15
50,60,719,1,719,719,719,1504,1,1504,1504,1504,13,1,13,13,13,1958,1,1958,1958,1958,13,1,13,13,13
50,60,730,1,730,730,730,1522,1,1522,1522,1522,13,1,13,13,13,2087,1,2087,2087,2087,13,1,13,13,13
50,60,746,1,746,746,746,1510,1,1510,1510,1510,13,1,13,13,13,1987,1,1987,1987,1987,13,1,13,13,13
50,60,749,1,749,749,749,1548,1,1548,1548,1548,15,1,15,15,15,2144,1,2144,2144,2144,15,1,15,15,15
50,60,724,1,724,724,724,1541,1,1541,1541,1541,14,1,14,14,14,2150,1,2150,2150,2150,14,1,14,14,14
50,60,727,1,727,727,727,1491,1,1491,1491,1491,13,1,13,13,13,2028,1,2028,2028,2028,13,1,13,13,13
50,60,724,1,724,724,724,1516,1,1516,1516,1516,14,1,14,14,14,2049,1,2049,2049,2049,13,1,13,13,13
50,60,722,1,722,722,722,1510,1,1510,1510,1510,14,1,14,14,14,2100,1,2100,2100,2100,14,1,14,14,14
50,60,748,1,748,748,748,1533,1,1533,1533,1533,15,1,15,15,15,2233,1,2233,2233,2233,15,1,15,15,15
50,60,736,1,736,736,736,1524,1,1524,1524,1524,14,1,14,14,14,2207,1,2207,2207,2207,14,1,14,14,14
50,60,729,1,729,729,729,1521,1,1521,1521,1521,15,1,15,15,15,2196,1,2196,2196,2196,15,1,15,15,15
50,60,773,1,773,773,773,1550,1,1550,1550,1550,15,1,15,15,15,2175,1,2175,2175,2175,15,1,15,15,15
50,60,746,1,746,746,746,1502,1,1502,1502,1502,14,1,14,14,14,2356,1,2356,2356,2356,16,1,16,16,16
50,60,737,1,737,737,737,1539,1,1539,1539,1539,15,1,15,15,15,2218,1,2218,2218,2218,15,1,15,15,15
50,60,735,1,735,735,735,1571,1,1571,1571,1571,15,1,15,15,15,2310,1,2310,2310,2310,15,1,15,15,15
50,60,763,1,763,763,763,1523,1,1523,1523,1523,14,1,14,14,14,2084,1,2084,2084,2084,14,1,14,14,14
50,60,750,1,750,750,750,1530,1,1530,1530,1530,14,1,14,14,14,2087,1,2087,2087,2087,14,1,14,14,14
50,60,735,1,735,735,735,1522,1,1522,1522,1522,15,1,15,15,15,2165,1,2165,2165,2165,15,1,15,15,15
50,60,744,1,744,744,744,1520,1,1520,1520,1520,14,1,14,14,14,2096,1,2096,2096,2096,14,1,14,14,14
50,60,723,1,723,723,723,1526,1,1526,1526,1526,14,1,14,14,14,2114,1,2114,2114,2114,14,1,14,14,14
50,60,753,1,753,753,753,1539,1,1539,1539,1539,15,1,15,15,15,2118,1,2118,2118,2118,15,1,15,15,15
50,60,741,1,741,741,741,1518,1,1518,1518,1518,14,1,14,14,14,2069,1,2069,2069,2069,13,1,13,13,13
50,60,730,1,730,730,730,1527,1,1527,1527,1527,15,1,15,15,15,2142,1,2142,2142,2142,15,1,15,15,15
50,60,754,1,754,754,754,1575,1,1575,1575,1575,16,1,16,16,16,2303,1,2303,2303,2303,16,1,16,16,16
50,60,721,1,721,721,721,1504,1,1504,1504,1504,14,1,14,14,14,2093,1,2093,2093,2093,14,1,14,14,14
50,60,716,1,716,716,716,1524,1,1524,1524,1524,15,1,15,15,15,2233,1,2233,2233,2233,15,1,15,15,15
50,60,724,1,724,724,724,1499,1,1499,1499,1499,13,1,13,13,13,2022,1,2022,2022,2022,13,1,13,13,13
50,60,765,1,765,765,765,1582,1,1582,1582,1582,16,1,16,16,16,2307,1,2307,2307,2307,16,1,16,16,16
50,60,737,1,737,737,737,1521,1,1521,1521,1521,14,1,14,14,14,2103,1,2103,2103,2103,14,1,14,14,14
50,60,729,1,729,729,729,1514,1,1514,1514,1514,14,1,14,14,14,2057,1,2057,2057,2057,14,1,14,14,14
50,60,763,1,763,763,763,1537,1,1537,1537,1537,15,1,15,15,15,2201,1,2201,2201,2201,15,1,15,15,15
50,60,757,1,757,757,757,1522,1,1522,1522,1522,14,1,14,14,14,2094,1,2094,2094,2094,14,1,14,14,14
50,60,739,1,739,739,739,1521,1,1521,1521,1521,14,1,14,14,14,2039,1,2039,2039,2039,14,1,14,14,14
50,60,752,1,752,752,752,1522,1,1522,1522,1522,14,1,14,14,14,2065,1,2065,2065,2065,14,1,14,14,14
50,60,743,1,743,743,743,1540,1,1540,1540,1540,15,1,15,15,15,2185,1,2185,2185,2185,15,1,15,15,15
50,60,752,1,752,752,752,1519,1,1519,1519,1519,15,1,15,15,15,2187,1,2187,2187,2187,15,1,15,15,15
50,60,716,1,716,716,716,1491,1,1491,1491,1491,13,1,13,13,13,2006,1,2006,2006,2006,13,1,13,13,13
50,60,753,1,753,753,753,1566,1,1566,1566,1566,15,1,15,15,15,2206,1,2206,2206,2206,15,1,15,15,15
50,60,730,1,730,730,730,1535,1,1535,1535,1535,14,1,14,14,14,2073,1,2073,2073,2073,14,1,14,14,14
50,60,718,1,718,718,718,1526,1,1526,1526,1526,14,1,14,14,14,2137,1,2137,2137,2137,14,1,14,14,14
50,60,732,1,732,732,732,1533,1,1533,1533,1533,14,1,14,14,14,2115,1,2115,2115,2115,14,1,14,14,14
50,60,732,1,732,732,732,1531,1,1531,1531,1531,15,1,15,15,15,2170,1,2170,2170,2170,15,1,15,15,15
50,60,735,1,735,735,735,1512,1,1512,1512,1512,13,1,13,13,13,2014,1,2014,2014,2014,13,1,13,13,13
50,60,759,1,759,759,759,1553,1,1553,1553,1553,16,1,16,16,16,2273,1,2273,2273,2273,16,1,16,16,16
50,60,721,1,721,721,721,1532,1,1532,1532,1532,14,1,14,14,14,2116,1,2116,2116,2116,14,1,14,14,14
50,60,744,1,744,744,744,1543,1,1543,1543,1543,15,1,15,15,15,2206,1,2206,2206,2206,15,1,15,15,15
50,60,728,1,728,728,728,1508,1,1508,1508,1508,13,1,13,13,13,1999,1,1999,1999,1999,13,1,13,13,13
50,60,727,1,727,727,727,1527,1,1527,1527,1527,13,1,13,13,13,2027,1,2027,2027,2027,13,1,13,13,13
50,60,759,1,759,759,759,1538,1,1538,1538,1538,15,1,15,15,15,2238,1,2238,2238,2238,15,1,15,15,15
50,60,738,1,738,738,738,1523,1,1523,1523,1523,15,1,15,15,15,2188,1,2188,2188,2188,15,1,15,15,15
50,60,707,1,707,707,707,1500,1,1500,1500,1500,14,1,14,14,14,2067,1,2067,2067,2067,14,1,14,14,14
50,60,735,1,735,735,735,1537,1,1537,1537,1537,15,1,15,15,15,2174,1,2174,2174,2174,15,1,15,15,15
50,60,753,1,753,753,753,1538,1,1538,1538,1538,15,1,15,15,15,2216,1,2216,2216,2216,15,1,15,15,15
50,60,701,1,701,701,701,1518,1,1518,1518,1518,13,1,13,13,13,1997,1,1997,1997,1997,13,1,13,13,13
50,60,728,1,728,728,728,1496,1,1496,1496,1496,14,1,14,14,14,2045,1,2045,2045,2045,14,1,14,14,14
50,60,763,1,763,763,763,1519,1,1519,1519,1519,15,1,15,15,15,2106,1,2106,2106,2106,15,1,15,15,15
50,60,730,1,730,730,730,1504,1,1504,1504,1504,13,1,13,13,13,2003,1,2003,2003,2003,13,1,13,13,13
50,60,766,1,766,766,766,1529,1,1529,1529,1529,14,1,14,14,14,2147,1,2147,2147,2147,14,1,14,14,14
50,60,723,1,723,723,723,1524,1,1524,1524,1524,14,1,14,14,14,2101,1,2101,2101,2101,14,1,14,14,14
50,60,720,1,720,720,720,1526,1,1526,1526,1526,15,1,15,15,15,2206,1,2206,2206,2206,15,1,15,15,15
50,60,742,1,742,742,742,1513,1,1513,1513,1513,13,1,13,13,13,2000,1,2000,2000,2000,13,1,13,13,13
50,60,732,1,732,732,732,1524,1,1524,1524,1524,14,1,14,14,14,2078,1,2078,2078,2078,14,1,14,14,14
50,60,713,1,713,713,713,1489,1,1489,1489,1489,13,1,13,13,13,2168,1,2168,2168,2168,13,1,13,13,13
50,60,736,1,736,736,736,1541,1,1541,1541,1541,15,1,15,15,15,2108,1,2108,2108,2108,14,1,14,14,14
50,60,725,1,725,725,725,1482,1,1482,1482,1482,13,1,13,13,13,1968,1,1968,1968,1968,13,1,13,13,13
50,60,752,1,752,752,752,1556,1,1556,1556,1556,15,1,15,15,15,2181,1,2181,2181,2181,15,1,15,15,15
50,60,744,1,744,744,744,1531,1,1531,1531,1531,14,1,14,14,14,2106,1,2106,2106,2106,14,1,14,14,14
50,60,769,1,769,769,769,1577,1,1577,1577,1577,16,1,16,16,16,2253,1,2253,2253,2253,16,1,16,16,16
50,60,733,1,733,733,733,1545,1,1545,1545,1545,15,1,15,15,15,2179,1,2179,2179,2179,15,1,15,15,15
50,60,743,1,743,743,743,1531,1,1531,1531,1531,15,1,15,15,15,2174,1,2174,2174,2174,14,1,14,14,14
50,60,709,1,709,709,709,1505,1,1505,1505,1505,14,1,14,14,14,2052,1,2052,2052,2052,14,1,14,14,14
50,60,742,1,742,742,742,1510,1,1510,1510,1510,14,1,14,14,14,2042,1,2042,2042,2042,14,1,14,14,14
50,60,734,1,734,734,734,1526,1,1526,1526,1526,14,1,14,14,14,2079,1,2079,2079,2079,14,1,14,14,14
50,60,718,1,718,718,718,1498,1,1498,1498,1498,14,1,14,14,14,2095,1,2095,2095,2095,14,1,14,14,14
50,60,752,1,752,752,752,1525,1,1525,1525,1525,14,1,14,14,14,2200,1,2200,2200,2200,14,1,14,14,14
50,60,705,1,705,705,705,1510,1,1510,1510,1510,13,1,13,13,13,2078,1,2078,2078,2078,13,1,13,13,13
50,60,741,1,741,741,741,1551,1,1551,1551,1551,15,1,15,15,15,2242,1,2242,2242,2242,15,1,15,15,15
50,60,736,1,736,736,736,1496,1,1496,1496,1496,14,1,14,14,14,2068,1,2068,2068,2068,14,1,14,14,14
50,60,732,1,732,732,732,1536,1,1536,1536,1536,15,1,15,15,15,2157,1,2157,2157,2157,15,1,15,15,15
50,60,756,1,756,756,756,1524,1,1524,1524,1524,14,1,14,14,14,2124,1,2124,2124,2124,14,1,14,14,14
50,60,718,1,718,718,718,1527,1,1527,1527,1527,14,1,14,14,14,2165,1,2165,2165,2165,14,1,14,14,14
50,60,733,1,733,733,733,1521,1,1521,1521,1521,14,1,14,14,14,2207,1,2207,2207,2207,14,1,14,14,14
50,60,741,1,741,741,741,1531,1,1531,1531,1531,15,1,15,15,15,2265,1,2265,2265,2265,15,1,15,15,15
50,60,743,1,743,743,743,1538,1,1538,1538,1538,14,1,14,14,14,2108,1,2108,2108,2108,14,1,14,14,14
50,60,722,1,722,722,722,1534,1,1534,1534,1534,15,1,15,15,15,2242,1,2242,2242,2242,15,1,15,15,15
50,60,756,1,756,756,756,1540,1,1540,1540,1540,14,1,14,14,14,2077,1,2077,2077,2077,14,1,14,14,14
50,60,755,1,755,755,755,1538,1,1538,1538,1538,14,1,14,14,14,2060,1,2060,2060,2060,14,1,14,14,14
50,60,741,1,741,741,741,1534,1,1534,1534,1534,14,1,14,14,14,2067,1,2067,2067,2067,14,1,14,14,14
50,60,744,1,744,744,744,1524,1,1524,1524,1524,14,1,14,14,14,2087,1,2087,2087,2087,14,1,14,14,14
50,60,738,1,738,738,738,1509,1,1509,1509,1509,14,1,14,14,14,2032,1,2032,2032,2032,14,1,14,14,14
50,60,717,1,717,717,717,1494,1,1494,1494,1494,13,1,13,13,13,2103,1,2103,2103,2103,14,1,14,14,14
50,60,724,1,724,724,724,1533,1,1533,1533,1533,15,1,15,15,15,2170,1,2170,2170,2170,15,1,15,15,15
50,60,732,1,732,732,732,1508,1,1508,1508,1508,14,1,14,14,14,2104,1,2104,2104,2104,14,1,14,14,14
50,60,738,1,738,738,738,1515,1,1515,1515,1515,14,1,14,14,14,2123,1,2123,2123,2123,14,1,14,14,14
50,60,717,1,717,717,717,1495,1,1495,1495,1495,13,1,13,13,13,2017,1,2017,2017,2017,13,1,13,13,13
50,60,722,1,722,722,722,1528,1,1528,1528,1528,14,1,14,14,14,2077,1,2077,2077,2077,14,1,14,14,14
50,60,713,1,713,713,713,1489,1,1489,1489,1489,12,1,12,12,12,1843,1,1843,1843,1843,12,1,12,12,12
50,60,732,1,732,732,732,1527,1,1527,1527,1527,14,1,14,14,14,2158,1,2158,2158,2158,14,1,14,14,14
50,60,743,1,743,743,743,1541,1,1541,1541,1541,15,1,15,15,15,2167,1,2167,2167,2167,15,1,15,15,15
50,60,744,1,744,744,744,1550,1,1550,1550,1550,15,1,15,15,15,2210,1,2210,2210,2210,15,1,15,15,15
50,60,718,1,718,718,718,1491,1,1491,1491,1491,13,1,13,13,13,1956,1,1956,1956,1956,13,1,13,13,13
50,60,765,1,765,765,765,1540,1,1540,1540,1540,15,1,15,15,15,2270,1,2270,2270,2270,15,1,15,15,15
50,60,716,1,716,716,716,1505,1,1505,1505,1505,14,1,14,14,14,2060,1,2060,2060,2060,14,1,14,14,14
50,60,727,1,727,727,727,1512,1,1512,1512,1512,14,1,14,14,14,2134,1,2134,2134,2134,14,1,14,14,14
50,60,779,1,779,779,779,1563,1,1563,1563,1563,16,1,16,16,16,2327,1,2327,2327,2327,16,1,16,16,16
50,60,721,1,721,721,721,1499,1,1499,1499,1499,13,1,13,13,13,1969,1,1969,1969,1969,13,1,13,13,13
50,60,771,1,771,771,771,1560,1,1560,1560,1560,16,1,16,16,16,2284,1,2284,2284,2284,16,1,16,16,16
50,60,723,1,723,723,723,1485,1,1485,1485,1485,12,1,12,12,12,1861,1,1861,1861,1861,12,1,12,12,12
50,60,729,1,729,729,729,1526,1,1526,1526,1526,14,1,14,14,14,2061,1,2061,2061,2061,14,1,14,14,14
50,60,712,1,712,712,712,1540,1,1540,1540,1540,15,1,15,15,15,2220,1,2220,2220,2220,15,1,15,15,15
50,60,745,1,745,745,745,1512,1,1512,1512,1512,14,1,14,14,14,2119,1,2119,2119,2119,14,1,14,14,14
50,60,727,1,727,727,727,1516,1,1516,1516,1516,14,1,14,14,14,2090,1,2090,2090,2090,14,1,14,14,14
50,60,748,1,748,748,748,1530,1,1530,1530,1530,15,1,15,15,15,2200,1,2200,2200,2200,15,1,15,15,15
50,60,735,1,735,735,735,1524,1,1524,1524,1524,14,1,14,14,14,2050,1,2050,2050,2050,14,1,14,14,14
50,60,757,1,757,757,757,1517,1,1517,1517,1517,14,1,14,14,14,2011,1,2011,2011,2011,14,1,14,14,14
50,60,747,1,747,747,747,1542,1,1542,1542,1542,14,1,14,14,14,2115,1,2115,2115,2115,14,1,14,14,14
50,60,755,1,755,755,755,1546,1,1546,1546,1546,15,1,15,15,15,2160,1,2160,2160,2160,15,1,15,15,15
50,60,754,1,754,754,754,1517,1,1517,1517,1517,14,1,14,14,14,2113,1,2113,2113,2113,14,1,14,14,14
50,60,758,1,758,758,758,1535,1,1535,1535,1535,14,1,14,14,14,2050,1,2050,2050,2050,14,1,14,14,14
50,60,699,1,699,699,699,1522,1,1522,1522,1522,15,1,15,15,15,2233,1,2233,2233,2233,15,1,15,15,15
50,60,760,1,760,760,760,1542,1,1542,1542,1542,15,1,15,15,15,2242,1,2242,2242,2242,15,1,15,15,15
50,60,732,1,732,732,732,1535,1,1535,1535,1535,15,1,15,15,15,2237,1,2237,2237,2237,15,1,15,15,15
50,60,737,1,737,737,737,1537,1,1537,1537,1537,14,1,14,14,14,2110,1,2110,2110,2110,14,1,14,14,14
50,60,753,1,753,753,753,1547,1,1547,1547,1547,16,1,16,16,16,2294,1,2294,2294,2294,16,1,16,16,16
50,60,736,1,736,736,736,1518,1,1518,1518,1518,14,1,14,14,14,2096,1,2096,2096,2096,14,1,14,14,14
50,60,717,1,717,717,717,1491,1,1491,1491,1491,13,1,13,13,13,1989,1,1989,1989,1989,13,1,13,13,13
50,60,732,1,732,732,732,1538,1,1538,1538,1538,15,1,15,15,15,2162,1,2162,2162,2162,15,1,15,15,15
50,60,735,1,735,735,735,1512,1,1512,1512,1512,13,1,13,13,13,2008,1,2008,2008,2008,13,1,13,13,13
50,60,722,1,722,722,722,1537,1,1537,1537,1537,14,1,14,14,14,2101,1,2101,2101,2101,14,1,14,14,14
50,60,751,1,751,751,751,1525,1,1525,1525,1525,14,1,14,14,14,2043,1,2043,2043,2043,14,1,14,14,14
50,60,742,1,742,742,742,1544,1,1544,1544,1544,14,1,14,14,14,2152,1,2152,2152,2152,14,1,14,14,14
50,60,729,1,729,729,729,1546,1,1546,1546,1546,15,1,15,15,15,2212,1,2212,2212,2212,15,1,15,15,15
50,60,720,1,720,720,720,1511,1,1511,1511,1511,14,1,14,14,14,2085,1,2085,2085,2085,14,1,14,14,14
50,60,736,1,736,736,736,1524,1,1524,1524,1524,14,1,14,14,14,2073,1,2073,2073,2073,14,1,14,14,14
50,60,739,1,739,739,739,1542,1,1542,1542,1542,15,1,15,15,15,2265,1,2265,2265,2265,15,1,15,15,15
50,60,730,1,730,730,730,1514,1,1514,1514,1514,13,1,13,13,13,2007,1,2007,2007,2007,13,1,13,13,13
50,60,739,1,739,739,739,1516,1,1516,1516,1516,14,1,14,14,14,2093,1,2093,2093,2093,14,1,14,14,14
50,60,760,1,760,760,760,1556,1,1556,1556,1556,14,1,14,14,14,2102,1,2102,2102,2102,14,1,14,14,14
50,60,716,1,716,716,716,1536,1,1536,1536,1536,14,1,14,14,14,2096,1,2096,2096,2096,14,1,14,14,14
50,60,745,1,745,745,745,1526,1,1526,1526,1526,15,1,15,15,15,2170,1,2170,2170,2170,14,1,14,14,14
50,60,738,1,738,738,738,1543,1,1543,1543,1543,15,1,15,15,15,2235,1,2235,2235,2235,15,1,15,15,15
50,60,712,1,712,712,712,1488,1,1488,1488,1488,12,1,12,12,12,1901,1,1901,1901,1901,12,1,12,12,12
50,60,692,1,692,692,692,1494,1,1494,1494,1494,13,1,13,13,13,1963,1,1963,1963,1963,13,1,13,13,13
50,60,698,1,698,698,698,1494,1,1494,1494,1494,12,1,12,12,12,1891,1,1891,1891,1891,12,1,12,12,12
50,60,756,1,756,756,756,1531,1,1531,1531,1531,15,1,15,15,15,2217,1,2217,2217,2217,15,1,15,15,15
50,60,724,1,724,724,724,1486,1,1486,1486,1486,13,1,13,13,13,1985,1,1985,1985,1985,13,1,13,13,13
50,60,700,1,700,700,700,1491,1,1491,1491,1491,13,1,13,13,13,1946,1,1946,1946,1946,13,1,13,13,13
50,60,736,1,736,736,736,1541,1,1541,1541,1541,15,1,15,15,15,2146,1,2146,2146,2146,15,1,15,15,15
50,60,744,1,744,744,744,1543,1,1543,1543,1543,15,1,15,15,15,2163,1,2163,2163,2163,15,1,15,15,15
50,60,750,1,750,750,750,1531,1,1531,1531,1531,15,1,15,15,15,2215,1,2215,2215,2215,15,1,15,15,15
50,60,753,1,753,753,753,1513,1,1513,1513,1513,15,1,15,15,15,2216,1,2216,2216,2216,15,1,15,15,15
50,60,737,1,737,737,737,1517,1,1517,1517,1517,14,1,14,14,14,2083,1,2083,2083,2083,14,1,14,14,14
50,60,725,1,725,725,725,1491,1,1491,1491,1491,14,1,14,14,14,2107,1,2107,2107,2107,14,1,14,14,14
50,60,698,1,698,698,698,1529,1,1529,1529,1529,14,1,14,14,14,2035,1,2035,2035,2035,14,1,14,14,14
50,60,719,1,719,719,719,1526,1,1526,1526,1526,14,1,14,14,14,2109,1,2109,2109,2109,14,1,14,14,14
50,60,766,1,766,766,766,1530,1,1530,1530,1530,15,1,15,15,15,2232,1,2232,2232,2232,15,1,15,15,15
50,60,750,1,750,750,750,1528,1,1528,1528,1528,14,1,14,14,14,2100,1,2100,2100,2100,14,1,14,14,14
50,60,726,1,726,726,726,1528,1,1528,1528,1528,14,1,14,14,14,2124,1,2124,2124,2124,14,1,14,14,14
50,60,736,1,736,736,736,1529,1,1529,1529,1529,14,1,14,14,14,2096,1,2096,2096,2096,14,1,14,14,14
50,60,729,1,729,729,729,1521,1,1521,1521,1521,14,1,14,14,14,2085,1,2085,2085,2085,14,1,14,14,14
50,60,740,1,740,740,740,1549,1,1549,1549,1549,15,1,15,15,15,2175,1,2175,2175,2175,15,1,15,15,15
50,60,725,1,725,725,725,1495,1,1495,1495,1495,13,1,13,13,13,1987,1,1987,1987,1987,13,1,13,13,13
50,60,747,1,747,747,747,1477,1,1477,1477,1477,13,1,13,13,13,1948,1,1948,1948,1948,13,1,13,13,13
50,60,754,1,754,754,754,1560,1,1560,1560,1560,16,1,16,16,16,2308,1,2308,2308,2308,16,1,16,16,16
50,60,739,1,739,739,739,1550,1,1550,1550,1550,15,1,15,15,15,2191,1,2191,2191,2191,15,1,15,15,15
50,60,747,1,747,747,747,1545,1,1545,1545,1545,14,1,14,14,14,2071,1,2071,2071,2071,14,1,14,14,14
50,60,728,1,728,728,728,1516,1,1516,1516,1516,14,1,14,14,14,2129,1,2129,2129,2129,14,1,14,14,14
50,60,736,1,736,736,736,1527,1,1527,1527,1527,14,1,14,14,14,2047,1,2047,2047,2047,14,1,14,14,14
50,60,727,1,727,727,727,1539,1,1539,1539,1539,14,1,14,14,14,2127,1,2127,2127,2127,14,1,14,14,14
50,60,718,1,718,718,718,1527,1,1527,1527,1527,14,1,14,14,14,2112,1,2112,2112,2112,14,1,14,14,14
50,60,737,1,737,737,737,1540,1,1540,1540,1540,15,1,15,15,15,2240,1,2240,2240,2240,15,1,15,15,15
50,60,779,1,779,779,779,1549,1,1549,1549,1549,15,1,15,15,15,2184,1,2184,2184,2184,15,1,15,15,15
50,60,736,1,736,736,736,1517,1,1517,1517,1517,14,1,14,14,14,2091,1,2091,2091,2091,14,1,14,14,14
50,60,730,1,730,730,730,1486,1,1486,1486,1486,13,1,13,13,13,1948,1,1948,1948,1948,13,1,13,13,13
50,60,781,1,781,781,781,1534,1,1534,1534,1534,15,1,15,15,15,2170,1,2170,2170,2170,15,1,15,15,15
50,60,740,1,740,740,740,1516,1,1516,1516,1516,14,1,14,14,14,2114,1,2114,2114,2114,14,1,14,14,14
50,60,690,1,690,690,690,1505,1,1505,1505,1505,14,1,14,14,14,2098,1,2098,2098,2098,13,1,13,13,13
50,60,716,1,716,716,716,1538,1,1538,1538,1538,15,1,15,15,15,2205,1,2205,2205,2205,14,1,14,14,14
50,60,735,1,735,735,735,1530,1,1530,1530,1530,14,1,14,14,14,2110,1,2110,2110,2110,14,1,14,14,14
50,60,746,1,746,746,746,1526,1,1526,1526,1526,14,1,14,14,14,2303,1,2303,2303,2303,15,1,15,15,15
50,60,741,1,741,741,741,1550,1,1550,1550,1550,15,1,15,15,15,2195,1,2195,2195,2195,15,1,15,15,15
50,60,748,1,748,748,748,1501,1,1501,1501,1501,14,1,14,14,14,2080,1,2080,2080,2080,14,1,14,14,14
50,60,701,1,701,701,701,1501,1,1501,1501,1501,14,1,14,14,14,2076,1,2076,2076,2076,14,1,14,14,14
50,60,720,1,720,720,720,1505,1,1505,1505,1505,13,1,13,13,13,2108,1,2108,2108,2108,14,1,14,14,14
50,60,752,1,752,752,752,1545,1,1545,1545,1545,15,1,15,15,15,2169,1,2169,2169,2169,15,1,15,15,15
50,60,764,1,764,764,764,1531,1,1531,1531,1531,15,1,15,15,15,2160,1,2160,2160,2160,15,1,15,15,15
50,60,735,1,735,735,735,1510,1,1510,1510,1510,14,1,14,14,14,2018,1,2018,2018,2018,14,1,14,14,14
50,60,746,1,746,746,746,1553,1,1553,1553,1553,15,1,15,15,15,2177,1,2177,2177,2177,15,1,15,15,15
50,60,749,1,749,749,749,1547,1,1547,1547,1547,14,1,14,14,14,2115,1,2115,2115,2115,14,1,14,14,14
50,60,709,1,709,709,709,1513,1,1513,1513,1513,14,1,14,14,14,2090,1,2090,2090,2090,14,1,14,14,14
50,60,737,1,737,737,737,1536,1,1536,1536,1536,15,1,15,15,15,2198,1,2198,2198,2198,15,1,15,15,15
50,60,742,1,742,742,742,1537,1,1537,1537,1537,15,1,15,15,15,2220,1,2220,2220,2220,15,1,15,15,15
50,60,753,1,753,753,753,1526,1,1526,1526,1526,14,1,14,14,14,2081,1,2081,2081,2081,14,1,14,14,14
50,60,755,1,755,755,755,1522,1,1522,1522,1522,15,1,15,15,15,2113,1,2113,2113,2113,15,1,15,15,15
50,60,727,1,727,727,727,1540,1,1540,1540,1540,15,1,15,15,15,2193,1,2193,2193,2193,15,1,15,15,15
50,60,750,1,750,750,750,1522,1,1522,1522,1522,14,1,14,14,14,2074,1,2074,2074,2074,14,1,14,14,14
50,60,752,1,752,752,752,1537,1,1537,1537,1537,15,1,15,15,15,2238,1,2238,2238,2238,15,1,15,15,15
50,60,736,1,736,736,736,1524,1,1524,1524,1524,15,1,15,15,15,2187,1,2187,2187,2187,15,1,15,15,15
50,60,728,1,728,728,728,1541,1,1541,1541,1541,14,1,14,14,14,2114,1,2114,2114,2114,14,1,14,14,14
50,60,724,1,724,724,724,1527,1,1527,1527,1527,15,1,15,15,15,2213,1,2213,2213,2213,15,1,15,15,15
50,60,756,1,756,756,756,1538,1,1538,1538,1538,15,1,15,15,15,2160,1,2160,2160,2160,15,1,15,15,15
50,60,725,1,725,725,725,1549,1,1549,1549,1549,15,1,15,15,15,2193,1,2193,2193,2193,15,1,15,15,15
50,60,724,1,724,724,724,1529,1,1529,1529,1529,15,1,15,15,15,2193,1,2193,2193,2193,14,1,14,14,14
50,60,734,1,734,734,734,1526,1,1526,1526,1526,13,1,13,13,13,2044,1,2044,2044,2044,13,1,13,13,13
50,60,706,1,706,706,706,1525,1,1525,1525,1525,14,1,14,14,14,2075,1,2075,2075,2075,14,1,14,14,14
50,60,715,1,715,715,715,1486,1,1486,1486,1486,12,1,12,12,12,1876,1,1876,1876,1876,12,1,12,12,12
50,60,698,1,698,698,698,1501,1,1501,1501,1501,14,1,14,14,14,2247,1,2247,2247,2247,14,1,14,14,14
50,60,719,1,719,719,719,1530,1,1530,1530,1530,14,1,14,14,14,2082,1,2082,2082,2082,14,1,14,14,14
50,60,747,1,747,747,747,1513,1,1513,1513,1513,14,1,14,14,14,2066,1,2066,2066,2066,14,1,14,14,14
50,60,722,1,722,722,722,1516,1,1516,1516,1516,14,1,14,14,14,2082,1,2082,2082,2082,14,1,14,14,14
50,60,723,1,723,723,723,1496,1,1496,1496,1496,13,1,13,13,13,1980,1,1980,1980,1980,13,1,13,13,13
50,60,757,1,757,757,757,1547,1,1547,1547,1547,15,1,15,15,15,2215,1,2215,2215,2215,15,1,15,15,15
50,60,705,1,705,705,705,1495,1,1495,1495,1495,13,1,13,13,13,2016,1,2016,2016,2016,13,1,13,13,13
50,60,772,1,772,772,772,1555,1,1555,1555,1555,16,1,16,16,16,2263,1,2263,2263,2263,16,1,16,16,16
50,60,738,1,738,738,738,1531,1,1531,1531,1531,15,1,15,15,15,2201,1,2201,2201,2201,15,1,15,15,15
50,60,745,1,745,745,745,1553,1,1553,1553,1553,15,1,15,15,15,2165,1,2165,2165,2165,15,1,15,15,15
50,60,729,1,729,729,729,1553,1,1553,1553,1553,15,1,15,15,15,2159,1,2159,2159,2159,15,1,15,15,15
50,60,765,1,765,765,765,1563,1,1563,1563,1563,16,1,16,16,16,2327,1,2327,2327,2327,16,1,16,16,16
50,60,749,1,749,749,749,1525,1,1525,1525,1525,14,1,14,14,14,2060,1,2060,2060,2060,14,1,14,14,14
50,60,699,1,699,699,699,1492,1,1492,1492,1492,13,1,13,13,13,1987,1,1987,1987,1987,13,1,13,13,13
50,60,720,1,720,720,720,1534,1,1534,1534,1534,14,1,14,14,14,2061,1,2061,2061,2061,14,1,14,14,14
50,60,757,1,757,757,757,1533,1,1533,1533,1533,14,1,14,14,14,2129,1,2129,2129,2129,14,1,14,14,14
50,60,704,1,704,704,704,1503,1,1503,1503,1503,12,1,12,12,12,1965,1,1965,1965,1965,12,1,12,12,12
50,60,748,1,748,748,748,1583,1,1583,1583,1583,16,1,16,16,16,2335,1,2335,2335,2335,16,1,16,16,16
50,60,730,1,730,730,730,1525,1,1525,1525,1525,14,1,14,14,14,2064,1,2064,2064,2064,14,1,14,14,14
50,60,756,1,756,756,756,1542,1,1542,1542,1542,14,1,14,14,14,2076,1,2076,2076,2076,14,1,14,14,14
50,60,774,1,774,774,774,1543,1,1543,1543,1543,15,1,15,15,15,2191,1,2191,2191,2191,15,1,15,15,15
50,60,727,1,727,727,727,1513,1,1513,1513,1513,13,1,13,13,13,1983,1,1983,1983,1983,13,1,13,13,13
50,60,751,1,751,751,751,1535,1,1535,1535,1535,15,1,15,15,15,2178,1,2178,2178,2178,15,1,15,15,15
50,60,721,1,721,721,721,1548,1,1548,1548,1548,14,1,14,14,14,2149,1,2149,2149,2149,14,1,14,14,14
50,60,762,1,762,762,762,1539,1,1539,1539,1539,14,1,14,14,14,2085,1,2085,2085,2085,14,1,14,14,14
50,60,726,1,726,726,726,1499,1,1499,1499,1499,13,1,13,13,13,2015,1,2015,2015,2015,13,1,13,13,13
50,60,739,1,739,739,739,1534,1,1534,1534,1534,14,1,14,14,14,2246,1,2246,2246,2246,15,1,15,15,15
50,60,759,1,759,759,759,1539,1,1539,1539,1539,15,1,15,15,15,2204,1,2204,2204,2204,15,1,15,15,15
50,60,747,1,747,747,747,1541,1,1541,1541,1541,14,1,14,14,14,2110,1,2110,2110,2110,14,1,14,14,14
50,60,734,1,734,734,734,1549,1,1549,1549,1549,15,1,15,15,15,2173,1,2173,2173,2173,15,1,15,15,15
50,60,731,1,731,731,731,1557,1,1557,1557,1557,16,1,16,16,16,2340,1,2340,2340,2340,16,1,16,16,16
50,60,730,1,730,730,730,1531,1,1531,1531,1531,15,1,15,15,15,2174,1,2174,2174,2174,15,1,15,15,15
50,60,759,1,759,759,759,1520,1,1520,1520,1520,15,1,15,15,15,2133,1,2133,2133,2133,15,1,15,15,15
50,60,761,1,761,761,761,1522,1,1522,1522,1522,14,1,14,14,14,2049,1,2049,2049,2049,14,1,14,14,14
50,60,718,1,718,718,718,1526,1,1526,1526,1526,14,1,14,14,14,2165,1,2165,2165,2165,14,1,14,14,14
50,60,719,1,719,719,719,1530,1,1530,1530,1530,15,1,15,15,15,2230,1,2230,2230,2230,15,1,15,15,15
50,60,730,1,730,730,730,1496,1,1496,1496,1496,13,1,13,13,13,1919,1,1919,1919,1919,13,1,13,13,13
50,60,750,1,750,750,750,1511,1,1511,1511,1511,14,1,14,14,14,2222,1,2222,2222,2222,14,1,14,14,14
50,60,722,1,722,722,722,1522,1,1522,1522,1522,14,1,14,14,14,2077,1,2077,2077,2077,14,1,14,14,14
50,60,747,1,747,747,747,1556,1,1556,1556,1556,15,1,15,15,15,2181,1,2181,2181,2181,15,1,15,15,15
50,60,708,1,708,708,708,1530,1,1530,1530,1530,14,1,14,14,14,2094,1,2094,2094,2094,13,1,13,13,13
50,60,752,1,752,752,752,1531,1,1531,1531,1531,14,1,14,14,14,2064,1,2064,2064,2064,14,1,14,14,14
50,60,739,1,739,739,739,1535,1,1535,1535,1535,15,1,15,15,15,2205,1,2205,2205,2205,15,1,15,15,15
50,60,709,1,709,709,709,1511,1,1511,1511,1511,13,1,13,13,13,2015,1,2015,2015,2015,13,1,13,13,13
50,60,755,1,755,755,755,1520,1,1520,1520,1520,14,1,14,14,14,2109,1,2109,2109,2109,14,1,14,14,14
50,60,733,1,733,733,733,1501,1,1501,1501,1501,13,1,13,13,13,2018,1,2018,2018,2018,13,1,13,13,13
50,60,763,1,763,763,763,1532,1,1532,1532,1532,14,1,14,14,14,2092,1,2092,2092,2092,14,1,14,14,14
50,60,724,1,724,724,724,1508,1,1508,1508,1508,13,1,13,13,13,1966,1,1966,1966,1966,13,1,13,13,13
50,60,741,1,741,741,741,1532,1,1532,1532,1532,14,1,14,14,14,2083,1,2083,2083,2083,14,1,14,14,14
50,60,728,1,728,728,728,1521,1,1521,1521,1521,14,1,14,14,14,2079,1,2079,2079,2079,14,1,14,14,14
50,60,753,1,753,753,753,1505,1,1505,1505,1505,14,1,14,14,14,2087,1,2087,2087,2087,14,1,14,14,14
50,60,723,1,723,723,723,1511,1,1511,1511,1511,15,1,15,15,15,2106,1,2106,2106,2106,15,1,15,15,15
50,60,752,1,752,752,752,1559,1,1559,1559,1559,16,1,16,16,16,2287,1,2287,2287,2287,16,1,16,16,16
50,60,741,1,741,741,741,1525,1,1525,1525,1525,14,1,14,14,14,2128,1,2128,2128,2128,14,1,14,14,14
50,60,741,1,741,741,741,1522,1,1522,1522,1522,14,1,14,14,14,2098,1,2098,2098,2098,14,1,14,14,14
50,60,737,1,737,737,737,1481,1,1481,1481,1481,13,1,13,13,13,1997,1,1997,1997,1997,13,1,13,13,13
50,60,744,1,744,744,744,1527,1,1527,1527,1527,14,1,14,14,14,2087,1,2087,2087,2087,14,1,14,14,14
50,60,733,1,733,733,733,1512,1,1512,1512,1512,14,1,14,14,14,2099,1,2099,2099,2099,14,1,14,14,14
50,60,754,1,754,754,754,1499,1,1499,1499,1499,14,1,14,14,14,2029,1,2029,2029,2029,14,1,14,14,14
50,60,758,1,758,758,758,1518,1,1518,1518,1518,14,1,14,14,14,1987,1,1987,1987,1987,14,1,14,14,14
50,60,749,1,749,749,749,1558,1,1558,1558,1558,15,1,15,15,15,2191,1,2191,2191,2191,15,1,15,15,15
50,60,719,1,719,719,719,1510,1,1510,1510,1510,13,1,13,13,13,2025,1,2025,2025,2025,13,1,13,13,13
50,60,759,1,759,759,759,1531,1,1531,1531,1531,14,1,14,14,14,2033,1,2033,2033,2033,14,1,14,14,14
50,60,731,1,731,731,731,1514,1,1514,1514,1514,13,1,13,13,13,1991,1,1991,1991,1991,13,1,13,13,13
50,60,733,1,733,733,733,1515,1,1515,1515,1515,13,1,13,13,13,2019,1,2019,2019,2019,13,1,13,13,13
50,60,751,1,751,751,751,1515,1,1515,1515,1515,14,1,14,14,14,2052,1,2052,2052,2052,14,1,14,14,14
50,60,764,1,764,764,764,1554,1,1554,1554,1554,15,1,15,15,15,2150,1,2150,2150,2150,15,1,15,15,15
50,60,727,1,727,727,727,1474,1,1474,1474,1474,12,1,12,12,12,1884,1,1884,1884,1884,12,1,12,12,12
50,60,741,1,741,741,741,1530,1,1530,1530,1530,15,1,15,15,15,2141,1,2141,2141,2141,15,1,15,15,15
50,60,725,1,725,725,725,1507,1,1507,1507,1507,13,1,13,13,13,1960,1,1960,1960,1960,13,1,13,13,13
50,60,712,1,712,712,712,1526,1,1526,1526,1526,14,1,14,14,14,2127,1,2127,2127,2127,14,1,14,14,14
50,60,755,1,755,755,755,1518,1,1518,1518,1518,14,1,14,14,14,2076,1,2076,2076,2076,14,1,14,14,14
50,60,705,1,705,705,705,1513,1,1513,1513,1513,13,1,13,13,13,1994,1,1994,1994,1994,13,1,13,13,13
50,60,739,1,739,739,739,1528,1,1528,1528,1528,14,1,14,14,14,2024,1,2024,2024,2024,14,1,14,14,14
50,60,756,1,756,756,756,1522,1,1522,1522,1522,14,1,14,14,14,2088,1,2088,2088,2088,14,1,14,14,14
50,60,738,1,738,738,738,1526,1,1526,1526,1526,14,1,14,14,14,2089,1,2089,2089,2089,14,1,14,14,14
50,60,782,1,782,782,782,1552,1,1552,1552,1552,16,1,16,16,16,2285,1,2285,2285,2285,16,1,16,16,16
50,60,733,1,733,733,733,1532,1,1532,1532,1532,14,1,14,14,14,2134,1,2134,2134,2134,14,1,14,14,14
50,60,755,1,755,755,755,1520,1,1520,1520,1520,14,1,14,14,14,2005,1,2005,2005,2005,14,1,14,14,14
50,60,731,1,731,731,731,1511,1,1511,1511,1511,14,1,14,14,14,2049,1,2049,2049,2049,14,1,14,14,14
50,60,743,1,743,743,743,1527,1,1527,1527,1527,15,1,15,15,15,2208,1,2208,2208,2208,15,1,15,15,15
50,60,727,1,727,727,727,1537,1,1537,1537,1537,14,1,14,14,14,2113,1,2113,2113,2113,14,1,14,14,14
50,60,753,1,753,753,753,1503,1,1503,1503,1503,13,1,13,13,13,1979,1,1979,1979,1979,13,1,13,13,13
50,60,757,1,757,757,757,1532,1,1532,1532,1532,14,1,14,14,14,2044,1,2044,2044,2044,13,1,13,13,13
50,60,743,1,743,743,743,1547,1,1547,1547,1547,15,1,15,15,15,2173,1,2173,2173,2173,15,1,15,15,15
50,60,724,1,724,724,724,1548,1,1548,1548,1548,15,1,15,15,15,2212,1,2212,2212,2212,15,1,15,15,15
50,60,727,1,727,727,727,1500,1,1500,1500,1500,14,1,14,14,14,2110,1,2110,2110,2110,14,1,14,14,14
50,60,745,1,745,745,745,1520,1,1520,1520,1520,14,1,14,14,14,2090,1,2090,2090,2090,14,1,14,14,14
50,60,723,1,723,723,723,1508,1,1508,1508,1508,14,1,14,14,14,2101,1,2101,2101,2101,13,1,13,13,13
50,60,725,1,725,725,725,1516,1,1516,1516,1516,14,1,14,14,14,2122,1,2122,2122,2122,14,1,14,14,14
50,60,744,1,744,744,744,1517,1,1517,1517,1517,15,1,15,15,15,2132,1,2132,2132,2132,15,1,15,15,15
50,60,736,1,736,736,736,1509,1,1509,1509,1509,14,1,14,14,14,2220,1,2220,2220,2220,15,1,15,15,15
50,60,740,1,740,740,740,1528,1,1528,1528,1528,14,1,14,14,14,2042,1,2042,2042,2042,14,1,14,14,14
50,60,724,1,724,724,724,1531,1,1531,1531,1531,15,1,15,15,15,2194,1,2194,2194,2194,15,1,15,15,15
50,60,728,1,728,728,728,1487,1,1487,1487,1487,13,1,13,13,13,2062,1,2062,2062,2062,13,1,13,13,13
50,60,751,1,751,751,751,1544,1,1544,1544,1544,15,1,15,15,15,2128,1,2128,2128,2128,15,1,15,15,15
50,60,732,1,732,732,732,1539,1,1539,1539,1539,15,1,15,15,15,2132,1,2132,2132,2132,15,1,15,15,15
50,60,702,1,702,702,702,1508,1,1508,1508,1508,13,1,13,13,13,2042,1,2042,2042,2042,13,1,13,13,13
50,60,719,1,719,719,719,1550,1,1550,1550,1550,14,1,14,14,14,2103,1,2103,2103,2103,14,1,14,14,14
50,60,753,1,753,753,753,1476,1,1476,1476,1476,12,1,12,12,12,1902,1,1902,1902,1902,12,1,12,12,12
50,60,730,1,730,730,730,1518,1,1518,1518,1518,14,1,14,14,14,2074,1,2074,2074,2074,14,1,14,14,14
50,60,724,1,724,724,724,1528,1,1528,1528,1528,15,1,15,15,15,2198,1,2198,2198,2198,15,1,15,15,15
50,60,749,1,749,749,749,1555,1,1555,1555,1555,15,1,15,15,15,2190,1,2190,2190,2190,15,1,15,15,15
50,60,729,1,729,729,729,1531,1,1531,1531,1531,14,1,14,14,14,2181,1,2181,2181,2181,14,1,14,14,14
50,60,744,1,744,744,744,1545,1,1545,1545,1545,15,1,15,15,15,2213,1,2213,2213,2213,15,1,15,15,15
50,60,710,1,710,710,710,1501,1,1501,1501,1501,13,1,13,13,13,1993,1,1993,1993,1993,13,1,13,13,13
50,60,764,1,764,764,764,1549,1,1549,1549,1549,16,1,16,16,16,2335,1,2335,2335,2335,16,1,16,16,16
50,60,751,1,751,751,751,1525,1,1525,1525,1525,14,1,14,14,14,2038,1,2038,2038,2038,14,1,14,14,14
50,60,750,1,750,750,750,1525,1,1525,1525,1525,14,1,14,14,14,2053,1,2053,2053,2053,14,1,14,14,14
50,60,707,1,707,707,707,1493,1,1493,1493,1493,13,1,13,13,13,2046,1,2046,2046,2046,13,1,13,13,13
50,60,756,1,756,756,756,1535,1,1535,1535,1535,13,1,13,13,13,1924,1,1924,1924,1924,13,1,13,13,13
50,60,745,1,745,745,745,1546,1,1546,1546,1546,14,1,14,14,14,2086,1,2086,2086,2086,14,1,14,14,14
50,60,727,1,727,727,727,1483,1,1483,1483,1483,13,1,13,13,13,1901,1,1901,1901,1901,13,1,13,13,13
50,60,732,1,732,732,732,1496,1,1496,1496,1496,13,1,13,13,13,2021,1,2021,2021,2021,13,1,13,13,13
50,60,737,1,737,737,737,1529,1,1529,1529,1529,15,1,15,15,15,2143,1,2143,2143,2143,15,1,15,15,15
50,60,744,1,744,744,744,1525,1,1525,1525,1525,14,1,14,14,14,2089,1,2089,2089,2089,14,1,14,14,14
50,60,757,1,757,757,757,1540,1,1540,1540,1540,15,1,15,15,15,2196,1,2196,2196,2196,15,1,15,15,15
50,60,728,1,728,728,728,1509,1,1509,1509,1509,14,1,14,14,14,2056,1,2056,2056,2056,14,1,14,14,14
50,60,752,1,752,752,752,1538,1,1538,1538,1538,15,1,15,15,15,2206,1,2206,2206,2206,15,1,15,15,15
50,60,717,1,717,717,717,1511,1,1511,1511,1511,14,1,14,14,14,2058,1,2058,2058,2058,14,1,14,14,14
50,60,737,1,737,737,737,1498,1,1498,1498,1498,13,1,13,13,13,1950,1,1950,1950,1950,13,1,13,13,13
50,60,744,1,744,744,744,1536,1,1536,1536,1536,15,1,15,15,15,2252,1,2252,2252,2252,15,1,15,15,15
50,60,751,1,751,751,751,1543,1,1543,1543,1543,15,1,15,15,15,2194,1,2194,2194,2194,15,1,15,15,15
50,60,717,1,717,717,717,1491,1,1491,1491,1491,13,1,13,13,13,1968,1,1968,1968,1968,13,1,13,13,13
50,60,712,1,712,712,712,1492,1,1492,1492,1492,13,1,13,13,13,1992,1,1992,1992,1992,13,1,13,13,13
50,60,722,1,722,722,722,1510,1,1510,1510,1510,13,1,13,13,13,2187,1,2187,2187,2187,14,1,14,14,14
50,60,721,1,721,721,721,1536,1,1536,1536,1536,14,1,14,14,14,2128,1,2128,2128,2128,14,1,14,14,14
50,60,750,1,750,750,750,1536,1,1536,1536,1536,15,1,15,15,15,2171,1,2171,2171,2171,15,1,15,15,15
50,60,746,1,746,746,746,1550,1,1550,1550,1550,14,1,14,14,14,2055,1,2055,2055,2055,14,1,14,14,14
50,60,729,1,729,729,729,1555,1,1555,1555,1555,15,1,15,15,15,2190,1,2190,2190,2190,15,1,15,15,15
50,60,749,1,749,749,749,1547,1,1547,1547,1547,15,1,15,15,15,2157,1,2157,2157,2157,15,1,15,15,15
50,60,737,1,737,737,737,1515,1,1515,1515,1515,13,1,13,13,13,1935,1,1935,1935,1935,13,1,13,13,13
50,60,717,1,717,717,717,1517,1,1517,1517,1517,13,1,13,13,13,1960,1,1960,1960,1960,13,1,13,13,13
50,60,745,1,745,745,745,1500,1,1500,1500,1500,14,1,14,14,14,2053,1,2053,2053,2053,14,1,14,14,14
50,60,728,1,728,728,728,1534,1,1534,1534,1534,15,1,15,15,15,2171,1,2171,2171,2171,15,1,15,15,15
50,60,741,1,741,741,741,1521,1,1521,1521,1521,14,1,14,14,14,2073,1,2073,2073,2073,14,1,14,14,14
50,60,711,1,711,711,711,1511,1,1511,1511,1511,14,1,14,14,14,2171,1,2171,2171,2171,14,1,14,14,14
50,60,729,1,729,729,729,1508,1,1508,1508,1508,13,1,13,13,13,1983,1,1983,1983,1983,13,1,13,13,13
50,60,734,1,734,734,734,1540,1,1540,1540,1540,14,1,14,14,14,2095,1,2095,2095,2095,14,1,14,14,14
50,60,742,1,742,742,742,1502,1,1502,1502,1502,14,1,14,14,14,2090,1,2090,2090,2090,14,1,14,14,14
50,60,719,1,719,719,719,1512,1,1512,1512,1512,13,1,13,13,13,2148,1,2148,2148,2148,13,1,13,13,13
50,60,736,1,736,736,736,1524,1,1524,1524,1524,13,1,13,13,13,2010,1,2010,2010,2010,13,1,13,13,13
50,60,754,1,754,754,754,1559,1,1559,1559,1559,14,1,14,14,14,2237,1,2237,2237,2237,15,1,15,15,15
50,60,747,1,747,747,747,1531,1,1531,1531,1531,14,1,14,14,14,2075,1,2075,2075,2075,14,1,14,14,14
50,60,746,1,746,746,746,1543,1,1543,1543,1543,15,1,15,15,15,2174,1,2174,2174,2174,15,1,15,15,15
50,60,710,1,710,710,710,1506,1,1506,1506,1506,14,1,14,14,14,2129,1,2129,2129,2129,14,1,14,14,14
50,60,744,1,744,744,744,1541,1,1541,1541,1541,14,1,14,14,14,2335,1,2335,2335,2335,15,1,15,15,15
50,60,721,1,721,721,721,1532,1,1532,1532,1532,14,1,14,14,14,2130,1,2130,2130,2130,14,1,14,14,14
50,60,742,1,742,742,742,1510,1,1510,1510,1510,13,1,13,13,13,2165,1,2165,2165,2165,14,1,14,14,14
50,60,695,1,695,695,695,1527,1,1527,1527,1527,14,1,14,14,14,2042,1,2042,2042,2042,13,1,13,13,13
50,60,733,1,733,733,733,1530,1,1530,1530,1530,15,1,15,15,15,2159,1,2159,2159,2159,15,1,15,15,15
50,60,736,1,736,736,736,1548,1,1548,1548,1548,14,1,14,14,14,2111,1,2111,2111,2111,14,1,14,14,14
50,60,737,1,737,737,737,1531,1,1531,1531,1531,14,1,14,14,14,2041,1,2041,2041,2041,14,1,14,14,14
50,60,741,1,741,741,741,1533,1,1533,1533,1533,14,1,14,14,14,2084,1,2084,2084,2084,14,1,14,14,14
50,60,768,1,768,768,768,1550,1,1550,1550,1550,14,1,14,14,14,2055,1,2055,2055,2055,14,1,14,14,14
50,60,753,1,753,753,753,1545,1,1545,1545,1545,15,1,15,15,15,2374,1,2374,2374,2374,16,1,16,16,16
50,60,762,1,762,762,762,1525,1,1525,1525,1525,15,1,15,15,15,2148,1,2148,2148,2148,15,1,15,15,15
50,60,726,1,726,726,726,1520,1,1520,1520,1520,14,1,14,14,14,2139,1,2139,2139,2139,14,1,14,14,14
50,60,719,1,719,719,719,1518,1,1518,1518,1518,13,1,13,13,13,2040,1,2040,2040,2040,13,1,13,13,13
50,60,757,1,757,757,757,1526,1,1526,1526,1526,14,1,14,14,14,2110,1,2110,2110,2110,14,1,14,14,14
50,60,731,1,731,731,731,1525,1,1525,1525,1525,14,1,14,14,14,2068,1,2068,2068,2068,14,1,14,14,14
50,60,748,1,748,748,748,1550,1,1550,1550,1550,16,1,16,16,16,2250,1,2250,2250,2250,16,1,16,16,16
50,60,744,1,744,744,744,1529,1,1529,1529,1529,15,1,15,15,15,2175,1,2175,2175,2175,15,1,15,15,15
50,60,739,1,739,739,739,1512,1,1512,1512,1512,13,1,13,13,13,2001,1,2001,2001,2001,13,1,13,13,13
50,60,732,1,732,732,732,1520,1,1520,1520,1520,14,1,14,14,14,2061,1,2061,2061,2061,14,1,14,14,14
50,60,743,1,743,743,743,1523,1,1523,1523,1523,16,1,16,16,16,2273,1,2273,2273,2273,16,1,16,16,16
50,60,757,1,757,757,757,1522,1,1522,1522,1522,14,1,14,14,14,2068,1,2068,2068,2068,14,1,14,14,14
50,60,719,1,719,719,719,1522,1,1522,1522,1522,14,1,14,14,14,2103,1,2103,2103,2103,14,1,14,14,14
50,60,701,1,701,701,701,1507,1,1507,1507,1507,13,1,13,13,13,2015,1,2015,2015,2015,13,1,13,13,13
50,60,726,1,726,726,726,1494,1,1494,1494,1494,13,1,13,13,13,2083,1,2083,2083,2083,13,1,13,13,13
50,60,726,1,726,726,726,1544,1,1544,1544,1544,15,1,15,15,15,2227,1,2227,2227,2227,15,1,15,15,15
50,60,751,1,751,751,751,1519,1,1519,1519,1519,14,1,14,14,14,1990,1,1990,1990,1990,14,1,14,14,14
50,60,735,1,735,735,735,1498,1,1498,1498,1498,13,1,13,13,13,1967,1,1967,1967,1967,13,1,13,13,13
50,60,747,1,747,747,747,1541,1,1541,1541,1541,15,1,15,15,15,2217,1,2217,2217,2217,15,1,15,15,15
50,60,761,1,761,761,761,1536,1,1536,1536,1536,14,1,14,14,14,2120,1,2120,2120,2120,14,1,14,14,14
50,60,759,1,759,759,759,1532,1,1532,1532,1532,15,1,15,15,15,2220,1,2220,2220,2220,15,1,15,15,15
50,60,745,1,745,745,745,1533,1,1533,1533,1533,14,1,14,14,14,2124,1,2124,2124,2124,14,1,14,14,14
50,60,749,1,749,749,749,1556,1,1556,1556,1556,15,1,15,15,15,2182,1,2182,2182,2182,15,1,15,15,15
50,60,726,1,726,726,726,1533,1,1533,1533,1533,14,1,14,14,14,2144,1,2144,2144,2144,14,1,14,14,14
50,60,766,1,766,766,766,1529,1,1529,1529,1529,15,1,15,15,15,2295,1,2295,2295,2295,15,1,15,15,15
50,60,737,1,737,737,737,1531,1,1531,1531,1531,14,1,14,14,14,2172,1,2172,2172,2172,14,1,14,14,14
50,60,719,1,719,719,719,1493,1,1493,1493,1493,14,1,14,14,14,2035,1,2035,2035,2035,14,1,14,14,14
50,60,745,1,745,745,745,1579,1,1579,1579,1579,15,1,15,15,15,2186,1,2186,2186,2186,15,1,15,15,15
50,60,744,1,744,744,744,1533,1,1533,1533,1533,13,1,13,13,13,2061,1,2061,2061,2061,13,1,13,13,13
50,60,738,1,738,738,738,1531,1,1531,1531,1531,14,1,14,14,14,2157,1,2157,2157,2157,14,1,14,14,14
50,60,735,1,735,735,735,1540,1,1540,1540,1540,15,1,15,15,15,2246,1,2246,2246,2246,15,1,15,15,15
50,60,758,1,758,758,758,1532,1,1532,1532,1532,13,1,13,13,13,1989,1,1989,1989,1989,13,1,13,13,13
50,60,726,1,726,726,726,1527,1,1527,1527,1527,14,1,14,14,14,2155,1,2155,2155,2155,14,1,14,14,14
50,60,738,1,738,738,738,1545,1,1545,1545,1545,14,1,14,14,14,2053,1,2053,2053,2053,14,1,14,14,14
50,60,761,1,761,761,761,1553,1,1553,1553,1553,15,1,15,15,15,2205,1,2205,2205,2205,15,1,15,15,15
50,60,745,1,745,745,745,1524,1,1524,1524,1524,14,1,14,14,14,2046,1,2046,2046,2046,14,1,14,14,14
50,60,728,1,728,728,728,1499,1,1499,1499,1499,13,1,13,13,13,1989,1,1989,1989,1989,13,1,13,13,13
50,60,745,1,745,745,745,1520,1,1520,1520,1520,14,1,14,14,14,2330,1,2330,2330,2330,16,1,16,16,16
50,60,739,1,739,739,739,1528,1,1528,1528,1528,14,1,14,14,14,2080,1,2080,2080,2080,14,1,14,14,14
50,60,745,1,745,745,745,1519,1,1519,1519,1519,13,1,13,13,13,1969,1,1969,1969,1969,13,1,13,13,13
50,60,758,1,758,758,758,1546,1,1546,1546,1546,14,1,14,14,14,2051,1,2051,2051,2051,14,1,14,14,14
50,60,712,1,712,712,712,1495,1,1495,1495,1495,13,1,13,13,13,1935,1,1935,1935,1935,13,1,13,13,13
50,60,725,1,725,725,725,1539,1,1539,1539,1539,15,1,15,15,15,2208,1,2208,2208,2208,15,1,15,15,15
50,60,732,1,732,732,732,1509,1,1509,1509,1509,13,1,13,13,13,2119,1,2119,2119,2119,13,1,13,13,13
50,60,750,1,750,750,750,1546,1,1546,1546,1546,15,1,15,15,15,2234,1,2234,2234,2234,15,1,15,15,15
50,60,726,1,726,726,726,1528,1,1528,1528,1528,14,1,14,14,14,2149,1,2149,2149,2149,14,1,14,14,14
50,60,715,1,715,715,715,1500,1,1500,1500,1500,14,1,14,14,14,2139,1,2139,2139,2139,14,1,14,14,14
50,60,709,1,709,709,709,1515,1,1515,1515,1515,14,1,14,14,14,2060,1,2060,2060,2060,14,1,14,14,14
50,60,733,1,733,733,733,1520,1,1520,1520,1520,14,1,14,14,14,2079,1,2079,2079,2079,13,1,13,13,13
50,60,733,1,733,733,733,1512,1,1512,1512,1512,14,1,14,14,14,2111,1,2111,2111,2111,14,1,14,14,14
50,60,718,1,718,718,718,1510,1,1510,1510,1510,14,1,14,14,14,2111,1,2111,2111,2111,14,1,14,14,14
50,60,747,1,747,747,747,1514,1,1514,1514,1514,14,1,14,14,14,2116,1,2116,2116,2116,14,1,14,14,14
50,60,712,1,712,712,712,1514,1,1514,1514,1514,14,1,14,14,14,2078,1,2078,2078,2078,14,1,14,14,14
50,60,725,1,725,725,725,1528,1,1528,1528,1528,14,1,14,14,14,2141,1,2141,2141,2141,14,1,14,14,14
50,60,715,1,715,715,715,1508,1,1508,1508,1508,14,1,14,14,14,1985,1,1985,1985,1985,12,1,12,12,12
50,60,759,1,759,759,759,1528,1,1528,1528,1528,15,1,15,15,15,2152,1,2152,2152,2152,15,1,15,15,15
50,60,732,1,732,732,732,1528,1,1528,1528,1528,15,1,15,15,15,2110,1,2110,2110,2110,15,1,15,15,15
50,60,698,1,698,698,698,1505,1,1505,1505,1505,13,1,13,13,13,1970,1,1970,1970,1970,13,1,13,13,13
50,60,728,1,728,728,728,1535,1,1535,1535,1535,15,1,15,15,15,2151,1,2151,2151,2151,15,1,15,15,15
50,60,748,1,748,748,748,1530,1,1530,1530,1530,14,1,14,14,14,2139,1,2139,2139,2139,14,1,14,14,14
50,60,731,1,731,731,731,1512,1,1512,1512,1512,13,1,13,13,13,2024,1,2024,2024,2024,13,1,13,13,13
50,60,735,1,735,735,735,1527,1,1527,1527,1527,15,1,15,15,15,2202,1,2202,2202,2202,15,1,15,15,15
50,60,748,1,748,748,748,1525,1,1525,1525,1525,14,1,14,14,14,2069,1,2069,2069,2069,14,1,14,14,14
50,60,730,1,730,730,730,1525,1,1525,1525,1525,14,1,14,14,14,2061,1,2061,2061,2061,14,1,14,14,14
50,60,718,1,718,718,718,1485,1,1485,1485,1485,12,1,12,12,12,1914,1,1914,1914,1914,12,1,12,12,12
50,60,706,1,706,706,706,1497,1,1497,1497,1497,13,1,13,13,13,1985,1,1985,1985,1985,13,1,13,13,13
50,60,752,1,752,752,752,1554,1,1554,1554,1554,15,1,15,15,15,2185,1,2185,2185,2185,15,1,15,15,15
50,60,737,1,737,737,737,1521,1,1521,1521,1521,13,1,13,13,13,2036,1,2036,2036,2036,13,1,13,13,13
50,60,725,1,725,725,725,1530,1,1530,1530,1530,14,1,14,14,14,2145,1,2145,2145,2145,14,1,14,14,14
50,60,718,1,718,718,718,1546,1,1546,1546,1546,14,1,14,14,14,2079,1,2079,2079,2079,14,1,14,14,14
50,60,719,1,719,719,719,1531,1,1531,1531,1531,13,1,13,13,13,2064,1,2064,2064,2064,13,1,13,13,13
50,60,750,1,750,750,750,1539,1,1539,1539,1539,14,1,14,14,14,2085,1,2085,2085,2085,14,1,14,14,14
50,60,732,1,732,732,732,1541,1,1541,1541,1541,15,1,15,15,15,2228,1,2228,2228,2228,15,1,15,15,15
50,60,739,1,739,739,739,1538,1,1538,1538,1538,15,1,15,15,15,2086,1,2086,2086,2086,14,1,14,14,14
50,60,724,1,724,724,724,1539,1,1539,1539,1539,14,1,14,14,14,2114,1,2114,2114,2114,14,1,14,14,14
50,60,726,1,726,726,726,1507,1,1507,1507,1507,14,1,14,14,14,2089,1,2089,2089,2089,14,1,14,14,14
50,60,743,1,743,743,743,1536,1,1536,1536,1536,14,1,14,14,14,2120,1,2120,2120,2120,14,1,14,14,14
50,60,730,1,730,730,730,1560,1,1560,1560,1560,15,1,15,15,15,2211,1,2211,2211,2211,15,1,15,15,15
50,60,713,1,713,713,713,1488,1,1488,1488,1488,13,1,13,13,13,2032,1,2032,2032,2032,13,1,13,13,13
50,60,760,1,760,760,760,1555,1,1555,1555,1555,14,1,14,14,14,2149,1,2149,2149,2149,14,1,14,14,14
50,60,736,1,736,736,736,1523,1,1523,1523,1523,13,1,13,13,13,1976,1,1976,1976,1976,13,1,13,13,13
50,60,759,1,759,759,759,1519,1,1519,1519,1519,14,1,14,14,14,2129,1,2129,2129,2129,14,1,14,14,14
50,60,736,1,736,736,736,1533,1,1533,1533,1533,14,1,14,14,14,2089,1,2089,2089,2089,14,1,14,14,14
50,60,746,1,746,746,746,1496,1,1496,1496,1496,13,1,13,13,13,2003,1,2003,2003,2003,13,1,13,13,13
50,60,773,1,773,773,773,1546,1,1546,1546,1546,15,1,15,15,15,2125,1,2125,2125,2125,15,1,15,15,15
50,60,733,1,733,733,733,1519,1,1519,1519,1519,13,1,13,13,13,2012,1,2012,2012,2012,13,1,13,13,13
50,60,733,1,733,733,733,1502,1,1502,1502,1502,13,1,13,13,13,2009,1,2009,2009,2009,13,1,13,13,13
50,60,740,1,740,740,740,1521,1,1521,1521,1521,14,1,14,14,14,2155,1,2155,2155,2155,14,1,14,14,14
50,60,704,1,704,704,704,1491,1,1491,1491,1491,13,1,13,13,13,1973,1,1973,1973,1973,13,1,13,13,13
50,60,726,1,726,726,726,1537,1,1537,1537,1537,16,1,16,16,16,2332,1,2332,2332,2332,16,1,16,16,16
50,60,745,1,745,745,745,1522,1,1522,1522,1522,14,1,14,14,14,2133,1,2133,2133,2133,14,1,14,14,14
50,60,734,1,734,734,734,1519,1,1519,1519,1519,14,1,14,14,14,2125,1,2125,2125,2125,14,1,14,14,14
50,60,737,1,737,737,737,1520,1,1520,1520,1520,13,1,13,13,13,1994,1,1994,1994,1994,13,1,13,13,13
50,60,724,1,724,724,724,1518,1,1518,1518,1518,14,1,14,14,14,2217,1,2217,2217,2217,14,1,14,14,14
50,60,742,1,742,742,742,1522,1,1522,1522,1522,14,1,14,14,14,2084,1,2084,2084,2084,14,1,14,14,14
50,60,734,1,734,734,734,1556,1,1556,1556,1556,16,1,16,16,16,2348,1,2348,2348,2348,16,1,16,16,16
50,60,716,1,716,716,716,1498,1,1498,1498,1498,13,1,13,13,13,2174,1,2174,2174,2174,14,1,14,14,14
50,60,740,1,740,740,740,1527,1,1527,1527,1527,14,1,14,14,14,2091,1,2091,2091,2091,14,1,14,14,14
50,60,768,1,768,768,768,1537,1,1537,1537,1537,14,1,14,14,14,2014,1,2014,2014,2014,14,1,14,14,14
50,60,741,1,741,741,741,1520,1,1520,1520,1520,14,1,14,14,14,2112,1,2112,2112,2112,14,1,14,14,14
50,60,752,1,752,752,752,1501,1,1501,1501,1501,14,1,14,14,14,2009,1,2009,2009,2009,14,1,14,14,14
50,60,719,1,719,719,719,1506,1,1506,1506,1506,13,1,13,13,13,2160,1,2160,2160,2160,14,1,14,14,14
50,60,699,1,699,699,699,1501,1,1501,1501,1501,14,1,14,14,14,2104,1,2104,2104,2104,14,1,14,14,14
50,60,746,1,746,746,746,1506,1,1506,1506,1506,14,1,14,14,14,2077,1,2077,2077,2077,14,1,14,14,14
50,60,721,1,721,721,721,1519,1,1519,1519,1519,14,1,14,14,14,2123,1,2123,2123,2123,14,1,14,14,14
50,60,743,1,743,743,743,1527,1,1527,1527,1527,14,1,14,14,14,2119,1,2119,2119,2119,14,1,14,14,14
50,60,744,1,744,744,744,1506,1,1506,1506,1506,13,1,13,13,13,2043,1,2043,2043,2043,13,1,13,13,13
50,60,736,1,736,736,736,1547,1,1547,1547,1547,15,1,15,15,15,2228,1,2228,2228,2228,15,1,15,15,15
50,60,733,1,733,733,733,1516,1,1516,1516,1516,13,1,13,13,13,2022,1,2022,2022,2022,13,1,13,13,13
50,60,698,1,698,698,698,1499,1,1499,1499,1499,13,1,13,13,13,2004,1,2004,2004,2004,13,1,13,13,13
50,60,712,1,712,712,712,1513,1,1513,1513,1513,14,1,14,14,14,2025,1,2025,2025,2025,14,1,14,14,14
50,60,733,1,733,733,733,1516,1,1516,1516,1516,14,1,14,14,14,2000,1,2000,2000,2000,14,1,14,14,14
50,60,731,1,731,731,731,1540,1,1540,1540,1540,15,1,15,15,15,2219,1,2219,2219,2219,15,1,15,15,15
50,60,724,1,724,724,724,1510,1,1510,1510,1510,14,1,14,14,14,2302,1,2302,2302,2302,15,1,15,15,15
50,60,718,1,718,718,718,1525,1,1525,1525,1525,13,1,13,13,13,1987,1,1987,1987,1987,13,1,13,13,13
50,60,756,1,756,756,756,1556,1,1556,1556,1556,16,1,16,16,16,2295,1,2295,2295,2295,16,1,16,16,16
50,60,718,1,718,718,718,1491,1,1491,1491,1491,13,1,13,13,13,1992,1,1992,1992,1992,13,1,13,13,13
50,60,737,1,737,737,737,1530,1,1530,1530,1530,15,1,15,15,15,2146,1,2146,2146,2146,15,1,15,15,15
50,60,699,1,699,699,699,1477,1,1477,1477,1477,13,1,13,13,13,2001,1,2001,2001,2001,13,1,13,13,13
50,60,715,1,715,715,715,1522,1,1522,1522,1522,15,1,15,15,15,2268,1,2268,2268,2268,15,1,15,15,15
50,60,753,1,753,753,753,1522,1,1522,1522,1522,14,1,14,14,14,2042,1,2042,2042,2042,14,1,14,14,14
50,60,748,1,748,748,748,1533,1,1533,1533,1533,14,1,14,14,14,2061,1,2061,2061,2061,14,1,14,14,14
50,60,743,1,743,743,743,1531,1,1531,1531,1531,15,1,15,15,15,2143,1,2143,2143,2143,15,1,15,15,15
50,60,720,1,720,720,720,1520,1,1520,1520,1520,14,1,14,14,14,2055,1,2055,2055,2055,13,1,13,13,13
50,60,735,1,735,735,735,1494,1,1494,1494,1494,12,1,12,12,12,1880,1,1880,1880,1880,12,1,12,12,12
50,60,727,1,727,727,727,1525,1,1525,1525,1525,14,1,14,14,14,2096,1,2096,2096,2096,14,1,14,14,14
50,60,754,1,754,754,754,1540,1,1540,1540,1540,15,1,15,15,15,2187,1,2187,2187,2187,15,1,15,15,15
50,60,780,1,780,780,780,1544,1,1544,1544,1544,15,1,15,15,15,2218,1,2218,2218,2218,15,1,15,15,15
50,60,711,1,711,711,711,1530,1,1530,1530,1530,14,1,14,14,14,2169,1,2169,2169,2169,14,1,14,14,14
50,60,722,1,722,722,722,1518,1,1518,1518,1518,14,1,14,14,14,2105,1,2105,2105,2105,14,1,14,14,14
50,60,753,1,753,753,753,1527,1,1527,1527,1527,14,1,14,14,14,2147,1,2147,2147,2147,14,1,14,14,14
50,60,736,1,736,736,736,1522,1,1522,1522,1522,14,1,14,14,14,2038,1,2038,2038,2038,14,1,14,14,14
50,60,756,1,756,756,756,1567,1,1567,1567,1567,15,1,15,15,15,2185,1,2185,2185,2185,14,1,14,14,14
50,60,741,1,741,741,741,1516,1,1516,1516,1516,14,1,14,14,14,2268,1,2268,2268,2268,15,1,15,15,15
50,60,728,1,728,728,728,1533,1,1533,1533,1533,14,1,14,14,14,2117,1,2117,2117,2117,14,1,14,14,14
50,60,735,1,735,735,735,1505,1,1505,1505,1505,14,1,14,14,14,2076,1,2076,2076,2076,14,1,14,14,14
50,60,734,1,734,734,734,1530,1,1530,1530,1530,15,1,15,15,15,2192,1,2192,2192,2192,15,1,15,15,15
50,60,713,1,713,713,713,1500,1,1500,1500,1500,14,1,14,14,14,2087,1,2087,2087,2087,14,1,14,14,14
50,60,744,1,744,744,744,1549,1,1549,1549,1549,15,1,15,15,15,2224,1,2224,2224,2224,15,1,15,15,15
50,60,758,1,758,758,758,1533,1,1533,1533,1533,14,1,14,14,14,2045,1,2045,2045,2045,14,1,14,14,14
50,60,713,1,713,713,713,1525,1,1525,1525,1525,14,1,14,14,14,2098,1,2098,2098,2098,14,1,14,14,14
50,60,750,1,750,750,750,1511,1,1511,1511,1511,14,1,14,14,14,2096,1,2096,2096,2096,14,1,14,14,14
50,60,734,1,734,734,734,1529,1,1529,1529,1529,15,1,15,15,15,2211,1,2211,2211,2211,15,1,15,15,15
50,60,742,1,742,742,742,1536,1,1536,1536,1536,14,1,14,14,14,2046,1,2046,2046,2046,14,1,14,14,14
50,60,772,1,772,772,772,1534,1,1534,1534,1534,14,1,14,14,14,2042,1,2042,2042,2042,14,1,14,14,14
50,60,722,1,722,722,722,1532,1,1532,1532,1532,15,1,15,15,15,2228,1,2228,2228,2228,15,1,15,15,15
50,60,736,1,736,736,736,1514,1,1514,1514,1514,14,1,14,14,14,2101,1,2101,2101,2101,14,1,14,14,14
50,60,726,1,726,726,726,1527,1,1527,1527,1527,14,1,14,14,14,2096,1,2096,2096,2096,14,1,14,14,14
50,60,728,1,728,728,728,1540,1,1540,1540,1540,14,1,14,14,14,2081,1,2081,2081,2081,14,1,14,14,14
50,60,715,1,715,715,715,1509,1,1509,1509,1509,14,1,14,14,14,2054,1,2054,2054,2054,14,1,14,14,14
50,60,734,1,734,734,734,1535,1,1535,1535,1535,14,1,14,14,14,2118,1,2118,2118,2118,14,1,14,14,14
50,60,732,1,732,732,732,1526,1,1526,1526,1526,14,1,14,14,14,2139,1,2139,2139,2139,14,1,14,14,14
