n,p,m_total,m_count,m_mean,m_min,m_max,steps_total,steps_count,steps_mean,steps_min,steps_max,number_total,number_count,number_mean,number_min,number_max,isteps_total,isteps_count,isteps_mean,isteps_min,isteps_max,inumber_total,inumber_count,inumber_mean,inumber_min,inumber_max
30,90,384,1,384,384,384,634,1,634,634,634,15,1,15,15,15,1100,1,1100,1100,1100,15,1,15,15,15
30,90,395,1,395,395,395,697,1,697,697,697,17,1,17,17,17,1256,1,1256,1256,1256,17,1,17,17,17
30,90,393,1,393,393,393,690,1,690,690,690,17,1,17,17,17,1259,1,1259,1259,1259,17,1,17,17,17
30,90,396,1,396,396,396,673,1,673,673,673,16,1,16,16,16,1184,1,1184,1184,1184,16,1,16,16,16
30,90,386,1,386,386,386,648,1,648,648,648,16,1,16,16,16,1183,1,1183,1183,1183,16,1,16,16,16
30,90,393,1,393,393,393,648,1,648,648,648,16,1,16,16,16,1141,1,1141,1141,1141,16,1,16,16,16
30,90,401,1,401,401,401,698,1,698,698,698,17,1,17,17,17,1267,1,1267,1267,1267,17,1,17,17,17
30,90,387,1,387,387,387,669,1,669,669,669,17,1,17,17,17,1245,1,1245,1245,1245,17,1,17,17,17
30,90,391,1,391,391,391,674,1,674,674,674,16,1,16,16,16,1183,1,1183,1183,1183,16,1,16,16,16
30,90,388,1,388,388,388,671,1,671,671,671,17,1,17,17,17,1247,1,1247,1247,1247,17,1,17,17,17
30,90,391,1,391,391,391,661,1,661,661,661,15,1,15,15,15,1107,1,1107,1107,1107,15,1,15,15,15
30,90,386,1,386,386,386,649,1,649,649,649,16,1,16,16,16,1163,1,1163,1163,1163,16,1,16,16,16
30,90,385,1,385,385,385,670,1,670,670,670,15,1,15,15,15,1109,1,1109,1109,1109,15,1,15,15,15
30,90,403,1,403,403,403,702,1,702,702,702,18,1,18,18,18,1315,1,1315,1315,1315,18,1,18,18,18
30,90,401,1,401,401,401,675,1,675,675,675,17,1,17,17,17,1231,1,1231,1231,1231,17,1,17,17,17
30,90,391,1,391,391,391,647,1,647,647,647,15,1,15,15,15,1104,1,1104,1104,1104,15,1,15,15,15
30,90,400,1,400,400,400,692,1,692,692,692,18,1,18,18,18,1330,1,1330,1330,1330,18,1,18,18,18
30,90,389,1,389,389,389,662,1,662,662,662,16,1,16,16,16,1167,1,1167,1167,1167,16,1,16,16,16
30,90,387,1,387,387,387,660,1,660,660,660,16,1,16,16,16,1192,1,1192,1192,1192,16,1,16,16,16
30,90,398,1,398,398,398,672,1,672,672,672,16,1,16,16,16,1183,1,1183,1183,1183,16,1,16,16,16
30,90,392,1,392,392,392,647,1,647,647,647,15,1,15,15,15,1081,1,1081,1081,1081,15,1,15,15,15
30,90,405,1,405,405,405,705,1,705,705,705,18,1,18,18,18,1318,1,1318,1318,1318,18,1,18,18,18
30,90,393,1,393,393,393,666,1,666,666,666,16,1,16,16,16,1166,1,1166,1166,1166,16,1,16,16,16
30,90,396,1,396,396,396,689,1,689,689,689,17,1,17,17,17,1237,1,1237,1237,1237,17,1,17,17,17
30,90,387,1,387,387,387,654,1,654,654,654,15,1,15,15,15,1107,1,1107,1107,1107,15,1,15,15,15
30,90,394,1,394,394,394,676,1,676,676,676,17,1,17,17,17,1226,1,1226,1226,1226,17,1,17,17,17
30,90,382,1,382,382,382,655,1,655,655,655,16,1,16,16,16,1169,1,1169,1169,1169,16,1,16,16,16
30,90,394,1,394,394,394,633,1,633,633,633,15,1,15,15,15,1082,1,1082,1082,1082,15,1,15,15,15
30,90,392,1,392,392,392,663,1,663,663,663,16,1,16,16,16,1148,1,1148,1148,1148,16,1,16,16,16
30,90,384,1,384,384,384,638,1,638,638,638,15,1,15,15,15,1081,1,1081,1081,1081,15,1,15,15,15
30,90,396,1,396,396,396,678,1,678,678,678,17,1,17,17,17,1264,1,1264,1264,1264,17,1,17,17,17
30,90,393,1,393,393,393,675,1,675,675,675,16,1,16,16,16,1171,1,1171,1171,1171,16,1,16,16,16
30,90,397,1,397,397,397,674,1,674,674,674,17,1,17,17,17,1239,1,1239,1239,1239,17,1,17,17,17
30,90,396,1,396,396,396,665,1,665,665,665,17,1,17,17,17,1254,1,1254,1254,1254,17,1,17,17,17
30,90,397,1,397,397,397,684,1,684,684,684,17,1,17,17,17,1259,1,1259,1259,1259,17,1,17,17,17
30,90,393,1,393,393,393,684,1,684,684,684,17,1,17,17,17,1257,1,1257,1257,1257,17,1,17,17,17
30,90,391,1,391,391,391,695,1,695,695,695,17,1,17,17,17,1233,1,1233,1233,1233,17,1,17,17,17
30,90,391,1,391,391,391,673,1,673,673,673,16,1,16,16,16,1153,1,1153,1153,1153,16,1,16,16,16
30,90,387,1,387,387,387,649,1,649,649,649,16,1,16,16,16,1151,1,1151,1151,1151,16,1,16,16,16
30,90,401,1,401,401,401,707,1,707,707,707,19,1,19,19,19,1397,1,1397,1397,1397,19,1,19,19,19
30,90,383,1,383,383,383,627,1,627,627,627,14,1,14,14,14,1008,1,1008,1008,1008,14,1,14,14,14
30,90,395,1,395,395,395,674,1,674,674,674,17,1,17,17,17,1252,1,1252,1252,1252,17,1,17,17,17
30,90,394,1,394,394,394,675,1,675,675,675,17,1,17,17,17,1267,1,1267,1267,1267,17,1,17,17,17
30,90,396,1,396,396,396,665,1,665,665,665,17,1,17,17,17,1221,1,1221,1221,1221,17,1,17,17,17
30,90,388,1,388,388,388,672,1,672,672,672,16,1,16,16,16,1195,1,1195,1195,1195,16,1,16,16,16
30,90,383,1,383,383,383,660,1,660,660,660,16,1,16,16,16,1212,1,1212,1212,1212,16,1,16,16,16
30,90,396,1,396,396,396,674,1,674,674,674,16,1,16,16,16,1192,1,1192,1192,1192,16,1,16,16,16
30,90,408,1,408,408,408,688,1,688,688,688,17,1,17,17,17,1242,1,1242,1242,1242,17,1,17,17,17
30,90,395,1,395,395,395,697,1,697,697,697,17,1,17,17,17,1247,1,1247,1247,1247,17,1,17,17,17
30,90,394,1,394,394,394,652,1,652,652,652,16,1,16,16,16,1214,1,1214,1214,1214,16,1,16,16,16
30,90,390,1,390,390,390,662,1,662,662,662,16,1,16,16,16,1171,1,1171,1171,1171,16,1,16,16,16
30,90,389,1,389,389,389,663,1,663,663,663,16,1,16,16,16,1169,1,1169,1169,1169,16,1,16,16,16
30,90,393,1,393,393,393,669,1,669,669,669,17,1,17,17,17,1225,1,1225,1225,1225,17,1,17,17,17
30,90,401,1,401,401,401,685,1,685,685,685,18,1,18,18,18,1349,1,1349,1349,1349,18,1,18,18,18
30,90,387,1,387,387,387,665,1,665,665,665,17,1,17,17,17,1228,1,1228,1228,1228,17,1,17,17,17
30,90,394,1,394,394,394,679,1,679,679,679,18,1,18,18,18,1310,1,1310,1310,1310,18,1,18,18,18
30,90,391,1,391,391,391,646,1,646,646,646,16,1,16,16,16,1150,1,1150,1150,1150,16,1,16,16,16
30,90,405,1,405,405,405,717,1,717,717,717,19,1,19,19,19,1414,1,1414,1414,1414,19,1,19,19,19
30,90,381,1,381,381,381,659,1,659,659,659,16,1,16,16,16,1201,1,1201,1201,1201,16,1,16,16,16
30,90,393,1,393,393,393,659,1,659,659,659,15,1,15,15,15,1092,1,1092,1092,1092,15,1,15,15,15
30,90,384,1,384,384,384,641,1,641,641,641,15,1,15,15,15,1093,1,1093,1093,1093,15,1,15,15,15
30,90,393,1,393,393,393,654,1,654,654,654,17,1,17,17,17,1224,1,1224,1224,1224,17,1,17,17,17
30,90,391,1,391,391,391,674,1,674,674,674,17,1,17,17,17,1258,1,1258,1258,1258,17,1,17,17,17
30,90,396,1,396,396,396,661,1,661,661,661,15,1,15,15,15,1113,1,1113,1113,1113,15,1,15,15,15
30,90,387,1,387,387,387,656,1,656,656,656,16,1,16,16,16,1168,1,1168,1168,1168,16,1,16,16,16
30,90,396,1,396,396,396,649,1,649,649,649,16,1,16,16,16,1143,1,1143,1143,1143,16,1,16,16,16
30,90,391,1,391,391,391,681,1,681,681,681,18,1,18,18,18,1325,1,1325,1325,1325,18,1,18,18,18
30,90,394,1,394,394,394,662,1,662,662,662,16,1,16,16,16,1153,1,1153,1153,1153,16,1,16,16,16
30,90,385,1,385,385,385,640,1,640,640,640,15,1,15,15,15,1082,1,1082,1082,1082,15,1,15,15,15
30,90,391,1,391,391,391,676,1,676,676,676,16,1,16,16,16,1178,1,1178,1178,1178,16,1,16,16,16
30,90,392,1,392,392,392,701,1,701,701,701,18,1,18,18,18,1334,1,1334,1334,1334,18,1,18,18,18
30,90,394,1,394,394,394,690,1,690,690,690,18,1,18,18,18,1363,1,1363,1363,1363,18,1,18,18,18
30,90,392,1,392,392,392,679,1,679,679,679,17,1,17,17,17,1246,1,1246,1246,1246,17,1,17,17,17
30,90,381,1,381,381,381,648,1,648,648,648,16,1,16,16,16,1166,1,1166,1166,1166,16,1,16,16,16
30,90,394,1,394,394,394,649,1,649,649,649,16,1,16,16,16,1168,1,1168,1168,1168,16,1,16,16,16
30,90,396,1,396,396,396,693,1,693,693,693,18,1,18,18,18,1329,1,1329,1329,1329,18,1,18,18,18
30,90,396,1,396,396,396,683,1,683,683,683,17,1,17,17,17,1237,1,1237,1237,1237,17,1,17,17,17
30,90,397,1,397,397,397,676,1,676,676,676,17,1,17,17,17,1257,1,1257,1257,1257,17,1,17,17,17
30,90,396,1,396,396,396,661,1,661,661,661,16,1,16,16,16,1169,1,1169,1169,1169,16,1,16,16,16
30,90,387,1,387,387,387,643,1,643,643,643,15,1,15,15,15,1100,1,1100,1100,1100,15,1,15,15,15
30,90,379,1,379,379,379,636,1,636,636,636,15,1,15,15,15,1079,1,1079,1079,1079,15,1,15,15,15
30,90,385,1,385,385,385,662,1,662,662,662,17,1,17,17,17,1267,1,1267,1267,1267,17,1,17,17,17
30,90,387,1,387,387,387,663,1,663,663,663,16,1,16,16,16,1200,1,1200,1200,1200,16,1,16,16,16
30,90,398,1,398,398,398,697,1,697,697,697,18,1,18,18,18,1329,1,1329,1329,1329,18,1,18,18,18
30,90,383,1,383,383,383,640,1,640,640,640,16,1,16,16,16,1204,1,1204,1204,1204,16,1,16,16,16
30,90,397,1,397,397,397,658,1,658,658,658,17,1,17,17,17,1224,1,1224,1224,1224,17,1,17,17,17
30,90,388,1,388,388,388,672,1,672,672,672,17,1,17,17,17,1255,1,1255,1255,1255,17,1,17,17,17
30,90,383,1,383,383,383,667,1,667,667,667,16,1,16,16,16,1140,1,1140,1140,1140,16,1,16,16,16
30,90,395,1,395,395,395,676,1,676,676,676,17,1,17,17,17,1250,1,1250,1250,1250,17,1,17,17,17
30,90,387,1,387,387,387,674,1,674,674,674,17,1,17,17,17,1241,1,1241,1241,1241,17,1,17,17,17
30,90,381,1,381,381,381,659,1,659,659,659,16,1,16,16,16,1177,1,1177,1177,1177,16,1,16,16,16
30,90,390,1,390,390,390,639,1,639,639,639,16,1,16,16,16,1146,1,1146,1146,1146,16,1,16,16,16
30,90,396,1,396,396,396,690,1,690,690,690,17,1,17,17,17,1264,1,1264,1264,1264,17,1,17,17,17
30,90,392,1,392,392,392,687,1,687,687,687,17,1,17,17,17,1243,1,1243,1243,1243,17,1,17,17,17
30,90,386,1,386,386,386,654,1,654,654,654,16,1,16,16,16,1159,1,1159,1159,1159,16,1,16,16,16
30,90,389,1,389,389,389,654,1,654,654,654,16,1,16,16,16,1166,1,1166,1166,1166,16,1,16,16,16
30,90,378,1,378,378,378,634,1,634,634,634,15,1,15,15,15,1107,1,1107,1107,1107,15,1,15,15,15
30,90,400,1,400,400,400,714,1,714,714,714,18,1,18,18,18,1357,1,1357,1357,1357,18,1,18,18,18
30,90,403,1,403,403,403,678,1,678,678,678,17,1,17,17,17,1228,1,1228,1228,1228,17,1,17,17,17
30,90,393,1,393,393,393,694,1,694,694,694,17,1,17,17,17,1272,1,1272,1272,1272,17,1,17,17,17
30,90,396,1,396,396,396,683,1,683,683,683,17,1,17,17,17,1263,1,1263,1263,1263,17,1,17,17,17
30,90,397,1,397,397,397,675,1,675,675,675,17,1,17,17,17,1243,1,1243,1243,1243,17,1,17,17,17
30,90,385,1,385,385,385,637,1,637,637,637,15,1,15,15,15,1133,1,1133,1133,1133,15,1,15,15,15
30,90,388,1,388,388,388,661,1,661,661,661,16,1,16,16,16,1181,1,1181,1181,1181,16,1,16,16,16
30,90,387,1,387,387,387,658,1,658,658,658,16,1,16,16,16,1129,1,1129,1129,1129,16,1,16,16,16
30,90,390,1,390,390,390,663,1,663,663,663,16,1,16,16,16,1169,1,1169,1169,1169,16,1,16,16,16
30,90,393,1,393,393,393,680,1,680,680,680,17,1,17,17,17,1237,1,1237,1237,1237,17,1,17,17,17
30,90,388,1,388,388,388,648,1,648,648,648,16,1,16,16,16,1150,1,1150,1150,1150,16,1,16,16,16
30,90,388,1,388,388,388,667,1,667,667,667,16,1,16,16,16,1172,1,1172,1172,1172,16,1,16,16,16
30,90,391,1,391,391,391,673,1,673,673,673,16,1,16,16,16,1166,1,1166,1166,1166,16,1,16,16,16
30,90,399,1,399,399,399,721,1,721,721,721,20,1,20,20,20,1517,1,1517,1517,1517,20,1,20,20,20
30,90,393,1,393,393,393,668,1,668,668,668,17,1,17,17,17,1271,1,1271,1271,1271,17,1,17,17,17
30,90,385,1,385,385,385,652,1,652,652,652,15,1,15,15,15,1109,1,1109,1109,1109,15,1,15,15,15
30,90,389,1,389,389,389,696,1,696,696,696,17,1,17,17,17,1273,1,1273,1273,1273,17,1,17,17,17
30,90,390,1,390,390,390,654,1,654,654,654,15,1,15,15,15,1087,1,1087,1087,1087,15,1,15,15,15
30,90,400,1,400,400,400,697,1,697,697,697,17,1,17,17,17,1257,1,1257,1257,1257,17,1,17,17,17
30,90,395,1,395,395,395,677,1,677,677,677,17,1,17,17,17,1276,1,1276,1276,1276,17,1,17,17,17
30,90,396,1,396,396,396,664,1,664,664,664,16,1,16,16,16,1165,1,1165,1165,1165,16,1,16,16,16
30,90,389,1,389,389,389,661,1,661,661,661,16,1,16,16,16,1173,1,1173,1173,1173,16,1,16,16,16
30,90,385,1,385,385,385,640,1,640,640,640,15,1,15,15,15,1096,1,1096,1096,1096,15,1,15,15,15
30,90,392,1,392,392,392,705,1,705,705,705,17,1,17,17,17,1258,1,1258,1258,1258,17,1,17,17,17
30,90,394,1,394,394,394,647,1,647,647,647,16,1,16,16,16,1177,1,1177,1177,1177,16,1,16,16,16
30,90,390,1,390,390,390,661,1,661,661,661,16,1,16,16,16,1170,1,1170,1170,1170,16,1,16,16,16
30,90,387,1,387,387,387,651,1,651,651,651,17,1,17,17,17,1206,1,1206,1206,1206,17,1,17,17,17
30,90,388,1,388,388,388,644,1,644,644,644,15,1,15,15,15,1084,1,1084,1084,1084,15,1,15,15,15
30,90,386,1,386,386,386,688,1,688,688,688,18,1,18,18,18,1333,1,1333,1333,1333,18,1,18,18,18
30,90,398,1,398,398,398,702,1,702,702,702,18,1,18,18,18,1308,1,1308,1308,1308,18,1,18,18,18
30,90,395,1,395,395,395,664,1,664,664,664,16,1,16,16,16,1170,1,1170,1170,1170,16,1,16,16,16
30,90,389,1,389,389,389,683,1,683,683,683,17,1,17,17,17,1251,1,1251,1251,1251,17,1,17,17,17
30,90,394,1,394,394,394,675,1,675,675,675,16,1,16,16,16,1154,1,1154,1154,1154,16,1,16,16,16
30,90,392,1,392,392,392,699,1,699,699,699,18,1,18,18,18,1341,1,1341,1341,1341,18,1,18,18,18
30,90,398,1,398,398,398,687,1,687,687,687,18,1,18,18,18,1317,1,1317,1317,1317,18,1,18,18,18
30,90,395,1,395,395,395,663,1,663,663,663,16,1,16,16,16,1190,1,1190,1190,1190,16,1,16,16,16
30,90,385,1,385,385,385,668,1,668,668,668,16,1,16,16,16,1190,1,1190,1190,1190,16,1,16,16,16
30,90,399,1,399,399,399,681,1,681,681,681,17,1,17,17,17,1252,1,1252,1252,1252,17,1,17,17,17
30,90,396,1,396,396,396,706,1,706,706,706,18,1,18,18,18,1316,1,1316,1316,1316,18,1,18,18,18
30,90,392,1,392,392,392,650,1,650,650,650,15,1,15,15,15,1102,1,1102,1102,1102,15,1,15,15,15
30,90,388,1,388,388,388,658,1,658,658,658,17,1,17,17,17,1234,1,1234,1234,1234,17,1,17,17,17
30,90,378,1,378,378,378,651,1,651,651,651,16,1,16,16,16,1171,1,1171,1171,1171,16,1,16,16,16
30,90,386,1,386,386,386,672,1,672,672,672,17,1,17,17,17,1250,1,1250,1250,1250,17,1,17,17,17
30,90,389,1,389,389,389,657,1,657,657,657,16,1,16,16,16,1196,1,1196,1196,1196,16,1,16,16,16
30,90,389,1,389,389,389,637,1,637,637,637,16,1,16,16,16,1139,1,1139,1139,1139,16,1,16,16,16
30,90,391,1,391,391,391,660,1,660,660,660,16,1,16,16,16,1156,1,1156,1156,1156,16,1,16,16,16
30,90,394,1,394,394,394,672,1,672,672,672,17,1,17,17,17,1234,1,1234,1234,1234,17,1,17,17,17
30,90,395,1,395,395,395,701,1,701,701,701,17,1,17,17,17,1248,1,1248,1248,1248,17,1,17,17,17
30,90,389,1,389,389,389,662,1,662,662,662,17,1,17,17,17,1279,1,1279,1279,1279,17,1,17,17,17
30,90,404,1,404,404,404,718,1,718,718,718,19,1,19,19,19,1406,1,1406,1406,1406,19,1,19,19,19
30,90,394,1,394,394,394,670,1,670,670,670,17,1,17,17,17,1237,1,1237,1237,1237,17,1,17,17,17
30,90,389,1,389,389,389,654,1,654,654,654,16,1,16,16,16,1134,1,1134,1134,1134,16,1,16,16,16
30,90,388,1,388,388,388,653,1,653,653,653,17,1,17,17,17,1233,1,1233,1233,1233,17,1,17,17,17
30,90,384,1,384,384,384,634,1,634,634,634,14,1,14,14,14,1031,1,1031,1031,1031,14,1,14,14,14
30,90,389,1,389,389,389,664,1,664,664,664,15,1,15,15,15,1092,1,1092,1092,1092,15,1,15,15,15
30,90,396,1,396,396,396,665,1,665,665,665,16,1,16,16,16,1152,1,1152,1152,1152,16,1,16,16,16
30,90,401,1,401,401,401,711,1,711,711,711,19,1,19,19,19,1411,1,1411,1411,1411,19,1,19,19,19
30,90,390,1,390,390,390,675,1,675,675,675,17,1,17,17,17,1270,1,1270,1270,1270,17,1,17,17,17
30,90,397,1,397,397,397,660,1,660,660,660,16,1,16,16,16,1180,1,1180,1180,1180,16,1,16,16,16
30,90,392,1,392,392,392,682,1,682,682,682,17,1,17,17,17,1242,1,1242,1242,1242,17,1,17,17,17
30,90,393,1,393,393,393,662,1,662,662,662,17,1,17,17,17,1210,1,1210,1210,1210,17,1,17,17,17
30,90,384,1,384,384,384,669,1,669,669,669,16,1,16,16,16,1188,1,1188,1188,1188,16,1,16,16,16
30,90,384,1,384,384,384,676,1,676,676,676,16,1,16,16,16,1185,1,1185,1185,1185,16,1,16,16,16
30,90,381,1,381,381,381,668,1,668,668,668,16,1,16,16,16,1165,1,1165,1165,1165,16,1,16,16,16
30,90,402,1,402,402,402,694,1,694,694,694,18,1,18,18,18,1318,1,1318,1318,1318,18,1,18,18,18
30,90,380,1,380,380,380,656,1,656,656,656,15,1,15,15,15,1091,1,1091,1091,1091,15,1,15,15,15
30,90,392,1,392,392,392,662,1,662,662,662,17,1,17,17,17,1241,1,1241,1241,1241,17,1,17,17,17
30,90,382,1,382,382,382,648,1,648,648,648,15,1,15,15,15,1077,1,1077,1077,1077,15,1,15,15,15
30,90,385,1,385,385,385,657,1,657,657,657,16,1,16,16,16,1171,1,1171,1171,1171,16,1,16,16,16
30,90,401,1,401,401,401,682,1,682,682,682,17,1,17,17,17,1220,1,1220,1220,1220,17,1,17,17,17
30,90,388,1,388,388,388,648,1,648,648,648,16,1,16,16,16,1183,1,1183,1183,1183,16,1,16,16,16
30,90,388,1,388,388,388,679,1,679,679,679,16,1,16,16,16,1205,1,1205,1205,1205,16,1,16,16,16
30,90,392,1,392,392,392,679,1,679,679,679,17,1,17,17,17,1272,1,1272,1272,1272,17,1,17,17,17
30,90,395,1,395,395,395,667,1,667,667,667,16,1,16,16,16,1189,1,1189,1189,1189,16,1,16,16,16
30,90,395,1,395,395,395,664,1,664,664,664,16,1,16,16,16,1149,1,1149,1149,1149,16,1,16,16,16
30,90,393,1,393,393,393,656,1,656,656,656,15,1,15,15,15,1100,1,1100,1100,1100,15,1,15,15,15
30,90,388,1,388,388,388,649,1,649,649,649,15,1,15,15,15,1086,1,1086,1086,1086,15,1,15,15,15
30,90,394,1,394,394,394,665,1,665,665,665,16,1,16,16,16,1174,1,1174,1174,1174,16,1,16,16,16
30,90,388,1,388,388,388,660,1,660,660,660,16,1,16,16,16,1193,1,1193,1193,1193,16,1,16,16,16
30,90,398,1,398,398,398,676,1,676,676,676,17,1,17,17,17,1244,1,1244,1244,1244,17,1,17,17,17
30,90,389,1,389,389,389,647,1,647,647,647,16,1,16,16,16,1172,1,1172,1172,1172,16,1,16,16,16
30,90,391,1,391,391,391,634,1,634,634,634,15,1,15,15,15,1078,1,1078,1078,1078,15,1,15,15,15
30,90,390,1,390,390,390,647,1,647,647,647,15,1,15,15,15,1088,1,1088,1088,1088,15,1,15,15,15
30,90,386,1,386,386,386,676,1,676,676,676,17,1,17,17,17,1256,1,1256,1256,1256,17,1,17,17,17
30,90,389,1,389,389,389,648,1,648,648,648,16,1,16,16,16,1163,1,1163,1163,1163,16,1,16,16,16
30,90,388,1,388,388,388,666,1,666,666,666,16,1,16,16,16,1179,1,1179,1179,1179,16,1,16,16,16
30,90,398,1,398,398,398,697,1,697,697,697,17,1,17,17,17,1275,1,1275,1275,1275,17,1,17,17,17
30,90,397,1,397,397,397,703,1,703,703,703,18,1,18,18,18,1354,1,1354,1354,1354,18,1,18,18,18
30,90,390,1,390,390,390,670,1,670,670,670,16,1,16,16,16,1184,1,1184,1184,1184,16,1,16,16,16
30,90,380,1,380,380,380,640,1,640,640,640,15,1,15,15,15,1115,1,1115,1115,1115,15,1,15,15,15
30,90,392,1,392,392,392,688,1,688,688,688,17,1,17,17,17,1269,1,1269,1269,1269,17,1,17,17,17
30,90,389,1,389,389,389,639,1,639,639,639,15,1,15,15,15,1092,1,1092,1092,1092,15,1,15,15,15
30,90,400,1,400,400,400,699,1,699,699,699,19,1,19,19,19,1409,1,1409,1409,1409,19,1,19,19,19
30,90,400,1,400,400,400,703,1,703,703,703,17,1,17,17,17,1255,1,1255,1255,1255,17,1,17,17,17
30,90,401,1,401,401,401,695,1,695,695,695,18,1,18,18,18,1323,1,1323,1323,1323,18,1,18,18,18
30,90,395,1,395,395,395,691,1,691,691,691,18,1,18,18,18,1315,1,1315,1315,1315,18,1,18,18,18
30,90,401,1,401,401,401,713,1,713,713,713,18,1,18,18,18,1336,1,1336,1336,1336,18,1,18,18,18
30,90,388,1,388,388,388,675,1,675,675,675,16,1,16,16,16,1170,1,1170,1170,1170,16,1,16,16,16
30,90,392,1,392,392,392,679,1,679,679,679,17,1,17,17,17,1252,1,1252,1252,1252,17,1,17,17,17
30,90,382,1,382,382,382,673,1,673,673,673,17,1,17,17,17,1228,1,1228,1228,1228,17,1,17,17,17
30,90,391,1,391,391,391,658,1,658,658,658,15,1,15,15,15,1076,1,1076,1076,1076,15,1,15,15,15
30,90,395,1,395,395,395,669,1,669,669,669,16,1,16,16,16,1187,1,1187,1187,1187,16,1,16,16,16
30,90,389,1,389,389,389,664,1,664,664,664,17,1,17,17,17,1218,1,1218,1218,1218,17,1,17,17,17
30,90,388,1,388,388,388,663,1,663,663,663,16,1,16,16,16,1154,1,1154,1154,1154,16,1,16,16,16
30,90,395,1,395,395,395,677,1,677,677,677,17,1,17,17,17,1253,1,1253,1253,1253,17,1,17,17,17
30,90,393,1,393,393,393,689,1,689,689,689,17,1,17,17,17,1263,1,1263,1263,1263,17,1,17,17,17
30,90,379,1,379,379,379,637,1,637,637,637,15,1,15,15,15,1082,1,1082,1082,1082,15,1,15,15,15
30,90,395,1,395,395,395,678,1,678,678,678,17,1,17,17,17,1231,1,1231,1231,1231,17,1,17,17,17
30,90,392,1,392,392,392,670,1,670,670,670,16,1,16,16,16,1181,1,1181,1181,1181,16,1,16,16,16
30,90,384,1,384,384,384,642,1,642,642,642,16,1,16,16,16,1173,1,1173,1173,1173,16,1,16,16,16
30,90,393,1,393,393,393,687,1,687,687,687,17,1,17,17,17,1241,1,1241,1241,1241,17,1,17,17,17
30,90,392,1,392,392,392,670,1,670,670,670,17,1,17,17,17,1227,1,1227,1227,1227,17,1,17,17,17
30,90,387,1,387,387,387,666,1,666,666,666,18,1,18,18,18,1296,1,1296,1296,1296,18,1,18,18,18
30,90,385,1,385,385,385,662,1,662,662,662,17,1,17,17,17,1250,1,1250,1250,1250,17,1,17,17,17
30,90,383,1,383,383,383,646,1,646,646,646,15,1,15,15,15,1097,1,1097,1097,1097,15,1,15,15,15
30,90,404,1,404,404,404,687,1,687,687,687,17,1,17,17,17,1271,1,1271,1271,1271,17,1,17,17,17
30,90,392,1,392,392,392,668,1,668,668,668,16,1,16,16,16,1175,1,1175,1175,1175,16,1,16,16,16
30,90,393,1,393,393,393,677,1,677,677,677,16,1,16,16,16,1164,1,1164,1164,1164,16,1,16,16,16
30,90,391,1,391,391,391,677,1,677,677,677,16,1,16,16,16,1175,1,1175,1175,1175,16,1,16,16,16
30,90,391,1,391,391,391,680,1,680,680,680,17,1,17,17,17,1245,1,1245,1245,1245,17,1,17,17,17
30,90,393,1,393,393,393,688,1,688,688,688,18,1,18,18,18,1309,1,1309,1309,1309,18,1,18,18,18
30,90,399,1,399,399,399,723,1,723,723,723,19,1,19,19,19,1415,1,1415,1415,1415,19,1,19,19,19
30,90,385,1,385,385,385,645,1,645,645,645,15,1,15,15,15,1130,1,1130,1130,1130,15,1,15,15,15
30,90,394,1,394,394,394,682,1,682,682,682,18,1,18,18,18,1299,1,1299,1299,1299,18,1,18,18,18
30,90,391,1,391,391,391,678,1,678,678,678,17,1,17,17,17,1243,1,1243,1243,1243,17,1,17,17,17
30,90,394,1,394,394,394,673,1,673,673,673,16,1,16,16,16,1194,1,1194,1194,1194,16,1,16,16,16
30,90,390,1,390,390,390,648,1,648,648,648,15,1,15,15,15,1110,1,1110,1110,1110,15,1,15,15,15
30,90,386,1,386,386,386,663,1,663,663,663,16,1,16,16,16,1201,1,1201,1201,1201,16,1,16,16,16
30,90,391,1,391,391,391,660,1,660,660,660,17,1,17,17,17,1215,1,1215,1215,1215,17,1,17,17,17
30,90,399,1,399,399,399,687,1,687,687,687,19,1,19,19,19,1396,1,1396,1396,1396,19,1,19,19,19
30,90,392,1,392,392,392,651,1,651,651,651,16,1,16,16,16,1146,1,1146,1146,1146,16,1,16,16,16
30,90,391,1,391,391,391,669,1,669,669,669,16,1,16,16,16,1154,1,1154,1154,1154,16,1,16,16,16
30,90,383,1,383,383,383,647,1,647,647,647,15,1,15,15,15,1081,1,1081,1081,1081,15,1,15,15,15
30,90,391,1,391,391,391,648,1,648,648,648,16,1,16,16,16,1147,1,1147,1147,1147,16,1,16,16,16
30,90,398,1,398,398,398,666,1,666,666,666,17,1,17,17,17,1234,1,1234,1234,1234,17,1,17,17,17
30,90,385,1,385,385,385,675,1,675,675,675,17,1,17,17,17,1216,1,1216,1216,1216,17,1,17,17,17
30,90,390,1,390,390,390,663,1,663,663,663,17,1,17,17,17,1226,1,1226,1226,1226,17,1,17,17,17
30,90,398,1,398,398,398,713,1,713,713,713,19,1,19,19,19,1426,1,1426,1426,1426,19,1,19,19,19
30,90,389,1,389,389,389,655,1,655,655,655,16,1,16,16,16,1176,1,1176,1176,1176,16,1,16,16,16
30,90,386,1,386,386,386,651,1,651,651,651,15,1,15,15,15,1070,1,1070,1070,1070,15,1,15,15,15
30,90,391,1,391,391,391,683,1,683,683,683,17,1,17,17,17,1249,1,1249,1249,1249,17,1,17,17,17
30,90,393,1,393,393,393,682,1,682,682,682,17,1,17,17,17,1247,1,1247,1247,1247,17,1,17,17,17
30,90,405,1,405,405,405,702,1,702,702,702,18,1,18,18,18,1342,1,1342,1342,1342,18,1,18,18,18
30,90,381,1,381,381,381,646,1,646,646,646,15,1,15,15,15,1094,1,1094,1094,1094,15,1,15,15,15
30,90,383,1,383,383,383,646,1,646,646,646,16,1,16,16,16,1156,1,1156,1156,1156,16,1,16,16,16
30,90,384,1,384,384,384,655,1,655,655,655,15,1,15,15,15,1101,1,1101,1101,1101,15,1,15,15,15
30,90,388,1,388,388,388,642,1,642,642,642,16,1,16,16,16,1185,1,1185,1185,1185,16,1,16,16,16
30,90,385,1,385,385,385,650,1,650,650,650,16,1,16,16,16,1160,1,1160,1160,1160,16,1,16,16,16
30,90,384,1,384,384,384,651,1,651,651,651,15,1,15,15,15,1110,1,1110,1110,1110,15,1,15,15,15
30,90,399,1,399,399,399,678,1,678,678,678,17,1,17,17,17,1230,1,1230,1230,1230,17,1,17,17,17
30,90,391,1,391,391,391,674,1,674,674,674,16,1,16,16,16,1150,1,1150,1150,1150,16,1,16,16,16
30,90,389,1,389,389,389,673,1,673,673,673,17,1,17,17,17,1228,1,1228,1228,1228,17,1,17,17,17
30,90,395,1,395,395,395,657,1,657,657,657,16,1,16,16,16,1175,1,1175,1175,1175,16,1,16,16,16
30,90,393,1,393,393,393,650,1,650,650,650,16,1,16,16,16,1186,1,1186,1186,1186,16,1,16,16,16
30,90,397,1,397,397,397,660,1,660,660,660,16,1,16,16,16,1154,1,1154,1154,1154,16,1,16,16,16
30,90,396,1,396,396,396,690,1,690,690,690,18,1,18,18,18,1328,1,1328,1328,1328,18,1,18,18,18
30,90,397,1,397,397,397,688,1,688,688,688,17,1,17,17,17,1253,1,1253,1253,1253,17,1,17,17,17
30,90,406,1,406,406,406,702,1,702,702,702,18,1,18,18,18,1343,1,1343,1343,1343,18,1,18,18,18
30,90,393,1,393,393,393,660,1,660,660,660,16,1,16,16,16,1181,1,1181,1181,1181,16,1,16,16,16
30,90,395,1,395,395,395,694,1,694,694,694,18,1,18,18,18,1315,1,1315,1315,1315,18,1,18,18,18
30,90,394,1,394,394,394,657,1,657,657,657,16,1,16,16,16,1152,1,1152,1152,1152,16,1,16,16,16
30,90,390,1,390,390,390,662,1,662,662,662,17,1,17,17,17,1223,1,1223,1223,1223,17,1,17,17,17
30,90,391,1,391,391,391,645,1,645,645,645,15,1,15,15,15,1087,1,1087,1087,1087,15,1,15,15,15
30,90,390,1,390,390,390,673,1,673,673,673,18,1,18,18,18,1311,1,1311,1311,1311,18,1,18,18,18
30,90,398,1,398,398,398,709,1,709,709,709,18,1,18,18,18,1349,1,1349,1349,1349,18,1,18,18,18
30,90,399,1,399,399,399,700,1,700,700,700,18,1,18,18,18,1329,1,1329,1329,1329,18,1,18,18,18
30,90,393,1,393,393,393,645,1,645,645,645,15,1,15,15,15,1095,1,1095,1095,1095,15,1,15,15,15
30,90,389,1,389,389,389,660,1,660,660,660,16,1,16,16,16,1156,1,1156,1156,1156,16,1,16,16,16
30,90,391,1,391,391,391,652,1,652,652,652,15,1,15,15,15,1087,1,1087,1087,1087,15,1,15,15,15
30,90,389,1,389,389,389,661,1,661,661,661,16,1,16,16,16,1143,1,1143,1143,1143,16,1,16,16,16
30,90,379,1,379,379,379,639,1,639,639,639,15,1,15,15,15,1074,1,1074,1074,1074,15,1,15,15,15
30,90,395,1,395,395,395,653,1,653,653,653,16,1,16,16,16,1130,1,1130,1130,1130,16,1,16,16,16
30,90,396,1,396,396,396,666,1,666,666,666,16,1,16,16,16,1160,1,1160,1160,1160,16,1,16,16,16
30,90,403,1,403,403,403,731,1,731,731,731,19,1,19,19,19,1420,1,1420,1420,1420,19,1,19,19,19
30,90,393,1,393,393,393,694,1,694,694,694,18,1,18,18,18,1325,1,1325,1325,1325,18,1,18,18,18
30,90,398,1,398,398,398,687,1,687,687,687,18,1,18,18,18,1307,1,1307,1307,1307,18,1,18,18,18
30,90,398,1,398,398,398,669,1,669,669,669,17,1,17,17,17,1246,1,1246,1246,1246,17,1,17,17,17
30,90,393,1,393,393,393,675,1,675,675,675,17,1,17,17,17,1220,1,1220,1220,1220,17,1,17,17,17
30,90,395,1,395,395,395,691,1,691,691,691,18,1,18,18,18,1316,1,1316,1316,1316,18,1,18,18,18
30,90,388,1,388,388,388,661,1,661,661,661,15,1,15,15,15,1111,1,1111,1111,1111,15,1,15,15,15
30,90,391,1,391,391,391,643,1,643,643,643,15,1,15,15,15,1084,1,1084,1084,1084,15,1,15,15,15
30,90,389,1,389,389,389,682,1,682,682,682,17,1,17,17,17,1247,1,1247,1247,1247,17,1,17,17,17
30,90,396,1,396,396,396,669,1,669,669,669,17,1,17,17,17,1246,1,1246,1246,1246,17,1,17,17,17
30,90,388,1,388,388,388,662,1,662,662,662,17,1,17,17,17,1247,1,1247,1247,1247,17,1,17,17,17
30,90,395,1,395,395,395,672,1,672,672,672,19,1,19,19,19,1366,1,1366,1366,1366,19,1,19,19,19
30,90,382,1,382,382,382,676,1,676,676,676,17,1,17,17,17,1259,1,1259,1259,1259,17,1,17,17,17
30,90,384,1,384,384,384,650,1,650,650,650,16,1,16,16,16,1178,1,1178,1178,1178,16,1,16,16,16
30,90,387,1,387,387,387,660,1,660,660,660,15,1,15,15,15,1121,1,1121,1121,1121,15,1,15,15,15
30,90,386,1,386,386,386,659,1,659,659,659,16,1,16,16,16,1176,1,1176,1176,1176,16,1,16,16,16
30,90,389,1,389,389,389,638,1,638,638,638,16,1,16,16,16,1144,1,1144,1144,1144,16,1,16,16,16
30,90,393,1,393,393,393,680,1,680,680,680,17,1,17,17,17,1233,1,1233,1233,1233,17,1,17,17,17
30,90,394,1,394,394,394,640,1,640,640,640,15,1,15,15,15,1072,1,1072,1072,1072,15,1,15,15,15
30,90,394,1,394,394,394,675,1,675,675,675,17,1,17,17,17,1232,1,1232,1232,1232,17,1,17,17,17
30,90,385,1,385,385,385,632,1,632,632,632,15,1,15,15,15,1078,1,1078,1078,1078,15,1,15,15,15
30,90,395,1,395,395,395,648,1,648,648,648,16,1,16,16,16,1180,1,1180,1180,1180,16,1,16,16,16
30,90,374,1,374,374,374,637,1,637,637,637,14,1,14,14,14,1047,1,1047,1047,1047,14,1,14,14,14
30,90,402,1,402,402,402,676,1,676,676,676,17,1,17,17,17,1241,1,1241,1241,1241,17,1,17,17,17
30,90,386,1,386,386,386,655,1,655,655,655,16,1,16,16,16,1190,1,1190,1190,1190,16,1,16,16,16
30,90,398,1,398,398,398,666,1,666,666,666,17,1,17,17,17,1238,1,1238,1238,1238,17,1,17,17,17
30,90,394,1,394,394,394,668,1,668,668,668,16,1,16,16,16,1194,1,1194,1194,1194,16,1,16,16,16
30,90,409,1,409,409,409,739,1,739,739,739,20,1,20,20,20,1519,1,1519,1519,1519,20,1,20,20,20
30,90,376,1,376,376,376,656,1,656,656,656,15,1,15,15,15,1114,1,1114,1114,1114,15,1,15,15,15
30,90,391,1,391,391,391,644,1,644,644,644,15,1,15,15,15,1109,1,1109,1109,1109,15,1,15,15,15
30,90,384,1,384,384,384,651,1,651,651,651,16,1,16,16,16,1139,1,1139,1139,1139,16,1,16,16,16
30,90,395,1,395,395,395,682,1,682,682,682,17,1,17,17,17,1241,1,1241,1241,1241,17,1,17,17,17
30,90,387,1,387,387,387,630,1,630,630,630,15,1,15,15,15,1087,1,1087,1087,1087,15,1,15,15,15
30,90,386,1,386,386,386,680,1,680,680,680,17,1,17,17,17,1236,1,1236,1236,1236,17,1,17,17,17
30,90,378,1,378,378,378,639,1,639,639,639,15,1,15,15,15,1106,1,1106,1106,1106,15,1,15,15,15
30,90,388,1,388,388,388,652,1,652,652,652,15,1,15,15,15,1116,1,1116,1116,1116,15,1,15,15,15
30,90,390,1,390,390,390,660,1,660,660,660,15,1,15,15,15,1093,1,1093,1093,1093,15,1,15,15,15
30,90,393,1,393,393,393,669,1,669,669,669,18,1,18,18,18,1315,1,1315,1315,1315,18,1,18,18,18
30,90,396,1,396,396,396,675,1,675,675,675,17,1,17,17,17,1254,1,1254,1254,1254,17,1,17,17,17
30,90,393,1,393,393,393,660,1,660,660,660,16,1,16,16,16,1174,1,1174,1174,1174,16,1,16,16,16
30,90,388,1,388,388,388,653,1,653,653,653,16,1,16,16,16,1153,1,1153,1153,1153,16,1,16,16,16
30,90,400,1,400,400,400,704,1,704,704,704,18,1,18,18,18,1317,1,1317,1317,1317,18,1,18,18,18
30,90,388,1,388,388,388,661,1,661,661,661,16,1,16,16,16,1152,1,1152,1152,1152,16,1,16,16,16
30,90,389,1,389,389,389,669,1,669,669,669,16,1,16,16,16,1165,1,1165,1165,1165,16,1,16,16,16
30,90,401,1,401,401,401,697,1,697,697,697,19,1,19,19,19,1405,1,1405,1405,1405,19,1,19,19,19
30,90,386,1,386,386,386,659,1,659,659,659,15,1,15,15,15,1103,1,1103,1103,1103,15,1,15,15,15
30,90,392,1,392,392,392,670,1,670,670,670,17,1,17,17,17,1238,1,1238,1238,1238,17,1,17,17,17
30,90,402,1,402,402,402,702,1,702,702,702,18,1,18,18,18,1342,1,1342,1342,1342,18,1,18,18,18
30,90,400,1,400,400,400,691,1,691,691,691,18,1,18,18,18,1323,1,1323,1323,1323,18,1,18,18,18
30,90,387,1,387,387,387,656,1,656,656,656,16,1,16,16,16,1167,1,1167,1167,1167,16,1,16,16,16
30,90,380,1,380,380,380,645,1,645,645,645,15,1,15,15,15,1081,1,1081,1081,1081,15,1,15,15,15
30,90,394,1,394,394,394,664,1,664,664,664,17,1,17,17,17,1219,1,1219,1219,1219,17,1,17,17,17
30,90,394,1,394,394,394,660,1,660,660,660,16,1,16,16,16,1169,1,1169,1169,1169,16,1,16,16,16
30,90,391,1,391,391,391,660,1,660,660,660,16,1,16,16,16,1155,1,1155,1155,1155,16,1,16,16,16
30,90,404,1,404,404,404,704,1,704,704,704,19,1,19,19,19,1397,1,1397,1397,1397,19,1,19,19,19
30,90,394,1,394,394,394,671,1,671,671,671,15,1,15,15,15,1093,1,1093,1093,1093,15,1,15,15,15
30,90,389,1,389,389,389,656,1,656,656,656,17,1,17,17,17,1254,1,1254,1254,1254,17,1,17,17,17
30,90,381,1,381,381,381,664,1,664,664,664,17,1,17,17,17,1247,1,1247,1247,1247,17,1,17,17,17
30,90,399,1,399,399,399,679,1,679,679,679,16,1,16,16,16,1186,1,1186,1186,1186,16,1,16,16,16
30,90,399,1,399,399,399,685,1,685,685,685,18,1,18,18,18,1315,1,1315,1315,1315,18,1,18,18,18
30,90,398,1,398,398,398,691,1,691,691,691,18,1,18,18,18,1321,1,1321,1321,1321,18,1,18,18,18
30,90,394,1,394,394,394,665,1,665,665,665,15,1,15,15,15,1086,1,1086,1086,1086,15,1,15,15,15
30,90,387,1,387,387,387,648,1,648,648,648,16,1,16,16,16,1157,1,1157,1157,1157,16,1,16,16,16
30,90,392,1,392,392,392,686,1,686,686,686,17,1,17,17,17,1251,1,1251,1251,1251,17,1,17,17,17
30,90,390,1,390,390,390,645,1,645,645,645,15,1,15,15,15,1088,1,1088,1088,1088,15,1,15,15,15
30,90,401,1,401,401,401,675,1,675,675,675,17,1,17,17,17,1252,1,1252,1252,1252,17,1,17,17,17
30,90,389,1,389,389,389,677,1,677,677,677,16,1,16,16,16,1180,1,1180,1180,1180,16,1,16,16,16
30,90,380,1,380,380,380,638,1,638,638,638,14,1,14,14,14,1030,1,1030,1030,1030,14,1,14,14,14
30,90,391,1,391,391,391,662,1,662,662,662,16,1,16,16,16,1170,1,1170,1170,1170,16,1,16,16,16
30,90,395,1,395,395,395,684,1,684,684,684,17,1,17,17,17,1261,1,1261,1261,1261,17,1,17,17,17
30,90,394,1,394,394,394,670,1,670,670,670,17,1,17,17,17,1234,1,1234,1234,1234,17,1,17,17,17
30,90,387,1,387,387,387,661,1,661,661,661,16,1,16,16,16,1155,1,1155,1155,1155,16,1,16,16,16
30,90,391,1,391,391,391,684,1,684,684,684,17,1,17,17,17,1271,1,1271,1271,1271,17,1,17,17,17
30,90,394,1,394,394,394,655,1,655,655,655,16,1,16,16,16,1159,1,1159,1159,1159,16,1,16,16,16
30,90,392,1,392,392,392,643,1,643,643,643,16,1,16,16,16,1133,1,1133,1133,1133,16,1,16,16,16
30,90,391,1,391,391,391,655,1,655,655,655,16,1,16,16,16,1149,1,1149,1149,1149,16,1,16,16,16
30,90,390,1,390,390,390,638,1,638,638,638,15,1,15,15,15,1099,1,1099,1099,1099,15,1,15,15,15
30,90,402,1,402,402,402,701,1,701,701,701,17,1,17,17,17,1271,1,1271,1271,1271,17,1,17,17,17
30,90,391,1,391,391,391,648,1,648,648,648,17,1,17,17,17,1218,1,1218,1218,1218,17,1,17,17,17
30,90,394,1,394,394,394,708,1,708,708,708,19,1,19,19,19,1420,1,1420,1420,1420,19,1,19,19,19
30,90,398,1,398,398,398,674,1,674,674,674,18,1,18,18,18,1308,1,1308,1308,1308,18,1,18,18,18
30,90,384,1,384,384,384,640,1,640,640,640,14,1,14,14,14,1018,1,1018,1018,1018,14,1,14,14,14
30,90,384,1,384,384,384,627,1,627,627,627,15,1,15,15,15,1094,1,1094,1094,1094,15,1,15,15,15
30,90,380,1,380,380,380,631,1,631,631,631,15,1,15,15,15,1087,1,1087,1087,1087,15,1,15,15,15
30,90,386,1,386,386,386,656,1,656,656,656,16,1,16,16,16,1139,1,1139,1139,1139,16,1,16,16,16
30,90,399,1,399,399,399,682,1,682,682,682,18,1,18,18,18,1313,1,1313,1313,1313,18,1,18,18,18
30,90,392,1,392,392,392,658,1,658,658,658,16,1,16,16,16,1166,1,1166,1166,1166,16,1,16,16,16
30,90,403,1,403,403,403,694,1,694,694,694,17,1,17,17,17,1263,1,1263,1263,1263,17,1,17,17,17
30,90,389,1,389,389,389,663,1,663,663,663,17,1,17,17,17,1232,1,1232,1232,1232,17,1,17,17,17
30,90,385,1,385,385,385,651,1,651,651,651,14,1,14,14,14,1036,1,1036,1036,1036,14,1,14,14,14
30,90,390,1,390,390,390,662,1,662,662,662,16,1,16,16,16,1134,1,1134,1134,1134,16,1,16,16,16
30,90,387,1,387,387,387,688,1,688,688,688,17,1,17,17,17,1246,1,1246,1246,1246,17,1,17,17,17
30,90,397,1,397,397,397,679,1,679,679,679,17,1,17,17,17,1247,1,1247,1247,1247,17,1,17,17,17
30,90,386,1,386,386,386,655,1,655,655,655,16,1,16,16,16,1163,1,1163,1163,1163,16,1,16,16,16
30,90,392,1,392,392,392,660,1,660,660,660,16,1,16,16,16,1161,1,1161,1161,1161,16,1,16,16,16
30,90,400,1,400,400,400,705,1,705,705,705,17,1,17,17,17,1281,1,1281,1281,1281,17,1,17,17,17
30,90,390,1,390,390,390,646,1,646,646,646,16,1,16,16,16,1170,1,1170,1170,1170,16,1,16,16,16
30,90,389,1,389,389,389,651,1,651,651,651,15,1,15,15,15,1085,1,1085,1085,1085,15,1,15,15,15
30,90,392,1,392,392,392,645,1,645,645,645,15,1,15,15,15,1080,1,1080,1080,1080,15,1,15,15,15
30,90,388,1,388,388,388,653,1,653,653,653,17,1,17,17,17,1240,1,1240,1240,1240,17,1,17,17,17
30,90,392,1,392,392,392,653,1,653,653,653,16,1,16,16,16,1155,1,1155,1155,1155,16,1,16,16,16
30,90,385,1,385,385,385,662,1,662,662,662,16,1,16,16,16,1161,1,1161,1161,1161,16,1,16,16,16
30,90,388,1,388,388,388,678,1,678,678,678,17,1,17,17,17,1243,1,1243,1243,1243,17,1,17,17,17
30,90,388,1,388,388,388,661,1,661,661,661,16,1,16,16,16,1176,1,1176,1176,1176,16,1,16,16,16
30,90,384,1,384,384,384,662,1,662,662,662,16,1,16,16,16,1170,1,1170,1170,1170,16,1,16,16,16
30,90,388,1,388,388,388,659,1,659,659,659,16,1,16,16,16,1154,1,1154,1154,1154,16,1,16,16,16
30,90,397,1,397,397,397,668,1,668,668,668,17,1,17,17,17,1274,1,1274,1274,1274,17,1,17,17,17
30,90,384,1,384,384,384,664,1,664,664,664,16,1,16,16,16,1194,1,1194,1194,1194,16,1,16,16,16
30,90,380,1,380,380,380,641,1,641,641,641,15,1,15,15,15,1064,1,1064,1064,1064,15,1,15,15,15
30,90,398,1,398,398,398,683,1,683,683,683,17,1,17,17,17,1244,1,1244,1244,1244,17,1,17,17,17
30,90,407,1,407,407,407,724,1,724,724,724,18,1,18,18,18,1336,1,1336,1336,1336,18,1,18,18,18
30,90,388,1,388,388,388,653,1,653,653,653,16,1,16,16,16,1160,1,1160,1160,1160,16,1,16,16,16
30,90,392,1,392,392,392,692,1,692,692,692,17,1,17,17,17,1264,1,1264,1264,1264,17,1,17,17,17
30,90,390,1,390,390,390,642,1,642,642,642,15,1,15,15,15,1086,1,1086,1086,1086,15,1,15,15,15
30,90,388,1,388,388,388,664,1,664,664,664,16,1,16,16,16,1178,1,1178,1178,1178,16,1,16,16,16
30,90,382,1,382,382,382,651,1,651,651,651,16,1,16,16,16,1149,1,1149,1149,1149,16,1,16,16,16
30,90,385,1,385,385,385,681,1,681,681,681,16,1,16,16,16,1193,1,1193,1193,1193,16,1,16,16,16
30,90,391,1,391,391,391,637,1,637,637,637,15,1,15,15,15,1075,1,1075,1075,1075,15,1,15,15,15
30,90,388,1,388,388,388,659,1,659,659,659,16,1,16,16,16,1190,1,1190,1190,1190,16,1,16,16,16
30,90,397,1,397,397,397,684,1,684,684,684,18,1,18,18,18,1302,1,1302,1302,1302,18,1,18,18,18
30,90,389,1,389,389,389,667,1,667,667,667,15,1,15,15,15,1112,1,1112,1112,1112,15,1,15,15,15
30,90,388,1,388,388,388,650,1,650,650,650,16,1,16,16,16,1158,1,1158,1158,1158,16,1,16,16,16
30,90,391,1,391,391,391,669,1,669,669,669,16,1,16,16,16,1191,1,1191,1191,1191,16,1,16,16,16
30,90,396,1,396,396,396,681,1,681,681,681,17,1,17,17,17,1235,1,1235,1235,1235,17,1,17,17,17
30,90,388,1,388,388,388,661,1,661,661,661,16,1,16,16,16,1144,1,1144,1144,1144,16,1,16,16,16
30,90,405,1,405,405,405,685,1,685,685,685,17,1,17,17,17,1229,1,1229,1229,1229,17,1,17,17,17
30,90,390,1,390,390,390,655,1,655,655,655,17,1,17,17,17,1225,1,1225,1225,1225,17,1,17,17,17
30,90,385,1,385,385,385,638,1,638,638,638,15,1,15,15,15,1103,1,1103,1103,1103,15,1,15,15,15
30,90,399,1,399,399,399,669,1,669,669,669,16,1,16,16,16,1169,1,1169,1169,1169,16,1,16,16,16
30,90,382,1,382,382,382,671,1,671,671,671,16,1,16,16,16,1174,1,1174,1174,1174,16,1,16,16,16
30,90,394,1,394,394,394,649,1,649,649,649,15,1,15,15,15,1077,1,1077,1077,1077,15,1,15,15,15
30,90,390,1,390,390,390,674,1,674,674,674,17,1,17,17,17,1235,1,1235,1235,1235,17,1,17,17,17
30,90,403,1,403,403,403,716,1,716,716,716,17,1,17,17,17,1265,1,1265,1265,1265,17,1,17,17,17
30,90,402,1,402,402,402,714,1,714,714,714,18,1,18,18,18,1346,1,1346,1346,1346,18,1,18,18,18
30,90,395,1,395,395,395,702,1,702,702,702,18,1,18,18,18,1349,1,1349,1349,1349,18,1,18,18,18
30,90,399,1,399,399,399,657,1,657,657,657,16,1,16,16,16,1151,1,1151,1151,1151,16,1,16,16,16
30,90,396,1,396,396,396,642,1,642,642,642,15,1,15,15,15,1074,1,1074,1074,1074,15,1,15,15,15
30,90,399,1,399,399,399,717,1,717,717,717,19,1,19,19,19,1434,1,1434,1434,1434,19,1,19,19,19
30,90,391,1,391,391,391,653,1,653,653,653,17,1,17,17,17,1215,1,1215,1215,1215,17,1,17,17,17
30,90,395,1,395,395,395,662,1,662,662,662,16,1,16,16,16,1172,1,1172,1172,1172,16,1,16,16,16
30,90,392,1,392,392,392,664,1,664,664,664,16,1,16,16,16,1204,1,1204,1204,1204,16,1,16,16,16
30,90,393,1,393,393,393,665,1,665,665,665,17,1,17,17,17,1228,1,1228,1228,1228,17,1,17,17,17
30,90,393,1,393,393,393,677,1,677,677,677,17,1,17,17,17,1235,1,1235,1235,1235,17,1,17,17,17
30,90,398,1,398,398,398,656,1,656,656,656,16,1,16,16,16,1146,1,1146,1146,1146,16,1,16,16,16
30,90,385,1,385,385,385,663,1,663,663,663,15,1,15,15,15,1110,1,1110,1110,1110,15,1,15,15,15
30,90,395,1,395,395,395,678,1,678,678,678,16,1,16,16,16,1155,1,1155,1155,1155,16,1,16,16,16
30,90,391,1,391,391,391,643,1,643,643,643,15,1,15,15,15,1083,1,1083,1083,1083,15,1,15,15,15
30,90,395,1,395,395,395,703,1,703,703,703,18,1,18,18,18,1310,1,1310,1310,1310,18,1,18,18,18
30,90,399,1,399,399,399,683,1,683,683,683,17,1,17,17,17,1254,1,1254,1254,1254,17,1,17,17,17
30,90,396,1,396,396,396,680,1,680,680,680,18,1,18,18,18,1315,1,1315,1315,1315,18,1,18,18,18
30,90,388,1,388,388,388,645,1,645,645,645,15,1,15,15,15,1109,1,1109,1109,1109,15,1,15,15,15
30,90,395,1,395,395,395,668,1,668,668,668,16,1,16,16,16,1174,1,1174,1174,1174,16,1,16,16,16
30,90,391,1,391,391,391,669,1,669,669,669,17,1,17,17,17,1242,1,1242,1242,1242,17,1,17,17,17
30,90,377,1,377,377,377,638,1,638,638,638,15,1,15,15,15,1073,1,1073,1073,1073,15,1,15,15,15
30,90,389,1,389,389,389,665,1,665,665,665,17,1,17,17,17,1224,1,1224,1224,1224,17,1,17,17,17
30,90,390,1,390,390,390,638,1,638,638,638,15,1,15,15,15,1083,1,1083,1083,1083,15,1,15,15,15
30,90,391,1,391,391,391,643,1,643,643,643,15,1,15,15,15,1106,1,1106,1106,1106,15,1,15,15,15
30,90,391,1,391,391,391,646,1,646,646,646,16,1,16,16,16,1138,1,1138,1138,1138,16,1,16,16,16
30,90,382,1,382,382,382,660,1,660,660,660,16,1,16,16,16,1178,1,1178,1178,1178,16,1,16,16,16
30,90,389,1,389,389,389,682,1,682,682,682,17,1,17,17,17,1242,1,1242,1242,1242,17,1,17,17,17
30,90,398,1,398,398,398,676,1,676,676,676,17,1,17,17,17,1243,1,1243,1243,1243,17,1,17,17,17
30,90,397,1,397,397,397,663,1,663,663,663,17,1,17,17,17,1223,1,1223,1223,1223,17,1,17,17,17
30,90,395,1,395,395,395,665,1,665,665,665,17,1,17,17,17,1231,1,1231,1231,1231,17,1,17,17,17
30,90,401,1,401,401,401,688,1,688,688,688,16,1,16,16,16,1179,1,1179,1179,1179,16,1,16,16,16
30,90,396,1,396,396,396,685,1,685,685,685,16,1,16,16,16,1158,1,1158,1158,1158,16,1,16,16,16
30,90,381,1,381,381,381,647,1,647,647,647,15,1,15,15,15,1084,1,1084,1084,1084,15,1,15,15,15
30,90,390,1,390,390,390,650,1,650,650,650,16,1,16,16,16,1168,1,1168,1168,1168,16,1,16,16,16
30,90,390,1,390,390,390,646,1,646,646,646,16,1,16,16,16,1135,1,1135,1135,1135,16,1,16,16,16
30,90,390,1,390,390,390,651,1,651,651,651,16,1,16,16,16,1178,1,1178,1178,1178,16,1,16,16,16
30,90,384,1,384,384,384,651,1,651,651,651,17,1,17,17,17,1283,1,1283,1283,1283,17,1,17,17,17
30,90,393,1,393,393,393,691,1,691,691,691,17,1,17,17,17,1236,1,1236,1236,1236,17,1,17,17,17
30,90,398,1,398,398,398,701,1,701,701,701,18,1,18,18,18,1327,1,1327,1327,1327,18,1,18,18,18
30,90,397,1,397,397,397,676,1,676,676,676,17,1,17,17,17,1253,1,1253,1253,1253,17,1,17,17,17
30,90,405,1,405,405,405,727,1,727,727,727,19,1,19,19,19,1457,1,1457,1457,1457,19,1,19,19,19
30,90,393,1,393,393,393,646,1,646,646,646,16,1,16,16,16,1167,1,1167,1167,1167,16,1,16,16,16
30,90,392,1,392,392,392,645,1,645,645,645,16,1,16,16,16,1173,1,1173,1173,1173,16,1,16,16,16
30,90,391,1,391,391,391,660,1,660,660,660,16,1,16,16,16,1196,1,1196,1196,1196,16,1,16,16,16
30,90,394,1,394,394,394,674,1,674,674,674,16,1,16,16,16,1175,1,1175,1175,1175,16,1,16,16,16
30,90,393,1,393,393,393,688,1,688,688,688,17,1,17,17,17,1251,1,1251,1251,1251,17,1,17,17,17
30,90,387,1,387,387,387,668,1,668,668,668,16,1,16,16,16,1171,1,1171,1171,1171,16,1,16,16,16
30,90,390,1,390,390,390,673,1,673,673,673,17,1,17,17,17,1231,1,1231,1231,1231,17,1,17,17,17
30,90,390,1,390,390,390,678,1,678,678,678,17,1,17,17,17,1234,1,1234,1234,1234,17,1,17,17,17
30,90,386,1,386,386,386,679,1,679,679,679,16,1,16,16,16,1176,1,1176,1176,1176,16,1,16,16,16
30,90,397,1,397,397,397,715,1,715,715,715,19,1,19,19,19,1430,1,1430,1430,1430,19,1,19,19,19
30,90,392,1,392,392,392,646,1,646,646,646,16,1,16,16,16,1178,1,1178,1178,1178,16,1,16,16,16
30,90,398,1,398,398,398,680,1,680,680,680,17,1,17,17,17,1257,1,1257,1257,1257,17,1,17,17,17
30,90,401,1,401,401,401,717,1,717,717,717,18,1,18,18,18,1339,1,1339,1339,1339,18,1,18,18,18
30,90,390,1,390,390,390,668,1,668,668,668,17,1,17,17,17,1228,1,1228,1228,1228,17,1,17,17,17
30,90,394,1,394,394,394,685,1,685,685,685,17,1,17,17,17,1284,1,1284,1284,1284,17,1,17,17,17
30,90,390,1,390,390,390,647,1,647,647,647,15,1,15,15,15,1075,1,1075,1075,1075,15,1,15,15,15
30,90,392,1,392,392,392,685,1,685,685,685,18,1,18,18,18,1305,1,1305,1305,1305,18,1,18,18,18
30,90,389,1,389,389,389,641,1,641,641,641,14,1,14,14,14,1020,1,1020,1020,1020,14,1,14,14,14
30,90,389,1,389,389,389,665,1,665,665,665,16,1,16,16,16,1195,1,1195,1195,1195,16,1,16,16,16
30,90,385,1,385,385,385,644,1,644,644,644,16,1,16,16,16,1144,1,1144,1144,1144,16,1,16,16,16
30,90,401,1,401,401,401,696,1,696,696,696,17,1,17,17,17,1253,1,1253,1253,1253,17,1,17,17,17
30,90,390,1,390,390,390,656,1,656,656,656,16,1,16,16,16,1161,1,1161,1161,1161,16,1,16,16,16
30,90,387,1,387,387,387,678,1,678,678,678,16,1,16,16,16,1172,1,1172,1172,1172,16,1,16,16,16
30,90,379,1,379,379,379,657,1,657,657,657,15,1,15,15,15,1082,1,1082,1082,1082,15,1,15,15,15
30,90,399,1,399,399,399,723,1,723,723,723,19,1,19,19,19,1415,1,1415,1415,1415,19,1,19,19,19
30,90,394,1,394,394,394,664,1,664,664,664,17,1,17,17,17,1218,1,1218,1218,1218,17,1,17,17,17
30,90,392,1,392,392,392,661,1,661,661,661,16,1,16,16,16,1157,1,1157,1157,1157,16,1,16,16,16
30,90,397,1,397,397,397,675,1,675,675,675,17,1,17,17,17,1218,1,1218,1218,1218,17,1,17,17,17
30,90,403,1,403,403,403,679,1,679,679,679,17,1,17,17,17,1280,1,1280,1280,1280,17,1,17,17,17
30,90,391,1,391,391,391,676,1,676,676,676,17,1,17,17,17,1271,1,1271,1271,1271,17,1,17,17,17
30,90,387,1,387,387,387,680,1,680,680,680,17,1,17,17,17,1250,1,1250,1250,1250,17,1,17,17,17
30,90,396,1,396,396,396,647,1,647,647,647,16,1,16,16,16,1158,1,1158,1158,1158,16,1,16,16,16
30,90,395,1,395,395,395,713,1,713,713,713,18,1,18,18,18,1363,1,1363,1363,1363,18,1,18,18,18
30,90,397,1,397,397,397,700,1,700,700,700,19,1,19,19,19,1399,1,1399,1399,1399,19,1,19,19,19
30,90,388,1,388,388,388,674,1,674,674,674,16,1,16,16,16,1188,1,1188,1188,1188,16,1,16,16,16
30,90,392,1,392,392,392,688,1,688,688,688,18,1,18,18,18,1330,1,1330,1330,1330,18,1,18,18,18
30,90,396,1,396,396,396,681,1,681,681,681,17,1,17,17,17,1257,1,1257,1257,1257,17,1,17,17,17
30,90,385,1,385,385,385,642,1,642,642,642,15,1,15,15,15,1098,1,1098,1098,1098,15,1,15,15,15
30,90,385,1,385,385,385,658,1,658,658,658,16,1,16,16,16,1215,1,1215,1215,1215,16,1,16,16,16
30,90,381,1,381,381,381,660,1,660,660,660,16,1,16,16,16,1180,1,1180,1180,1180,16,1,16,16,16
30,90,389,1,389,389,389,644,1,644,644,644,15,1,15,15,15,1082,1,1082,1082,1082,15,1,15,15,15
30,90,399,1,399,399,399,681,1,681,681,681,18,1,18,18,18,1313,1,1313,1313,1313,18,1,18,18,18
30,90,401,1,401,401,401,661,1,661,661,661,16,1,16,16,16,1173,1,1173,1173,1173,16,1,16,16,16
30,90,400,1,400,400,400,686,1,686,686,686,17,1,17,17,17,1257,1,1257,1257,1257,17,1,17,17,17
30,90,397,1,397,397,397,675,1,675,675,675,16,1,16,16,16,1179,1,1179,1179,1179,16,1,16,16,16
30,90,386,1,386,386,386,667,1,667,667,667,17,1,17,17,17,1232,1,1232,1232,1232,17,1,17,17,17
30,90,399,1,399,399,399,684,1,684,684,684,17,1,17,17,17,1256,1,1256,1256,1256,17,1,17,17,17
30,90,399,1,399,399,399,670,1,670,670,670,17,1,17,17,17,1216,1,1216,1216,1216,17,1,17,17,17
30,90,392,1,392,392,392,670,1,670,670,670,16,1,16,16,16,1178,1,1178,1178,1178,16,1,16,16,16
30,90,392,1,392,392,392,650,1,650,650,650,17,1,17,17,17,1208,1,1208,1208,1208,17,1,17,17,17
30,90,386,1,386,386,386,630,1,630,630,630,14,1,14,14,14,1010,1,1010,1010,1010,14,1,14,14,14
30,90,396,1,396,396,396,682,1,682,682,682,17,1,17,17,17,1257,1,1257,1257,1257,17,1,17,17,17
30,90,398,1,398,398,398,683,1,683,683,683,17,1,17,17,17,1261,1,1261,1261,1261,17,1,17,17,17
30,90,400,1,400,400,400,653,1,653,653,653,17,1,17,17,17,1202,1,1202,1202,1202,17,1,17,17,17
30,90,387,1,387,387,387,685,1,685,685,685,17,1,17,17,17,1280,1,1280,1280,1280,17,1,17,17,17
30,90,388,1,388,388,388,666,1,666,666,666,16,1,16,16,16,1152,1,1152,1152,1152,16,1,16,16,16
30,90,384,1,384,384,384,659,1,659,659,659,16,1,16,16,16,1172,1,1172,1172,1172,16,1,16,16,16
30,90,395,1,395,395,395,696,1,696,696,696,17,1,17,17,17,1245,1,1245,1245,1245,17,1,17,17,17
30,90,391,1,391,391,391,659,1,659,659,659,16,1,16,16,16,1178,1,1178,1178,1178,16,1,16,16,16
30,90,398,1,398,398,398,692,1,692,692,692,18,1,18,18,18,1344,1,1344,1344,1344,18,1,18,18,18
30,90,395,1,395,395,395,666,1,666,666,666,16,1,16,16,16,1154,1,1154,1154,1154,16,1,16,16,16
30,90,396,1,396,396,396,674,1,674,674,674,16,1,16,16,16,1161,1,1161,1161,1161,16,1,16,16,16
30,90,394,1,394,394,394,646,1,646,646,646,16,1,16,16,16,1191,1,1191,1191,1191,16,1,16,16,16
30,90,384,1,384,384,384,645,1,645,645,645,16,1,16,16,16,1161,1,1161,1161,1161,16,1,16,16,16
30,90,397,1,397,397,397,657,1,657,657,657,17,1,17,17,17,1238,1,1238,1238,1238,17,1,17,17,17
30,90,401,1,401,401,401,702,1,702,702,702,18,1,18,18,18,1348,1,1348,1348,1348,18,1,18,18,18
30,90,387,1,387,387,387,673,1,673,673,673,17,1,17,17,17,1244,1,1244,1244,1244,17,1,17,17,17
30,90,394,1,394,394,394,660,1,660,660,660,16,1,16,16,16,1167,1,1167,1167,1167,16,1,16,16,16
30,90,387,1,387,387,387,657,1,657,657,657,16,1,16,16,16,1179,1,1179,1179,1179,16,1,16,16,16
30,90,385,1,385,385,385,654,1,654,654,654,16,1,16,16,16,1186,1,1186,1186,1186,16,1,16,16,16
30,90,383,1,383,383,383,648,1,648,648,648,14,1,14,14,14,1057,1,1057,1057,1057,14,1,14,14,14
30,90,380,1,380,380,380,648,1,648,648,648,16,1,16,16,16,1155,1,1155,1155,1155,16,1,16,16,16
30,90,387,1,387,387,387,662,1,662,662,662,16,1,16,16,16,1184,1,1184,1184,1184,16,1,16,16,16
30,90,393,1,393,393,393,700,1,700,700,700,18,1,18,18,18,1332,1,1332,1332,1332,18,1,18,18,18
30,90,394,1,394,394,394,679,1,679,679,679,17,1,17,17,17,1230,1,1230,1230,1230,17,1,17,17,17
30,90,389,1,389,389,389,681,1,681,681,681,17,1,17,17,17,1267,1,1267,1267,1267,17,1,17,17,17
30,90,398,1,398,398,398,716,1,716,716,716,18,1,18,18,18,1363,1,1363,1363,1363,18,1,18,18,18
30,90,396,1,396,396,396,678,1,678,678,678,16,1,16,16,16,1180,1,1180,1180,1180,16,1,16,16,16
30,90,398,1,398,398,398,674,1,674,674,674,16,1,16,16,16,1173,1,1173,1173,1173,16,1,16,16,16
30,90,391,1,391,391,391,660,1,660,660,660,16,1,16,16,16,1153,1,1153,1153,1153,16,1,16,16,16
30,90,394,1,394,394,394,660,1,660,660,660,16,1,16,16,16,1171,1,1171,1171,1171,16,1,16,16,16
30,90,404,1,404,404,404,694,1,694,694,694,18,1,18,18,18,1324,1,1324,1324,1324,18,1,18,18,18
30,90,400,1,400,400,400,672,1,672,672,672,17,1,17,17,17,1259,1,1259,1259,1259,17,1,17,17,17
30,90,396,1,396,396,396,671,1,671,671,671,16,1,16,16,16,1163,1,1163,1163,1163,16,1,16,16,16
30,90,385,1,385,385,385,699,1,699,699,699,18,1,18,18,18,1350,1,1350,1350,1350,18,1,18,18,18
30,90,392,1,392,392,392,661,1,661,661,661,16,1,16,16,16,1174,1,1174,1174,1174,16,1,16,16,16
30,90,387,1,387,387,387,631,1,631,631,631,15,1,15,15,15,1103,1,1103,1103,1103,15,1,15,15,15
30,90,391,1,391,391,391,650,1,650,650,650,15,1,15,15,15,1138,1,1138,1138,1138,15,1,15,15,15
30,90,395,1,395,395,395,661,1,661,661,661,15,1,15,15,15,1084,1,1084,1084,1084,15,1,15,15,15
30,90,384,1,384,384,384,656,1,656,656,656,16,1,16,16,16,1194,1,1194,1194,1194,16,1,16,16,16
30,90,394,1,394,394,394,708,1,708,708,708,17,1,17,17,17,1257,1,1257,1257,1257,17,1,17,17,17
30,90,399,1,399,399,399,686,1,686,686,686,18,1,18,18,18,1341,1,1341,1341,1341,18,1,18,18,18
30,90,392,1,392,392,392,683,1,683,683,683,17,1,17,17,17,1259,1,1259,1259,1259,17,1,17,17,17
30,90,387,1,387,387,387,640,1,640,640,640,15,1,15,15,15,1094,1,1094,1094,1094,15,1,15,15,15
30,90,393,1,393,393,393,676,1,676,676,676,17,1,17,17,17,1248,1,1248,1248,1248,17,1,17,17,17
30,90,401,1,401,401,401,708,1,708,708,708,19,1,19,19,19,1409,1,1409,1409,1409,19,1,19,19,19
30,90,396,1,396,396,396,645,1,645,645,645,16,1,16,16,16,1185,1,1185,1185,1185,16,1,16,16,16
30,90,383,1,383,383,383,652,1,652,652,652,14,1,14,14,14,1035,1,1035,1035,1035,14,1,14,14,14
30,90,385,1,385,385,385,687,1,687,687,687,17,1,17,17,17,1283,1,1283,1283,1283,17,1,17,17,17
30,90,396,1,396,396,396,699,1,699,699,699,18,1,18,18,18,1327,1,1327,1327,1327,18,1,18,18,18
30,90,390,1,390,390,390,683,1,683,683,683,18,1,18,18,18,1321,1,1321,1321,1321,18,1,18,18,18
30,90,390,1,390,390,390,625,1,625,625,625,14,1,14,14,14,1032,1,1032,1032,1032,14,1,14,14,14
30,90,386,1,386,386,386,648,1,648,648,648,15,1,15,15,15,1106,1,1106,1106,1106,15,1,15,15,15
30,90,387,1,387,387,387,662,1,662,662,662,16,1,16,16,16,1160,1,1160,1160,1160,16,1,16,16,16
30,90,405,1,405,405,405,712,1,712,712,712,19,1,19,19,19,1415,1,1415,1415,1415,19,1,19,19,19
30,90,391,1,391,391,391,670,1,670,670,670,17,1,17,17,17,1248,1,1248,1248,1248,17,1,17,17,17
30,90,404,1,404,404,404,702,1,702,702,702,18,1,18,18,18,1343,1,1343,1343,1343,18,1,18,18,18
30,90,388,1,388,388,388,648,1,648,648,648,15,1,15,15,15,1133,1,1133,1133,1133,15,1,15,15,15
30,90,396,1,396,396,396,680,1,680,680,680,16,1,16,16,16,1172,1,1172,1172,1172,16,1,16,16,16
30,90,399,1,399,399,399,686,1,686,686,686,17,1,17,17,17,1244,1,1244,1244,1244,17,1,17,17,17
30,90,385,1,385,385,385,660,1,660,660,660,16,1,16,16,16,1162,1,1162,1162,1162,16,1,16,16,16
30,90,399,1,399,399,399,694,1,694,694,694,19,1,19,19,19,1393,1,1393,1393,1393,19,1,19,19,19
30,90,398,1,398,398,398,670,1,670,670,670,17,1,17,17,17,1228,1,1228,1228,1228,17,1,17,17,17
30,90,394,1,394,394,394,665,1,665,665,665,16,1,16,16,16,1160,1,1160,1160,1160,16,1,16,16,16
30,90,387,1,387,387,387,658,1,658,658,658,16,1,16,16,16,1173,1,1173,1173,1173,16,1,16,16,16
30,90,393,1,393,393,393,667,1,667,667,667,16,1,16,16,16,1183,1,1183,1183,1183,16,1,16,16,16
30,90,400,1,400,400,400,687,1,687,687,687,18,1,18,18,18,1303,1,1303,1303,1303,18,1,18,18,18
30,90,393,1,393,393,393,658,1,658,658,658,16,1,16,16,16,1163,1,1163,1163,1163,16,1,16,16,16
30,90,388,1,388,388,388,656,1,656,656,656,16,1,16,16,16,1175,1,1175,1175,1175,16,1,16,16,16
30,90,386,1,386,386,386,636,1,636,636,636,15,1,15,15,15,1116,1,1116,1116,1116,15,1,15,15,15
30,90,386,1,386,386,386,643,1,643,643,643,15,1,15,15,15,1099,1,1099,1099,1099,15,1,15,15,15
30,90,391,1,391,391,391,651,1,651,651,651,15,1,15,15,15,1080,1,1080,1080,1080,15,1,15,15,15
30,90,383,1,383,383,383,646,1,646,646,646,15,1,15,15,15,1081,1,1081,1081,1081,15,1,15,15,15
30,90,381,1,381,381,381,663,1,663,663,663,17,1,17,17,17,1261,1,1261,1261,1261,17,1,17,17,17
30,90,391,1,391,391,391,658,1,658,658,658,16,1,16,16,16,1157,1,1157,1157,1157,16,1,16,16,16
30,90,391,1,391,391,391,662,1,662,662,662,17,1,17,17,17,1239,1,1239,1239,1239,17,1,17,17,17
30,90,368,1,368,368,368,635,1,635,635,635,14,1,14,14,14,1056,1,1056,1056,1056,14,1,14,14,14
30,90,394,1,394,394,394,666,1,666,666,666,16,1,16,16,16,1176,1,1176,1176,1176,16,1,16,16,16
30,90,390,1,390,390,390,647,1,647,647,647,16,1,16,16,16,1168,1,1168,1168,1168,16,1,16,16,16
30,90,404,1,404,404,404,724,1,724,724,724,19,1,19,19,19,1412,1,1412,1412,1412,19,1,19,19,19
30,90,396,1,396,396,396,676,1,676,676,676,17,1,17,17,17,1229,1,1229,1229,1229,17,1,17,17,17
30,90,388,1,388,388,388,664,1,664,664,664,17,1,17,17,17,1233,1,1233,1233,1233,17,1,17,17,17
30,90,391,1,391,391,391,649,1,649,649,649,15,1,15,15,15,1109,1,1109,1109,1109,15,1,15,15,15
30,90,394,1,394,394,394,638,1,638,638,638,15,1,15,15,15,1108,1,1108,1108,1108,15,1,15,15,15
30,90,391,1,391,391,391,685,1,685,685,685,17,1,17,17,17,1270,1,1270,1270,1270,17,1,17,17,17
30,90,393,1,393,393,393,670,1,670,670,670,17,1,17,17,17,1225,1,1225,1225,1225,17,1,17,17,17
30,90,382,1,382,382,382,675,1,675,675,675,16,1,16,16,16,1153,1,1153,1153,1153,16,1,16,16,16
30,90,401,1,401,401,401,672,1,672,672,672,16,1,16,16,16,1160,1,1160,1160,1160,16,1,16,16,16
30,90,405,1,405,405,405,703,1,703,703,703,19,1,19,19,19,1406,1,1406,1406,1406,19,1,19,19,19
30,90,380,1,380,380,380,657,1,657,657,657,16,1,16,16,16,1161,1,1161,1161,1161,16,1,16,16,16
30,90,392,1,392,392,392,666,1,666,666,666,17,1,17,17,17,1244,1,1244,1244,1244,17,1,17,17,17
30,90,392,1,392,392,392,649,1,649,649,649,17,1,17,17,17,1235,1,1235,1235,1235,17,1,17,17,17
30,90,383,1,383,383,383,664,1,664,664,664,17,1,17,17,17,1242,1,1242,1242,1242,17,1,17,17,17
30,90,392,1,392,392,392,662,1,662,662,662,15,1,15,15,15,1102,1,1102,1102,1102,15,1,15,15,15
30,90,393,1,393,393,393,685,1,685,685,685,18,1,18,18,18,1298,1,1298,1298,1298,18,1,18,18,18
30,90,392,1,392,392,392,677,1,677,677,677,16,1,16,16,16,1171,1,1171,1171,1171,16,1,16,16,16
30,90,390,1,390,390,390,672,1,672,672,672,16,1,16,16,16,1168,1,1168,1168,1168,16,1,16,16,16
30,90,399,1,399,399,399,674,1,674,674,674,16,1,16,16,16,1179,1,1179,1179,1179,16,1,16,16,16
30,90,388,1,388,388,388,660,1,660,660,660,16,1,16,16,16,1150,1,1150,1150,1150,16,1,16,16,16
30,90,391,1,391,391,391,652,1,652,652,652,16,1,16,16,16,1167,1,1167,1167,1167,16,1,16,16,16
30,90,381,1,381,381,381,672,1,672,672,672,16,1,16,16,16,1182,1,1182,1182,1182,16,1,16,16,16
30,90,399,1,399,399,399,732,1,732,732,732,18,1,18,18,18,1341,1,1341,1341,1341,18,1,18,18,18
30,90,403,1,403,403,403,685,1,685,685,685,17,1,17,17,17,1246,1,1246,1246,1246,17,1,17,17,17
30,90,385,1,385,385,385,637,1,637,637,637,15,1,15,15,15,1103,1,1103,1103,1103,15,1,15,15,15
30,90,389,1,389,389,389,667,1,667,667,667,16,1,16,16,16,1165,1,1165,1165,1165,16,1,16,16,16
30,90,399,1,399,399,399,680,1,680,680,680,17,1,17,17,17,1246,1,1246,1246,1246,17,1,17,17,17
30,90,391,1,391,391,391,638,1,638,638,638,15,1,15,15,15,1092,1,1092,1092,1092,15,1,15,15,15
30,90,383,1,383,383,383,646,1,646,646,646,15,1,15,15,15,1086,1,1086,1086,1086,15,1,15,15,15
30,90,395,1,395,395,395,685,1,685,685,685,17,1,17,17,17,1262,1,1262,1262,1262,17,1,17,17,17
30,90,392,1,392,392,392,672,1,672,672,672,16,1,16,16,16,1164,1,1164,1164,1164,16,1,16,16,16
30,90,387,1,387,387,387,654,1,654,654,654,15,1,15,15,15,1107,1,1107,1107,1107,15,1,15,15,15
30,90,385,1,385,385,385,637,1,637,637,637,15,1,15,15,15,1110,1,1110,1110,1110,15,1,15,15,15
30,90,393,1,393,393,393,667,1,667,667,667,17,1,17,17,17,1234,1,1234,1234,1234,17,1,17,17,17
30,90,372,1,372,372,372,624,1,624,624,624,14,1,14,14,14,1006,1,1006,1006,1006,14,1,14,14,14
30,90,390,1,390,390,390,678,1,678,678,678,17,1,17,17,17,1250,1,1250,1250,1250,17,1,17,17,17
30,90,402,1,402,402,402,714,1,714,714,714,19,1,19,19,19,1420,1,1420,1420,1420,19,1,19,19,19
30,90,383,1,383,383,383,643,1,643,643,643,14,1,14,14,14,1005,1,1005,1005,1005,14,1,14,14,14
30,90,391,1,391,391,391,665,1,665,665,665,18,1,18,18,18,1312,1,1312,1312,1312,18,1,18,18,18
30,90,388,1,388,388,388,679,1,679,679,679,18,1,18,18,18,1333,1,1333,1333,1333,18,1,18,18,18
30,90,392,1,392,392,392,656,1,656,656,656,16,1,16,16,16,1178,1,1178,1178,1178,16,1,16,16,16
30,90,401,1,401,401,401,696,1,696,696,696,19,1,19,19,19,1407,1,1407,1407,1407,19,1,19,19,19
30,90,383,1,383,383,383,653,1,653,653,653,16,1,16,16,16,1176,1,1176,1176,1176,16,1,16,16,16
30,90,404,1,404,404,404,701,1,701,701,701,17,1,17,17,17,1272,1,1272,1272,1272,17,1,17,17,17
30,90,388,1,388,388,388,671,1,671,671,671,17,1,17,17,17,1220,1,1220,1220,1220,17,1,17,17,17
30,90,389,1,389,389,389,635,1,635,635,635,15,1,15,15,15,1074,1,1074,1074,1074,15,1,15,15,15
30,90,399,1,399,399,399,714,1,714,714,714,18,1,18,18,18,1338,1,1338,1338,1338,18,1,18,18,18
30,90,389,1,389,389,389,657,1,657,657,657,15,1,15,15,15,1106,1,1106,1106,1106,15,1,15,15,15
30,90,391,1,391,391,391,683,1,683,683,683,17,1,17,17,17,1268,1,1268,1268,1268,17,1,17,17,17
30,90,384,1,384,384,384,643,1,643,643,643,15,1,15,15,15,1086,1,1086,1086,1086,15,1,15,15,15
30,90,401,1,401,401,401,662,1,662,662,662,17,1,17,17,17,1216,1,1216,1216,1216,17,1,17,17,17
30,90,390,1,390,390,390,682,1,682,682,682,17,1,17,17,17,1265,1,1265,1265,1265,17,1,17,17,17
30,90,384,1,384,384,384,660,1,660,660,660,16,1,16,16,16,1162,1,1162,1162,1162,16,1,16,16,16
30,90,403,1,403,403,403,716,1,716,716,716,19,1,19,19,19,1423,1,1423,1423,1423,19,1,19,19,19
30,90,390,1,390,390,390,640,1,640,640,640,15,1,15,15,15,1083,1,1083,1083,1083,15,1,15,15,15
30,90,400,1,400,400,400,690,1,690,690,690,18,1,18,18,18,1316,1,1316,1316,1316,18,1,18,18,18
30,90,396,1,396,396,396,658,1,658,658,658,16,1,16,16,16,1168,1,1168,1168,1168,16,1,16,16,16
30,90,384,1,384,384,384,651,1,651,651,651,16,1,16,16,16,1148,1,1148,1148,1148,16,1,16,16,16
30,90,396,1,396,396,396,665,1,665,665,665,16,1,16,16,16,1168,1,1168,1168,1168,16,1,16,16,16
30,90,388,1,388,388,388,675,1,675,675,675,17,1,17,17,17,1234,1,1234,1234,1234,17,1,17,17,17
30,90,386,1,386,386,386,645,1,645,645,645,15,1,15,15,15,1101,1,1101,1101,1101,15,1,15,15,15
30,90,392,1,392,392,392,670,1,670,670,670,17,1,17,17,17,1259,1,1259,1259,1259,17,1,17,17,17
30,90,385,1,385,385,385,661,1,661,661,661,16,1,16,16,16,1165,1,1165,1165,1165,16,1,16,16,16
30,90,388,1,388,388,388,652,1,652,652,652,17,1,17,17,17,1236,1,1236,1236,1236,17,1,17,17,17
30,90,391,1,391,391,391,660,1,660,660,660,16,1,16,16,16,1199,1,1199,1199,1199,16,1,16,16,16
30,90,392,1,392,392,392,650,1,650,650,650,16,1,16,16,16,1150,1,1150,1150,1150,16,1,16,16,16
30,90,383,1,383,383,383,663,1,663,663,663,16,1,16,16,16,1194,1,1194,1194,1194,16,1,16,16,16
30,90,399,1,399,399,399,699,1,699,699,699,18,1,18,18,18,1342,1,1342,1342,1342,18,1,18,18,18
30,90,386,1,386,386,386,637,1,637,637,637,14,1,14,14,14,1004,1,1004,1004,1004,14,1,14,14,14
30,90,394,1,394,394,394,681,1,681,681,681,17,1,17,17,17,1243,1,1243,1243,1243,17,1,17,17,17
30,90,382,1,382,382,382,650,1,650,650,650,16,1,16,16,16,1164,1,1164,1164,1164,16,1,16,16,16
30,90,393,1,393,393,393,668,1,668,668,668,17,1,17,17,17,1231,1,1231,1231,1231,17,1,17,17,17
30,90,381,1,381,381,381,655,1,655,655,655,16,1,16,16,16,1162,1,1162,1162,1162,16,1,16,16,16
30,90,390,1,390,390,390,648,1,648,648,648,16,1,16,16,16,1150,1,1150,1150,1150,16,1,16,16,16
30,90,393,1,393,393,393,646,1,646,646,646,16,1,16,16,16,1170,1,1170,1170,1170,16,1,16,16,16
30,90,397,1,397,397,397,672,1,672,672,672,17,1,17,17,17,1236,1,1236,1236,1236,17,1,17,17,17
30,90,392,1,392,392,392,673,1,673,673,673,17,1,17,17,17,1225,1,1225,1225,1225,17,1,17,17,17
30,90,400,1,400,400,400,676,1,676,676,676,17,1,17,17,17,1246,1,1246,1246,1246,17,1,17,17,17
30,90,398,1,398,398,398,690,1,690,690,690,17,1,17,17,17,1248,1,1248,1248,1248,17,1,17,17,17
30,90,397,1,397,397,397,695,1,695,695,695,19,1,19,19,19,1397,1,1397,1397,1397,19,1,19,19,19
30,90,398,1,398,398,398,683,1,683,683,683,18,1,18,18,18,1303,1,1303,1303,1303,18,1,18,18,18
30,90,392,1,392,392,392,646,1,646,646,646,16,1,16,16,16,1185,1,1185,1185,1185,16,1,16,16,16
30,90,398,1,398,398,398,670,1,670,670,670,17,1,17,17,17,1254,1,1254,1254,1254,17,1,17,17,17
30,90,377,1,377,377,377,635,1,635,635,635,15,1,15,15,15,1094,1,1094,1094,1094,15,1,15,15,15
30,90,385,1,385,385,385,645,1,645,645,645,15,1,15,15,15,1075,1,1075,1075,1075,15,1,15,15,15
30,90,396,1,396,396,396,677,1,677,677,677,17,1,17,17,17,1247,1,1247,1247,1247,17,1,17,17,17
30,90,402,1,402,402,402,664,1,664,664,664,16,1,16,16,16,1142,1,1142,1142,1142,16,1,16,16,16
30,90,388,1,388,388,388,663,1,663,663,663,16,1,16,16,16,1172,1,1172,1172,1172,16,1,16,16,16
30,90,396,1,396,396,396,700,1,700,700,700,19,1,19,19,19,1398,1,1398,1398,1398,19,1,19,19,19
30,90,400,1,400,400,400,710,1,710,710,710,19,1,19,19,19,1404,1,1404,1404,1404,19,1,19,19,19
30,90,384,1,384,384,384,660,1,660,660,660,16,1,16,16,16,1167,1,1167,1167,1167,16,1,16,16,16
30,90,390,1,390,390,390,677,1,677,677,677,17,1,17,17,17,1262,1,1262,1262,1262,17,1,17,17,17
30,90,396,1,396,396,396,667,1,667,667,667,16,1,16,16,16,1175,1,1175,1175,1175,16,1,16,16,16
30,90,396,1,396,396,396,662,1,662,662,662,17,1,17,17,17,1249,1,1249,1249,1249,17,1,17,17,17
30,90,392,1,392,392,392,686,1,686,686,686,17,1,17,17,17,1268,1,1268,1268,1268,17,1,17,17,17
30,90,404,1,404,404,404,695,1,695,695,695,18,1,18,18,18,1299,1,1299,1299,1299,18,1,18,18,18
30,90,392,1,392,392,392,669,1,669,669,669,17,1,17,17,17,1225,1,1225,1225,1225,17,1,17,17,17
30,90,390,1,390,390,390,638,1,638,638,638,15,1,15,15,15,1050,1,1050,1050,1050,15,1,15,15,15
30,90,387,1,387,387,387,650,1,650,650,650,16,1,16,16,16,1154,1,1154,1154,1154,16,1,16,16,16
30,90,388,1,388,388,388,684,1,684,684,684,18,1,18,18,18,1299,1,1299,1299,1299,18,1,18,18,18
30,90,398,1,398,398,398,665,1,665,665,665,17,1,17,17,17,1244,1,1244,1244,1244,17,1,17,17,17
30,90,401,1,401,401,401,665,1,665,665,665,16,1,16,16,16,1155,1,1155,1155,1155,16,1,16,16,16
30,90,391,1,391,391,391,673,1,673,673,673,16,1,16,16,16,1150,1,1150,1150,1150,16,1,16,16,16
30,90,375,1,375,375,375,635,1,635,635,635,15,1,15,15,15,1078,1,1078,1078,1078,15,1,15,15,15
30,90,392,1,392,392,392,667,1,667,667,667,16,1,16,16,16,1168,1,1168,1168,1168,16,1,16,16,16
30,90,387,1,387,387,387,660,1,660,660,660,16,1,16,16,16,1177,1,1177,1177,1177,16,1,16,16,16
30,90,394,1,394,394,394,659,1,659,659,659,17,1,17,17,17,1214,1,1214,1214,1214,17,1,17,17,17
30,90,393,1,393,393,393,677,1,677,677,677,16,1,16,16,16,1185,1,1185,1185,1185,16,1,16,16,16
30,90,379,1,379,379,379,654,1,654,654,654,16,1,16,16,16,1176,1,1176,1176,1176,16,1,16,16,16
30,90,389,1,389,389,389,664,1,664,664,664,16,1,16,16,16,1158,1,1158,1158,1158,16,1,16,16,16
30,90,382,1,382,382,382,656,1,656,656,656,16,1,16,16,16,1163,1,1163,1163,1163,16,1,16,16,16
30,90,390,1,390,390,390,681,1,681,681,681,17,1,17,17,17,1259,1,1259,1259,1259,17,1,17,17,17
30,90,387,1,387,387,387,665,1,665,665,665,17,1,17,17,17,1244,1,1244,1244,1244,17,1,17,17,17
30,90,391,1,391,391,391,648,1,648,648,648,16,1,16,16,16,1134,1,1134,1134,1134,16,1,16,16,16
30,90,381,1,381,381,381,645,1,645,645,645,15,1,15,15,15,1104,1,1104,1104,1104,15,1,15,15,15
30,90,386,1,386,386,386,652,1,652,652,652,17,1,17,17,17,1264,1,1264,1264,1264,17,1,17,17,17
30,90,393,1,393,393,393,652,1,652,652,652,16,1,16,16,16,1145,1,1145,1145,1145,16,1,16,16,16
30,90,394,1,394,394,394,698,1,698,698,698,18,1,18,18,18,1320,1,1320,1320,1320,18,1,18,18,18
30,90,392,1,392,392,392,662,1,662,662,662,16,1,16,16,16,1170,1,1170,1170,1170,16,1,16,16,16
30,90,398,1,398,398,398,669,1,669,669,669,17,1,17,17,17,1247,1,1247,1247,1247,17,1,17,17,17
30,90,390,1,390,390,390,653,1,653,653,653,17,1,17,17,17,1198,1,1198,1198,1198,17,1,17,17,17
30,90,389,1,389,389,389,664,1,664,664,664,17,1,17,17,17,1246,1,1246,1246,1246,17,1,17,17,17
30,90,390,1,390,390,390,696,1,696,696,696,17,1,17,17,17,1254,1,1254,1254,1254,17,1,17,17,17
30,90,394,1,394,394,394,661,1,661,661,661,16,1,16,16,16,1156,1,1156,1156,1156,16,1,16,16,16
30,90,397,1,397,397,397,665,1,665,665,665,16,1,16,16,16,1164,1,1164,1164,1164,16,1,16,16,16
30,90,386,1,386,386,386,657,1,657,657,657,15,1,15,15,15,1099,1,1099,1099,1099,15,1,15,15,15
30,90,403,1,403,403,403,719,1,719,719,719,19,1,19,19,19,1410,1,1410,1410,1410,19,1,19,19,19
30,90,387,1,387,387,387,669,1,669,669,669,17,1,17,17,17,1232,1,1232,1232,1232,17,1,17,17,17
30,90,395,1,395,395,395,691,1,691,691,691,18,1,18,18,18,1330,1,1330,1330,1330,18,1,18,18,18
30,90,392,1,392,392,392,663,1,663,663,663,16,1,16,16,16,1163,1,1163,1163,1163,16,1,16,16,16
30,90,395,1,395,395,395,640,1,640,640,640,15,1,15,15,15,1067,1,1067,1067,1067,15,1,15,15,15
30,90,384,1,384,384,384,675,1,675,675,675,17,1,17,17,17,1249,1,1249,1249,1249,17,1,17,17,17
30,90,391,1,391,391,391,674,1,674,674,674,16,1,16,16,16,1174,1,1174,1174,1174,16,1,16,16,16
30,90,381,1,381,381,381,658,1,658,658,658,16,1,16,16,16,1164,1,1164,1164,1164,16,1,16,16,16
30,90,403,1,403,403,403,720,1,720,720,720,18,1,18,18,18,1323,1,1323,1323,1323,18,1,18,18,18
30,90,387,1,387,387,387,676,1,676,676,676,17,1,17,17,17,1237,1,1237,1237,1237,17,1,17,17,17
30,90,387,1,387,387,387,645,1,645,645,645,15,1,15,15,15,1101,1,1101,1101,1101,15,1,15,15,15
30,90,392,1,392,392,392,678,1,678,678,678,18,1,18,18,18,1335,1,1335,1335,1335,18,1,18,18,18
30,90,403,1,403,403,403,709,1,709,709,709,19,1,19,19,19,1386,1,1386,1386,1386,19,1,19,19,19
30,90,388,1,388,388,388,668,1,668,668,668,16,1,16,16,16,1171,1,1171,1171,1171,16,1,16,16,16
30,90,380,1,380,380,380,644,1,644,644,644,15,1,15,15,15,1110,1,1110,1110,1110,15,1,15,15,15
30,90,390,1,390,390,390,639,1,639,639,639,15,1,15,15,15,1082,1,1082,1082,1082,15,1,15,15,15
30,90,389,1,389,389,389,641,1,641,641,641,15,1,15,15,15,1088,1,1088,1088,1088,15,1,15,15,15
30,90,394,1,394,394,394,681,1,681,681,681,18,1,18,18,18,1312,1,1312,1312,1312,18,1,18,18,18
30,90,392,1,392,392,392,656,1,656,656,656,17,1,17,17,17,1233,1,1233,1233,1233,17,1,17,17,17
30,90,396,1,396,396,396,669,1,669,669,669,17,1,17,17,17,1252,1,1252,1252,1252,17,1,17,17,17
30,90,393,1,393,393,393,668,1,668,668,668,16,1,16,16,16,1169,1,1169,1169,1169,16,1,16,16,16
30,90,385,1,385,385,385,658,1,658,658,658,16,1,16,16,16,1196,1,1196,1196,1196,16,1,16,16,16
30,90,384,1,384,384,384,653,1,653,653,653,17,1,17,17,17,1205,1,1205,1205,1205,17,1,17,17,17
30,90,385,1,385,385,385,645,1,645,645,645,15,1,15,15,15,1088,1,1088,1088,1088,15,1,15,15,15
30,90,385,1,385,385,385,667,1,667,667,667,17,1,17,17,17,1231,1,1231,1231,1231,17,1,17,17,17
30,90,396,1,396,396,396,690,1,690,690,690,17,1,17,17,17,1234,1,1234,1234,1234,17,1,17,17,17
30,90,396,1,396,396,396,667,1,667,667,667,16,1,16,16,16,1178,1,1178,1178,1178,16,1,16,16,16
30,90,380,1,380,380,380,636,1,636,636,636,15,1,15,15,15,1109,1,1109,1109,1109,15,1,15,15,15
30,90,386,1,386,386,386,643,1,643,643,643,16,1,16,16,16,1150,1,1150,1150,1150,16,1,16,16,16
30,90,399,1,399,399,399,731,1,731,731,731,20,1,20,20,20,1509,1,1509,1509,1509,20,1,20,20,20
30,90,391,1,391,391,391,663,1,663,663,663,16,1,16,16,16,1160,1,1160,1160,1160,16,1,16,16,16
30,90,373,1,373,373,373,620,1,620,620,620,14,1,14,14,14,1025,1,1025,1025,1025,14,1,14,14,14
30,90,378,1,378,378,378,633,1,633,633,633,14,1,14,14,14,1017,1,1017,1017,1017,14,1,14,14,14
30,90,382,1,382,382,382,662,1,662,662,662,17,1,17,17,17,1269,1,1269,1269,1269,17,1,17,17,17
30,90,392,1,392,392,392,671,1,671,671,671,16,1,16,16,16,1180,1,1180,1180,1180,16,1,16,16,16
30,90,393,1,393,393,393,700,1,700,700,700,17,1,17,17,17,1262,1,1262,1262,1262,17,1,17,17,17
30,90,394,1,394,394,394,680,1,680,680,680,18,1,18,18,18,1324,1,1324,1324,1324,18,1,18,18,18
30,90,389,1,389,389,389,662,1,662,662,662,16,1,16,16,16,1147,1,1147,1147,1147,16,1,16,16,16
30,90,382,1,382,382,382,688,1,688,688,688,17,1,17,17,17,1242,1,1242,1242,1242,17,1,17,17,17
30,90,408,1,408,408,408,732,1,732,732,732,19,1,19,19,19,1429,1,1429,1429,1429,19,1,19,19,19
30,90,390,1,390,390,390,665,1,665,665,665,16,1,16,16,16,1152,1,1152,1152,1152,16,1,16,16,16
30,90,393,1,393,393,393,660,1,660,660,660,16,1,16,16,16,1193,1,1193,1193,1193,16,1,16,16,16
30,90,393,1,393,393,393,684,1,684,684,684,17,1,17,17,17,1274,1,1274,1274,1274,17,1,17,17,17
30,90,403,1,403,403,403,691,1,691,691,691,18,1,18,18,18,1338,1,1338,1338,1338,18,1,18,18,18
30,90,389,1,389,389,389,677,1,677,677,677,17,1,17,17,17,1256,1,1256,1256,1256,17,1,17,17,17
30,90,389,1,389,389,389,658,1,658,658,658,15,1,15,15,15,1111,1,1111,1111,1111,15,1,15,15,15
30,90,391,1,391,391,391,695,1,695,695,695,18,1,18,18,18,1328,1,1328,1328,1328,18,1,18,18,18
30,90,394,1,394,394,394,660,1,660,660,660,16,1,16,16,16,1151,1,1151,1151,1151,16,1,16,16,16
30,90,386,1,386,386,386,657,1,657,657,657,16,1,16,16,16,1138,1,1138,1138,1138,16,1,16,16,16
30,90,387,1,387,387,387,683,1,683,683,683,17,1,17,17,17,1248,1,1248,1248,1248,17,1,17,17,17
30,90,392,1,392,392,392,688,1,688,688,688,18,1,18,18,18,1317,1,1317,1317,1317,18,1,18,18,18
30,90,386,1,386,386,386,658,1,658,658,658,16,1,16,16,16,1153,1,1153,1153,1153,16,1,16,16,16
30,90,394,1,394,394,394,667,1,667,667,667,17,1,17,17,17,1212,1,1212,1212,1212,17,1,17,17,17
30,90,390,1,390,390,390,652,1,652,652,652,16,1,16,16,16,1163,1,1163,1163,1163,16,1,16,16,16
30,90,395,1,395,395,395,669,1,669,669,669,17,1,17,17,17,1237,1,1237,1237,1237,17,1,17,17,17
30,90,393,1,393,393,393,671,1,671,671,671,17,1,17,17,17,1264,1,1264,1264,1264,17,1,17,17,17
30,90,383,1,383,383,383,645,1,645,645,645,15,1,15,15,15,1080,1,1080,1080,1080,15,1,15,15,15
30,90,399,1,399,399,399,682,1,682,682,682,17,1,17,17,17,1249,1,1249,1249,1249,17,1,17,17,17
30,90,384,1,384,384,384,674,1,674,674,674,17,1,17,17,17,1241,1,1241,1241,1241,17,1,17,17,17
30,90,392,1,392,392,392,685,1,685,685,685,16,1,16,16,16,1179,1,1179,1179,1179,16,1,16,16,16
30,90,390,1,390,390,390,666,1,666,666,666,17,1,17,17,17,1247,1,1247,1247,1247,17,1,17,17,17
30,90,391,1,391,391,391,647,1,647,647,647,16,1,16,16,16,1129,1,1129,1129,1129,16,1,16,16,16
30,90,398,1,398,398,398,696,1,696,696,696,18,1,18,18,18,1312,1,1312,1312,1312,18,1,18,18,18
30,90,395,1,395,395,395,700,1,700,700,700,17,1,17,17,17,1248,1,1248,1248,1248,17,1,17,17,17
30,90,403,1,403,403,403,708,1,708,708,708,19,1,19,19,19,1407,1,1407,1407,1407,19,1,19,19,19
30,90,388,1,388,388,388,638,1,638,638,638,15,1,15,15,15,1094,1,1094,1094,1094,15,1,15,15,15
30,90,397,1,397,397,397,679,1,679,679,679,17,1,17,17,17,1252,1,1252,1252,1252,17,1,17,17,17
30,90,391,1,391,391,391,653,1,653,653,653,17,1,17,17,17,1210,1,1210,1210,1210,17,1,17,17,17
30,90,399,1,399,399,399,670,1,670,670,670,18,1,18,18,18,1287,1,1287,1287,1287,18,1,18,18,18
30,90,391,1,391,391,391,668,1,668,668,668,17,1,17,17,17,1225,1,1225,1225,1225,17,1,17,17,17
30,90,389,1,389,389,389,647,1,647,647,647,16,1,16,16,16,1159,1,1159,1159,1159,16,1,16,16,16
30,90,374,1,374,374,374,636,1,636,636,636,16,1,16,16,16,1167,1,1167,1167,1167,16,1,16,16,16
30,90,386,1,386,386,386,653,1,653,653,653,16,1,16,16,16,1164,1,1164,1164,1164,16,1,16,16,16
30,90,385,1,385,385,385,644,1,644,644,644,15,1,15,15,15,1076,1,1076,1076,1076,15,1,15,15,15
30,90,390,1,390,390,390,655,1,655,655,655,16,1,16,16,16,1155,1,1155,1155,1155,16,1,16,16,16
30,90,389,1,389,389,389,653,1,653,653,653,17,1,17,17,17,1238,1,1238,1238,1238,17,1,17,17,17
30,90,387,1,387,387,387,657,1,657,657,657,16,1,16,16,16,1162,1,1162,1162,1162,16,1,16,16,16
30,90,395,1,395,395,395,675,1,675,675,675,17,1,17,17,17,1233,1,1233,1233,1233,17,1,17,17,17
30,90,384,1,384,384,384,640,1,640,640,640,15,1,15,15,15,1118,1,1118,1118,1118,15,1,15,15,15
30,90,394,1,394,394,394,703,1,703,703,703,18,1,18,18,18,1344,1,1344,1344,1344,18,1,18,18,18
30,90,401,1,401,401,401,702,1,702,702,702,18,1,18,18,18,1328,1,1328,1328,1328,18,1,18,18,18
30,90,406,1,406,406,406,701,1,701,701,701,18,1,18,18,18,1334,1,1334,1334,1334,18,1,18,18,18
30,90,393,1,393,393,393,692,1,692,692,692,17,1,17,17,17,1253,1,1253,1253,1253,17,1,17,17,17
30,90,385,1,385,385,385,663,1,663,663,663,17,1,17,17,17,1229,1,1229,1229,1229,17,1,17,17,17
30,90,397,1,397,397,397,698,1,698,698,698,18,1,18,18,18,1341,1,1341,1341,1341,18,1,18,18,18
30,90,385,1,385,385,385,667,1,667,667,667,17,1,17,17,17,1234,1,1234,1234,1234,17,1,17,17,17
30,90,387,1,387,387,387,675,1,675,675,675,17,1,17,17,17,1219,1,1219,1219,1219,17,1,17,17,17
30,90,396,1,396,396,396,680,1,680,680,680,16,1,16,16,16,1170,1,1170,1170,1170,16,1,16,16,16
30,90,391,1,391,391,391,662,1,662,662,662,16,1,16,16,16,1162,1,1162,1162,1162,16,1,16,16,16
30,90,390,1,390,390,390,663,1,663,663,663,16,1,16,16,16,1160,1,1160,1160,1160,16,1,16,16,16
30,90,400,1,400,400,400,695,1,695,695,695,18,1,18,18,18,1336,1,1336,1336,1336,18,1,18,18,18
30,90,392,1,392,392,392,674,1,674,674,674,17,1,17,17,17,1235,1,1235,1235,1235,17,1,17,17,17
30,90,393,1,393,393,393,675,1,675,675,675,16,1,16,16,16,1174,1,1174,1174,1174,16,1,16,16,16
30,90,404,1,404,404,404,716,1,716,716,716,18,1,18,18,18,1333,1,1333,1333,1333,18,1,18,18,18
30,90,391,1,391,391,391,666,1,666,666,666,16,1,16,16,16,1174,1,1174,1174,1174,16,1,16,16,16
30,90,382,1,382,382,382,642,1,642,642,642,15,1,15,15,15,1070,1,1070,1070,1070,15,1,15,15,15
30,90,396,1,396,396,396,653,1,653,653,653,17,1,17,17,17,1228,1,1228,1228,1228,17,1,17,17,17
30,90,395,1,395,395,395,691,1,691,691,691,17,1,17,17,17,1244,1,1244,1244,1244,17,1,17,17,17
30,90,389,1,389,389,389,677,1,677,677,677,16,1,16,16,16,1178,1,1178,1178,1178,16,1,16,16,16
30,90,376,1,376,376,376,641,1,641,641,641,15,1,15,15,15,1106,1,1106,1106,1106,15,1,15,15,15
30,90,383,1,383,383,383,640,1,640,640,640,15,1,15,15,15,1074,1,1074,1074,1074,15,1,15,15,15
30,90,390,1,390,390,390,674,1,674,674,674,16,1,16,16,16,1193,1,1193,1193,1193,16,1,16,16,16
30,90,394,1,394,394,394,695,1,695,695,695,18,1,18,18,18,1329,1,1329,1329,1329,18,1,18,18,18
30,90,385,1,385,385,385,676,1,676,676,676,16,1,16,16,16,1190,1,1190,1190,1190,16,1,16,16,16
30,90,392,1,392,392,392,673,1,673,673,673,17,1,17,17,17,1225,1,1225,1225,1225,17,1,17,17,17
30,90,389,1,389,389,389,653,1,653,653,653,16,1,16,16,16,1151,1,1151,1151,1151,16,1,16,16,16
30,90,397,1,397,397,397,701,1,701,701,701,19,1,19,19,19,1395,1,1395,1395,1395,19,1,19,19,19
30,90,393,1,393,393,393,675,1,675,675,675,16,1,16,16,16,1180,1,1180,1180,1180,16,1,16,16,16
30,90,391,1,391,391,391,689,1,689,689,689,17,1,17,17,17,1247,1,1247,1247,1247,17,1,17,17,17
30,90,406,1,406,406,406,718,1,718,718,718,18,1,18,18,18,1353,1,1353,1353,1353,18,1,18,18,18
30,90,390,1,390,390,390,644,1,644,644,644,16,1,16,16,16,1130,1,1130,1130,1130,16,1,16,16,16
30,90,390,1,390,390,390,645,1,645,645,645,15,1,15,15,15,1120,1,1120,1120,1120,15,1,15,15,15
30,90,399,1,399,399,399,695,1,695,695,695,18,1,18,18,18,1342,1,1342,1342,1342,18,1,18,18,18
30,90,392,1,392,392,392,668,1,668,668,668,17,1,17,17,17,1252,1,1252,1252,1252,17,1,17,17,17
30,90,405,1,405,405,405,738,1,738,738,738,19,1,19,19,19,1439,1,1439,1439,1439,19,1,19,19,19
30,90,384,1,384,384,384,637,1,637,637,637,15,1,15,15,15,1092,1,1092,1092,1092,15,1,15,15,15
30,90,403,1,403,403,403,726,1,726,726,726,19,1,19,19,19,1421,1,1421,1421,1421,19,1,19,19,19
30,90,386,1,386,386,386,656,1,656,656,656,17,1,17,17,17,1206,1,1206,1206,1206,17,1,17,17,17
30,90,385,1,385,385,385,635,1,635,635,635,15,1,15,15,15,1099,1,1099,1099,1099,15,1,15,15,15
30,90,386,1,386,386,386,662,1,662,662,662,17,1,17,17,17,1252,1,1252,1252,1252,17,1,17,17,17
30,90,403,1,403,403,403,724,1,724,724,724,19,1,19,19,19,1405,1,1405,1405,1405,19,1,19,19,19
30,90,383,1,383,383,383,655,1,655,655,655,16,1,16,16,16,1169,1,1169,1169,1169,16,1,16,16,16
30,90,387,1,387,387,387,646,1,646,646,646,16,1,16,16,16,1163,1,1163,1163,1163,16,1,16,16,16
30,90,382,1,382,382,382,651,1,651,651,651,16,1,16,16,16,1162,1,1162,1162,1162,16,1,16,16,16
30,90,378,1,378,378,378,687,1,687,687,687,16,1,16,16,16,1203,1,1203,1203,1203,16,1,16,16,16
30,90,380,1,380,380,380,626,1,626,626,626,15,1,15,15,15,1099,1,1099,1099,1099,15,1,15,15,15
30,90,383,1,383,383,383,633,1,633,633,633,15,1,15,15,15,1095,1,1095,1095,1095,15,1,15,15,15
30,90,394,1,394,394,394,654,1,654,654,654,16,1,16,16,16,1170,1,1170,1170,1170,16,1,16,16,16
30,90,379,1,379,379,379,634,1,634,634,634,15,1,15,15,15,1108,1,1108,1108,1108,15,1,15,15,15
30,90,387,1,387,387,387,638,1,638,638,638,15,1,15,15,15,1073,1,1073,1073,1073,15,1,15,15,15
30,90,394,1,394,394,394,674,1,674,674,674,17,1,17,17,17,1231,1,1231,1231,1231,17,1,17,17,17
30,90,388,1,388,388,388,635,1,635,635,635,15,1,15,15,15,1099,1,1099,1099,1099,15,1,15,15,15
30,90,396,1,396,396,396,702,1,702,702,702,18,1,18,18,18,1341,1,1341,1341,1341,18,1,18,18,18
30,90,398,1,398,398,398,690,1,690,690,690,18,1,18,18,18,1315,1,1315,1315,1315,18,1,18,18,18
30,90,396,1,396,396,396,659,1,659,659,659,16,1,16,16,16,1167,1,1167,1167,1167,16,1,16,16,16
30,90,388,1,388,388,388,650,1,650,650,650,17,1,17,17,17,1236,1,1236,1236,1236,17,1,17,17,17
30,90,399,1,399,399,399,645,1,645,645,645,16,1,16,16,16,1147,1,1147,1147,1147,16,1,16,16,16
30,90,382,1,382,382,382,661,1,661,661,661,17,1,17,17,17,1228,1,1228,1228,1228,17,1,17,17,17
30,90,376,1,376,376,376,672,1,672,672,672,16,1,16,16,16,1193,1,1193,1193,1193,16,1,16,16,16
30,90,402,1,402,402,402,725,1,725,725,725,19,1,19,19,19,1412,1,1412,1412,1412,19,1,19,19,19
30,90,389,1,389,389,389,655,1,655,655,655,16,1,16,16,16,1153,1,1153,1153,1153,16,1,16,16,16
30,90,402,1,402,402,402,691,1,691,691,691,18,1,18,18,18,1334,1,1334,1334,1334,18,1,18,18,18
30,90,391,1,391,391,391,674,1,674,674,674,17,1,17,17,17,1243,1,1243,1243,1243,17,1,17,17,17
30,90,386,1,386,386,386,663,1,663,663,663,16,1,16,16,16,1202,1,1202,1202,1202,16,1,16,16,16
30,90,380,1,380,380,380,645,1,645,645,645,16,1,16,16,16,1150,1,1150,1150,1150,16,1,16,16,16
30,90,391,1,391,391,391,679,1,679,679,679,17,1,17,17,17,1246,1,1246,1246,1246,17,1,17,17,17
30,90,385,1,385,385,385,639,1,639,639,639,15,1,15,15,15,1101,1,1101,1101,1101,15,1,15,15,15
30,90,396,1,396,396,396,681,1,681,681,681,17,1,17,17,17,1261,1,1261,1261,1261,17,1,17,17,17
30,90,390,1,390,390,390,660,1,660,660,660,16,1,16,16,16,1198,1,1198,1198,1198,16,1,16,16,16
30,90,380,1,380,380,380,638,1,638,638,638,15,1,15,15,15,1075,1,1075,1075,1075,15,1,15,15,15
30,90,382,1,382,382,382,639,1,639,639,639,16,1,16,16,16,1159,1,1159,1159,1159,16,1,16,16,16
30,90,399,1,399,399,399,690,1,690,690,690,17,1,17,17,17,1240,1,1240,1240,1240,17,1,17,17,17
30,90,391,1,391,391,391,665,1,665,665,665,16,1,16,16,16,1166,1,1166,1166,1166,16,1,16,16,16
30,90,389,1,389,389,389,656,1,656,656,656,17,1,17,17,17,1228,1,1228,1228,1228,17,1,17,17,17
30,90,380,1,380,380,380,650,1,650,650,650,16,1,16,16,16,1165,1,1165,1165,1165,16,1,16,16,16
30,90,400,1,400,400,400,707,1,707,707,707,18,1,18,18,18,1337,1,1337,1337,1337,18,1,18,18,18
30,90,384,1,384,384,384,627,1,627,627,627,15,1,15,15,15,1054,1,1054,1054,1054,15,1,15,15,15
30,90,383,1,383,383,383,651,1,651,651,651,15,1,15,15,15,1091,1,1091,1091,1091,15,1,15,15,15
30,90,392,1,392,392,392,649,1,649,649,649,16,1,16,16,16,1188,1,1188,1188,1188,16,1,16,16,16
30,90,390,1,390,390,390,684,1,684,684,684,17,1,17,17,17,1246,1,1246,1246,1246,17,1,17,17,17
30,90,394,1,394,394,394,675,1,675,675,675,17,1,17,17,17,1222,1,1222,1222,1222,17,1,17,17,17
30,90,400,1,400,400,400,672,1,672,672,672,17,1,17,17,17,1227,1,1227,1227,1227,17,1,17,17,17
30,90,393,1,393,393,393,676,1,676,676,676,17,1,17,17,17,1249,1,1249,1249,1249,17,1,17,17,17
30,90,403,1,403,403,403,730,1,730,730,730,19,1,19,19,19,1416,1,1416,1416,1416,19,1,19,19,19
30,90,377,1,377,377,377,645,1,645,645,645,15,1,15,15,15,1097,1,1097,1097,1097,15,1,15,15,15
30,90,391,1,391,391,391,670,1,670,670,670,16,1,16,16,16,1175,1,1175,1175,1175,16,1,16,16,16
30,90,374,1,374,374,374,646,1,646,646,646,15,1,15,15,15,1116,1,1116,1116,1116,15,1,15,15,15
30,90,392,1,392,392,392,691,1,691,691,691,18,1,18,18,18,1321,1,1321,1321,1321,18,1,18,18,18
30,90,390,1,390,390,390,675,1,675,675,675,18,1,18,18,18,1321,1,1321,1321,1321,18,1,18,18,18
30,90,394,1,394,394,394,665,1,665,665,665,16,1,16,16,16,1160,1,1160,1160,1160,16,1,16,16,16
30,90,394,1,394,394,394,663,1,663,663,663,17,1,17,17,17,1264,1,1264,1264,1264,17,1,17,17,17
30,90,394,1,394,394,394,678,1,678,678,678,18,1,18,18,18,1340,1,1340,1340,1340,18,1,18,18,18
30,90,402,1,402,402,402,672,1,672,672,672,17,1,17,17,17,1249,1,1249,1249,1249,17,1,17,17,17
30,90,386,1,386,386,386,655,1,655,655,655,16,1,16,16,16,1151,1,1151,1151,1151,16,1,16,16,16
30,90,397,1,397,397,397,682,1,682,682,682,17,1,17,17,17,1255,1,1255,1255,1255,17,1,17,17,17
30,90,386,1,386,386,386,659,1,659,659,659,16,1,16,16,16,1189,1,1189,1189,1189,16,1,16,16,16
30,90,393,1,393,393,393,674,1,674,674,674,17,1,17,17,17,1257,1,1257,1257,1257,17,1,17,17,17
30,90,391,1,391,391,391,644,1,644,644,644,16,1,16,16,16,1154,1,1154,1154,1154,16,1,16,16,16
30,90,388,1,388,388,388,660,1,660,660,660,16,1,16,16,16,1155,1,1155,1155,1155,16,1,16,16,16
30,90,395,1,395,395,395,699,1,699,699,699,18,1,18,18,18,1330,1,1330,1330,1330,18,1,18,18,18
30,90,387,1,387,387,387,641,1,641,641,641,15,1,15,15,15,1077,1,1077,1077,1077,15,1,15,15,15
30,90,385,1,385,385,385,657,1,657,657,657,16,1,16,16,16,1168,1,1168,1168,1168,16,1,16,16,16
30,90,381,1,381,381,381,646,1,646,646,646,16,1,16,16,16,1170,1,1170,1170,1170,16,1,16,16,16
30,90,386,1,386,386,386,674,1,674,674,674,17,1,17,17,17,1276,1,1276,1276,1276,17,1,17,17,17
30,90,391,1,391,391,391,663,1,663,663,663,16,1,16,16,16,1145,1,1145,1145,1145,16,1,16,16,16
30,90,396,1,396,396,396,678,1,678,678,678,17,1,17,17,17,1240,1,1240,1240,1240,17,1,17,17,17
30,90,380,1,380,380,380,643,1,643,643,643,16,1,16,16,16,1199,1,1199,1199,1199,16,1,16,16,16
30,90,387,1,387,387,387,643,1,643,643,643,16,1,16,16,16,1130,1,1130,1130,1130,16,1,16,16,16
30,90,395,1,395,395,395,674,1,674,674,674,17,1,17,17,17,1236,1,1236,1236,1236,17,1,17,17,17
30,90,396,1,396,396,396,688,1,688,688,688,17,1,17,17,17,1243,1,1243,1243,1243,17,1,17,17,17
30,90,395,1,395,395,395,679,1,679,679,679,17,1,17,17,17,1271,1,1271,1271,1271,17,1,17,17,17
30,90,391,1,391,391,391,715,1,715,715,715,18,1,18,18,18,1332,1,1332,1332,1332,18,1,18,18,18
30,90,398,1,398,398,398,674,1,674,674,674,16,1,16,16,16,1148,1,1148,1148,1148,16,1,16,16,16
30,90,395,1,395,395,395,706,1,706,706,706,18,1,18,18,18,1317,1,1317,1317,1317,18,1,18,18,18
30,90,385,1,385,385,385,630,1,630,630,630,15,1,15,15,15,1115,1,1115,1115,1115,15,1,15,15,15
30,90,385,1,385,385,385,643,1,643,643,643,15,1,15,15,15,1106,1,1106,1106,1106,15,1,15,15,15
30,90,388,1,388,388,388,667,1,667,667,667,16,1,16,16,16,1165,1,1165,1165,1165,16,1,16,16,16
30,90,398,1,398,398,398,686,1,686,686,686,17,1,17,17,17,1252,1,1252,1252,1252,17,1,17,17,17
30,90,385,1,385,385,385,644,1,644,644,644,17,1,17,17,17,1183,1,1183,1183,1183,17,1,17,17,17
30,90,389,1,389,389,389,666,1,666,666,666,16,1,16,16,16,1192,1,1192,1192,1192,16,1,16,16,16
30,90,395,1,395,395,395,675,1,675,675,675,17,1,17,17,17,1227,1,1227,1227,1227,17,1,17,17,17
30,90,393,1,393,393,393,691,1,691,691,691,18,1,18,18,18,1352,1,1352,1352,1352,18,1,18,18,18
30,90,405,1,405,405,405,690,1,690,690,690,19,1,19,19,19,1387,1,1387,1387,1387,19,1,19,19,19
30,90,395,1,395,395,395,693,1,693,693,693,17,1,17,17,17,1253,1,1253,1253,1253,17,1,17,17,17
30,90,385,1,385,385,385,660,1,660,660,660,17,1,17,17,17,1247,1,1247,1247,1247,17,1,17,17,17
30,90,395,1,395,395,395,666,1,666,666,666,16,1,16,16,16,1152,1,1152,1152,1152,16,1,16,16,16
30,90,397,1,397,397,397,694,1,694,694,694,19,1,19,19,19,1422,1,1422,1422,1422,19,1,19,19,19
30,90,391,1,391,391,391,674,1,674,674,674,16,1,16,16,16,1177,1,1177,1177,1177,16,1,16,16,16
30,90,396,1,396,396,396,669,1,669,669,669,16,1,16,16,16,1190,1,1190,1190,1190,16,1,16,16,16
30,90,385,1,385,385,385,659,1,659,659,659,15,1,15,15,15,1112,1,1112,1112,1112,15,1,15,15,15
30,90,389,1,389,389,389,700,1,700,700,700,19,1,19,19,19,1409,1,1409,1409,1409,19,1,19,19,19
30,90,390,1,390,390,390,675,1,675,675,675,17,1,17,17,17,1266,1,1266,1266,1266,17,1,17,17,17
30,90,393,1,393,393,393,651,1,651,651,651,16,1,16,16,16,1177,1,1177,1177,1177,16,1,16,16,16
30,90,383,1,383,383,383,667,1,667,667,667,16,1,16,16,16,1188,1,1188,1188,1188,16,1,16,16,16
30,90,396,1,396,396,396,679,1,679,679,679,18,1,18,18,18,1296,1,1296,1296,1296,18,1,18,18,18
30,90,387,1,387,387,387,673,1,673,673,673,15,1,15,15,15,1112,1,1112,1112,1112,15,1,15,15,15
30,90,396,1,396,396,396,660,1,660,660,660,16,1,16,16,16,1164,1,1164,1164,1164,16,1,16,16,16
30,90,391,1,391,391,391,661,1,661,661,661,17,1,17,17,17,1219,1,1219,1219,1219,17,1,17,17,17
30,90,405,1,405,405,405,718,1,718,718,718,19,1,19,19,19,1424,1,1424,1424,1424,19,1,19,19,19
30,90,399,1,399,399,399,706,1,706,706,706,17,1,17,17,17,1267,1,1267,1267,1267,17,1,17,17,17
30,90,385,1,385,385,385,650,1,650,650,650,15,1,15,15,15,1102,1,1102,1102,1102,15,1,15,15,15
30,90,403,1,403,403,403,731,1,731,731,731,20,1,20,20,20,1486,1,1486,1486,1486,20,1,20,20,20
30,90,384,1,384,384,384,637,1,637,637,637,14,1,14,14,14,1032,1,1032,1032,1032,14,1,14,14,14
30,90,388,1,388,388,388,680,1,680,680,680,17,1,17,17,17,1284,1,1284,1284,1284,17,1,17,17,17
30,90,384,1,384,384,384,653,1,653,653,653,16,1,16,16,16,1156,1,1156,1156,1156,16,1,16,16,16
30,90,392,1,392,392,392,670,1,670,670,670,17,1,17,17,17,1266,1,1266,1266,1266,17,1,17,17,17
30,90,393,1,393,393,393,671,1,671,671,671,16,1,16,16,16,1205,1,1205,1205,1205,16,1,16,16,16
30,90,384,1,384,384,384,653,1,653,653,653,15,1,15,15,15,1094,1,1094,1094,1094,15,1,15,15,15
30,90,396,1,396,396,396,688,1,688,688,688,19,1,19,19,19,1411,1,1411,1411,1411,19,1,19,19,19
30,90,401,1,401,401,401,666,1,666,666,666,18,1,18,18,18,1288,1,1288,1288,1288,18,1,18,18,18
30,90,390,1,390,390,390,646,1,646,646,646,16,1,16,16,16,1185,1,1185,1185,1185,16,1,16,16,16
30,90,391,1,391,391,391,670,1,670,670,670,17,1,17,17,17,1240,1,1240,1240,1240,17,1,17,17,17
30,90,377,1,377,377,377,628,1,628,628,628,15,1,15,15,15,1051,1,1051,1051,1051,15,1,15,15,15
30,90,384,1,384,384,384,645,1,645,645,645,15,1,15,15,15,1110,1,1110,1110,1110,15,1,15,15,15
30,90,394,1,394,394,394,644,1,644,644,644,15,1,15,15,15,1097,1,1097,1097,1097,15,1,15,15,15
30,90,392,1,392,392,392,680,1,680,680,680,18,1,18,18,18,1308,1,1308,1308,1308,18,1,18,18,18
30,90,381,1,381,381,381,642,1,642,642,642,15,1,15,15,15,1087,1,1087,1087,1087,15,1,15,15,15
30,90,393,1,393,393,393,675,1,675,675,675,16,1,16,16,16,1159,1,1159,1159,1159,16,1,16,16,16
30,90,393,1,393,393,393,676,1,676,676,676,16,1,16,16,16,1177,1,1177,1177,1177,16,1,16,16,16
30,90,391,1,391,391,391,635,1,635,635,635,16,1,16,16,16,1152,1,1152,1152,1152,16,1,16,16,16
30,90,387,1,387,387,387,663,1,663,663,663,16,1,16,16,16,1169,1,1169,1169,1169,16,1,16,16,16
30,90,406,1,406,406,406,721,1,721,721,721,19,1,19,19,19,1423,1,1423,1423,1423,19,1,19,19,19
30,90,385,1,385,385,385,672,1,672,672,672,17,1,17,17,17,1260,1,1260,1260,1260,17,1,17,17,17
30,90,391,1,391,391,391,669,1,669,669,669,17,1,17,17,17,1243,1,1243,1243,1243,17,1,17,17,17
30,90,386,1,386,386,386,665,1,665,665,665,16,1,16,16,16,1198,1,1198,1198,1198,16,1,16,16,16
30,90,386,1,386,386,386,657,1,657,657,657,17,1,17,17,17,1249,1,1249,1249,1249,17,1,17,17,17
30,90,399,1,399,399,399,666,1,666,666,666,16,1,16,16,16,1169,1,1169,1169,1169,16,1,16,16,16
30,90,385,1,385,385,385,683,1,683,683,683,18,1,18,18,18,1310,1,1310,1310,1310,18,1,18,18,18
30,90,390,1,390,390,390,655,1,655,655,655,15,1,15,15,15,1106,1,1106,1106,1106,15,1,15,15,15
30,90,390,1,390,390,390,695,1,695,695,695,18,1,18,18,18,1301,1,1301,1301,1301,18,1,18,18,18
30,90,391,1,391,391,391,654,1,654,654,654,16,1,16,16,16,1143,1,1143,1143,1143,16,1,16,16,16
30,90,387,1,387,387,387,642,1,642,642,642,14,1,14,14,14,1023,1,1023,1023,1023,14,1,14,14,14
30,90,391,1,391,391,391,648,1,648,648,648,15,1,15,15,15,1080,1,1080,1080,1080,15,1,15,15,15
30,90,395,1,395,395,395,677,1,677,677,677,16,1,16,16,16,1186,1,1186,1186,1186,16,1,16,16,16
30,90,397,1,397,397,397,666,1,666,666,666,16,1,16,16,16,1215,1,1215,1215,1215,16,1,16,16,16
30,90,390,1,390,390,390,653,1,653,653,653,16,1,16,16,16,1166,1,1166,1166,1166,16,1,16,16,16
30,90,385,1,385,385,385,662,1,662,662,662,16,1,16,16,16,1150,1,1150,1150,1150,16,1,16,16,16
30,90,395,1,395,395,395,693,1,693,693,693,18,1,18,18,18,1330,1,1330,1330,1330,18,1,18,18,18
30,90,391,1,391,391,391,660,1,660,660,660,16,1,16,16,16,1177,1,1177,1177,1177,16,1,16,16,16
30,90,398,1,398,398,398,675,1,675,675,675,17,1,17,17,17,1273,1,1273,1273,1273,17,1,17,17,17
30,90,387,1,387,387,387,631,1,631,631,631,16,1,16,16,16,1166,1,1166,1166,1166,16,1,16,16,16
30,90,388,1,388,388,388,656,1,656,656,656,15,1,15,15,15,1098,1,1098,1098,1098,15,1,15,15,15
30,90,396,1,396,396,396,658,1,658,658,658,16,1,16,16,16,1183,1,1183,1183,1183,16,1,16,16,16
30,90,399,1,399,399,399,665,1,665,665,665,16,1,16,16,16,1157,1,1157,1157,1157,16,1,16,16,16
30,90,388,1,388,388,388,668,1,668,668,668,16,1,16,16,16,1178,1,1178,1178,1178,16,1,16,16,16
30,90,397,1,397,397,397,701,1,701,701,701,18,1,18,18,18,1362,1,1362,1362,1362,18,1,18,18,18
30,90,388,1,388,388,388,661,1,661,661,661,16,1,16,16,16,1160,1,1160,1160,1160,16,1,16,16,16
30,90,397,1,397,397,397,686,1,686,686,686,18,1,18,18,18,1347,1,1347,1347,1347,18,1,18,18,18
30,90,390,1,390,390,390,660,1,660,660,660,16,1,16,16,16,1155,1,1155,1155,1155,16,1,16,16,16
30,90,398,1,398,398,398,686,1,686,686,686,18,1,18,18,18,1305,1,1305,1305,1305,18,1,18,18,18
30,90,384,1,384,384,384,650,1,650,650,650,15,1,15,15,15,1078,1,1078,1078,1078,15,1,15,15,15
30,90,386,1,386,386,386,682,1,682,682,682,16,1,16,16,16,1195,1,1195,1195,1195,16,1,16,16,16
30,90,401,1,401,401,401,683,1,683,683,683,18,1,18,18,18,1330,1,1330,1330,1330,18,1,18,18,18
30,90,389,1,389,389,389,659,1,659,659,659,16,1,16,16,16,1185,1,1185,1185,1185,16,1,16,16,16
30,90,395,1,395,395,395,682,1,682,682,682,18,1,18,18,18,1339,1,1339,1339,1339,18,1,18,18,18
30,90,383,1,383,383,383,659,1,659,659,659,17,1,17,17,17,1217,1,1217,1217,1217,17,1,17,17,17
30,90,380,1,380,380,380,674,1,674,674,674,17,1,17,17,17,1245,1,1245,1245,1245,17,1,17,17,17
30,90,391,1,391,391,391,680,1,680,680,680,16,1,16,16,16,1184,1,1184,1184,1184,16,1,16,16,16
30,90,385,1,385,385,385,635,1,635,635,635,15,1,15,15,15,1094,1,1094,1094,1094,15,1,15,15,15
30,90,387,1,387,387,387,675,1,675,675,675,16,1,16,16,16,1183,1,1183,1183,1183,16,1,16,16,16
30,90,388,1,388,388,388,669,1,669,669,669,17,1,17,17,17,1259,1,1259,1259,1259,17,1,17,17,17
30,90,390,1,390,390,390,679,1,679,679,679,16,1,16,16,16,1189,1,1189,1189,1189,16,1,16,16,16
30,90,384,1,384,384,384,663,1,663,663,663,17,1,17,17,17,1257,1,1257,1257,1257,17,1,17,17,17
30,90,395,1,395,395,395,664,1,664,664,664,16,1,16,16,16,1146,1,1146,1146,1146,16,1,16,16,16
30,90,393,1,393,393,393,669,1,669,669,669,16,1,16,16,16,1166,1,1166,1166,1166,16,1,16,16,16
30,90,386,1,386,386,386,684,1,684,684,684,17,1,17,17,17,1245,1,1245,1245,1245,17,1,17,17,17
30,90,396,1,396,396,396,671,1,671,671,671,17,1,17,17,17,1245,1,1245,1245,1245,17,1,17,17,17
30,90,386,1,386,386,386,642,1,642,642,642,15,1,15,15,15,1082,1,1082,1082,1082,15,1,15,15,15
30,90,392,1,392,392,392,646,1,646,646,646,16,1,16,16,16,1188,1,1188,1188,1188,16,1,16,16,16
30,90,392,1,392,392,392,668,1,668,668,668,17,1,17,17,17,1243,1,1243,1243,1243,17,1,17,17,17
30,90,389,1,389,389,389,670,1,670,670,670,17,1,17,17,17,1286,1,1286,1286,1286,17,1,17,17,17
30,90,383,1,383,383,383,635,1,635,635,635,15,1,15,15,15,1088,1,1088,1088,1088,15,1,15,15,15
30,90,385,1,385,385,385,656,1,656,656,656,15,1,15,15,15,1107,1,1107,1107,1107,15,1,15,15,15
30,90,398,1,398,398,398,675,1,675,675,675,16,1,16,16,16,1170,1,1170,1170,1170,16,1,16,16,16
30,90,396,1,396,396,396,718,1,718,718,718,18,1,18,18,18,1349,1,1349,1349,1349,18,1,18,18,18
30,90,384,1,384,384,384,674,1,674,674,674,16,1,16,16,16,1211,1,1211,1211,1211,16,1,16,16,16
30,90,396,1,396,396,396,648,1,648,648,648,16,1,16,16,16,1132,1,1132,1132,1132,16,1,16,16,16
30,90,393,1,393,393,393,673,1,673,673,673,18,1,18,18,18,1316,1,1316,1316,1316,18,1,18,18,18
30,90,381,1,381,381,381,653,1,653,653,653,15,1,15,15,15,1080,1,1080,1080,1080,15,1,15,15,15
30,90,391,1,391,391,391,674,1,674,674,674,16,1,16,16,16,1168,1,1168,1168,1168,16,1,16,16,16
30,90,381,1,381,381,381,638,1,638,638,638,15,1,15,15,15,1078,1,1078,1078,1078,15,1,15,15,15
