n,p,m_total,m_count,m_mean,m_min,m_max,steps_total,steps_count,steps_mean,steps_min,steps_max,number_total,number_count,number_mean,number_min,number_max,isteps_total,isteps_count,isteps_mean,isteps_min,isteps_max,inumber_total,inumber_count,inumber_mean,inumber_min,inumber_max
40,40,315,1,315,315,315,905,1,905,905,905,8,1,8,8,8,1098,1,1098,1098,1098,8,1,8,8,8
40,40,309,1,309,309,309,895,1,895,895,895,8,1,8,8,8,1265,1,1265,1265,1265,9,1,9,9,9
40,40,297,1,297,297,297,906,1,906,906,906,8,1,8,8,8,1093,1,1093,1093,1093,8,1,8,8,8
40,40,306,1,306,306,306,914,1,914,914,914,8,1,8,8,8,1088,1,1088,1088,1088,8,1,8,8,8
40,40,317,1,317,317,317,921,1,921,921,921,9,1,9,9,9,1216,1,1216,1216,1216,9,1,9,9,9
40,40,289,1,289,289,289,909,1,909,909,909,8,1,8,8,8,1075,1,1075,1075,1075,8,1,8,8,8
40,40,270,1,270,270,270,901,1,901,901,901,7,1,7,7,7,1050,1,1050,1050,1050,7,1,7,7,7
40,40,311,1,311,311,311,897,1,897,897,897,8,1,8,8,8,1065,1,1065,1065,1065,8,1,8,8,8
40,40,331,1,331,331,331,925,1,925,925,925,10,1,10,10,10,1231,1,1231,1231,1231,10,1,10,10,10
40,40,336,1,336,336,336,927,1,927,927,927,9,1,9,9,9,1162,1,1162,1162,1162,9,1,9,9,9
40,40,319,1,319,319,319,913,1,913,913,913,9,1,9,9,9,1148,1,1148,1148,1148,9,1,9,9,9
40,40,299,1,299,299,299,903,1,903,903,903,8,1,8,8,8,1079,1,1079,1079,1079,8,1,8,8,8
40,40,317,1,317,317,317,911,1,911,911,911,8,1,8,8,8,1075,1,1075,1075,1075,8,1,8,8,8
40,40,304,1,304,304,304,889,1,889,889,889,8,1,8,8,8,1103,1,1103,1103,1103,8,1,8,8,8
40,40,322,1,322,322,322,935,1,935,935,935,9,1,9,9,9,1137,1,1137,1137,1137,9,1,9,9,9
40,40,320,1,320,320,320,910,1,910,910,910,9,1,9,9,9,1174,1,1174,1174,1174,9,1,9,9,9
40,40,310,1,310,310,310,899,1,899,899,899,8,1,8,8,8,1185,1,1185,1185,1185,8,1,8,8,8
40,40,327,1,327,327,327,922,1,922,922,922,9,1,9,9,9,1232,1,1232,1232,1232,9,1,9,9,9
40,40,290,1,290,290,290,902,1,902,902,902,8,1,8,8,8,1127,1,1127,1127,1127,8,1,8,8,8
40,40,327,1,327,327,327,924,1,924,924,924,9,1,9,9,9,1145,1,1145,1145,1145,9,1,9,9,9
40,40,327,1,327,327,327,904,1,904,904,904,8,1,8,8,8,1098,1,1098,1098,1098,8,1,8,8,8
40,40,306,1,306,306,306,901,1,901,901,901,8,1,8,8,8,1102,1,1102,1102,1102,8,1,8,8,8
40,40,322,1,322,322,322,923,1,923,923,923,9,1,9,9,9,1184,1,1184,1184,1184,9,1,9,9,9
40,40,325,1,325,325,325,920,1,920,920,920,9,1,9,9,9,1233,1,1233,1233,1233,9,1,9,9,9
40,40,288,1,288,288,288,910,1,910,910,910,8,1,8,8,8,1156,1,1156,1156,1156,8,1,8,8,8
40,40,299,1,299,299,299,901,1,901,901,901,9,1,9,9,9,1164,1,1164,1164,1164,9,1,9,9,9
40,40,311,1,311,311,311,912,1,912,912,912,9,1,9,9,9,1176,1,1176,1176,1176,9,1,9,9,9
40,40,313,1,313,313,313,915,1,915,915,915,9,1,9,9,9,1194,1,1194,1194,1194,9,1,9,9,9
40,40,290,1,290,290,290,915,1,915,915,915,8,1,8,8,8,1133,1,1133,1133,1133,8,1,8,8,8
40,40,332,1,332,332,332,916,1,916,916,916,9,1,9,9,9,1325,1,1325,1325,1325,9,1,9,9,9
40,40,328,1,328,328,328,947,1,947,947,947,9,1,9,9,9,1252,1,1252,1252,1252,10,1,10,10,10
40,40,314,1,314,314,314,922,1,922,922,922,9,1,9,9,9,1167,1,1167,1167,1167,9,1,9,9,9
40,40,321,1,321,321,321,916,1,916,916,916,9,1,9,9,9,1181,1,1181,1181,1181,9,1,9,9,9
40,40,307,1,307,307,307,917,1,917,917,917,9,1,9,9,9,1204,1,1204,1204,1204,9,1,9,9,9
40,40,294,1,294,294,294,913,1,913,913,913,9,1,9,9,9,1213,1,1213,1213,1213,9,1,9,9,9
40,40,319,1,319,319,319,913,1,913,913,913,9,1,9,9,9,1161,1,1161,1161,1161,9,1,9,9,9
40,40,297,1,297,297,297,900,1,900,900,900,8,1,8,8,8,1155,1,1155,1155,1155,8,1,8,8,8
40,40,308,1,308,308,308,907,1,907,907,907,9,1,9,9,9,1199,1,1199,1199,1199,9,1,9,9,9
40,40,325,1,325,325,325,926,1,926,926,926,9,1,9,9,9,1169,1,1169,1169,1169,9,1,9,9,9
40,40,323,1,323,323,323,912,1,912,912,912,9,1,9,9,9,1140,1,1140,1140,1140,9,1,9,9,9
40,40,303,1,303,303,303,911,1,911,911,911,9,1,9,9,9,1179,1,1179,1179,1179,8,1,8,8,8
40,40,299,1,299,299,299,912,1,912,912,912,8,1,8,8,8,1082,1,1082,1082,1082,8,1,8,8,8
40,40,316,1,316,316,316,919,1,919,919,919,9,1,9,9,9,1424,1,1424,1424,1424,10,1,10,10,10
40,40,296,1,296,296,296,902,1,902,902,902,8,1,8,8,8,1128,1,1128,1128,1128,8,1,8,8,8
40,40,301,1,301,301,301,900,1,900,900,900,8,1,8,8,8,1141,1,1141,1141,1141,8,1,8,8,8
40,40,324,1,324,324,324,907,1,907,907,907,9,1,9,9,9,1166,1,1166,1166,1166,9,1,9,9,9
40,40,292,1,292,292,292,908,1,908,908,908,9,1,9,9,9,1188,1,1188,1188,1188,9,1,9,9,9
40,40,311,1,311,311,311,917,1,917,917,917,9,1,9,9,9,1188,1,1188,1188,1188,9,1,9,9,9
40,40,302,1,302,302,302,922,1,922,922,922,9,1,9,9,9,1221,1,1221,1221,1221,9,1,9,9,9
40,40,306,1,306,306,306,910,1,910,910,910,8,1,8,8,8,1147,1,1147,1147,1147,8,1,8,8,8
40,40,309,1,309,309,309,918,1,918,918,918,8,1,8,8,8,1137,1,1137,1137,1137,8,1,8,8,8
40,40,306,1,306,306,306,902,1,902,902,902,8,1,8,8,8,1129,1,1129,1129,1129,8,1,8,8,8
40,40,298,1,298,298,298,915,1,915,915,915,9,1,9,9,9,1189,1,1189,1189,1189,9,1,9,9,9
40,40,311,1,311,311,311,915,1,915,915,915,9,1,9,9,9,1166,1,1166,1166,1166,9,1,9,9,9
40,40,293,1,293,293,293,902,1,902,902,902,8,1,8,8,8,1168,1,1168,1168,1168,8,1,8,8,8
40,40,349,1,349,349,349,913,1,913,913,913,9,1,9,9,9,1169,1,1169,1169,1169,9,1,9,9,9
40,40,334,1,334,334,334,917,1,917,917,917,9,1,9,9,9,1194,1,1194,1194,1194,9,1,9,9,9
40,40,312,1,312,312,312,923,1,923,923,923,9,1,9,9,9,1179,1,1179,1179,1179,9,1,9,9,9
40,40,313,1,313,313,313,915,1,915,915,915,8,1,8,8,8,1091,1,1091,1091,1091,8,1,8,8,8
40,40,325,1,325,325,325,911,1,911,911,911,9,1,9,9,9,1194,1,1194,1194,1194,9,1,9,9,9
40,40,287,1,287,287,287,903,1,903,903,903,9,1,9,9,9,1150,1,1150,1150,1150,9,1,9,9,9
40,40,282,1,282,282,282,892,1,892,892,892,7,1,7,7,7,1174,1,1174,1174,1174,8,1,8,8,8
40,40,303,1,303,303,303,923,1,923,923,923,9,1,9,9,9,1198,1,1198,1198,1198,9,1,9,9,9
40,40,302,1,302,302,302,903,1,903,903,903,9,1,9,9,9,1150,1,1150,1150,1150,9,1,9,9,9
40,40,312,1,312,312,312,911,1,911,911,911,9,1,9,9,9,1210,1,1210,1210,1210,9,1,9,9,9
40,40,306,1,306,306,306,901,1,901,901,901,8,1,8,8,8,1138,1,1138,1138,1138,8,1,8,8,8
40,40,296,1,296,296,296,912,1,912,912,912,9,1,9,9,9,1186,1,1186,1186,1186,9,1,9,9,9
40,40,312,1,312,312,312,909,1,909,909,909,9,1,9,9,9,1218,1,1218,1218,1218,9,1,9,9,9
40,40,315,1,315,315,315,915,1,915,915,915,9,1,9,9,9,1153,1,1153,1153,1153,9,1,9,9,9
40,40,308,1,308,308,308,909,1,909,909,909,9,1,9,9,9,1170,1,1170,1170,1170,9,1,9,9,9
40,40,320,1,320,320,320,911,1,911,911,911,8,1,8,8,8,1187,1,1187,1187,1187,9,1,9,9,9
40,40,303,1,303,303,303,918,1,918,918,918,8,1,8,8,8,1305,1,1305,1305,1305,9,1,9,9,9
40,40,301,1,301,301,301,889,1,889,889,889,7,1,7,7,7,1112,1,1112,1112,1112,7,1,7,7,7
40,40,301,1,301,301,301,907,1,907,907,907,8,1,8,8,8,1073,1,1073,1073,1073,8,1,8,8,8
40,40,316,1,316,316,316,908,1,908,908,908,8,1,8,8,8,1116,1,1116,1116,1116,8,1,8,8,8
40,40,326,1,326,326,326,908,1,908,908,908,8,1,8,8,8,1079,1,1079,1079,1079,8,1,8,8,8
40,40,319,1,319,319,319,928,1,928,928,928,9,1,9,9,9,1159,1,1159,1159,1159,9,1,9,9,9
40,40,297,1,297,297,297,908,1,908,908,908,9,1,9,9,9,1148,1,1148,1148,1148,9,1,9,9,9
40,40,315,1,315,315,315,902,1,902,902,902,7,1,7,7,7,1178,1,1178,1178,1178,8,1,8,8,8
40,40,335,1,335,335,335,913,1,913,913,913,8,1,8,8,8,1096,1,1096,1096,1096,8,1,8,8,8
40,40,327,1,327,327,327,932,1,932,932,932,10,1,10,10,10,1324,1,1324,1324,1324,10,1,10,10,10
40,40,313,1,313,313,313,919,1,919,919,919,8,1,8,8,8,1090,1,1090,1090,1090,8,1,8,8,8
40,40,333,1,333,333,333,923,1,923,923,923,9,1,9,9,9,1182,1,1182,1182,1182,9,1,9,9,9
40,40,297,1,297,297,297,890,1,890,890,890,8,1,8,8,8,1089,1,1089,1089,1089,8,1,8,8,8
40,40,328,1,328,328,328,930,1,930,930,930,9,1,9,9,9,1157,1,1157,1157,1157,9,1,9,9,9
40,40,297,1,297,297,297,899,1,899,899,899,8,1,8,8,8,1055,1,1055,1055,1055,8,1,8,8,8
40,40,314,1,314,314,314,927,1,927,927,927,8,1,8,8,8,1100,1,1100,1100,1100,8,1,8,8,8
40,40,289,1,289,289,289,902,1,902,902,902,8,1,8,8,8,1108,1,1108,1108,1108,8,1,8,8,8
40,40,318,1,318,318,318,903,1,903,903,903,7,1,7,7,7,1050,1,1050,1050,1050,7,1,7,7,7
40,40,336,1,336,336,336,925,1,925,925,925,9,1,9,9,9,1165,1,1165,1165,1165,9,1,9,9,9
40,40,310,1,310,310,310,923,1,923,923,923,9,1,9,9,9,1178,1,1178,1178,1178,9,1,9,9,9
40,40,329,1,329,329,329,918,1,918,918,918,9,1,9,9,9,1240,1,1240,1240,1240,9,1,9,9,9
40,40,297,1,297,297,297,901,1,901,901,901,8,1,8,8,8,1110,1,1110,1110,1110,8,1,8,8,8
40,40,302,1,302,302,302,899,1,899,899,899,8,1,8,8,8,1104,1,1104,1104,1104,8,1,8,8,8
40,40,290,1,290,290,290,902,1,902,902,902,8,1,8,8,8,1155,1,1155,1155,1155,8,1,8,8,8
40,40,323,1,323,323,323,926,1,926,926,926,9,1,9,9,9,1173,1,1173,1173,1173,9,1,9,9,9
40,40,299,1,299,299,299,929,1,929,929,929,8,1,8,8,8,1115,1,1115,1115,1115,8,1,8,8,8
40,40,318,1,318,318,318,914,1,914,914,914,9,1,9,9,9,1183,1,1183,1183,1183,9,1,9,9,9
40,40,312,1,312,312,312,912,1,912,912,912,9,1,9,9,9,1128,1,1128,1128,1128,9,1,9,9,9
40,40,314,1,314,314,314,914,1,914,914,914,9,1,9,9,9,1192,1,1192,1192,1192,9,1,9,9,9
40,40,328,1,328,328,328,935,1,935,935,935,9,1,9,9,9,1184,1,1184,1184,1184,9,1,9,9,9
40,40,306,1,306,306,306,906,1,906,906,906,8,1,8,8,8,1101,1,1101,1101,1101,8,1,8,8,8
40,40,300,1,300,300,300,899,1,899,899,899,8,1,8,8,8,1116,1,1116,1116,1116,8,1,8,8,8
40,40,324,1,324,324,324,912,1,912,912,912,8,1,8,8,8,1117,1,1117,1117,1117,8,1,8,8,8
40,40,305,1,305,305,305,902,1,902,902,902,8,1,8,8,8,1092,1,1092,1092,1092,8,1,8,8,8
40,40,306,1,306,306,306,904,1,904,904,904,9,1,9,9,9,1139,1,1139,1139,1139,8,1,8,8,8
40,40,306,1,306,306,306,927,1,927,927,927,9,1,9,9,9,1198,1,1198,1198,1198,9,1,9,9,9
40,40,321,1,321,321,321,905,1,905,905,905,8,1,8,8,8,1220,1,1220,1220,1220,9,1,9,9,9
40,40,327,1,327,327,327,903,1,903,903,903,8,1,8,8,8,1215,1,1215,1215,1215,9,1,9,9,9
40,40,318,1,318,318,318,919,1,919,919,919,8,1,8,8,8,1076,1,1076,1076,1076,8,1,8,8,8
40,40,319,1,319,319,319,936,1,936,936,936,10,1,10,10,10,1233,1,1233,1233,1233,9,1,9,9,9
40,40,295,1,295,295,295,904,1,904,904,904,8,1,8,8,8,1115,1,1115,1115,1115,8,1,8,8,8
40,40,327,1,327,327,327,914,1,914,914,914,9,1,9,9,9,1153,1,1153,1153,1153,9,1,9,9,9
40,40,311,1,311,311,311,907,1,907,907,907,8,1,8,8,8,1097,1,1097,1097,1097,8,1,8,8,8
40,40,315,1,315,315,315,905,1,905,905,905,8,1,8,8,8,1080,1,1080,1080,1080,8,1,8,8,8
40,40,311,1,311,311,311,919,1,919,919,919,9,1,9,9,9,1150,1,1150,1150,1150,9,1,9,9,9
40,40,316,1,316,316,316,909,1,909,909,909,8,1,8,8,8,1070,1,1070,1070,1070,8,1,8,8,8
40,40,317,1,317,317,317,919,1,919,919,919,9,1,9,9,9,1211,1,1211,1211,1211,9,1,9,9,9
40,40,285,1,285,285,285,908,1,908,908,908,7,1,7,7,7,1053,1,1053,1053,1053,7,1,7,7,7
40,40,307,1,307,307,307,903,1,903,903,903,8,1,8,8,8,1107,1,1107,1107,1107,8,1,8,8,8
40,40,302,1,302,302,302,909,1,909,909,909,8,1,8,8,8,1092,1,1092,1092,1092,8,1,8,8,8
40,40,295,1,295,295,295,907,1,907,907,907,9,1,9,9,9,1170,1,1170,1170,1170,9,1,9,9,9
40,40,313,1,313,313,313,904,1,904,904,904,8,1,8,8,8,1107,1,1107,1107,1107,8,1,8,8,8
40,40,322,1,322,322,322,929,1,929,929,929,9,1,9,9,9,1168,1,1168,1168,1168,9,1,9,9,9
40,40,308,1,308,308,308,923,1,923,923,923,9,1,9,9,9,1209,1,1209,1209,1209,8,1,8,8,8
40,40,301,1,301,301,301,908,1,908,908,908,8,1,8,8,8,1270,1,1270,1270,1270,9,1,9,9,9
40,40,322,1,322,322,322,907,1,907,907,907,9,1,9,9,9,1120,1,1120,1120,1120,9,1,9,9,9
40,40,308,1,308,308,308,908,1,908,908,908,8,1,8,8,8,1064,1,1064,1064,1064,8,1,8,8,8
40,40,319,1,319,319,319,913,1,913,913,913,9,1,9,9,9,1178,1,1178,1178,1178,9,1,9,9,9
40,40,325,1,325,325,325,908,1,908,908,908,8,1,8,8,8,1128,1,1128,1128,1128,8,1,8,8,8
40,40,301,1,301,301,301,911,1,911,911,911,9,1,9,9,9,1152,1,1152,1152,1152,9,1,9,9,9
40,40,297,1,297,297,297,912,1,912,912,912,8,1,8,8,8,1209,1,1209,1209,1209,9,1,9,9,9
40,40,326,1,326,326,326,919,1,919,919,919,9,1,9,9,9,1153,1,1153,1153,1153,9,1,9,9,9
40,40,310,1,310,310,310,913,1,913,913,913,9,1,9,9,9,1172,1,1172,1172,1172,9,1,9,9,9
40,40,312,1,312,312,312,913,1,913,913,913,9,1,9,9,9,1171,1,1171,1171,1171,9,1,9,9,9
40,40,322,1,322,322,322,921,1,921,921,921,9,1,9,9,9,1203,1,1203,1203,1203,9,1,9,9,9
40,40,314,1,314,314,314,913,1,913,913,913,9,1,9,9,9,1243,1,1243,1243,1243,8,1,8,8,8
40,40,320,1,320,320,320,899,1,899,899,899,8,1,8,8,8,1079,1,1079,1079,1079,8,1,8,8,8
40,40,321,1,321,321,321,914,1,914,914,914,9,1,9,9,9,1134,1,1134,1134,1134,9,1,9,9,9
40,40,315,1,315,315,315,908,1,908,908,908,8,1,8,8,8,1150,1,1150,1150,1150,8,1,8,8,8
40,40,305,1,305,305,305,906,1,906,906,906,9,1,9,9,9,1186,1,1186,1186,1186,9,1,9,9,9
40,40,297,1,297,297,297,907,1,907,907,907,8,1,8,8,8,1115,1,1115,1115,1115,8,1,8,8,8
40,40,325,1,325,325,325,927,1,927,927,927,9,1,9,9,9,1164,1,1164,1164,1164,9,1,9,9,9
40,40,311,1,311,311,311,921,1,921,921,921,9,1,9,9,9,1142,1,1142,1142,1142,9,1,9,9,9
40,40,306,1,306,306,306,898,1,898,898,898,9,1,9,9,9,1115,1,1115,1115,1115,8,1,8,8,8
40,40,309,1,309,309,309,898,1,898,898,898,8,1,8,8,8,1087,1,1087,1087,1087,8,1,8,8,8
40,40,302,1,302,302,302,904,1,904,904,904,8,1,8,8,8,1126,1,1126,1126,1126,8,1,8,8,8
40,40,310,1,310,310,310,906,1,906,906,906,8,1,8,8,8,1304,1,1304,1304,1304,9,1,9,9,9
40,40,340,1,340,340,340,916,1,916,916,916,9,1,9,9,9,1163,1,1163,1163,1163,9,1,9,9,9
40,40,320,1,320,320,320,918,1,918,918,918,9,1,9,9,9,1167,1,1167,1167,1167,9,1,9,9,9
40,40,312,1,312,312,312,907,1,907,907,907,8,1,8,8,8,1105,1,1105,1105,1105,8,1,8,8,8
40,40,292,1,292,292,292,897,1,897,897,897,8,1,8,8,8,1141,1,1141,1141,1141,8,1,8,8,8
40,40,309,1,309,309,309,907,1,907,907,907,8,1,8,8,8,1134,1,1134,1134,1134,8,1,8,8,8
40,40,322,1,322,322,322,928,1,928,928,928,10,1,10,10,10,1295,1,1295,1295,1295,10,1,10,10,10
40,40,316,1,316,316,316,924,1,924,924,924,9,1,9,9,9,1282,1,1282,1282,1282,9,1,9,9,9
40,40,307,1,307,307,307,908,1,908,908,908,9,1,9,9,9,1287,1,1287,1287,1287,9,1,9,9,9
40,40,290,1,290,290,290,904,1,904,904,904,9,1,9,9,9,1174,1,1174,1174,1174,9,1,9,9,9
40,40,329,1,329,329,329,917,1,917,917,917,9,1,9,9,9,1175,1,1175,1175,1175,9,1,9,9,9
40,40,307,1,307,307,307,908,1,908,908,908,9,1,9,9,9,1121,1,1121,1121,1121,8,1,8,8,8
40,40,310,1,310,310,310,901,1,901,901,901,9,1,9,9,9,1138,1,1138,1138,1138,9,1,9,9,9
40,40,305,1,305,305,305,906,1,906,906,906,8,1,8,8,8,1067,1,1067,1067,1067,8,1,8,8,8
40,40,311,1,311,311,311,897,1,897,897,897,9,1,9,9,9,1099,1,1099,1099,1099,8,1,8,8,8
40,40,346,1,346,346,346,920,1,920,920,920,8,1,8,8,8,1063,1,1063,1063,1063,8,1,8,8,8
40,40,333,1,333,333,333,924,1,924,924,924,10,1,10,10,10,1242,1,1242,1242,1242,10,1,10,10,10
40,40,302,1,302,302,302,907,1,907,907,907,8,1,8,8,8,1106,1,1106,1106,1106,8,1,8,8,8
40,40,321,1,321,321,321,913,1,913,913,913,9,1,9,9,9,1153,1,1153,1153,1153,9,1,9,9,9
40,40,323,1,323,323,323,917,1,917,917,917,9,1,9,9,9,1194,1,1194,1194,1194,9,1,9,9,9
40,40,334,1,334,334,334,928,1,928,928,928,9,1,9,9,9,1182,1,1182,1182,1182,9,1,9,9,9
40,40,300,1,300,300,300,896,1,896,896,896,8,1,8,8,8,1110,1,1110,1110,1110,8,1,8,8,8
40,40,316,1,316,316,316,921,1,921,921,921,9,1,9,9,9,1180,1,1180,1180,1180,9,1,9,9,9
40,40,304,1,304,304,304,929,1,929,929,929,10,1,10,10,10,1272,1,1272,1272,1272,9,1,9,9,9
40,40,321,1,321,321,321,931,1,931,931,931,9,1,9,9,9,1168,1,1168,1168,1168,9,1,9,9,9
40,40,308,1,308,308,308,927,1,927,927,927,9,1,9,9,9,1131,1,1131,1131,1131,8,1,8,8,8
40,40,284,1,284,284,284,887,1,887,887,887,8,1,8,8,8,1121,1,1121,1121,1121,8,1,8,8,8
40,40,311,1,311,311,311,899,1,899,899,899,8,1,8,8,8,1120,1,1120,1120,1120,8,1,8,8,8
40,40,290,1,290,290,290,896,1,896,896,896,9,1,9,9,9,1195,1,1195,1195,1195,9,1,9,9,9
40,40,316,1,316,316,316,911,1,911,911,911,8,1,8,8,8,1091,1,1091,1091,1091,8,1,8,8,8
40,40,299,1,299,299,299,902,1,902,902,902,8,1,8,8,8,1192,1,1192,1192,1192,8,1,8,8,8
40,40,316,1,316,316,316,914,1,914,914,914,9,1,9,9,9,1137,1,1137,1137,1137,9,1,9,9,9
40,40,315,1,315,315,315,922,1,922,922,922,9,1,9,9,9,1268,1,1268,1268,1268,9,1,9,9,9
40,40,323,1,323,323,323,918,1,918,918,918,9,1,9,9,9,1157,1,1157,1157,1157,9,1,9,9,9
40,40,313,1,313,313,313,911,1,911,911,911,9,1,9,9,9,1157,1,1157,1157,1157,9,1,9,9,9
40,40,328,1,328,328,328,918,1,918,918,918,9,1,9,9,9,1196,1,1196,1196,1196,9,1,9,9,9
40,40,284,1,284,284,284,897,1,897,897,897,8,1,8,8,8,1040,1,1040,1040,1040,8,1,8,8,8
40,40,309,1,309,309,309,905,1,905,905,905,8,1,8,8,8,1080,1,1080,1080,1080,8,1,8,8,8
40,40,306,1,306,306,306,918,1,918,918,918,8,1,8,8,8,1103,1,1103,1103,1103,8,1,8,8,8
40,40,293,1,293,293,293,896,1,896,896,896,8,1,8,8,8,1124,1,1124,1124,1124,8,1,8,8,8
40,40,311,1,311,311,311,904,1,904,904,904,8,1,8,8,8,1119,1,1119,1119,1119,8,1,8,8,8
40,40,310,1,310,310,310,909,1,909,909,909,8,1,8,8,8,1075,1,1075,1075,1075,8,1,8,8,8
40,40,305,1,305,305,305,911,1,911,911,911,8,1,8,8,8,1192,1,1192,1192,1192,8,1,8,8,8
40,40,310,1,310,310,310,930,1,930,930,930,9,1,9,9,9,1417,1,1417,1417,1417,10,1,10,10,10
40,40,335,1,335,335,335,928,1,928,928,928,10,1,10,10,10,1237,1,1237,1237,1237,10,1,10,10,10
40,40,305,1,305,305,305,909,1,909,909,909,9,1,9,9,9,1201,1,1201,1201,1201,9,1,9,9,9
40,40,304,1,304,304,304,907,1,907,907,907,8,1,8,8,8,1109,1,1109,1109,1109,8,1,8,8,8
40,40,320,1,320,320,320,916,1,916,916,916,9,1,9,9,9,1163,1,1163,1163,1163,9,1,9,9,9
40,40,315,1,315,315,315,910,1,910,910,910,8,1,8,8,8,1242,1,1242,1242,1242,9,1,9,9,9
40,40,325,1,325,325,325,915,1,915,915,915,9,1,9,9,9,1126,1,1126,1126,1126,9,1,9,9,9
40,40,321,1,321,321,321,905,1,905,905,905,8,1,8,8,8,1093,1,1093,1093,1093,8,1,8,8,8
40,40,297,1,297,297,297,907,1,907,907,907,8,1,8,8,8,1149,1,1149,1149,1149,8,1,8,8,8
40,40,296,1,296,296,296,903,1,903,903,903,9,1,9,9,9,1198,1,1198,1198,1198,9,1,9,9,9
40,40,284,1,284,284,284,896,1,896,896,896,8,1,8,8,8,1224,1,1224,1224,1224,8,1,8,8,8
40,40,305,1,305,305,305,919,1,919,919,919,8,1,8,8,8,1087,1,1087,1087,1087,8,1,8,8,8
40,40,304,1,304,304,304,902,1,902,902,902,8,1,8,8,8,1225,1,1225,1225,1225,9,1,9,9,9
40,40,307,1,307,307,307,914,1,914,914,914,9,1,9,9,9,1178,1,1178,1178,1178,9,1,9,9,9
40,40,303,1,303,303,303,904,1,904,904,904,8,1,8,8,8,1131,1,1131,1131,1131,8,1,8,8,8
40,40,299,1,299,299,299,891,1,891,891,891,9,1,9,9,9,1169,1,1169,1169,1169,9,1,9,9,9
40,40,315,1,315,315,315,913,1,913,913,913,8,1,8,8,8,1105,1,1105,1105,1105,8,1,8,8,8
40,40,331,1,331,331,331,917,1,917,917,917,9,1,9,9,9,1195,1,1195,1195,1195,9,1,9,9,9
40,40,296,1,296,296,296,881,1,881,881,881,8,1,8,8,8,1079,1,1079,1079,1079,8,1,8,8,8
40,40,303,1,303,303,303,901,1,901,901,901,9,1,9,9,9,1177,1,1177,1177,1177,9,1,9,9,9
40,40,291,1,291,291,291,907,1,907,907,907,9,1,9,9,9,1169,1,1169,1169,1169,9,1,9,9,9
40,40,326,1,326,326,326,912,1,912,912,912,9,1,9,9,9,1167,1,1167,1167,1167,9,1,9,9,9
40,40,300,1,300,300,300,912,1,912,912,912,9,1,9,9,9,1237,1,1237,1237,1237,9,1,9,9,9
40,40,302,1,302,302,302,883,1,883,883,883,8,1,8,8,8,1071,1,1071,1071,1071,8,1,8,8,8
40,40,286,1,286,286,286,904,1,904,904,904,9,1,9,9,9,1165,1,1165,1165,1165,9,1,9,9,9
40,40,314,1,314,314,314,916,1,916,916,916,9,1,9,9,9,1125,1,1125,1125,1125,8,1,8,8,8
40,40,312,1,312,312,312,921,1,921,921,921,9,1,9,9,9,1172,1,1172,1172,1172,9,1,9,9,9
40,40,300,1,300,300,300,903,1,903,903,903,8,1,8,8,8,1108,1,1108,1108,1108,8,1,8,8,8
40,40,329,1,329,329,329,924,1,924,924,924,9,1,9,9,9,1169,1,1169,1169,1169,9,1,9,9,9
40,40,337,1,337,337,337,909,1,909,909,909,8,1,8,8,8,1212,1,1212,1212,1212,8,1,8,8,8
40,40,313,1,313,313,313,915,1,915,915,915,9,1,9,9,9,1166,1,1166,1166,1166,9,1,9,9,9
40,40,312,1,312,312,312,909,1,909,909,909,9,1,9,9,9,1138,1,1138,1138,1138,9,1,9,9,9
40,40,298,1,298,298,298,921,1,921,921,921,9,1,9,9,9,1162,1,1162,1162,1162,8,1,8,8,8
40,40,307,1,307,307,307,911,1,911,911,911,8,1,8,8,8,1100,1,1100,1100,1100,8,1,8,8,8
40,40,302,1,302,302,302,893,1,893,893,893,8,1,8,8,8,1111,1,1111,1111,1111,8,1,8,8,8
40,40,309,1,309,309,309,910,1,910,910,910,9,1,9,9,9,1165,1,1165,1165,1165,9,1,9,9,9
40,40,307,1,307,307,307,900,1,900,900,900,8,1,8,8,8,1111,1,1111,1111,1111,8,1,8,8,8
40,40,293,1,293,293,293,899,1,899,899,899,9,1,9,9,9,1143,1,1143,1143,1143,9,1,9,9,9
40,40,307,1,307,307,307,919,1,919,919,919,9,1,9,9,9,1200,1,1200,1200,1200,9,1,9,9,9
40,40,293,1,293,293,293,911,1,911,911,911,9,1,9,9,9,1159,1,1159,1159,1159,9,1,9,9,9
40,40,291,1,291,291,291,908,1,908,908,908,9,1,9,9,9,1141,1,1141,1141,1141,8,1,8,8,8
40,40,313,1,313,313,313,920,1,920,920,920,9,1,9,9,9,1172,1,1172,1172,1172,9,1,9,9,9
40,40,319,1,319,319,319,924,1,924,924,924,10,1,10,10,10,1249,1,1249,1249,1249,10,1,10,10,10
40,40,327,1,327,327,327,906,1,906,906,906,8,1,8,8,8,1102,1,1102,1102,1102,8,1,8,8,8
40,40,287,1,287,287,287,897,1,897,897,897,7,1,7,7,7,1040,1,1040,1040,1040,7,1,7,7,7
40,40,325,1,325,325,325,914,1,914,914,914,9,1,9,9,9,1182,1,1182,1182,1182,8,1,8,8,8
40,40,297,1,297,297,297,905,1,905,905,905,8,1,8,8,8,1102,1,1102,1102,1102,8,1,8,8,8
40,40,317,1,317,317,317,916,1,916,916,916,8,1,8,8,8,1286,1,1286,1286,1286,8,1,8,8,8
40,40,297,1,297,297,297,920,1,920,920,920,9,1,9,9,9,1351,1,1351,1351,1351,10,1,10,10,10
40,40,324,1,324,324,324,937,1,937,937,937,9,1,9,9,9,1203,1,1203,1203,1203,9,1,9,9,9
40,40,314,1,314,314,314,922,1,922,922,922,9,1,9,9,9,1172,1,1172,1172,1172,8,1,8,8,8
40,40,322,1,322,322,322,933,1,933,933,933,9,1,9,9,9,1170,1,1170,1170,1170,9,1,9,9,9
40,40,316,1,316,316,316,888,1,888,888,888,7,1,7,7,7,1097,1,1097,1097,1097,8,1,8,8,8
40,40,307,1,307,307,307,918,1,918,918,918,9,1,9,9,9,1166,1,1166,1166,1166,9,1,9,9,9
40,40,301,1,301,301,301,906,1,906,906,906,9,1,9,9,9,1131,1,1131,1131,1131,9,1,9,9,9
40,40,309,1,309,309,309,895,1,895,895,895,9,1,9,9,9,1131,1,1131,1131,1131,9,1,9,9,9
40,40,335,1,335,335,335,904,1,904,904,904,8,1,8,8,8,1130,1,1130,1130,1130,8,1,8,8,8
40,40,286,1,286,286,286,898,1,898,898,898,8,1,8,8,8,1153,1,1153,1153,1153,8,1,8,8,8
40,40,321,1,321,321,321,917,1,917,917,917,8,1,8,8,8,1096,1,1096,1096,1096,8,1,8,8,8
40,40,318,1,318,318,318,913,1,913,913,913,9,1,9,9,9,1155,1,1155,1155,1155,9,1,9,9,9
40,40,301,1,301,301,301,914,1,914,914,914,9,1,9,9,9,1245,1,1245,1245,1245,9,1,9,9,9
40,40,321,1,321,321,321,914,1,914,914,914,8,1,8,8,8,1087,1,1087,1087,1087,8,1,8,8,8
40,40,318,1,318,318,318,903,1,903,903,903,8,1,8,8,8,1073,1,1073,1073,1073,8,1,8,8,8
40,40,321,1,321,321,321,916,1,916,916,916,9,1,9,9,9,1202,1,1202,1202,1202,9,1,9,9,9
40,40,295,1,295,295,295,899,1,899,899,899,8,1,8,8,8,1070,1,1070,1070,1070,8,1,8,8,8
40,40,281,1,281,281,281,906,1,906,906,906,8,1,8,8,8,1125,1,1125,1125,1125,8,1,8,8,8
40,40,323,1,323,323,323,900,1,900,900,900,8,1,8,8,8,1110,1,1110,1110,1110,8,1,8,8,8
40,40,326,1,326,326,326,909,1,909,909,909,8,1,8,8,8,1176,1,1176,1176,1176,8,1,8,8,8
40,40,307,1,307,307,307,909,1,909,909,909,8,1,8,8,8,1101,1,1101,1101,1101,8,1,8,8,8
40,40,304,1,304,304,304,912,1,912,912,912,8,1,8,8,8,1193,1,1193,1193,1193,8,1,8,8,8
40,40,313,1,313,313,313,919,1,919,919,919,9,1,9,9,9,1159,1,1159,1159,1159,9,1,9,9,9
40,40,303,1,303,303,303,911,1,911,911,911,8,1,8,8,8,1108,1,1108,1108,1108,8,1,8,8,8
40,40,306,1,306,306,306,901,1,901,901,901,8,1,8,8,8,1058,1,1058,1058,1058,8,1,8,8,8
40,40,301,1,301,301,301,899,1,899,899,899,8,1,8,8,8,1044,1,1044,1044,1044,8,1,8,8,8
40,40,298,1,298,298,298,914,1,914,914,914,8,1,8,8,8,1125,1,1125,1125,1125,8,1,8,8,8
40,40,299,1,299,299,299,904,1,904,904,904,10,1,10,10,10,1213,1,1213,1213,1213,10,1,10,10,10
40,40,313,1,313,313,313,909,1,909,909,909,9,1,9,9,9,1166,1,1166,1166,1166,9,1,9,9,9
40,40,307,1,307,307,307,911,1,911,911,911,8,1,8,8,8,1108,1,1108,1108,1108,8,1,8,8,8
40,40,305,1,305,305,305,910,1,910,910,910,9,1,9,9,9,1189,1,1189,1189,1189,9,1,9,9,9
40,40,317,1,317,317,317,935,1,935,935,935,9,1,9,9,9,1179,1,1179,1179,1179,9,1,9,9,9
40,40,331,1,331,331,331,917,1,917,917,917,9,1,9,9,9,1159,1,1159,1159,1159,9,1,9,9,9
40,40,338,1,338,338,338,906,1,906,906,906,9,1,9,9,9,1152,1,1152,1152,1152,9,1,9,9,9
40,40,291,1,291,291,291,906,1,906,906,906,8,1,8,8,8,1232,1,1232,1232,1232,9,1,9,9,9
40,40,316,1,316,316,316,917,1,917,917,917,9,1,9,9,9,1180,1,1180,1180,1180,9,1,9,9,9
40,40,299,1,299,299,299,921,1,921,921,921,9,1,9,9,9,1193,1,1193,1193,1193,8,1,8,8,8
40,40,315,1,315,315,315,916,1,916,916,916,9,1,9,9,9,1149,1,1149,1149,1149,9,1,9,9,9
40,40,305,1,305,305,305,909,1,909,909,909,9,1,9,9,9,1147,1,1147,1147,1147,9,1,9,9,9
40,40,312,1,312,312,312,899,1,899,899,899,8,1,8,8,8,1094,1,1094,1094,1094,8,1,8,8,8
40,40,306,1,306,306,306,915,1,915,915,915,8,1,8,8,8,1087,1,1087,1087,1087,8,1,8,8,8
40,40,311,1,311,311,311,917,1,917,917,917,9,1,9,9,9,1205,1,1205,1205,1205,9,1,9,9,9
40,40,331,1,331,331,331,921,1,921,921,921,8,1,8,8,8,1058,1,1058,1058,1058,8,1,8,8,8
40,40,315,1,315,315,315,912,1,912,912,912,8,1,8,8,8,1088,1,1088,1088,1088,8,1,8,8,8
40,40,306,1,306,306,306,898,1,898,898,898,9,1,9,9,9,1119,1,1119,1119,1119,8,1,8,8,8
40,40,299,1,299,299,299,915,1,915,915,915,9,1,9,9,9,1197,1,1197,1197,1197,9,1,9,9,9
40,40,328,1,328,328,328,915,1,915,915,915,8,1,8,8,8,1133,1,1133,1133,1133,8,1,8,8,8
40,40,310,1,310,310,310,926,1,926,926,926,9,1,9,9,9,1245,1,1245,1245,1245,9,1,9,9,9
40,40,327,1,327,327,327,912,1,912,912,912,8,1,8,8,8,1078,1,1078,1078,1078,8,1,8,8,8
40,40,300,1,300,300,300,917,1,917,917,917,9,1,9,9,9,1133,1,1133,1133,1133,9,1,9,9,9
40,40,309,1,309,309,309,895,1,895,895,895,8,1,8,8,8,1086,1,1086,1086,1086,8,1,8,8,8
40,40,316,1,316,316,316,931,1,931,931,931,9,1,9,9,9,1194,1,1194,1194,1194,9,1,9,9,9
40,40,301,1,301,301,301,918,1,918,918,918,8,1,8,8,8,1156,1,1156,1156,1156,8,1,8,8,8
40,40,310,1,310,310,310,893,1,893,893,893,8,1,8,8,8,1106,1,1106,1106,1106,8,1,8,8,8
40,40,322,1,322,322,322,923,1,923,923,923,9,1,9,9,9,1168,1,1168,1168,1168,9,1,9,9,9
40,40,308,1,308,308,308,914,1,914,914,914,9,1,9,9,9,1258,1,1258,1258,1258,8,1,8,8,8
40,40,290,1,290,290,290,907,1,907,907,907,8,1,8,8,8,1108,1,1108,1108,1108,7,1,7,7,7
40,40,339,1,339,339,339,925,1,925,925,925,9,1,9,9,9,1294,1,1294,1294,1294,9,1,9,9,9
40,40,302,1,302,302,302,904,1,904,904,904,9,1,9,9,9,1149,1,1149,1149,1149,9,1,9,9,9
40,40,303,1,303,303,303,912,1,912,912,912,8,1,8,8,8,1135,1,1135,1135,1135,7,1,7,7,7
40,40,321,1,321,321,321,906,1,906,906,906,8,1,8,8,8,1296,1,1296,1296,1296,8,1,8,8,8
40,40,317,1,317,317,317,919,1,919,919,919,9,1,9,9,9,1185,1,1185,1185,1185,9,1,9,9,9
40,40,305,1,305,305,305,908,1,908,908,908,8,1,8,8,8,1067,1,1067,1067,1067,8,1,8,8,8
40,40,290,1,290,290,290,909,1,909,909,909,8,1,8,8,8,1107,1,1107,1107,1107,8,1,8,8,8
40,40,313,1,313,313,313,919,1,919,919,919,9,1,9,9,9,1187,1,1187,1187,1187,9,1,9,9,9
40,40,320,1,320,320,320,902,1,902,902,902,8,1,8,8,8,1109,1,1109,1109,1109,8,1,8,8,8
40,40,297,1,297,297,297,903,1,903,903,903,8,1,8,8,8,1080,1,1080,1080,1080,8,1,8,8,8
40,40,319,1,319,319,319,913,1,913,913,913,9,1,9,9,9,1183,1,1183,1183,1183,9,1,9,9,9
40,40,313,1,313,313,313,916,1,916,916,916,9,1,9,9,9,1178,1,1178,1178,1178,9,1,9,9,9
40,40,313,1,313,313,313,923,1,923,923,923,9,1,9,9,9,1181,1,1181,1181,1181,9,1,9,9,9
40,40,326,1,326,326,326,921,1,921,921,921,9,1,9,9,9,1208,1,1208,1208,1208,9,1,9,9,9
40,40,316,1,316,316,316,916,1,916,916,916,9,1,9,9,9,1179,1,1179,1179,1179,9,1,9,9,9
40,40,331,1,331,331,331,930,1,930,930,930,9,1,9,9,9,1167,1,1167,1167,1167,9,1,9,9,9
40,40,304,1,304,304,304,906,1,906,906,906,9,1,9,9,9,1130,1,1130,1130,1130,9,1,9,9,9
40,40,332,1,332,332,332,914,1,914,914,914,8,1,8,8,8,1102,1,1102,1102,1102,8,1,8,8,8
40,40,321,1,321,321,321,926,1,926,926,926,9,1,9,9,9,1244,1,1244,1244,1244,9,1,9,9,9
40,40,298,1,298,298,298,912,1,912,912,912,8,1,8,8,8,1109,1,1109,1109,1109,8,1,8,8,8
40,40,288,1,288,288,288,905,1,905,905,905,9,1,9,9,9,1182,1,1182,1182,1182,9,1,9,9,9
40,40,292,1,292,292,292,909,1,909,909,909,8,1,8,8,8,1154,1,1154,1154,1154,8,1,8,8,8
40,40,293,1,293,293,293,906,1,906,906,906,9,1,9,9,9,1148,1,1148,1148,1148,9,1,9,9,9
40,40,312,1,312,312,312,913,1,913,913,913,9,1,9,9,9,1182,1,1182,1182,1182,9,1,9,9,9
40,40,340,1,340,340,340,913,1,913,913,913,8,1,8,8,8,1120,1,1120,1120,1120,8,1,8,8,8
40,40,338,1,338,338,338,923,1,923,923,923,9,1,9,9,9,1150,1,1150,1150,1150,9,1,9,9,9
40,40,312,1,312,312,312,918,1,918,918,918,10,1,10,10,10,1255,1,1255,1255,1255,10,1,10,10,10
40,40,313,1,313,313,313,941,1,941,941,941,11,1,11,11,11,1381,1,1381,1381,1381,11,1,11,11,11
40,40,331,1,331,331,331,929,1,929,929,929,9,1,9,9,9,1288,1,1288,1288,1288,9,1,9,9,9
40,40,307,1,307,307,307,915,1,915,915,915,8,1,8,8,8,1145,1,1145,1145,1145,9,1,9,9,9
40,40,308,1,308,308,308,899,1,899,899,899,8,1,8,8,8,1071,1,1071,1071,1071,8,1,8,8,8
40,40,287,1,287,287,287,902,1,902,902,902,8,1,8,8,8,1126,1,1126,1126,1126,8,1,8,8,8
40,40,292,1,292,292,292,901,1,901,901,901,8,1,8,8,8,1091,1,1091,1091,1091,8,1,8,8,8
40,40,327,1,327,327,327,932,1,932,932,932,9,1,9,9,9,1176,1,1176,1176,1176,9,1,9,9,9
40,40,297,1,297,297,297,903,1,903,903,903,8,1,8,8,8,1143,1,1143,1143,1143,7,1,7,7,7
40,40,330,1,330,330,330,927,1,927,927,927,9,1,9,9,9,1107,1,1107,1107,1107,9,1,9,9,9
40,40,308,1,308,308,308,909,1,909,909,909,8,1,8,8,8,1086,1,1086,1086,1086,8,1,8,8,8
40,40,309,1,309,309,309,916,1,916,916,916,9,1,9,9,9,1131,1,1131,1131,1131,9,1,9,9,9
40,40,313,1,313,313,313,913,1,913,913,913,9,1,9,9,9,1167,1,1167,1167,1167,9,1,9,9,9
40,40,313,1,313,313,313,927,1,927,927,927,9,1,9,9,9,1186,1,1186,1186,1186,9,1,9,9,9
40,40,298,1,298,298,298,910,1,910,910,910,8,1,8,8,8,1098,1,1098,1098,1098,8,1,8,8,8
40,40,288,1,288,288,288,923,1,923,923,923,8,1,8,8,8,1186,1,1186,1186,1186,8,1,8,8,8
40,40,313,1,313,313,313,921,1,921,921,921,8,1,8,8,8,1153,1,1153,1153,1153,8,1,8,8,8
40,40,288,1,288,288,288,901,1,901,901,901,8,1,8,8,8,1113,1,1113,1113,1113,8,1,8,8,8
40,40,331,1,331,331,331,922,1,922,922,922,9,1,9,9,9,1187,1,1187,1187,1187,9,1,9,9,9
40,40,298,1,298,298,298,908,1,908,908,908,8,1,8,8,8,1086,1,1086,1086,1086,8,1,8,8,8
40,40,298,1,298,298,298,918,1,918,918,918,9,1,9,9,9,1174,1,1174,1174,1174,9,1,9,9,9
40,40,291,1,291,291,291,890,1,890,890,890,8,1,8,8,8,1117,1,1117,1117,1117,7,1,7,7,7
40,40,324,1,324,324,324,908,1,908,908,908,9,1,9,9,9,1144,1,1144,1144,1144,9,1,9,9,9
40,40,278,1,278,278,278,896,1,896,896,896,8,1,8,8,8,1087,1,1087,1087,1087,8,1,8,8,8
40,40,302,1,302,302,302,904,1,904,904,904,8,1,8,8,8,1080,1,1080,1080,1080,8,1,8,8,8
40,40,317,1,317,317,317,914,1,914,914,914,9,1,9,9,9,1165,1,1165,1165,1165,8,1,8,8,8
40,40,328,1,328,328,328,922,1,922,922,922,9,1,9,9,9,1132,1,1132,1132,1132,9,1,9,9,9
40,40,317,1,317,317,317,906,1,906,906,906,9,1,9,9,9,1172,1,1172,1172,1172,9,1,9,9,9
40,40,299,1,299,299,299,913,1,913,913,913,9,1,9,9,9,1159,1,1159,1159,1159,8,1,8,8,8
40,40,319,1,319,319,319,901,1,901,901,901,8,1,8,8,8,1115,1,1115,1115,1115,8,1,8,8,8
40,40,310,1,310,310,310,908,1,908,908,908,8,1,8,8,8,1100,1,1100,1100,1100,8,1,8,8,8
40,40,339,1,339,339,339,925,1,925,925,925,9,1,9,9,9,1306,1,1306,1306,1306,10,1,10,10,10
40,40,323,1,323,323,323,916,1,916,916,916,9,1,9,9,9,1157,1,1157,1157,1157,9,1,9,9,9
40,40,303,1,303,303,303,901,1,901,901,901,8,1,8,8,8,1097,1,1097,1097,1097,8,1,8,8,8
40,40,301,1,301,301,301,901,1,901,901,901,8,1,8,8,8,1109,1,1109,1109,1109,8,1,8,8,8
40,40,308,1,308,308,308,908,1,908,908,908,8,1,8,8,8,1076,1,1076,1076,1076,8,1,8,8,8
40,40,308,1,308,308,308,929,1,929,929,929,9,1,9,9,9,1207,1,1207,1207,1207,9,1,9,9,9
40,40,339,1,339,339,339,912,1,912,912,912,8,1,8,8,8,1091,1,1091,1091,1091,8,1,8,8,8
40,40,308,1,308,308,308,895,1,895,895,895,8,1,8,8,8,1222,1,1222,1222,1222,9,1,9,9,9
40,40,316,1,316,316,316,907,1,907,907,907,8,1,8,8,8,1270,1,1270,1270,1270,8,1,8,8,8
40,40,314,1,314,314,314,915,1,915,915,915,9,1,9,9,9,1210,1,1210,1210,1210,9,1,9,9,9
40,40,342,1,342,342,342,946,1,946,946,946,10,1,10,10,10,1295,1,1295,1295,1295,10,1,10,10,10
40,40,316,1,316,316,316,932,1,932,932,932,9,1,9,9,9,1148,1,1148,1148,1148,9,1,9,9,9
40,40,313,1,313,313,313,903,1,903,903,903,8,1,8,8,8,1111,1,1111,1111,1111,8,1,8,8,8
40,40,281,1,281,281,281,890,1,890,890,890,8,1,8,8,8,1095,1,1095,1095,1095,8,1,8,8,8
40,40,329,1,329,329,329,918,1,918,918,918,9,1,9,9,9,1162,1,1162,1162,1162,9,1,9,9,9
40,40,307,1,307,307,307,909,1,909,909,909,9,1,9,9,9,1216,1,1216,1216,1216,9,1,9,9,9
40,40,310,1,310,310,310,916,1,916,916,916,8,1,8,8,8,1111,1,1111,1111,1111,8,1,8,8,8
40,40,323,1,323,323,323,915,1,915,915,915,9,1,9,9,9,1152,1,1152,1152,1152,9,1,9,9,9
40,40,317,1,317,317,317,910,1,910,910,910,9,1,9,9,9,1160,1,1160,1160,1160,9,1,9,9,9
40,40,308,1,308,308,308,925,1,925,925,925,8,1,8,8,8,1250,1,1250,1250,1250,9,1,9,9,9
40,40,307,1,307,307,307,909,1,909,909,909,9,1,9,9,9,1169,1,1169,1169,1169,9,1,9,9,9
40,40,313,1,313,313,313,926,1,926,926,926,10,1,10,10,10,1219,1,1219,1219,1219,9,1,9,9,9
40,40,314,1,314,314,314,907,1,907,907,907,9,1,9,9,9,1160,1,1160,1160,1160,8,1,8,8,8
40,40,312,1,312,312,312,905,1,905,905,905,9,1,9,9,9,1125,1,1125,1125,1125,8,1,8,8,8
40,40,307,1,307,307,307,912,1,912,912,912,9,1,9,9,9,1188,1,1188,1188,1188,9,1,9,9,9
40,40,325,1,325,325,325,933,1,933,933,933,10,1,10,10,10,1225,1,1225,1225,1225,9,1,9,9,9
40,40,323,1,323,323,323,924,1,924,924,924,9,1,9,9,9,1154,1,1154,1154,1154,9,1,9,9,9
40,40,334,1,334,334,334,925,1,925,925,925,9,1,9,9,9,1157,1,1157,1157,1157,9,1,9,9,9
40,40,314,1,314,314,314,921,1,921,921,921,9,1,9,9,9,1156,1,1156,1156,1156,9,1,9,9,9
40,40,319,1,319,319,319,906,1,906,906,906,8,1,8,8,8,1082,1,1082,1082,1082,8,1,8,8,8
40,40,327,1,327,327,327,905,1,905,905,905,9,1,9,9,9,1113,1,1113,1113,1113,9,1,9,9,9
40,40,313,1,313,313,313,918,1,918,918,918,8,1,8,8,8,1121,1,1121,1121,1121,8,1,8,8,8
40,40,326,1,326,326,326,915,1,915,915,915,9,1,9,9,9,1285,1,1285,1285,1285,10,1,10,10,10
40,40,309,1,309,309,309,917,1,917,917,917,9,1,9,9,9,1181,1,1181,1181,1181,9,1,9,9,9
40,40,325,1,325,325,325,921,1,921,921,921,9,1,9,9,9,1198,1,1198,1198,1198,9,1,9,9,9
40,40,299,1,299,299,299,916,1,916,916,916,9,1,9,9,9,1187,1,1187,1187,1187,9,1,9,9,9
40,40,319,1,319,319,319,915,1,915,915,915,9,1,9,9,9,1184,1,1184,1184,1184,9,1,9,9,9
40,40,292,1,292,292,292,906,1,906,906,906,8,1,8,8,8,1077,1,1077,1077,1077,8,1,8,8,8
40,40,331,1,331,331,331,931,1,931,931,931,9,1,9,9,9,1228,1,1228,1228,1228,9,1,9,9,9
40,40,327,1,327,327,327,927,1,927,927,927,9,1,9,9,9,1159,1,1159,1159,1159,9,1,9,9,9
40,40,298,1,298,298,298,887,1,887,887,887,8,1,8,8,8,1039,1,1039,1039,1039,8,1,8,8,8
40,40,299,1,299,299,299,897,1,897,897,897,7,1,7,7,7,1021,1,1021,1021,1021,7,1,7,7,7
40,40,327,1,327,327,327,900,1,900,900,900,9,1,9,9,9,1180,1,1180,1180,1180,9,1,9,9,9
40,40,340,1,340,340,340,927,1,927,927,927,10,1,10,10,10,1289,1,1289,1289,1289,10,1,10,10,10
40,40,304,1,304,304,304,911,1,911,911,911,8,1,8,8,8,1064,1,1064,1064,1064,8,1,8,8,8
40,40,312,1,312,312,312,924,1,924,924,924,9,1,9,9,9,1199,1,1199,1199,1199,9,1,9,9,9
40,40,307,1,307,307,307,916,1,916,916,916,8,1,8,8,8,1077,1,1077,1077,1077,8,1,8,8,8
40,40,305,1,305,305,305,908,1,908,908,908,9,1,9,9,9,1155,1,1155,1155,1155,9,1,9,9,9
40,40,308,1,308,308,308,914,1,914,914,914,8,1,8,8,8,1105,1,1105,1105,1105,8,1,8,8,8
40,40,301,1,301,301,301,889,1,889,889,889,8,1,8,8,8,1152,1,1152,1152,1152,7,1,7,7,7
40,40,318,1,318,318,318,908,1,908,908,908,8,1,8,8,8,1096,1,1096,1096,1096,8,1,8,8,8
40,40,305,1,305,305,305,905,1,905,905,905,9,1,9,9,9,1145,1,1145,1145,1145,9,1,9,9,9
40,40,306,1,306,306,306,913,1,913,913,913,8,1,8,8,8,1092,1,1092,1092,1092,8,1,8,8,8
40,40,296,1,296,296,296,915,1,915,915,915,8,1,8,8,8,1096,1,1096,1096,1096,8,1,8,8,8
40,40,312,1,312,312,312,926,1,926,926,926,9,1,9,9,9,1178,1,1178,1178,1178,9,1,9,9,9
40,40,306,1,306,306,306,917,1,917,917,917,9,1,9,9,9,1179,1,1179,1179,1179,9,1,9,9,9
40,40,325,1,325,325,325,912,1,912,912,912,9,1,9,9,9,1140,1,1140,1140,1140,9,1,9,9,9
40,40,306,1,306,306,306,904,1,904,904,904,8,1,8,8,8,1077,1,1077,1077,1077,7,1,7,7,7
40,40,293,1,293,293,293,910,1,910,910,910,9,1,9,9,9,1117,1,1117,1117,1117,9,1,9,9,9
40,40,323,1,323,323,323,916,1,916,916,916,9,1,9,9,9,1142,1,1142,1142,1142,8,1,8,8,8
40,40,318,1,318,318,318,904,1,904,904,904,8,1,8,8,8,1103,1,1103,1103,1103,8,1,8,8,8
40,40,277,1,277,277,277,898,1,898,898,898,8,1,8,8,8,1094,1,1094,1094,1094,8,1,8,8,8
40,40,293,1,293,293,293,907,1,907,907,907,9,1,9,9,9,1237,1,1237,1237,1237,9,1,9,9,9
40,40,337,1,337,337,337,932,1,932,932,932,9,1,9,9,9,1195,1,1195,1195,1195,9,1,9,9,9
40,40,298,1,298,298,298,921,1,921,921,921,9,1,9,9,9,1206,1,1206,1206,1206,9,1,9,9,9
40,40,336,1,336,336,336,918,1,918,918,918,9,1,9,9,9,1216,1,1216,1216,1216,9,1,9,9,9
40,40,302,1,302,302,302,917,1,917,917,917,9,1,9,9,9,1214,1,1214,1214,1214,8,1,8,8,8
40,40,313,1,313,313,313,908,1,908,908,908,8,1,8,8,8,1129,1,1129,1129,1129,8,1,8,8,8
40,40,322,1,322,322,322,918,1,918,918,918,9,1,9,9,9,1178,1,1178,1178,1178,9,1,9,9,9
40,40,317,1,317,317,317,907,1,907,907,907,9,1,9,9,9,1196,1,1196,1196,1196,9,1,9,9,9
40,40,324,1,324,324,324,917,1,917,917,917,9,1,9,9,9,1176,1,1176,1176,1176,8,1,8,8,8
40,40,322,1,322,322,322,899,1,899,899,899,8,1,8,8,8,1126,1,1126,1126,1126,8,1,8,8,8
40,40,316,1,316,316,316,913,1,913,913,913,9,1,9,9,9,1159,1,1159,1159,1159,9,1,9,9,9
40,40,307,1,307,307,307,901,1,901,901,901,8,1,8,8,8,1090,1,1090,1090,1090,8,1,8,8,8
40,40,301,1,301,301,301,900,1,900,900,900,8,1,8,8,8,1138,1,1138,1138,1138,8,1,8,8,8
40,40,320,1,320,320,320,919,1,919,919,919,8,1,8,8,8,1092,1,1092,1092,1092,8,1,8,8,8
40,40,298,1,298,298,298,909,1,909,909,909,8,1,8,8,8,1148,1,1148,1148,1148,8,1,8,8,8
40,40,299,1,299,299,299,899,1,899,899,899,8,1,8,8,8,1081,1,1081,1081,1081,8,1,8,8,8
40,40,326,1,326,326,326,914,1,914,914,914,9,1,9,9,9,1270,1,1270,1270,1270,9,1,9,9,9
40,40,293,1,293,293,293,910,1,910,910,910,8,1,8,8,8,1114,1,1114,1114,1114,8,1,8,8,8
40,40,323,1,323,323,323,911,1,911,911,911,9,1,9,9,9,1231,1,1231,1231,1231,9,1,9,9,9
40,40,306,1,306,306,306,914,1,914,914,914,8,1,8,8,8,1108,1,1108,1108,1108,8,1,8,8,8
40,40,332,1,332,332,332,921,1,921,921,921,9,1,9,9,9,1135,1,1135,1135,1135,9,1,9,9,9
40,40,331,1,331,331,331,918,1,918,918,918,9,1,9,9,9,1120,1,1120,1120,1120,9,1,9,9,9
40,40,305,1,305,305,305,906,1,906,906,906,8,1,8,8,8,1104,1,1104,1104,1104,8,1,8,8,8
40,40,351,1,351,351,351,924,1,924,924,924,9,1,9,9,9,1174,1,1174,1174,1174,9,1,9,9,9
40,40,312,1,312,312,312,905,1,905,905,905,9,1,9,9,9,1146,1,1146,1146,1146,9,1,9,9,9
40,40,336,1,336,336,336,927,1,927,927,927,9,1,9,9,9,1160,1,1160,1160,1160,9,1,9,9,9
40,40,318,1,318,318,318,906,1,906,906,906,8,1,8,8,8,1104,1,1104,1104,1104,8,1,8,8,8
40,40,314,1,314,314,314,912,1,912,912,912,9,1,9,9,9,1209,1,1209,1209,1209,9,1,9,9,9
40,40,333,1,333,333,333,937,1,937,937,937,10,1,10,10,10,1215,1,1215,1215,1215,10,1,10,10,10
40,40,324,1,324,324,324,920,1,920,920,920,9,1,9,9,9,1161,1,1161,1161,1161,9,1,9,9,9
40,40,315,1,315,315,315,917,1,917,917,917,9,1,9,9,9,1181,1,1181,1181,1181,9,1,9,9,9
40,40,320,1,320,320,320,914,1,914,914,914,8,1,8,8,8,1114,1,1114,1114,1114,8,1,8,8,8
40,40,316,1,316,316,316,934,1,934,934,934,9,1,9,9,9,1184,1,1184,1184,1184,9,1,9,9,9
40,40,310,1,310,310,310,896,1,896,896,896,8,1,8,8,8,1064,1,1064,1064,1064,8,1,8,8,8
40,40,319,1,319,319,319,923,1,923,923,923,9,1,9,9,9,1197,1,1197,1197,1197,9,1,9,9,9
40,40,331,1,331,331,331,920,1,920,920,920,10,1,10,10,10,1271,1,1271,1271,1271,10,1,10,10,10
40,40,307,1,307,307,307,921,1,921,921,921,9,1,9,9,9,1255,1,1255,1255,1255,9,1,9,9,9
40,40,317,1,317,317,317,918,1,918,918,918,9,1,9,9,9,1225,1,1225,1225,1225,9,1,9,9,9
40,40,311,1,311,311,311,916,1,916,916,916,9,1,9,9,9,1162,1,1162,1162,1162,9,1,9,9,9
40,40,301,1,301,301,301,908,1,908,908,908,8,1,8,8,8,1086,1,1086,1086,1086,8,1,8,8,8
40,40,306,1,306,306,306,929,1,929,929,929,9,1,9,9,9,1067,1,1067,1067,1067,7,1,7,7,7
40,40,324,1,324,324,324,908,1,908,908,908,9,1,9,9,9,1157,1,1157,1157,1157,9,1,9,9,9
40,40,319,1,319,319,319,920,1,920,920,920,9,1,9,9,9,1166,1,1166,1166,1166,9,1,9,9,9
40,40,310,1,310,310,310,905,1,905,905,905,9,1,9,9,9,1145,1,1145,1145,1145,9,1,9,9,9
40,40,285,1,285,285,285,900,1,900,900,900,7,1,7,7,7,1047,1,1047,1047,1047,7,1,7,7,7
40,40,303,1,303,303,303,911,1,911,911,911,9,1,9,9,9,1193,1,1193,1193,1193,9,1,9,9,9
40,40,323,1,323,323,323,921,1,921,921,921,9,1,9,9,9,1216,1,1216,1216,1216,9,1,9,9,9
40,40,333,1,333,333,333,921,1,921,921,921,9,1,9,9,9,1192,1,1192,1192,1192,9,1,9,9,9
40,40,315,1,315,315,315,905,1,905,905,905,9,1,9,9,9,1168,1,1168,1168,1168,9,1,9,9,9
40,40,304,1,304,304,304,923,1,923,923,923,9,1,9,9,9,1204,1,1204,1204,1204,9,1,9,9,9
40,40,264,1,264,264,264,889,1,889,889,889,7,1,7,7,7,1011,1,1011,1011,1011,7,1,7,7,7
40,40,319,1,319,319,319,930,1,930,930,930,9,1,9,9,9,1143,1,1143,1143,1143,9,1,9,9,9
40,40,304,1,304,304,304,908,1,908,908,908,8,1,8,8,8,1089,1,1089,1089,1089,8,1,8,8,8
40,40,315,1,315,315,315,902,1,902,902,902,9,1,9,9,9,1207,1,1207,1207,1207,9,1,9,9,9
40,40,321,1,321,321,321,890,1,890,890,890,7,1,7,7,7,990,1,990,990,990,7,1,7,7,7
40,40,308,1,308,308,308,909,1,909,909,909,8,1,8,8,8,1229,1,1229,1229,1229,9,1,9,9,9
40,40,320,1,320,320,320,912,1,912,912,912,8,1,8,8,8,1117,1,1117,1117,1117,8,1,8,8,8
40,40,297,1,297,297,297,919,1,919,919,919,9,1,9,9,9,1187,1,1187,1187,1187,9,1,9,9,9
40,40,310,1,310,310,310,916,1,916,916,916,8,1,8,8,8,1094,1,1094,1094,1094,8,1,8,8,8
40,40,318,1,318,318,318,920,1,920,920,920,9,1,9,9,9,1168,1,1168,1168,1168,9,1,9,9,9
40,40,292,1,292,292,292,915,1,915,915,915,8,1,8,8,8,1144,1,1144,1144,1144,8,1,8,8,8
40,40,318,1,318,318,318,922,1,922,922,922,9,1,9,9,9,1086,1,1086,1086,1086,8,1,8,8,8
40,40,306,1,306,306,306,915,1,915,915,915,8,1,8,8,8,1106,1,1106,1106,1106,8,1,8,8,8
40,40,322,1,322,322,322,920,1,920,920,920,9,1,9,9,9,1168,1,1168,1168,1168,9,1,9,9,9
40,40,312,1,312,312,312,923,1,923,923,923,9,1,9,9,9,1169,1,1169,1169,1169,9,1,9,9,9
40,40,311,1,311,311,311,891,1,891,891,891,8,1,8,8,8,1118,1,1118,1118,1118,8,1,8,8,8
40,40,326,1,326,326,326,904,1,904,904,904,8,1,8,8,8,1200,1,1200,1200,1200,9,1,9,9,9
40,40,290,1,290,290,290,890,1,890,890,890,8,1,8,8,8,1129,1,1129,1129,1129,8,1,8,8,8
40,40,305,1,305,305,305,902,1,902,902,902,8,1,8,8,8,1052,1,1052,1052,1052,8,1,8,8,8
40,40,320,1,320,320,320,918,1,918,918,918,9,1,9,9,9,1151,1,1151,1151,1151,9,1,9,9,9
40,40,342,1,342,342,342,928,1,928,928,928,10,1,10,10,10,1247,1,1247,1247,1247,10,1,10,10,10
40,40,293,1,293,293,293,892,1,892,892,892,8,1,8,8,8,1068,1,1068,1068,1068,8,1,8,8,8
40,40,325,1,325,325,325,909,1,909,909,909,8,1,8,8,8,1089,1,1089,1089,1089,8,1,8,8,8
40,40,311,1,311,311,311,930,1,930,930,930,10,1,10,10,10,1165,1,1165,1165,1165,8,1,8,8,8
40,40,309,1,309,309,309,901,1,901,901,901,8,1,8,8,8,1085,1,1085,1085,1085,8,1,8,8,8
40,40,300,1,300,300,300,920,1,920,920,920,9,1,9,9,9,1181,1,1181,1181,1181,9,1,9,9,9
40,40,335,1,335,335,335,921,1,921,921,921,9,1,9,9,9,1154,1,1154,1154,1154,9,1,9,9,9
40,40,302,1,302,302,302,899,1,899,899,899,8,1,8,8,8,1093,1,1093,1093,1093,8,1,8,8,8
40,40,303,1,303,303,303,906,1,906,906,906,8,1,8,8,8,1096,1,1096,1096,1096,8,1,8,8,8
40,40,335,1,335,335,335,927,1,927,927,927,10,1,10,10,10,1185,1,1185,1185,1185,9,1,9,9,9
40,40,331,1,331,331,331,931,1,931,931,931,9,1,9,9,9,1165,1,1165,1165,1165,9,1,9,9,9
40,40,302,1,302,302,302,913,1,913,913,913,8,1,8,8,8,1141,1,1141,1141,1141,8,1,8,8,8
40,40,324,1,324,324,324,915,1,915,915,915,9,1,9,9,9,1168,1,1168,1168,1168,9,1,9,9,9
40,40,304,1,304,304,304,910,1,910,910,910,8,1,8,8,8,1123,1,1123,1123,1123,8,1,8,8,8
40,40,330,1,330,330,330,918,1,918,918,918,9,1,9,9,9,1166,1,1166,1166,1166,9,1,9,9,9
40,40,310,1,310,310,310,906,1,906,906,906,8,1,8,8,8,1092,1,1092,1092,1092,8,1,8,8,8
40,40,308,1,308,308,308,913,1,913,913,913,8,1,8,8,8,1080,1,1080,1080,1080,8,1,8,8,8
40,40,308,1,308,308,308,910,1,910,910,910,8,1,8,8,8,1078,1,1078,1078,1078,7,1,7,7,7
40,40,319,1,319,319,319,915,1,915,915,915,8,1,8,8,8,1103,1,1103,1103,1103,8,1,8,8,8
40,40,311,1,311,311,311,901,1,901,901,901,8,1,8,8,8,1101,1,1101,1101,1101,8,1,8,8,8
40,40,308,1,308,308,308,894,1,894,894,894,7,1,7,7,7,1086,1,1086,1086,1086,7,1,7,7,7
40,40,311,1,311,311,311,912,1,912,912,912,9,1,9,9,9,1154,1,1154,1154,1154,9,1,9,9,9
40,40,295,1,295,295,295,897,1,897,897,897,8,1,8,8,8,1100,1,1100,1100,1100,8,1,8,8,8
40,40,303,1,303,303,303,909,1,909,909,909,8,1,8,8,8,1255,1,1255,1255,1255,9,1,9,9,9
40,40,310,1,310,310,310,890,1,890,890,890,9,1,9,9,9,1183,1,1183,1183,1183,9,1,9,9,9
40,40,307,1,307,307,307,906,1,906,906,906,8,1,8,8,8,1084,1,1084,1084,1084,8,1,8,8,8
40,40,321,1,321,321,321,911,1,911,911,911,8,1,8,8,8,1076,1,1076,1076,1076,8,1,8,8,8
40,40,285,1,285,285,285,888,1,888,888,888,7,1,7,7,7,1025,1,1025,1025,1025,7,1,7,7,7
40,40,303,1,303,303,303,919,1,919,919,919,9,1,9,9,9,1162,1,1162,1162,1162,9,1,9,9,9
40,40,317,1,317,317,317,918,1,918,918,918,9,1,9,9,9,1200,1,1200,1200,1200,9,1,9,9,9
40,40,311,1,311,311,311,928,1,928,928,928,9,1,9,9,9,1192,1,1192,1192,1192,8,1,8,8,8
40,40,308,1,308,308,308,890,1,890,890,890,7,1,7,7,7,1233,1,1233,1233,1233,9,1,9,9,9
40,40,303,1,303,303,303,896,1,896,896,896,8,1,8,8,8,1045,1,1045,1045,1045,8,1,8,8,8
40,40,309,1,309,309,309,923,1,923,923,923,9,1,9,9,9,1211,1,1211,1211,1211,9,1,9,9,9
40,40,304,1,304,304,304,920,1,920,920,920,8,1,8,8,8,1099,1,1099,1099,1099,8,1,8,8,8
40,40,336,1,336,336,336,911,1,911,911,911,9,1,9,9,9,1118,1,1118,1118,1118,9,1,9,9,9
40,40,277,1,277,277,277,899,1,899,899,899,8,1,8,8,8,1117,1,1117,1117,1117,8,1,8,8,8
40,40,325,1,325,325,325,923,1,923,923,923,9,1,9,9,9,1190,1,1190,1190,1190,9,1,9,9,9
40,40,319,1,319,319,319,913,1,913,913,913,8,1,8,8,8,1136,1,1136,1136,1136,8,1,8,8,8
40,40,316,1,316,316,316,916,1,916,916,916,9,1,9,9,9,1169,1,1169,1169,1169,9,1,9,9,9
40,40,323,1,323,323,323,910,1,910,910,910,9,1,9,9,9,1168,1,1168,1168,1168,9,1,9,9,9
40,40,338,1,338,338,338,908,1,908,908,908,9,1,9,9,9,1188,1,1188,1188,1188,9,1,9,9,9
40,40,325,1,325,325,325,927,1,927,927,927,9,1,9,9,9,1188,1,1188,1188,1188,9,1,9,9,9
40,40,320,1,320,320,320,901,1,901,901,901,8,1,8,8,8,1056,1,1056,1056,1056,8,1,8,8,8
40,40,299,1,299,299,299,899,1,899,899,899,8,1,8,8,8,1161,1,1161,1161,1161,8,1,8,8,8
40,40,314,1,314,314,314,912,1,912,912,912,8,1,8,8,8,1099,1,1099,1099,1099,8,1,8,8,8
40,40,312,1,312,312,312,920,1,920,920,920,9,1,9,9,9,1176,1,1176,1176,1176,9,1,9,9,9
40,40,291,1,291,291,291,908,1,908,908,908,8,1,8,8,8,1118,1,1118,1118,1118,8,1,8,8,8
40,40,312,1,312,312,312,921,1,921,921,921,9,1,9,9,9,1155,1,1155,1155,1155,9,1,9,9,9
40,40,313,1,313,313,313,906,1,906,906,906,9,1,9,9,9,1160,1,1160,1160,1160,9,1,9,9,9
40,40,310,1,310,310,310,896,1,896,896,896,8,1,8,8,8,1086,1,1086,1086,1086,8,1,8,8,8
40,40,317,1,317,317,317,922,1,922,922,922,10,1,10,10,10,1244,1,1244,1244,1244,10,1,10,10,10
40,40,326,1,326,326,326,924,1,924,924,924,9,1,9,9,9,1184,1,1184,1184,1184,9,1,9,9,9
40,40,302,1,302,302,302,897,1,897,897,897,8,1,8,8,8,1087,1,1087,1087,1087,8,1,8,8,8
40,40,308,1,308,308,308,899,1,899,899,899,7,1,7,7,7,1151,1,1151,1151,1151,8,1,8,8,8
40,40,308,1,308,308,308,906,1,906,906,906,8,1,8,8,8,1106,1,1106,1106,1106,8,1,8,8,8
40,40,292,1,292,292,292,907,1,907,907,907,8,1,8,8,8,1124,1,1124,1124,1124,8,1,8,8,8
40,40,320,1,320,320,320,905,1,905,905,905,8,1,8,8,8,1058,1,1058,1058,1058,8,1,8,8,8
40,40,306,1,306,306,306,893,1,893,893,893,8,1,8,8,8,1084,1,1084,1084,1084,8,1,8,8,8
40,40,308,1,308,308,308,911,1,911,911,911,9,1,9,9,9,1191,1,1191,1191,1191,9,1,9,9,9
40,40,312,1,312,312,312,911,1,911,911,911,8,1,8,8,8,1201,1,1201,1201,1201,8,1,8,8,8
40,40,324,1,324,324,324,920,1,920,920,920,9,1,9,9,9,1128,1,1128,1128,1128,9,1,9,9,9
40,40,308,1,308,308,308,913,1,913,913,913,8,1,8,8,8,1139,1,1139,1139,1139,8,1,8,8,8
40,40,323,1,323,323,323,912,1,912,912,912,9,1,9,9,9,1204,1,1204,1204,1204,9,1,9,9,9
40,40,324,1,324,324,324,900,1,900,900,900,8,1,8,8,8,1255,1,1255,1255,1255,9,1,9,9,9
40,40,289,1,289,289,289,896,1,896,896,896,8,1,8,8,8,1134,1,1134,1134,1134,8,1,8,8,8
40,40,304,1,304,304,304,907,1,907,907,907,9,1,9,9,9,1217,1,1217,1217,1217,9,1,9,9,9
40,40,298,1,298,298,298,920,1,920,920,920,9,1,9,9,9,1180,1,1180,1180,1180,9,1,9,9,9
40,40,327,1,327,327,327,910,1,910,910,910,8,1,8,8,8,1129,1,1129,1129,1129,8,1,8,8,8
40,40,336,1,336,336,336,920,1,920,920,920,10,1,10,10,10,1232,1,1232,1232,1232,10,1,10,10,10
40,40,306,1,306,306,306,898,1,898,898,898,8,1,8,8,8,1084,1,1084,1084,1084,8,1,8,8,8
40,40,305,1,305,305,305,909,1,909,909,909,8,1,8,8,8,1125,1,1125,1125,1125,8,1,8,8,8
40,40,295,1,295,295,295,917,1,917,917,917,9,1,9,9,9,1186,1,1186,1186,1186,9,1,9,9,9
40,40,321,1,321,321,321,906,1,906,906,906,8,1,8,8,8,1089,1,1089,1089,1089,8,1,8,8,8
40,40,290,1,290,290,290,913,1,913,913,913,9,1,9,9,9,1196,1,1196,1196,1196,9,1,9,9,9
40,40,301,1,301,301,301,910,1,910,910,910,8,1,8,8,8,1192,1,1192,1192,1192,9,1,9,9,9
40,40,285,1,285,285,285,895,1,895,895,895,8,1,8,8,8,1082,1,1082,1082,1082,8,1,8,8,8
40,40,311,1,311,311,311,907,1,907,907,907,9,1,9,9,9,1175,1,1175,1175,1175,9,1,9,9,9
40,40,307,1,307,307,307,910,1,910,910,910,8,1,8,8,8,1089,1,1089,1089,1089,8,1,8,8,8
40,40,327,1,327,327,327,925,1,925,925,925,9,1,9,9,9,1198,1,1198,1198,1198,9,1,9,9,9
40,40,324,1,324,324,324,907,1,907,907,907,8,1,8,8,8,1094,1,1094,1094,1094,8,1,8,8,8
40,40,304,1,304,304,304,897,1,897,897,897,8,1,8,8,8,1095,1,1095,1095,1095,8,1,8,8,8
40,40,305,1,305,305,305,897,1,897,897,897,8,1,8,8,8,1169,1,1169,1169,1169,8,1,8,8,8
40,40,311,1,311,311,311,916,1,916,916,916,9,1,9,9,9,1174,1,1174,1174,1174,9,1,9,9,9
40,40,305,1,305,305,305,907,1,907,907,907,8,1,8,8,8,1068,1,1068,1068,1068,8,1,8,8,8
40,40,323,1,323,323,323,917,1,917,917,917,8,1,8,8,8,1096,1,1096,1096,1096,8,1,8,8,8
40,40,319,1,319,319,319,916,1,916,916,916,9,1,9,9,9,1183,1,1183,1183,1183,9,1,9,9,9
40,40,302,1,302,302,302,891,1,891,891,891,7,1,7,7,7,1029,1,1029,1029,1029,7,1,7,7,7
40,40,312,1,312,312,312,910,1,910,910,910,9,1,9,9,9,1171,1,1171,1171,1171,9,1,9,9,9
40,40,295,1,295,295,295,906,1,906,906,906,8,1,8,8,8,1103,1,1103,1103,1103,8,1,8,8,8
40,40,328,1,328,328,328,917,1,917,917,917,9,1,9,9,9,1132,1,1132,1132,1132,9,1,9,9,9
40,40,309,1,309,309,309,919,1,919,919,919,9,1,9,9,9,1162,1,1162,1162,1162,9,1,9,9,9
40,40,302,1,302,302,302,915,1,915,915,915,9,1,9,9,9,1189,1,1189,1189,1189,9,1,9,9,9
40,40,317,1,317,317,317,909,1,909,909,909,8,1,8,8,8,1125,1,1125,1125,1125,8,1,8,8,8
40,40,297,1,297,297,297,911,1,911,911,911,9,1,9,9,9,1179,1,1179,1179,1179,9,1,9,9,9
40,40,307,1,307,307,307,891,1,891,891,891,8,1,8,8,8,1139,1,1139,1139,1139,8,1,8,8,8
40,40,307,1,307,307,307,918,1,918,918,918,9,1,9,9,9,1187,1,1187,1187,1187,9,1,9,9,9
40,40,317,1,317,317,317,915,1,915,915,915,8,1,8,8,8,1086,1,1086,1086,1086,8,1,8,8,8
40,40,301,1,301,301,301,902,1,902,902,902,8,1,8,8,8,1123,1,1123,1123,1123,8,1,8,8,8
40,40,311,1,311,311,311,911,1,911,911,911,9,1,9,9,9,1112,1,1112,1112,1112,9,1,9,9,9
40,40,306,1,306,306,306,908,1,908,908,908,9,1,9,9,9,1163,1,1163,1163,1163,9,1,9,9,9
40,40,309,1,309,309,309,929,1,929,929,929,9,1,9,9,9,1187,1,1187,1187,1187,9,1,9,9,9
40,40,282,1,282,282,282,888,1,888,888,888,7,1,7,7,7,1069,1,1069,1069,1069,7,1,7,7,7
40,40,320,1,320,320,320,931,1,931,931,931,9,1,9,9,9,1150,1,1150,1150,1150,9,1,9,9,9
40,40,301,1,301,301,301,901,1,901,901,901,8,1,8,8,8,1102,1,1102,1102,1102,8,1,8,8,8
40,40,323,1,323,323,323,915,1,915,915,915,9,1,9,9,9,1264,1,1264,1264,1264,9,1,9,9,9
40,40,313,1,313,313,313,913,1,913,913,913,8,1,8,8,8,1079,1,1079,1079,1079,8,1,8,8,8
40,40,322,1,322,322,322,914,1,914,914,914,8,1,8,8,8,1262,1,1262,1262,1262,9,1,9,9,9
40,40,292,1,292,292,292,905,1,905,905,905,9,1,9,9,9,1154,1,1154,1154,1154,8,1,8,8,8
40,40,331,1,331,331,331,919,1,919,919,919,9,1,9,9,9,1174,1,1174,1174,1174,9,1,9,9,9
40,40,310,1,310,310,310,914,1,914,914,914,9,1,9,9,9,1166,1,1166,1166,1166,9,1,9,9,9
40,40,318,1,318,318,318,920,1,920,920,920,9,1,9,9,9,1108,1,1108,1108,1108,9,1,9,9,9
40,40,333,1,333,333,333,939,1,939,939,939,10,1,10,10,10,1226,1,1226,1226,1226,10,1,10,10,10
40,40,302,1,302,302,302,912,1,912,912,912,8,1,8,8,8,1091,1,1091,1091,1091,8,1,8,8,8
40,40,296,1,296,296,296,908,1,908,908,908,8,1,8,8,8,1091,1,1091,1091,1091,8,1,8,8,8
40,40,304,1,304,304,304,909,1,909,909,909,9,1,9,9,9,1166,1,1166,1166,1166,9,1,9,9,9
40,40,314,1,314,314,314,916,1,916,916,916,9,1,9,9,9,1226,1,1226,1226,1226,9,1,9,9,9
40,40,290,1,290,290,290,916,1,916,916,916,8,1,8,8,8,1169,1,1169,1169,1169,8,1,8,8,8
40,40,323,1,323,323,323,917,1,917,917,917,9,1,9,9,9,1256,1,1256,1256,1256,9,1,9,9,9
40,40,315,1,315,315,315,915,1,915,915,915,9,1,9,9,9,1158,1,1158,1158,1158,8,1,8,8,8
40,40,289,1,289,289,289,897,1,897,897,897,8,1,8,8,8,1080,1,1080,1080,1080,8,1,8,8,8
40,40,311,1,311,311,311,906,1,906,906,906,8,1,8,8,8,1121,1,1121,1121,1121,8,1,8,8,8
40,40,287,1,287,287,287,898,1,898,898,898,8,1,8,8,8,1162,1,1162,1162,1162,9,1,9,9,9
40,40,273,1,273,273,273,908,1,908,908,908,8,1,8,8,8,1132,1,1132,1132,1132,8,1,8,8,8
40,40,316,1,316,316,316,919,1,919,919,919,9,1,9,9,9,1199,1,1199,1199,1199,9,1,9,9,9
40,40,304,1,304,304,304,916,1,916,916,916,9,1,9,9,9,1254,1,1254,1254,1254,9,1,9,9,9
40,40,341,1,341,341,341,939,1,939,939,939,10,1,10,10,10,1265,1,1265,1265,1265,10,1,10,10,10
40,40,329,1,329,329,329,923,1,923,923,923,9,1,9,9,9,1157,1,1157,1157,1157,9,1,9,9,9
40,40,309,1,309,309,309,917,1,917,917,917,9,1,9,9,9,1196,1,1196,1196,1196,9,1,9,9,9
40,40,301,1,301,301,301,919,1,919,919,919,9,1,9,9,9,1160,1,1160,1160,1160,9,1,9,9,9
40,40,317,1,317,317,317,922,1,922,922,922,9,1,9,9,9,1136,1,1136,1136,1136,9,1,9,9,9
40,40,324,1,324,324,324,941,1,941,941,941,9,1,9,9,9,1165,1,1165,1165,1165,9,1,9,9,9
40,40,312,1,312,312,312,918,1,918,918,918,8,1,8,8,8,1192,1,1192,1192,1192,8,1,8,8,8
40,40,301,1,301,301,301,904,1,904,904,904,8,1,8,8,8,1114,1,1114,1114,1114,8,1,8,8,8
40,40,313,1,313,313,313,914,1,914,914,914,9,1,9,9,9,1178,1,1178,1178,1178,9,1,9,9,9
40,40,297,1,297,297,297,908,1,908,908,908,8,1,8,8,8,1183,1,1183,1183,1183,9,1,9,9,9
40,40,291,1,291,291,291,897,1,897,897,897,8,1,8,8,8,1142,1,1142,1142,1142,8,1,8,8,8
40,40,337,1,337,337,337,927,1,927,927,927,9,1,9,9,9,1171,1,1171,1171,1171,9,1,9,9,9
40,40,318,1,318,318,318,913,1,913,913,913,9,1,9,9,9,1160,1,1160,1160,1160,8,1,8,8,8
40,40,306,1,306,306,306,906,1,906,906,906,8,1,8,8,8,1094,1,1094,1094,1094,8,1,8,8,8
40,40,293,1,293,293,293,897,1,897,897,897,8,1,8,8,8,1093,1,1093,1093,1093,8,1,8,8,8
40,40,303,1,303,303,303,906,1,906,906,906,8,1,8,8,8,1102,1,1102,1102,1102,8,1,8,8,8
40,40,332,1,332,332,332,919,1,919,919,919,8,1,8,8,8,1079,1,1079,1079,1079,8,1,8,8,8
40,40,307,1,307,307,307,919,1,919,919,919,9,1,9,9,9,1202,1,1202,1202,1202,9,1,9,9,9
40,40,311,1,311,311,311,909,1,909,909,909,8,1,8,8,8,1117,1,1117,1117,1117,8,1,8,8,8
40,40,322,1,322,322,322,908,1,908,908,908,8,1,8,8,8,1102,1,1102,1102,1102,8,1,8,8,8
40,40,316,1,316,316,316,912,1,912,912,912,8,1,8,8,8,1106,1,1106,1106,1106,8,1,8,8,8
40,40,327,1,327,327,327,911,1,911,911,911,8,1,8,8,8,1097,1,1097,1097,1097,8,1,8,8,8
40,40,322,1,322,322,322,915,1,915,915,915,9,1,9,9,9,1170,1,1170,1170,1170,9,1,9,9,9
40,40,323,1,323,323,323,913,1,913,913,913,8,1,8,8,8,1190,1,1190,1190,1190,9,1,9,9,9
40,40,302,1,302,302,302,914,1,914,914,914,9,1,9,9,9,1145,1,1145,1145,1145,8,1,8,8,8
40,40,327,1,327,327,327,930,1,930,930,930,9,1,9,9,9,1207,1,1207,1207,1207,9,1,9,9,9
40,40,310,1,310,310,310,915,1,915,915,915,9,1,9,9,9,1205,1,1205,1205,1205,9,1,9,9,9
40,40,289,1,289,289,289,888,1,888,888,888,8,1,8,8,8,1067,1,1067,1067,1067,8,1,8,8,8
40,40,312,1,312,312,312,914,1,914,914,914,9,1,9,9,9,1176,1,1176,1176,1176,9,1,9,9,9
40,40,287,1,287,287,287,898,1,898,898,898,8,1,8,8,8,1083,1,1083,1083,1083,8,1,8,8,8
40,40,320,1,320,320,320,911,1,911,911,911,8,1,8,8,8,1088,1,1088,1088,1088,8,1,8,8,8
40,40,328,1,328,328,328,917,1,917,917,917,8,1,8,8,8,1200,1,1200,1200,1200,8,1,8,8,8
40,40,338,1,338,338,338,919,1,919,919,919,9,1,9,9,9,1177,1,1177,1177,1177,9,1,9,9,9
40,40,320,1,320,320,320,921,1,921,921,921,9,1,9,9,9,1160,1,1160,1160,1160,9,1,9,9,9
40,40,319,1,319,319,319,912,1,912,912,912,9,1,9,9,9,1126,1,1126,1126,1126,9,1,9,9,9
40,40,304,1,304,304,304,917,1,917,917,917,9,1,9,9,9,1191,1,1191,1191,1191,9,1,9,9,9
40,40,307,1,307,307,307,893,1,893,893,893,8,1,8,8,8,1089,1,1089,1089,1089,8,1,8,8,8
40,40,318,1,318,318,318,920,1,920,920,920,9,1,9,9,9,1187,1,1187,1187,1187,9,1,9,9,9
40,40,322,1,322,322,322,918,1,918,918,918,9,1,9,9,9,1242,1,1242,1242,1242,9,1,9,9,9
40,40,309,1,309,309,309,898,1,898,898,898,8,1,8,8,8,1158,1,1158,1158,1158,8,1,8,8,8
40,40,308,1,308,308,308,919,1,919,919,919,9,1,9,9,9,1205,1,1205,1205,1205,9,1,9,9,9
40,40,322,1,322,322,322,923,1,923,923,923,10,1,10,10,10,1266,1,1266,1266,1266,10,1,10,10,10
40,40,312,1,312,312,312,923,1,923,923,923,9,1,9,9,9,1228,1,1228,1228,1228,9,1,9,9,9
40,40,325,1,325,325,325,920,1,920,920,920,8,1,8,8,8,1080,1,1080,1080,1080,8,1,8,8,8
40,40,327,1,327,327,327,923,1,923,923,923,8,1,8,8,8,1085,1,1085,1085,1085,8,1,8,8,8
40,40,318,1,318,318,318,911,1,911,911,911,8,1,8,8,8,1108,1,1108,1108,1108,8,1,8,8,8
40,40,310,1,310,310,310,917,1,917,917,917,9,1,9,9,9,1250,1,1250,1250,1250,9,1,9,9,9
40,40,325,1,325,325,325,909,1,909,909,909,8,1,8,8,8,1079,1,1079,1079,1079,8,1,8,8,8
40,40,314,1,314,314,314,903,1,903,903,903,8,1,8,8,8,1111,1,1111,1111,1111,8,1,8,8,8
40,40,311,1,311,311,311,903,1,903,903,903,8,1,8,8,8,1199,1,1199,1199,1199,8,1,8,8,8
40,40,307,1,307,307,307,906,1,906,906,906,9,1,9,9,9,1199,1,1199,1199,1199,9,1,9,9,9
40,40,284,1,284,284,284,890,1,890,890,890,7,1,7,7,7,1018,1,1018,1018,1018,7,1,7,7,7
40,40,300,1,300,300,300,916,1,916,916,916,9,1,9,9,9,1143,1,1143,1143,1143,8,1,8,8,8
40,40,315,1,315,315,315,915,1,915,915,915,9,1,9,9,9,1188,1,1188,1188,1188,9,1,9,9,9
40,40,276,1,276,276,276,900,1,900,900,900,8,1,8,8,8,1078,1,1078,1078,1078,7,1,7,7,7
40,40,306,1,306,306,306,915,1,915,915,915,8,1,8,8,8,1121,1,1121,1121,1121,8,1,8,8,8
40,40,289,1,289,289,289,903,1,903,903,903,8,1,8,8,8,1216,1,1216,1216,1216,8,1,8,8,8
40,40,317,1,317,317,317,916,1,916,916,916,9,1,9,9,9,1163,1,1163,1163,1163,9,1,9,9,9
40,40,336,1,336,336,336,931,1,931,931,931,9,1,9,9,9,1297,1,1297,1297,1297,10,1,10,10,10
40,40,316,1,316,316,316,919,1,919,919,919,8,1,8,8,8,1111,1,1111,1111,1111,8,1,8,8,8
40,40,322,1,322,322,322,916,1,916,916,916,8,1,8,8,8,1101,1,1101,1101,1101,8,1,8,8,8
40,40,303,1,303,303,303,889,1,889,889,889,8,1,8,8,8,1161,1,1161,1161,1161,8,1,8,8,8
40,40,309,1,309,309,309,908,1,908,908,908,9,1,9,9,9,1154,1,1154,1154,1154,9,1,9,9,9
40,40,309,1,309,309,309,912,1,912,912,912,8,1,8,8,8,1093,1,1093,1093,1093,8,1,8,8,8
40,40,322,1,322,322,322,927,1,927,927,927,9,1,9,9,9,1189,1,1189,1189,1189,9,1,9,9,9
40,40,270,1,270,270,270,897,1,897,897,897,8,1,8,8,8,1062,1,1062,1062,1062,7,1,7,7,7
40,40,309,1,309,309,309,899,1,899,899,899,8,1,8,8,8,1101,1,1101,1101,1101,8,1,8,8,8
40,40,322,1,322,322,322,922,1,922,922,922,9,1,9,9,9,1157,1,1157,1157,1157,9,1,9,9,9
40,40,330,1,330,330,330,914,1,914,914,914,8,1,8,8,8,1103,1,1103,1103,1103,8,1,8,8,8
40,40,297,1,297,297,297,907,1,907,907,907,8,1,8,8,8,1079,1,1079,1079,1079,7,1,7,7,7
40,40,326,1,326,326,326,925,1,925,925,925,9,1,9,9,9,1140,1,1140,1140,1140,9,1,9,9,9
40,40,346,1,346,346,346,915,1,915,915,915,9,1,9,9,9,1231,1,1231,1231,1231,9,1,9,9,9
40,40,306,1,306,306,306,905,1,905,905,905,9,1,9,9,9,1230,1,1230,1230,1230,9,1,9,9,9
40,40,287,1,287,287,287,901,1,901,901,901,8,1,8,8,8,1130,1,1130,1130,1130,8,1,8,8,8
40,40,300,1,300,300,300,905,1,905,905,905,8,1,8,8,8,1097,1,1097,1097,1097,8,1,8,8,8
40,40,309,1,309,309,309,911,1,911,911,911,10,1,10,10,10,1214,1,1214,1214,1214,9,1,9,9,9
40,40,289,1,289,289,289,895,1,895,895,895,7,1,7,7,7,1097,1,1097,1097,1097,7,1,7,7,7
40,40,313,1,313,313,313,908,1,908,908,908,8,1,8,8,8,1124,1,1124,1124,1124,8,1,8,8,8
40,40,292,1,292,292,292,897,1,897,897,897,8,1,8,8,8,1078,1,1078,1078,1078,8,1,8,8,8
40,40,318,1,318,318,318,912,1,912,912,912,9,1,9,9,9,1328,1,1328,1328,1328,10,1,10,10,10
40,40,312,1,312,312,312,923,1,923,923,923,9,1,9,9,9,1173,1,1173,1173,1173,9,1,9,9,9
40,40,297,1,297,297,297,904,1,904,904,904,8,1,8,8,8,1123,1,1123,1123,1123,8,1,8,8,8
40,40,308,1,308,308,308,919,1,919,919,919,9,1,9,9,9,1179,1,1179,1179,1179,9,1,9,9,9
40,40,322,1,322,322,322,907,1,907,907,907,9,1,9,9,9,1165,1,1165,1165,1165,9,1,9,9,9
40,40,288,1,288,288,288,902,1,902,902,902,8,1,8,8,8,1211,1,1211,1211,1211,8,1,8,8,8
40,40,321,1,321,321,321,923,1,923,923,923,10,1,10,10,10,1265,1,1265,1265,1265,10,1,10,10,10
40,40,304,1,304,304,304,917,1,917,917,917,9,1,9,9,9,1199,1,1199,1199,1199,9,1,9,9,9
40,40,341,1,341,341,341,925,1,925,925,925,10,1,10,10,10,1294,1,1294,1294,1294,10,1,10,10,10
40,40,303,1,303,303,303,915,1,915,915,915,9,1,9,9,9,1046,1,1046,1046,1046,7,1,7,7,7
40,40,321,1,321,321,321,932,1,932,932,932,9,1,9,9,9,1233,1,1233,1233,1233,9,1,9,9,9
40,40,303,1,303,303,303,915,1,915,915,915,9,1,9,9,9,1188,1,1188,1188,1188,9,1,9,9,9
40,40,314,1,314,314,314,922,1,922,922,922,9,1,9,9,9,1184,1,1184,1184,1184,9,1,9,9,9
40,40,307,1,307,307,307,913,1,913,913,913,9,1,9,9,9,1134,1,1134,1134,1134,8,1,8,8,8
40,40,305,1,305,305,305,912,1,912,912,912,8,1,8,8,8,1062,1,1062,1062,1062,8,1,8,8,8
40,40,306,1,306,306,306,899,1,899,899,899,8,1,8,8,8,1079,1,1079,1079,1079,8,1,8,8,8
40,40,322,1,322,322,322,904,1,904,904,904,8,1,8,8,8,1112,1,1112,1112,1112,8,1,8,8,8
40,40,333,1,333,333,333,908,1,908,908,908,8,1,8,8,8,1053,1,1053,1053,1053,8,1,8,8,8
40,40,332,1,332,332,332,906,1,906,906,906,8,1,8,8,8,1100,1,1100,1100,1100,8,1,8,8,8
40,40,313,1,313,313,313,922,1,922,922,922,9,1,9,9,9,1176,1,1176,1176,1176,9,1,9,9,9
40,40,315,1,315,315,315,910,1,910,910,910,9,1,9,9,9,1182,1,1182,1182,1182,9,1,9,9,9
40,40,311,1,311,311,311,908,1,908,908,908,9,1,9,9,9,1188,1,1188,1188,1188,9,1,9,9,9
40,40,320,1,320,320,320,926,1,926,926,926,9,1,9,9,9,1217,1,1217,1217,1217,9,1,9,9,9
40,40,289,1,289,289,289,900,1,900,900,900,7,1,7,7,7,1032,1,1032,1032,1032,7,1,7,7,7
40,40,299,1,299,299,299,897,1,897,897,897,8,1,8,8,8,1135,1,1135,1135,1135,8,1,8,8,8
40,40,312,1,312,312,312,908,1,908,908,908,9,1,9,9,9,1209,1,1209,1209,1209,9,1,9,9,9
40,40,328,1,328,328,328,916,1,916,916,916,8,1,8,8,8,1077,1,1077,1077,1077,8,1,8,8,8
40,40,314,1,314,314,314,912,1,912,912,912,9,1,9,9,9,1248,1,1248,1248,1248,9,1,9,9,9
40,40,313,1,313,313,313,928,1,928,928,928,10,1,10,10,10,1271,1,1271,1271,1271,10,1,10,10,10
40,40,323,1,323,323,323,919,1,919,919,919,8,1,8,8,8,1120,1,1120,1120,1120,8,1,8,8,8
40,40,335,1,335,335,335,930,1,930,930,930,9,1,9,9,9,1159,1,1159,1159,1159,9,1,9,9,9
40,40,333,1,333,333,333,910,1,910,910,910,8,1,8,8,8,1071,1,1071,1071,1071,8,1,8,8,8
40,40,323,1,323,323,323,921,1,921,921,921,9,1,9,9,9,1189,1,1189,1189,1189,9,1,9,9,9
40,40,318,1,318,318,318,907,1,907,907,907,9,1,9,9,9,1211,1,1211,1211,1211,9,1,9,9,9
40,40,315,1,315,315,315,915,1,915,915,915,9,1,9,9,9,1165,1,1165,1165,1165,8,1,8,8,8
40,40,317,1,317,317,317,892,1,892,892,892,8,1,8,8,8,1047,1,1047,1047,1047,8,1,8,8,8
40,40,333,1,333,333,333,931,1,931,931,931,10,1,10,10,10,1222,1,1222,1222,1222,10,1,10,10,10
40,40,313,1,313,313,313,929,1,929,929,929,9,1,9,9,9,1208,1,1208,1208,1208,9,1,9,9,9
40,40,314,1,314,314,314,922,1,922,922,922,9,1,9,9,9,1155,1,1155,1155,1155,9,1,9,9,9
40,40,315,1,315,315,315,916,1,916,916,916,9,1,9,9,9,1146,1,1146,1146,1146,9,1,9,9,9
40,40,312,1,312,312,312,932,1,932,932,932,9,1,9,9,9,1135,1,1135,1135,1135,9,1,9,9,9
40,40,309,1,309,309,309,904,1,904,904,904,8,1,8,8,8,1228,1,1228,1228,1228,9,1,9,9,9
40,40,286,1,286,286,286,900,1,900,900,900,8,1,8,8,8,1118,1,1118,1118,1118,8,1,8,8,8
40,40,308,1,308,308,308,890,1,890,890,890,8,1,8,8,8,1133,1,1133,1133,1133,8,1,8,8,8
40,40,310,1,310,310,310,917,1,917,917,917,8,1,8,8,8,1105,1,1105,1105,1105,8,1,8,8,8
40,40,322,1,322,322,322,913,1,913,913,913,9,1,9,9,9,1151,1,1151,1151,1151,9,1,9,9,9
40,40,295,1,295,295,295,908,1,908,908,908,8,1,8,8,8,1097,1,1097,1097,1097,8,1,8,8,8
40,40,336,1,336,336,336,931,1,931,931,931,9,1,9,9,9,1171,1,1171,1171,1171,9,1,9,9,9
40,40,299,1,299,299,299,902,1,902,902,902,8,1,8,8,8,1094,1,1094,1094,1094,8,1,8,8,8
40,40,307,1,307,307,307,919,1,919,919,919,9,1,9,9,9,1172,1,1172,1172,1172,9,1,9,9,9
40,40,294,1,294,294,294,899,1,899,899,899,8,1,8,8,8,1064,1,1064,1064,1064,8,1,8,8,8
40,40,313,1,313,313,313,910,1,910,910,910,9,1,9,9,9,1172,1,1172,1172,1172,9,1,9,9,9
40,40,303,1,303,303,303,876,1,876,876,876,7,1,7,7,7,1022,1,1022,1022,1022,7,1,7,7,7
40,40,301,1,301,301,301,916,1,916,916,916,9,1,9,9,9,1187,1,1187,1187,1187,8,1,8,8,8
40,40,323,1,323,323,323,925,1,925,925,925,10,1,10,10,10,1254,1,1254,1254,1254,10,1,10,10,10
40,40,322,1,322,322,322,920,1,920,920,920,10,1,10,10,10,1283,1,1283,1283,1283,10,1,10,10,10
40,40,323,1,323,323,323,907,1,907,907,907,9,1,9,9,9,1142,1,1142,1142,1142,9,1,9,9,9
40,40,319,1,319,319,319,935,1,935,935,935,9,1,9,9,9,1267,1,1267,1267,1267,9,1,9,9,9
40,40,325,1,325,325,325,929,1,929,929,929,9,1,9,9,9,1172,1,1172,1172,1172,9,1,9,9,9
40,40,315,1,315,315,315,916,1,916,916,916,9,1,9,9,9,1160,1,1160,1160,1160,9,1,9,9,9
40,40,306,1,306,306,306,914,1,914,914,914,8,1,8,8,8,1073,1,1073,1073,1073,8,1,8,8,8
40,40,317,1,317,317,317,928,1,928,928,928,9,1,9,9,9,1185,1,1185,1185,1185,9,1,9,9,9
40,40,325,1,325,325,325,911,1,911,911,911,8,1,8,8,8,1100,1,1100,1100,1100,8,1,8,8,8
40,40,313,1,313,313,313,908,1,908,908,908,9,1,9,9,9,1132,1,1132,1132,1132,8,1,8,8,8
40,40,323,1,323,323,323,904,1,904,904,904,8,1,8,8,8,1085,1,1085,1085,1085,8,1,8,8,8
40,40,311,1,311,311,311,897,1,897,897,897,8,1,8,8,8,1078,1,1078,1078,1078,8,1,8,8,8
40,40,330,1,330,330,330,913,1,913,913,913,9,1,9,9,9,1148,1,1148,1148,1148,8,1,8,8,8
40,40,335,1,335,335,335,902,1,902,902,902,8,1,8,8,8,1080,1,1080,1080,1080,8,1,8,8,8
40,40,307,1,307,307,307,913,1,913,913,913,8,1,8,8,8,1117,1,1117,1117,1117,8,1,8,8,8
40,40,321,1,321,321,321,916,1,916,916,916,9,1,9,9,9,1138,1,1138,1138,1138,9,1,9,9,9
40,40,298,1,298,298,298,915,1,915,915,915,8,1,8,8,8,1100,1,1100,1100,1100,8,1,8,8,8
40,40,325,1,325,325,325,903,1,903,903,903,8,1,8,8,8,1092,1,1092,1092,1092,8,1,8,8,8
40,40,318,1,318,318,318,930,1,930,930,930,9,1,9,9,9,1189,1,1189,1189,1189,9,1,9,9,9
40,40,312,1,312,312,312,907,1,907,907,907,8,1,8,8,8,1097,1,1097,1097,1097,8,1,8,8,8
40,40,308,1,308,308,308,906,1,906,906,906,8,1,8,8,8,1168,1,1168,1168,1168,8,1,8,8,8
40,40,321,1,321,321,321,904,1,904,904,904,8,1,8,8,8,1100,1,1100,1100,1100,8,1,8,8,8
40,40,324,1,324,324,324,931,1,931,931,931,9,1,9,9,9,1178,1,1178,1178,1178,9,1,9,9,9
40,40,285,1,285,285,285,903,1,903,903,903,8,1,8,8,8,1104,1,1104,1104,1104,8,1,8,8,8
40,40,313,1,313,313,313,914,1,914,914,914,9,1,9,9,9,1157,1,1157,1157,1157,9,1,9,9,9
40,40,294,1,294,294,294,914,1,914,914,914,9,1,9,9,9,1265,1,1265,1265,1265,9,1,9,9,9
40,40,315,1,315,315,315,926,1,926,926,926,9,1,9,9,9,1194,1,1194,1194,1194,9,1,9,9,9
40,40,302,1,302,302,302,899,1,899,899,899,8,1,8,8,8,1092,1,1092,1092,1092,8,1,8,8,8
40,40,309,1,309,309,309,885,1,885,885,885,8,1,8,8,8,1143,1,1143,1143,1143,8,1,8,8,8
40,40,317,1,317,317,317,934,1,934,934,934,10,1,10,10,10,1230,1,1230,1230,1230,9,1,9,9,9
40,40,338,1,338,338,338,926,1,926,926,926,10,1,10,10,10,1265,1,1265,1265,1265,10,1,10,10,10
40,40,303,1,303,303,303,907,1,907,907,907,8,1,8,8,8,1117,1,1117,1117,1117,8,1,8,8,8
40,40,301,1,301,301,301,894,1,894,894,894,8,1,8,8,8,1117,1,1117,1117,1117,8,1,8,8,8
40,40,309,1,309,309,309,901,1,901,901,901,8,1,8,8,8,1129,1,1129,1129,1129,8,1,8,8,8
40,40,325,1,325,325,325,929,1,929,929,929,9,1,9,9,9,1131,1,1131,1131,1131,9,1,9,9,9
40,40,290,1,290,290,290,885,1,885,885,885,7,1,7,7,7,1032,1,1032,1032,1032,7,1,7,7,7
40,40,331,1,331,331,331,931,1,931,931,931,9,1,9,9,9,1218,1,1218,1218,1218,9,1,9,9,9
40,40,308,1,308,308,308,907,1,907,907,907,9,1,9,9,9,1154,1,1154,1154,1154,9,1,9,9,9
40,40,307,1,307,307,307,920,1,920,920,920,8,1,8,8,8,1170,1,1170,1170,1170,8,1,8,8,8
40,40,311,1,311,311,311,919,1,919,919,919,9,1,9,9,9,1199,1,1199,1199,1199,9,1,9,9,9
40,40,299,1,299,299,299,893,1,893,893,893,8,1,8,8,8,1097,1,1097,1097,1097,8,1,8,8,8
40,40,297,1,297,297,297,907,1,907,907,907,9,1,9,9,9,1192,1,1192,1192,1192,9,1,9,9,9
40,40,316,1,316,316,316,912,1,912,912,912,8,1,8,8,8,1113,1,1113,1113,1113,8,1,8,8,8
40,40,309,1,309,309,309,928,1,928,928,928,9,1,9,9,9,1326,1,1326,1326,1326,10,1,10,10,10
40,40,321,1,321,321,321,914,1,914,914,914,9,1,9,9,9,1147,1,1147,1147,1147,9,1,9,9,9
40,40,323,1,323,323,323,912,1,912,912,912,9,1,9,9,9,1196,1,1196,1196,1196,9,1,9,9,9
40,40,311,1,311,311,311,921,1,921,921,921,10,1,10,10,10,1258,1,1258,1258,1258,10,1,10,10,10
40,40,308,1,308,308,308,901,1,901,901,901,8,1,8,8,8,1264,1,1264,1264,1264,9,1,9,9,9
40,40,306,1,306,306,306,911,1,911,911,911,8,1,8,8,8,1206,1,1206,1206,1206,9,1,9,9,9
40,40,332,1,332,332,332,916,1,916,916,916,9,1,9,9,9,1296,1,1296,1296,1296,10,1,10,10,10
40,40,314,1,314,314,314,918,1,918,918,918,9,1,9,9,9,1224,1,1224,1224,1224,9,1,9,9,9
40,40,302,1,302,302,302,894,1,894,894,894,8,1,8,8,8,1104,1,1104,1104,1104,8,1,8,8,8
40,40,300,1,300,300,300,911,1,911,911,911,8,1,8,8,8,1126,1,1126,1126,1126,8,1,8,8,8
40,40,308,1,308,308,308,906,1,906,906,906,9,1,9,9,9,1105,1,1105,1105,1105,9,1,9,9,9
40,40,308,1,308,308,308,918,1,918,918,918,9,1,9,9,9,1233,1,1233,1233,1233,9,1,9,9,9
40,40,297,1,297,297,297,905,1,905,905,905,8,1,8,8,8,1106,1,1106,1106,1106,8,1,8,8,8
40,40,327,1,327,327,327,926,1,926,926,926,9,1,9,9,9,1284,1,1284,1284,1284,10,1,10,10,10
40,40,327,1,327,327,327,924,1,924,924,924,9,1,9,9,9,1187,1,1187,1187,1187,9,1,9,9,9
40,40,315,1,315,315,315,906,1,906,906,906,8,1,8,8,8,1076,1,1076,1076,1076,8,1,8,8,8
40,40,318,1,318,318,318,915,1,915,915,915,8,1,8,8,8,1110,1,1110,1110,1110,8,1,8,8,8
40,40,305,1,305,305,305,917,1,917,917,917,9,1,9,9,9,1167,1,1167,1167,1167,8,1,8,8,8
40,40,304,1,304,304,304,909,1,909,909,909,8,1,8,8,8,1130,1,1130,1130,1130,8,1,8,8,8
40,40,301,1,301,301,301,898,1,898,898,898,8,1,8,8,8,1099,1,1099,1099,1099,8,1,8,8,8
40,40,319,1,319,319,319,907,1,907,907,907,8,1,8,8,8,1188,1,1188,1188,1188,8,1,8,8,8
40,40,306,1,306,306,306,908,1,908,908,908,8,1,8,8,8,1138,1,1138,1138,1138,8,1,8,8,8
40,40,327,1,327,327,327,938,1,938,938,938,10,1,10,10,10,1234,1,1234,1234,1234,10,1,10,10,10
40,40,299,1,299,299,299,899,1,899,899,899,8,1,8,8,8,1114,1,1114,1114,1114,8,1,8,8,8
40,40,326,1,326,326,326,901,1,901,901,901,9,1,9,9,9,1172,1,1172,1172,1172,9,1,9,9,9
40,40,311,1,311,311,311,924,1,924,924,924,9,1,9,9,9,1133,1,1133,1133,1133,9,1,9,9,9
40,40,283,1,283,283,283,891,1,891,891,891,7,1,7,7,7,1010,1,1010,1010,1010,7,1,7,7,7
40,40,300,1,300,300,300,926,1,926,926,926,9,1,9,9,9,1220,1,1220,1220,1220,9,1,9,9,9
40,40,316,1,316,316,316,923,1,923,923,923,9,1,9,9,9,1142,1,1142,1142,1142,9,1,9,9,9
40,40,316,1,316,316,316,913,1,913,913,913,9,1,9,9,9,1176,1,1176,1176,1176,9,1,9,9,9
40,40,322,1,322,322,322,920,1,920,920,920,8,1,8,8,8,1070,1,1070,1070,1070,8,1,8,8,8
40,40,338,1,338,338,338,923,1,923,923,923,9,1,9,9,9,1175,1,1175,1175,1175,9,1,9,9,9
40,40,316,1,316,316,316,934,1,934,934,934,9,1,9,9,9,1195,1,1195,1195,1195,9,1,9,9,9
40,40,286,1,286,286,286,889,1,889,889,889,8,1,8,8,8,1131,1,1131,1131,1131,8,1,8,8,8
40,40,298,1,298,298,298,905,1,905,905,905,9,1,9,9,9,1231,1,1231,1231,1231,9,1,9,9,9
40,40,310,1,310,310,310,918,1,918,918,918,9,1,9,9,9,1260,1,1260,1260,1260,9,1,9,9,9
40,40,297,1,297,297,297,921,1,921,921,921,9,1,9,9,9,1220,1,1220,1220,1220,9,1,9,9,9
40,40,322,1,322,322,322,929,1,929,929,929,9,1,9,9,9,1166,1,1166,1166,1166,9,1,9,9,9
40,40,321,1,321,321,321,922,1,922,922,922,10,1,10,10,10,1237,1,1237,1237,1237,10,1,10,10,10
40,40,306,1,306,306,306,911,1,911,911,911,9,1,9,9,9,1140,1,1140,1140,1140,9,1,9,9,9
40,40,306,1,306,306,306,909,1,909,909,909,8,1,8,8,8,1078,1,1078,1078,1078,7,1,7,7,7
40,40,295,1,295,295,295,905,1,905,905,905,8,1,8,8,8,1109,1,1109,1109,1109,8,1,8,8,8
40,40,305,1,305,305,305,916,1,916,916,916,8,1,8,8,8,1217,1,1217,1217,1217,9,1,9,9,9
40,40,305,1,305,305,305,914,1,914,914,914,8,1,8,8,8,1153,1,1153,1153,1153,8,1,8,8,8
40,40,309,1,309,309,309,913,1,913,913,913,8,1,8,8,8,1092,1,1092,1092,1092,8,1,8,8,8
40,40,340,1,340,340,340,921,1,921,921,921,9,1,9,9,9,1197,1,1197,1197,1197,8,1,8,8,8
40,40,293,1,293,293,293,908,1,908,908,908,9,1,9,9,9,1170,1,1170,1170,1170,9,1,9,9,9
40,40,317,1,317,317,317,907,1,907,907,907,8,1,8,8,8,1236,1,1236,1236,1236,9,1,9,9,9
40,40,292,1,292,292,292,896,1,896,896,896,8,1,8,8,8,1124,1,1124,1124,1124,8,1,8,8,8
40,40,320,1,320,320,320,926,1,926,926,926,9,1,9,9,9,1127,1,1127,1127,1127,9,1,9,9,9
40,40,313,1,313,313,313,915,1,915,915,915,9,1,9,9,9,1175,1,1175,1175,1175,9,1,9,9,9
40,40,294,1,294,294,294,904,1,904,904,904,8,1,8,8,8,1088,1,1088,1088,1088,8,1,8,8,8
40,40,341,1,341,341,341,915,1,915,915,915,8,1,8,8,8,1073,1,1073,1073,1073,8,1,8,8,8
40,40,300,1,300,300,300,919,1,919,919,919,10,1,10,10,10,1231,1,1231,1231,1231,8,1,8,8,8
40,40,314,1,314,314,314,912,1,912,912,912,8,1,8,8,8,1116,1,1116,1116,1116,8,1,8,8,8
40,40,301,1,301,301,301,912,1,912,912,912,8,1,8,8,8,1173,1,1173,1173,1173,8,1,8,8,8
40,40,316,1,316,316,316,916,1,916,916,916,9,1,9,9,9,1122,1,1122,1122,1122,9,1,9,9,9
40,40,317,1,317,317,317,930,1,930,930,930,9,1,9,9,9,1174,1,1174,1174,1174,9,1,9,9,9
40,40,299,1,299,299,299,919,1,919,919,919,9,1,9,9,9,1188,1,1188,1188,1188,8,1,8,8,8
40,40,322,1,322,322,322,934,1,934,934,934,10,1,10,10,10,1291,1,1291,1291,1291,10,1,10,10,10
40,40,310,1,310,310,310,918,1,918,918,918,9,1,9,9,9,1200,1,1200,1200,1200,9,1,9,9,9
40,40,290,1,290,290,290,912,1,912,912,912,9,1,9,9,9,1210,1,1210,1210,1210,9,1,9,9,9
40,40,308,1,308,308,308,930,1,930,930,930,9,1,9,9,9,1170,1,1170,1170,1170,8,1,8,8,8
40,40,312,1,312,312,312,916,1,916,916,916,9,1,9,9,9,1174,1,1174,1174,1174,9,1,9,9,9
40,40,300,1,300,300,300,908,1,908,908,908,9,1,9,9,9,1158,1,1158,1158,1158,9,1,9,9,9
40,40,304,1,304,304,304,899,1,899,899,899,7,1,7,7,7,1022,1,1022,1022,1022,7,1,7,7,7
40,40,305,1,305,305,305,909,1,909,909,909,8,1,8,8,8,1138,1,1138,1138,1138,8,1,8,8,8
40,40,321,1,321,321,321,914,1,914,914,914,10,1,10,10,10,1188,1,1188,1188,1188,10,1,10,10,10
40,40,295,1,295,295,295,893,1,893,893,893,8,1,8,8,8,1104,1,1104,1104,1104,8,1,8,8,8
40,40,328,1,328,328,328,925,1,925,925,925,9,1,9,9,9,1157,1,1157,1157,1157,9,1,9,9,9
40,40,330,1,330,330,330,919,1,919,919,919,9,1,9,9,9,1180,1,1180,1180,1180,9,1,9,9,9
40,40,329,1,329,329,329,943,1,943,943,943,10,1,10,10,10,1274,1,1274,1274,1274,10,1,10,10,10
40,40,307,1,307,307,307,927,1,927,927,927,9,1,9,9,9,1224,1,1224,1224,1224,9,1,9,9,9
40,40,302,1,302,302,302,908,1,908,908,908,9,1,9,9,9,1173,1,1173,1173,1173,9,1,9,9,9
40,40,304,1,304,304,304,921,1,921,921,921,8,1,8,8,8,1100,1,1100,1100,1100,8,1,8,8,8
40,40,304,1,304,304,304,905,1,905,905,905,8,1,8,8,8,1142,1,1142,1142,1142,8,1,8,8,8
40,40,302,1,302,302,302,898,1,898,898,898,8,1,8,8,8,1116,1,1116,1116,1116,8,1,8,8,8
40,40,311,1,311,311,311,917,1,917,917,917,9,1,9,9,9,1192,1,1192,1192,1192,9,1,9,9,9
40,40,294,1,294,294,294,901,1,901,901,901,8,1,8,8,8,1100,1,1100,1100,1100,8,1,8,8,8
40,40,333,1,333,333,333,936,1,936,936,936,10,1,10,10,10,1291,1,1291,1291,1291,10,1,10,10,10
40,40,300,1,300,300,300,915,1,915,915,915,9,1,9,9,9,1221,1,1221,1221,1221,9,1,9,9,9
40,40,317,1,317,317,317,913,1,913,913,913,8,1,8,8,8,1086,1,1086,1086,1086,8,1,8,8,8
40,40,311,1,311,311,311,901,1,901,901,901,8,1,8,8,8,1087,1,1087,1087,1087,8,1,8,8,8
40,40,300,1,300,300,300,903,1,903,903,903,8,1,8,8,8,1123,1,1123,1123,1123,8,1,8,8,8
40,40,314,1,314,314,314,939,1,939,939,939,10,1,10,10,10,1276,1,1276,1276,1276,10,1,10,10,10
40,40,318,1,318,318,318,913,1,913,913,913,8,1,8,8,8,1222,1,1222,1222,1222,9,1,9,9,9
40,40,305,1,305,305,305,905,1,905,905,905,8,1,8,8,8,1167,1,1167,1167,1167,8,1,8,8,8
40,40,305,1,305,305,305,918,1,918,918,918,9,1,9,9,9,1164,1,1164,1164,1164,9,1,9,9,9
40,40,293,1,293,293,293,906,1,906,906,906,8,1,8,8,8,1091,1,1091,1091,1091,8,1,8,8,8
40,40,308,1,308,308,308,897,1,897,897,897,8,1,8,8,8,1108,1,1108,1108,1108,8,1,8,8,8
40,40,316,1,316,316,316,909,1,909,909,909,8,1,8,8,8,1094,1,1094,1094,1094,8,1,8,8,8
40,40,317,1,317,317,317,929,1,929,929,929,9,1,9,9,9,1159,1,1159,1159,1159,9,1,9,9,9
40,40,317,1,317,317,317,915,1,915,915,915,9,1,9,9,9,1259,1,1259,1259,1259,9,1,9,9,9
40,40,328,1,328,328,328,913,1,913,913,913,9,1,9,9,9,1185,1,1185,1185,1185,9,1,9,9,9
40,40,323,1,323,323,323,920,1,920,920,920,9,1,9,9,9,1195,1,1195,1195,1195,9,1,9,9,9
40,40,323,1,323,323,323,918,1,918,918,918,9,1,9,9,9,1204,1,1204,1204,1204,9,1,9,9,9
40,40,317,1,317,317,317,917,1,917,917,917,9,1,9,9,9,1163,1,1163,1163,1163,9,1,9,9,9
40,40,320,1,320,320,320,914,1,914,914,914,9,1,9,9,9,1104,1,1104,1104,1104,9,1,9,9,9
40,40,282,1,282,282,282,894,1,894,894,894,9,1,9,9,9,1157,1,1157,1157,1157,9,1,9,9,9
40,40,370,1,370,370,370,929,1,929,929,929,9,1,9,9,9,1144,1,1144,1144,1144,9,1,9,9,9
40,40,289,1,289,289,289,908,1,908,908,908,9,1,9,9,9,1201,1,1201,1201,1201,9,1,9,9,9
40,40,318,1,318,318,318,912,1,912,912,912,9,1,9,9,9,1170,1,1170,1170,1170,9,1,9,9,9
40,40,291,1,291,291,291,921,1,921,921,921,9,1,9,9,9,1166,1,1166,1166,1166,9,1,9,9,9
40,40,321,1,321,321,321,910,1,910,910,910,9,1,9,9,9,1177,1,1177,1177,1177,9,1,9,9,9
40,40,316,1,316,316,316,912,1,912,912,912,9,1,9,9,9,1146,1,1146,1146,1146,9,1,9,9,9
40,40,330,1,330,330,330,904,1,904,904,904,9,1,9,9,9,1197,1,1197,1197,1197,9,1,9,9,9
40,40,329,1,329,329,329,914,1,914,914,914,9,1,9,9,9,1158,1,1158,1158,1158,9,1,9,9,9
40,40,349,1,349,349,349,914,1,914,914,914,9,1,9,9,9,1184,1,1184,1184,1184,9,1,9,9,9
40,40,328,1,328,328,328,932,1,932,932,932,9,1,9,9,9,1280,1,1280,1280,1280,9,1,9,9,9
40,40,305,1,305,305,305,918,1,918,918,918,9,1,9,9,9,1168,1,1168,1168,1168,8,1,8,8,8
40,40,313,1,313,313,313,909,1,909,909,909,9,1,9,9,9,1126,1,1126,1126,1126,9,1,9,9,9
40,40,305,1,305,305,305,905,1,905,905,905,9,1,9,9,9,1185,1,1185,1185,1185,9,1,9,9,9
40,40,324,1,324,324,324,916,1,916,916,916,8,1,8,8,8,1345,1,1345,1345,1345,10,1,10,10,10
40,40,295,1,295,295,295,909,1,909,909,909,8,1,8,8,8,1193,1,1193,1193,1193,8,1,8,8,8
40,40,302,1,302,302,302,899,1,899,899,899,8,1,8,8,8,1110,1,1110,1110,1110,8,1,8,8,8
40,40,299,1,299,299,299,903,1,903,903,903,8,1,8,8,8,1237,1,1237,1237,1237,9,1,9,9,9
40,40,338,1,338,338,338,924,1,924,924,924,9,1,9,9,9,1134,1,1134,1134,1134,9,1,9,9,9
40,40,315,1,315,315,315,905,1,905,905,905,8,1,8,8,8,1115,1,1115,1115,1115,8,1,8,8,8
40,40,314,1,314,314,314,924,1,924,924,924,9,1,9,9,9,1186,1,1186,1186,1186,9,1,9,9,9
40,40,291,1,291,291,291,909,1,909,909,909,10,1,10,10,10,1237,1,1237,1237,1237,10,1,10,10,10
40,40,326,1,326,326,326,922,1,922,922,922,9,1,9,9,9,1135,1,1135,1135,1135,9,1,9,9,9
40,40,311,1,311,311,311,904,1,904,904,904,8,1,8,8,8,1106,1,1106,1106,1106,8,1,8,8,8
40,40,323,1,323,323,323,907,1,907,907,907,8,1,8,8,8,1098,1,1098,1098,1098,8,1,8,8,8
40,40,318,1,318,318,318,918,1,918,918,918,9,1,9,9,9,1179,1,1179,1179,1179,9,1,9,9,9
40,40,307,1,307,307,307,914,1,914,914,914,9,1,9,9,9,1184,1,1184,1184,1184,9,1,9,9,9
40,40,339,1,339,339,339,925,1,925,925,925,10,1,10,10,10,1215,1,1215,1215,1215,10,1,10,10,10
40,40,316,1,316,316,316,921,1,921,921,921,9,1,9,9,9,1183,1,1183,1183,1183,9,1,9,9,9
40,40,304,1,304,304,304,902,1,902,902,902,8,1,8,8,8,1171,1,1171,1171,1171,8,1,8,8,8
40,40,318,1,318,318,318,935,1,935,935,935,10,1,10,10,10,1220,1,1220,1220,1220,10,1,10,10,10
40,40,309,1,309,309,309,911,1,911,911,911,8,1,8,8,8,1150,1,1150,1150,1150,8,1,8,8,8
40,40,314,1,314,314,314,920,1,920,920,920,9,1,9,9,9,1181,1,1181,1181,1181,9,1,9,9,9
40,40,317,1,317,317,317,917,1,917,917,917,9,1,9,9,9,1201,1,1201,1201,1201,9,1,9,9,9
40,40,323,1,323,323,323,909,1,909,909,909,9,1,9,9,9,1151,1,1151,1151,1151,9,1,9,9,9
40,40,334,1,334,334,334,924,1,924,924,924,9,1,9,9,9,1206,1,1206,1206,1206,9,1,9,9,9
40,40,344,1,344,344,344,941,1,941,941,941,10,1,10,10,10,1244,1,1244,1244,1244,10,1,10,10,10
40,40,301,1,301,301,301,916,1,916,916,916,9,1,9,9,9,1192,1,1192,1192,1192,9,1,9,9,9
40,40,315,1,315,315,315,924,1,924,924,924,9,1,9,9,9,1155,1,1155,1155,1155,9,1,9,9,9
40,40,267,1,267,267,267,908,1,908,908,908,9,1,9,9,9,1161,1,1161,1161,1161,9,1,9,9,9
40,40,306,1,306,306,306,907,1,907,907,907,8,1,8,8,8,1258,1,1258,1258,1258,9,1,9,9,9
40,40,318,1,318,318,318,921,1,921,921,921,9,1,9,9,9,1229,1,1229,1229,1229,8,1,8,8,8
40,40,299,1,299,299,299,911,1,911,911,911,8,1,8,8,8,1155,1,1155,1155,1155,8,1,8,8,8
40,40,327,1,327,327,327,937,1,937,937,937,9,1,9,9,9,1170,1,1170,1170,1170,9,1,9,9,9
40,40,339,1,339,339,339,929,1,929,929,929,9,1,9,9,9,1182,1,1182,1182,1182,9,1,9,9,9
40,40,340,1,340,340,340,930,1,930,930,930,10,1,10,10,10,1234,1,1234,1234,1234,10,1,10,10,10
40,40,319,1,319,319,319,917,1,917,917,917,9,1,9,9,9,1205,1,1205,1205,1205,8,1,8,8,8
40,40,296,1,296,296,296,902,1,902,902,902,8,1,8,8,8,1067,1,1067,1067,1067,8,1,8,8,8
40,40,304,1,304,304,304,929,1,929,929,929,9,1,9,9,9,1195,1,1195,1195,1195,9,1,9,9,9
40,40,314,1,314,314,314,919,1,919,919,919,8,1,8,8,8,1122,1,1122,1122,1122,8,1,8,8,8
40,40,293,1,293,293,293,903,1,903,903,903,8,1,8,8,8,1093,1,1093,1093,1093,7,1,7,7,7
40,40,316,1,316,316,316,907,1,907,907,907,8,1,8,8,8,1100,1,1100,1100,1100,8,1,8,8,8
40,40,292,1,292,292,292,923,1,923,923,923,9,1,9,9,9,1168,1,1168,1168,1168,9,1,9,9,9
40,40,299,1,299,299,299,894,1,894,894,894,8,1,8,8,8,1097,1,1097,1097,1097,8,1,8,8,8
40,40,303,1,303,303,303,915,1,915,915,915,9,1,9,9,9,1160,1,1160,1160,1160,9,1,9,9,9
40,40,322,1,322,322,322,937,1,937,937,937,10,1,10,10,10,1253,1,1253,1253,1253,10,1,10,10,10
40,40,314,1,314,314,314,913,1,913,913,913,9,1,9,9,9,1184,1,1184,1184,1184,9,1,9,9,9
40,40,307,1,307,307,307,907,1,907,907,907,9,1,9,9,9,1165,1,1165,1165,1165,9,1,9,9,9
40,40,302,1,302,302,302,910,1,910,910,910,8,1,8,8,8,1078,1,1078,1078,1078,8,1,8,8,8
40,40,302,1,302,302,302,911,1,911,911,911,9,1,9,9,9,1153,1,1153,1153,1153,9,1,9,9,9
40,40,333,1,333,333,333,909,1,909,909,909,9,1,9,9,9,1179,1,1179,1179,1179,9,1,9,9,9
40,40,307,1,307,307,307,905,1,905,905,905,9,1,9,9,9,1243,1,1243,1243,1243,9,1,9,9,9
40,40,329,1,329,329,329,922,1,922,922,922,9,1,9,9,9,1136,1,1136,1136,1136,8,1,8,8,8
40,40,301,1,301,301,301,900,1,900,900,900,8,1,8,8,8,1092,1,1092,1092,1092,8,1,8,8,8
40,40,304,1,304,304,304,887,1,887,887,887,8,1,8,8,8,1084,1,1084,1084,1084,8,1,8,8,8
40,40,287,1,287,287,287,909,1,909,909,909,8,1,8,8,8,1091,1,1091,1091,1091,8,1,8,8,8
40,40,309,1,309,309,309,919,1,919,919,919,9,1,9,9,9,1166,1,1166,1166,1166,9,1,9,9,9
40,40,287,1,287,287,287,902,1,902,902,902,8,1,8,8,8,1094,1,1094,1094,1094,8,1,8,8,8
40,40,313,1,313,313,313,922,1,922,922,922,9,1,9,9,9,1175,1,1175,1175,1175,9,1,9,9,9
40,40,305,1,305,305,305,900,1,900,900,900,8,1,8,8,8,1092,1,1092,1092,1092,8,1,8,8,8
40,40,311,1,311,311,311,918,1,918,918,918,9,1,9,9,9,1146,1,1146,1146,1146,9,1,9,9,9
40,40,321,1,321,321,321,916,1,916,916,916,8,1,8,8,8,1091,1,1091,1091,1091,8,1,8,8,8
40,40,329,1,329,329,329,914,1,914,914,914,9,1,9,9,9,1177,1,1177,1177,1177,9,1,9,9,9
40,40,334,1,334,334,334,925,1,925,925,925,9,1,9,9,9,1152,1,1152,1152,1152,9,1,9,9,9
40,40,306,1,306,306,306,909,1,909,909,909,8,1,8,8,8,1061,1,1061,1061,1061,8,1,8,8,8
40,40,297,1,297,297,297,913,1,913,913,913,9,1,9,9,9,1177,1,1177,1177,1177,9,1,9,9,9
40,40,323,1,323,323,323,923,1,923,923,923,9,1,9,9,9,1158,1,1158,1158,1158,9,1,9,9,9
40,40,309,1,309,309,309,911,1,911,911,911,9,1,9,9,9,1145,1,1145,1145,1145,9,1,9,9,9
40,40,310,1,310,310,310,930,1,930,930,930,10,1,10,10,10,1274,1,1274,1274,1274,10,1,10,10,10
40,40,297,1,297,297,297,910,1,910,910,910,8,1,8,8,8,1159,1,1159,1159,1159,8,1,8,8,8
40,40,296,1,296,296,296,890,1,890,890,890,7,1,7,7,7,1001,1,1001,1001,1001,7,1,7,7,7
40,40,318,1,318,318,318,904,1,904,904,904,8,1,8,8,8,1063,1,1063,1063,1063,8,1,8,8,8
40,40,312,1,312,312,312,919,1,919,919,919,9,1,9,9,9,1175,1,1175,1175,1175,9,1,9,9,9
40,40,304,1,304,304,304,904,1,904,904,904,8,1,8,8,8,1131,1,1131,1131,1131,8,1,8,8,8
40,40,313,1,313,313,313,909,1,909,909,909,8,1,8,8,8,1125,1,1125,1125,1125,8,1,8,8,8
40,40,280,1,280,280,280,887,1,887,887,887,8,1,8,8,8,1137,1,1137,1137,1137,8,1,8,8,8
40,40,357,1,357,357,357,923,1,923,923,923,9,1,9,9,9,1127,1,1127,1127,1127,9,1,9,9,9
40,40,326,1,326,326,326,920,1,920,920,920,9,1,9,9,9,1158,1,1158,1158,1158,9,1,9,9,9
40,40,315,1,315,315,315,915,1,915,915,915,9,1,9,9,9,1163,1,1163,1163,1163,9,1,9,9,9
40,40,300,1,300,300,300,906,1,906,906,906,8,1,8,8,8,1113,1,1113,1113,1113,8,1,8,8,8
40,40,323,1,323,323,323,908,1,908,908,908,9,1,9,9,9,1166,1,1166,1166,1166,8,1,8,8,8
40,40,300,1,300,300,300,910,1,910,910,910,8,1,8,8,8,1110,1,1110,1110,1110,8,1,8,8,8
40,40,318,1,318,318,318,933,1,933,933,933,9,1,9,9,9,1203,1,1203,1203,1203,9,1,9,9,9
40,40,311,1,311,311,311,909,1,909,909,909,8,1,8,8,8,1090,1,1090,1090,1090,8,1,8,8,8
40,40,303,1,303,303,303,918,1,918,918,918,8,1,8,8,8,1147,1,1147,1147,1147,8,1,8,8,8
40,40,294,1,294,294,294,904,1,904,904,904,8,1,8,8,8,1107,1,1107,1107,1107,8,1,8,8,8
40,40,310,1,310,310,310,908,1,908,908,908,9,1,9,9,9,1196,1,1196,1196,1196,9,1,9,9,9
40,40,326,1,326,326,326,921,1,921,921,921,9,1,9,9,9,1192,1,1192,1192,1192,9,1,9,9,9
40,40,294,1,294,294,294,899,1,899,899,899,7,1,7,7,7,1044,1,1044,1044,1044,7,1,7,7,7
40,40,338,1,338,338,338,920,1,920,920,920,9,1,9,9,9,1346,1,1346,1346,1346,9,1,9,9,9
40,40,322,1,322,322,322,917,1,917,917,917,9,1,9,9,9,1164,1,1164,1164,1164,9,1,9,9,9
40,40,313,1,313,313,313,899,1,899,899,899,8,1,8,8,8,1199,1,1199,1199,1199,9,1,9,9,9
40,40,302,1,302,302,302,911,1,911,911,911,8,1,8,8,8,1097,1,1097,1097,1097,8,1,8,8,8
40,40,301,1,301,301,301,915,1,915,915,915,8,1,8,8,8,1121,1,1121,1121,1121,8,1,8,8,8
40,40,303,1,303,303,303,906,1,906,906,906,9,1,9,9,9,1189,1,1189,1189,1189,9,1,9,9,9
40,40,339,1,339,339,339,927,1,927,927,927,8,1,8,8,8,1100,1,1100,1100,1100,8,1,8,8,8
40,40,348,1,348,348,348,927,1,927,927,927,9,1,9,9,9,1178,1,1178,1178,1178,9,1,9,9,9
40,40,320,1,320,320,320,918,1,918,918,918,9,1,9,9,9,1173,1,1173,1173,1173,9,1,9,9,9
40,40,307,1,307,307,307,920,1,920,920,920,9,1,9,9,9,1316,1,1316,1316,1316,10,1,10,10,10
40,40,323,1,323,323,323,918,1,918,918,918,9,1,9,9,9,1195,1,1195,1195,1195,9,1,9,9,9
40,40,313,1,313,313,313,922,1,922,922,922,9,1,9,9,9,1171,1,1171,1171,1171,9,1,9,9,9
40,40,306,1,306,306,306,914,1,914,914,914,9,1,9,9,9,1171,1,1171,1171,1171,9,1,9,9,9
40,40,303,1,303,303,303,891,1,891,891,891,7,1,7,7,7,1111,1,1111,1111,1111,8,1,8,8,8
40,40,310,1,310,310,310,913,1,913,913,913,8,1,8,8,8,1144,1,1144,1144,1144,8,1,8,8,8
40,40,320,1,320,320,320,941,1,941,941,941,9,1,9,9,9,1292,1,1292,1292,1292,10,1,10,10,10
40,40,321,1,321,321,321,904,1,904,904,904,8,1,8,8,8,1072,1,1072,1072,1072,8,1,8,8,8
